Data_example/Timeseries_DY103_DY116/OneDrive_2_13-04-2023/timeseries/PAP_DY103_2019_1m_SBE37IMP-ODO sn 16503/SBE37IMP-ODO_03716503_2020_11_18Nov20.cnv
* Sea-Bird SBE37IMP-ODO  Data File:
* FileName = C:\temp\SBE37IMP-ODO_03716503_2020_11_18.hex
* Software version SeatermV2 2.8.0.119
* Temperature SN = 16503
* Conductivity SN = 16503
* System UpLoad Time = Nov 18 2020 14:58:52
* sample interval = 1800 seconds
* <ApplicationData>
# nquan = 14
# nvalues = 24261                                 
# units = specified
# name 0 = timeJV2: Time, Instrument [julian days]
# name 1 = timeS: Time, Elapsed [seconds]
# name 2 = prdM: Pressure, Strain Gauge [db]
# name 3 = depSM: Depth [salt water, m], lat = 49.00
# name 4 = cond0S/m: Conductivity [S/m]
# name 5 = sal00: Salinity, Practical [PSU]
# name 6 = tv290C: Temperature [ITS-90, deg C]
# name 7 = sbeopoxMm/L: Oxygen, SBE 63 [umol/l]
# name 8 = sbeopoxMm/Kg: Oxygen, SBE 63 [umol/kg]
# name 9 = sbeopoxPS: Oxygen, SBE 63 [% saturation]
# name 10 = density00: Density [density, kg/m^3]
# name 11 = svCM: Sound Velocity [Chen-Millero, m/s]
# name 12 = scan: Scan Count
# name 13 = flag:  0.000e+00
# span 0 = 183.000012, 688.416678                 
# span 1 =      0.000, 43668000.0                 
# span 2 =     -0.186,      2.786                 
# span 3 =     -0.184,      2.763                 
# span 4 =   0.021768,   4.751086                 
# span 5 =     0.1271,    35.6457                 
# span 6 =     5.5773,    23.1966                 
# span 7 =     229.32,     394.72                 
# span 8 =     223.59,     394.68                 
# span 9 =      87.77,     114.55                 
# span 10 =   997.6297,  1027.1584                
# span 11 =    1428.97,    1519.47                
# span 12 =          1,      24261                
# span 13 = 0.0000e+00, 0.0000e+00                
# interval = seconds: 1800
# start_time = Jul 02 2019 00:00:01 [Instrument's time stamp, first data scan]
# bad_flag = -9.990e-29
*END*
[from data line 7123]
 331.395903 12821400.0      1.251      1.240   4.093118    35.5012    12.4298     257.43     250.69      96.41  1026.9006    1498.90       7124  0.000e+00
 331.416736 12823200.0      1.485      1.472   4.084107    35.4872    12.3523     257.99     251.23      96.46  1026.9059    1498.63       7125  0.000e+00
 331.437569 12825000.0      1.493      1.481   4.078010    35.4759    12.3017     258.81     252.03      96.66  1026.9071    1498.44       7126  0.000e+00
 331.458403 12826800.0      1.615      1.602   4.062476    35.4479    12.1718     259.02     252.23      96.46  1026.9112    1497.97       7127  0.000e+00
 331.479236 12828600.0      1.221      1.210   4.058364    35.4355    12.1428     259.43     252.64      96.55  1026.9054    1497.85       7128  0.000e+00
 331.500069 12830400.0      1.594      1.581   4.058620    35.4363    12.1444     259.21     252.42      96.47  1026.9074    1497.87       7129  0.000e+00
 331.520903 12832200.0      1.441      1.428   4.058530    35.4363    12.1436     259.56     252.76      96.60  1026.9069    1497.86       7130  0.000e+00
 331.541736 12834000.0      1.392      1.380   4.059984    35.4355    12.1594     259.97     253.16      96.78  1026.9030    1497.91       7131  0.000e+00
 331.562569 12835800.0      1.489      1.476   4.061707    35.4355    12.1770     259.41     252.62      96.61  1026.9000    1497.97       7132  0.000e+00
 331.583403 12837600.0      1.785      1.770   4.063014    35.4351    12.1908     259.47     252.68      96.66  1026.8983    1498.02       7133  0.000e+00
 331.604236 12839400.0      1.737      1.723   4.067313    35.4361    12.2338     259.43     252.63      96.73  1026.8905    1498.17       7134  0.000e+00
 331.625069 12841200.0      1.746      1.731   4.067557    35.4357    12.2367     259.57     252.77      96.79  1026.8897    1498.18       7135  0.000e+00
 331.645903 12843000.0      1.556      1.543   4.067236    35.4340    12.2353     260.24     253.43      97.03  1026.8878    1498.17       7136  0.000e+00
 331.666736 12844800.0      1.557      1.544   4.065192    35.4289    12.2197     260.36     253.54      97.04  1026.8869    1498.11       7137  0.000e+00
 331.687569 12846600.0      1.712      1.697   4.065955    35.4300    12.2264     260.34     253.53      97.05  1026.8871    1498.14       7138  0.000e+00
 331.708403 12848400.0      1.669      1.654   4.064974    35.4281    12.2183     260.30     253.49      97.02  1026.8870    1498.11       7139  0.000e+00
 331.729236 12850200.0      1.743      1.728   4.063872    35.4268    12.2083     260.44     253.62      97.05  1026.8883    1498.07       7140  0.000e+00
 331.750069 12852000.0      1.820      1.804   4.064596    35.4273    12.2152     260.52     253.70      97.09  1026.8877    1498.10       7141  0.000e+00
 331.770903 12853800.0      1.596      1.582   4.065314    35.4284    12.2215     260.25     253.43      97.00  1026.8863    1498.12       7142  0.000e+00
 331.791736 12855600.0      1.464      1.452   4.066467    35.4300    12.2317     260.14     253.34      96.99  1026.8850    1498.15       7143  0.000e+00
 331.812569 12857400.0      1.540      1.527   4.068153    35.4323    12.2466     260.00     253.20      96.97  1026.8842    1498.21       7144  0.000e+00
 331.833403 12859200.0      1.714      1.700   4.069012    35.4338    12.2537     259.90     253.10      96.94  1026.8848    1498.23       7145  0.000e+00
 331.854236 12861000.0      2.126      2.108   4.068685    35.4341    12.2498     259.75     252.95      96.88  1026.8876    1498.23       7146  0.000e+00
 331.875069 12862800.0      1.536      1.523   4.068005    35.4328    12.2445     259.74     252.94      96.86  1026.8850    1498.20       7147  0.000e+00
 331.895903 12864600.0      1.485      1.472   4.066294    35.4311    12.2288     259.78     252.98      96.84  1026.8865    1498.14       7148  0.000e+00
 331.916736 12866400.0      1.642      1.628   4.065685    35.4292    12.2245     259.93     253.13      96.89  1026.8865    1498.13       7149  0.000e+00
 331.937569 12868200.0      1.474      1.461   4.065064    35.4298    12.2175     260.30     253.49      97.02  1026.8876    1498.10       7150  0.000e+00
 331.958403 12870000.0      1.434      1.422   4.063750    35.4299    12.2039     260.07     253.26      96.90  1026.8902    1498.06       7151  0.000e+00
 331.979236 12871800.0      1.984      1.967   4.064942    35.4312    12.2145     259.82     253.02      96.83  1026.8916    1498.10       7152  0.000e+00
 332.000069 12873600.0      1.871      1.855   4.065685    35.4302    12.2232     259.82     253.02      96.85  1026.8886    1498.13       7153  0.000e+00
 332.020903 12875400.0      1.495      1.482   4.064493    35.4286    12.2129     259.65     252.86      96.76  1026.8877    1498.09       7154  0.000e+00
 332.041736 12877200.0      1.764      1.749   4.064827    35.4293    12.2155     259.83     253.03      96.84  1026.8889    1498.10       7155  0.000e+00
 332.062569 12879000.0      1.842      1.826   4.065576    35.4294    12.2230     260.04     253.23      96.93  1026.8879    1498.13       7156  0.000e+00
 332.083403 12880800.0      1.491      1.479   4.065653    35.4288    12.2246     259.89     253.09      96.88  1026.8855    1498.13       7157  0.000e+00
 332.104236 12882600.0      1.702      1.688   4.066429    35.4282    12.2331     259.89     253.09      96.89  1026.8844    1498.16       7158  0.000e+00
 332.125069 12884400.0      1.353      1.341   4.066852    35.4280    12.2378     259.74     252.94      96.85  1026.8818    1498.17       7159  0.000e+00
 332.145903 12886200.0      1.604      1.590   4.066980    35.4274    12.2396     259.76     252.96      96.86  1026.8821    1498.18       7160  0.000e+00
 332.166736 12888000.0      1.526      1.513   4.067249    35.4277    12.2422     259.84     253.04      96.89  1026.8814    1498.19       7161  0.000e+00
 332.187569 12889800.0      1.587      1.574   4.067800    35.4291    12.2463     259.59     252.80      96.81  1026.8820    1498.20       7162  0.000e+00
 332.208403 12891600.0      1.573      1.559   4.068063    35.4291    12.2490     259.54     252.74      96.79  1026.8814    1498.21       7163  0.000e+00
 332.229236 12893400.0      1.524      1.511   4.067787    35.4293    12.2460     259.56     252.77      96.80  1026.8819    1498.20       7164  0.000e+00
 332.250069 12895200.0      1.731      1.716   4.068941    35.4306    12.2564     259.49     252.70      96.79  1026.8818    1498.24       7165  0.000e+00
 332.270903 12897000.0      1.845      1.829   4.069730    35.4317    12.2632     259.29     252.51      96.73  1026.8819    1498.27       7166  0.000e+00
 332.291736 12898800.0      1.712      1.697   4.070044    35.4330    12.2651     259.31     252.52      96.74  1026.8820    1498.27       7167  0.000e+00
 332.312569 12900600.0      1.491      1.478   4.070089    35.4340    12.2647     259.06     252.28      96.65  1026.8818    1498.27       7168  0.000e+00
 332.333403 12902400.0      1.390      1.378   4.069339    35.4344    12.2565     259.07     252.29      96.64  1026.8833    1498.24       7169  0.000e+00
 332.354236 12904200.0      1.431      1.419   4.069255    35.4340    12.2561     259.00     252.22      96.61  1026.8832    1498.24       7170  0.000e+00
 332.375069 12906000.0      1.877      1.861   4.069146    35.4339    12.2549     259.26     252.47      96.70  1026.8854    1498.24       7171  0.000e+00
 332.395903 12907800.0      2.018      2.001   4.068070    35.4331    12.2446     259.24     252.45      96.68  1026.8874    1498.21       7172  0.000e+00
 332.416736 12909600.0      1.726      1.711   4.068884    35.4332    12.2530     259.70     252.90      96.86  1026.8845    1498.23       7173  0.000e+00
 332.437569 12911400.0      1.508      1.496   4.069928    35.4319    12.2652     259.79     252.99      96.92  1026.8801    1498.27       7174  0.000e+00
 332.458403 12913200.0      1.819      1.803   4.070037    35.4316    12.2665     259.75     252.95      96.91  1026.8811    1498.28       7175  0.000e+00
 332.479236 12915000.0      1.658      1.644   4.070460    35.4313    12.2712     259.60     252.80      96.86  1026.8792    1498.29       7176  0.000e+00
 332.500069 12916800.0      1.762      1.747   4.071140    35.4314    12.2780     260.40     253.59      97.18  1026.8784    1498.31       7177  0.000e+00
 332.520903 12918600.0      1.708      1.693   4.070505    35.4305    12.2725     260.11     253.31      97.06  1026.8785    1498.29       7178  0.000e+00
 332.541736 12920400.0      1.506      1.493   4.070364    35.4310    12.2707     260.12     253.31      97.06  1026.8783    1498.29       7179  0.000e+00
 332.562569 12922200.0      1.454      1.441   4.070935    35.4301    12.2774     260.31     253.50      97.14  1026.8761    1498.31       7180  0.000e+00
 332.583403 12924000.0      1.658      1.644   4.070698    35.4303    12.2747     260.37     253.56      97.16  1026.8777    1498.30       7181  0.000e+00
 332.604236 12925800.0      1.630      1.616   4.070454    35.4304    12.2721     260.43     253.61      97.17  1026.8782    1498.29       7182  0.000e+00
 332.625069 12927600.0      1.513      1.500   4.071063    35.4314    12.2774     260.24     253.43      97.11  1026.8774    1498.31       7183  0.000e+00
 332.645903 12929400.0      1.756      1.741   4.070422    35.4315    12.2705     260.37     253.56      97.15  1026.8799    1498.29       7184  0.000e+00
 332.666736 12931200.0      1.609      1.595   4.070762    35.4319    12.2737     259.96     253.15      97.00  1026.8790    1498.30       7185  0.000e+00
 332.687569 12933000.0      1.470      1.458   4.070351    35.4319    12.2696     260.00     253.20      97.01  1026.8791    1498.28       7186  0.000e+00
 332.708403 12934800.0      1.398      1.386   4.070069    35.4322    12.2664     260.10     253.29      97.04  1026.8796    1498.27       7187  0.000e+00
 332.729236 12936600.0      1.774      1.758   4.069851    35.4331    12.2631     260.06     253.25      97.02  1026.8826    1498.27       7188  0.000e+00
 332.750069 12938400.0      1.587      1.573   4.069415    35.4327    12.2590     259.99     253.19      96.99  1026.8823    1498.25       7189  0.000e+00
 332.770903 12940200.0      1.467      1.455   4.069191    35.4335    12.2560     259.85     253.05      96.93  1026.8830    1498.24       7190  0.000e+00
 332.791736 12942000.0      1.622      1.608   4.068832    35.4348    12.2509     259.82     253.01      96.91  1026.8857    1498.22       7191  0.000e+00
 332.812569 12943800.0      1.818      1.802   4.068621    35.4354    12.2480     259.88     253.07      96.92  1026.8876    1498.22       7192  0.000e+00
 332.833403 12945600.0      1.732      1.717   4.068204    35.4351    12.2441     260.02     253.22      96.97  1026.8877    1498.20       7193  0.000e+00
 332.854236 12947400.0      1.678      1.664   4.066531    35.4357    12.2262     259.84     253.04      96.87  1026.8915    1498.14       7194  0.000e+00
 332.875069 12949200.0      1.745      1.730   4.065564    35.4405    12.2113     259.78     252.98      96.82  1026.8983    1498.10       7195  0.000e+00
 332.895903 12951000.0      1.650      1.636   4.065641    35.4460    12.2063     259.69     252.89      96.77  1026.9032    1498.09       7196  0.000e+00
 332.916736 12952800.0      1.676      1.662   4.070525    35.4558    12.2461     259.09     252.31      96.64  1026.9032    1498.23       7197  0.000e+00
 332.937569 12954600.0      1.539      1.526   4.076265    35.4719    12.2880     259.11     252.33      96.74  1026.9069    1498.39       7198  0.000e+00
 332.958403 12956400.0      1.698      1.684   4.080307    35.4801    12.3207     258.65     251.87      96.64  1026.9076    1498.52       7199  0.000e+00
 332.979236 12958200.0      1.577      1.564   4.087285    35.5000    12.3712     257.96     251.21      96.50  1026.9126    1498.71       7200  0.000e+00
 333.000069 12960000.0      1.650      1.636   4.082232    35.4908    12.3292     258.12     251.35      96.46  1026.9140    1498.56       7201  0.000e+00
 333.020903 12961800.0      1.766      1.751   4.084890    35.4965    12.3503     258.11     251.35      96.51  1026.9148    1498.64       7202  0.000e+00
 333.041736 12963600.0      1.784      1.768   4.065378    35.4580    12.1909     259.24     252.45      96.59  1026.9161    1498.05       7203  0.000e+00
 333.062569 12965400.0      1.791      1.776   4.065340    35.4595    12.1889     259.18     252.39      96.56  1026.9177    1498.05       7204  0.000e+00
 333.083403 12967200.0      1.749      1.734   4.070051    35.4690    12.2272     258.72     251.94      96.47  1026.9175    1498.19       7205  0.000e+00
 333.104236 12969000.0      1.633      1.619   4.064885    35.4585    12.1853     258.97     252.18      96.47  1026.9169    1498.03       7206  0.000e+00
 333.125069 12970800.0      1.722      1.707   4.057916    35.4401    12.1332     259.07     252.28      96.39  1026.9131    1497.83       7207  0.000e+00
 333.145903 12972600.0      1.784      1.769   4.059158    35.4410    12.1449     258.76     251.98      96.30  1026.9118    1497.88       7208  0.000e+00
 333.166736 12974400.0      1.683      1.668   4.057813    35.4398    12.1324     258.62     251.85      96.23  1026.9128    1497.83       7209  0.000e+00
 333.187569 12976200.0      1.606      1.592   4.059151    35.4413    12.1446     258.88     252.10      96.35  1026.9113    1497.87       7210  0.000e+00
 333.208403 12978000.0      1.532      1.519   4.060624    35.4417    12.1593     258.95     252.17      96.40  1026.9085    1497.92       7211  0.000e+00
 333.229236 12979800.0      1.826      1.810   4.063219    35.4376    12.1901     259.17     252.38      96.54  1026.9006    1498.03       7212  0.000e+00
 333.250069 12981600.0      1.620      1.607   4.065243    35.4332    12.2157     259.46     252.67      96.70  1026.8913    1498.10       7213  0.000e+00
 333.270903 12983400.0      1.620      1.606   4.066038    35.4337    12.2233     259.56     252.77      96.75  1026.8902    1498.13       7214  0.000e+00
 333.291736 12985200.0      1.497      1.484   4.065858    35.4336    12.2216     259.46     252.67      96.71  1026.8899    1498.12       7215  0.000e+00
 333.312569 12987000.0      1.580      1.566   4.065820    35.4327    12.2222     259.39     252.60      96.69  1026.8894    1498.12       7216  0.000e+00
 333.333403 12988800.0      1.749      1.734   4.066198    35.4325    12.2262     259.42     252.63      96.71  1026.8893    1498.14       7217  0.000e+00
 333.354236 12990600.0      1.662      1.648   4.066166    35.4322    12.2262     259.43     252.63      96.71  1026.8886    1498.14       7218  0.000e+00
 333.375069 12992400.0      1.819      1.803   4.066416    35.4325    12.2284     259.65     252.85      96.80  1026.8892    1498.15       7219  0.000e+00
 333.395903 12994200.0      2.077      2.059   4.066269    35.4319    12.2273     259.45     252.66      96.72  1026.8901    1498.15       7220  0.000e+00
 333.416736 12996000.0      1.523      1.510   4.066153    35.4318    12.2265     259.39     252.60      96.70  1026.8877    1498.14       7221  0.000e+00
 333.437569 12997800.0      1.887      1.871   4.065782    35.4321    12.2223     259.71     252.91      96.81  1026.8903    1498.13       7222  0.000e+00
 333.458403 12999600.0      1.742      1.727   4.065852    35.4315    12.2237     259.70     252.90      96.80  1026.8889    1498.13       7223  0.000e+00
 333.479236 13001400.0      1.650      1.636   4.065519    35.4315    12.2203     259.69     252.90      96.80  1026.8892    1498.12       7224  0.000e+00
 333.500069 13003200.0      1.765      1.750   4.064654    35.4323    12.2106     259.86     253.05      96.84  1026.8922    1498.09       7225  0.000e+00
