Data_example/Timeseries_DY103_DY116/OneDrive_2_13-04-2023/timeseries/PAP_DY103_2019_1m_SBE37IMP-ODO sn 16503/SBE37IMP-ODO_03716503_2020_11_18Nov20.cnv
* Sea-Bird SBE37IMP-ODO  Data File:
* FileName = C:\temp\SBE37IMP-ODO_03716503_2020_11_18.hex
* Software version SeatermV2 2.8.0.119
* Temperature SN = 16503
* Conductivity SN = 16503
* System UpLoad Time = Nov 18 2020 14:58:52
* sample interval = 1800 seconds
* <ApplicationData>
# nquan = 14
# nvalues = 24261                                 
# units = specified
# name 0 = timeJV2: Time, Instrument [julian days]
# name 1 = timeS: Time, Elapsed [seconds]
# name 2 = prdM: Pressure, Strain Gauge [db]
# name 3 = depSM: Depth [salt water, m], lat = 49.00
# name 4 = cond0S/m: Conductivity [S/m]
# name 5 = sal00: Salinity, Practical [PSU]
# name 6 = tv290C: Temperature [ITS-90, deg C]
# name 7 = sbeopoxMm/L: Oxygen, SBE 63 [umol/l]
# name 8 = sbeopoxMm/Kg: Oxygen, SBE 63 [umol/kg]
# name 9 = sbeopoxPS: Oxygen, SBE 63 [% saturation]
# name 10 = density00: Density [density, kg/m^3]
# name 11 = svCM: Sound Velocity [Chen-Millero, m/s]
# name 12 = scan: Scan Count
# name 13 = flag:  0.000e+00
# span 0 = 183.000012, 688.416678                 
# span 1 =      0.000, 43668000.0                 
# span 2 =     -0.186,      2.786                 
# span 3 =     -0.184,      2.763                 
# span 4 =   0.021768,   4.751086                 
# span 5 =     0.1271,    35.6457                 
# span 6 =     5.5773,    23.1966                 
# span 7 =     229.32,     394.72                 
# span 8 =     223.59,     394.68                 
# span 9 =      87.77,     114.55                 
# span 10 =   997.6297,  1027.1584                
# span 11 =    1428.97,    1519.47                
# span 12 =          1,      24261                
# span 13 = 0.0000e+00, 0.0000e+00                
# interval = seconds: 1800
# start_time = Jul 02 2019 00:00:01 [Instrument's time stamp, first data scan]
# bad_flag = -9.990e-29
*END*
[from data line 9910]
 389.458403 17838000.0      1.701      1.686   4.020517    35.4970    11.6890     261.52     254.64      96.44  1027.0423    1496.39       9911  0.000e+00
 389.479236 17839800.0      1.647      1.634   4.022698    35.5011    11.7072     261.48     254.60      96.46  1027.0418    1496.45       9912  0.000e+00
 389.500069 17841600.0      1.692      1.678   4.023285    35.5016    11.7127     261.49     254.60      96.48  1027.0413    1496.47       9913  0.000e+00
 389.520903 17843400.0      1.800      1.785   4.023726    35.5022    11.7165     261.46     254.58      96.48  1027.0416    1496.49       9914  0.000e+00
 389.541736 17845200.0      1.760      1.745   4.026196    35.5045    11.7396     261.28     254.41      96.46  1027.0387    1496.57       9915  0.000e+00
 389.562569 17847000.0      1.832      1.816   4.024996    35.5035    11.7282     261.23     254.36      96.42  1027.0405    1496.53       9916  0.000e+00
 389.583403 17848800.0      2.065      2.048   4.024600    35.5040    11.7235     261.63     254.74      96.55  1027.0428    1496.52       9917  0.000e+00
 389.604236 17850600.0      1.799      1.784   4.023522    35.5024    11.7142     261.71     254.82      96.56  1027.0422    1496.48       9918  0.000e+00
 389.625069 17852400.0      1.655      1.641   4.024881    35.5038    11.7267     261.45     254.57      96.50  1027.0402    1496.52       9919  0.000e+00
 389.645903 17854200.0      1.849      1.833   4.024760    35.5025    11.7268     261.64     254.76      96.56  1027.0401    1496.52       9920  0.000e+00
 389.666736 17856000.0      1.656      1.641   4.023419    35.5008    11.7149     261.61     254.73      96.53  1027.0402    1496.48       9921  0.000e+00
 389.687569 17857800.0      1.638      1.624   4.024141    35.5038    11.7192     261.52     254.63      96.50  1027.0416    1496.50       9922  0.000e+00
 389.708403 17859600.0      1.779      1.764   4.023496    35.5012    11.7152     261.61     254.73      96.53  1027.0409    1496.48       9923  0.000e+00
 389.729236 17861400.0      1.978      1.961   4.021518    35.4985    11.6976     261.43     254.55      96.43  1027.0430    1496.42       9924  0.000e+00
 389.750069 17863200.0      1.767      1.752   4.016633    35.4903    11.6560     261.77     254.88      96.46  1027.0436    1496.27       9925  0.000e+00
 389.770903 17865000.0      1.780      1.765   4.014949    35.4895    11.6395     261.78     254.89      96.43  1027.0462    1496.21       9926  0.000e+00
 389.791736 17866800.0      1.530      1.517   4.011322    35.4813    11.6107     261.57     254.68      96.29  1027.0441    1496.10       9927  0.000e+00
 389.812569 17868600.0      1.850      1.834   4.012725    35.4862    11.6199     261.66     254.77      96.34  1027.0476    1496.14       9928  0.000e+00
 389.833403 17870400.0      1.578      1.564   4.010685    35.4817    11.6037     261.69     254.80      96.32  1027.0460    1496.07       9929  0.000e+00
 389.854236 17872200.0      1.732      1.717   4.009430    35.4800    11.5925     261.90     255.01      96.37  1027.0474    1496.03       9930  0.000e+00
 389.875069 17874000.0      1.669      1.655   4.008480    35.4787    11.5841     261.91     255.01      96.36  1027.0477    1496.00       9931  0.000e+00
 389.895903 17875800.0      1.603      1.589   4.008174    35.4787    11.5809     261.76     254.87      96.30  1027.0480    1495.99       9932  0.000e+00
 389.916736 17877600.0      2.039      2.022   4.008404    35.4801    11.5817     261.94     255.04      96.36  1027.0509    1496.00       9933  0.000e+00
 389.937569 17879400.0      2.001      1.984   4.009124    35.4804    11.5888     261.87     254.98      96.36  1027.0496    1496.03       9934  0.000e+00
 389.958403 17881200.0      1.705      1.691   4.008385    35.4783    11.5835     261.99     255.09      96.39  1027.0477    1496.00       9935  0.000e+00
 389.979236 17883000.0      2.035      2.018   4.008213    35.4776    11.5824     261.84     254.94      96.33  1027.0488    1496.00       9936  0.000e+00
 390.000069 17884800.0      1.634      1.620   4.008334    35.4781    11.5832     261.75     254.85      96.30  1027.0473    1496.00       9937  0.000e+00
 390.020903 17886600.0      1.764      1.749   4.008646    35.4780    11.5865     261.65     254.76      96.27  1027.0471    1496.01       9938  0.000e+00
 390.041736 17888400.0      1.602      1.589   4.008926    35.4785    11.5889     261.63     254.74      96.27  1027.0464    1496.02       9939  0.000e+00
 390.062569 17890200.0      2.307      2.287   4.008691    35.4789    11.5858     261.51     254.62      96.22  1027.0504    1496.02       9940  0.000e+00
 390.083403 17892000.0      1.509      1.496   4.010035    35.4809    11.5979     261.46     254.58      96.22  1027.0461    1496.05       9941  0.000e+00
 390.104236 17893800.0      1.909      1.893   4.009704    35.4802    11.5950     261.53     254.64      96.24  1027.0479    1496.05       9942  0.000e+00
 390.125069 17895600.0      1.485      1.473   4.009812    35.4803    11.5962     261.48     254.59      96.23  1027.0459    1496.04       9943  0.000e+00
 390.145903 17897400.0      1.224      1.213   4.010016    35.4798    11.5990     261.39     254.51      96.20  1027.0438    1496.05       9944  0.000e+00
 390.166736 17899200.0      1.596      1.582   4.010449    35.4804    11.6027     261.46     254.57      96.23  1027.0452    1496.07       9945  0.000e+00
 390.187569 17901000.0      1.797      1.782   4.011526    35.4821    11.6119     261.23     254.35      96.17  1027.0457    1496.10       9946  0.000e+00
 390.208403 17902800.0      1.465      1.452   4.011858    35.4833    11.6142     261.34     254.46      96.21  1027.0447    1496.11       9947  0.000e+00
 390.229236 17904600.0      1.843      1.828   4.014796    35.4890    11.6383     261.21     254.33      96.22  1027.0463    1496.20       9948  0.000e+00
 390.250069 17906400.0      1.703      1.688   4.015791    35.4927    11.6448     261.00     254.12      96.15  1027.0473    1496.23       9949  0.000e+00
 390.270903 17908200.0      1.947      1.931   4.011953    35.4878    11.6103     261.18     254.30      96.15  1027.0511    1496.11       9950  0.000e+00
 390.291736 17910000.0      1.948      1.931   4.010424    35.4814    11.6012     261.25     254.37      96.15  1027.0478    1496.07       9951  0.000e+00
 390.312569 17911800.0      1.602      1.588   4.010761    35.4847    11.6014     261.35     254.47      96.19  1027.0488    1496.07       9952  0.000e+00
 390.333403 17913600.0      1.713      1.698   4.009946    35.4816    11.5962     261.21     254.33      96.13  1027.0479    1496.05       9953  0.000e+00
 390.354236 17915400.0      1.696      1.681   4.009500    35.4801    11.5931     260.92     254.05      96.02  1027.0473    1496.04       9954  0.000e+00
 390.375069 17917200.0      2.022      2.005   4.008124    35.4780    11.5810     261.39     254.51      96.16  1027.0493    1496.00       9955  0.000e+00
 390.395903 17919000.0      1.682      1.668   4.005308    35.4745    11.5558     261.58     254.69      96.18  1027.0498    1495.90       9956  0.000e+00
 390.416736 17920800.0      1.993      1.976   4.003875    35.4692    11.5463     261.56     254.67      96.15  1027.0489    1495.87       9957  0.000e+00
 390.437569 17922600.0      1.568      1.555   4.003983    35.4690    11.5479     261.63     254.74      96.18  1027.0465    1495.86       9958  0.000e+00
 390.458403 17924400.0      1.513      1.500   4.008665    35.4777    11.5871     261.54     254.65      96.23  1027.0456    1496.01       9959  0.000e+00
 390.479236 17926200.0      1.592      1.578   4.009786    35.4802    11.5960     261.48     254.59      96.22  1027.0463    1496.04       9960  0.000e+00
 390.500069 17928000.0      1.720      1.705   4.006486    35.4751    11.5672     262.00     255.10      96.36  1027.0483    1495.94       9961  0.000e+00
 390.520903 17929800.0      1.795      1.780   4.006716    35.4749    11.5698     261.99     255.09      96.36  1027.0480    1495.95       9962  0.000e+00
 390.541736 17931600.0      1.817      1.802   4.007365    35.4767    11.5747     261.87     254.97      96.32  1027.0486    1495.97       9963  0.000e+00
 390.562569 17933400.0      1.685      1.671   4.008589    35.4787    11.5852     261.83     254.94      96.33  1027.0476    1496.01       9964  0.000e+00
 390.583403 17935200.0      1.560      1.546   4.007582    35.4752    11.5786     261.52     254.63      96.20  1027.0455    1495.98       9965  0.000e+00
 390.604236 17937000.0      1.991      1.974   4.007334    35.4723    11.5788     261.52     254.64      96.20  1027.0451    1495.98       9966  0.000e+00
 390.625069 17938800.0      1.241      1.230   4.008633    35.4774    11.5873     261.64     254.75      96.26  1027.0441    1496.01       9967  0.000e+00
 390.645903 17940600.0      2.105      2.087   4.008328    35.4776    11.5835     261.71     254.82      96.28  1027.0489    1496.01       9968  0.000e+00
 390.666736 17942400.0      1.620      1.606   4.006053    35.4712    11.5670     261.63     254.74      96.22  1027.0448    1495.93       9969  0.000e+00
 390.687569 17944200.0      1.708      1.694   4.006786    35.4734    11.5721     261.41     254.53      96.15  1027.0461    1495.96       9970  0.000e+00
 390.708403 17946000.0      1.873      1.857   4.006187    35.4741    11.5651     261.97     255.07      96.34  1027.0486    1495.94       9971  0.000e+00
 390.729236 17947800.0      2.262      2.243   4.005251    35.4730    11.5565     261.56     254.68      96.17  1027.0511    1495.91       9972  0.000e+00
 390.750069 17949600.0      1.707      1.693   4.005442    35.4738    11.5579     261.44     254.56      96.13  1027.0490    1495.91       9973  0.000e+00
 390.770903 17951400.0      1.698      1.684   4.005091    35.4755    11.5525     262.19     255.28      96.40  1027.0513    1495.89       9974  0.000e+00
 390.791736 17953200.0      1.865      1.849   4.005346    35.4739    11.5567     261.63     254.74      96.20  1027.0501    1495.91       9975  0.000e+00
 390.812569 17955000.0      1.420      1.408   4.003060    35.4736    11.5337     262.15     255.24      96.34  1027.0521    1495.82       9976  0.000e+00
 390.833403 17956800.0      1.599      1.585   4.002684    35.4723    11.5311     262.29     255.38      96.39  1027.0524    1495.81       9977  0.000e+00
 390.854236 17958600.0      1.487      1.474   4.002633    35.4723    11.5306     262.22     255.32      96.36  1027.0520    1495.81       9978  0.000e+00
 390.875069 17960400.0      1.564      1.550   4.004308    35.4733    11.5468     262.00     255.10      96.31  1027.0500    1495.87       9979  0.000e+00
 390.895903 17962200.0      1.632      1.618   4.005658    35.4753    11.5586     261.70     254.81      96.23  1027.0497    1495.91       9980  0.000e+00
 390.916736 17964000.0      2.079      2.061   4.005480    35.4754    11.5565     261.55     254.66      96.17  1027.0522    1495.91       9981  0.000e+00
 390.937569 17965800.0      1.752      1.737   4.004646    35.4745    11.5489     261.48     254.60      96.13  1027.0514    1495.88       9982  0.000e+00
 390.958403 17967600.0      1.871      1.855   4.005340    35.4742    11.5563     261.21     254.33      96.04  1027.0504    1495.91       9983  0.000e+00
 390.979236 17969400.0      1.500      1.487   4.005257    35.4708    11.5591     261.12     254.25      96.01  1027.0455    1495.90       9984  0.000e+00
 391.000069 17971200.0      1.504      1.492   4.005327    35.4739    11.5567     260.92     254.05      95.94  1027.0484    1495.90       9985  0.000e+00
 391.020903 17973000.0      1.232      1.222   4.006225    35.4752    11.5647     261.23     254.35      96.07  1027.0467    1495.92       9986  0.000e+00
 391.041736 17974800.0      1.691      1.677   4.005773    35.4750    11.5600     261.31     254.43      96.09  1027.0495    1495.92       9987  0.000e+00
 391.062569 17976600.0      1.644      1.630   4.005792    35.4745    11.5608     261.13     254.25      96.02  1027.0487    1495.92       9988  0.000e+00
 391.083403 17978400.0      1.236      1.226   4.006435    35.4772    11.5648     261.36     254.48      96.12  1027.0482    1495.93       9989  0.000e+00
 391.104236 17980200.0      1.730      1.716   4.006518    35.4760    11.5667     261.42     254.53      96.14  1027.0491    1495.94       9990  0.000e+00
 391.125069 17982000.0      1.479      1.466   4.006531    35.4757    11.5672     261.20     254.33      96.06  1027.0477    1495.94       9991  0.000e+00
 391.145903 17983800.0      1.589      1.575   4.006518    35.4783    11.5643     261.40     254.52      96.13  1027.0508    1495.93       9992  0.000e+00
 391.166736 17985600.0      1.497      1.484   4.006346    35.4779    11.5631     261.28     254.40      96.09  1027.0502    1495.93       9993  0.000e+00
 391.187569 17987400.0      2.037      2.020   4.007595    35.4789    11.5746     261.31     254.43      96.12  1027.0513    1495.98       9994  0.000e+00
 391.208403 17989200.0      1.852      1.836   4.006455    35.4761    11.5658     261.32     254.44      96.10  1027.0500    1495.94       9995  0.000e+00
 391.229236 17991000.0      2.149      2.131   4.006130    35.4792    11.5591     261.18     254.30      96.04  1027.0549    1495.93       9996  0.000e+00
 391.250069 17992800.0      1.773      1.758   4.006977    35.4780    11.5693     261.19     254.31      96.06  1027.0504    1495.95       9997  0.000e+00
 391.270903 17994600.0      1.310      1.299   4.006053    35.4801    11.5578     261.21     254.34      96.05  1027.0521    1495.91       9998  0.000e+00
 391.291736 17996400.0      0.952      0.944   4.007703    35.4809    11.5741     261.12     254.25      96.05  1027.0481    1495.96       9999  0.000e+00
 391.312569 17998200.0      1.647      1.633   4.007760    35.4787    11.5767     261.21     254.33      96.09  1027.0490    1495.98      10000  0.000e+00
 391.333403 18000000.0      1.735      1.721   4.006531    35.4800    11.5627     261.13     254.25      96.03  1027.0530    1495.93      10001  0.000e+00
 391.354236 18001800.0      1.316      1.305   4.006983    35.4807    11.5668     261.30     254.42      96.10  1027.0509    1495.94      10002  0.000e+00
 391.375069 18003600.0      1.916      1.900   4.014522    35.4912    11.6332     261.03     254.16      96.14  1027.0493    1496.19      10003  0.000e+00
 391.395903 18005400.0      1.782      1.767   4.021033    35.5030    11.6880     260.82     253.95      96.18  1027.0475    1496.39      10004  0.000e+00
 391.416736 18007200.0      1.610      1.597   4.021225    35.5013    11.6918     261.06     254.19      96.28  1027.0447    1496.40      10005  0.000e+00
 391.437569 18009000.0      1.766      1.751   4.021556    35.5015    11.6949     261.11     254.24      96.30  1027.0450    1496.41      10006  0.000e+00
 391.458403 18010800.0      1.685      1.671   4.023726    35.5012    11.7176     260.70     253.83      96.20  1027.0401    1496.49      10007  0.000e+00
 391.479236 18012600.0      1.620      1.606   4.025404    35.5051    11.7309     260.79     253.93      96.26  1027.0402    1496.54      10008  0.000e+00
 391.500069 18014400.0      1.543      1.530   4.029043    35.5108    11.7623     260.59     253.73      96.25  1027.0384    1496.65      10009  0.000e+00
 391.520903 18016200.0      1.438      1.426   4.032695    35.5145    11.7960     260.49     253.63      96.29  1027.0344    1496.77      10010  0.000e+00
 391.541736 18018000.0      1.663      1.649   4.033755    35.5165    11.8048     260.25     253.40      96.22  1027.0352    1496.81      10011  0.000e+00
 391.562569 18019800.0      1.655      1.641   4.031935    35.5147    11.7880     260.37     253.52      96.23  1027.0370    1496.75      10012  0.000e+00
