Data_example/Timeseries_DY103_DY116/OneDrive_2_13-04-2023/timeseries/PAP_DY103_2019_1m_SBE37IMP-ODO sn 16503/SBE37IMP-ODO_03716503_2020_11_18Nov20.cnv
* Sea-Bird SBE37IMP-ODO  Data File:
* FileName = C:\temp\SBE37IMP-ODO_03716503_2020_11_18.hex
* Software version SeatermV2 2.8.0.119
* Temperature SN = 16503
* Conductivity SN = 16503
* System UpLoad Time = Nov 18 2020 14:58:52
* sample interval = 1800 seconds
* <ApplicationData>
# nquan = 14
# nvalues = 24261                                 
# units = specified
# name 0 = timeJV2: Time, Instrument [julian days]
# name 1 = timeS: Time, Elapsed [seconds]
# name 2 = prdM: Pressure, Strain Gauge [db]
# name 3 = depSM: Depth [salt water, m], lat = 49.00
# name 4 = cond0S/m: Conductivity [S/m]
# name 5 = sal00: Salinity, Practical [PSU]
# name 6 = tv290C: Temperature [ITS-90, deg C]
# name 7 = sbeopoxMm/L: Oxygen, SBE 63 [umol/l]
# name 8 = sbeopoxMm/Kg: Oxygen, SBE 63 [umol/kg]
# name 9 = sbeopoxPS: Oxygen, SBE 63 [% saturation]
# name 10 = density00: Density [density, kg/m^3]
# name 11 = svCM: Sound Velocity [Chen-Millero, m/s]
# name 12 = scan: Scan Count
# name 13 = flag:  0.000e+00
# span 0 = 183.000012, 688.416678                 
# span 1 =      0.000, 43668000.0                 
# span 2 =     -0.186,      2.786                 
# span 3 =     -0.184,      2.763                 
# span 4 =   0.021768,   4.751086                 
# span 5 =     0.1271,    35.6457                 
# span 6 =     5.5773,    23.1966                 
# span 7 =     229.32,     394.72                 
# span 8 =     223.59,     394.68                 
# span 9 =      87.77,     114.55                 
# span 10 =   997.6297,  1027.1584                
# span 11 =    1428.97,    1519.47                
# span 12 =          1,      24261                
# span 13 = 0.0000e+00, 0.0000e+00                
# interval = seconds: 1800
# start_time = Jul 02 2019 00:00:01 [Instrument's time stamp, first data scan]
# bad_flag = -9.990e-29
*END*
[from data line 10426]
 400.208403 18766800.0      1.901      1.885   3.987440    35.4669    11.3793     259.85     253.00      95.18  1027.0779    1495.29      10427  0.000e+00
 400.229236 18768600.0      1.833      1.817   3.986690    35.4673    11.3711     259.98     253.13      95.22  1027.0795    1495.26      10428  0.000e+00
 400.250069 18770400.0      1.623      1.610   3.988546    35.4694    11.3881     260.07     253.22      95.28  1027.0770    1495.32      10429  0.000e+00
 400.270903 18772200.0      2.181      2.163   3.986671    35.4740    11.3638     260.35     253.49      95.34  1027.0876    1495.25      10430  0.000e+00
 400.291736 18774000.0      2.035      2.018   3.991414    35.4716    11.4153     259.99     253.14      95.31  1027.0755    1495.42      10431  0.000e+00
 400.312569 18775800.0      1.957      1.941   3.989271    35.4692    11.3957     260.04     253.19      95.29  1027.0769    1495.35      10432  0.000e+00
 400.333403 18777600.0      1.901      1.885   3.987980    35.4727    11.3788     260.32     253.45      95.36  1027.0825    1495.29      10433  0.000e+00
 400.354236 18779400.0      1.851      1.835   3.988114    35.4698    11.3832     260.13     253.27      95.29  1027.0792    1495.30      10434  0.000e+00
 400.375069 18781200.0      1.921      1.905   3.991249    35.4746    11.4106     260.26     253.40      95.40  1027.0782    1495.40      10435  0.000e+00
 400.395903 18783000.0      1.765      1.750   3.993977    35.4736    11.4398     260.48     253.62      95.54  1027.0712    1495.50      10436  0.000e+00
 400.416736 18784800.0      1.692      1.678   3.992075    35.4739    11.4199     260.34     253.48      95.45  1027.0749    1495.43      10437  0.000e+00
 400.437569 18786600.0      1.859      1.843   3.992826    35.4710    11.4306     260.33     253.47      95.46  1027.0714    1495.47      10438  0.000e+00
 400.458403 18788400.0      1.968      1.951   3.992896    35.4710    11.4312     260.63     253.77      95.58  1027.0717    1495.47      10439  0.000e+00
 400.479236 18790200.0      1.986      1.969   3.993284    35.4709    11.4354     260.45     253.59      95.52  1027.0709    1495.49      10440  0.000e+00
 400.500069 18792000.0      1.924      1.907   3.993717    35.4718    11.4389     260.87     253.99      95.68  1027.0707    1495.50      10441  0.000e+00
 400.520903 18793800.0      2.241      2.222   3.994448    35.4740    11.4440     260.87     254.00      95.69  1027.0729    1495.52      10442  0.000e+00
 400.541736 18795600.0      1.748      1.733   3.995460    35.4722    11.4566     260.95     254.07      95.74  1027.0669    1495.56      10443  0.000e+00
 400.562569 18797400.0      2.004      1.987   3.995244    35.4710    11.4555     261.22     254.34      95.84  1027.0674    1495.56      10444  0.000e+00
 400.583403 18799200.0      2.104      2.086   3.995982    35.4731    11.4608     261.05     254.17      95.79  1027.0685    1495.58      10445  0.000e+00
 400.604236 18801000.0      1.785      1.769   3.996694    35.4738    11.4677     261.50     254.61      95.97  1027.0662    1495.60      10446  0.000e+00
 400.625069 18802800.0      1.717      1.702   3.996694    35.4748    11.4667     261.39     254.51      95.93  1027.0669    1495.59      10447  0.000e+00
 400.645903 18804600.0      1.945      1.928   3.996478    35.4750    11.4640     261.45     254.56      95.95  1027.0686    1495.59      10448  0.000e+00
 400.666736 18806400.0      1.829      1.813   3.996669    35.4761    11.4649     261.58     254.68      95.99  1027.0688    1495.59      10449  0.000e+00
 400.687569 18808200.0      1.852      1.837   3.996688    35.4755    11.4657     262.03     255.13      96.16  1027.0683    1495.59      10450  0.000e+00
 400.708403 18810000.0      1.992      1.975   3.996586    35.4753    11.4648     261.59     254.70      96.00  1027.0689    1495.59      10451  0.000e+00
 400.729236 18811800.0      1.650      1.636   3.996128    35.4754    11.4601     261.60     254.71      95.99  1027.0683    1495.57      10452  0.000e+00
 400.750069 18813600.0      2.290      2.271   3.995759    35.4757    11.4557     261.53     254.64      95.96  1027.0723    1495.57      10453  0.000e+00
 400.770903 18815400.0      1.532      1.519   3.995714    35.4747    11.4567     261.31     254.43      95.88  1027.0679    1495.56      10454  0.000e+00
 400.791736 18817200.0      1.664      1.650   3.995428    35.4751    11.4532     261.35     254.46      95.88  1027.0695    1495.55      10455  0.000e+00
 400.812569 18819000.0      1.688      1.674   3.995180    35.4742    11.4516     261.16     254.28      95.81  1027.0692    1495.54      10456  0.000e+00
 400.833403 18820800.0      1.894      1.878   3.994321    35.4745    11.4423     261.21     254.32      95.81  1027.0721    1495.51      10457  0.000e+00
 400.854236 18822600.0      2.019      2.001   3.994945    35.4742    11.4491     261.22     254.34      95.83  1027.0711    1495.54      10458  0.000e+00
 400.875069 18824400.0      2.040      2.022   3.994728    35.4734    11.4476     261.20     254.32      95.82  1027.0709    1495.53      10459  0.000e+00
 400.895903 18826200.0      1.901      1.884   3.995059    35.4732    11.4513     260.75     253.88      95.66  1027.0694    1495.54      10460  0.000e+00
 400.916736 18828000.0      1.849      1.833   3.994754    35.4738    11.4476     261.13     254.25      95.79  1027.0703    1495.53      10461  0.000e+00
 400.937569 18829800.0      1.741      1.727   3.994480    35.4737    11.4449     261.15     254.27      95.80  1027.0703    1495.52      10462  0.000e+00
 400.958403 18831600.0      1.772      1.757   3.994550    35.4735    11.4458     260.83     253.96      95.68  1027.0701    1495.52      10463  0.000e+00
 400.979236 18833400.0      1.939      1.923   3.994124    35.4728    11.4421     260.84     253.96      95.67  1027.0709    1495.51      10464  0.000e+00
 401.000069 18835200.0      2.179      2.160   3.993755    35.4727    11.4382     261.36     254.48      95.86  1027.0727    1495.50      10465  0.000e+00
 401.020903 18837000.0      2.118      2.100   3.993564    35.4726    11.4364     261.03     254.15      95.73  1027.0727    1495.49      10466  0.000e+00
 401.041736 18838800.0      1.868      1.852   3.993354    35.4719    11.4351     260.83     253.96      95.66  1027.0712    1495.48      10467  0.000e+00
 401.062569 18840600.0      1.939      1.922   3.992394    35.4713    11.4258     261.30     254.42      95.81  1027.0728    1495.45      10468  0.000e+00
 401.083403 18842400.0      2.147      2.129   3.991878    35.4709    11.4207     261.39     254.50      95.83  1027.0745    1495.44      10469  0.000e+00
 401.104236 18844200.0      2.018      2.001   3.991789    35.4710    11.4198     261.47     254.58      95.86  1027.0741    1495.43      10470  0.000e+00
 401.125069 18846000.0      1.931      1.914   3.991681    35.4707    11.4191     261.40     254.52      95.83  1027.0736    1495.43      10471  0.000e+00
 401.145903 18847800.0      1.685      1.671   3.991026    35.4704    11.4127     261.35     254.47      95.80  1027.0735    1495.40      10472  0.000e+00
 401.166736 18849600.0      2.041      2.024   3.990282    35.4695    11.4058     261.64     254.74      95.89  1027.0756    1495.38      10473  0.000e+00
 401.187569 18851400.0      1.718      1.703   3.988546    35.4685    11.3891     261.93     255.03      95.96  1027.0765    1495.32      10474  0.000e+00
 401.208403 18853200.0      1.838      1.823   3.984344    35.4644    11.3499     262.49     255.57      96.09  1027.0812    1495.18      10475  0.000e+00
 401.229236 18855000.0      1.931      1.915   3.983029    35.4627    11.3380     262.47     255.55      96.06  1027.0825    1495.14      10476  0.000e+00
 401.250069 18856800.0      1.923      1.906   3.982145    35.4614    11.3303     262.23     255.32      95.95  1027.0829    1495.11      10477  0.000e+00
 401.270903 18858600.0      1.788      1.773   3.982812    35.4625    11.3361     262.31     255.39      95.99  1027.0821    1495.13      10478  0.000e+00
 401.291736 18860400.0      2.043      2.026   3.983079    35.4624    11.3388     262.18     255.27      95.95  1027.0826    1495.14      10479  0.000e+00
 401.312569 18862200.0      2.257      2.238   3.983823    35.4632    11.3455     262.26     255.34      95.99  1027.0830    1495.17      10480  0.000e+00
 401.333403 18864000.0      1.624      1.610   3.984789    35.4643    11.3547     262.20     255.29      95.99  1027.0792    1495.19      10481  0.000e+00
 401.354236 18865800.0      1.881      1.865   3.984808    35.4639    11.3552     261.92     255.02      95.89  1027.0800    1495.20      10482  0.000e+00
 401.375069 18867600.0      1.745      1.730   3.985539    35.4643    11.3623     262.02     255.12      95.94  1027.0784    1495.22      10483  0.000e+00
 401.395903 18869400.0      2.149      2.131   3.986003    35.4645    11.3668     261.88     254.97      95.90  1027.0795    1495.24      10484  0.000e+00
 401.416736 18871200.0      1.790      1.775   3.987344    35.4649    11.3804     261.99     255.09      95.97  1027.0757    1495.29      10485  0.000e+00
 401.437569 18873000.0      1.906      1.889   3.987115    35.4650    11.3778     261.81     254.91      95.90  1027.0767    1495.28      10486  0.000e+00
 401.458403 18874800.0      1.913      1.897   3.988006    35.4648    11.3873     261.72     254.82      95.88  1027.0748    1495.31      10487  0.000e+00
 401.479236 18876600.0      2.017      2.000   3.987866    35.4648    11.3858     261.74     254.84      95.89  1027.0756    1495.31      10488  0.000e+00
 401.500069 18878400.0      1.701      1.687   3.988171    35.4650    11.3888     261.56     254.67      95.83  1027.0738    1495.31      10489  0.000e+00
 401.520903 18880200.0      1.558      1.544   3.988202    35.4657    11.3885     261.63     254.73      95.85  1027.0738    1495.31      10490  0.000e+00
 401.541736 18882000.0      2.090      2.072   3.988527    35.4652    11.3922     261.43     254.54      95.79  1027.0750    1495.33      10491  0.000e+00
 401.562569 18883800.0      2.379      2.359   3.988546    35.4656    11.3918     261.67     254.77      95.87  1027.0767    1495.34      10492  0.000e+00
 401.583403 18885600.0      2.055      2.037   3.988508    35.4651    11.3921     261.33     254.44      95.75  1027.0748    1495.33      10493  0.000e+00
 401.604236 18887400.0      1.593      1.580   3.989481    35.4664    11.4010     261.79     254.89      95.94  1027.0721    1495.36      10494  0.000e+00
 401.625069 18889200.0      1.872      1.856   3.990231    35.4674    11.4075     261.48     254.59      95.84  1027.0729    1495.38      10495  0.000e+00
 401.645903 18891000.0      1.661      1.647   3.990434    35.4675    11.4096     261.71     254.81      95.93  1027.0717    1495.39      10496  0.000e+00
 401.666736 18892800.0      1.883      1.867   3.990676    35.4682    11.4113     261.73     254.83      95.94  1027.0729    1495.40      10497  0.000e+00
 401.687569 18894600.0      1.596      1.582   3.991229    35.4688    11.4165     261.74     254.85      95.95  1027.0711    1495.41      10498  0.000e+00
 401.708403 18896400.0      1.768      1.753   3.991598    35.4692    11.4198     261.71     254.82      95.95  1027.0716    1495.43      10499  0.000e+00
 401.729236 18898200.0      1.795      1.780   3.991993    35.4702    11.4228     261.72     254.83      95.96  1027.0719    1495.44      10500  0.000e+00
 401.750069 18900000.0      1.881      1.865   3.992362    35.4700    11.4268     261.79     254.90      95.99  1027.0714    1495.45      10501  0.000e+00
 401.770903 18901800.0      1.849      1.833   3.993049    35.4716    11.4323     261.62     254.73      95.94  1027.0715    1495.47      10502  0.000e+00
 401.791736 18903600.0      2.034      2.016   3.992394    35.4710    11.4260     261.66     254.76      95.94  1027.0730    1495.45      10503  0.000e+00
 401.812569 18905400.0      2.055      2.037   3.992597    35.4716    11.4275     261.43     254.54      95.86  1027.0733    1495.46      10504  0.000e+00
 401.833403 18907200.0      1.615      1.601   3.993767    35.4734    11.4379     261.50     254.61      95.91  1027.0708    1495.49      10505  0.000e+00
 401.854236 18909000.0      2.297      2.277   3.994105    35.4738    11.4406     261.62     254.72      95.96  1027.0737    1495.51      10506  0.000e+00
 401.875069 18910800.0      1.803      1.788   3.995110    35.4755    11.4495     261.45     254.56      95.91  1027.0711    1495.54      10507  0.000e+00
 401.895903 18912600.0      1.776      1.761   3.995689    35.4758    11.4552     261.44     254.55      95.92  1027.0701    1495.56      10508  0.000e+00
 401.916736 18914400.0      1.895      1.878   3.995549    35.4761    11.4534     261.21     254.33      95.84  1027.0712    1495.55      10509  0.000e+00
 401.937569 18916200.0      1.914      1.897   3.995543    35.4755    11.4539     261.24     254.36      95.85  1027.0708    1495.55      10510  0.000e+00
 401.958403 18918000.0      1.655      1.641   3.995104    35.4751    11.4500     261.31     254.42      95.86  1027.0700    1495.54      10511  0.000e+00
 401.979236 18919800.0      2.075      2.057   3.996173    35.4769    11.4589     261.43     254.54      95.93  1027.0716    1495.58      10512  0.000e+00
 402.000069 18921600.0      1.773      1.758   3.995727    35.4763    11.4550     261.44     254.55      95.92  1027.0705    1495.56      10513  0.000e+00
 402.020903 18923400.0      1.975      1.958   3.995982    35.4765    11.4573     261.31     254.43      95.88  1027.0712    1495.57      10514  0.000e+00
 402.041736 18925200.0      1.835      1.820   3.995829    35.4758    11.4566     261.00     254.13      95.77  1027.0701    1495.56      10515  0.000e+00
 402.062569 18927000.0      1.643      1.629   3.995447    35.4745    11.4540     261.03     254.16      95.77  1027.0688    1495.55      10516  0.000e+00
 402.083403 18928800.0      1.818      1.802   3.994722    35.4743    11.4467     260.97     254.09      95.73  1027.0707    1495.53      10517  0.000e+00
 402.104236 18930600.0      2.055      2.037   3.994245    35.4746    11.4414     261.26     254.38      95.83  1027.0730    1495.51      10518  0.000e+00
 402.125069 18932400.0      1.526      1.513   3.994162    35.4751    11.4403     261.19     254.30      95.80  1027.0712    1495.50      10519  0.000e+00
 402.145903 18934200.0      1.613      1.600   3.994098    35.4741    11.4406     261.12     254.24      95.78  1027.0708    1495.50      10520  0.000e+00
 402.166736 18936000.0      1.477      1.465   3.993831    35.4737    11.4383     260.97     254.09      95.72  1027.0703    1495.49      10521  0.000e+00
 402.187569 18937800.0      1.821      1.806   3.993195    35.4724    11.4329     260.96     254.08      95.70  1027.0719    1495.48      10522  0.000e+00
 402.208403 18939600.0      1.589      1.576   3.992323    35.4713    11.4252     260.85     253.98      95.65  1027.0714    1495.44      10523  0.000e+00
 402.229236 18941400.0      2.003      1.986   3.992222    35.4711    11.4242     260.77     253.90      95.61  1027.0733    1495.45      10524  0.000e+00
 402.250069 18943200.0      1.987      1.970   3.991230    35.4714    11.4136     260.93     254.05      95.65  1027.0754    1495.41      10525  0.000e+00
 402.270903 18945000.0      1.783      1.768   3.990842    35.4705    11.4107     261.20     254.32      95.74  1027.0743    1495.40      10526  0.000e+00
 402.291736 18946800.0      2.231      2.212   3.990937    35.4700    11.4120     260.99     254.11      95.67  1027.0757    1495.41      10527  0.000e+00
 402.312569 18948600.0      1.741      1.726   3.990861    35.4700    11.4114     260.95     254.08      95.65  1027.0737    1495.40      10528  0.000e+00
 402.333403 18950400.0      1.967      1.950   3.990905    35.4699    11.4118     261.02     254.15      95.68  1027.0745    1495.40      10529  0.000e+00
