Data_example/Timeseries_DY103_DY116/OneDrive_2_13-04-2023/timeseries/PAP_DY103_2019_1m_SBE37IMP-ODO sn 16503/SBE37IMP-ODO_03716503_2020_11_18Nov20.cnv
* Sea-Bird SBE37IMP-ODO  Data File:
* FileName = C:\temp\SBE37IMP-ODO_03716503_2020_11_18.hex
* Software version SeatermV2 2.8.0.119
* Temperature SN = 16503
* Conductivity SN = 16503
* System UpLoad Time = Nov 18 2020 14:58:52
* sample interval = 1800 seconds
* <ApplicationData>
# nquan = 14
# nvalues = 24261                                 
# units = specified
# name 0 = timeJV2: Time, Instrument [julian days]
# name 1 = timeS: Time, Elapsed [seconds]
# name 2 = prdM: Pressure, Strain Gauge [db]
# name 3 = depSM: Depth [salt water, m], lat = 49.00
# name 4 = cond0S/m: Conductivity [S/m]
# name 5 = sal00: Salinity, Practical [PSU]
# name 6 = tv290C: Temperature [ITS-90, deg C]
# name 7 = sbeopoxMm/L: Oxygen, SBE 63 [umol/l]
# name 8 = sbeopoxMm/Kg: Oxygen, SBE 63 [umol/kg]
# name 9 = sbeopoxPS: Oxygen, SBE 63 [% saturation]
# name 10 = density00: Density [density, kg/m^3]
# name 11 = svCM: Sound Velocity [Chen-Millero, m/s]
# name 12 = scan: Scan Count
# name 13 = flag:  0.000e+00
# span 0 = 183.000012, 688.416678                 
# span 1 =      0.000, 43668000.0                 
# span 2 =     -0.186,      2.786                 
# span 3 =     -0.184,      2.763                 
# span 4 =   0.021768,   4.751086                 
# span 5 =     0.1271,    35.6457                 
# span 6 =     5.5773,    23.1966                 
# span 7 =     229.32,     394.72                 
# span 8 =     223.59,     394.68                 
# span 9 =      87.77,     114.55                 
# span 10 =   997.6297,  1027.1584                
# span 11 =    1428.97,    1519.47                
# span 12 =          1,      24261                
# span 13 = 0.0000e+00, 0.0000e+00                
# interval = seconds: 1800
# start_time = Jul 02 2019 00:00:01 [Instrument's time stamp, first data scan]
# bad_flag = -9.990e-29
*END*
[from data line 14968]
 494.833403 26942400.0      2.008      1.991   4.073487    35.4321    12.3013     283.15     275.75     105.72  1026.8755    1498.40      14969  0.000e+00
 494.854236 26944200.0      1.820      1.804   4.075116    35.4312    12.3190     282.81     275.41     105.63  1026.8705    1498.45      14970  0.000e+00
 494.875069 26946000.0      1.880      1.864   4.074840    35.4302    12.3173     282.94     275.54     105.67  1026.8703    1498.45      14971  0.000e+00
 494.895903 26947800.0      1.649      1.635   4.074494    35.4298    12.3142     282.86     275.46     105.64  1026.8696    1498.43      14972  0.000e+00
 494.916736 26949600.0      1.652      1.638   4.074853    35.4301    12.3175     282.70     275.31     105.59  1026.8692    1498.45      14973  0.000e+00
 494.937569 26951400.0      1.649      1.635   4.074532    35.4297    12.3147     282.74     275.34     105.59  1026.8694    1498.44      14974  0.000e+00
 494.958403 26953200.0      1.749      1.734   4.072833    35.4303    12.2966     282.21     274.83     105.36  1026.8738    1498.38      14975  0.000e+00
 494.979236 26955000.0      1.612      1.598   4.071852    35.4290    12.2880     281.96     274.58     105.24  1026.8739    1498.34      14976  0.000e+00
 495.000069 26956800.0      1.783      1.768   4.070852    35.4300    12.2765     281.88     274.50     105.19  1026.8777    1498.31      14977  0.000e+00
 495.020903 26958600.0      1.717      1.702   4.069980    35.4297    12.2680     281.93     274.55     105.19  1026.8788    1498.28      14978  0.000e+00
 495.041736 26960400.0      1.999      1.983   4.069012    35.4299    12.2576     281.34     273.98     104.95  1026.8823    1498.25      14979  0.000e+00
 495.062569 26962200.0      1.924      1.907   4.068294    35.4305    12.2498     280.88     273.53     104.76  1026.8839    1498.22      14980  0.000e+00
 495.083403 26964000.0      1.807      1.791   4.068031    35.4304    12.2472     280.98     273.63     104.79  1026.8838    1498.21      14981  0.000e+00
 495.104236 26965800.0      1.995      1.978   4.067614    35.4309    12.2423     280.91     273.56     104.75  1026.8860    1498.20      14982  0.000e+00
 495.125069 26967600.0      1.534      1.521   4.067390    35.4307    12.2404     280.55     273.20     104.61  1026.8841    1498.18      14983  0.000e+00
 495.145903 26969400.0      1.719      1.705   4.067076    35.4308    12.2369     281.00     273.64     104.77  1026.8858    1498.17      14984  0.000e+00
 495.166736 26971200.0      1.607      1.593   4.067326    35.4302    12.2403     280.74     273.39     104.68  1026.8841    1498.18      14985  0.000e+00
 495.187569 26973000.0      1.533      1.520   4.067627    35.4297    12.2439     280.70     273.36     104.68  1026.8827    1498.19      14986  0.000e+00
 495.208403 26974800.0      1.820      1.804   4.068249    35.4298    12.2500     280.65     273.30     104.67  1026.8829    1498.22      14987  0.000e+00
 495.229236 26976600.0      1.590      1.576   4.068153    35.4298    12.2491     280.30     272.97     104.54  1026.8820    1498.21      14988  0.000e+00
 495.250069 26978400.0      1.807      1.791   4.067877    35.4302    12.2458     280.27     272.93     104.52  1026.8839    1498.21      14989  0.000e+00
 495.270903 26980200.0      1.893      1.876   4.068294    35.4304    12.2498     280.38     273.04     104.57  1026.8837    1498.22      14990  0.000e+00
 495.291736 26982000.0      1.610      1.597   4.068749    35.4305    12.2546     280.94     273.59     104.79  1026.8815    1498.23      14991  0.000e+00
 495.312569 26983800.0      1.489      1.477   4.068781    35.4311    12.2543     280.35     273.02     104.57  1026.8815    1498.23      14992  0.000e+00
 495.333403 26985600.0      1.811      1.796   4.069101    35.4307    12.2579     280.84     273.49     104.76  1026.8820    1498.25      14993  0.000e+00
 495.354236 26987400.0      1.671      1.657   4.069153    35.4309    12.2582     280.79     273.44     104.74  1026.8815    1498.25      14994  0.000e+00
 495.375069 26989200.0      1.865      1.849   4.068967    35.4303    12.2569     280.89     273.53     104.77  1026.8821    1498.24      14995  0.000e+00
 495.395903 26991000.0      1.774      1.759   4.069948    35.4302    12.2671     281.21     273.85     104.92  1026.8796    1498.28      14996  0.000e+00
 495.416736 26992800.0      1.811      1.796   4.070473    35.4296    12.2731     281.58     274.21     105.07  1026.8781    1498.30      14997  0.000e+00
 495.437569 26994600.0      1.739      1.724   4.070262    35.4291    12.2715     281.78     274.41     105.14  1026.8777    1498.29      14998  0.000e+00
 495.458403 26996400.0      1.808      1.793   4.070852    35.4298    12.2767     282.31     274.92     105.35  1026.8776    1498.31      14999  0.000e+00
 495.479236 26998200.0      1.687      1.673   4.073179    35.4336    12.2966     280.54     273.20     104.73  1026.8762    1498.38      15000  0.000e+00
 495.500069 27000000.0      1.821      1.805   4.073840    35.4342    12.3028     279.85     272.52     104.49  1026.8760    1498.40      15001  0.000e+00
 495.520903 27001800.0      1.651      1.637   4.073000    35.4340    12.2945     279.76     272.44     104.44  1026.8767    1498.37      15002  0.000e+00
 495.541736 27003600.0      1.637      1.623   4.074038    35.4324    12.3068     280.80     273.45     104.85  1026.8730    1498.41      15003  0.000e+00
 495.562569 27005400.0      1.770      1.755   4.073692    35.4302    12.3055     281.98     274.60     105.29  1026.8721    1498.41      15004  0.000e+00
 495.583403 27007200.0      1.781      1.766   4.072095    35.4287    12.2907     282.83     275.43     105.57  1026.8739    1498.35      15005  0.000e+00
 495.604236 27009000.0      1.760      1.745   4.072660    35.4289    12.2963     282.97     275.56     105.64  1026.8729    1498.37      15006  0.000e+00
 495.625069 27010800.0      1.721      1.706   4.072192    35.4289    12.2915     283.52     276.10     105.83  1026.8736    1498.36      15007  0.000e+00
 495.645903 27012600.0      1.741      1.726   4.072737    35.4293    12.2967     283.43     276.01     105.81  1026.8730    1498.38      15008  0.000e+00
 495.666736 27014400.0      1.671      1.657   4.074186    35.4295    12.3113     282.96     275.56     105.67  1026.8700    1498.42      15009  0.000e+00
 495.687569 27016200.0      1.691      1.676   4.074077    35.4303    12.3094     283.22     275.81     105.76  1026.8711    1498.42      15010  0.000e+00
 495.708403 27018000.0      1.704      1.689   4.073647    35.4308    12.3044     283.23     275.82     105.75  1026.8726    1498.40      15011  0.000e+00
 495.729236 27019800.0      1.630      1.616   4.072127    35.4313    12.2884     283.22     275.81     105.72  1026.8757    1498.35      15012  0.000e+00
 495.750069 27021600.0      1.615      1.601   4.071518    35.4310    12.2825     283.45     276.03     105.79  1026.8765    1498.33      15013  0.000e+00
 495.770903 27023400.0      1.941      1.924   4.071018    35.4295    12.2788     283.54     276.12     105.81  1026.8775    1498.32      15014  0.000e+00
 495.791736 27025200.0      1.761      1.746   4.074879    35.4308    12.3170     283.23     275.82     105.78  1026.8703    1498.45      15015  0.000e+00
 495.812569 27027000.0      1.706      1.692   4.075777    35.4325    12.3245     281.82     274.45     105.27  1026.8699    1498.47      15016  0.000e+00
 495.833403 27028800.0      1.774      1.759   4.077778    35.4333    12.3442     280.40     273.06     104.78  1026.8670    1498.54      15017  0.000e+00
 495.854236 27030600.0      1.907      1.891   4.078272    35.4334    12.3491     280.29     272.96     104.76  1026.8667    1498.56      15018  0.000e+00
 495.875069 27032400.0      1.599      1.586   4.077919    35.4325    12.3466     280.89     273.55     104.97  1026.8651    1498.55      15019  0.000e+00
 495.895903 27034200.0      1.686      1.672   4.076995    35.4315    12.3380     281.99     274.61     105.36  1026.8664    1498.52      15020  0.000e+00
 495.916736 27036000.0      1.643      1.629   4.075097    35.4311    12.3190     282.37     274.98     105.46  1026.8696    1498.45      15021  0.000e+00
 495.937569 27037800.0      1.674      1.660   4.073763    35.4298    12.3067     282.62     275.23     105.53  1026.8712    1498.41      15022  0.000e+00
 495.958403 27039600.0      1.643      1.629   4.073352    35.4297    12.3026     282.94     275.54     105.64  1026.8718    1498.39      15023  0.000e+00
 495.979236 27041400.0      1.709      1.695   4.073654    35.4302    12.3051     282.52     275.13     105.49  1026.8720    1498.40      15024  0.000e+00
 496.000069 27043200.0      1.849      1.833   4.074494    35.4301    12.3138     282.28     274.90     105.42  1026.8708    1498.44      15025  0.000e+00
 496.020903 27045000.0      1.641      1.627   4.075084    35.4300    12.3200     282.18     274.80     105.40  1026.8686    1498.45      15026  0.000e+00
 496.041736 27046800.0      1.703      1.689   4.076027    35.4313    12.3283     281.20     273.85     105.05  1026.8683    1498.48      15027  0.000e+00
 496.062569 27048600.0      1.796      1.781   4.077034    35.4319    12.3380     280.49     273.15     104.80  1026.8673    1498.52      15028  0.000e+00
 496.083403 27050400.0      1.732      1.717   4.076720    35.4320    12.3347     280.13     272.80     104.66  1026.8677    1498.51      15029  0.000e+00
 496.104236 27052200.0      1.540      1.527   4.076405    35.4324    12.3312     279.82     272.50     104.54  1026.8678    1498.49      15030  0.000e+00
 496.125069 27054000.0      1.683      1.668   4.076309    35.4317    12.3308     279.22     271.92     104.31  1026.8680    1498.49      15031  0.000e+00
 496.145903 27055800.0      1.744      1.729   4.076168    35.4322    12.3289     279.42     272.11     104.39  1026.8690    1498.49      15032  0.000e+00
 496.166736 27057600.0      1.688      1.673   4.075405    35.4317    12.3215     278.92     271.63     104.18  1026.8698    1498.46      15033  0.000e+00
 496.187569 27059400.0      1.656      1.642   4.075263    35.4321    12.3196     278.67     271.38     104.09  1026.8704    1498.45      15034  0.000e+00
 496.208403 27061200.0      1.604      1.590   4.075302    35.4317    12.3205     278.67     271.38     104.08  1026.8697    1498.46      15035  0.000e+00
 496.229236 27063000.0      1.729      1.714   4.074430    35.4324    12.3108     278.34     271.06     103.94  1026.8726    1498.43      15036  0.000e+00
 496.250069 27064800.0      1.546      1.533   4.073468    35.4323    12.3010     278.09     270.82     103.83  1026.8737    1498.39      15037  0.000e+00
 496.270903 27066600.0      1.727      1.712   4.073089    35.4325    12.2969     278.25     270.97     103.88  1026.8754    1498.38      15038  0.000e+00
 496.291736 27068400.0      1.593      1.579   4.073250    35.4327    12.2984     278.58     271.29     104.00  1026.8747    1498.38      15039  0.000e+00
 496.312569 27070200.0      1.846      1.831   4.073019    35.4319    12.2968     279.40     272.09     104.31  1026.8755    1498.38      15040  0.000e+00
 496.333403 27072000.0      1.715      1.701   4.071371    35.4305    12.2814     280.25     272.91     104.59  1026.8769    1498.32      15041  0.000e+00
 496.354236 27073800.0      1.751      1.736   4.070313    35.4298    12.2712     280.50     273.16     104.66  1026.8784    1498.29      15042  0.000e+00
 496.375069 27075600.0      1.495      1.482   4.071134    35.4304    12.2792     280.73     273.38     104.76  1026.8762    1498.31      15043  0.000e+00
 496.395903 27077400.0      1.922      1.906   4.071275    35.4300    12.2808     281.30     273.94     104.98  1026.8775    1498.33      15044  0.000e+00
 496.416736 27079200.0      1.556      1.543   4.071377    35.4300    12.2821     281.52     274.15     105.06  1026.8756    1498.32      15045  0.000e+00
 496.437569 27081000.0      1.955      1.938   4.070768    35.4298    12.2758     282.39     275.00     105.38  1026.8784    1498.31      15046  0.000e+00
 496.458403 27082800.0      1.876      1.860   4.071627    35.4306    12.2838     282.47     275.08     105.42  1026.8772    1498.34      15047  0.000e+00
 496.479236 27084600.0      1.892      1.876   4.072217    35.4311    12.2894     282.71     275.31     105.53  1026.8765    1498.36      15048  0.000e+00
 496.500069 27086400.0      1.898      1.882   4.073384    35.4303    12.3022     282.75     275.35     105.57  1026.8735    1498.40      15049  0.000e+00
 496.520903 27088200.0      1.748      1.733   4.074000    35.4299    12.3090     282.40     275.02     105.45  1026.8711    1498.42      15050  0.000e+00
 496.541736 27090000.0      1.897      1.881   4.075533    35.4304    12.3241     282.52     275.13     105.53  1026.8692    1498.47      15051  0.000e+00
 496.562569 27091800.0      1.920      1.904   4.078580    35.4315    12.3542     283.01     275.60     105.78  1026.8643    1498.57      15052  0.000e+00
 496.583403 27093600.0      1.674      1.659   4.078984    35.4287    12.3614     282.98     275.58     105.78  1026.8596    1498.59      15053  0.000e+00
 496.604236 27095400.0      1.565      1.551   4.082957    35.4288    12.4021     283.04     275.64     105.90  1026.8512    1498.73      15054  0.000e+00
 496.625069 27097200.0      1.732      1.718   4.083599    35.4301    12.4073     282.76     275.37     105.80  1026.8519    1498.75      15055  0.000e+00
 496.645903 27099000.0      1.619      1.605   4.084979    35.4296    12.4220     282.86     275.47     105.87  1026.8481    1498.80      15056  0.000e+00
 496.666736 27100800.0      1.597      1.583   4.086456    35.4301    12.4366     282.86     275.47     105.91  1026.8456    1498.85      15057  0.000e+00
 496.687569 27102600.0      1.614      1.600   4.086366    35.4310    12.4347     282.32     274.94     105.70  1026.8468    1498.84      15058  0.000e+00
 496.708403 27104400.0      1.566      1.553   4.087817    35.4296    12.4511     282.78     275.39     105.90  1026.8422    1498.89      15059  0.000e+00
 496.729236 27106200.0      1.569      1.556   4.090560    35.4302    12.4786     283.30     275.90     106.16  1026.8373    1498.99      15060  0.000e+00
 496.750069 27108000.0      1.677      1.663   4.089828    35.4309    12.4703     283.65     276.24     106.28  1026.8400    1498.96      15061  0.000e+00
 496.770903 27109800.0      1.901      1.885   4.089879    35.4304    12.4712     283.74     276.33     106.31  1026.8404    1498.97      15062  0.000e+00
 496.791736 27111600.0      1.951      1.934   4.087150    35.4326    12.4409     283.23     275.83     106.06  1026.8483    1498.87      15063  0.000e+00
 496.812569 27113400.0      1.595      1.581   4.088376    35.4341    12.4520     282.04     274.66     105.63  1026.8457    1498.90      15064  0.000e+00
 496.833403 27115200.0      1.760      1.746   4.085698    35.4328    12.4259     282.02     274.65     105.57  1026.8505    1498.82      15065  0.000e+00
 496.854236 27117000.0      1.979      1.962   4.086263    35.4328    12.4316     281.75     274.39     105.48  1026.8504    1498.84      15066  0.000e+00
 496.875069 27118800.0      1.986      1.969   4.086013    35.4316    12.4302     282.19     274.81     105.64  1026.8498    1498.83      15067  0.000e+00
 496.895903 27120600.0      1.756      1.741   4.086687    35.4302    12.4387     281.72     274.36     105.48  1026.8460    1498.86      15068  0.000e+00
 496.916736 27122400.0      1.641      1.628   4.086559    35.4302    12.4375     281.65     274.29     105.45  1026.8457    1498.85      15069  0.000e+00
 496.937569 27124200.0      1.860      1.844   4.085384    35.4315    12.4240     281.85     274.48     105.50  1026.8504    1498.81      15070  0.000e+00
