Data_example/SBE_Data_Processed/DY130/SeaBird/Data/Processed/DY130_009cfaldb.cnv
* Sea-Bird SBE 9 Data File:
* FileName = C:\Users\sandm\Documents\Cruises\DY130\Data\Raw Data\DY130_009.hex
* Software Version Seasave V 7.26.7.121
* Temperature SN = 03P-5494
* Conductivity SN = 04C-3768
* Number of Bytes Per Scan = 45
* Number of Voltage Words = 4
* Number of Scans Averaged by the Deck Unit = 1
* NMEA Latitude = 48 56.12 N
* NMEA Longitude = 016 26.57 W
* NMEA UTC (Time) = Apr 06 2021  06:46:39
* NMEA baud rate = 9600
** Ship: RRS Discovery
** Cruise: DY130
** Cast: DY130_009
** Station: 057
** Julian Day: 096
** Date: 06/04/2021
** Time (GMT): 06:46
** Latitude: 48 56.11N
** Longitude: 16 26.57W
** Depth (uncorrected m): 4809
** Principal Scientist: Sue Hart
** Operator: BP/PH
# nquan = 15
# nvalues = 9700                        
# units = specified
# name 0 = timeS: Time, Elapsed [seconds]
# name 1 = scan: Scan Count
# name 2 = prDM: Pressure, Digiquartz [db]
# name 3 = t090C: Temperature [ITS-90, deg C]
# name 4 = t190C: Temperature, 2 [ITS-90, deg C]
# name 5 = c0S/m: Conductivity [S/m]
# name 6 = c1S/m: Conductivity, 2 [S/m]
# name 7 = latitude: Latitude [deg]
# name 8 = longitude: Longitude [deg]
# name 9 = sbeox0ML/L: Oxygen, SBE 43 [ml/l]
# name 10 = sbeox1ML/L: Oxygen, SBE 43, 2 [ml/l]
# name 11 = depSM: Depth [salt water, m], lat = 48.9353
# name 12 = sal00: Salinity, Practical [PSU]
# name 13 = sal11: Salinity, Practical, 2 [PSU]
# name 14 = flag: flag
# span 0 =    324.386,  13244.330       
# span 1 =       7786,     317865       
# span 2 =      2.000,   4852.000       
# span 3 =     2.5255,    11.5654       
# span 4 =     2.5282,    11.5668       
# span 5 =   3.151165,   4.013559       
# span 6 =   2.624274,   4.012283       
# span 7 =   48.85215,   48.93552       
# span 8 =  -16.44245,  -16.41441       
# span 9 =     4.4229,     6.3975       
# span 10 =     4.5960,     7.0202      
# span 11 =      1.983,   4756.829      
# span 12 =    27.3379,    35.5517      
# span 13 =    22.4369,    35.5132      
# span 14 = 0.0000e+00, 0.0000e+00      
# interval = decibars: 1                
# start_time = Apr 06 2021 06:46:40 [NMEA time, first data scan]
# bad_flag = -9.990e-29
*END*
[from data line 772]
   1418.063      34035    775.000     8.6844     8.6729   3.747833   3.747040   48.93548  -16.44241     4.5129     4.6948    766.997    35.2970    35.3000 0.0000e+00
   1419.124      34060    776.000     8.6268     8.6157   3.741366   3.740663   48.93548  -16.44241     4.5291     4.7133    767.985    35.2856    35.2892 0.0000e+00
   1420.155      34085    777.000     8.5706     8.5612   3.735263   3.734620   48.93548  -16.44241     4.5447     4.7277    768.973    35.2766    35.2791 0.0000e+00
   1421.168      34109    778.000     8.5254     8.5211   3.729599   3.729363   48.93548  -16.44241     4.5563     4.7381    769.960    35.2612    35.2629 0.0000e+00
   1422.164      34133    779.000     8.5046     8.5039   3.726440   3.726653   48.93548  -16.44241     4.5632     4.7425    770.948    35.2480    35.2510 0.0000e+00
   1423.120      34156    780.000     8.4970     8.4981   3.725488   3.725917   48.93548  -16.44241     4.5610     4.7387    771.936    35.2451    35.2485 0.0000e+00
   1424.028      34178    781.000     8.5020     8.5066   3.725809   3.726595   48.93548  -16.44242     4.5544     4.7279    772.924    35.2431    35.2468 0.0000e+00
   1424.921      34199    782.000     8.5132     8.5162   3.727677   3.728554   48.93548  -16.44242     4.5411     4.7098    773.912    35.2512    35.2575 0.0000e+00
   1425.841      34221    783.000     8.5175     8.5194   3.728963   3.729564   48.93548  -16.44243     4.5193     4.6864    774.900    35.2601    35.2645 0.0000e+00
   1426.813      34245    784.000     8.5179     8.5197   3.729375   3.729912   48.93548  -16.44243     4.5007     4.6676    775.887    35.2636    35.2674 0.0000e+00
   1427.802      34268    785.000     8.5167     8.5181   3.729438   3.729934   48.93548  -16.44243     4.4921     4.6597    776.875    35.2649    35.2688 0.0000e+00
   1428.746      34291    786.000     8.5144     8.5152   3.729318   3.729756   48.93548  -16.44243     4.4916     4.6592    777.863    35.2655    35.2693 0.0000e+00
   1429.627      34312    787.000     8.5110     8.5112   3.729072   3.729455   48.93548  -16.44242     4.4921     4.6603    778.851    35.2658    35.2697 0.0000e+00
   1430.482      34333    788.000     8.5077     8.5078   3.728759   3.729089   48.93548  -16.44241     4.4932     4.6620    779.838    35.2653    35.2687 0.0000e+00
   1431.366      34354    789.000     8.5051     8.5057   3.728501   3.728857   48.93548  -16.44241     4.4939     4.6652    780.826    35.2647    35.2679 0.0000e+00
   1432.333      34377    790.000     8.5023     8.5032   3.728280   3.728677   48.93548  -16.44241     4.4941     4.6671    781.814    35.2647    35.2680 0.0000e+00
   1433.387      34402    791.000     8.4982     8.4991   3.728002   3.728416   48.93548  -16.44241     4.4934     4.6676    782.802    35.2654    35.2689 0.0000e+00
   1434.452      34428    792.000     8.4906     8.4915   3.727494   3.727903   48.93548  -16.44241     4.4924     4.6660    783.790    35.2670    35.2705 0.0000e+00
   1435.468      34452    793.000     8.4816     8.4827   3.726744   3.727189   48.93548  -16.44241     4.4923     4.6641    784.777    35.2677    35.2713 0.0000e+00
   1436.424      34475    794.000     8.4732     8.4743   3.725976   3.726415   48.93548  -16.44241     4.4925     4.6625    785.765    35.2674    35.2710 0.0000e+00
   1437.329      34497    795.000     8.4655     8.4663   3.725287   3.725733   48.93548  -16.44241     4.4932     4.6621    786.753    35.2673    35.2712 0.0000e+00
   1438.201      34518    796.000     8.4571     8.4574   3.724567   3.724959   48.93548  -16.44241     4.4909     4.6622    787.741    35.2676    35.2715 0.0000e+00
   1439.077      34539    797.000     8.4485     8.4486   3.723758   3.724118   48.93548  -16.44241     4.4887     4.6612    788.728    35.2672    35.2708 0.0000e+00
   1440.003      34561    798.000     8.4417     8.4420   3.723021   3.723390   48.93548  -16.44241     4.4881     4.6606    789.716    35.2656    35.2692 0.0000e+00
   1441.015      34585    799.000     8.4372     8.4378   3.722533   3.722916   48.93548  -16.44241     4.4889     4.6607    790.704    35.2645    35.2680 0.0000e+00
   1442.065      34611    800.000     8.4344     8.4354   3.722253   3.722660   48.93548  -16.44241     4.4892     4.6617    791.691    35.2638    35.2672 0.0000e+00
   1443.064      34635    801.000     8.4326     8.4337   3.722100   3.722530   48.93548  -16.44241     4.4880     4.6640    792.679    35.2636    35.2670 0.0000e+00
   1443.978      34656    802.000     8.4308     8.4318   3.721992   3.722415   48.93548  -16.44241     4.4890     4.6655    793.667    35.2637    35.2673 0.0000e+00
   1444.835      34677    803.000     8.4290     8.4297   3.721863   3.722270   48.93548  -16.44241     4.4896     4.6662    794.655    35.2638    35.2673 0.0000e+00
   1445.693      34698    804.000     8.4274     8.4281   3.721738   3.722131   48.93548  -16.44241     4.4907     4.6656    795.642    35.2636    35.2670 0.0000e+00
   1446.627      34720    805.000     8.4261     8.4267   3.721636   3.722015   48.93548  -16.44241     4.4907     4.6642    796.630    35.2633    35.2667 0.0000e+00
   1447.691      34746    806.000     8.4254     8.4260   3.721587   3.721953   48.93548  -16.44241     4.4896     4.6616    797.618    35.2630    35.2663 0.0000e+00
   1448.800      34772    807.000     8.4253     8.4262   3.721610   3.722004   48.93548  -16.44241     4.4888     4.6581    798.605    35.2629    35.2661 0.0000e+00
   1449.826      34797    808.000     8.4270     8.4282   3.721808   3.722253   48.93548  -16.44241     4.4852     4.6557    799.593    35.2629    35.2663 0.0000e+00
   1450.752      34819    809.000     8.4307     8.4323   3.722264   3.722736   48.93548  -16.44241     4.4816     4.6559    800.581    35.2635    35.2670 0.0000e+00
   1451.617      34840    810.000     8.4372     8.4393   3.723021   3.723526   48.93548  -16.44241     4.4784     4.6558    801.568    35.2646    35.2679 0.0000e+00
   1452.461      34860    811.000     8.4478     8.4505   3.724244   3.724811   48.93548  -16.44240     4.4764     4.6541    802.556    35.2666    35.2698 0.0000e+00
   1453.322      34881    812.000     8.4626     8.4658   3.725992   3.726612   48.93548  -16.44240     4.4734     4.6503    803.544    35.2699    35.2732 0.0000e+00
   1454.233      34903    813.000     8.4859     8.4893   3.728518   3.729179   48.93548  -16.44239     4.4699     4.6459    804.531    35.2729    35.2765 0.0000e+00
   1455.204      34926    814.000     8.5151     8.5181   3.732262   3.732818   48.93548  -16.44239     4.4669     4.6404    805.519    35.2830    35.2859 0.0000e+00
   1456.214      34950    815.000     8.5335     8.5356   3.735301   3.735864   48.93548  -16.44239     4.4585     4.6312    806.507    35.2963    35.3002 0.0000e+00
   1457.228      34974    816.000     8.5441     8.5450   3.736988   3.737408   48.93548  -16.44239     4.4498     4.6216    807.495    35.3031    35.3067 0.0000e+00
   1458.247      34999    817.000     8.5552     8.5561   3.738311   3.738665   48.93548  -16.44240     4.4441     4.6166    808.482    35.3057    35.3085 0.0000e+00
   1459.275      35024    818.000     8.5712     8.5728   3.740169   3.740550   48.93548  -16.44240     4.4414     4.6158    809.469    35.3089    35.3113 0.0000e+00
   1460.279      35048    819.000     8.5836     8.5853   3.742119   3.742566   48.93548  -16.44241     4.4383     4.6121    810.457    35.3166    35.3197 0.0000e+00
   1461.210      35070    820.000     8.5908     8.5925   3.743328   3.743805   48.93548  -16.44240     4.4333     4.6063    811.445    35.3218    35.3252 0.0000e+00
   1462.070      35091    821.000     8.5964     8.5984   3.744206   3.744708   48.93548  -16.44240     4.4310     4.6013    812.432    35.3251    35.3284 0.0000e+00
   1462.902      35111    822.000     8.6018     8.6045   3.745032   3.745590   48.93548  -16.44240     4.4305     4.5978    813.420    35.3279    35.3312 0.0000e+00
   1463.773      35132    823.000     8.6057     8.6095   3.745784   3.746468   48.93548  -16.44239     4.4298     4.5967    814.408    35.3315    35.3349 0.0000e+00
   1464.786      35156    824.000     8.6073     8.6133   3.746229   3.747192   48.93548  -16.44239     4.4295     4.5976    815.395    35.3341    35.3383 0.0000e+00
   1465.959      35184    825.000     8.6122     8.6162   3.746824   3.747797   48.93548  -16.44239     4.4284     4.6000    816.383    35.3350    35.3414 0.0000e+00
   1467.074      35211    826.000     8.6154     8.6171   3.747587   3.748208   48.93548  -16.44239     4.4262     4.6016    817.371    35.3395    35.3443 0.0000e+00
   1468.026      35234    827.000     8.6147     8.6155   3.747860   3.748344   48.93548  -16.44239     4.4229     4.6000    818.358    35.3426    35.3469 0.0000e+00
   1468.897      35255    828.000     8.6114     8.6112   3.747801   3.748209   48.93548  -16.44239     4.4229     4.5971    819.346    35.3448    35.3493 0.0000e+00
   1469.758      35275    829.000     8.6059     8.6054   3.747515   3.747837   48.93548  -16.44239     4.4243     4.5960    820.333    35.3468    35.3507 0.0000e+00
   1470.666      35297    830.000     8.6009     8.6013   3.747099   3.747473   48.93548  -16.44239     4.4250     4.5966    821.321    35.3469    35.3504 0.0000e+00
   1471.659      35321    831.000     8.5984     8.5992   3.746918   3.747339   48.93548  -16.44239     4.4275     4.5980    822.308    35.3470    35.3507 0.0000e+00
   1472.720      35346    832.000     8.5968     8.5975   3.746883   3.747304   48.93548  -16.44239     4.4279     4.6002    823.296    35.3478    35.3515 0.0000e+00
   1473.763      35371    833.000     8.5943     8.5950   3.746806   3.747230   48.93548  -16.44239     4.4270     4.6019    824.284    35.3490    35.3527 0.0000e+00
   1474.713      35394    834.000     8.5903     8.5911   3.746601   3.747037   48.93548  -16.44239     4.4269     4.6020    825.271    35.3504    35.3541 0.0000e+00
   1475.574      35415    835.000     8.5862     8.5870   3.746300   3.746742   48.93548  -16.44239     4.4257     4.6001    826.259    35.3508    35.3546 0.0000e+00
   1476.392      35434    836.000     8.5829     8.5838   3.746014   3.746457   48.93548  -16.44239     4.4269     4.5980    827.246    35.3506    35.3544 0.0000e+00
   1477.220      35454    837.000     8.5805     8.5816   3.745810   3.746261   48.93548  -16.44239     4.4289     4.5986    828.234    35.3504    35.3540 0.0000e+00
   1478.111      35476    838.000     8.5785     8.5796   3.745666   3.746130   48.93548  -16.44239     4.4297     4.6009    829.221    35.3504    35.3542 0.0000e+00
   1479.089      35499    839.000     8.5756     8.5765   3.745499   3.745946   48.93548  -16.44239     4.4314     4.6027    830.209    35.3510    35.3548 0.0000e+00
   1480.111      35524    840.000     8.5703     8.5711   3.745153   3.745590   48.93548  -16.44239     4.4304     4.6032    831.196    35.3522    35.3560 0.0000e+00
   1481.121      35548    841.000     8.5619     8.5626   3.744517   3.744958   48.93548  -16.44239     4.4301     4.6034    832.184    35.3534    35.3574 0.0000e+00
   1482.118      35572    842.000     8.5495     8.5493   3.743523   3.743906   48.93548  -16.44239     4.4309     4.6054    833.172    35.3547    35.3590 0.0000e+00
   1483.115      35596    843.000     8.5321     8.5313   3.742043   3.742360   48.93548  -16.44239     4.4319     4.6081    834.159    35.3560    35.3602 0.0000e+00
   1484.114      35620    844.000     8.5088     8.5075   3.739878   3.740191   48.93548  -16.44239     4.4350     4.6112    835.147    35.3559    35.3605 0.0000e+00
   1485.100      35643    845.000     8.4860     8.4839   3.737507   3.737717   48.93548  -16.44239     4.4379     4.6148    836.134    35.3531    35.3574 0.0000e+00
   1486.066      35667    846.000     8.4624     8.4600   3.735223   3.735405   48.93548  -16.44239     4.4429     4.6182    837.122    35.3520    35.3563 0.0000e+00
   1487.000      35689    847.000     8.4314     8.4290   3.732489   3.732641   48.93548  -16.44239     4.4481     4.6213    838.109    35.3534    35.3575 0.0000e+00
   1487.889      35710    848.000     8.3979     8.3961   3.729110   3.729331   48.93548  -16.44239     4.4526     4.6278    839.097    35.3506    35.3547 0.0000e+00
   1488.740      35731    849.000     8.3629     8.3607   3.725744   3.725988   48.93548  -16.44239     4.4583     4.6353    840.084    35.3494    35.3541 0.0000e+00
   1489.578      35751    850.000     8.3216     8.3194   3.721735   3.721955   48.93548  -16.44239     4.4641     4.6419    841.072    35.3476    35.3522 0.0000e+00
   1490.439      35772    851.000     8.2857     8.2840   3.717424   3.717677   48.93548  -16.44239     4.4708     4.6497    842.059    35.3372    35.3416 0.0000e+00
   1491.360      35794    852.000     8.2606     8.2591   3.714108   3.714358   48.93548  -16.44239     4.4814     4.6597    843.047    35.3266    35.3307 0.0000e+00
   1492.360      35818    853.000     8.2446     8.2431   3.711952   3.712177   48.93548  -16.44239     4.4910     4.6683    844.034    35.3193    35.3231 0.0000e+00
   1493.407      35843    854.000     8.2353     8.2343   3.710666   3.710899   48.93548  -16.44239     4.4965     4.6750    845.021    35.3144    35.3178 0.0000e+00
   1494.436      35867    855.000     8.2287     8.2272   3.709973   3.710184   48.93548  -16.44239     4.5022     4.6792    846.009    35.3131    35.3169 0.0000e+00
   1495.402      35891    856.000     8.2169     8.2148   3.709097   3.709182   48.93548  -16.44239     4.5022     4.6797    846.996    35.3151    35.3181 0.0000e+00
   1496.299      35912    857.000     8.2004     8.2020   3.707409   3.707799   48.93548  -16.44239     4.5005     4.6770    847.984    35.3132    35.3157 0.0000e+00
   1497.147      35933    858.000     8.1917     8.1915   3.705985   3.706452   48.93548  -16.44239     4.5016     4.6744    848.971    35.3063    35.3115 0.0000e+00
   1497.985      35953    859.000     8.1873     8.1856   3.705382   3.705602   48.93548  -16.44239     4.5037     4.6776    849.959    35.3038    35.3078 0.0000e+00
   1498.874      35974    860.000     8.1827     8.1797   3.704879   3.704992   48.93548  -16.44239     4.5082     4.6845    850.946    35.3026    35.3068 0.0000e+00
   1499.894      35998    861.000     8.1765     8.1674   3.704303   3.704058   48.93548  -16.44239     4.5134     4.6888    851.934    35.3022    35.3086 0.0000e+00
   1501.067      36027    862.000     8.1589     8.1413   3.703024   3.701737   48.93548  -16.44239     4.5144     4.6917    852.921    35.3057    35.3095 0.0000e+00
   1502.259      36055    863.000     8.1178     8.1072   3.699427   3.698288   48.93548  -16.44239     4.5157     4.6970    853.908    35.3080    35.3065 0.0000e+00
   1503.340      36081    864.000     8.0748     8.0705   3.694855   3.694624   48.93548  -16.44239     4.5211     4.7052    854.896    35.3018    35.3036 0.0000e+00
   1504.292      36104    865.000     8.0252     8.0225   3.690425   3.690584   48.93548  -16.44239     4.5282     4.7104    855.883    35.3036    35.3080 0.0000e+00
   1505.138      36124    866.000     7.9773     7.9749   3.685127   3.685374   48.93548  -16.44239     4.5358     4.7142    856.871    35.2945    35.2995 0.0000e+00
   1505.915      36143    867.000     7.9493     7.9481   3.681280   3.681541   48.93548  -16.44239     4.5442     4.7220    857.858    35.2810    35.2849 0.0000e+00
   1506.668      36161    868.000     7.9332     7.9329   3.679045   3.679363   48.93548  -16.44239     4.5552     4.7331    858.845    35.2727    35.2764 0.0000e+00
   1507.451      36180    869.000     7.9243     7.9244   3.677712   3.678068   48.93548  -16.44239     4.5678     4.7427    859.833    35.2668    35.2706 0.0000e+00
