Data_example/SBE_Data_Processed/DY130/SeaBird/Data/Processed/DY130_002cfaldb.cnv
* Sea-Bird SBE 9 Data File:
* FileName = C:\Users\sandm\Documents\Cruises\DY130\Data\Raw Data\DY130_002.hex
* Software Version Seasave V 7.26.7.121
* Temperature SN = 03P-5494
* Conductivity SN = 04C-3768
* Number of Bytes Per Scan = 45
* Number of Voltage Words = 4
* Number of Scans Averaged by the Deck Unit = 1
* NMEA Latitude = 48 49.03 N
* NMEA Longitude = 016 26.54 W
* NMEA UTC (Time) = Mar 30 2021  16:48:44
* NMEA baud rate = 9600
** Ship: RRS Discovery
** Cruise: DY130
** Cast: DY130_002
** Station: 019
** Julian Day: 089
** Date: 30/03/21
** Time (GMT): 16:48
** Latitude: 48 49.023 N
** Longitude: 16 26.539 W
** Depth (uncorrected m): 4809
** Principal Scientist: Sue Hartman
** Operator: BP/PH
# nquan = 15
# nvalues = 198                         
# units = specified
# name 0 = timeS: Time, Elapsed [seconds]
# name 1 = scan: Scan Count
# name 2 = prDM: Pressure, Digiquartz [db]
# name 3 = t090C: Temperature [ITS-90, deg C]
# name 4 = t190C: Temperature, 2 [ITS-90, deg C]
# name 5 = c0S/m: Conductivity [S/m]
# name 6 = c1S/m: Conductivity, 2 [S/m]
# name 7 = latitude: Latitude [deg]
# name 8 = longitude: Longitude [deg]
# name 9 = sbeox0ML/L: Oxygen, SBE 43 [ml/l]
# name 10 = sbeox1ML/L: Oxygen, SBE 43, 2 [ml/l]
# name 11 = depSM: Depth [salt water, m], lat = 48.8172
# name 12 = sal00: Salinity, Practical [PSU]
# name 13 = sal11: Salinity, Practical, 2 [PSU]
# name 14 = flag: flag
# span 0 =    144.622,   3098.005       
# span 1 =       3472,      74353       
# span 2 =      2.000,    101.000       
# span 3 =    11.3171,    11.8871       
# span 4 =    11.3185,    11.9267       
# span 5 =   2.880270,   4.064169       
# span 6 =   2.778472,   4.063748       
# span 7 =   48.78400,   48.81713       
# span 8 =  -16.44236,  -16.43120       
# span 9 =     4.5367,     6.6200       
# span 10 =     4.5539,     6.8717      
# span 11 =      1.983,    100.120      
# span 12 =    24.5316,    35.8519      
# span 13 =    23.5542,    35.9087      
# span 14 = 0.0000e+00, 0.0000e+00      
# interval = decibars: 1                
# start_time = Mar 30 2021 16:48:44 [NMEA time, first data scan]
# bad_flag = -9.990e-29
*END*
[from data line 97]
    574.037      13778     99.000    11.3201    11.3218   3.988343   3.988686   48.81708  -16.44232     6.0828     6.3589     98.138    35.4888    35.4906 0.0000e+00
    581.781      13964    100.000    11.3184    11.3206   3.988142   3.988598   48.81708  -16.44232     6.0882     6.3589     99.129    35.4880    35.4904 0.0000e+00
   1041.797      25004    101.000    11.3173    11.3186   3.988010   3.988364   48.81707  -16.44233     6.0919     6.3574    100.120    35.4873    35.4896 0.0000e+00
   1178.105      28276    100.000    11.3173    11.3185   3.987954   3.988312   48.81707  -16.44234     6.0966     6.3609     99.129    35.4872    35.4896 0.0000e+00
   1194.974      28680     99.000    11.3172    11.3185   3.987904   3.988272   48.81707  -16.44233     6.0948     6.3580     98.138    35.4872    35.4897 0.0000e+00
   1297.198      31134     98.000    11.3172    11.3189   3.987858   3.988243   48.81707  -16.44233     6.0980     6.3569     97.147    35.4872    35.4895 0.0000e+00
   1295.733      31099     97.000    11.3173    11.3190   3.987822   3.988210   48.81707  -16.44233     6.0964     6.3604     96.156    35.4872    35.4895 0.0000e+00
   1296.787      31124     96.000    11.3174    11.3190   3.987781   3.988171   48.81707  -16.44233     6.0950     6.3614     95.165    35.4872    35.4895 0.0000e+00
   1297.880      31150     95.000    11.3174    11.3190   3.987738   3.988129   48.81707  -16.44233     6.0946     6.3621     94.174    35.4872    35.4896 0.0000e+00
   1300.973      31224     94.000    11.3173    11.3189   3.987690   3.988090   48.81707  -16.44232     6.0919     6.3623     93.183    35.4873    35.4897 0.0000e+00
   1305.583      31335     93.000    11.3173    11.3189   3.987639   3.988045   48.81707  -16.44232     6.0882     6.3642     92.192    35.4873    35.4897 0.0000e+00
   1306.990      31369     92.000    11.3172    11.3188   3.987588   3.987994   48.81707  -16.44233     6.0926     6.3641     91.201    35.4873    35.4898 0.0000e+00
   1308.873      31414     91.000    11.3171    11.3189   3.987534   3.987957   48.81707  -16.44232     6.0890     6.3603     90.210    35.4873    35.4898 0.0000e+00
   1312.146      31492     90.000    11.3172    11.3201   3.987490   3.987996   48.81707  -16.44232     6.0915     6.3612     89.219    35.4872    35.4895 0.0000e+00
   1313.964      31536     89.000    11.3178    11.3224   3.987481   3.988134   48.81707  -16.44232     6.0898     6.3617     88.228    35.4870    35.4891 0.0000e+00
   1315.236      31567     88.000    11.3195    11.3271   3.987571   3.988431   48.81707  -16.44233     6.0931     6.3646     87.236    35.4867    35.4879 0.0000e+00
   1316.498      31597     87.000    11.3215    11.3347   3.987742   3.989122   48.81707  -16.44233     6.0964     6.3658     86.245    35.4869    35.4880 0.0000e+00
   1321.036      31706     86.000    11.3242    11.3367   3.987990   3.989397   48.81708  -16.44232     6.0958     6.3639     85.254    35.4872    35.4892 0.0000e+00
   1325.328      31809     85.000    11.3296    11.3415   3.988400   3.989720   48.81709  -16.44233     6.0970     6.3589     84.263    35.4865    35.4882 0.0000e+00
   1326.343      31833     84.000    11.3348    11.3529   3.988816   3.990541   48.81709  -16.44234     6.0995     6.3577     83.272    35.4862    35.4859 0.0000e+00
   1327.337      31857     83.000    11.3410    11.3703   3.989356   3.992034   48.81709  -16.44234     6.1013     6.3579     82.281    35.4860    35.4844 0.0000e+00
   1328.392      31882     82.000    11.3481    11.3875   3.990048   3.993923   48.81707  -16.44234     6.1023     6.3566     81.290    35.4865    35.4871 0.0000e+00
   1331.402      31955     81.000    11.3515    11.3960   3.990687   3.995259   48.81707  -16.44233     6.0962     6.3576     80.299    35.4901    35.4926 0.0000e+00
   1339.970      32160     80.000    11.3643    11.3873   3.991846   3.994562   48.81709  -16.44234     6.0938     6.3599     79.307    35.4896    35.4945 0.0000e+00
   1341.625      32200     79.000    11.3663    11.3873   3.992085   3.994514   48.81707  -16.44234     6.0954     6.3590     78.316    35.4906    35.4945 0.0000e+00
   1533.940      36816     78.000    11.4467    11.4580   4.000483   4.001792   48.81707  -16.44233     6.0936     6.3636     77.325    35.4970    35.4991 0.0000e+00
   1543.864      37054     77.000    11.4519    11.4727   4.000985   4.003253   48.81707  -16.44234     6.1002     6.3648     76.334    35.4975    35.5000 0.0000e+00
   1547.812      37148     76.000    11.4532    11.4921   4.001096   4.005086   48.81707  -16.44234     6.0989     6.3698     75.343    35.4978    35.4999 0.0000e+00
   1551.616      37240     75.000    11.4605    11.5254   4.001588   4.008064   48.81707  -16.44234     6.1024     6.3726     74.352    35.4960    35.4978 0.0000e+00
   1553.571      37287     74.000    11.4731    11.5508   4.002906   4.011004   48.81707  -16.44234     6.1024     6.3776     73.360    35.4975    35.5030 0.0000e+00
   1556.375      37354     73.000    11.4872    11.5625   4.004069   4.012399   48.81707  -16.44234     6.0975     6.3831     72.369    35.4959    35.5060 0.0000e+00
   1560.387      37450     72.000    11.5223    11.5684   4.008023   4.013163   48.81706  -16.44233     6.1059     6.3804     71.378    35.5018    35.5083 0.0000e+00
   1565.560      37574     71.000    11.5341    11.5680   4.009268   4.013028   48.81707  -16.44233     6.1044     6.3753     70.387    35.5033    35.5078 0.0000e+00
   1567.305      37616     70.000    11.5433    11.5751   4.010096   4.013623   48.81707  -16.44233     6.1048     6.3780     69.396    35.5030    35.5074 0.0000e+00
   1570.240      37687     69.000    11.5457    11.5806   4.010465   4.014208   48.81707  -16.44233     6.1044     6.3763     68.404    35.5048    35.5083 0.0000e+00
   1573.766      37771     68.000    11.5504    11.5905   4.010954   4.015202   48.81707  -16.44234     6.1013     6.3763     67.413    35.5056    35.5091 0.0000e+00
   1582.178      37973     66.000    11.5473    11.5742   4.008255   4.011774   48.78400  -16.43120     6.0964     6.3689     65.431    35.4781    35.4870 0.0000e+00
   1585.151      38045     65.000    11.5804    11.5938   4.013228   4.015008   48.81707  -16.44234     6.1042     6.3762     64.440    35.5007    35.5054 0.0000e+00
   1586.897      38087     64.000    11.5940    11.6039   4.015033   4.016387   48.81707  -16.44234     6.1133     6.3809     63.448    35.5059    35.5098 0.0000e+00
   1589.851      38157     63.000    11.5999    11.6068   4.015820   4.016829   48.81707  -16.44234     6.1102     6.3835     62.457    35.5084    35.5118 0.0000e+00
   1595.324      38289     62.000    11.6022    11.6067   4.016089   4.016779   48.81707  -16.44232     6.1094     6.3807     61.466    35.5093    35.5118 0.0000e+00
   1598.464      38364     61.000    11.6013    11.6069   4.015954   4.016749   48.81707  -16.44232     6.1109     6.3785     60.475    35.5093    35.5118 0.0000e+00
   1601.417      38435     60.000    11.6018    11.6077   4.015907   4.016763   48.81707  -16.44233     6.1177     6.3783     59.483    35.5089    35.5116 0.0000e+00
   1603.883      38494     59.000    11.6047    11.6120   4.016125   4.017040   48.81707  -16.44234     6.1164     6.3862     58.492    35.5086    35.5107 0.0000e+00
   1605.931      38543     58.000    11.6085    11.6195   4.016439   4.017685   48.81707  -16.44233     6.1213     6.4029     57.501    35.5086    35.5103 0.0000e+00
   1610.880      38662     57.000    11.6149    11.6421   4.016891   4.019654   48.81707  -16.44233     6.1229     6.4201     56.510    35.5073    35.5086 0.0000e+00
   1616.408      38795     56.000    11.6382    11.6576   4.018508   4.020937   48.81707  -16.44234     6.1359     6.4272     55.518    35.5014    35.5068 0.0000e+00
   1624.380      38986     55.000    11.6579    11.6813   4.020744   4.022797   48.81707  -16.44234     6.1671     6.4417     54.527    35.5050    35.5028 0.0000e+00
   1665.718      39978     54.000    11.6894    11.6936   4.023712   4.024314   48.81707  -16.44234     6.1952     6.4612     53.536    35.5046    35.5065 0.0000e+00
   1872.034      44930     53.000    11.6285    11.6307   4.018146   4.018599   48.81708  -16.44232     6.1448     6.4105     52.545    35.5085    35.5108 0.0000e+00
   1979.724      47514     52.000    11.5997    11.6018   4.015473   4.015923   48.81708  -16.44231     6.1108     6.3894     51.553    35.5101    35.5126 0.0000e+00
   1952.557      46862     51.000    11.6088    11.6115   4.016257   4.016759   48.81707  -16.44232     6.1236     6.3957     50.562    35.5096    35.5120 0.0000e+00
   1954.986      46921     50.000    11.6098    11.6135   4.016280   4.016862   48.81707  -16.44232     6.1259     6.4004     49.571    35.5094    35.5115 0.0000e+00
   1957.414      46979     49.000    11.6112    11.6157   4.016399   4.017095   48.81707  -16.44232     6.1350     6.4000     48.579    35.5096    35.5121 0.0000e+00
   1961.903      47087     48.000    11.6123    11.6163   4.016474   4.017143   48.81707  -16.44232     6.1311     6.3973     47.588    35.5098    35.5125 0.0000e+00
   1963.917      47135     47.000    11.6124    11.6165   4.016459   4.017123   48.81707  -16.44232     6.1321     6.4001     46.597    35.5099    35.5126 0.0000e+00
   1967.498      47221     46.000    11.6125    11.6176   4.016401   4.017164   48.81707  -16.44232     6.1338     6.4012     45.606    35.5098    35.5124 0.0000e+00
   1970.636      47296     45.000    11.6137    11.6189   4.016439   4.017199   48.81707  -16.44232     6.1366     6.4085     44.614    35.5094    35.5119 0.0000e+00
   1972.419      47339     44.000    11.6173    11.6239   4.016672   4.017470   48.81707  -16.44232     6.1408     6.4194     43.623    35.5087    35.5102 0.0000e+00
   1974.282      47384     43.000    11.6200    11.6314   4.016946   4.018139   48.81707  -16.44232     6.1477     6.4331     42.632    35.5093    35.5101 0.0000e+00
   1978.825      47493     42.000    11.6238    11.6369   4.017260   4.018623   48.81707  -16.44232     6.1527     6.4351     41.640    35.5092    35.5101 0.0000e+00
   1981.135      47548     41.000    11.6254    11.6445   4.017315   4.019106   48.81707  -16.44232     6.1561     6.4422     40.649    35.5087    35.5080 0.0000e+00
   1983.545      47606     40.000    11.6278    11.6595   4.017491   4.020355   48.81707  -16.44232     6.1582     6.4546     39.658    35.5086    35.5064 0.0000e+00
   1986.165      47669     39.000    11.6405    11.6724   4.018338   4.021608   48.81707  -16.44232     6.1617     6.4623     38.666    35.5052    35.5068 0.0000e+00
   1988.088      47715     38.000    11.6504    11.6778   4.019328   4.021953   48.81707  -16.44232     6.1723     6.4640     37.675    35.5059    35.5056 0.0000e+00
   1992.057      47810     37.000    11.6473    11.6815   4.019080   4.022335   48.81707  -16.44232     6.1737     6.4671     36.684    35.5069    35.5062 0.0000e+00
   1995.441      47892     36.000    11.6519    11.6837   4.019227   4.022509   48.81707  -16.44233     6.1779     6.4692     35.692    35.5043    35.5063 0.0000e+00
   1997.015      47929     35.000    11.6648    11.6837   4.020292   4.022488   48.81707  -16.44233     6.1843     6.4723     34.701    35.5029    35.5065 0.0000e+00
   1998.719      47970     34.000    11.6687    11.6818   4.020816   4.022323   48.81707  -16.44232     6.1909     6.4730     33.709    35.5048    35.5072 0.0000e+00
   2001.076      48027     33.000    11.6649    11.6800   4.020540   4.022082   48.81707  -16.44232     6.1880     6.4677     32.718    35.5062    35.5070 0.0000e+00
   2006.921      48167     32.000    11.6756    11.6798   4.021394   4.022045   48.81707  -16.44234     6.2024     6.4681     31.727    35.5049    35.5072 0.0000e+00
   2009.493      48229     31.000    11.6760    11.6791   4.021365   4.021907   48.81707  -16.44234     6.2007     6.4684     30.735    35.5046    35.5069 0.0000e+00
   2017.137      48412     30.000    11.6765    11.6788   4.021316   4.021780   48.81707  -16.44234     6.1995     6.4741     29.744    35.5041    35.5065 0.0000e+00
   2073.858      49774     29.000    11.6782    11.6810   4.021474   4.021953   48.81707  -16.44234     6.2021     6.4710     28.753    35.5045    35.5065 0.0000e+00
   2595.953      62304     28.000    11.6680    11.6693   4.020526   4.020893   48.81707  -16.44234     6.1996     6.4705     27.761    35.5053    35.5077 0.0000e+00
   2684.345      64425     27.000    11.6657    11.6667   4.020276   4.020638   48.81707  -16.44234     6.1979     6.4720     26.770    35.5055    35.5082 0.0000e+00
   2686.238      64471     26.000    11.6655    11.6680   4.020213   4.020620   48.81707  -16.44234     6.1958     6.4726     25.778    35.5056    35.5072 0.0000e+00
   2688.387      64522     25.000    11.6656    11.6735   4.020155   4.020902   48.81707  -16.44234     6.2012     6.4727     24.787    35.5054    35.5051 0.0000e+00
   2692.897      64631     24.000    11.6677    11.6808   4.020232   4.021540   48.81707  -16.44234     6.2020     6.4804     23.795    35.5045    35.5048 0.0000e+00
   2695.337      64689     23.000    11.6706    11.6848   4.020347   4.021796   48.81707  -16.44234     6.2033     6.4817     22.804    35.5034    35.5040 0.0000e+00
   2697.123      64732     22.000    11.6754    11.6920   4.020701   4.022402   48.81707  -16.44233     6.2074     6.4837     21.813    35.5027    35.5035 0.0000e+00
   2701.994      64849     21.000    11.6752    11.6937   4.020659   4.022582   48.81707  -16.44234     6.2069     6.4769     20.821    35.5029    35.5041 0.0000e+00
   2704.514      64909     20.000    11.6809    11.6943   4.021085   4.022622   48.81707  -16.44234     6.2088     6.4789     19.830    35.5020    35.5044 0.0000e+00
   2707.040      64970     19.000    11.6829    11.6940   4.021288   4.022545   48.81707  -16.44233     6.2058     6.4835     18.838    35.5026    35.5044 0.0000e+00
   2709.752      65035     18.000    11.6848    11.6928   4.021346   4.022408   48.81707  -16.44232     6.2089     6.4805     17.847    35.5018    35.5046 0.0000e+00
   2716.080      65187     17.000    11.6875    11.6920   4.021548   4.022299   48.81707  -16.44234     6.2062     6.4799     16.855    35.5017    35.5047 0.0000e+00
   2718.336      65241     16.000    11.6904    11.6925   4.021792   4.022272   48.81707  -16.44234     6.2102     6.4773     15.864    35.5018    35.5045 0.0000e+00
   2721.077      65307     15.000    11.6911    11.6929   4.021857   4.022324   48.81707  -16.44234     6.2077     6.4785     14.872    35.5022    35.5050 0.0000e+00
   2728.830      65493     14.000    11.6910    11.6912   4.021826   4.022151   48.81707  -16.44232     6.2100     6.4803     13.881    35.5024    35.5054 0.0000e+00
   3021.923      72527     13.000    11.6838    11.6852   4.021119   4.021498   48.81707  -16.44232     6.2099     6.4811     12.890    35.5028    35.5052 0.0000e+00
   3046.080      73107     12.000    11.6846    11.6868   4.021137   4.021571   48.81707  -16.44232     6.2027     6.4805     11.898    35.5026    35.5048 0.0000e+00
   3048.816      73173     11.000    11.6846    11.6869   4.021099   4.021542   48.81707  -16.44232     6.2110     6.4765     10.907    35.5027    35.5049 0.0000e+00
   3060.213      73446     10.000    11.6846    11.6861   4.021038   4.021443   48.81707  -16.44233     6.2080     6.4851      9.915    35.5026    35.5051 0.0000e+00
   3061.725      73482      9.000    11.6847    11.6853   4.020999   4.021312   48.81706  -16.44232     6.2059     6.4844      8.924    35.5025    35.5050 0.0000e+00
   3070.082      73683      8.000    11.6827    11.6847   4.020797   4.021220   48.81707  -16.44233     6.2071     6.4800      7.932    35.5029    35.5051 0.0000e+00
