Data_example/SBE_Data_Processed/DY130/SeaBird/Data/Processed/DY130_004cfaldb.cnv
* Sea-Bird SBE 9 Data File:
* FileName = C:\Users\sandm\Documents\Cruises\DY130\Data\Raw Data\DY130_004.hex
* Software Version Seasave V 7.26.7.121
* Temperature SN = 03P-5494
* Conductivity SN = 04C-3768
* Number of Bytes Per Scan = 45
* Number of Voltage Words = 4
* Number of Scans Averaged by the Deck Unit = 1
* NMEA Latitude = 48 56.97 N
* NMEA Longitude = 016 26.65 W
* NMEA UTC (Time) = Apr 01 2021  07:02:32
* NMEA baud rate = 9600
** Ship: RRS Discovery
** Cruise: DY130
** Cast: DY130_004
** Station: 027
** Julian Day: 091
** Date: 01/04/21
** Time (GMT): 07:02
** Latitude: 48 56.96 N
** Longitude: 16 26.64 W
** Depth (uncorrected m): 4811
** Principal Scientist: Sue Hart
** Operator: BP/PH
# nquan = 15
# nvalues = 405                         
# units = specified
# name 0 = timeS: Time, Elapsed [seconds]
# name 1 = scan: Scan Count
# name 2 = prDM: Pressure, Digiquartz [db]
# name 3 = t090C: Temperature [ITS-90, deg C]
# name 4 = t190C: Temperature, 2 [ITS-90, deg C]
# name 5 = c0S/m: Conductivity [S/m]
# name 6 = c1S/m: Conductivity, 2 [S/m]
# name 7 = latitude: Latitude [deg]
# name 8 = longitude: Longitude [deg]
# name 9 = sbeox0ML/L: Oxygen, SBE 43 [ml/l]
# name 10 = sbeox1ML/L: Oxygen, SBE 43, 2 [ml/l]
# name 11 = depSM: Depth [salt water, m], lat = 48.9495
# name 12 = sal00: Salinity, Practical [PSU]
# name 13 = sal11: Salinity, Practical, 2 [PSU]
# name 14 = flag: flag
# span 0 =    224.423,   2593.545       
# span 1 =       5387,      62246       
# span 2 =      1.000,    205.000       
# span 3 =    10.9496,    11.5371       
# span 4 =    10.7873,    11.5385       
# span 5 =   0.663900,   4.007628       
# span 6 =  -0.074561,   4.007921       
# span 7 =   48.76100,   49.04527       
# span 8 =  -16.47631,  -16.38081       
# span 9 =     4.3529,     6.9362       
# span 10 =     4.6393,     7.0761      
# span 11 =      0.991,    203.161      
# span 12 =     4.1852,    35.5563      
# span 13 =    -2.3461,    35.5593      
# span 14 = 0.0000e+00, 0.0000e+00      
# interval = decibars: 1                
# start_time = Apr 01 2021 07:02:33 [NMEA time, first data scan]
# bad_flag = -9.990e-29
*END*
    224.423       5387      1.000    10.9496    10.7873   0.663900  -0.074561   48.94943  -16.44411     6.9362     7.0761      0.991     4.1852    -2.3461 0.0000e+00
    228.918       5495      2.000    11.4260    11.4008   3.414610   3.259380   48.94943  -16.44411     6.1978     6.3031      1.983    29.8735    28.4390 0.0000e+00
    232.554       5582      3.000    11.5173    11.5172   3.959309   3.954368   48.94943  -16.44411     5.6358     5.7008      2.975    35.0603    35.0144 0.0000e+00
    235.476       5652      4.000    11.5087    11.5171   3.984222   3.983130   48.94943  -16.44411     5.2659     5.3378      3.966    35.3099    35.2910 0.0000e+00
    238.591       5727      5.000    11.4706    11.5079   3.976206   3.976704   48.94943  -16.44411     4.9037     5.0733      4.958    35.2665    35.2359 0.0000e+00
    241.994       5809      6.000    11.4308    11.5222   3.970860   3.977586   48.94943  -16.44411     4.8431     4.9055      5.949    35.2511    35.2304 0.0000e+00
    245.498       5893      7.000    11.4909    11.5290   3.970806   3.984769   48.94943  -16.44411     4.7180     4.9443      6.941    35.1928    35.2945 0.0000e+00
    247.912       5951      8.000    11.4358    11.5242   3.968350   3.986478   48.94943  -16.44411     4.7042     5.1923      7.932    35.2206    35.3156 0.0000e+00
    251.432       6035      9.000    11.4471    11.5173   3.965377   3.977919   48.94943  -16.44411     4.6011     4.8717      8.924    35.1800    35.2371 0.0000e+00
    255.174       6125     10.000    11.5146    11.5308   3.963439   3.981320   48.94943  -16.44411     4.3802     4.6393      9.915    35.0960    35.2574 0.0000e+00
    257.717       6186     11.000    11.4283    11.5273   3.963320   3.988287   48.94943  -16.44411     4.3529     4.8108     10.906    35.1766    35.3292 0.0000e+00
    391.712       9402     12.000    11.4700    11.5239   3.991747   3.998446   48.94943  -16.44411     5.5922     5.8743     11.898    35.4177    35.4325 0.0000e+00
    461.940      11088     13.000    11.5302    11.5320   4.005369   4.005854   48.94943  -16.44411     6.1519     6.3990     12.889    35.4945    35.4976 0.0000e+00
    470.113      11284     14.000    11.5318    11.5325   4.005713   4.006063   48.94943  -16.44411     6.1595     6.4084     13.881    35.4960    35.4987 0.0000e+00
    476.402      11435     15.000    11.5320    11.5329   4.005770   4.006134   48.94943  -16.44411     6.1512     6.4022     14.872    35.4959    35.4986 0.0000e+00
    483.195      11598     17.000    11.4878    11.4892   3.990472   3.990894   48.76100  -16.38081     6.1333     6.3829     16.855    35.3594    35.3622 0.0000e+00
    489.383      11746     18.000    11.5325    11.5334   4.005956   4.006332   48.94943  -16.44411     6.1622     6.4044     17.847    35.4958    35.4987 0.0000e+00
    492.952      11832     19.000    11.5333    11.5344   4.006079   4.006436   48.94943  -16.44411     6.1634     6.4037     18.838    35.4959    35.4983 0.0000e+00
    496.959      11928     20.000    11.5356    11.5364   4.006351   4.006668   48.94943  -16.44411     6.1609     6.4045     19.829    35.4959    35.4983 0.0000e+00
    500.750      12019     21.000    11.5370    11.5382   4.006573   4.006936   48.94943  -16.44411     6.1535     6.4068     20.821    35.4963    35.4988 0.0000e+00
    505.264      12127     22.000    11.5370    11.5380   4.006608   4.006983   48.94943  -16.44411     6.1594     6.4058     21.812    35.4962    35.4990 0.0000e+00
    508.777      12212     23.000    11.5369    11.5380   4.006642   4.007031   48.94943  -16.44411     6.1615     6.4020     22.804    35.4962    35.4990 0.0000e+00
    514.056      12338     24.000    11.5364    11.5378   4.006649   4.007072   48.94943  -16.44411     6.1616     6.4031     23.795    35.4963    35.4991 0.0000e+00
    517.240      12415     25.000    11.5363    11.5373   4.006669   4.007066   48.94943  -16.44411     6.1545     6.4051     24.787    35.4961    35.4991 0.0000e+00
    522.310      12536     26.000    11.5362    11.5374   4.006713   4.007108   48.94944  -16.44411     6.1525     6.4040     25.778    35.4962    35.4990 0.0000e+00
    526.618      12640     27.000    11.5365    11.5373   4.006782   4.007139   48.94943  -16.44411     6.1600     6.4023     26.769    35.4962    35.4990 0.0000e+00
    529.863      12718     28.000    11.5367    11.5372   4.006844   4.007175   48.94943  -16.44411     6.1591     6.4047     27.761    35.4962    35.4989 0.0000e+00
    538.209      12918     30.000    11.5172    11.5180   4.000256   4.000623   48.86816  -16.41681     6.1418     6.3908     29.743    35.4373    35.4401 0.0000e+00
    541.463      12996     31.000    11.5363    11.5372   4.006950   4.007315   48.94943  -16.44411     6.1610     6.3975     30.735    35.4962    35.4989 0.0000e+00
    546.038      13106     32.000    11.5371    11.5378   4.007071   4.007422   48.94943  -16.44411     6.1590     6.4027     31.726    35.4962    35.4989 0.0000e+00
    551.277      13232     33.000    11.5369    11.5379   4.007125   4.007507   48.94943  -16.44411     6.1536     6.3972     32.718    35.4965    35.4993 0.0000e+00
    554.231      13303     34.000    11.5364    11.5372   4.007125   4.007515   48.94943  -16.44411     6.1436     6.3938     33.709    35.4965    35.4996 0.0000e+00
    559.198      13422     35.000    11.5357    11.5370   4.007109   4.007529   48.94943  -16.44411     6.1433     6.3924     34.700    35.4965    35.4995 0.0000e+00
    562.693      13506     36.000    11.5355    11.5363   4.007132   4.007512   48.94944  -16.44411     6.1450     6.3927     35.692    35.4965    35.4995 0.0000e+00
    567.555      13622     37.000    11.5344    11.5360   4.007060   4.007521   48.94944  -16.44411     6.1454     6.3893     36.683    35.4964    35.4994 0.0000e+00
    572.132      13732     38.000    11.5344    11.5355   4.007084   4.007499   48.94944  -16.44411     6.1485     6.3887     37.674    35.4962    35.4992 0.0000e+00
    575.657      13817     39.000    11.5350    11.5357   4.007175   4.007536   48.94943  -16.44411     6.1526     6.3911     38.666    35.4961    35.4989 0.0000e+00
    578.572      13887     40.000    11.5349    11.5366   4.007221   4.007629   48.94943  -16.44411     6.1546     6.3984     39.657    35.4962    35.4986 0.0000e+00
    583.737      14011     41.000    11.5333    11.5355   4.007132   4.007626   48.94943  -16.44411     6.1487     6.3975     40.648    35.4963    35.4992 0.0000e+00
    587.080      14091     42.000    11.5330    11.5336   4.007116   4.007502   48.94943  -16.44411     6.1452     6.3922     41.640    35.4960    35.4993 0.0000e+00
    591.325      14193     43.000    11.5358    11.5366   4.007428   4.007757   48.94943  -16.44411     6.1584     6.3942     42.631    35.4960    35.4985 0.0000e+00
    594.992      14281     44.000    11.5367    11.5374   4.007561   4.007921   48.94943  -16.44411     6.1557     6.3974     43.622    35.4960    35.4989 0.0000e+00
    597.976      14352     45.000    11.5368    11.5360   4.007628   4.007854   48.94943  -16.44411     6.1542     6.3967     44.614    35.4961    35.4991 0.0000e+00
    603.500      14485     46.000    11.5263    11.5313   4.007001   4.007646   48.94943  -16.44411     6.1480     6.3941     45.605    35.4995    35.5012 0.0000e+00
    606.072      14547     47.000    11.5099    11.5128   4.005526   4.006303   48.94943  -16.44411     6.1258     6.3759     46.596    35.5002    35.5051 0.0000e+00
    609.205      14622     48.000    11.5070    11.5038   4.004998   4.005093   48.94943  -16.44411     6.1128     6.3501     47.588    35.4973    35.5013 0.0000e+00
    613.940      14736     49.000    11.4999    11.5049   4.004597   4.005325   48.94943  -16.44411     6.1055     6.3575     48.579    35.4997    35.5022 0.0000e+00
    615.638      14776     50.000    11.4965    11.4957   4.004038   4.004405   48.94943  -16.44411     6.0889     6.3388     49.570    35.4971    35.5014 0.0000e+00
    620.377      14890     51.000    11.4923    11.4987   4.003757   4.004712   48.94943  -16.44411     6.0856     6.3416     50.561    35.4978    35.5012 0.0000e+00
    623.740      14971     52.000    11.4879    11.4920   4.003364   4.004192   48.94943  -16.44411     6.0790     6.3343     51.553    35.4977    35.5020 0.0000e+00
    625.955      15024     53.000    11.4876    11.4882   4.003324   4.003705   48.94943  -16.44411     6.0759     6.3161     52.544    35.4972    35.5004 0.0000e+00
    629.989      15121     54.000    11.4864    11.4879   4.003276   4.003720   48.94943  -16.44411     6.0791     6.3202     53.535    35.4974    35.5003 0.0000e+00
    633.632      15208     55.000    11.4855    11.4864   4.003211   4.003627   48.94943  -16.44411     6.0807     6.3217     54.526    35.4972    35.5004 0.0000e+00
    637.376      15298     56.000    11.4842    11.4856   4.003166   4.003589   48.94943  -16.44411     6.0748     6.3145     55.518    35.4975    35.5004 0.0000e+00
    640.615      15376     57.000    11.4840    11.4850   4.003166   4.003562   48.94943  -16.44411     6.0720     6.3141     56.509    35.4973    35.5002 0.0000e+00
    645.291      15488     58.000    11.4837    11.4853   4.003210   4.003639   48.94943  -16.44411     6.0640     6.3150     57.500    35.4975    35.5003 0.0000e+00
    647.203      15534     59.000    11.4839    11.4845   4.003267   4.003643   48.94944  -16.44411     6.0716     6.3129     58.491    35.4975    35.5006 0.0000e+00
    652.386      15658     60.000    11.4810    11.4838   4.003133   4.003644   48.94944  -16.44411     6.0736     6.3168     59.483    35.4984    35.5008 0.0000e+00
    655.098      15723     61.000    11.4763    11.4783   4.002730   4.003315   48.94943  -16.44411     6.0697     6.3106     60.474    35.4985    35.5024 0.0000e+00
    657.605      15784     62.000    11.4741    11.4731   4.002541   4.002766   48.94943  -16.44411     6.0717     6.3054     61.465    35.4983    35.5015 0.0000e+00
    662.033      15890     63.000    11.4657    11.4692   4.001830   4.002507   48.94945  -16.44411     6.0658     6.3036     62.456    35.4989    35.5022 0.0000e+00
    665.215      15966     64.000    11.4575    11.4601   4.001150   4.001789   48.94944  -16.44411     6.0592     6.3014     63.448    35.4995    35.5034 0.0000e+00
    667.200      16014     65.000    11.4525    11.4516   4.000616   4.000943   48.94943  -16.44411     6.0598     6.2992     64.439    35.4987    35.5028 0.0000e+00
    672.239      16135     66.000    11.4497    11.4524   4.000385   4.000944   48.94944  -16.44411     6.0627     6.3000     65.430    35.4986    35.5015 0.0000e+00
    675.623      16216     67.000    11.4401    11.4433   3.999600   4.000509   48.94943  -16.44410     6.0601     6.3010     66.421    35.4996    35.5055 0.0000e+00
    677.588      16263     68.000    11.4395    11.4266   3.999373   3.998773   48.94943  -16.44411     6.0603     6.2936     67.412    35.4974    35.5039 0.0000e+00
    682.152      16373     69.000    11.4259    11.4306   3.998314   3.999177   48.94944  -16.44411     6.0526     6.2961     68.404    35.4996    35.5036 0.0000e+00
    685.363      16450     70.000    11.4177    11.4190   3.997395   3.997951   48.94944  -16.44411     6.0503     6.2888     69.395    35.4979    35.5021 0.0000e+00
    688.465      16524     71.000    11.4151    11.4157   3.997117   3.997428   48.94943  -16.44411     6.0528     6.2820     70.386    35.4972    35.4997 0.0000e+00
    693.788      16652     72.000    11.4146    11.4171   3.997097   3.997659   48.94943  -16.44411     6.0477     6.2836     71.377    35.4971    35.5002 0.0000e+00
    695.847      16701     73.000    11.4144    11.4150   3.997112   3.997526   48.94943  -16.44411     6.0452     6.2841     72.368    35.4969    35.5004 0.0000e+00
    699.578      16791     74.000    11.4135    11.4147   3.997090   3.997491   48.94944  -16.44411     6.0480     6.2858     73.360    35.4971    35.5000 0.0000e+00
    703.043      16874     75.000    11.4098    11.4120   3.996814   3.997380   48.94943  -16.44411     6.0416     6.2861     74.351    35.4975    35.5010 0.0000e+00
    705.307      16928     76.000    11.4100    11.4064   3.996715   3.996813   48.94943  -16.44411     6.0447     6.2873     75.342    35.4959    35.5003 0.0000e+00
    710.169      17045     77.000    11.4038    11.4053   3.996295   3.996796   48.94943  -16.44411     6.0488     6.2841     76.333    35.4972    35.5008 0.0000e+00
    713.486      17125     78.000    11.3966    11.3957   3.995664   3.995938   48.94943  -16.44411     6.0476     6.2839     77.324    35.4974    35.5010 0.0000e+00
    715.954      17184     79.000    11.3905    11.3865   3.994975   3.994990   48.94943  -16.44411     6.0456     6.2795     78.315    35.4960    35.5000 0.0000e+00
    718.442      17244     80.000    11.3912    11.3813   3.994959   3.994303   48.94943  -16.44411     6.0487     6.2834     79.306    35.4947    35.4977 0.0000e+00
    723.824      17373     81.000    11.3811    11.3822   3.994048   3.994550   48.94943  -16.44411     6.0402     6.2848     80.298    35.4949    35.4989 0.0000e+00
    726.913      17447     82.000    11.3788    11.3800   3.993823   3.994264   48.94943  -16.44411     6.0443     6.2832     81.289    35.4944    35.4976 0.0000e+00
    730.399      17531     83.000    11.3790    11.3800   3.993869   3.994257   48.94943  -16.44411     6.0479     6.2848     82.280    35.4943    35.4971 0.0000e+00
    734.463      17628     84.000    11.3783    11.3795   3.993868   3.994285   48.94943  -16.44411     6.0424     6.2864     83.271    35.4945    35.4975 0.0000e+00
    736.950      17688     85.000    11.3761    11.3760   3.993694   3.994008   48.94943  -16.44411     6.0446     6.2811     84.262    35.4944    35.4976 0.0000e+00
    741.357      17794     86.000    11.3730    11.3752   3.993497   3.993971   48.94943  -16.44411     6.0441     6.2845     85.253    35.4950    35.4976 0.0000e+00
    744.111      17860     87.000    11.3683    11.3686   3.993003   3.993458   48.94943  -16.44411     6.0452     6.2821     86.244    35.4942    35.4983 0.0000e+00
    747.651      17945     88.000    11.3632    11.3631   3.992645   3.992893   48.94943  -16.44411     6.0415     6.2826     87.235    35.4950    35.4976 0.0000e+00
    750.164      18005     89.000    11.3568    11.3519   3.991919   3.991919   48.94943  -16.44411     6.0415     6.2780     88.226    35.4935    35.4982 0.0000e+00
    754.578      18111     90.000    11.3450    11.3488   3.990988   3.991633   48.94943  -16.44411     6.0433     6.2767     89.218    35.4952    35.4980 0.0000e+00
    757.324      18177     91.000    11.3368    11.3330   3.989925   3.990118   48.94943  -16.44411     6.0425     6.2820     90.209    35.4921    35.4977 0.0000e+00
    760.238      18247     92.000    11.3401    11.3248   3.990305   3.988930   48.94943  -16.44411     6.0470     6.2875     91.200    35.4923    35.4932 0.0000e+00
    764.716      18354     93.000    11.3155    11.3180   3.987948   3.988613   48.94943  -16.44411     6.0395     6.2768     92.191    35.4921    35.4962 0.0000e+00
    767.804      18428     94.000    11.3102    11.3108   3.987350   3.987735   48.94943  -16.44411     6.0365     6.2730     93.182    35.4907    35.4940 0.0000e+00
    771.042      18506     95.000    11.3083    11.3063   3.987110   3.987257   48.94943  -16.44411     6.0434     6.2805     94.173    35.4897    35.4931 0.0000e+00
    775.444      18612     96.000    11.3046    11.3060   3.986809   3.987222   48.94943  -16.44411     6.0412     6.2766     95.164    35.4899    35.4926 0.0000e+00
    778.455      18684     97.000    11.3034    11.3050   3.986669   3.987117   48.94943  -16.44411     6.0369     6.2738     96.155    35.4892    35.4921 0.0000e+00
    782.552      18782     98.000    11.3005    11.3035   3.986496   3.987081   48.94943  -16.44411     6.0379     6.2768     97.146    35.4897    35.4927 0.0000e+00
