Data_example/SBE_Data_Processed/DY130/SeaBird/Data/Processed/DY130_011cfaldb.cnv
* Sea-Bird SBE 9 Data File:
* FileName = C:\Users\sandm\Documents\Cruises\DY130\Data\Raw Data\DY130_011.hex
* Software Version Seasave V 7.26.7.121
* Temperature SN = 03P-5494
* Conductivity SN = 04C-3768
* Number of Bytes Per Scan = 45
* Number of Voltage Words = 4
* Number of Scans Averaged by the Deck Unit = 1
* NMEA Latitude = 49 00.01 N
* NMEA Longitude = 016 30.03 W
* NMEA UTC (Time) = Apr 08 2021  08:05:03
* NMEA baud rate = 9600
** Ship: RRS Discovery
** Cruise: DY130
** Cast: DY130_011
** Station: 068
** Julian Day: 098
** Date: 08/04/2021
** Time (GMT):
** Latitude: 49 00.01 N
** Longitude: 16 30.03 W
** Depth (uncorrected m): 4808
** Principal Scientist: Sue Hart
** Operator: BP/PH
# nquan = 15
# nvalues = 9703                        
# units = specified
# name 0 = timeS: Time, Elapsed [seconds]
# name 1 = scan: Scan Count
# name 2 = prDM: Pressure, Digiquartz [db]
# name 3 = t090C: Temperature [ITS-90, deg C]
# name 4 = t190C: Temperature, 2 [ITS-90, deg C]
# name 5 = c0S/m: Conductivity [S/m]
# name 6 = c1S/m: Conductivity, 2 [S/m]
# name 7 = latitude: Latitude [deg]
# name 8 = longitude: Longitude [deg]
# name 9 = sbeox0ML/L: Oxygen, SBE 43 [ml/l]
# name 10 = sbeox1ML/L: Oxygen, SBE 43, 2 [ml/l]
# name 11 = depSM: Depth [salt water, m], lat = 49.0002
# name 12 = sal00: Salinity, Practical [PSU]
# name 13 = sal11: Salinity, Practical, 2 [PSU]
# name 14 = flag: flag
# span 0 =    335.620,  18108.535       
# span 1 =       8056,     434606       
# span 2 =      1.000,   4853.000       
# span 3 =     2.5268,    11.7473       
# span 4 =     2.5297,    11.7529       
# span 5 =  -0.103621,   4.027898       
# span 6 =  -0.485623,   4.029496       
# span 7 =   48.98374,   49.00613       
# span 8 =  -16.50258,  -16.49505       
# span 9 =     4.4095,     7.2780       
# span 10 =     4.5733,     7.6846      
# span 11 =      0.991,   4757.770      
# span 12 =    -2.5208,    35.5239      
# span 13 =    -5.9731,    35.5277      
# span 14 = 0.0000e+00, 0.0000e+00      
# interval = decibars: 1                
# start_time = Apr 08 2021 08:05:04 [NMEA time, first data scan]
# bad_flag = -9.990e-29
*END*
[from data line 8386]
  14645.473     351492   1317.000     5.0954     5.1204   3.416565   3.419180   48.99989  -16.50043     5.6852     5.8994   1301.710    35.0482    35.0521 0.0000e+00
  14646.616     351520   1316.000     5.0952     5.1244   3.416522   3.419601   48.99988  -16.50043     5.6805     5.8955   1300.725    35.0483    35.0532 0.0000e+00
  14647.868     351550   1315.000     5.1011     5.1321   3.416812   3.420165   48.99988  -16.50042     5.6792     5.8906   1299.739    35.0460    35.0521 0.0000e+00
  14648.938     351576   1314.000     5.1115     5.1468   3.417630   3.421151   48.99987  -16.50041     5.6780     5.8853   1298.754    35.0450    35.0487 0.0000e+00
  14649.859     351598   1313.000     5.1209     5.1673   3.418598   3.422941   48.99987  -16.50040     5.6744     5.8825   1297.769    35.0468    35.0485 0.0000e+00
  14650.743     351619   1312.000     5.1300     5.1827   3.419391   3.424797   48.99987  -16.50039     5.6695     5.8772   1296.783    35.0470    35.0542 0.0000e+00
  14651.672     351641   1311.000     5.1399     5.1945   3.420452   3.426117   48.99988  -16.50039     5.6641     5.8712   1295.798    35.0493    35.0574 0.0000e+00
  14652.746     351667   1310.000     5.1452     5.2089   3.421164   3.427549   48.99988  -16.50040     5.6595     5.8687   1294.813    35.0525    35.0594 0.0000e+00
  14654.027     351698   1309.000     5.1509     5.2194   3.421644   3.428919   48.99989  -16.50040     5.6539     5.8620   1293.827    35.0526    35.0646 0.0000e+00
  14655.329     351729   1308.000     5.1708     5.2243   3.422967   3.429485   48.99989  -16.50040     5.6532     5.8513   1292.842    35.0474    35.0664 0.0000e+00
  14656.420     351755   1307.000     5.1953     5.2336   3.425476   3.430088   48.99989  -16.50040     5.6532     5.8478   1291.857    35.0512    35.0642 0.0000e+00
  14657.363     351778   1306.000     5.2079     5.2439   3.427081   3.431019   48.99989  -16.50039     5.6455     5.8480   1290.871    35.0570    35.0646 0.0000e+00
  14658.243     351799   1305.000     5.2183     5.2559   3.428071   3.432099   48.99989  -16.50039     5.6367     5.8470   1289.886    35.0580    35.0650 0.0000e+00
  14659.104     351819   1304.000     5.2300     5.2673   3.429190   3.433269   48.99989  -16.50039     5.6307     5.8447   1288.901    35.0591    35.0670 0.0000e+00
  14659.943     351840   1303.000     5.2421     5.2761   3.430334   3.434280   48.99989  -16.50039     5.6268     5.8406   1287.915    35.0601    35.0699 0.0000e+00
  14660.741     351859   1302.000     5.2547     5.2816   3.431537   3.434977   48.99989  -16.50039     5.6240     5.8354   1286.930    35.0613    35.0726 0.0000e+00
  14661.490     351877   1301.000     5.2644     5.2846   3.432637   3.435379   48.99989  -16.50039     5.6212     5.8328   1285.945    35.0643    35.0746 0.0000e+00
  14662.205     351894   1300.000     5.2711     5.2861   3.433444   3.435584   48.99989  -16.50039     5.6179     5.8326   1284.959    35.0670    35.0758 0.0000e+00
  14662.924     351911   1299.000     5.2749     5.2865   3.433977   3.435659   48.99989  -16.50039     5.6144     5.8316   1283.974    35.0696    35.0767 0.0000e+00
  14663.719     351930   1298.000     5.2751     5.2866   3.434206   3.435656   48.99989  -16.50040     5.6105     5.8292   1282.989    35.0724    35.0771 0.0000e+00
  14664.891     351958   1297.000     5.2714     5.2866   3.433919   3.435635   48.99988  -16.50040     5.6062     5.8280   1282.003    35.0735    35.0773 0.0000e+00
  14667.562     352022   1296.000     5.2662     5.2872   3.433151   3.435644   48.99987  -16.50040     5.6088     5.8263   1281.018    35.0706    35.0773 0.0000e+00
  14668.875     352054   1295.000     5.2721     5.2900   3.433549   3.435740   48.99987  -16.50039     5.6128     5.8237   1280.032    35.0695    35.0760 0.0000e+00
  14669.768     352075   1294.000     5.2781     5.2971   3.434072   3.436121   48.99987  -16.50039     5.6123     5.8253   1279.047    35.0698    35.0734 0.0000e+00
  14670.586     352095   1293.000     5.2837     5.3053   3.434571   3.436855   48.99987  -16.50039     5.6107     5.8241   1278.061    35.0701    35.0738 0.0000e+00
  14671.375     352114   1292.000     5.2899     5.3129   3.435108   3.437538   48.99988  -16.50039     5.6082     5.8201   1277.076    35.0703    35.0742 0.0000e+00
  14672.136     352132   1291.000     5.2970     5.3208   3.435680   3.438217   48.99988  -16.50039     5.6052     5.8160   1276.091    35.0700    35.0743 0.0000e+00
  14672.864     352150   1290.000     5.3051     5.3286   3.436367   3.438922   48.99989  -16.50039     5.6029     5.8119   1275.105    35.0699    35.0747 0.0000e+00
  14673.571     352167   1289.000     5.3125     5.3354   3.437087   3.439610   48.99989  -16.50039     5.6008     5.8078   1274.120    35.0709    35.0760 0.0000e+00
  14674.283     352184   1288.000     5.3185     5.3409   3.437721   3.440211   48.99989  -16.50039     5.5977     5.8042   1273.134    35.0724    35.0776 0.0000e+00
  14675.049     352202   1287.000     5.3226     5.3450   3.438221   3.440698   48.99989  -16.50039     5.5928     5.8014   1272.149    35.0743    35.0793 0.0000e+00
  14675.951     352224   1286.000     5.3216     5.3481   3.438391   3.441080   48.99989  -16.50040     5.5867     5.7982   1271.163    35.0778    35.0810 0.0000e+00
  14677.108     352252   1285.000     5.3186     5.3502   3.438008   3.441336   48.99989  -16.50040     5.5819     5.7941   1270.178    35.0770    35.0822 0.0000e+00
  14678.444     352284   1284.000     5.3233     5.3546   3.438158   3.441598   48.99988  -16.50041     5.5823     5.7915   1269.193    35.0744    35.0811 0.0000e+00
  14679.628     352312   1283.000     5.3318     5.3704   3.438839   3.442591   48.99988  -16.50041     5.5840     5.7898   1268.207    35.0738    35.0766 0.0000e+00
  14680.666     352337   1282.000     5.3425     5.3910   3.439775   3.444492   48.99987  -16.50041     5.5835     5.7869   1267.222    35.0738    35.0773 0.0000e+00
  14681.691     352362   1281.000     5.3524     5.4133   3.440747   3.446635   48.99987  -16.50041     5.5786     5.7822   1266.236    35.0751    35.0791 0.0000e+00
  14682.800     352388   1280.000     5.3609     5.4316   3.441558   3.448766   48.99988  -16.50042     5.5687     5.7736   1265.251    35.0761    35.0849 0.0000e+00
  14684.062     352418   1279.000     5.3799     5.4457   3.442946   3.450415   48.99989  -16.50042     5.5628     5.7627   1264.265    35.0727    35.0895 0.0000e+00
  14685.369     352450   1278.000     5.3994     5.4558   3.445212   3.451503   48.99989  -16.50041     5.5584     5.7524   1263.280    35.0787    35.0918 0.0000e+00
  14686.454     352476   1277.000     5.4166     5.4634   3.446642   3.452248   48.99989  -16.50040     5.5534     5.7463   1262.294    35.0777    35.0930 0.0000e+00
  14687.304     352496   1276.000     5.4355     5.4664   3.448374   3.452648   48.99989  -16.50040     5.5507     5.7418   1261.309    35.0783    35.0949 0.0000e+00
  14688.022     352514   1275.000     5.4481     5.4677   3.449865   3.452794   48.99988  -16.50040     5.5465     5.7385   1260.323    35.0827    35.0957 0.0000e+00
  14688.670     352529   1274.000     5.4552     5.4685   3.450808   3.452847   48.99988  -16.50040     5.5410     5.7375   1259.338    35.0865    35.0959 0.0000e+00
  14689.292     352544   1273.000     5.4589     5.4693   3.451339   3.452887   48.99988  -16.50040     5.5352     5.7370   1258.352    35.0892    35.0960 0.0000e+00
  14689.925     352559   1272.000     5.4605     5.4704   3.451611   3.452944   48.99988  -16.50041     5.5296     5.7360   1257.367    35.0911    35.0960 0.0000e+00
  14690.619     352576   1271.000     5.4604     5.4713   3.451684   3.453031   48.99987  -16.50042     5.5253     5.7359   1256.381    35.0926    35.0966 0.0000e+00
  14691.472     352596   1270.000     5.4594     5.4717   3.451581   3.453093   48.99987  -16.50043     5.5224     5.7383   1255.396    35.0929    35.0974 0.0000e+00
  14692.803     352628   1269.000     5.4587     5.4708   3.451453   3.453041   48.99988  -16.50043     5.5212     5.7408   1254.410    35.0926    35.0982 0.0000e+00
  14695.200     352686   1268.000     5.4605     5.4712   3.451555   3.452951   48.99989  -16.50042     5.5215     5.7400   1253.425    35.0925    35.0972 0.0000e+00
  14696.857     352726   1267.000     5.4634     5.4759   3.451760   3.453267   48.99989  -16.50041     5.5227     5.7358   1252.439    35.0922    35.0964 0.0000e+00
  14697.630     352744   1266.000     5.4670     5.4821   3.451955   3.453573   48.99989  -16.50040     5.5228     5.7332   1251.454    35.0912    35.0940 0.0000e+00
  14698.267     352759   1265.000     5.4718     5.4913   3.452280   3.454153   48.99989  -16.50041     5.5230     5.7319   1250.468    35.0904    35.0915 0.0000e+00
  14698.853     352773   1264.000     5.4774     5.5015   3.452736   3.455021   48.99989  -16.50042     5.5232     5.7313   1249.482    35.0903    35.0913 0.0000e+00
  14699.438     352788   1263.000     5.4817     5.5105   3.453239   3.455992   48.99989  -16.50042     5.5229     5.7303   1248.497    35.0920    35.0935 0.0000e+00
  14700.073     352803   1262.000     5.4837     5.5186   3.453590   3.456921   48.99989  -16.50043     5.5214     5.7281   1247.511    35.0944    35.0961 0.0000e+00
  14700.855     352822   1261.000     5.4819     5.5241   3.453605   3.457763   48.99989  -16.50043     5.5177     5.7241   1246.526    35.0969    35.1004 0.0000e+00
  14702.027     352850   1260.000     5.4808     5.5257   3.453321   3.458204   48.99989  -16.50043     5.5135     5.7172   1245.540    35.0953    35.1043 0.0000e+00
  14703.483     352885   1259.000     5.4863     5.5248   3.453674   3.458106   48.99989  -16.50043     5.5117     5.7109   1244.555    35.0942    35.1045 0.0000e+00
  14704.598     352911   1258.000     5.4959     5.5332   3.454297   3.458344   48.99989  -16.50042     5.5114     5.7116   1243.569    35.0918    35.0991 0.0000e+00
  14705.572     352935   1257.000     5.5113     5.5467   3.455624   3.459619   48.99989  -16.50041     5.5107     5.7120   1242.584    35.0914    35.1001 0.0000e+00
  14706.517     352957   1256.000     5.5232     5.5539   3.457004   3.460615   48.99989  -16.50041     5.5080     5.7100   1241.598    35.0953    35.1044 0.0000e+00
  14707.469     352980   1255.000     5.5311     5.5543   3.457917   3.460910   48.99989  -16.50042     5.5040     5.7052   1240.612    35.0979    35.1078 0.0000e+00
  14708.471     353004   1254.000     5.5359     5.5510   3.458474   3.460607   48.99989  -16.50043     5.5000     5.6998   1239.627    35.0997    35.1083 0.0000e+00
  14709.587     353031   1253.000     5.5362     5.5471   3.458723   3.460135   48.99989  -16.50042     5.4947     5.6977   1238.641    35.1027    35.1074 0.0000e+00
  14710.829     353061   1252.000     5.5335     5.5422   3.458271   3.459580   48.99988  -16.50041     5.4900     5.6964   1237.656    35.1008    35.1067 0.0000e+00
  14711.993     353089   1251.000     5.5383     5.5373   3.458578   3.458979   48.99989  -16.50041     5.4916     5.6999   1236.670    35.0998    35.1055 0.0000e+00
  14712.982     353113   1250.000     5.5387     5.5324   3.458712   3.458419   48.99989  -16.50041     5.4917     5.7029   1235.684    35.1014    35.1046 0.0000e+00
  14713.875     353134   1249.000     5.5368     5.5289   3.458483   3.457893   48.99989  -16.50041     5.4905     5.7039   1234.699    35.1012    35.1028 0.0000e+00
  14714.730     353155   1248.000     5.5340     5.5268   3.458164   3.457536   48.99989  -16.50041     5.4893     5.7058   1233.713    35.1010    35.1014 0.0000e+00
  14715.568     353175   1247.000     5.5305     5.5256   3.457741   3.457303   48.99989  -16.50041     5.4890     5.7087   1232.728    35.1003    35.1004 0.0000e+00
  14716.397     353195   1246.000     5.5275     5.5249   3.457310   3.457151   48.99989  -16.50041     5.4897     5.7096   1231.742    35.0990    35.0999 0.0000e+00
  14717.233     353215   1245.000     5.5259     5.5243   3.456995   3.457023   48.99989  -16.50041     5.4911     5.7088   1230.756    35.0976    35.0995 0.0000e+00
  14718.115     353236   1244.000     5.5255     5.5240   3.456838   3.456911   48.99989  -16.50041     5.4920     5.7093   1229.771    35.0968    35.0991 0.0000e+00
  14719.103     353259   1243.000     5.5260     5.5248   3.456817   3.456852   48.99989  -16.50042     5.4936     5.7105   1228.785    35.0965    35.0981 0.0000e+00
  14720.263     353287   1242.000     5.5256     5.5277   3.456795   3.457001   48.99989  -16.50043     5.4946     5.7092   1227.799    35.0971    35.0973 0.0000e+00
  14721.536     353318   1241.000     5.5249     5.5302   3.456614   3.457260   48.99989  -16.50042     5.4953     5.7061   1226.814    35.0963    35.0981 0.0000e+00
  14722.693     353346   1240.000     5.5258     5.5314   3.456570   3.457292   48.99988  -16.50041     5.4952     5.7037   1225.828    35.0953    35.0977 0.0000e+00
  14723.679     353369   1239.000     5.5276     5.5344   3.456621   3.457345   48.99988  -16.50041     5.4935     5.7017   1224.842    35.0945    35.0957 0.0000e+00
  14724.569     353391   1238.000     5.5293     5.5395   3.456686   3.457675   48.99987  -16.50041     5.4909     5.6999   1223.857    35.0940    35.0947 0.0000e+00
  14725.446     353412   1237.000     5.5312     5.5448   3.456781   3.458136   48.99987  -16.50041     5.4881     5.6975   1222.871    35.0936    35.0949 0.0000e+00
  14726.421     353435   1236.000     5.5323     5.5513   3.456885   3.458706   48.99987  -16.50041     5.4844     5.6951   1221.885    35.0941    35.0951 0.0000e+00
  14727.646     353465   1235.000     5.5327     5.5575   3.456892   3.459426   48.99987  -16.50042     5.4798     5.6897   1220.900    35.0942    35.0973 0.0000e+00
  14728.977     353496   1234.000     5.5381     5.5605   3.457150   3.459797   48.99987  -16.50043     5.4797     5.6835   1219.914    35.0921    35.0989 0.0000e+00
  14730.057     353522   1233.000     5.5468     5.5640   3.457836   3.459961   48.99987  -16.50043     5.4809     5.6826   1218.928    35.0914    35.0977 0.0000e+00
  14730.956     353544   1232.000     5.5535     5.5679   3.458510   3.460308   48.99988  -16.50042     5.4789     5.6815   1217.943    35.0926    35.0980 0.0000e+00
  14731.763     353563   1231.000     5.5582     5.5715   3.458965   3.460601   48.99988  -16.50041     5.4751     5.6801   1216.957    35.0933    35.0981 0.0000e+00
  14732.528     353582   1230.000     5.5627     5.5745   3.459365   3.460897   48.99989  -16.50041     5.4708     5.6793   1215.971    35.0937    35.0989 0.0000e+00
  14733.287     353600   1229.000     5.5659     5.5766   3.459727   3.461108   48.99989  -16.50041     5.4670     5.6791   1214.985    35.0949    35.0995 0.0000e+00
  14734.079     353619   1228.000     5.5675     5.5789   3.459931   3.461291   48.99989  -16.50041     5.4643     5.6784   1214.000    35.0961    35.0997 0.0000e+00
  14734.949     353640   1227.000     5.5683     5.5815   3.459984   3.461492   48.99989  -16.50041     5.4639     5.6755   1213.014    35.0964    35.0998 0.0000e+00
  14735.927     353663   1226.000     5.5699     5.5849   3.460041   3.461744   48.99989  -16.50041     5.4644     5.6736   1212.028    35.0958    35.0996 0.0000e+00
  14737.023     353690   1225.000     5.5714     5.5881   3.460191   3.462053   48.99989  -16.50042     5.4638     5.6748   1211.043    35.0965    35.1003 0.0000e+00
  14738.341     353721   1224.000     5.5715     5.5900   3.460247   3.462259   48.99988  -16.50043     5.4626     5.6712   1210.057    35.0974    35.1011 0.0000e+00
  14739.971     353760   1223.000     5.5720     5.5962   3.460161   3.462610   48.99988  -16.50042     5.4610     5.6660   1209.071    35.0964    35.0992 0.0000e+00
