Data_example/SBE_Data_Processed/DY130/SeaBird/Data/Processed/DY130_012cfaldb.cnv
* Sea-Bird SBE 9 Data File:
* FileName = C:\Users\sandm\Documents\Cruises\DY130\Data\Raw Data\DY130_012.hex
* Software Version Seasave V 7.26.7.121
* Temperature SN = 03P-5494
* Conductivity SN = 04C-3768
* Number of Bytes Per Scan = 45
* Number of Voltage Words = 4
* Number of Scans Averaged by the Deck Unit = 1
* NMEA Latitude = 48 57.73 N
* NMEA Longitude = 016 27.37 W
* NMEA UTC (Time) = Apr 09 2021  08:23:20
* NMEA baud rate = 9600
** Ship: RRS Discovery
** Cruise: DY130
** Cast: DY130_012
** Station: 071
** Julian Day: 099
** Date: 09/04/2021
** Time (GMT): 08:23
** Latitude: 48 57.72 N
** Longitude: 16 27.37 W
** Depth (uncorrected m): 4808
** Principal Scientist: Sue Hart
** Operator: BP/PH
# nquan = 15
# nvalues = 409                         
# units = specified
# name 0 = timeS: Time, Elapsed [seconds]
# name 1 = scan: Scan Count
# name 2 = prDM: Pressure, Digiquartz [db]
# name 3 = t090C: Temperature [ITS-90, deg C]
# name 4 = t190C: Temperature, 2 [ITS-90, deg C]
# name 5 = c0S/m: Conductivity [S/m]
# name 6 = c1S/m: Conductivity, 2 [S/m]
# name 7 = latitude: Latitude [deg]
# name 8 = longitude: Longitude [deg]
# name 9 = sbeox0ML/L: Oxygen, SBE 43 [ml/l]
# name 10 = sbeox1ML/L: Oxygen, SBE 43, 2 [ml/l]
# name 11 = depSM: Depth [salt water, m], lat = 48.9622
# name 12 = sal00: Salinity, Practical [PSU]
# name 13 = sal11: Salinity, Practical, 2 [PSU]
# name 14 = flag: flag
# span 0 =    362.597,   3111.437       
# span 1 =       8703,      74675       
# span 2 =      1.000,    206.000       
# span 3 =    11.5298,    12.1081       
# span 4 =    11.5288,    12.1089       
# span 5 =   2.771155,   4.070396       
# span 6 =   1.967552,   4.070859       
# span 7 =   48.90511,   48.96214       
# span 8 =  -16.45623,  -16.43705       
# span 9 =     4.6924,     6.5849       
# span 10 =     4.9191,     7.0879      
# span 11 =      0.991,    204.151      
# span 12 =    23.2747,    35.5840      
# span 13 =    15.9356,    35.5874      
# span 14 = 0.0000e+00, 0.0000e+00      
# interval = decibars: 1                
# start_time = Apr 09 2021 08:23:21 [NMEA time, first data scan]
# bad_flag = -9.990e-29
*END*
[from data line 386]
   2339.880      56158     23.000    12.0898    12.0907   4.069102   4.069564   48.96209  -16.45622     6.1604     6.3732     22.804    35.5811    35.5848 0.0000e+00
   2342.478      56220     22.000    12.0908    12.0917   4.069164   4.069618   48.96209  -16.45623     6.1609     6.3725     21.812    35.5812    35.5848 0.0000e+00
   2344.738      56275     21.000    12.0909    12.0923   4.069149   4.069648   48.96209  -16.45622     6.1673     6.3767     20.821    35.5814    35.5850 0.0000e+00
   2346.426      56315     20.000    12.0900    12.0916   4.069026   4.069566   48.96208  -16.45621     6.1634     6.3774     19.829    35.5815    35.5853 0.0000e+00
   2348.296      56360     19.000    12.0895    12.0909   4.068903   4.069421   48.96207  -16.45621     6.1637     6.3807     18.838    35.5812    35.5850 0.0000e+00
   2350.857      56422     18.000    12.0895    12.0908   4.068857   4.069360   48.96207  -16.45621     6.1633     6.3813     17.847    35.5812    35.5849 0.0000e+00
   2352.893      56470     17.000    12.0895    12.0908   4.068808   4.069315   48.96208  -16.45621     6.1597     6.3792     16.855    35.5812    35.5849 0.0000e+00
   2355.354      56529     16.000    12.0900    12.0915   4.068808   4.069327   48.96209  -16.45621     6.1599     6.3785     15.864    35.5812    35.5848 0.0000e+00
   2359.023      56618     15.000    12.0914    12.0944   4.068914   4.069541   48.96209  -16.45621     6.1631     6.3861     14.872    35.5813    35.5846 0.0000e+00
   2362.884      56710     14.000    12.0911    12.0952   4.068834   4.069663   48.96207  -16.45621     6.1672     6.3912     13.881    35.5813    35.5854 0.0000e+00
   2391.700      57402     13.000    12.0937    12.0962   4.069068   4.069700   48.96207  -16.45622     6.1707     6.3896     12.889    35.5815    35.5854 0.0000e+00
   2700.377      64810     12.000    12.1042    12.1056   4.070221   4.070711   48.96213  -16.45619     6.1612     6.3856     11.898    35.5832    35.5867 0.0000e+00
   2702.772      64868     11.000    12.1045    12.1061   4.070198   4.070731   48.96213  -16.45619     6.1582     6.3817     10.906    35.5832    35.5868 0.0000e+00
   2713.441      65124     10.000    12.1049    12.1069   4.070208   4.070756   48.96213  -16.45621     6.1628     6.3805      9.915    35.5833    35.5867 0.0000e+00
   2723.095      65355      9.000    12.1049    12.1060   4.070142   4.070645   48.96213  -16.45621     6.1628     6.3841      8.923    35.5831    35.5870 0.0000e+00
   2751.961      66048      8.000    12.1049    12.1048   4.070104   4.070447   48.96213  -16.45621     6.1644     6.3825      7.932    35.5832    35.5866 0.0000e+00
   3051.747      73243      7.000    12.1075    12.1087   4.070390   4.070859   48.96214  -16.45619     6.1605     6.3811      6.941    35.5840    35.5874 0.0000e+00
   3100.560      74414      6.000    12.1081    12.1089   4.070396   4.070825   48.96214  -16.45619     6.1600     6.3831      5.949    35.5838    35.5873 0.0000e+00
   3103.362      74482      5.000    12.1080    12.1084   4.069020   4.068606   48.96214  -16.45619     6.1659     6.3892      4.958    35.5710    35.5665 0.0000e+00
   3105.790      74540      4.000    12.1064    12.1051   4.060564   4.054970   48.96214  -16.45619     6.1854     6.4284      3.966    35.4904    35.4370 0.0000e+00
   3107.420      74579      3.000    12.0998    12.0900   4.020059   3.989565   48.96214  -16.45619     6.2939     6.6205      2.975    35.1019    34.8140 0.0000e+00
   3109.139      74620      2.000    12.0591    11.9942   3.756329   3.563220   48.96214  -16.45619     6.5849     7.0879      1.983    32.5865    30.7920 0.0000e+00
   3111.437      74675      1.000    11.9085    11.6521   2.771155   1.967552   48.96214  -16.45619     6.3181     7.0620      0.991    23.2747    15.9356 0.0000e+00
