Data_example/SBE_Data_Processed/DY130/SeaBird/Data/Processed/DY130_006cfaldb.cnv
* Sea-Bird SBE 9 Data File:
* FileName = C:\Users\sandm\Documents\Cruises\DY130\Data\Raw Data\DY130_006.hex
* Software Version Seasave V 7.26.7.121
* Temperature SN = 03P-5494
* Conductivity SN = 04C-3768
* Number of Bytes Per Scan = 45
* Number of Voltage Words = 4
* Number of Scans Averaged by the Deck Unit = 1
* NMEA Latitude = 48 57.60 N
* NMEA Longitude = 016 26.80 W
* NMEA UTC (Time) = Apr 04 2021  06:49:01
* NMEA baud rate = 9600
** Ship: RRS Discovery
** Cruise: DY130
** Cast: DY130_006
** Station: 045
** Julian Day: 094
** Date: 04/04/21
** Time (GMT): 06:48
** Latitude: 28 57.59N
** Longitude: 16 26.80W
** Depth (uncorrected m): 4811
** Principal Scientist: Sue Hart
** Operator: BP/PH BP/PH
# nquan = 15
# nvalues = 409                         
# units = specified
# name 0 = timeS: Time, Elapsed [seconds]
# name 1 = scan: Scan Count
# name 2 = prDM: Pressure, Digiquartz [db]
# name 3 = t090C: Temperature [ITS-90, deg C]
# name 4 = t190C: Temperature, 2 [ITS-90, deg C]
# name 5 = c0S/m: Conductivity [S/m]
# name 6 = c1S/m: Conductivity, 2 [S/m]
# name 7 = latitude: Latitude [deg]
# name 8 = longitude: Longitude [deg]
# name 9 = sbeox0ML/L: Oxygen, SBE 43 [ml/l]
# name 10 = sbeox1ML/L: Oxygen, SBE 43, 2 [ml/l]
# name 11 = depSM: Depth [salt water, m], lat = 48.96
# name 12 = sal00: Salinity, Practical [PSU]
# name 13 = sal11: Salinity, Practical, 2 [PSU]
# name 14 = flag: flag
# span 0 =    267.846,   3325.184       
# span 1 =       6429,      79805       
# span 2 =      2.000,    206.000       
# span 3 =    10.8998,    11.4754       
# span 4 =    10.9001,    11.4758       
# span 5 =   3.523775,   4.000731       
# span 6 =   2.760506,   4.001176       
# span 7 =   48.95993,   48.95995       
# span 8 =  -16.44678,  -16.44670       
# span 9 =     4.8259,     6.7301       
# span 10 =     4.6126,     7.3518      
# span 11 =      1.983,    204.152      
# span 12 =    30.9076,    35.4991      
# span 13 =    23.6331,    35.5021      
# span 14 = 0.0000e+00, 0.0000e+00      
# interval = decibars: 1                
# start_time = Apr 04 2021 06:49:01 [NMEA time, first data scan]
# bad_flag = -9.990e-29
*END*
[from data line 290]
   1669.474      40068    120.000    11.1143    11.1357   3.965827   3.968214   48.95995  -16.44673     6.0689     6.3000    118.948    35.4533    35.4565 0.0000e+00
   1670.920      40103    119.000    11.1157    11.1416   3.965806   3.968947   48.95994  -16.44673     6.0638     6.2962    117.957    35.4522    35.4586 0.0000e+00
   1672.368      40138    118.000    11.1222    11.1465   3.966369   3.969350   48.95994  -16.44673     6.0621     6.2962    116.966    35.4520    35.4583 0.0000e+00
   1673.622      40168    117.000    11.1306    11.1522   3.967077   3.969971   48.95995  -16.44673     6.0645     6.2976    115.975    35.4514    35.4595 0.0000e+00
   1674.723      40194    116.000    11.1412    11.1547   3.968175   3.970278   48.95995  -16.44674     6.0691     6.2993    114.984    35.4526    35.4606 0.0000e+00
   1675.781      40220    115.000    11.1471    11.1565   3.968961   3.970448   48.95995  -16.44675     6.0686     6.3022    113.993    35.4553    35.4610 0.0000e+00
   1676.914      40247    114.000    11.1509    11.1585   3.969411   3.970626   48.95995  -16.44675     6.0673     6.3015    113.002    35.4565    35.4613 0.0000e+00
   1678.189      40278    113.000    11.1535    11.1610   3.969724   3.970855   48.95995  -16.44673     6.0621     6.2983    112.011    35.4576    35.4616 0.0000e+00
   1679.524      40310    112.000    11.1549    11.1635   3.969877   3.971109   48.95995  -16.44673     6.0542     6.2964    111.020    35.4582    35.4623 0.0000e+00
   1680.769      40339    111.000    11.1571    11.1648   3.970023   3.971255   48.95995  -16.44673     6.0530     6.2965    110.029    35.4580    35.4629 0.0000e+00
   1681.932      40367    110.000    11.1585    11.1656   3.970195   3.971299   48.95995  -16.44673     6.0568     6.2989    109.038    35.4588    35.4630 0.0000e+00
   1683.078      40395    109.000    11.1597    11.1661   3.970279   3.971331   48.95995  -16.44673     6.0616     6.3030    108.047    35.4589    35.4633 0.0000e+00
   1684.259      40423    108.000    11.1614    11.1667   3.970406   3.971336   48.95995  -16.44673     6.0664     6.3027    107.056    35.4590    35.4632 0.0000e+00
   1685.562      40454    107.000    11.1631    11.1677   3.970568   3.971402   48.95995  -16.44673     6.0686     6.2989    106.065    35.4595    35.4633 0.0000e+00
   1687.128      40492    106.000    11.1631    11.1679   3.970575   3.971437   48.95995  -16.44673     6.0671     6.2993    105.074    35.4600    35.4640 0.0000e+00
   1689.209      40542    105.000    11.1601    11.1662   3.970376   3.971275   48.95995  -16.44673     6.0614     6.3002    104.083    35.4613    35.4645 0.0000e+00
   1812.511      43501    104.000    11.1735    11.1759   3.971706   3.972261   48.95995  -16.44673     6.0626     6.2988    103.092    35.4621    35.4654 0.0000e+00
   1901.524      45638    103.000    11.1799    11.1814   3.972343   3.972806   48.95995  -16.44673     6.0618     6.3008    102.101    35.4628    35.4660 0.0000e+00
   1905.854      45742    102.000    11.1802    11.1823   3.972337   3.972881   48.95995  -16.44673     6.0643     6.2988    101.110    35.4629    35.4663 0.0000e+00
   1909.635      45832    101.000    11.1804    11.1827   3.972328   3.972888   48.95995  -16.44673     6.0629     6.2999    100.119    35.4630    35.4664 0.0000e+00
   1913.868      45934    100.000    11.1806    11.1841   3.972303   3.972963   48.95995  -16.44673     6.0640     6.2993     99.128    35.4631    35.4663 0.0000e+00
   1916.063      45987     99.000    11.1807    11.1850   3.972273   3.973045   48.95995  -16.44673     6.0631     6.3007     98.137    35.4631    35.4666 0.0000e+00
   1918.207      46038     98.000    11.1808    11.1860   3.972246   3.973100   48.95995  -16.44674     6.0651     6.3013     97.146    35.4632    35.4667 0.0000e+00
   1921.304      46112     97.000    11.1809    11.1880   3.972199   3.973284   48.95995  -16.44674     6.0630     6.2989     96.155    35.4631    35.4671 0.0000e+00
   1924.251      46183     96.000    11.1815    11.1896   3.972212   3.973390   48.95995  -16.44673     6.0632     6.2995     95.164    35.4631    35.4670 0.0000e+00
   1926.418      46235     95.000    11.1829    11.1941   3.972305   3.973778   48.95995  -16.44674     6.0628     6.2984     94.173    35.4631    35.4671 0.0000e+00
   1928.445      46284     94.000    11.1836    11.1971   3.972364   3.974174   48.95995  -16.44676     6.0607     6.2962     93.182    35.4635    35.4685 0.0000e+00
   1932.168      46373     93.000    11.1869    11.1982   3.972609   3.974201   48.95994  -16.44673     6.0629     6.2959     92.191    35.4632    35.4682 0.0000e+00
   1934.095      46419     92.000    11.1919    11.2012   3.973074   3.974457   48.95994  -16.44673     6.0591     6.2954     91.200    35.4635    35.4684 0.0000e+00
   1936.013      46465     91.000    11.1933    11.2036   3.973349   3.974743   48.95995  -16.44673     6.0519     6.2946     90.209    35.4654    35.4693 0.0000e+00
   1939.619      46552     90.000    11.1933    11.2055   3.973220   3.974873   48.95994  -16.44673     6.0606     6.2944     89.217    35.4645    35.4692 0.0000e+00
   1941.772      46604     89.000    11.1970    11.2095   3.973504   3.975148   48.95994  -16.44673     6.0630     6.2940     88.226    35.4642    35.4685 0.0000e+00
   1943.287      46640     88.000    11.2015    11.2166   3.973965   3.975831   48.95994  -16.44673     6.0597     6.2961     87.235    35.4649    35.4690 0.0000e+00
   1946.093      46707     87.000    11.2019    11.2227   3.974099   3.976527   48.95994  -16.44673     6.0580     6.2949     86.244    35.4664    35.4705 0.0000e+00
   1949.244      46783     86.000    11.2057    11.2329   3.974285   3.977427   48.95993  -16.44673     6.0624     6.2934     85.253    35.4650    35.4701 0.0000e+00
   1950.678      46817     85.000    11.2107    11.2395   3.974864   3.978282   48.95993  -16.44673     6.0606     6.2905     84.262    35.4664    35.4727 0.0000e+00
   1953.193      46878     84.000    11.2113    11.2415   3.975019   3.978627   48.95993  -16.44673     6.0563     6.2879     83.271    35.4678    35.4746 0.0000e+00
   1956.295      46952     83.000    11.2151    11.2414   3.975334   3.978610   48.95993  -16.44673     6.0588     6.2850     82.280    35.4677    35.4751 0.0000e+00
   1958.637      47008     82.000    11.2158    11.2393   3.975410   3.978372   48.95993  -16.44673     6.0627     6.2857     81.289    35.4683    35.4751 0.0000e+00
   1962.261      47095     81.000    11.2196    11.2399   3.975755   3.978360   48.95994  -16.44673     6.0618     6.2917     80.297    35.4685    35.4749 0.0000e+00
   1965.796      47180     80.000    11.2205    11.2386   3.975790   3.978184   48.95995  -16.44673     6.0594     6.2961     79.306    35.4684    35.4748 0.0000e+00
   1969.877      47278     79.000    11.2298    11.2386   3.976631   3.978116   48.95995  -16.44673     6.0577     6.2965     78.315    35.4683    35.4746 0.0000e+00
   2067.579      49623     78.000    11.2323    11.2314   3.976931   3.977149   48.95995  -16.44672     6.0628     6.3026     77.324    35.4693    35.4724 0.0000e+00
   2281.472      54756     77.000    11.2206    11.2156   3.975380   3.975162   48.95995  -16.44674     6.0847     6.3200     76.333    35.4656    35.4683 0.0000e+00
   2191.315      52593     76.000    11.2241    11.2226   3.975774   3.975860   48.95995  -16.44672     6.0753     6.3175     75.342    35.4666    35.4689 0.0000e+00
   2193.780      52652     75.000    11.2237    11.2226   3.975706   3.975832   48.95995  -16.44673     6.0766     6.3188     74.351    35.4668    35.4691 0.0000e+00
   2196.613      52720     74.000    11.2226    11.2225   3.975515   3.975756   48.95995  -16.44672     6.0795     6.3153     73.359    35.4664    35.4689 0.0000e+00
   2199.469      52788     73.000    11.2221    11.2233   3.975392   3.975762   48.95995  -16.44672     6.0777     6.3160     72.368    35.4661    35.4686 0.0000e+00
   2202.472      52860     72.000    11.2223    11.2323   3.975329   3.976543   48.95995  -16.44672     6.0787     6.3124     71.377    35.4657    35.4682 0.0000e+00
   2204.260      52903     71.000    11.2260    11.2440   3.975601   3.977795   48.95995  -16.44672     6.0783     6.3086     70.386    35.4653    35.4698 0.0000e+00
   2206.044      52946     70.000    11.2313    11.2563   3.976191   3.979139   48.95995  -16.44672     6.0750     6.3034     69.395    35.4666    35.4718 0.0000e+00
   2208.006      52993     69.000    11.2385    11.2735   3.976843   3.980782   48.95995  -16.44672     6.0730     6.3007     68.404    35.4665    35.4721 0.0000e+00
   2209.772      53036     68.000    11.2504    11.2902   3.978028   3.982691   48.95995  -16.44672     6.0701     6.2984     67.412    35.4674    35.4754 0.0000e+00
   2211.392      53074     67.000    11.2608    11.2983   3.979219   3.983784   48.95995  -16.44673     6.0678     6.2949     66.421    35.4696    35.4790 0.0000e+00
   2212.875      53110     66.000    11.2687    11.3041   3.980068   3.984315   48.95995  -16.44673     6.0669     6.2928     65.430    35.4710    35.4791 0.0000e+00
   2214.400      53147     65.000    11.2780    11.3125   3.981000   3.985149   48.95995  -16.44673     6.0634     6.2939     64.439    35.4717    35.4798 0.0000e+00
   2216.100      53187     64.000    11.2906    11.3242   3.982317   3.986215   48.95995  -16.44673     6.0597     6.2876     63.447    35.4731    35.4795 0.0000e+00
   2217.731      53227     63.000    11.3036    11.3448   3.983560   3.988207   48.95995  -16.44673     6.0591     6.2884     62.456    35.4734    35.4799 0.0000e+00
   2219.214      53262     62.000    11.3238    11.3598   3.985593   3.990069   48.95995  -16.44673     6.0576     6.2901     61.465    35.4746    35.4845 0.0000e+00
   2220.765      53299     61.000    11.3346    11.3686   3.987147   3.991187   48.95995  -16.44673     6.0575     6.2875     60.474    35.4802    35.4876 0.0000e+00
   2222.734      53347     60.000    11.3277    11.3713   3.986788   3.991687   48.95995  -16.44673     6.0547     6.2852     59.483    35.4837    35.4904 0.0000e+00
   2224.843      53397     59.000    11.3336    11.3717   3.986719   3.991687   48.95995  -16.44673     6.0526     6.2801     58.491    35.4778    35.4905 0.0000e+00
   2226.257      53431     58.000    11.3541    11.3814   3.988730   3.992171   48.95995  -16.44673     6.0450     6.2752     57.500    35.4785    35.4864 0.0000e+00
   2227.536      53462     57.000    11.3676    11.3943   3.990514   3.993714   48.95995  -16.44673     6.0414     6.2757     56.509    35.4837    35.4898 0.0000e+00
   2229.136      53500     56.000    11.3697    11.4023   3.991070   3.994736   48.95995  -16.44673     6.0415     6.2760     55.518    35.4876    35.4926 0.0000e+00
   2231.250      53551     55.000    11.3768    11.4063   3.991572   3.995351   48.95995  -16.44673     6.0473     6.2754     54.526    35.4862    35.4953 0.0000e+00
   2233.140      53596     54.000    11.3818    11.4106   3.992267   3.995473   48.95995  -16.44672     6.0464     6.2768     53.535    35.4887    35.4928 0.0000e+00
   2234.653      53633     53.000    11.3895    11.4205   3.992666   3.996495   48.95995  -16.44672     6.0460     6.2784     52.544    35.4858    35.4940 0.0000e+00
   2236.152      53669     52.000    11.4015    11.4269   3.994041   3.997199   48.95995  -16.44671     6.0464     6.2802     51.553    35.4883    35.4952 0.0000e+00
   2237.926      53711     51.000    11.4119    11.4316   3.995109   3.997747   48.95995  -16.44671     6.0485     6.2815     50.561    35.4894    35.4966 0.0000e+00
   2239.858      53758     50.000    11.4142    11.4315   3.995642   3.997805   48.95995  -16.44672     6.0452     6.2808     49.570    35.4929    35.4977 0.0000e+00
   2241.824      53805     49.000    11.4168    11.4387   3.995570   3.998151   48.95995  -16.44672     6.0376     6.2839     48.579    35.4902    35.4946 0.0000e+00
   2243.576      53847     48.000    11.4341    11.4534   3.997072   3.999553   48.95995  -16.44671     6.0457     6.2899     47.587    35.4888    35.4949 0.0000e+00
   2245.071      53883     47.000    11.4469    11.4621   3.998646   4.000590   48.95995  -16.44671     6.0570     6.2967     46.596    35.4926    35.4973 0.0000e+00
   2246.825      53925     46.000    11.4476    11.4652   3.999026   4.000995   48.95995  -16.44671     6.0656     6.3091     45.605    35.4961    35.4988 0.0000e+00
   2249.151      53981     45.000    11.4450    11.4664   3.998625   4.001084   48.95995  -16.44671     6.0604     6.3198     44.614    35.4952    35.4990 0.0000e+00
   2251.449      54036     44.000    11.4482    11.4647   3.998754   4.000890   48.95995  -16.44671     6.0602     6.3234     43.622    35.4938    35.4991 0.0000e+00
   2253.297      54080     43.000    11.4584    11.4696   3.999542   4.000990   48.95995  -16.44671     6.0702     6.3376     42.631    35.4922    35.4959 0.0000e+00
   2254.799      54116     42.000    11.4670    11.4729   4.000324   4.001109   48.95995  -16.44671     6.0944     6.3854     41.640    35.4922    35.4943 0.0000e+00
   2256.377      54154     41.000    11.4704    11.4736   4.000598   4.000959   48.95995  -16.44671     6.1235     6.4407     40.648    35.4921    35.4926 0.0000e+00
   2258.486      54205     40.000    11.4707    11.4738   4.000545   4.000887   48.95995  -16.44671     6.1495     6.4623     39.657    35.4917    35.4921 0.0000e+00
   2261.098      54267     39.000    11.4683    11.4732   4.000376   4.000861   48.95995  -16.44671     6.1421     6.4448     38.666    35.4928    35.4930 0.0000e+00
   2263.587      54327     38.000    11.4680    11.4730   4.000259   4.000848   48.95995  -16.44671     6.1292     6.4167     37.674    35.4923    35.4934 0.0000e+00
   2265.671      54377     37.000    11.4701    11.4735   4.000229   4.000786   48.95995  -16.44671     6.1616     6.4320     36.683    35.4906    35.4928 0.0000e+00
   2268.300      54440     36.000    11.4712    11.4739   4.000202   4.000709   48.95995  -16.44671     6.1861     6.4479     35.692    35.4897    35.4921 0.0000e+00
   2270.969      54504     35.000    11.4717    11.4742   4.000150   4.000620   48.95995  -16.44671     6.1960     6.4632     34.700    35.4891    35.4913 0.0000e+00
   2273.038      54554     34.000    11.4723    11.4742   4.000098   4.000575   48.95995  -16.44671     6.2122     6.4622     33.709    35.4885    35.4914 0.0000e+00
   2323.313      55761     33.000    11.4725    11.4742   4.000055   4.000524   48.95995  -16.44673     6.2201     6.4598     32.718    35.4883    35.4913 0.0000e+00
   2806.957      67368     32.000    11.4678    11.4691   3.999350   3.999806   48.95995  -16.44673     6.2454     6.4863     31.726    35.4863    35.4896 0.0000e+00
   2968.287      71240     31.000    11.4662    11.4673   3.999083   3.999525   48.95995  -16.44673     6.2588     6.4981     30.735    35.4856    35.4890 0.0000e+00
   2972.524      71342     30.000    11.4660    11.4670   3.999022   3.999464   48.95995  -16.44673     6.2540     6.4980     29.743    35.4857    35.4891 0.0000e+00
   2974.844      71397     29.000    11.4659    11.4668   3.998962   3.999395   48.95995  -16.44673     6.2536     6.4958     28.752    35.4856    35.4890 0.0000e+00
   2978.058      71474     28.000    11.4658    11.4670   3.998912   3.999360   48.95995  -16.44673     6.2544     6.4986     27.761    35.4857    35.4890 0.0000e+00
   2980.518      71533     27.000    11.4657    11.4672   3.998856   3.999338   48.95995  -16.44672     6.2574     6.4999     26.769    35.4857    35.4890 0.0000e+00
   2983.265      71599     26.000    11.4656    11.4672   3.998799   3.999302   48.95995  -16.44672     6.2564     6.4967     25.778    35.4857    35.4891 0.0000e+00
