Data_example/SBE_Data_Processed/DY130/SeaBird/Data/Processed/DY130_008cfaldb.cnv
* Sea-Bird SBE 9 Data File:
* FileName = C:\Users\sandm\Documents\Cruises\DY130\Data\Raw Data\DY130_008.hex
* Software Version Seasave V 7.26.7.121
* Temperature SN = 03P-5494
* Conductivity SN = 04C-3768
* Number of Bytes Per Scan = 45
* Number of Voltage Words = 4
* Number of Scans Averaged by the Deck Unit = 1
* NMEA Latitude = 48 52.23 N
* NMEA Longitude = 016 31.48 W
* NMEA UTC (Time) = Apr 05 2021  09:04:17
* NMEA baud rate = 9600
** Ship: RRS Discovery
** Cruise: DY130
** Cast: DY130_008
** Station: 052
** Julian Day: 095
** Date: 05/04/21
** Time (GMT): 09:04
** Latitude: 48 52.19 N
** Longitude: 16 31.45 W
** Depth (uncorrected m): 4810
** Principal Scientist: Sue Hart
** Operator: BP/PH BP/PH
# nquan = 15
# nvalues = 2023                        
# units = specified
# name 0 = timeS: Time, Elapsed [seconds]
# name 1 = scan: Scan Count
# name 2 = prDM: Pressure, Digiquartz [db]
# name 3 = t090C: Temperature [ITS-90, deg C]
# name 4 = t190C: Temperature, 2 [ITS-90, deg C]
# name 5 = c0S/m: Conductivity [S/m]
# name 6 = c1S/m: Conductivity, 2 [S/m]
# name 7 = latitude: Latitude [deg]
# name 8 = longitude: Longitude [deg]
# name 9 = sbeox0ML/L: Oxygen, SBE 43 [ml/l]
# name 10 = sbeox1ML/L: Oxygen, SBE 43, 2 [ml/l]
# name 11 = depSM: Depth [salt water, m], lat = 48.8705
# name 12 = sal00: Salinity, Practical [PSU]
# name 13 = sal11: Salinity, Practical, 2 [PSU]
# name 14 = flag: flag
# span 0 =    706.934,   6239.894       
# span 1 =      16967,     149758       
# span 2 =      2.000,   1013.000       
# span 3 =     6.8965,    11.8927       
# span 4 =     6.8962,    11.8937       
# span 5 =   3.201234,   4.048072       
# span 6 =   3.063292,   4.048943       
# span 7 =   48.87221,   48.87227       
# span 8 =  -16.52598,  -16.52595       
# span 9 =     4.4177,     6.5559       
# span 10 =     4.3173,     7.1505      
# span 11 =      1.983,   1001.975      
# span 12 =    27.4911,    35.5582      
# span 13 =    26.3629,    35.5621      
# span 14 = 0.0000e+00, 0.0000e+00      
# interval = decibars: 1                
# start_time = Apr 05 2021 09:04:18 [NMEA time, first data scan]
# bad_flag = -9.990e-29
*END*
[from data line 482]
   2050.926      49223    484.000    10.5635    10.5644   3.922556   3.922995   48.87223  -16.52597     5.5937     5.8153    479.339    35.3876    35.3912 0.0000e+00
   2051.941      49248    485.000    10.5609    10.5616   3.922305   3.922733   48.87223  -16.52597     5.5926     5.8112    480.329    35.3871    35.3907 0.0000e+00
   2052.933      49271    486.000    10.5582    10.5590   3.922064   3.922486   48.87223  -16.52597     5.5946     5.8086    481.318    35.3868    35.3904 0.0000e+00
   2053.874      49294    487.000    10.5553    10.5559   3.921811   3.922232   48.87223  -16.52597     5.5945     5.8058    482.307    35.3867    35.3904 0.0000e+00
   2054.765      49315    488.000    10.5516    10.5521   3.921499   3.921906   48.87223  -16.52597     5.5930     5.8020    483.296    35.3866    35.3902 0.0000e+00
   2055.638      49336    489.000    10.5482    10.5490   3.921144   3.921561   48.87223  -16.52597     5.5912     5.7998    484.286    35.3859    35.3894 0.0000e+00
   2056.539      49358    490.000    10.5455    10.5463   3.920858   3.921294   48.87223  -16.52597     5.5886     5.7995    485.275    35.3852    35.3888 0.0000e+00
   2057.503      49381    491.000    10.5424    10.5432   3.920572   3.921012   48.87223  -16.52597     5.5860     5.7991    486.264    35.3849    35.3885 0.0000e+00
   2058.521      49406    492.000    10.5391    10.5400   3.920243   3.920686   48.87223  -16.52597     5.5842     5.7968    487.253    35.3843    35.3879 0.0000e+00
   2059.557      49430    493.000    10.5363    10.5372   3.919953   3.920396   48.87223  -16.52597     5.5808     5.7948    488.242    35.3836    35.3872 0.0000e+00
   2060.562      49454    494.000    10.5338    10.5346   3.919715   3.920151   48.87223  -16.52597     5.5779     5.7939    489.231    35.3832    35.3868 0.0000e+00
   2061.504      49477    495.000    10.5313    10.5321   3.919503   3.919934   48.87223  -16.52597     5.5754     5.7915    490.221    35.3830    35.3866 0.0000e+00
   2062.376      49498    496.000    10.5286    10.5294   3.919270   3.919701   48.87223  -16.52597     5.5718     5.7872    491.210    35.3828    35.3864 0.0000e+00
   2063.206      49518    497.000    10.5262    10.5268   3.919052   3.919474   48.87223  -16.52597     5.5703     5.7829    492.199    35.3825    35.3862 0.0000e+00
   2064.038      49538    498.000    10.5229    10.5231   3.918814   3.919204   48.87223  -16.52597     5.5692     5.7797    493.188    35.3828    35.3866 0.0000e+00
   2064.933      49559    499.000    10.5171    10.5165   3.918351   3.918675   48.87223  -16.52597     5.5661     5.7754    494.177    35.3834    35.3872 0.0000e+00
   2065.960      49584    500.000    10.5094    10.5090   3.917551   3.917829   48.87223  -16.52597     5.5588     5.7675    495.166    35.3823    35.3855 0.0000e+00
   2067.109      49612    501.000    10.5027    10.5029   3.916795   3.917143   48.87223  -16.52597     5.5459     5.7558    496.155    35.3807    35.3840 0.0000e+00
   2068.209      49638    502.000    10.4964    10.4967   3.916175   3.916549   48.87223  -16.52597     5.5336     5.7440    497.145    35.3801    35.3836 0.0000e+00
   2069.160      49661    503.000    10.4901    10.4905   3.915574   3.915948   48.87223  -16.52597     5.5248     5.7351    498.134    35.3797    35.3831 0.0000e+00
   2070.009      49681    504.000    10.4842    10.4848   3.914968   3.915367   48.87223  -16.52597     5.5153     5.7258    499.123    35.3789    35.3823 0.0000e+00
   2070.833      49701    505.000    10.4790    10.4797   3.914394   3.914815   48.87223  -16.52597     5.5058     5.7148    500.112    35.3777    35.3812 0.0000e+00
   2071.702      49722    506.000    10.4754    10.4763   3.913933   3.914368   48.87223  -16.52597     5.4986     5.7059    501.101    35.3760    35.3795 0.0000e+00
   2072.682      49745    507.000    10.4732    10.4742   3.913672   3.914118   48.87223  -16.52597     5.4939     5.7016    502.090    35.3750    35.3786 0.0000e+00
   2073.787      49772    508.000    10.4710    10.4720   3.913497   3.913947   48.87223  -16.52597     5.4945     5.7036    503.079    35.3750    35.3786 0.0000e+00
   2074.899      49799    509.000    10.4673    10.4684   3.913223   3.913673   48.87223  -16.52597     5.4996     5.7073    504.068    35.3753    35.3788 0.0000e+00
   2075.906      49823    510.000    10.4630    10.4643   3.912829   3.913312   48.87223  -16.52597     5.5004     5.7081    505.058    35.3751    35.3787 0.0000e+00
   2076.807      49844    511.000    10.4597    10.4608   3.912473   3.912947   48.87223  -16.52597     5.4945     5.7040    506.047    35.3742    35.3780 0.0000e+00
   2077.653      49865    512.000    10.4566    10.4575   3.912207   3.912654   48.87223  -16.52597     5.4873     5.6951    507.036    35.3741    35.3778 0.0000e+00
   2078.499      49885    513.000    10.4530    10.4538   3.911874   3.912311   48.87223  -16.52597     5.4819     5.6853    508.025    35.3738    35.3774 0.0000e+00
   2079.405      49907    514.000    10.4499    10.4507   3.911534   3.911970   48.87223  -16.52597     5.4759     5.6776    509.014    35.3729    35.3765 0.0000e+00
   2080.401      49931    515.000    10.4463    10.4472   3.911226   3.911664   48.87223  -16.52597     5.4687     5.6743    510.003    35.3728    35.3763 0.0000e+00
   2081.444      49956    516.000    10.4413    10.4422   3.910791   3.911240   48.87223  -16.52597     5.4630     5.6723    510.992    35.3728    35.3765 0.0000e+00
   2082.450      49980    517.000    10.4362    10.4375   3.910295   3.910746   48.87223  -16.52597     5.4563     5.6663    511.981    35.3723    35.3756 0.0000e+00
   2083.398      50003    518.000    10.4321    10.4338   3.909848   3.910363   48.87223  -16.52597     5.4487     5.6603    512.970    35.3713    35.3749 0.0000e+00
   2084.319      50025    519.000    10.4296    10.4313   3.909557   3.910083   48.87223  -16.52597     5.4435     5.6563    513.959    35.3704    35.3740 0.0000e+00
   2085.241      50047    520.000    10.4274    10.4294   3.909356   3.909902   48.87223  -16.52597     5.4417     5.6539    514.948    35.3700    35.3735 0.0000e+00
   2086.179      50069    521.000    10.4256    10.4279   3.909171   3.909760   48.87223  -16.52597     5.4387     5.6521    515.937    35.3694    35.3732 0.0000e+00
   2087.140      50092    522.000    10.4242    10.4259   3.909060   3.909609   48.87223  -16.52597     5.4372     5.6502    516.926    35.3692    35.3731 0.0000e+00
   2088.130      50116    523.000    10.4227    10.4239   3.908938   3.909433   48.87223  -16.52597     5.4405     5.6476    517.915    35.3690    35.3728 0.0000e+00
   2089.139      50140    524.000    10.4213    10.4219   3.908830   3.909248   48.87223  -16.52597     5.4424     5.6455    518.904    35.3688    35.3724 0.0000e+00
   2090.134      50164    525.000    10.4192    10.4201   3.908704   3.909103   48.87223  -16.52597     5.4416     5.6449    519.893    35.3692    35.3723 0.0000e+00
   2091.087      50187    526.000    10.4157    10.4175   3.908428   3.908915   48.87223  -16.52597     5.4412     5.6443    520.882    35.3693    35.3724 0.0000e+00
   2092.003      50209    527.000    10.4121    10.4134   3.908118   3.908640   48.87223  -16.52597     5.4411     5.6470    521.871    35.3692    35.3732 0.0000e+00
   2092.908      50231    528.000    10.4061    10.4058   3.907704   3.908081   48.87223  -16.52597     5.4423     5.6498    522.860    35.3704    35.3744 0.0000e+00
   2093.830      50253    529.000    10.3963    10.3957   3.906863   3.907164   48.87223  -16.52597     5.4451     5.6498    523.849    35.3709    35.3745 0.0000e+00
   2094.777      50276    530.000    10.3880    10.3874   3.905921   3.906197   48.87223  -16.52597     5.4475     5.6487    524.838    35.3690    35.3723 0.0000e+00
   2095.730      50299    531.000    10.3818    10.3816   3.905228   3.905542   48.87223  -16.52597     5.4477     5.6487    525.827    35.3675    35.3709 0.0000e+00
   2096.675      50321    532.000    10.3769    10.3770   3.904709   3.905056   48.87223  -16.52597     5.4462     5.6501    526.816    35.3665    35.3700 0.0000e+00
   2097.611      50344    533.000    10.3730    10.3730   3.904305   3.904658   48.87223  -16.52597     5.4433     5.6517    527.805    35.3658    35.3694 0.0000e+00
   2098.551      50366    534.000    10.3693    10.3694   3.903950   3.904302   48.87223  -16.52597     5.4407     5.6525    528.794    35.3653    35.3689 0.0000e+00
   2099.504      50389    535.000    10.3654    10.3652   3.903613   3.903955   48.87223  -16.52597     5.4409     5.6547    529.783    35.3653    35.3689 0.0000e+00
   2100.471      50412    536.000    10.3599    10.3600   3.903164   3.903512   48.87223  -16.52597     5.4432     5.6591    530.772    35.3656    35.3691 0.0000e+00
   2101.440      50436    537.000    10.3534    10.3536   3.902574   3.902949   48.87223  -16.52597     5.4479     5.6636    531.761    35.3655    35.3691 0.0000e+00
   2102.395      50458    538.000    10.3460    10.3457   3.901905   3.902263   48.87223  -16.52597     5.4539     5.6674    532.750    35.3655    35.3694 0.0000e+00
   2103.330      50481    539.000    10.3375    10.3369   3.901126   3.901434   48.87223  -16.52597     5.4575     5.6718    533.739    35.3654    35.3690 0.0000e+00
   2104.245      50503    540.000    10.3292    10.3294   3.900271   3.900609   48.87223  -16.52597     5.4599     5.6741    534.728    35.3643    35.3676 0.0000e+00
   2105.157      50525    541.000    10.3232    10.3236   3.899561   3.899962   48.87223  -16.52597     5.4625     5.6724    535.717    35.3625    35.3661 0.0000e+00
   2106.104      50548    542.000    10.3193    10.3194   3.899096   3.899479   48.87223  -16.52597     5.4635     5.6698    536.706    35.3611    35.3649 0.0000e+00
   2107.143      50572    543.000    10.3160    10.3149   3.898767   3.899060   48.87223  -16.52597     5.4634     5.6678    537.695    35.3605    35.3645 0.0000e+00
   2108.271      50599    544.000    10.3104    10.3088   3.898347   3.898503   48.87223  -16.52597     5.4613     5.6640    538.684    35.3613    35.3644 0.0000e+00
   2109.332      50625    545.000    10.3027    10.3028   3.897628   3.897913   48.87223  -16.52597     5.4568     5.6589    539.673    35.3610    35.3638 0.0000e+00
   2110.252      50647    546.000    10.2974    10.2980   3.897047   3.897442   48.87223  -16.52597     5.4527     5.6557    540.662    35.3597    35.3632 0.0000e+00
   2111.090      50667    547.000    10.2931    10.2938   3.896643   3.897058   48.87223  -16.52597     5.4503     5.6561    541.651    35.3594    35.3629 0.0000e+00
   2111.910      50687    548.000    10.2889    10.2895   3.896246   3.896675   48.87223  -16.52597     5.4504     5.6589    542.640    35.3590    35.3628 0.0000e+00
   2112.764      50707    549.000    10.2835    10.2837   3.895791   3.896187   48.87223  -16.52597     5.4508     5.6616    543.629    35.3592    35.3631 0.0000e+00
   2113.688      50730    550.000    10.2764    10.2765   3.895129   3.895490   48.87223  -16.52597     5.4491     5.6612    544.618    35.3589    35.3625 0.0000e+00
   2114.687      50753    551.000    10.2681    10.2681   3.894326   3.894693   48.87223  -16.52597     5.4448     5.6571    545.606    35.3584    35.3621 0.0000e+00
   2115.729      50778    552.000    10.2569    10.2569   3.893271   3.893634   48.87223  -16.52597     5.4358     5.6484    546.595    35.3581    35.3618 0.0000e+00
   2116.751      50803    553.000    10.2455    10.2452   3.892114   3.892467   48.87223  -16.52597     5.4239     5.6353    547.584    35.3569    35.3609 0.0000e+00
   2117.703      50826    554.000    10.2343    10.2337   3.891025   3.891332   48.87223  -16.52597     5.4126     5.6221    548.573    35.3563    35.3601 0.0000e+00
   2118.597      50847    555.000    10.2257    10.2257   3.890060   3.890395   48.87223  -16.52597     5.4046     5.6138    549.562    35.3545    35.3579 0.0000e+00
   2119.484      50869    556.000    10.2202    10.2206   3.889419   3.889800   48.87223  -16.52597     5.4023     5.6097    550.551    35.3529    35.3563 0.0000e+00
   2120.429      50891    557.000    10.2160    10.2167   3.888977   3.889387   48.87223  -16.52597     5.4029     5.6084    551.540    35.3520    35.3555 0.0000e+00
   2121.477      50916    558.000    10.2121    10.2129   3.888585   3.889002   48.87223  -16.52597     5.4031     5.6091    552.529    35.3513    35.3548 0.0000e+00
   2122.560      50942    559.000    10.2092    10.2100   3.888277   3.888692   48.87223  -16.52597     5.4012     5.6108    553.517    35.3506    35.3540 0.0000e+00
   2123.554      50966    560.000    10.2074    10.2084   3.888084   3.888521   48.87223  -16.52597     5.3991     5.6107    554.506    35.3499    35.3534 0.0000e+00
   2124.449      50988    561.000    10.2065    10.2076   3.887998   3.888457   48.87223  -16.52597     5.3982     5.6099    555.495    35.3495    35.3530 0.0000e+00
   2125.299      51008    562.000    10.2060    10.2070   3.887965   3.888412   48.87223  -16.52597     5.3990     5.6092    556.484    35.3492    35.3528 0.0000e+00
   2126.157      51029    563.000    10.2057    10.2066   3.887964   3.888396   48.87223  -16.52597     5.4019     5.6085    557.473    35.3490    35.3525 0.0000e+00
   2127.065      51051    564.000    10.2052    10.2062   3.887964   3.888399   48.87223  -16.52597     5.4048     5.6093    558.462    35.3491    35.3525 0.0000e+00
   2128.048      51074    565.000    10.2043    10.2055   3.887936   3.888387   48.87223  -16.52597     5.4053     5.6118    559.451    35.3491    35.3526 0.0000e+00
   2129.098      51099    566.000    10.2026    10.2039   3.887851   3.888321   48.87223  -16.52597     5.4055     5.6141    560.439    35.3495    35.3530 0.0000e+00
   2130.138      51124    567.000    10.2003    10.2016   3.887706   3.888175   48.87223  -16.52597     5.4057     5.6175    561.428    35.3498    35.3534 0.0000e+00
   2131.111      51148    568.000    10.1977    10.1989   3.887558   3.888021   48.87223  -16.52597     5.4110     5.6247    562.417    35.3504    35.3539 0.0000e+00
   2132.025      51170    569.000    10.1953    10.1963   3.887402   3.887851   48.87223  -16.52597     5.4230     5.6352    563.406    35.3507    35.3543 0.0000e+00
   2132.921      51191    570.000    10.1924    10.1932   3.887203   3.887635   48.87223  -16.52597     5.4344     5.6459    564.395    35.3511    35.3546 0.0000e+00
   2133.842      51213    571.000    10.1889    10.1900   3.886908   3.887347   48.87223  -16.52597     5.4409     5.6533    565.384    35.3510    35.3544 0.0000e+00
   2134.804      51236    572.000    10.1849    10.1859   3.886574   3.887021   48.87223  -16.52597     5.4431     5.6559    566.372    35.3510    35.3546 0.0000e+00
   2135.782      51260    573.000    10.1782    10.1788   3.886034   3.886478   48.87223  -16.52597     5.4434     5.6541    567.361    35.3516    35.3555 0.0000e+00
   2136.737      51283    574.000    10.1716    10.1717   3.885305   3.885679   48.87223  -16.52597     5.4421     5.6508    568.350    35.3502    35.3539 0.0000e+00
   2137.660      51305    575.000    10.1672    10.1674   3.884768   3.885120   48.87223  -16.52597     5.4386     5.6479    569.339    35.3485    35.3519 0.0000e+00
   2138.579      51327    576.000    10.1643    10.1642   3.884436   3.884781   48.87223  -16.52597     5.4338     5.6445    570.327    35.3475    35.3511 0.0000e+00
   2139.530      51350    577.000    10.1614    10.1604   3.884147   3.884423   48.87223  -16.52597     5.4296     5.6402    571.316    35.3470    35.3508 0.0000e+00
   2140.536      51374    578.000    10.1578    10.1557   3.883836   3.883975   48.87223  -16.52597     5.4288     5.6362    572.305    35.3468    35.3503 0.0000e+00
   2141.565      51399    579.000    10.1517    10.1491   3.883341   3.883401   48.87223  -16.52597     5.4274     5.6319    573.294    35.3473    35.3505 0.0000e+00
