Data_example/SBE_Data_Processed/DY130/SeaBird/Data/Processed/DY130_006cfaldb.cnv
* Sea-Bird SBE 9 Data File:
* FileName = C:\Users\sandm\Documents\Cruises\DY130\Data\Raw Data\DY130_006.hex
* Software Version Seasave V 7.26.7.121
* Temperature SN = 03P-5494
* Conductivity SN = 04C-3768
* Number of Bytes Per Scan = 45
* Number of Voltage Words = 4
* Number of Scans Averaged by the Deck Unit = 1
* NMEA Latitude = 48 57.60 N
* NMEA Longitude = 016 26.80 W
* NMEA UTC (Time) = Apr 04 2021  06:49:01
* NMEA baud rate = 9600
** Ship: RRS Discovery
** Cruise: DY130
** Cast: DY130_006
** Station: 045
** Julian Day: 094
** Date: 04/04/21
** Time (GMT): 06:48
** Latitude: 28 57.59N
** Longitude: 16 26.80W
** Depth (uncorrected m): 4811
** Principal Scientist: Sue Hart
** Operator: BP/PH BP/PH
# nquan = 15
# nvalues = 409                         
# units = specified
# name 0 = timeS: Time, Elapsed [seconds]
# name 1 = scan: Scan Count
# name 2 = prDM: Pressure, Digiquartz [db]
# name 3 = t090C: Temperature [ITS-90, deg C]
# name 4 = t190C: Temperature, 2 [ITS-90, deg C]
# name 5 = c0S/m: Conductivity [S/m]
# name 6 = c1S/m: Conductivity, 2 [S/m]
# name 7 = latitude: Latitude [deg]
# name 8 = longitude: Longitude [deg]
# name 9 = sbeox0ML/L: Oxygen, SBE 43 [ml/l]
# name 10 = sbeox1ML/L: Oxygen, SBE 43, 2 [ml/l]
# name 11 = depSM: Depth [salt water, m], lat = 48.96
# name 12 = sal00: Salinity, Practical [PSU]
# name 13 = sal11: Salinity, Practical, 2 [PSU]
# name 14 = flag: flag
# span 0 =    267.846,   3325.184       
# span 1 =       6429,      79805       
# span 2 =      2.000,    206.000       
# span 3 =    10.8998,    11.4754       
# span 4 =    10.9001,    11.4758       
# span 5 =   3.523775,   4.000731       
# span 6 =   2.760506,   4.001176       
# span 7 =   48.95993,   48.95995       
# span 8 =  -16.44678,  -16.44670       
# span 9 =     4.8259,     6.7301       
# span 10 =     4.6126,     7.3518      
# span 11 =      1.983,    204.152      
# span 12 =    30.9076,    35.4991      
# span 13 =    23.6331,    35.5021      
# span 14 = 0.0000e+00, 0.0000e+00      
# interval = decibars: 1                
# start_time = Apr 04 2021 06:49:01 [NMEA time, first data scan]
# bad_flag = -9.990e-29
*END*
[from data line 386]
   2988.225      71718     24.000    11.4654    11.4671   3.998686   3.999194   48.95995  -16.44673     6.2539     6.4948     23.795    35.4856    35.4890 0.0000e+00
   2991.248      71791     23.000    11.4656    11.4667   3.998654   3.999116   48.95995  -16.44671     6.2549     6.4972     22.804    35.4856    35.4891 0.0000e+00
   2993.829      71853     22.000    11.4655    11.4668   3.998610   3.999068   48.95995  -16.44671     6.2568     6.4988     21.812    35.4857    35.4890 0.0000e+00
   2996.683      71921     21.000    11.4655    11.4667   3.998555   3.999011   48.95995  -16.44672     6.2543     6.4973     20.821    35.4856    35.4890 0.0000e+00
   2999.389      71986     20.000    11.4655    11.4665   3.998508   3.998957   48.95995  -16.44671     6.2525     6.4975     19.829    35.4856    35.4890 0.0000e+00
   3002.892      72070     19.000    11.4653    11.4665   3.998445   3.998897   48.95995  -16.44671     6.2504     6.5021     18.838    35.4856    35.4889 0.0000e+00
   3005.351      72129     18.000    11.4652    11.4664   3.998396   3.998842   48.95995  -16.44672     6.2617     6.5024     17.847    35.4856    35.4889 0.0000e+00
   3009.935      72239     17.000    11.4649    11.4660   3.998322   3.998767   48.95995  -16.44671     6.2584     6.5018     16.855    35.4857    35.4891 0.0000e+00
   3012.816      72309     16.000    11.4640    11.4647   3.998194   3.998601   48.95995  -16.44671     6.2586     6.5000     15.864    35.4857    35.4891 0.0000e+00
   3016.371      72394     15.000    11.4635    11.4641   3.998091   3.998466   48.95995  -16.44671     6.2534     6.4957     14.872    35.4856    35.4888 0.0000e+00
   3019.971      72480     14.000    11.4632    11.4638   3.998014   3.998410   48.95995  -16.44671     6.2517     6.4949     13.881    35.4856    35.4889 0.0000e+00
   3065.459      73572     13.000    11.4617    11.4631   3.997796   3.998264   48.95995  -16.44672     6.2535     6.4933     12.889    35.4853    35.4886 0.0000e+00
   3182.836      76389     12.000    11.4598    11.4612   3.997565   3.998047   48.95994  -16.44675     6.2528     6.4916     11.898    35.4854    35.4888 0.0000e+00
   3316.304      79592     11.000    11.4578    11.4589   3.997326   3.997773   48.95993  -16.44678     6.2501     6.4872     10.906    35.4854    35.4887 0.0000e+00
   3299.358      79186     10.000    11.4579    11.4591   3.997296   3.997751   48.95993  -16.44677     6.2577     6.4942      9.915    35.4854    35.4887 0.0000e+00
   3301.481      79237      9.000    11.4576    11.4587   3.997227   3.997666   48.95993  -16.44677     6.2561     6.4971      8.923    35.4854    35.4888 0.0000e+00
   3306.685      79361      8.000    11.4573    11.4584   3.997147   3.997564   48.95993  -16.44677     6.2494     6.4922      7.932    35.4854    35.4885 0.0000e+00
   3308.411      79403      7.000    11.4571    11.4579   3.997080   3.997402   48.95993  -16.44677     6.2538     6.4953      6.941    35.4854    35.4878 0.0000e+00
   3311.280      79472      6.000    11.4571    11.4575   3.997020   3.997182   48.95993  -16.44677     6.2538     6.4969      5.949    35.4853    35.4865 0.0000e+00
   3315.135      79564      5.000    11.4567    11.4572   3.996936   3.997251   48.95993  -16.44677     6.2528     6.4997      4.958    35.4853    35.4879 0.0000e+00
   3318.511      79645      4.000    11.4564    11.4556   3.996849   3.994344   48.95993  -16.44675     6.2562     6.5099      3.966    35.4851    35.4610 0.0000e+00
   3322.724      79746      3.000    11.4559    11.4391   3.996710   3.954806   48.95993  -16.44674     6.2559     6.6411      2.975    35.4847    35.0855 0.0000e+00
   3325.184      79805      2.000    11.4538    11.2562   3.996061   3.507159   48.95993  -16.44677     6.1957     7.3518      1.983    35.4807    30.8587 0.0000e+00
