Data_example/SBE_Data_Processed/DY130/SeaBird/Data/Processed/DY130_011cfaldb.cnv
* Sea-Bird SBE 9 Data File:
* FileName = C:\Users\sandm\Documents\Cruises\DY130\Data\Raw Data\DY130_011.hex
* Software Version Seasave V 7.26.7.121
* Temperature SN = 03P-5494
* Conductivity SN = 04C-3768
* Number of Bytes Per Scan = 45
* Number of Voltage Words = 4
* Number of Scans Averaged by the Deck Unit = 1
* NMEA Latitude = 49 00.01 N
* NMEA Longitude = 016 30.03 W
* NMEA UTC (Time) = Apr 08 2021  08:05:03
* NMEA baud rate = 9600
** Ship: RRS Discovery
** Cruise: DY130
** Cast: DY130_011
** Station: 068
** Julian Day: 098
** Date: 08/04/2021
** Time (GMT):
** Latitude: 49 00.01 N
** Longitude: 16 30.03 W
** Depth (uncorrected m): 4808
** Principal Scientist: Sue Hart
** Operator: BP/PH
# nquan = 15
# nvalues = 9703                        
# units = specified
# name 0 = timeS: Time, Elapsed [seconds]
# name 1 = scan: Scan Count
# name 2 = prDM: Pressure, Digiquartz [db]
# name 3 = t090C: Temperature [ITS-90, deg C]
# name 4 = t190C: Temperature, 2 [ITS-90, deg C]
# name 5 = c0S/m: Conductivity [S/m]
# name 6 = c1S/m: Conductivity, 2 [S/m]
# name 7 = latitude: Latitude [deg]
# name 8 = longitude: Longitude [deg]
# name 9 = sbeox0ML/L: Oxygen, SBE 43 [ml/l]
# name 10 = sbeox1ML/L: Oxygen, SBE 43, 2 [ml/l]
# name 11 = depSM: Depth [salt water, m], lat = 49.0002
# name 12 = sal00: Salinity, Practical [PSU]
# name 13 = sal11: Salinity, Practical, 2 [PSU]
# name 14 = flag: flag
# span 0 =    335.620,  18108.535       
# span 1 =       8056,     434606       
# span 2 =      1.000,   4853.000       
# span 3 =     2.5268,    11.7473       
# span 4 =     2.5297,    11.7529       
# span 5 =  -0.103621,   4.027898       
# span 6 =  -0.485623,   4.029496       
# span 7 =   48.98374,   49.00613       
# span 8 =  -16.50258,  -16.49505       
# span 9 =     4.4095,     7.2780       
# span 10 =     4.5733,     7.6846      
# span 11 =      0.991,   4757.770      
# span 12 =    -2.5208,    35.5239      
# span 13 =    -5.9731,    35.5277      
# span 14 = 0.0000e+00, 0.0000e+00      
# interval = decibars: 1                
# start_time = Apr 08 2021 08:05:04 [NMEA time, first data scan]
# bad_flag = -9.990e-29
*END*
[from data line 6073]
   9438.722     226530   3630.000     2.5994     2.6019   3.272250   3.272678   48.99989  -16.50041     5.5526     5.8036   3568.607    34.9151    34.9175 0.0000e+00
   9439.455     226548   3629.000     2.5994     2.6020   3.272216   3.272643   48.99989  -16.50042     5.5538     5.8005   3567.632    34.9151    34.9175 0.0000e+00
   9440.162     226565   3628.000     2.5994     2.6021   3.272181   3.272616   48.99989  -16.50042     5.5541     5.7991   3566.657    34.9151    34.9175 0.0000e+00
   9440.864     226582   3627.000     2.5994     2.6022   3.272145   3.272592   48.99989  -16.50043     5.5539     5.7993   3565.682    34.9151    34.9174 0.0000e+00
   9441.581     226599   3626.000     2.5995     2.6023   3.272114   3.272571   48.99989  -16.50043     5.5547     5.8012   3564.707    34.9150    34.9175 0.0000e+00
   9442.348     226617   3625.000     2.5996     2.6024   3.272090   3.272553   48.99989  -16.50043     5.5572     5.8059   3563.732    34.9151    34.9176 0.0000e+00
   9443.217     226638   3624.000     2.5995     2.6026   3.272062   3.272537   48.99988  -16.50043     5.5580     5.8095   3562.757    34.9153    34.9177 0.0000e+00
   9444.270     226663   3623.000     2.5994     2.6027   3.272019   3.272523   48.99988  -16.50043     5.5555     5.8079   3561.782    34.9153    34.9179 0.0000e+00
   9445.508     226693   3622.000     2.5994     2.6028   3.271970   3.272505   48.99987  -16.50043     5.5532     5.8048   3560.807    34.9152    34.9179 0.0000e+00
   9446.709     226722   3621.000     2.5998     2.6031   3.271961   3.272487   48.99987  -16.50043     5.5543     5.8037   3559.833    34.9150    34.9178 0.0000e+00
   9447.817     226749   3620.000     2.6000     2.6037   3.271959   3.272497   48.99987  -16.50043     5.5535     5.8021   3558.857    34.9152    34.9177 0.0000e+00
   9449.057     226778   3619.000     2.5999     2.6042   3.271924   3.272522   48.99988  -16.50043     5.5545     5.8011   3557.882    34.9153    34.9180 0.0000e+00
   9450.809     226820   3618.000     2.5997     2.6044   3.271865   3.272510   48.99989  -16.50043     5.5546     5.7991   3556.908    34.9153    34.9180 0.0000e+00
   9452.227     226854   3617.000     2.6002     2.6049   3.271852   3.272496   48.99989  -16.50042     5.5562     5.7987   3555.932    34.9149    34.9177 0.0000e+00
   9453.033     226874   3616.000     2.6012     2.6054   3.271884   3.272488   48.99989  -16.50042     5.5583     5.8006   3554.958    34.9148    34.9176 0.0000e+00
   9453.684     226889   3615.000     2.6019     2.6058   3.271922   3.272482   48.99989  -16.50042     5.5592     5.8032   3553.982    34.9149    34.9174 0.0000e+00
   9454.269     226903   3614.000     2.6024     2.6063   3.271941   3.272481   48.99989  -16.50043     5.5590     5.8052   3553.008    34.9150    34.9174 0.0000e+00
   9454.828     226917   3613.000     2.6028     2.6066   3.271949   3.272484   48.99989  -16.50043     5.5587     5.8072   3552.032    34.9151    34.9175 0.0000e+00
   9455.385     226930   3612.000     2.6033     2.6069   3.271953   3.272487   48.99989  -16.50043     5.5594     5.8093   3551.057    34.9151    34.9176 0.0000e+00
   9455.961     226944   3611.000     2.6036     2.6072   3.271957   3.272485   48.99989  -16.50043     5.5606     5.8103   3550.082    34.9152    34.9178 0.0000e+00
   9456.580     226959   3610.000     2.6039     2.6072   3.271957   3.272474   48.99989  -16.50043     5.5608     5.8096   3549.107    34.9153    34.9181 0.0000e+00
   9457.273     226976   3609.000     2.6040     2.6072   3.271944   3.272451   48.99989  -16.50043     5.5596     5.8097   3548.132    34.9155    34.9182 0.0000e+00
   9458.078     226995   3608.000     2.6040     2.6071   3.271916   3.272421   48.99989  -16.50043     5.5591     5.8131   3547.157    34.9156    34.9184 0.0000e+00
   9459.047     227018   3607.000     2.6040     2.6068   3.271878   3.272376   48.99988  -16.50044     5.5590     5.8160   3546.182    34.9156    34.9186 0.0000e+00
   9460.235     227047   3606.000     2.6035     2.6065   3.271823   3.272318   48.99988  -16.50044     5.5587     5.8118   3545.207    34.9158    34.9186 0.0000e+00
   9461.845     227085   3605.000     2.6032     2.6062   3.271737   3.272260   48.99987  -16.50045     5.5582     5.8066   3544.232    34.9156    34.9186 0.0000e+00
   9464.313     227145   3604.000     2.6040     2.6057   3.271772   3.272170   48.99988  -16.50043     5.5534     5.8022   3543.257    34.9156    34.9186 0.0000e+00
   9465.919     227183   3603.000     2.6039     2.6061   3.271738   3.272127   48.99989  -16.50042     5.5564     5.8004   3542.282    34.9157    34.9180 0.0000e+00
   9466.734     227203   3602.000     2.6041     2.6069   3.271706   3.272133   48.99989  -16.50041     5.5604     5.8000   3541.307    34.9156    34.9177 0.0000e+00
   9467.378     227218   3601.000     2.6044     2.6076   3.271690   3.272152   48.99989  -16.50041     5.5616     5.7994   3540.332    34.9155    34.9176 0.0000e+00
   9467.940     227232   3600.000     2.6048     2.6081   3.271686   3.272162   48.99989  -16.50041     5.5620     5.8002   3539.357    34.9154    34.9177 0.0000e+00
   9468.458     227244   3599.000     2.6052     2.6083   3.271686   3.272160   48.99989  -16.50042     5.5620     5.8026   3538.382    34.9155    34.9178 0.0000e+00
   9468.956     227256   3598.000     2.6054     2.6085   3.271680   3.272146   48.99989  -16.50042     5.5614     5.8065   3537.407    34.9156    34.9179 0.0000e+00
   9469.451     227268   3597.000     2.6055     2.6086   3.271666   3.272123   48.99989  -16.50043     5.5603     5.8109   3536.432    34.9157    34.9180 0.0000e+00
   9469.963     227280   3596.000     2.6056     2.6086   3.271644   3.272101   48.99989  -16.50043     5.5602     5.8137   3535.456    34.9158    34.9181 0.0000e+00
   9470.514     227293   3595.000     2.6056     2.6087   3.271616   3.272083   48.99989  -16.50044     5.5623     5.8138   3534.481    34.9159    34.9182 0.0000e+00
   9471.151     227309   3594.000     2.6056     2.6089   3.271583   3.272070   48.99989  -16.50044     5.5650     5.8118   3533.506    34.9159    34.9183 0.0000e+00
   9472.039     227330   3593.000     2.6055     2.6090   3.271539   3.272066   48.99989  -16.50045     5.5637     5.8095   3532.531    34.9159    34.9186 0.0000e+00
   9474.273     227384   3592.000     2.6052     2.6092   3.271479   3.272065   48.99988  -16.50044     5.5585     5.8036   3531.556    34.9159    34.9187 0.0000e+00
   9476.036     227426   3591.000     2.6055     2.6091   3.271450   3.272024   48.99988  -16.50044     5.5577     5.8020   3530.581    34.9158    34.9188 0.0000e+00
   9476.790     227444   3590.000     2.6059     2.6091   3.271444   3.271971   48.99988  -16.50044     5.5578     5.8057   3529.606    34.9157    34.9186 0.0000e+00
   9477.451     227460   3589.000     2.6063     2.6093   3.271447   3.271940   48.99988  -16.50044     5.5569     5.8107   3528.631    34.9157    34.9185 0.0000e+00
   9478.101     227475   3588.000     2.6065     2.6092   3.271443   3.271914   48.99989  -16.50045     5.5569     5.8153   3527.656    34.9158    34.9186 0.0000e+00
   9478.832     227493   3587.000     2.6066     2.6091   3.271428   3.271878   48.99989  -16.50045     5.5596     5.8164   3526.680    34.9160    34.9188 0.0000e+00
   9479.969     227520   3586.000     2.6065     2.6089   3.271388   3.271839   48.99989  -16.50045     5.5606     5.8115   3525.705    34.9160    34.9189 0.0000e+00
   9482.355     227578   3585.000     2.6066     2.6090   3.271359   3.271792   48.99989  -16.50044     5.5573     5.8031   3524.730    34.9161    34.9187 0.0000e+00
   9483.581     227607   3584.000     2.6065     2.6093   3.271312   3.271760   48.99989  -16.50044     5.5598     5.8013   3523.755    34.9160    34.9184 0.0000e+00
   9484.279     227624   3583.000     2.6065     2.6098   3.271279   3.271741   48.99989  -16.50044     5.5613     5.8028   3522.780    34.9160    34.9181 0.0000e+00
   9484.862     227638   3582.000     2.6067     2.6102   3.271254   3.271735   48.99989  -16.50043     5.5614     5.8050   3521.805    34.9159    34.9180 0.0000e+00
   9485.389     227650   3581.000     2.6070     2.6105   3.271235   3.271732   48.99989  -16.50044     5.5621     5.8072   3520.830    34.9159    34.9181 0.0000e+00
   9485.888     227662   3580.000     2.6073     2.6107   3.271223   3.271721   48.99989  -16.50044     5.5633     5.8090   3519.854    34.9159    34.9181 0.0000e+00
   9486.375     227674   3579.000     2.6075     2.6109   3.271214   3.271706   48.99989  -16.50044     5.5648     5.8118   3518.879    34.9159    34.9183 0.0000e+00
   9486.865     227686   3578.000     2.6076     2.6110   3.271199   3.271689   48.99989  -16.50044     5.5663     5.8151   3517.904    34.9160    34.9183 0.0000e+00
   9487.377     227698   3577.000     2.6077     2.6112   3.271179   3.271673   48.99989  -16.50044     5.5675     5.8171   3516.929    34.9161    34.9183 0.0000e+00
   9487.936     227711   3576.000     2.6078     2.6114   3.271153   3.271665   48.99989  -16.50045     5.5669     5.8162   3515.954    34.9162    34.9184 0.0000e+00
   9488.608     227728   3575.000     2.6077     2.6116   3.271118   3.271665   48.99989  -16.50045     5.5641     5.8147   3514.978    34.9163    34.9187 0.0000e+00
   9490.508     227773   3574.000     2.6075     2.6116   3.271066   3.271662   48.99989  -16.50045     5.5601     5.8139   3514.003    34.9163    34.9190 0.0000e+00
   9494.670     227873   3573.000     2.6078     2.6123   3.271039   3.271654   48.99988  -16.50043     5.5611     5.8059   3513.028    34.9161    34.9187 0.0000e+00
   9495.207     227886   3572.000     2.6082     2.6125   3.271028   3.271637   48.99989  -16.50043     5.5624     5.8121   3512.053    34.9160    34.9187 0.0000e+00
   9495.763     227899   3571.000     2.6086     2.6129   3.271023   3.271617   48.99989  -16.50043     5.5629     5.8145   3511.078    34.9159    34.9185 0.0000e+00
   9496.271     227912   3570.000     2.6091     2.6136   3.271025   3.271614   48.99989  -16.50043     5.5633     5.8134   3510.102    34.9159    34.9182 0.0000e+00
   9496.763     227923   3569.000     2.6096     2.6143   3.271034   3.271640   48.99989  -16.50043     5.5642     5.8106   3509.127    34.9159    34.9181 0.0000e+00
   9497.260     227935   3568.000     2.6101     2.6151   3.271050   3.271678   48.99989  -16.50043     5.5645     5.8089   3508.152    34.9159    34.9182 0.0000e+00
   9497.784     227948   3567.000     2.6105     2.6156   3.271067   3.271718   48.99989  -16.50043     5.5644     5.8086   3507.177    34.9161    34.9186 0.0000e+00
   9498.367     227962   3566.000     2.6106     2.6159   3.271073   3.271741   48.99989  -16.50043     5.5640     5.8105   3506.202    34.9165    34.9190 0.0000e+00
   9499.078     227979   3565.000     2.6101     2.6159   3.271026   3.271741   48.99989  -16.50043     5.5637     5.8160   3505.226    34.9169    34.9193 0.0000e+00
   9500.251     228007   3564.000     2.6094     2.6158   3.270904   3.271717   48.99989  -16.50043     5.5613     5.8211   3504.251    34.9167    34.9196 0.0000e+00
   9504.774     228116   3563.000     2.6101     2.6166   3.270928   3.271756   48.99988  -16.50042     5.5596     5.8116   3503.276    34.9166    34.9197 0.0000e+00
   9506.734     228163   3562.000     2.6105     2.6167   3.270920   3.271731   48.99988  -16.50043     5.5624     5.8136   3502.301    34.9165    34.9197 0.0000e+00
   9555.609     229336   3561.000     2.6128     2.6159   3.271100   3.271624   48.99988  -16.50041     5.5642     5.8190   3501.325    34.9168    34.9197 0.0000e+00
   9785.396     234850   3560.000     2.6154     2.6176   3.271335   3.271722   48.99989  -16.50039     5.5674     5.8139   3500.350    34.9173    34.9195 0.0000e+00
   9784.815     234837   3559.000     2.6153     2.6177   3.271291   3.271694   48.99988  -16.50039     5.5686     5.8169   3499.375    34.9172    34.9195 0.0000e+00
   9785.641     234856   3558.000     2.6154     2.6177   3.271255   3.271665   48.99988  -16.50039     5.5666     5.8199   3498.400    34.9171    34.9196 0.0000e+00
   9786.484     234877   3557.000     2.6154     2.6176   3.271225   3.271633   48.99988  -16.50039     5.5681     5.8218   3497.424    34.9171    34.9197 0.0000e+00
   9787.512     234901   3556.000     2.6155     2.6175   3.271197   3.271599   48.99987  -16.50039     5.5686     5.8210   3496.449    34.9172    34.9198 0.0000e+00
   9793.180     235037   3555.000     2.6157     2.6178   3.271173   3.271565   48.99988  -16.50039     5.5657     5.8118   3495.474    34.9171    34.9196 0.0000e+00
   9796.370     235114   3554.000     2.6159     2.6183   3.271149   3.271545   48.99989  -16.50039     5.5672     5.8084   3494.499    34.9170    34.9193 0.0000e+00
   9796.898     235127   3553.000     2.6160     2.6186   3.271120   3.271531   48.99989  -16.50039     5.5689     5.8107   3493.523    34.9170    34.9192 0.0000e+00
   9797.464     235140   3552.000     2.6161     2.6190   3.271096   3.271530   48.99989  -16.50039     5.5706     5.8143   3492.548    34.9170    34.9192 0.0000e+00
   9798.051     235154   3551.000     2.6163     2.6191   3.271079   3.271533   48.99989  -16.50039     5.5721     5.8208   3491.573    34.9170    34.9196 0.0000e+00
   9798.721     235170   3550.000     2.6164     2.6188   3.271062   3.271513   48.99989  -16.50039     5.5725     5.8280   3490.598    34.9172    34.9201 0.0000e+00
   9800.512     235213   3549.000     2.6164     2.6185   3.271032   3.271453   48.99989  -16.50040     5.5678     5.8248   3489.622    34.9173    34.9201 0.0000e+00
   9805.663     235337   3548.000     2.6165     2.6183   3.271015   3.271385   48.99988  -16.50039     5.5663     5.8107   3488.647    34.9174    34.9199 0.0000e+00
   9806.436     235355   3547.000     2.6165     2.6184   3.270977   3.271334   48.99988  -16.50039     5.5660     5.8111   3487.672    34.9173    34.9196 0.0000e+00
   9807.360     235378   3546.000     2.6164     2.6186   3.270937   3.271330   48.99989  -16.50040     5.5665     5.8131   3486.696    34.9174    34.9198 0.0000e+00
   9808.562     235406   3545.000     2.6163     2.6186   3.270895   3.271307   48.99989  -16.50040     5.5662     5.8165   3485.721    34.9174    34.9200 0.0000e+00
   9811.111     235468   3544.000     2.6161     2.6190   3.270845   3.271308   48.99989  -16.50040     5.5649     5.8165   3484.746    34.9174    34.9199 0.0000e+00
   9813.468     235524   3543.000     2.6162     2.6205   3.270806   3.271379   48.99989  -16.50039     5.5640     5.8146   3483.770    34.9174    34.9196 0.0000e+00
   9814.695     235554   3542.000     2.6166     2.6225   3.270793   3.271490   48.99989  -16.50039     5.5679     5.8192   3482.795    34.9172    34.9193 0.0000e+00
   9815.855     235582   3541.000     2.6173     2.6246   3.270819   3.271669   48.99989  -16.50040     5.5682     5.8200   3481.820    34.9172    34.9196 0.0000e+00
   9817.136     235612   3540.000     2.6177     2.6258   3.270831   3.271782   48.99989  -16.50040     5.5670     5.8162   3480.844    34.9173    34.9202 0.0000e+00
   9818.653     235649   3539.000     2.6185     2.6266   3.270862   3.271830   48.99989  -16.50040     5.5689     5.8155   3479.869    34.9173    34.9203 0.0000e+00
   9820.274     235688   3538.000     2.6195     2.6277   3.270905   3.271890   48.99989  -16.50040     5.5668     5.8170   3478.894    34.9172    34.9203 0.0000e+00
   9821.722     235722   3537.000     2.6217     2.6284   3.271047   3.271938   48.99988  -16.50041     5.5685     5.8221   3477.918    34.9170    34.9206 0.0000e+00
   9823.217     235758   3536.000     2.6223     2.6287   3.271147   3.271943   48.99988  -16.50042     5.5707     5.8228   3476.943    34.9179    34.9208 0.0000e+00
