Data_example/SBE_Data_Processed/DY130/SeaBird/Data/Processed/DY130_004cfaldb.cnv
* Sea-Bird SBE 9 Data File:
* FileName = C:\Users\sandm\Documents\Cruises\DY130\Data\Raw Data\DY130_004.hex
* Software Version Seasave V 7.26.7.121
* Temperature SN = 03P-5494
* Conductivity SN = 04C-3768
* Number of Bytes Per Scan = 45
* Number of Voltage Words = 4
* Number of Scans Averaged by the Deck Unit = 1
* NMEA Latitude = 48 56.97 N
* NMEA Longitude = 016 26.65 W
* NMEA UTC (Time) = Apr 01 2021  07:02:32
* NMEA baud rate = 9600
** Ship: RRS Discovery
** Cruise: DY130
** Cast: DY130_004
** Station: 027
** Julian Day: 091
** Date: 01/04/21
** Time (GMT): 07:02
** Latitude: 48 56.96 N
** Longitude: 16 26.64 W
** Depth (uncorrected m): 4811
** Principal Scientist: Sue Hart
** Operator: BP/PH
# nquan = 15
# nvalues = 405                         
# units = specified
# name 0 = timeS: Time, Elapsed [seconds]
# name 1 = scan: Scan Count
# name 2 = prDM: Pressure, Digiquartz [db]
# name 3 = t090C: Temperature [ITS-90, deg C]
# name 4 = t190C: Temperature, 2 [ITS-90, deg C]
# name 5 = c0S/m: Conductivity [S/m]
# name 6 = c1S/m: Conductivity, 2 [S/m]
# name 7 = latitude: Latitude [deg]
# name 8 = longitude: Longitude [deg]
# name 9 = sbeox0ML/L: Oxygen, SBE 43 [ml/l]
# name 10 = sbeox1ML/L: Oxygen, SBE 43, 2 [ml/l]
# name 11 = depSM: Depth [salt water, m], lat = 48.9495
# name 12 = sal00: Salinity, Practical [PSU]
# name 13 = sal11: Salinity, Practical, 2 [PSU]
# name 14 = flag: flag
# span 0 =    224.423,   2593.545       
# span 1 =       5387,      62246       
# span 2 =      1.000,    205.000       
# span 3 =    10.9496,    11.5371       
# span 4 =    10.7873,    11.5385       
# span 5 =   0.663900,   4.007628       
# span 6 =  -0.074561,   4.007921       
# span 7 =   48.76100,   49.04527       
# span 8 =  -16.47631,  -16.38081       
# span 9 =     4.3529,     6.9362       
# span 10 =     4.6393,     7.0761      
# span 11 =      0.991,    203.161      
# span 12 =     4.1852,    35.5563      
# span 13 =    -2.3461,    35.5593      
# span 14 = 0.0000e+00, 0.0000e+00      
# interval = decibars: 1                
# start_time = Apr 01 2021 07:02:33 [NMEA time, first data scan]
# bad_flag = -9.990e-29
*END*
[from data line 290]
   1551.924      37247    116.000    11.2570    11.2597   3.982434   3.983047   48.94943  -16.44411     6.0315     6.2710    114.984    35.4832    35.4867 0.0000e+00
   1556.711      37362    115.000    11.2572    11.2586   3.982401   3.982822   48.94943  -16.44411     6.0314     6.2742    113.993    35.4831    35.4859 0.0000e+00
   1558.945      37416    114.000    11.2621    11.2647   3.982826   3.983286   48.94943  -16.44411     6.0327     6.2734    113.002    35.4830    35.4851 0.0000e+00
   1560.459      37452    113.000    11.2644    11.2699   3.983153   3.983929   48.94943  -16.44411     6.0328     6.2737    112.011    35.4845    35.4870 0.0000e+00
   1566.351      37593    112.000    11.2653    11.2723   3.983211   3.984246   48.94943  -16.44411     6.0368     6.2743    111.020    35.4846    35.4882 0.0000e+00
   1569.315      37665    111.000    11.2671    11.2740   3.983394   3.984397   48.94943  -16.44411     6.0371     6.2804    110.029    35.4852    35.4885 0.0000e+00
   1579.220      37902    110.000    11.2704    11.2704   3.983761   3.984070   48.94943  -16.44411     6.0331     6.2772    109.038    35.4861    35.4892 0.0000e+00
   1584.079      38019    109.000    11.2672    11.2658   3.983409   3.983484   48.94943  -16.44411     6.0311     6.2792    108.047    35.4862    35.4883 0.0000e+00
   1592.632      38224    108.000    11.2714    11.2769   3.983738   3.984500   48.94945  -16.44411     6.0386     6.2728    107.056    35.4858    35.4882 0.0000e+00
   1596.384      38314    107.000    11.2727    11.2818   3.983822   3.984998   48.94945  -16.44411     6.0391     6.2750    106.065    35.4859    35.4889 0.0000e+00
   1602.264      38455    106.000    11.2750    11.2841   3.984031   3.985289   48.94944  -16.44411     6.0393     6.2789    105.074    35.4863    35.4899 0.0000e+00
   1640.356      39370    104.000    11.3031    11.3059   3.992372   3.992949   49.04527  -16.47631     6.0496     6.2913    103.092    35.5563    35.5593 0.0000e+00
   1800.833      43221    103.000    11.2847    11.2862   3.984925   3.985334   48.94944  -16.44411     6.0332     6.2754    102.101    35.4871    35.4898 0.0000e+00
   1836.584      44079    102.000    11.2847    11.2871   3.984879   3.985395   48.94944  -16.44411     6.0375     6.2796    101.110    35.4871    35.4899 0.0000e+00
   1836.736      44083    101.000    11.2849    11.2882   3.984847   3.985469   48.94944  -16.44411     6.0347     6.2762    100.119    35.4871    35.4901 0.0000e+00
   1839.978      44160    100.000    11.2856    11.2892   3.984864   3.985515   48.94944  -16.44411     6.0331     6.2748     99.128    35.4870    35.4900 0.0000e+00
   1842.301      44216     99.000    11.2863    11.2906   3.984918   3.985640   48.94945  -16.44411     6.0391     6.2745     98.137    35.4873    35.4904 0.0000e+00
   1847.307      44336     98.000    11.2864    11.2931   3.984868   3.985803   48.94943  -16.44411     6.0367     6.2727     97.146    35.4872    35.4901 0.0000e+00
   1849.513      44389     97.000    11.2874    11.2944   3.984940   3.985949   48.94943  -16.44411     6.0340     6.2726     96.155    35.4874    35.4907 0.0000e+00
   1853.537      44486     96.000    11.2887    11.3034   3.985018   3.986749   48.94943  -16.44411     6.0415     6.2774     95.164    35.4874    35.4904 0.0000e+00
   1858.643      44608     95.000    11.2910    11.3036   3.985108   3.986809   48.94944  -16.44411     6.0364     6.2747     94.173    35.4865    35.4912 0.0000e+00
   1861.096      44667     94.000    11.2988    11.3049   3.985749   3.986829   48.94944  -16.44411     6.0359     6.2757     93.182    35.4858    35.4906 0.0000e+00
   1864.188      44742     93.000    11.3044    11.3108   3.986466   3.987334   48.94944  -16.44411     6.0350     6.2772     92.191    35.4880    35.4905 0.0000e+00
   1868.468      44844     92.000    11.3079    11.3157   3.986826   3.987837   48.94943  -16.44411     6.0322     6.2820     91.200    35.4886    35.4912 0.0000e+00
   1872.776      44948     91.000    11.3089    11.3180   3.986914   3.988118   48.94943  -16.44411     6.0365     6.2822     90.209    35.4890    35.4922 0.0000e+00
   1876.514      45037     90.000    11.3104    11.3198   3.986985   3.988230   48.94943  -16.44411     6.0410     6.2811     89.218    35.4887    35.4921 0.0000e+00
   1879.524      45110     89.000    11.3165    11.3267   3.987553   3.988828   48.94943  -16.44411     6.0438     6.2798     88.226    35.4889    35.4918 0.0000e+00
   1883.526      45206     88.000    11.3160    11.3287   3.987439   3.989156   48.94944  -16.44411     6.0399     6.2803     87.235    35.4887    35.4936 0.0000e+00
   1886.298      45272     87.000    11.3218    11.3302   3.987907   3.989138   48.94943  -16.44411     6.0408     6.2827     86.244    35.4882    35.4924 0.0000e+00
   1889.533      45350     86.000    11.3278    11.3352   3.988552   3.989581   48.94943  -16.44411     6.0430     6.2849     85.253    35.4894    35.4924 0.0000e+00
   1892.535      45422     85.000    11.3343    11.3429   3.989142   3.990288   48.94943  -16.44411     6.0465     6.2830     84.262    35.4895    35.4925 0.0000e+00
   1894.607      45472     84.000    11.3423    11.3518   3.989834   3.991025   48.94943  -16.44411     6.0486     6.2837     83.271    35.4891    35.4917 0.0000e+00
   1896.543      45518     83.000    11.3493    11.3621   3.990617   3.992119   48.94943  -16.44411     6.0521     6.2905     82.280    35.4905    35.4932 0.0000e+00
   1898.751      45571     82.000    11.3478    11.3663   3.990709   3.992773   48.94943  -16.44411     6.0522     6.2916     81.289    35.4934    35.4961 0.0000e+00
   1903.381      45682     81.000    11.3480    11.3654   3.990381   3.992535   48.94944  -16.44411     6.0472     6.2885     80.298    35.4904    35.4950 0.0000e+00
   1905.450      45732     80.000    11.3595    11.3736   3.991302   3.993003   48.94945  -16.44411     6.0491     6.2902     79.306    35.4889    35.4922 0.0000e+00
   1907.462      45780     79.000    11.3723    11.3881   3.992766   3.994681   48.94945  -16.44411     6.0535     6.2935     78.315    35.4916    35.4954 0.0000e+00
   1910.433      45851     78.000    11.3687    11.3903   3.992580   3.995016   48.94944  -16.44411     6.0549     6.2909     77.324    35.4936    35.4970 0.0000e+00
   1913.647      45929     77.000    11.3736    11.3925   3.992912   3.995247   48.94944  -16.44411     6.0507     6.2898     76.333    35.4926    35.4977 0.0000e+00
   1915.926      45983     76.000    11.3876    11.3973   3.994096   3.995507   48.94945  -16.44411     6.0509     6.2917     75.342    35.4914    35.4961 0.0000e+00
   1918.068      46035     75.000    11.3935    11.4035   3.995047   3.996257   48.94945  -16.44411     6.0550     6.2898     74.351    35.4956    35.4980 0.0000e+00
   1921.675      46121     74.000    11.3918    11.4044   3.994692   3.996324   48.94944  -16.44411     6.0524     6.2869     73.360    35.4942    35.4983 0.0000e+00
   1923.730      46171     73.000    11.3956    11.4052   3.995066   3.996392   48.94944  -16.44411     6.0559     6.2907     72.368    35.4947    35.4986 0.0000e+00
   1926.285      46232     72.000    11.3977    11.4085   3.995226   3.996601   48.94945  -16.44411     6.0494     6.2910     71.377    35.4947    35.4980 0.0000e+00
   1929.194      46302     71.000    11.4031    11.4135   3.995702   3.997129   48.94945  -16.44411     6.0556     6.2895     70.386    35.4947    35.4989 0.0000e+00
   1931.716      46362     70.000    11.4136    11.4167   3.996529   3.997273   48.94945  -16.44411     6.0555     6.2896     69.395    35.4932    35.4976 0.0000e+00
   1933.826      46413     69.000    11.4260    11.4284   3.997841   3.998330   48.94944  -16.44411     6.0522     6.2950     68.404    35.4948    35.4973 0.0000e+00
   1936.030      46466     68.000    11.4319    11.4366   3.998507   3.999200   48.94944  -16.44411     6.0564     6.2946     67.412    35.4962    35.4985 0.0000e+00
   1938.024      46514     67.000    11.4342    11.4389   3.998721   3.999497   48.94945  -16.44411     6.0588     6.2960     66.421    35.4965    35.4997 0.0000e+00
   1939.776      46556     66.000    11.4373    11.4417   3.998975   3.999692   48.94945  -16.44411     6.0544     6.2985     65.430    35.4966    35.4994 0.0000e+00
   1942.102      46611     65.000    11.4355    11.4429   3.998866   3.999829   48.94945  -16.44411     6.0536     6.2986     64.439    35.4976    35.5001 0.0000e+00
   1944.991      46681     64.000    11.4357    11.4441   3.998737   3.999892   48.94945  -16.44411     6.0582     6.2963     63.448    35.4966    35.5000 0.0000e+00
   1946.711      46722     63.000    11.4408    11.4479   3.999069   4.000075   48.94945  -16.44411     6.0578     6.2917     62.456    35.4954    35.4986 0.0000e+00
   1948.256      46759     62.000    11.4471    11.4549   3.999697   4.000716   48.94945  -16.44411     6.0569     6.2941     61.465    35.4961    35.4987 0.0000e+00
   1950.356      46810     61.000    11.4505    11.4569   4.000081   4.001022   48.94945  -16.44411     6.0589     6.2986     60.474    35.4971    35.5003 0.0000e+00
   1952.719      46866     60.000    11.4506    11.4574   4.000033   4.001025   48.94945  -16.44411     6.0622     6.3003     59.483    35.4970    35.5002 0.0000e+00
   1954.908      46919     59.000    11.4537    11.4599   4.000261   4.001189   48.94945  -16.44411     6.0610     6.2981     58.491    35.4966    35.4999 0.0000e+00
   1957.225      46974     58.000    11.4571    11.4637   4.000574   4.001491   48.94945  -16.44411     6.0600     6.3021     57.500    35.4969    35.4997 0.0000e+00
   1959.258      47023     57.000    11.4608    11.4659   4.000817   4.001672   48.94945  -16.44411     6.0625     6.3057     56.509    35.4963    35.4998 0.0000e+00
   1961.210      47070     56.000    11.4664    11.4742   4.001343   4.002264   48.94945  -16.44411     6.0681     6.3107     55.518    35.4966    35.4982 0.0000e+00
   1963.241      47119     55.000    11.4677    11.4786   4.001530   4.002853   48.94944  -16.44411     6.0738     6.3113     54.526    35.4976    35.5002 0.0000e+00
   1965.674      47177     54.000    11.4685    11.4773   4.001503   4.002754   48.94944  -16.44411     6.0689     6.3155     53.535    35.4970    35.5010 0.0000e+00
   1968.039      47234     53.000    11.4732    11.4773   4.001828   4.002617   48.94944  -16.44411     6.0673     6.3131     52.544    35.4962    35.5001 0.0000e+00
   1970.018      47281     52.000    11.4813    11.4830   4.002551   4.003036   48.94944  -16.44411     6.0705     6.3117     51.553    35.4960    35.4992 0.0000e+00
   1971.736      47323     51.000    11.4848    11.4870   4.002956   4.003447   48.94944  -16.44411     6.0732     6.3160     50.561    35.4971    35.4998 0.0000e+00
   1973.554      47366     50.000    11.4852    11.4880   4.003020   4.003560   48.94944  -16.44411     6.0759     6.3156     49.570    35.4978    35.5004 0.0000e+00
   1975.987      47425     49.000    11.4830    11.4877   4.002770   4.003508   48.94944  -16.44411     6.0752     6.3165     48.579    35.4980    35.5006 0.0000e+00
   1978.545      47486     48.000    11.4844    11.4877   4.002776   4.003437   48.94943  -16.44411     6.0761     6.3157     47.588    35.4971    35.5004 0.0000e+00
   1980.380      47530     47.000    11.4874    11.4905   4.002999   4.003566   48.94944  -16.44411     6.0755     6.3180     46.596    35.4968    35.4994 0.0000e+00
   1982.171      47573     46.000    11.4894    11.4940   4.003157   4.003822   48.94944  -16.44411     6.0781     6.3231     45.605    35.4969    35.4991 0.0000e+00
   1984.082      47619     45.000    11.4905    11.4954   4.003223   4.003953   48.94944  -16.44411     6.0885     6.3304     44.614    35.4970    35.4995 0.0000e+00
   1985.984      47665     44.000    11.4918    11.4960   4.003285   4.003963   48.94944  -16.44411     6.0864     6.3324     43.622    35.4968    35.4995 0.0000e+00
   1988.536      47726     43.000    11.4918    11.4960   4.003268   4.003935   48.94944  -16.44411     6.0821     6.3309     42.631    35.4970    35.4996 0.0000e+00
   1992.481      47821     42.000    11.4933    11.4981   4.003274   4.003972   48.94944  -16.44411     6.0835     6.3290     41.640    35.4962    35.4984 0.0000e+00
   1994.098      47859     41.000    11.5001    11.5112   4.003757   4.004832   48.94945  -16.44411     6.0922     6.3422     40.648    35.4948    35.4948 0.0000e+00
   1997.420      47939     40.000    11.5050    11.5232   4.004303   4.006215   48.94944  -16.44411     6.1004     6.3736     39.657    35.4960    35.4974 0.0000e+00
   2001.444      48036     39.000    11.5080    11.5264   4.004512   4.006582   48.94944  -16.44411     6.1054     6.3809     38.666    35.4957    35.4984 0.0000e+00
   2003.941      48096     38.000    11.5124    11.5283   4.004906   4.006707   48.94944  -16.44411     6.1102     6.3818     37.674    35.4958    35.4984 0.0000e+00
   2007.596      48183     37.000    11.5142    11.5349   4.005093   4.007293   48.94943  -16.44411     6.1207     6.3853     36.683    35.4963    35.4982 0.0000e+00
   2011.810      48284     36.000    11.5221    11.5317   4.005638   4.007041   48.94943  -16.44411     6.1278     6.3914     35.692    35.4946    35.4993 0.0000e+00
   2013.876      48334     35.000    11.5293    11.5335   4.006314   4.007044   48.94943  -16.44411     6.1394     6.3884     34.700    35.4948    35.4980 0.0000e+00
   2016.439      48396     34.000    11.5328    11.5375   4.006789   4.007472   48.94943  -16.44411     6.1475     6.3980     33.709    35.4966    35.4989 0.0000e+00
   2058.274      49400     33.000    11.5336    11.5364   4.006755   4.007317   48.94944  -16.44411     6.1557     6.4020     32.718    35.4959    35.4989 0.0000e+00
   2240.838      53781     32.000    11.5364    11.5377   4.006995   4.007386   48.94945  -16.44411     6.1551     6.3987     31.726    35.4961    35.4988 0.0000e+00
   2243.226      53838     31.000    11.5366    11.5384   4.006962   4.007422   48.94945  -16.44411     6.1601     6.4028     30.735    35.4961    35.4989 0.0000e+00
   2246.826      53925     30.000    11.5366    11.5384   4.006913   4.007393   48.94945  -16.44411     6.1587     6.4000     29.744    35.4960    35.4990 0.0000e+00
   2249.718      53994     29.000    11.5367    11.5385   4.006879   4.007354   48.94945  -16.44411     6.1567     6.4028     28.752    35.4960    35.4990 0.0000e+00
   2251.985      54049     28.000    11.5368    11.5385   4.006864   4.007314   48.94945  -16.44411     6.1575     6.4026     27.761    35.4962    35.4990 0.0000e+00
   2256.118      54148     27.000    11.5368    11.5383   4.006803   4.007241   48.94945  -16.44411     6.1569     6.4010     26.769    35.4961    35.4990 0.0000e+00
   2258.721      54210     26.000    11.5368    11.5381   4.006758   4.007179   48.94945  -16.44411     6.1601     6.4024     25.778    35.4961    35.4989 0.0000e+00
   2262.689      54306     25.000    11.5366    11.5378   4.006696   4.007106   48.94945  -16.44411     6.1564     6.4035     24.787    35.4961    35.4990 0.0000e+00
   2264.730      54355     24.000    11.5366    11.5376   4.006648   4.007042   48.94945  -16.44411     6.1510     6.4029     23.795    35.4961    35.4990 0.0000e+00
   2267.823      54429     23.000    11.5364    11.5375   4.006594   4.006983   48.94945  -16.44411     6.1569     6.4006     22.804    35.4961    35.4990 0.0000e+00
   2271.004      54505     22.000    11.5363    11.5374   4.006535   4.006924   48.94945  -16.44411     6.1614     6.4025     21.812    35.4962    35.4990 0.0000e+00
   2273.702      54570     21.000    11.5361    11.5372   4.006471   4.006868   48.94945  -16.44411     6.1596     6.3992     20.821    35.4962    35.4991 0.0000e+00
