Data_example/SBE_Data_Processed/DY130/SeaBird/Data/Processed/DY130_009cfaldb.cnv
* Sea-Bird SBE 9 Data File:
* FileName = C:\Users\sandm\Documents\Cruises\DY130\Data\Raw Data\DY130_009.hex
* Software Version Seasave V 7.26.7.121
* Temperature SN = 03P-5494
* Conductivity SN = 04C-3768
* Number of Bytes Per Scan = 45
* Number of Voltage Words = 4
* Number of Scans Averaged by the Deck Unit = 1
* NMEA Latitude = 48 56.12 N
* NMEA Longitude = 016 26.57 W
* NMEA UTC (Time) = Apr 06 2021  06:46:39
* NMEA baud rate = 9600
** Ship: RRS Discovery
** Cruise: DY130
** Cast: DY130_009
** Station: 057
** Julian Day: 096
** Date: 06/04/2021
** Time (GMT): 06:46
** Latitude: 48 56.11N
** Longitude: 16 26.57W
** Depth (uncorrected m): 4809
** Principal Scientist: Sue Hart
** Operator: BP/PH
# nquan = 15
# nvalues = 9700                        
# units = specified
# name 0 = timeS: Time, Elapsed [seconds]
# name 1 = scan: Scan Count
# name 2 = prDM: Pressure, Digiquartz [db]
# name 3 = t090C: Temperature [ITS-90, deg C]
# name 4 = t190C: Temperature, 2 [ITS-90, deg C]
# name 5 = c0S/m: Conductivity [S/m]
# name 6 = c1S/m: Conductivity, 2 [S/m]
# name 7 = latitude: Latitude [deg]
# name 8 = longitude: Longitude [deg]
# name 9 = sbeox0ML/L: Oxygen, SBE 43 [ml/l]
# name 10 = sbeox1ML/L: Oxygen, SBE 43, 2 [ml/l]
# name 11 = depSM: Depth [salt water, m], lat = 48.9353
# name 12 = sal00: Salinity, Practical [PSU]
# name 13 = sal11: Salinity, Practical, 2 [PSU]
# name 14 = flag: flag
# span 0 =    324.386,  13244.330       
# span 1 =       7786,     317865       
# span 2 =      2.000,   4852.000       
# span 3 =     2.5255,    11.5654       
# span 4 =     2.5282,    11.5668       
# span 5 =   3.151165,   4.013559       
# span 6 =   2.624274,   4.012283       
# span 7 =   48.85215,   48.93552       
# span 8 =  -16.44245,  -16.41441       
# span 9 =     4.4229,     6.3975       
# span 10 =     4.5960,     7.0202      
# span 11 =      1.983,   4756.829      
# span 12 =    27.3379,    35.5517      
# span 13 =    22.4369,    35.5132      
# span 14 = 0.0000e+00, 0.0000e+00      
# interval = decibars: 1                
# start_time = Apr 06 2021 06:46:40 [NMEA time, first data scan]
# bad_flag = -9.990e-29
*END*
[from data line 290]
    958.608      23008    293.000    11.0718    11.0714   3.969853   3.970110   48.93550  -16.44239     5.8546     6.0772    290.311    35.4566    35.4596 0.0000e+00
    959.505      23029    294.000    11.0688    11.0690   3.969477   3.969811   48.93550  -16.44239     5.8493     6.0746    291.301    35.4553    35.4584 0.0000e+00
    960.428      23051    295.000    11.0671    11.0677   3.969281   3.969669   48.93550  -16.44239     5.8460     6.0736    292.291    35.4545    35.4578 0.0000e+00
    961.391      23074    296.000    11.0664    11.0672   3.969215   3.969639   48.93550  -16.44239     5.8458     6.0729    293.281    35.4541    35.4575 0.0000e+00
    962.383      23098    297.000    11.0661    11.0668   3.969237   3.969666   48.93550  -16.44239     5.8506     6.0746    294.271    35.4542    35.4578 0.0000e+00
    963.398      23123    298.000    11.0656    11.0661   3.969262   3.969669   48.93550  -16.44239     5.8590     6.0813    295.261    35.4545    35.4580 0.0000e+00
    964.430      23147    299.000    11.0650    11.0657   3.969257   3.969667   48.93550  -16.44239     5.8650     6.0913    296.251    35.4546    35.4579 0.0000e+00
    965.444      23172    300.000    11.0648    11.0658   3.969270   3.969708   48.93550  -16.44239     5.8676     6.0972    297.241    35.4544    35.4578 0.0000e+00
    966.409      23195    301.000    11.0652    11.0663   3.969352   3.969813   48.93550  -16.44239     5.8690     6.0986    298.231    35.4544    35.4579 0.0000e+00
    967.332      23217    302.000    11.0656    11.0668   3.969452   3.969921   48.93550  -16.44239     5.8699     6.0985    299.221    35.4546    35.4581 0.0000e+00
    968.248      23239    303.000    11.0663    11.0675   3.969560   3.970037   48.93550  -16.44239     5.8713     6.0988    300.211    35.4545    35.4581 0.0000e+00
    969.179      23261    304.000    11.0676    11.0685   3.969733   3.970189   48.93550  -16.44239     5.8744     6.1016    301.202    35.4545    35.4582 0.0000e+00
    970.120      23284    305.000    11.0695    11.0705   3.969988   3.970415   48.93550  -16.44239     5.8789     6.1053    302.192    35.4548    35.4581 0.0000e+00
    971.043      23306    306.000    11.0724    11.0735   3.970322   3.970761   48.93550  -16.44239     5.8851     6.1105    303.182    35.4549    35.4582 0.0000e+00
    971.945      23328    307.000    11.0760    11.0774   3.970798   3.971263   48.93550  -16.44239     5.8919     6.1190    304.172    35.4557    35.4590 0.0000e+00
    972.852      23349    308.000    11.0791    11.0810   3.971252   3.971773   48.93550  -16.44239     5.8988     6.1277    305.162    35.4568    35.4602 0.0000e+00
    973.798      23372    309.000    11.0822    11.0844   3.971686   3.972257   48.93550  -16.44239     5.9064     6.1364    306.152    35.4577    35.4613 0.0000e+00
    974.804      23396    310.000    11.0854    11.0875   3.972138   3.972730   48.93550  -16.44239     5.9123     6.1462    307.142    35.4587    35.4626 0.0000e+00
    975.845      23421    311.000    11.0881    11.0897   3.972576   3.973101   48.93550  -16.44239     5.9155     6.1514    308.132    35.4600    35.4637 0.0000e+00
    976.850      23445    312.000    11.0900    11.0916   3.972885   3.973379   48.93550  -16.44239     5.9185     6.1523    309.122    35.4608    35.4642 0.0000e+00
    977.802      23468    313.000    11.0920    11.0937   3.973165   3.973681   48.93550  -16.44239     5.9226     6.1554    310.112    35.4612    35.4648 0.0000e+00
    978.734      23491    314.000    11.0938    11.0951   3.973476   3.973978   48.93550  -16.44239     5.9280     6.1591    311.102    35.4622    35.4659 0.0000e+00
    979.675      23513    315.000    11.0946    11.0956   3.973703   3.974172   48.93550  -16.44239     5.9327     6.1632    312.092    35.4632    35.4669 0.0000e+00
    980.632      23536    316.000    11.0946    11.0956   3.973825   3.974275   48.93550  -16.44239     5.9354     6.1684    313.082    35.4639    35.4675 0.0000e+00
    981.590      23559    317.000    11.0944    11.0953   3.973882   3.974320   48.93550  -16.44239     5.9372     6.1693    314.072    35.4643    35.4678 0.0000e+00
    982.536      23582    318.000    11.0940    11.0948   3.973905   3.974332   48.93550  -16.44239     5.9360     6.1670    315.062    35.4645    35.4680 0.0000e+00
    983.468      23604    319.000    11.0933    11.0941   3.973894   3.974318   48.93550  -16.44239     5.9341     6.1658    316.052    35.4646    35.4680 0.0000e+00
    984.400      23627    320.000    11.0922    11.0930   3.973849   3.974277   48.93550  -16.44239     5.9338     6.1649    317.042    35.4648    35.4682 0.0000e+00
    985.356      23650    321.000    11.0904    11.0913   3.973733   3.974166   48.93550  -16.44239     5.9354     6.1652    318.032    35.4649    35.4683 0.0000e+00
    986.358      23674    322.000    11.0883    11.0895   3.973564   3.974018   48.93550  -16.44239     5.9368     6.1669    319.022    35.4648    35.4682 0.0000e+00
    987.391      23698    323.000    11.0856    11.0873   3.973342   3.973845   48.93550  -16.44240     5.9369     6.1665    320.012    35.4647    35.4681 0.0000e+00
    988.402      23723    324.000    11.0835    11.0850   3.973100   3.973637   48.93550  -16.44240     5.9349     6.1639    321.002    35.4639    35.4678 0.0000e+00
    989.348      23745    325.000    11.0823    11.0834   3.972994   3.973471   48.93550  -16.44240     5.9310     6.1623    321.992    35.4635    35.4672 0.0000e+00
    990.229      23766    326.000    11.0812    11.0823   3.972913   3.973378   48.93550  -16.44241     5.9265     6.1607    322.982    35.4633    35.4669 0.0000e+00
    991.070      23787    327.000    11.0802    11.0810   3.972832   3.973286   48.93550  -16.44241     5.9241     6.1593    323.972    35.4630    35.4668 0.0000e+00
    991.922      23807    328.000    11.0795    11.0796   3.972784   3.973175   48.93550  -16.44241     5.9237     6.1581    324.962    35.4628    35.4666 0.0000e+00
    992.852      23829    329.000    11.0784    11.0781   3.972731   3.973049   48.93549  -16.44241     5.9222     6.1584    325.952    35.4628    35.4663 0.0000e+00
    993.903      23855    330.000    11.0767    11.0766   3.972606   3.972912   48.93550  -16.44241     5.9183     6.1599    326.942    35.4629    35.4660 0.0000e+00
    994.967      23880    331.000    11.0742    11.0746   3.972406   3.972771   48.93550  -16.44241     5.9155     6.1586    327.932    35.4627    35.4660 0.0000e+00
    995.927      23903    332.000    11.0712    11.0717   3.972153   3.972549   48.93550  -16.44241     5.9157     6.1566    328.922    35.4627    35.4661 0.0000e+00
    996.798      23924    333.000    11.0677    11.0681   3.971832   3.972228   48.93550  -16.44241     5.9163     6.1541    329.912    35.4624    35.4660 0.0000e+00
    997.649      23945    334.000    11.0639    11.0641   3.971451   3.971833   48.93550  -16.44241     5.9177     6.1506    330.901    35.4618    35.4655 0.0000e+00
    998.561      23966    335.000    11.0607    11.0606   3.971071   3.971422   48.93550  -16.44241     5.9180     6.1483    331.891    35.4607    35.4643 0.0000e+00
    999.617      23992    336.000    11.0578    11.0573   3.970774   3.971071   48.93549  -16.44241     5.9177     6.1467    332.881    35.4601    35.4635 0.0000e+00
   1000.793      24020    337.000    11.0538    11.0535   3.970416   3.970715   48.93549  -16.44242     5.9169     6.1452    333.871    35.4599    35.4631 0.0000e+00
   1001.875      24046    338.000    11.0493    11.0492   3.969985   3.970315   48.93548  -16.44243     5.9116     6.1426    334.861    35.4595    35.4628 0.0000e+00
   1002.774      24068    339.000    11.0442    11.0443   3.969536   3.969893   48.93548  -16.44243     5.9067     6.1384    335.851    35.4595    35.4629 0.0000e+00
   1003.564      24087    340.000    11.0387    11.0387   3.969018   3.969383   48.93548  -16.44243     5.9043     6.1342    336.841    35.4592    35.4628 0.0000e+00
   1004.317      24105    341.000    11.0330    11.0328   3.968435   3.968791   48.93548  -16.44243     5.9040     6.1300    337.831    35.4584    35.4621 0.0000e+00
   1005.100      24123    342.000    11.0270    11.0262   3.967806   3.968109   48.93548  -16.44243     5.9033     6.1278    338.821    35.4575    35.4612 0.0000e+00
   1005.980      24145    343.000    11.0208    11.0199   3.967102   3.967349   48.93548  -16.44243     5.9004     6.1285    339.811    35.4560    35.4593 0.0000e+00
   1007.001      24169    344.000    11.0145    11.0136   3.966399   3.966643   48.93548  -16.44243     5.8985     6.1298    340.800    35.4545    35.4578 0.0000e+00
   1008.130      24196    345.000    11.0067    11.0053   3.965632   3.965847   48.93548  -16.44243     5.8999     6.1278    341.790    35.4539    35.4574 0.0000e+00
   1009.231      24223    346.000    10.9957    10.9942   3.964587   3.964776   48.93548  -16.44243     5.8991     6.1267    342.780    35.4537    35.4570 0.0000e+00
   1010.211      24246    347.000    10.9838    10.9822   3.963360   3.963527   48.93548  -16.44243     5.8968     6.1279    343.770    35.4524    35.4556 0.0000e+00
   1011.111      24268    348.000    10.9743    10.9728   3.962205   3.962392   48.93548  -16.44243     5.8954     6.1286    344.760    35.4496    35.4529 0.0000e+00
   1012.005      24289    349.000    10.9668    10.9654   3.961294   3.961476   48.93548  -16.44243     5.8956     6.1283    345.750    35.4472    35.4505 0.0000e+00
   1012.957      24312    350.000    10.9609    10.9600   3.960549   3.960736   48.93548  -16.44243     5.8965     6.1282    346.740    35.4451    35.4478 0.0000e+00
   1013.983      24337    351.000    10.9572    10.9576   3.960015   3.960338   48.93548  -16.44243     5.8977     6.1291    347.729    35.4428    35.4457 0.0000e+00
   1015.013      24361    352.000    10.9558    10.9566   3.959804   3.960204   48.93548  -16.44243     5.8998     6.1291    348.719    35.4416    35.4449 0.0000e+00
   1015.978      24384    353.000    10.9554    10.9561   3.959757   3.960165   48.93548  -16.44243     5.9027     6.1276    349.709    35.4411    35.4445 0.0000e+00
   1016.880      24406    354.000    10.9553    10.9558   3.959766   3.960160   48.93548  -16.44243     5.9042     6.1262    350.699    35.4409    35.4443 0.0000e+00
   1017.764      24427    355.000    10.9552    10.9554   3.959793   3.960153   48.93548  -16.44243     5.9027     6.1265    351.689    35.4407    35.4441 0.0000e+00
   1018.667      24449    356.000    10.9551    10.9553   3.959819   3.960162   48.93548  -16.44243     5.9014     6.1282    352.679    35.4406    35.4439 0.0000e+00
   1019.594      24471    357.000    10.9550    10.9554   3.959845   3.960198   48.93548  -16.44243     5.9012     6.1314    353.668    35.4406    35.4437 0.0000e+00
   1020.530      24494    358.000    10.9547    10.9553   3.959859   3.960243   48.93548  -16.44243     5.8993     6.1332    354.658    35.4405    35.4439 0.0000e+00
   1021.469      24516    359.000    10.9541    10.9542   3.959854   3.960224   48.93548  -16.44244     5.8937     6.1325    355.648    35.4406    35.4442 0.0000e+00
   1022.436      24539    360.000    10.9527    10.9521   3.959772   3.960058   48.93548  -16.44244     5.8894     6.1293    356.638    35.4408    35.4442 0.0000e+00
   1023.452      24564    361.000    10.9507    10.9500   3.959594   3.959858   48.93548  -16.44245     5.8907     6.1254    357.628    35.4405    35.4437 0.0000e+00
   1024.489      24589    362.000    10.9482    10.9480   3.959379   3.959655   48.93548  -16.44245     5.8935     6.1221    358.617    35.4403    35.4432 0.0000e+00
   1025.471      24612    363.000    10.9460    10.9465   3.959146   3.959505   48.93548  -16.44245     5.8939     6.1202    359.607    35.4396    35.4427 0.0000e+00
   1026.377      24634    364.000    10.9446    10.9451   3.959012   3.959391   48.93548  -16.44245     5.8915     6.1191    360.597    35.4391    35.4425 0.0000e+00
   1027.251      24655    365.000    10.9431    10.9435   3.958903   3.959268   48.93548  -16.44245     5.8883     6.1177    361.587    35.4391    35.4423 0.0000e+00
   1028.156      24677    366.000    10.9410    10.9412   3.958741   3.959098   48.93548  -16.44244     5.8846     6.1152    362.577    35.4390    35.4424 0.0000e+00
   1029.155      24701    367.000    10.9381    10.9383   3.958479   3.958826   48.93548  -16.44244     5.8819     6.1106    363.566    35.4388    35.4420 0.0000e+00
   1030.249      24727    368.000    10.9346    10.9351   3.958135   3.958514   48.93549  -16.44243     5.8795     6.1079    364.556    35.4383    35.4416 0.0000e+00
   1031.330      24753    369.000    10.9310    10.9316   3.957789   3.958183   48.93549  -16.44243     5.8746     6.1064    365.546    35.4378    35.4411 0.0000e+00
   1032.323      24777    370.000    10.9269    10.9275   3.957420   3.957805   48.93549  -16.44244     5.8664     6.1026    366.536    35.4376    35.4409 0.0000e+00
   1033.235      24799    371.000    10.9237    10.9245   3.957056   3.957453   48.93548  -16.44243     5.8591     6.0969    367.525    35.4366    35.4398 0.0000e+00
   1034.093      24819    372.000    10.9216    10.9224   3.956820   3.957233   48.93548  -16.44243     5.8554     6.0910    368.515    35.4358    35.4392 0.0000e+00
   1034.920      24839    373.000    10.9198    10.9206   3.956652   3.957068   48.93548  -16.44243     5.8556     6.0856    369.505    35.4354    35.4389 0.0000e+00
   1035.735      24859    374.000    10.9182    10.9188   3.956502   3.956913   48.93548  -16.44243     5.8587     6.0815    370.495    35.4351    35.4385 0.0000e+00
   1036.564      24879    375.000    10.9166    10.9173   3.956364   3.956772   48.93548  -16.44243     5.8606     6.0813    371.484    35.4347    35.4382 0.0000e+00
   1037.444      24900    376.000    10.9150    10.9156   3.956224   3.956632   48.93548  -16.44243     5.8596     6.0837    372.474    35.4345    35.4380 0.0000e+00
   1038.423      24923    377.000    10.9130    10.9132   3.956058   3.956437   48.93548  -16.44243     5.8568     6.0858    373.464    35.4343    35.4378 0.0000e+00
   1039.527      24950    378.000    10.9105    10.9110   3.955830   3.956200   48.93548  -16.44244     5.8534     6.0843    374.454    35.4339    35.4372 0.0000e+00
   1040.659      24977    379.000    10.9085    10.9094   3.955623   3.956032   48.93548  -16.44243     5.8483     6.0780    375.443    35.4333    35.4366 0.0000e+00
   1041.713      25002    380.000    10.9070    10.9081   3.955493   3.955935   48.93548  -16.44244     5.8443     6.0716    376.433    35.4331    35.4365 0.0000e+00
   1042.691      25026    381.000    10.9046    10.9061   3.955335   3.955810   48.93548  -16.44244     5.8397     6.0669    377.423    35.4333    35.4366 0.0000e+00
   1043.627      25048    382.000    10.9019    10.9040   3.955068   3.955622   48.93548  -16.44243     5.8355     6.0638    378.412    35.4328    35.4363 0.0000e+00
   1044.563      25071    383.000    10.9003    10.9019   3.954876   3.955435   48.93548  -16.44243     5.8355     6.0611    379.402    35.4320    35.4360 0.0000e+00
   1045.532      25094    384.000    10.8987    10.8997   3.954748   3.955217   48.93548  -16.44243     5.8384     6.0602    380.392    35.4318    35.4355 0.0000e+00
   1046.547      25118    385.000    10.8972    10.8983   3.954612   3.955054   48.93548  -16.44243     5.8431     6.0628    381.381    35.4314    35.4349 0.0000e+00
   1047.594      25143    386.000    10.8958    10.8968   3.954486   3.954941   48.93548  -16.44243     5.8484     6.0675    382.371    35.4311    35.4347 0.0000e+00
   1048.618      25168    387.000    10.8944    10.8950   3.954381   3.954807   48.93548  -16.44243     5.8510     6.0713    383.361    35.4310    35.4346 0.0000e+00
