Data_example/SBE_Data_Processed/DY130/SeaBird/Data/Processed/DY130_004cfaldb.cnv
* Sea-Bird SBE 9 Data File:
* FileName = C:\Users\sandm\Documents\Cruises\DY130\Data\Raw Data\DY130_004.hex
* Software Version Seasave V 7.26.7.121
* Temperature SN = 03P-5494
* Conductivity SN = 04C-3768
* Number of Bytes Per Scan = 45
* Number of Voltage Words = 4
* Number of Scans Averaged by the Deck Unit = 1
* NMEA Latitude = 48 56.97 N
* NMEA Longitude = 016 26.65 W
* NMEA UTC (Time) = Apr 01 2021  07:02:32
* NMEA baud rate = 9600
** Ship: RRS Discovery
** Cruise: DY130
** Cast: DY130_004
** Station: 027
** Julian Day: 091
** Date: 01/04/21
** Time (GMT): 07:02
** Latitude: 48 56.96 N
** Longitude: 16 26.64 W
** Depth (uncorrected m): 4811
** Principal Scientist: Sue Hart
** Operator: BP/PH
# nquan = 15
# nvalues = 405                         
# units = specified
# name 0 = timeS: Time, Elapsed [seconds]
# name 1 = scan: Scan Count
# name 2 = prDM: Pressure, Digiquartz [db]
# name 3 = t090C: Temperature [ITS-90, deg C]
# name 4 = t190C: Temperature, 2 [ITS-90, deg C]
# name 5 = c0S/m: Conductivity [S/m]
# name 6 = c1S/m: Conductivity, 2 [S/m]
# name 7 = latitude: Latitude [deg]
# name 8 = longitude: Longitude [deg]
# name 9 = sbeox0ML/L: Oxygen, SBE 43 [ml/l]
# name 10 = sbeox1ML/L: Oxygen, SBE 43, 2 [ml/l]
# name 11 = depSM: Depth [salt water, m], lat = 48.9495
# name 12 = sal00: Salinity, Practical [PSU]
# name 13 = sal11: Salinity, Practical, 2 [PSU]
# name 14 = flag: flag
# span 0 =    224.423,   2593.545       
# span 1 =       5387,      62246       
# span 2 =      1.000,    205.000       
# span 3 =    10.9496,    11.5371       
# span 4 =    10.7873,    11.5385       
# span 5 =   0.663900,   4.007628       
# span 6 =  -0.074561,   4.007921       
# span 7 =   48.76100,   49.04527       
# span 8 =  -16.47631,  -16.38081       
# span 9 =     4.3529,     6.9362       
# span 10 =     4.6393,     7.0761      
# span 11 =      0.991,    203.161      
# span 12 =     4.1852,    35.5563      
# span 13 =    -2.3461,    35.5593      
# span 14 = 0.0000e+00, 0.0000e+00      
# interval = decibars: 1                
# start_time = Apr 01 2021 07:02:33 [NMEA time, first data scan]
# bad_flag = -9.990e-29
*END*
[from data line 97]
    787.570      18903    100.000    11.2989    11.2975   3.986285   3.986521   48.94943  -16.44411     6.0355     6.2706     99.128    35.4884    35.4920 0.0000e+00
    792.368      19018    101.000    11.2949    11.2974   3.986029   3.986577   48.94943  -16.44411     6.0376     6.2748    100.119    35.4891    35.4922 0.0000e+00
    795.853      19101    102.000    11.2920    11.2938   3.985727   3.986248   48.94943  -16.44411     6.0353     6.2743    101.110    35.4885    35.4920 0.0000e+00
    798.438      19164    103.000    11.2920    11.2921   3.985718   3.986050   48.94943  -16.44411     6.0371     6.2739    102.101    35.4880    35.4912 0.0000e+00
    802.872      19270    104.000    11.2896    11.2912   3.985594   3.986009   48.94943  -16.44411     6.0358     6.2742    103.092    35.4886    35.4912 0.0000e+00
    805.920      19343    105.000    11.2857    11.2872   3.985197   3.985701   48.94943  -16.44411     6.0375     6.2723    104.083    35.4880    35.4915 0.0000e+00
    810.285      19448    106.000    11.2847    11.2860   3.985149   3.985571   48.94943  -16.44411     6.0365     6.2740    105.074    35.4880    35.4910 0.0000e+00
    813.231      19519    107.000    11.2826    11.2827   3.984948   3.985313   48.94943  -16.44411     6.0353     6.2742    106.065    35.4875    35.4911 0.0000e+00
    831.344      19953    108.000    11.2811    11.2879   3.984834   3.985899   48.94943  -16.44411     6.0344     6.2747    107.056    35.4874    35.4915 0.0000e+00
    838.574      20127    109.000    11.2790    11.2804   3.984625   3.985175   48.94943  -16.44411     6.0357     6.2756    108.047    35.4870    35.4911 0.0000e+00
    845.016      20281    110.000    11.2784    11.2808   3.984491   3.985141   48.94943  -16.44411     6.0319     6.2654    109.038    35.4857    35.4899 0.0000e+00
    850.442      20412    111.000    11.2760    11.2787   3.984439   3.985015   48.94945  -16.44411     6.0290     6.2754    110.029    35.4870    35.4902 0.0000e+00
    852.645      20464    112.000    11.2746    11.2759   3.984292   3.984764   48.94944  -16.44411     6.0306     6.2741    111.020    35.4865    35.4900 0.0000e+00
    857.834      20589    113.000    11.2737    11.2756   3.984264   3.984716   48.94943  -16.44411     6.0352     6.2767    112.011    35.4866    35.4893 0.0000e+00
    861.123      20668    114.000    11.2695    11.2707   3.983941   3.984415   48.94943  -16.44411     6.0344     6.2706    113.002    35.4870    35.4906 0.0000e+00
    863.975      20736    115.000    11.2641    11.2618   3.983277   3.983422   48.94944  -16.44411     6.0274     6.2722    113.993    35.4852    35.4888 0.0000e+00
    868.368      20842    116.000    11.2628    11.2617   3.983320   3.983419   48.94944  -16.44411     6.0360     6.2720    114.984    35.4863    35.4884 0.0000e+00
    870.449      20892    117.000    11.2585    11.2583   3.982852   3.983126   48.94943  -16.44411     6.0324     6.2663    115.975    35.4854    35.4884 0.0000e+00
    874.267      20983    118.000    11.2584    11.2586   3.982798   3.983098   48.94943  -16.44411     6.0326     6.2705    116.966    35.4845    35.4873 0.0000e+00
    878.468      21084    119.000    11.2566    11.2592   3.982705   3.983298   48.94943  -16.44411     6.0295     6.2731    117.957    35.4849    35.4883 0.0000e+00
    880.429      21131    120.000    11.2560    11.2555   3.982597   3.982918   48.94944  -16.44411     6.0326     6.2705    118.948    35.4839    35.4876 0.0000e+00
    885.808      21260    121.000    11.2546    11.2573   3.982570   3.983098   48.94944  -16.44411     6.0317     6.2686    119.939    35.4845    35.4872 0.0000e+00
    888.065      21315    122.000    11.2531    11.2546   3.982416   3.982919   48.94944  -16.44411     6.0217     6.2664    120.930    35.4841    35.4875 0.0000e+00
    891.850      21405    123.000    11.2532    11.2546   3.982437   3.982863   48.94944  -16.44411     6.0277     6.2678    121.921    35.4837    35.4866 0.0000e+00
    896.262      21511    124.000    11.2527    11.2552   3.982455   3.982976   48.94944  -16.44411     6.0284     6.2699    122.912    35.4838    35.4867 0.0000e+00
    899.177      21581    125.000    11.2517    11.2531   3.982405   3.982851   48.94944  -16.44411     6.0267     6.2658    123.903    35.4839    35.4870 0.0000e+00
    901.139      21628    126.000    11.2512    11.2519   3.982354   3.982763   48.94944  -16.44411     6.0272     6.2689    124.894    35.4834    35.4869 0.0000e+00
    906.558      21758    127.000    11.2504    11.2523   3.982352   3.982824   48.94944  -16.44411     6.0274     6.2651    125.885    35.4837    35.4866 0.0000e+00
    908.288      21800    128.000    11.2497    11.2511   3.982290   3.982744   48.94944  -16.44411     6.0315     6.2673    126.875    35.4834    35.4865 0.0000e+00
    913.084      21915    129.000    11.2493    11.2514   3.982308   3.982786   48.94944  -16.44411     6.0301     6.2704    127.866    35.4834    35.4862 0.0000e+00
    915.861      21982    130.000    11.2486    11.2505   3.982263   3.982779   48.94944  -16.44411     6.0317     6.2701    128.857    35.4832    35.4866 0.0000e+00
    918.125      22036    131.000    11.2486    11.2492   3.982291   3.982642   48.94944  -16.44411     6.0333     6.2713    129.848    35.4830    35.4860 0.0000e+00
    922.660      22145    132.000    11.2485    11.2498   3.982323   3.982724   48.94944  -16.44411     6.0313     6.2687    130.839    35.4830    35.4857 0.0000e+00
    926.228      22230    133.000    11.2483    11.2495   3.982353   3.982759   48.94944  -16.44411     6.0341     6.2676    131.830    35.4831    35.4859 0.0000e+00
    928.659      22289    134.000    11.2482    11.2492   3.982375   3.982782   48.94944  -16.44411     6.0299     6.2668    132.821    35.4829    35.4860 0.0000e+00
    933.589      22407    135.000    11.2493    11.2497   3.982527   3.982857   48.94944  -16.44411     6.0313     6.2742    133.812    35.4829    35.4858 0.0000e+00
    935.820      22461    136.000    11.2495    11.2500   3.982601   3.982945   48.94944  -16.44411     6.0341     6.2703    134.803    35.4831    35.4859 0.0000e+00
    939.588      22551    137.000    11.2490    11.2501   3.982599   3.982993   48.94943  -16.44411     6.0328     6.2665    135.793    35.4830    35.4859 0.0000e+00
    942.413      22619    138.000    11.2492    11.2493   3.982664   3.982978   48.94943  -16.44411     6.0288     6.2722    136.784    35.4830    35.4860 0.0000e+00
    946.387      22714    139.000    11.2462    11.2474   3.982427   3.982836   48.94943  -16.44411     6.0316     6.2655    137.775    35.4831    35.4860 0.0000e+00
    949.132      22780    140.000    11.2449    11.2452   3.982295   3.982644   48.94943  -16.44411     6.0284     6.2621    138.766    35.4826    35.4857 0.0000e+00
    952.149      22853    141.000    11.2430    11.2425   3.982191   3.982430   48.94944  -16.44411     6.0309     6.2650    139.757    35.4829    35.4858 0.0000e+00
    955.374      22930    142.000    11.2389    11.2394   3.981747   3.982128   48.94943  -16.44411     6.0317     6.2682    140.748    35.4820    35.4853 0.0000e+00
    959.200      23022    143.000    11.2383    11.2394   3.981723   3.982106   48.94944  -16.44411     6.0319     6.2684    141.739    35.4819    35.4847 0.0000e+00
    963.164      23117    144.000    11.2370    11.2379   3.981639   3.982028   48.94945  -16.44411     6.0329     6.2676    142.729    35.4819    35.4848 0.0000e+00
    966.062      23186    145.000    11.2346    11.2346   3.981461   3.981801   48.94944  -16.44411     6.0303     6.2618    143.720    35.4819    35.4853 0.0000e+00
    968.193      23238    146.000    11.2341    11.2311   3.981353   3.981420   48.94944  -16.44411     6.0278     6.2615    144.711    35.4809    35.4844 0.0000e+00
    973.398      23363    147.000    11.2324    11.2325   3.981335   3.981592   48.94944  -16.44411     6.0284     6.2667    145.702    35.4820    35.4843 0.0000e+00
    975.388      23410    148.000    11.2298    11.2274   3.980992   3.981185   48.94944  -16.44411     6.0247     6.2632    146.693    35.4806    35.4848 0.0000e+00
    979.516      23509    149.000    11.2273    11.2292   3.980864   3.981285   48.94944  -16.44411     6.0239     6.2695    147.684    35.4813    35.4836 0.0000e+00
    981.686      23561    150.000    11.2248    11.2262   3.980616   3.981077   48.94943  -16.44411     6.0241     6.2645    148.674    35.4807    35.4839 0.0000e+00
    986.452      23676    151.000    11.2239    11.2260   3.980576   3.981060   48.94943  -16.44411     6.0240     6.2627    149.665    35.4807    35.4836 0.0000e+00
    988.602      23727    152.000    11.2221    11.2236   3.980445   3.980931   48.94943  -16.44410     6.0210     6.2642    150.656    35.4807    35.4841 0.0000e+00
    990.910      23783    153.000    11.2218    11.2215   3.980380   3.980679   48.94943  -16.44410     6.0218     6.2597    151.647    35.4799    35.4832 0.0000e+00
    996.591      23919    154.000    11.2184    11.2226   3.980189   3.980884   48.94943  -16.44411     6.0211     6.2602    152.637    35.4809    35.4837 0.0000e+00
    998.091      23955    155.000    11.2140    11.2159   3.979736   3.980318   48.94943  -16.44410     6.0112     6.2527    153.628    35.4801    35.4841 0.0000e+00
   1000.772      24020    156.000    11.2140    11.2133   3.979661   3.979918   48.94943  -16.44410     6.0064     6.2495    154.619    35.4789    35.4821 0.0000e+00
   1006.162      24149    157.000    11.2101    11.2137   3.979477   3.980055   48.94943  -16.44411     6.0083     6.2485    155.610    35.4804    35.4826 0.0000e+00
   1007.745      24187    158.000    11.2044    11.2058   3.978789   3.979376   48.94943  -16.44411     6.0057     6.2469    156.601    35.4786    35.4831 0.0000e+00
   1011.566      24279    159.000    11.2032    11.2050   3.978630   3.979176   48.94943  -16.44411     6.0060     6.2433    157.591    35.4777    35.4814 0.0000e+00
   1014.739      24355    160.000    11.2007    11.2031   3.978416   3.979065   48.94943  -16.44411     6.0017     6.2380    158.582    35.4775    35.4816 0.0000e+00
   1017.342      24417    161.000    11.1996    11.1993   3.978364   3.978634   48.94943  -16.44411     6.0051     6.2426    159.573    35.4776    35.4806 0.0000e+00
   1020.049      24482    162.000    11.1980    11.1983   3.978185   3.978518   48.94943  -16.44411     6.0027     6.2429    160.564    35.4769    35.4799 0.0000e+00
   1023.853      24573    163.000    11.1960    11.1978   3.978071   3.978515   48.94943  -16.44411     6.0009     6.2415    161.554    35.4773    35.4800 0.0000e+00
   1026.227      24630    164.000    11.1937    11.1952   3.977845   3.978316   48.94943  -16.44411     5.9985     6.2418    162.545    35.4768    35.4801 0.0000e+00
   1028.386      24682    165.000    11.1938    11.1941   3.977849   3.978193   48.94943  -16.44411     5.9994     6.2369    163.536    35.4763    35.4794 0.0000e+00
   1032.538      24782    166.000    11.1934    11.1943   3.977880   3.978251   48.94943  -16.44411     6.0014     6.2340    164.527    35.4765    35.4793 0.0000e+00
   1034.836      24837    167.000    11.1927    11.1931   3.977854   3.978212   48.94943  -16.44411     6.0027     6.2291    165.517    35.4765    35.4797 0.0000e+00
   1036.840      24885    168.000    11.1926    11.1919   3.977869   3.978096   48.94943  -16.44411     6.0001     6.2307    166.508    35.4762    35.4792 0.0000e+00
   1041.081      24987    169.000    11.1913    11.1926   3.977805   3.978221   48.94943  -16.44411     6.0005     6.2362    167.499    35.4764    35.4794 0.0000e+00
   1044.415      25067    170.000    11.1886    11.1900   3.977584   3.978046   48.94943  -16.44411     5.9945     6.2335    168.489    35.4764    35.4797 0.0000e+00
   1046.358      25114    171.000    11.1868    11.1868   3.977375   3.977705   48.94943  -16.44411     5.9906     6.2279    169.480    35.4756    35.4789 0.0000e+00
   1049.466      25188    172.000    11.1866    11.1858   3.977365   3.977558   48.94943  -16.44411     5.9957     6.2283    170.471    35.4752    35.4780 0.0000e+00
   1053.421      25283    173.000    11.1832    11.1852   3.977097   3.977605   48.94943  -16.44411     5.9929     6.2305    171.461    35.4754    35.4785 0.0000e+00
   1056.362      25354    174.000    11.1816    11.1815   3.976945   3.977247   48.94943  -16.44411     5.9929     6.2257    172.452    35.4750    35.4781 0.0000e+00
   1058.995      25417    175.000    11.1778    11.1785   3.976587   3.976972   48.94943  -16.44411     5.9918     6.2237    173.443    35.4746    35.4778 0.0000e+00
   1061.133      25468    176.000    11.1763    11.1741   3.976392   3.976542   48.94943  -16.44411     5.9922     6.2188    174.434    35.4736    35.4773 0.0000e+00
   1065.524      25574    177.000    11.1703    11.1720   3.975961   3.976377   48.94943  -16.44411     5.9837     6.2218    175.424    35.4746    35.4772 0.0000e+00
   1067.539      25622    178.000    11.1616    11.1607   3.975019   3.975337   48.94943  -16.44411     5.9803     6.2136    176.415    35.4733    35.4773 0.0000e+00
   1069.547      25670    179.000    11.1620    11.1546   3.974820   3.974459   48.94943  -16.44411     5.9745     6.2070    177.406    35.4704    35.4739 0.0000e+00
   1073.855      25774    180.000    11.1553    11.1576   3.974346   3.974727   48.94943  -16.44411     5.9786     6.2086    178.396    35.4717    35.4733 0.0000e+00
   1076.539      25838    181.000    11.1492    11.1503   3.973657   3.974188   48.94943  -16.44411     5.9689     6.2105    179.387    35.4702    35.4745 0.0000e+00
   1079.046      25898    182.000    11.1450    11.1448   3.973222   3.973478   48.94943  -16.44411     5.9653     6.1986    180.378    35.4695    35.4722 0.0000e+00
   1081.480      25957    183.000    11.1424    11.1402   3.972889   3.973046   48.94943  -16.44411     5.9596     6.1935    181.368    35.4683    35.4719 0.0000e+00
   1085.716      26058    184.000    11.1331    11.1337   3.972201   3.972535   48.94943  -16.44411     5.9591     6.1936    182.359    35.4699    35.4727 0.0000e+00
   1087.985      26113    185.000    11.1126    11.1113   3.970195   3.970538   48.94943  -16.44411     5.9513     6.1870    183.349    35.4692    35.4739 0.0000e+00
   1090.920      26183    186.000    11.1074    11.1013   3.969072   3.968824   48.94943  -16.44411     5.9488     6.1795    184.340    35.4626    35.4660 0.0000e+00
   1094.883      26278    187.000    11.0923    11.0973   3.967841   3.968692   48.94944  -16.44411     5.9430     6.1826    185.331    35.4644    35.4681 0.0000e+00
   1097.284      26336    188.000    11.0798    11.0783   3.966340   3.966628   48.94943  -16.44411     5.9430     6.1776    186.321    35.4610    35.4653 0.0000e+00
   1100.076      26403    189.000    11.0737    11.0727   3.965472   3.965694   48.94943  -16.44411     5.9422     6.1740    187.312    35.4577    35.4609 0.0000e+00
   1103.871      26494    190.000    11.0716    11.0717   3.965309   3.965540   48.94944  -16.44411     5.9418     6.1795    188.303    35.4578    35.4599 0.0000e+00
   1106.416      26555    191.000    11.0677    11.0692   3.964902   3.965359   48.94943  -16.44411     5.9400     6.1783    189.293    35.4570    35.4601 0.0000e+00
   1108.161      26597    192.000    11.0671    11.0673   3.964783   3.965131   48.94943  -16.44411     5.9415     6.1774    190.284    35.4559    35.4592 0.0000e+00
   1112.821      26709    193.000    11.0670    11.0686   3.964823   3.965227   48.94943  -16.44411     5.9447     6.1748    191.274    35.4559    35.4585 0.0000e+00
   1115.542      26774    194.000    11.0663    11.0686   3.964802   3.965339   48.94943  -16.44411     5.9440     6.1725    192.265    35.4559    35.4591 0.0000e+00
