Data_example/SBE_Data_Processed/DY130/SeaBird/Data/Processed/DY130_007cfaldb.cnv
* Sea-Bird SBE 9 Data File:
* FileName = C:\Users\sandm\Documents\Cruises\DY130\Data\Raw Data\DY130_007.hex
* Software Version Seasave V 7.26.7.121
* Temperature SN = 03P-5494
* Conductivity SN = 04C-3768
* Number of Bytes Per Scan = 45
* Number of Voltage Words = 4
* Number of Scans Averaged by the Deck Unit = 1
* NMEA Latitude = 49 04.68 N
* NMEA Longitude = 016 30.90 W
* NMEA UTC (Time) = Apr 04 2021  09:05:22
* NMEA baud rate = 9600
** Ship: RRS Discovery
** Cruise: DY130
** Cast: DY130_007
** Station: 046
** Julian Day: 094
** Date: 04/04/21
** Time (GMT): 09:05
** Latitude: 49 04.66 N
** Longitude: 16 30.89 W
** Depth (uncorrected m): 4808
** Principal Scientist: Sue Hart
** Operator: BP/PH BP/PH
# nquan = 15
# nvalues = 2022                        
# units = specified
# name 0 = timeS: Time, Elapsed [seconds]
# name 1 = scan: Scan Count
# name 2 = prDM: Pressure, Digiquartz [db]
# name 3 = t090C: Temperature [ITS-90, deg C]
# name 4 = t190C: Temperature, 2 [ITS-90, deg C]
# name 5 = c0S/m: Conductivity [S/m]
# name 6 = c1S/m: Conductivity, 2 [S/m]
# name 7 = latitude: Latitude [deg]
# name 8 = longitude: Longitude [deg]
# name 9 = sbeox0ML/L: Oxygen, SBE 43 [ml/l]
# name 10 = sbeox1ML/L: Oxygen, SBE 43, 2 [ml/l]
# name 11 = depSM: Depth [salt water, m], lat = 49.078
# name 12 = sal00: Salinity, Practical [PSU]
# name 13 = sal11: Salinity, Practical, 2 [PSU]
# name 14 = flag: flag
# span 0 =    267.690,   5835.241       
# span 1 =       6426,     140047       
# span 2 =      2.000,   1013.000       
# span 3 =     6.9808,    11.6309       
# span 4 =     6.9790,    11.6323       
# span 5 =   3.589836,   4.064778       
# span 6 =   3.211971,   4.065249       
# span 7 =   49.07787,   49.93023       
# span 8 =  -16.80169,  -16.51487       
# span 9 =     4.4032,     6.3864       
# span 10 =     4.5862,     7.6248      
# span 11 =      1.983,   1001.956      
# span 12 =    34.1837,    36.1025      
# span 13 =    28.0695,    36.1058      
# span 14 = 0.0000e+00, 0.0000e+00      
# interval = decibars: 1                
# start_time = Apr 04 2021 09:05:23 [NMEA time, first data scan]
# bad_flag = -9.990e-29
*END*
[from data line 1639]
   3647.459      87540    385.000    10.8137    10.8238   3.944935   3.946226   49.07795  -16.51490     5.8975     6.1439    381.376    35.4151    35.4183 0.0000e+00
   3648.777      87572    384.000    10.8164    10.8284   3.945180   3.946734   49.07795  -16.51490     5.9013     6.1420    380.387    35.4154    35.4193 0.0000e+00
   3650.113      87604    383.000    10.8186    10.8308   3.945388   3.947036   49.07795  -16.51489     5.9030     6.1375    379.397    35.4157    35.4205 0.0000e+00
   3651.339      87633    382.000    10.8212    10.8334   3.945588   3.947246   49.07795  -16.51489     5.8990     6.1348    378.407    35.4157    35.4206 0.0000e+00
   3652.481      87661    381.000    10.8243    10.8370   3.945880   3.947568   49.07795  -16.51489     5.8976     6.1315    377.418    35.4161    35.4207 0.0000e+00
   3653.623      87688    380.000    10.8276    10.8399   3.946184   3.947919   49.07795  -16.51489     5.8982     6.1294    376.428    35.4164    35.4219 0.0000e+00
   3654.824      87717    379.000    10.8308    10.8430   3.946529   3.948186   49.07795  -16.51490     5.8960     6.1300    375.438    35.4172    35.4220 0.0000e+00
   3656.060      87746    378.000    10.8336    10.8478   3.946826   3.948669   49.07795  -16.51490     5.8888     6.1260    374.449    35.4179    35.4227 0.0000e+00
   3657.250      87775    377.000    10.8366    10.8539   3.947099   3.949236   49.07795  -16.51490     5.8863     6.1179    373.459    35.4182    35.4230 0.0000e+00
   3658.387      87802    376.000    10.8399    10.8590   3.947429   3.949960   49.07795  -16.51490     5.8874     6.1081    372.469    35.4188    35.4258 0.0000e+00
   3659.562      87830    375.000    10.8446    10.8608   3.947857   3.950240   49.07795  -16.51489     5.8831     6.0966    371.479    35.4190    35.4272 0.0000e+00
   3660.873      87862    374.000    10.8503    10.8644   3.948520   3.950494   49.07795  -16.51489     5.8709     6.0896    370.490    35.4206    35.4268 0.0000e+00
   3662.272      87896    373.000    10.8545    10.8701   3.949044   3.951203   49.07795  -16.51489     5.8601     6.0808    369.500    35.4222    35.4288 0.0000e+00
   3663.585      87927    372.000    10.8594    10.8718   3.949502   3.951460   49.07795  -16.51489     5.8559     6.0692    368.510    35.4225    35.4302 0.0000e+00
   3664.737      87955    371.000    10.8649    10.8719   3.950148   3.951468   49.07795  -16.51489     5.8514     6.0714    367.521    35.4242    35.4306 0.0000e+00
   3665.800      87980    370.000    10.8671    10.8713   3.950482   3.951355   49.07795  -16.51489     5.8461     6.0806    366.531    35.4258    35.4305 0.0000e+00
   3666.879      88006    369.000    10.8682    10.8702   3.950596   3.951174   49.07795  -16.51489     5.8449     6.0907    365.541    35.4264    35.4303 0.0000e+00
   3668.062      88034    368.000    10.8685    10.8686   3.950605   3.950938   49.07795  -16.51489     5.8448     6.1000    364.551    35.4265    35.4299 0.0000e+00
   3669.362      88066    367.000    10.8685    10.8671   3.950547   3.950689   49.07795  -16.51489     5.8489     6.1103    363.562    35.4265    35.4292 0.0000e+00
   3670.666      88097    366.000    10.8678    10.8665   3.950446   3.950529   49.07795  -16.51489     5.8554     6.1190    362.572    35.4266    35.4287 0.0000e+00
   3671.855      88126    365.000    10.8667    10.8665   3.950264   3.950453   49.07795  -16.51489     5.8585     6.1183    361.582    35.4263    35.4284 0.0000e+00
   3672.953      88152    364.000    10.8660    10.8663   3.950096   3.950398   49.07795  -16.51489     5.8640     6.1170    360.592    35.4257    35.4285 0.0000e+00
   3674.062      88178    363.000    10.8655    10.8651   3.949991   3.950255   49.07795  -16.51489     5.8689     6.1181    359.603    35.4256    35.4286 0.0000e+00
   3675.290      88208    362.000    10.8648    10.8633   3.949851   3.949994   49.07795  -16.51489     5.8709     6.1222    358.613    35.4253    35.4282 0.0000e+00
   3676.640      88240    361.000    10.8638    10.8611   3.949691   3.949698   49.07795  -16.51489     5.8749     6.1267    357.623    35.4252    35.4278 0.0000e+00
   3677.930      88271    360.000    10.8618    10.8573   3.949456   3.949283   49.07795  -16.51489     5.8814     6.1302    356.633    35.4251    35.4278 0.0000e+00
   3679.062      88298    359.000    10.8591    10.8527   3.949098   3.948670   49.07795  -16.51489     5.8886     6.1413    355.643    35.4246    35.4265 0.0000e+00
   3680.114      88324    358.000    10.8567    10.8498   3.948753   3.948176   49.07795  -16.51489     5.8965     6.1577    354.654    35.4239    35.4248 0.0000e+00
   3681.217      88350    357.000    10.8539    10.8479   3.948365   3.947823   49.07795  -16.51489     5.9027     6.1722    353.664    35.4231    35.4235 0.0000e+00
   3682.543      88382    356.000    10.8524    10.8472   3.948012   3.947620   49.07795  -16.51489     5.9067     6.1785    352.674    35.4215    35.4226 0.0000e+00
   3684.063      88419    355.000    10.8522    10.8477   3.947981   3.947571   49.07795  -16.51489     5.9094     6.1751    351.684    35.4219    35.4221 0.0000e+00
   3685.432      88451    354.000    10.8506    10.8490   3.947715   3.947633   49.07795  -16.51489     5.9103     6.1715    350.694    35.4212    35.4220 0.0000e+00
   3686.586      88479    353.000    10.8495    10.8508   3.947504   3.947740   49.07795  -16.51489     5.9148     6.1752    349.705    35.4206    35.4217 0.0000e+00
   3687.661      88505    352.000    10.8491    10.8521   3.947343   3.947847   49.07795  -16.51489     5.9207     6.1809    348.715    35.4198    35.4220 0.0000e+00
   3688.762      88531    351.000    10.8495    10.8533   3.947286   3.947956   49.07795  -16.51489     5.9293     6.1842    347.725    35.4193    35.4223 0.0000e+00
   3689.942      88560    350.000    10.8504    10.8541   3.947309   3.948002   49.07795  -16.51489     5.9359     6.1842    346.735    35.4191    35.4225 0.0000e+00
   3691.190      88590    349.000    10.8516    10.8566   3.947374   3.948139   49.07795  -16.51489     5.9385     6.1824    345.745    35.4191    35.4219 0.0000e+00
   3692.467      88620    348.000    10.8541    10.8635   3.947527   3.948679   49.07795  -16.51489     5.9387     6.1800    344.755    35.4187    35.4211 0.0000e+00
   3693.759      88651    347.000    10.8596    10.8743   3.947982   3.949741   49.07795  -16.51489     5.9405     6.1785    343.766    35.4183    35.4218 0.0000e+00
   3695.037      88682    346.000    10.8664    10.8829   3.948714   3.950838   49.07795  -16.51489     5.9370     6.1754    342.776    35.4195    35.4249 0.0000e+00
   3696.251      88711    345.000    10.8723    10.8894   3.949342   3.951538   49.07795  -16.51489     5.9330     6.1715    341.786    35.4205    35.4261 0.0000e+00
   3697.380      88738    344.000    10.8766    10.8949   3.949846   3.952164   49.07795  -16.51489     5.9292     6.1698    340.796    35.4219    35.4275 0.0000e+00
   3698.465      88764    343.000    10.8809    10.8990   3.950259   3.952624   49.07795  -16.51489     5.9261     6.1696    339.806    35.4223    35.4286 0.0000e+00
   3699.577      88791    342.000    10.8858    10.9019   3.950742   3.952975   49.07795  -16.51489     5.9276     6.1731    338.816    35.4229    35.4298 0.0000e+00
   3700.791      88820    341.000    10.8908    10.9036   3.951299   3.953190   49.07795  -16.51489     5.9331     6.1775    337.826    35.4241    35.4308 0.0000e+00
   3702.100      88851    340.000    10.8950    10.9043   3.951788   3.953277   49.07795  -16.51489     5.9361     6.1775    336.836    35.4254    35.4313 0.0000e+00
   3703.412      88883    339.000    10.8983    10.9050   3.952149   3.953304   49.07795  -16.51489     5.9336     6.1744    335.847    35.4263    35.4314 0.0000e+00
   3704.651      88913    338.000    10.9007    10.9082   3.952435   3.953470   49.07795  -16.51489     5.9315     6.1737    334.857    35.4273    35.4304 0.0000e+00
   3705.797      88940    337.000    10.9021    10.9131   3.952559   3.953935   49.07795  -16.51489     5.9293     6.1767    333.867    35.4276    35.4308 0.0000e+00
   3706.893      88966    336.000    10.9046    10.9165   3.952722   3.954327   49.07795  -16.51489     5.9286     6.1808    332.877    35.4273    35.4319 0.0000e+00
   3708.047      88994    335.000    10.9082    10.9184   3.953059   3.954556   49.07795  -16.51489     5.9311     6.1893    331.887    35.4277    35.4328 0.0000e+00
   3709.343      89025    334.000    10.9109    10.9190   3.953375   3.954623   49.07795  -16.51489     5.9347     6.2023    330.897    35.4287    35.4333 0.0000e+00
   3710.647      89057    333.000    10.9128    10.9189   3.953543   3.954571   49.07795  -16.51489     5.9378     6.2087    329.907    35.4290    35.4333 0.0000e+00
   3711.814      89085    332.000    10.9149    10.9191   3.953708   3.954519   49.07795  -16.51489     5.9444     6.2088    328.917    35.4290    35.4331 0.0000e+00
   3712.900      89111    331.000    10.9159    10.9190   3.953814   3.954471   49.07795  -16.51489     5.9519     6.2096    327.927    35.4296    35.4332 0.0000e+00
   3714.022      89138    330.000    10.9165    10.9187   3.953838   3.954393   49.07795  -16.51489     5.9573     6.2132    326.937    35.4296    35.4331 0.0000e+00
   3715.236      89167    329.000    10.9168    10.9183   3.953840   3.954313   49.07795  -16.51489     5.9599     6.2179    325.948    35.4299    35.4332 0.0000e+00
   3716.495      89197    328.000    10.9167    10.9175   3.953791   3.954181   49.07795  -16.51489     5.9586     6.2224    324.958    35.4299    35.4331 0.0000e+00
   3717.755      89227    327.000    10.9164    10.9167   3.953716   3.954031   49.07795  -16.51489     5.9615     6.2252    323.968    35.4299    35.4327 0.0000e+00
   3718.983      89257    326.000    10.9158    10.9162   3.953594   3.953905   49.07795  -16.51489     5.9670     6.2255    322.978    35.4297    35.4325 0.0000e+00
   3720.151      89285    325.000    10.9152    10.9154   3.953464   3.953777   49.07795  -16.51489     5.9713     6.2253    321.988    35.4294    35.4324 0.0000e+00
   3721.298      89312    324.000    10.9147    10.9143   3.953357   3.953617   49.07795  -16.51489     5.9745     6.2299    320.998    35.4293    35.4322 0.0000e+00
   3722.485      89341    323.000    10.9141    10.9130   3.953234   3.953410   49.07795  -16.51490     5.9747     6.2368    320.008    35.4291    35.4320 0.0000e+00
   3723.764      89371    322.000    10.9133    10.9117   3.953087   3.953194   49.07795  -16.51490     5.9796     6.2448    319.018    35.4289    35.4315 0.0000e+00
   3725.118      89404    321.000    10.9123    10.9101   3.952931   3.952974   49.07795  -16.51490     5.9875     6.2492    318.028    35.4287    35.4312 0.0000e+00
   3726.444      89436    320.000    10.9102    10.9082   3.952676   3.952705   49.07795  -16.51489     5.9917     6.2509    317.038    35.4286    35.4308 0.0000e+00
   3727.663      89465    319.000    10.9082    10.9063   3.952362   3.952421   49.07795  -16.51489     5.9995     6.2554    316.048    35.4278    35.4303 0.0000e+00
   3728.818      89493    318.000    10.9069    10.9046   3.952135   3.952140   49.07795  -16.51489     6.0066     6.2626    315.058    35.4273    35.4295 0.0000e+00
   3730.003      89521    317.000    10.9057    10.9034   3.951927   3.951917   49.07795  -16.51489     6.0111     6.2694    314.068    35.4268    35.4289 0.0000e+00
   3731.262      89551    316.000    10.9041    10.9025   3.951691   3.951739   49.07795  -16.51489     6.0149     6.2723    313.078    35.4264    35.4284 0.0000e+00
   3732.536      89582    315.000    10.9027    10.9024   3.951448   3.951620   49.07795  -16.51489     6.0178     6.2717    312.088    35.4258    35.4278 0.0000e+00
   3733.715      89610    314.000    10.9020    10.9031   3.951271   3.951604   49.07795  -16.51489     6.0223     6.2728    311.098    35.4252    35.4274 0.0000e+00
   3734.826      89637    313.000    10.9018    10.9039   3.951185   3.951626   49.07795  -16.51490     6.0279     6.2757    310.108    35.4249    35.4273 0.0000e+00
   3735.977      89664    312.000    10.9018    10.9054   3.951115   3.951699   49.07795  -16.51490     6.0306     6.2816    309.118    35.4246    35.4271 0.0000e+00
   3737.277      89696    311.000    10.9020    10.9078   3.951075   3.951904   49.07795  -16.51489     6.0297     6.2857    308.128    35.4245    35.4273 0.0000e+00
   3738.697      89730    310.000    10.9024    10.9091   3.951056   3.952069   49.07795  -16.51489     6.0300     6.2845    307.138    35.4244    35.4281 0.0000e+00
   3740.049      89762    309.000    10.9036    10.9097   3.951093   3.952108   49.07795  -16.51489     6.0297     6.2832    306.148    35.4241    35.4283 0.0000e+00
   3741.265      89791    308.000    10.9058    10.9105   3.951246   3.952117   49.07795  -16.51489     6.0303     6.2825    305.158    35.4239    35.4281 0.0000e+00
   3742.373      89818    307.000    10.9073    10.9125   3.951420   3.952236   49.07795  -16.51489     6.0342     6.2829    304.168    35.4246    35.4279 0.0000e+00
   3743.441      89844    306.000    10.9082    10.9147   3.951476   3.952449   49.07794  -16.51489     6.0358     6.2823    303.178    35.4248    35.4282 0.0000e+00
   3744.539      89870    305.000    10.9094    10.9163   3.951556   3.952641   49.07794  -16.51489     6.0358     6.2801    302.188    35.4249    35.4291 0.0000e+00
   3745.706      89898    304.000    10.9108    10.9171   3.951669   3.952725   49.07793  -16.51489     6.0358     6.2790    301.198    35.4251    35.4296 0.0000e+00
   3746.961      89928    303.000    10.9124    10.9176   3.951826   3.952751   49.07794  -16.51489     6.0330     6.2791    300.208    35.4256    35.4299 0.0000e+00
   3748.275      89960    302.000    10.9135    10.9181   3.951906   3.952761   49.07794  -16.51489     6.0304     6.2786    299.217    35.4258    35.4299 0.0000e+00
   3749.555      89990    301.000    10.9151    10.9193   3.952006   3.952823   49.07795  -16.51489     6.0331     6.2802    298.227    35.4257    35.4298 0.0000e+00
   3750.764      90019    300.000    10.9170    10.9208   3.952194   3.952943   49.07795  -16.51489     6.0368     6.2813    297.237    35.4262    35.4300 0.0000e+00
   3751.927      90047    299.000    10.9180    10.9223   3.952301   3.953072   49.07795  -16.51489     6.0357     6.2791    296.247    35.4267    35.4303 0.0000e+00
   3753.083      90075    298.000    10.9188    10.9233   3.952349   3.953170   49.07794  -16.51489     6.0332     6.2796    295.257    35.4269    35.4307 0.0000e+00
   3754.263      90103    297.000    10.9198    10.9241   3.952414   3.953220   49.07794  -16.51489     6.0325     6.2798    294.267    35.4270    35.4310 0.0000e+00
   3755.458      90132    296.000    10.9212    10.9246   3.952517   3.953253   49.07794  -16.51489     6.0324     6.2789    293.277    35.4272    35.4313 0.0000e+00
   3756.612      90160    295.000    10.9224    10.9251   3.952624   3.953258   49.07794  -16.51489     6.0320     6.2794    292.287    35.4275    35.4313 0.0000e+00
   3757.708      90186    294.000    10.9234    10.9258   3.952703   3.953288   49.07794  -16.51489     6.0312     6.2787    291.297    35.4278    35.4313 0.0000e+00
   3758.791      90212    293.000    10.9239    10.9267   3.952744   3.953335   49.07795  -16.51489     6.0323     6.2772    290.307    35.4282    35.4314 0.0000e+00
   3759.914      90239    292.000    10.9243    10.9286   3.952747   3.953483   49.07795  -16.51489     6.0351     6.2778    289.317    35.4282    35.4315 0.0000e+00
   3761.120      90268    291.000    10.9252    10.9289   3.952789   3.953568   49.07795  -16.51489     6.0356     6.2773    288.327    35.4283    35.4326 0.0000e+00
