Data_example/SBE_Data_Processed/DY130/SeaBird/Data/Processed/DY130_011cfaldb.cnv
* Sea-Bird SBE 9 Data File:
* FileName = C:\Users\sandm\Documents\Cruises\DY130\Data\Raw Data\DY130_011.hex
* Software Version Seasave V 7.26.7.121
* Temperature SN = 03P-5494
* Conductivity SN = 04C-3768
* Number of Bytes Per Scan = 45
* Number of Voltage Words = 4
* Number of Scans Averaged by the Deck Unit = 1
* NMEA Latitude = 49 00.01 N
* NMEA Longitude = 016 30.03 W
* NMEA UTC (Time) = Apr 08 2021  08:05:03
* NMEA baud rate = 9600
** Ship: RRS Discovery
** Cruise: DY130
** Cast: DY130_011
** Station: 068
** Julian Day: 098
** Date: 08/04/2021
** Time (GMT):
** Latitude: 49 00.01 N
** Longitude: 16 30.03 W
** Depth (uncorrected m): 4808
** Principal Scientist: Sue Hart
** Operator: BP/PH
# nquan = 15
# nvalues = 9703                        
# units = specified
# name 0 = timeS: Time, Elapsed [seconds]
# name 1 = scan: Scan Count
# name 2 = prDM: Pressure, Digiquartz [db]
# name 3 = t090C: Temperature [ITS-90, deg C]
# name 4 = t190C: Temperature, 2 [ITS-90, deg C]
# name 5 = c0S/m: Conductivity [S/m]
# name 6 = c1S/m: Conductivity, 2 [S/m]
# name 7 = latitude: Latitude [deg]
# name 8 = longitude: Longitude [deg]
# name 9 = sbeox0ML/L: Oxygen, SBE 43 [ml/l]
# name 10 = sbeox1ML/L: Oxygen, SBE 43, 2 [ml/l]
# name 11 = depSM: Depth [salt water, m], lat = 49.0002
# name 12 = sal00: Salinity, Practical [PSU]
# name 13 = sal11: Salinity, Practical, 2 [PSU]
# name 14 = flag: flag
# span 0 =    335.620,  18108.535       
# span 1 =       8056,     434606       
# span 2 =      1.000,   4853.000       
# span 3 =     2.5268,    11.7473       
# span 4 =     2.5297,    11.7529       
# span 5 =  -0.103621,   4.027898       
# span 6 =  -0.485623,   4.029496       
# span 7 =   48.98374,   49.00613       
# span 8 =  -16.50258,  -16.49505       
# span 9 =     4.4095,     7.2780       
# span 10 =     4.5733,     7.6846      
# span 11 =      0.991,   4757.770      
# span 12 =    -2.5208,    35.5239      
# span 13 =    -5.9731,    35.5277      
# span 14 = 0.0000e+00, 0.0000e+00      
# interval = decibars: 1                
# start_time = Apr 08 2021 08:05:04 [NMEA time, first data scan]
# bad_flag = -9.990e-29
*END*
[from data line 4241]
   6442.461     154620   4244.000     2.5301     2.5322   3.286454   3.286824   49.00011  -16.50057     5.4787     5.7358   4166.415    34.9021    34.9044 0.0000e+00
   6443.659     154649   4245.000     2.5302     2.5323   3.286493   3.286870   49.00011  -16.50057     5.4797     5.7355   4167.387    34.9021    34.9045 0.0000e+00
   6444.578     154671   4246.000     2.5303     2.5324   3.286535   3.286918   49.00011  -16.50057     5.4823     5.7358   4168.359    34.9021    34.9044 0.0000e+00
   6445.355     154690   4247.000     2.5304     2.5326   3.286578   3.286964   49.00010  -16.50057     5.4818     5.7371   4169.332    34.9021    34.9045 0.0000e+00
   6446.077     154707   4248.000     2.5305     2.5326   3.286619   3.287007   49.00010  -16.50057     5.4793     5.7382   4170.304    34.9021    34.9045 0.0000e+00
   6446.794     154724   4249.000     2.5305     2.5327   3.286658   3.287046   49.00010  -16.50057     5.4757     5.7385   4171.276    34.9022    34.9045 0.0000e+00
   6447.549     154742   4250.000     2.5305     2.5327   3.286695   3.287080   49.00010  -16.50057     5.4713     5.7385   4172.249    34.9022    34.9045 0.0000e+00
   6448.403     154763   4251.000     2.5305     2.5327   3.286728   3.287112   49.00010  -16.50057     5.4721     5.7366   4173.221    34.9022    34.9045 0.0000e+00
   6449.465     154788   4252.000     2.5305     2.5327   3.286763   3.287144   49.00011  -16.50057     5.4788     5.7325   4174.193    34.9022    34.9044 0.0000e+00
   6450.854     154822   4253.000     2.5306     2.5327   3.286805   3.287174   49.00011  -16.50058     5.4824     5.7333   4175.165    34.9022    34.9044 0.0000e+00
   6452.238     154855   4254.000     2.5305     2.5325   3.286831   3.287198   49.00011  -16.50059     5.4771     5.7425   4176.137    34.9022    34.9045 0.0000e+00
   6453.253     154879   4255.000     2.5305     2.5325   3.286852   3.287229   49.00011  -16.50058     5.4774     5.7418   4177.110    34.9021    34.9045 0.0000e+00
   6454.067     154899   4256.000     2.5305     2.5325   3.286882   3.287264   49.00011  -16.50057     5.4781     5.7368   4178.082    34.9020    34.9045 0.0000e+00
   6454.796     154916   4257.000     2.5304     2.5325   3.286915   3.287297   49.00011  -16.50057     5.4781     5.7329   4179.054    34.9021    34.9045 0.0000e+00
   6455.493     154933   4258.000     2.5303     2.5323   3.286943   3.287323   49.00011  -16.50057     5.4772     5.7344   4180.027    34.9021    34.9045 0.0000e+00
   6456.195     154950   4259.000     2.5302     2.5322   3.286965   3.287343   49.00011  -16.50057     5.4745     5.7374   4180.999    34.9021    34.9045 0.0000e+00
   6456.939     154968   4260.000     2.5301     2.5321   3.286988   3.287365   49.00011  -16.50057     5.4705     5.7387   4181.971    34.9021    34.9045 0.0000e+00
   6457.768     154987   4261.000     2.5300     2.5320   3.287014   3.287389   49.00011  -16.50057     5.4715     5.7368   4182.943    34.9021    34.9044 0.0000e+00
   6458.750     155011   4262.000     2.5300     2.5319   3.287046   3.287409   49.00011  -16.50057     5.4766     5.7316   4183.916    34.9021    34.9044 0.0000e+00
   6459.941     155040   4263.000     2.5299     2.5320   3.287076   3.287440   49.00011  -16.50058     5.4797     5.7310   4184.888    34.9021    34.9043 0.0000e+00
   6461.235     155071   4264.000     2.5299     2.5320   3.287105   3.287475   49.00011  -16.50059     5.4785     5.7345   4185.860    34.9020    34.9043 0.0000e+00
   6462.370     155098   4265.000     2.5300     2.5320   3.287137   3.287511   49.00011  -16.50060     5.4766     5.7380   4186.832    34.9019    34.9043 0.0000e+00
   6463.306     155120   4266.000     2.5300     2.5320   3.287168   3.287546   49.00011  -16.50060     5.4768     5.7381   4187.805    34.9019    34.9043 0.0000e+00
   6464.129     155140   4267.000     2.5300     2.5321   3.287201   3.287582   49.00011  -16.50059     5.4754     5.7380   4188.777    34.9019    34.9042 0.0000e+00
   6464.905     155159   4268.000     2.5301     2.5321   3.287238   3.287619   49.00011  -16.50059     5.4747     5.7381   4189.749    34.9018    34.9043 0.0000e+00
   6465.684     155177   4269.000     2.5301     2.5322   3.287275   3.287657   49.00011  -16.50058     5.4739     5.7370   4190.721    34.9019    34.9042 0.0000e+00
   6466.516     155197   4270.000     2.5301     2.5322   3.287310   3.287693   49.00011  -16.50057     5.4735     5.7369   4191.693    34.9019    34.9042 0.0000e+00
   6467.456     155220   4271.000     2.5300     2.5321   3.287341   3.287722   49.00011  -16.50057     5.4770     5.7338   4192.666    34.9020    34.9043 0.0000e+00
   6468.538     155246   4272.000     2.5299     2.5319   3.287363   3.287743   49.00011  -16.50057     5.4772     5.7339   4193.638    34.9019    34.9043 0.0000e+00
   6469.693     155274   4273.000     2.5298     2.5319   3.287382   3.287766   49.00011  -16.50058     5.4765     5.7388   4194.610    34.9018    34.9042 0.0000e+00
   6470.776     155300   4274.000     2.5297     2.5318   3.287408   3.287797   49.00011  -16.50059     5.4772     5.7368   4195.582    34.9018    34.9043 0.0000e+00
   6471.738     155323   4275.000     2.5297     2.5316   3.287434   3.287820   49.00011  -16.50059     5.4772     5.7362   4196.554    34.9018    34.9043 0.0000e+00
   6472.601     155343   4276.000     2.5295     2.5315   3.287456   3.287838   49.00011  -16.50058     5.4776     5.7354   4197.527    34.9018    34.9042 0.0000e+00
   6473.405     155363   4277.000     2.5293     2.5314   3.287474   3.287859   49.00011  -16.50057     5.4774     5.7344   4198.499    34.9018    34.9042 0.0000e+00
   6474.182     155381   4278.000     2.5292     2.5314   3.287494   3.287881   49.00011  -16.50057     5.4763     5.7338   4199.471    34.9017    34.9041 0.0000e+00
   6474.967     155400   4279.000     2.5292     2.5313   3.287522   3.287908   49.00011  -16.50057     5.4754     5.7332   4200.443    34.9017    34.9041 0.0000e+00
   6475.806     155420   4280.000     2.5292     2.5313   3.287554   3.287939   49.00011  -16.50057     5.4766     5.7350   4201.415    34.9017    34.9041 0.0000e+00
   6476.763     155443   4281.000     2.5292     2.5314   3.287589   3.287973   49.00011  -16.50057     5.4775     5.7370   4202.387    34.9017    34.9040 0.0000e+00
   6477.912     155471   4282.000     2.5292     2.5314   3.287622   3.288004   49.00011  -16.50058     5.4774     5.7403   4203.360    34.9017    34.9039 0.0000e+00
   6479.219     155502   4283.000     2.5292     2.5313   3.287656   3.288033   49.00011  -16.50059     5.4768     5.7416   4204.332    34.9017    34.9040 0.0000e+00
   6480.432     155531   4284.000     2.5292     2.5313   3.287690   3.288068   49.00010  -16.50059     5.4759     5.7425   4205.304    34.9017    34.9040 0.0000e+00
   6481.433     155555   4285.000     2.5292     2.5312   3.287720   3.288100   49.00009  -16.50058     5.4759     5.7405   4206.276    34.9016    34.9041 0.0000e+00
   6482.291     155576   4286.000     2.5292     2.5313   3.287754   3.288135   49.00008  -16.50057     5.4741     5.7344   4207.248    34.9016    34.9040 0.0000e+00
   6483.065     155595   4287.000     2.5293     2.5314   3.287790   3.288175   49.00008  -16.50057     5.4730     5.7299   4208.220    34.9016    34.9040 0.0000e+00
   6483.797     155612   4288.000     2.5293     2.5314   3.287828   3.288212   49.00009  -16.50057     5.4715     5.7303   4209.192    34.9016    34.9040 0.0000e+00
   6484.519     155629   4289.000     2.5293     2.5315   3.287862   3.288248   49.00009  -16.50057     5.4707     5.7318   4210.164    34.9016    34.9039 0.0000e+00
   6485.263     155647   4290.000     2.5293     2.5314   3.287896   3.288282   49.00010  -16.50057     5.4720     5.7335   4211.137    34.9016    34.9040 0.0000e+00
   6486.076     155667   4291.000     2.5293     2.5315   3.287926   3.288314   49.00011  -16.50057     5.4729     5.7353   4212.109    34.9016    34.9039 0.0000e+00
   6487.010     155689   4292.000     2.5293     2.5315   3.287958   3.288351   49.00011  -16.50057     5.4749     5.7356   4213.081    34.9016    34.9039 0.0000e+00
   6488.090     155715   4293.000     2.5293     2.5316   3.287996   3.288387   49.00011  -16.50057     5.4763     5.7338   4214.053    34.9016    34.9038 0.0000e+00
   6489.231     155743   4294.000     2.5295     2.5316   3.288036   3.288426   49.00011  -16.50057     5.4771     5.7304   4215.025    34.9015    34.9039 0.0000e+00
   6490.312     155768   4295.000     2.5296     2.5317   3.288075   3.288467   49.00011  -16.50057     5.4770     5.7299   4215.997    34.9014    34.9038 0.0000e+00
   6491.316     155793   4296.000     2.5297     2.5319   3.288115   3.288511   49.00010  -16.50057     5.4750     5.7291   4216.969    34.9014    34.9038 0.0000e+00
   6492.280     155816   4297.000     2.5297     2.5319   3.288158   3.288549   49.00009  -16.50057     5.4742     5.7317   4217.941    34.9015    34.9038 0.0000e+00
   6493.241     155839   4298.000     2.5297     2.5319   3.288197   3.288583   49.00008  -16.50057     5.4739     5.7360   4218.913    34.9016    34.9038 0.0000e+00
   6494.219     155862   4299.000     2.5297     2.5319   3.288227   3.288615   49.00007  -16.50057     5.4736     5.7379   4219.886    34.9015    34.9038 0.0000e+00
   6495.211     155886   4300.000     2.5297     2.5319   3.288255   3.288646   49.00008  -16.50058     5.4711     5.7390   4220.858    34.9015    34.9038 0.0000e+00
   6496.181     155909   4301.000     2.5297     2.5319   3.288295   3.288681   49.00009  -16.50059     5.4714     5.7402   4221.830    34.9015    34.9038 0.0000e+00
   6497.101     155931   4302.000     2.5297     2.5319   3.288333   3.288717   49.00009  -16.50059     5.4759     5.7396   4222.802    34.9016    34.9038 0.0000e+00
   6497.967     155952   4303.000     2.5296     2.5318   3.288358   3.288742   49.00010  -16.50059     5.4771     5.7362   4223.774    34.9016    34.9039 0.0000e+00
   6498.795     155972   4304.000     2.5294     2.5316   3.288376   3.288759   49.00011  -16.50058     5.4748     5.7320   4224.746    34.9015    34.9038 0.0000e+00
   6499.610     155992   4305.000     2.5293     2.5315   3.288396   3.288781   49.00011  -16.50057     5.4725     5.7257   4225.718    34.9015    34.9038 0.0000e+00
   6500.447     156012   4306.000     2.5293     2.5314   3.288423   3.288805   49.00011  -16.50057     5.4724     5.7238   4226.690    34.9015    34.9038 0.0000e+00
   6501.352     156033   4307.000     2.5292     2.5314   3.288453   3.288832   49.00011  -16.50057     5.4737     5.7316   4227.662    34.9015    34.9037 0.0000e+00
   6502.377     156058   4308.000     2.5292     2.5314   3.288483   3.288864   49.00011  -16.50057     5.4757     5.7338   4228.634    34.9015    34.9037 0.0000e+00
   6503.539     156086   4309.000     2.5293     2.5314   3.288520   3.288899   49.00011  -16.50057     5.4768     5.7357   4229.606    34.9014    34.9037 0.0000e+00
   6504.696     156114   4310.000     2.5294     2.5315   3.288557   3.288941   49.00011  -16.50058     5.4756     5.7384   4230.578    34.9013    34.9037 0.0000e+00
   6505.686     156137   4311.000     2.5295     2.5316   3.288597   3.288979   49.00011  -16.50059     5.4762     5.7397   4231.550    34.9013    34.9036 0.0000e+00
   6506.530     156158   4312.000     2.5296     2.5316   3.288635   3.289014   49.00011  -16.50059     5.4769     5.7402   4232.522    34.9013    34.9037 0.0000e+00
   6507.293     156176   4313.000     2.5295     2.5316   3.288666   3.289045   49.00011  -16.50059     5.4751     5.7389   4233.494    34.9013    34.9036 0.0000e+00
   6508.020     156193   4314.000     2.5294     2.5316   3.288693   3.289077   49.00011  -16.50059     5.4748     5.7357   4234.466    34.9013    34.9036 0.0000e+00
   6508.754     156211   4315.000     2.5293     2.5315   3.288721   3.289108   49.00011  -16.50059     5.4769     5.7316   4235.438    34.9014    34.9037 0.0000e+00
   6509.534     156230   4316.000     2.5293     2.5314   3.288749   3.289133   49.00011  -16.50059     5.4788     5.7277   4236.410    34.9013    34.9036 0.0000e+00
   6510.416     156251   4317.000     2.5292     2.5314   3.288777   3.289162   49.00011  -16.50059     5.4790     5.7232   4237.382    34.9013    34.9036 0.0000e+00
   6511.485     156277   4318.000     2.5292     2.5315   3.288809   3.289194   49.00011  -16.50059     5.4767     5.7268   4238.354    34.9013    34.9035 0.0000e+00
   6512.841     156309   4319.000     2.5293     2.5316   3.288850   3.289228   49.00011  -16.50059     5.4735     5.7330   4239.326    34.9013    34.9034 0.0000e+00
   6514.340     156345   4320.000     2.5294     2.5316   3.288889   3.289266   49.00011  -16.50059     5.4705     5.7382   4240.298    34.9013    34.9034 0.0000e+00
   6515.603     156375   4321.000     2.5295     2.5317   3.288927   3.289310   49.00009  -16.50059     5.4749     5.7400   4241.270    34.9012    34.9035 0.0000e+00
   6516.626     156400   4322.000     2.5295     2.5317   3.288963   3.289348   49.00008  -16.50059     5.4758     5.7401   4242.242    34.9012    34.9035 0.0000e+00
   6517.514     156421   4323.000     2.5296     2.5317   3.288999   3.289383   49.00008  -16.50059     5.4746     5.7392   4243.214    34.9012    34.9035 0.0000e+00
   6518.312     156440   4324.000     2.5297     2.5318   3.289038   3.289419   49.00007  -16.50059     5.4751     5.7371   4244.186    34.9011    34.9035 0.0000e+00
   6519.047     156458   4325.000     2.5297     2.5319   3.289077   3.289458   49.00008  -16.50059     5.4754     5.7330   4245.158    34.9012    34.9034 0.0000e+00
   6519.739     156475   4326.000     2.5298     2.5319   3.289113   3.289497   49.00008  -16.50059     5.4742     5.7288   4246.130    34.9011    34.9035 0.0000e+00
   6520.409     156491   4327.000     2.5298     2.5319   3.289147   3.289533   49.00009  -16.50059     5.4717     5.7255   4247.102    34.9011    34.9035 0.0000e+00
   6521.082     156507   4328.000     2.5297     2.5319   3.289179   3.289566   49.00010  -16.50059     5.4716     5.7253   4248.074    34.9012    34.9035 0.0000e+00
   6521.787     156524   4329.000     2.5297     2.5319   3.289209   3.289598   49.00011  -16.50059     5.4727     5.7287   4249.046    34.9011    34.9035 0.0000e+00
   6522.560     156542   4330.000     2.5297     2.5319   3.289241   3.289630   49.00011  -16.50059     5.4727     5.7302   4250.018    34.9011    34.9034 0.0000e+00
   6523.449     156564   4331.000     2.5296     2.5319   3.289273   3.289661   49.00011  -16.50059     5.4736     5.7321   4250.990    34.9012    34.9034 0.0000e+00
   6524.460     156588   4332.000     2.5296     2.5318   3.289302   3.289689   49.00011  -16.50058     5.4740     5.7351   4251.962    34.9012    34.9035 0.0000e+00
   6525.516     156613   4333.000     2.5294     2.5316   3.289324   3.289706   49.00011  -16.50057     5.4766     5.7340   4252.934    34.9012    34.9035 0.0000e+00
   6526.582     156639   4334.000     2.5293     2.5313   3.289340   3.289715   49.00011  -16.50057     5.4760     5.7314   4253.906    34.9011    34.9034 0.0000e+00
   6527.808     156668   4335.000     2.5293     2.5313   3.289370   3.289734   49.00010  -16.50057     5.4753     5.7321   4254.878    34.9010    34.9033 0.0000e+00
   6529.574     156711   4336.000     2.5296     2.5314   3.289429   3.289765   49.00007  -16.50059     5.4761     5.7364   4255.850    34.9011    34.9032 0.0000e+00
   6531.266     156751   4337.000     2.5294     2.5313   3.289449   3.289803   49.00007  -16.50060     5.4766     5.7419   4256.821    34.9011    34.9033 0.0000e+00
   6532.269     156775   4338.000     2.5291     2.5312   3.289457   3.289833   49.00008  -16.50060     5.4707     5.7360   4257.793    34.9011    34.9034 0.0000e+00
   6533.038     156794   4339.000     2.5288     2.5310   3.289467   3.289851   49.00009  -16.50060     5.4679     5.7309   4258.765    34.9011    34.9034 0.0000e+00
