Data_example/SBE_Data_Processed/DY130/SeaBird/Data/Processed/DY130_005cfaldb.cnv
* Sea-Bird SBE 9 Data File:
* FileName = C:\Users\sandm\Documents\Cruises\DY130\Data\Raw Data\DY130_005.hex
* Software Version Seasave V 7.26.7.121
* Temperature SN = 03P-5494
* Conductivity SN = 04C-3768
* Number of Bytes Per Scan = 45
* Number of Voltage Words = 4
* Number of Scans Averaged by the Deck Unit = 1
* NMEA Latitude = 48 56.39 N
* NMEA Longitude = 016 27.89 W
* NMEA UTC (Time) = Apr 02 2021  07:00:27
* NMEA baud rate = 9600
** Ship: RRS Discovery
** Cruise: DY130
** Cast: DY130_005
** Station: 032
** Julian Day: 092
** Date: 02/04/21
** Time (GMT):
** Latitude: 48 56.38 N
** Longitude: 16 27.88 W
** Depth (uncorrected m): 4811
** Principal Scientist: Sue Hart
** Operator: BP/PH
# nquan = 15
# nvalues = 2022                        
# units = specified
# name 0 = timeS: Time, Elapsed [seconds]
# name 1 = scan: Scan Count
# name 2 = prDM: Pressure, Digiquartz [db]
# name 3 = t090C: Temperature [ITS-90, deg C]
# name 4 = t190C: Temperature, 2 [ITS-90, deg C]
# name 5 = c0S/m: Conductivity [S/m]
# name 6 = c1S/m: Conductivity, 2 [S/m]
# name 7 = latitude: Latitude [deg]
# name 8 = longitude: Longitude [deg]
# name 9 = sbeox0ML/L: Oxygen, SBE 43 [ml/l]
# name 10 = sbeox1ML/L: Oxygen, SBE 43, 2 [ml/l]
# name 11 = depSM: Depth [salt water, m], lat = 48.9398
# name 12 = sal00: Salinity, Practical [PSU]
# name 13 = sal11: Salinity, Practical, 2 [PSU]
# name 14 = flag: flag
# span 0 =    630.189,   8027.219       
# span 1 =      15126,     192654       
# span 2 =      2.000,   1013.000       
# span 3 =     6.9958,    11.6205       
# span 4 =     6.9945,    11.5904       
# span 5 =   3.413574,   4.010828       
# span 6 =   3.368235,   4.012449       
# span 7 =   48.93966,   48.99412       
# span 8 =  -16.48362,  -16.46506       
# span 9 =     4.4869,     6.3899       
# span 10 =     4.6644,     6.6109      
# span 11 =      1.983,   1001.969      
# span 12 =    29.7257,    35.5378      
# span 13 =    29.2989,    35.5430      
# span 14 = 0.0000e+00, 0.0000e+00      
# interval = decibars: 1                
# start_time = Apr 02 2021 07:00:27 [NMEA time, first data scan]
# bad_flag = -9.990e-29
*END*
[from data line 1446]
   5050.022     121202    578.000    10.3531    10.3593   3.904568   3.905476   48.93966  -16.46523     5.4250     5.6472    572.301    35.3676    35.3708 0.0000e+00
   5053.047     121274    577.000    10.3523    10.3592   3.904466   3.905436   48.93967  -16.46523     5.4253     5.6476    571.313    35.3678    35.3710 0.0000e+00
   5055.392     121330    576.000    10.3528    10.3584   3.904442   3.905341   48.93968  -16.46523     5.4222     5.6484    570.324    35.3676    35.3713 0.0000e+00
   5057.128     121372    575.000    10.3542    10.3587   3.904529   3.905276   48.93968  -16.46523     5.4238     5.6467    569.335    35.3675    35.3708 0.0000e+00
   5059.092     121419    574.000    10.3567    10.3610   3.904704   3.905427   48.93968  -16.46523     5.4249     5.6478    568.346    35.3673    35.3705 0.0000e+00
   5060.858     121462    573.000    10.3587    10.3635   3.904876   3.905650   48.93968  -16.46523     5.4255     5.6505    567.357    35.3676    35.3707 0.0000e+00
   5062.556     121502    572.000    10.3605    10.3663   3.905042   3.905885   48.93968  -16.46523     5.4272     5.6510    566.369    35.3680    35.3709 0.0000e+00
   5064.667     121553    571.000    10.3598    10.3676   3.904995   3.906030   48.93968  -16.46523     5.4283     5.6489    565.380    35.3686    35.3715 0.0000e+00
   5066.933     121607    570.000    10.3598    10.3685   3.904890   3.906067   48.93968  -16.46523     5.4275     5.6489    564.391    35.3681    35.3715 0.0000e+00
   5068.630     121648    569.000    10.3629    10.3715   3.905073   3.906209   48.93968  -16.46523     5.4311     5.6512    563.402    35.3673    35.3704 0.0000e+00
   5070.550     121694    568.000    10.3669    10.3733   3.905498   3.906416   48.93968  -16.46523     5.4322     5.6538    562.413    35.3681    35.3713 0.0000e+00
   5073.091     121755    567.000    10.3670    10.3749   3.905525   3.906500   48.93968  -16.46523     5.4337     5.6566    561.425    35.3688    35.3710 0.0000e+00
   5075.038     121802    566.000    10.3687    10.3766   3.905557   3.906593   48.93968  -16.46523     5.4333     5.6547    560.436    35.3679    35.3707 0.0000e+00
   5076.674     121841    565.000    10.3727    10.3786   3.905838   3.906726   48.93968  -16.46523     5.4363     5.6578    559.447    35.3673    35.3706 0.0000e+00
   5078.521     121885    564.000    10.3736    10.3796   3.905984   3.906778   48.93968  -16.46523     5.4365     5.6597    558.458    35.3684    35.3706 0.0000e+00
   5080.607     121936    563.000    10.3737    10.3813   3.905902   3.906853   48.93968  -16.46523     5.4330     5.6565    557.469    35.3679    35.3701 0.0000e+00
   5082.377     121978    562.000    10.3764    10.3846   3.906050   3.907015   48.93968  -16.46523     5.4311     5.6562    556.480    35.3672    35.3690 0.0000e+00
   5084.164     122021    561.000    10.3782    10.3869   3.906205   3.907194   48.93968  -16.46523     5.4378     5.6564    555.492    35.3675    35.3691 0.0000e+00
   5086.622     122080    560.000    10.3779    10.3912   3.906137   3.907507   48.93968  -16.46523     5.4387     5.6664    554.503    35.3675    35.3685 0.0000e+00
   5088.896     122135    559.000    10.3819    10.3926   3.906336   3.907656   48.93968  -16.46523     5.4353     5.6673    553.514    35.3661    35.3691 0.0000e+00
   5090.694     122178    558.000    10.3888    10.3965   3.906829   3.907885   48.93967  -16.46523     5.4386     5.6638    552.525    35.3649    35.3681 0.0000e+00
   5092.493     122221    557.000    10.3944    10.4007   3.907376   3.908265   48.93967  -16.46523     5.4431     5.6642    551.536    35.3654    35.3683 0.0000e+00
   5094.594     122271    556.000    10.3970    10.4043   3.907636   3.908541   48.93967  -16.46523     5.4459     5.6675    550.547    35.3660    35.3681 0.0000e+00
   5096.403     122315    555.000    10.3982    10.4092   3.907667   3.908870   48.93968  -16.46523     5.4467     5.6681    549.558    35.3656    35.3671 0.0000e+00
   5097.960     122352    554.000    10.4009    10.4140   3.907863   3.909276   48.93968  -16.46523     5.4442     5.6717    548.570    35.3654    35.3670 0.0000e+00
   5100.189     122406    553.000    10.4010    10.4178   3.907860   3.909638   48.93967  -16.46522     5.4436     5.6736    547.581    35.3657    35.3674 0.0000e+00
   5102.270     122455    552.000    10.4046    10.4248   3.908047   3.910254   48.93967  -16.46522     5.4456     5.6719    546.592    35.3645    35.3673 0.0000e+00
   5103.797     122492    551.000    10.4116    10.4356   3.908603   3.911189   48.93968  -16.46522     5.4480     5.6777    545.603    35.3638    35.3667 0.0000e+00
   5105.555     122534    550.000    10.4167    10.4466   3.909179   3.912454   48.93968  -16.46522     5.4530     5.6911    544.614    35.3652    35.3694 0.0000e+00
   5107.648     122585    549.000    10.4268    10.4495   3.910133   3.913035   48.93967  -16.46523     5.4602     5.7082    543.625    35.3655    35.3729 0.0000e+00
   5109.762     122635    548.000    10.4265    10.4493   3.910287   3.912801   48.93966  -16.46523     5.4658     5.7027    542.636    35.3678    35.3711 0.0000e+00
   5111.994     122689    547.000    10.4313    10.4618   3.910396   3.913859   48.93968  -16.46523     5.4615     5.7078    541.647    35.3647    35.3701 0.0000e+00
   5113.667     122729    546.000    10.4517    10.4794   3.912264   3.915366   48.93968  -16.46523     5.4729     5.7254    540.658    35.3643    35.3688 0.0000e+00
   5115.059     122762    545.000    10.4618    10.4997   3.913734   3.917516   48.93967  -16.46523     5.4920     5.7604    539.670    35.3698    35.3713 0.0000e+00
   5117.312     122816    544.000    10.4618    10.5104   3.913822   3.919096   48.93966  -16.46523     5.4998     5.8174    538.681    35.3711    35.3773 0.0000e+00
   5119.987     122881    543.000    10.4690    10.5163   3.914292   3.919718   48.93967  -16.46523     5.4994     5.8299    537.692    35.3693    35.3783 0.0000e+00
   5121.609     122920    542.000    10.4843    10.5255   3.915638   3.920424   48.93967  -16.46523     5.5182     5.8284    536.703    35.3686    35.3770 0.0000e+00
   5123.251     122959    541.000    10.5061    10.5438   3.917911   3.922163   48.93966  -16.46523     5.5565     5.8486    535.714    35.3708    35.3773 0.0000e+00
   5125.055     123002    540.000    10.5105    10.5618   3.918953   3.924483   48.93966  -16.46523     5.5917     5.9081    534.725    35.3776    35.3837 0.0000e+00
   5127.398     123059    539.000    10.5032    10.5644   3.918080   3.925050   48.93966  -16.46523     5.5802     5.9454    533.736    35.3763    35.3873 0.0000e+00
   5129.959     123120    538.000    10.5271    10.5593   3.919879   3.924644   48.93966  -16.46523     5.5886     5.9353    532.747    35.3717    35.3886 0.0000e+00
   5131.623     123160    537.000    10.5566    10.5709   3.922976   3.925012   48.93967  -16.46523     5.6516     5.9258    531.758    35.3749    35.3816 0.0000e+00
   5133.301     123200    536.000    10.5764    10.5868   3.925680   3.927141   48.93967  -16.46523     5.7314     5.9844    530.769    35.3835    35.3881 0.0000e+00
   5135.324     123249    535.000    10.5806    10.5937   3.926463   3.927985   48.93966  -16.46523     5.7780     6.0414    529.780    35.3877    35.3904 0.0000e+00
   5137.138     123292    534.000    10.5787    10.6010   3.926225   3.928649   48.93966  -16.46523     5.7735     6.0512    528.791    35.3876    35.3904 0.0000e+00
   5138.841     123333    533.000    10.5869    10.6084   3.926716   3.929482   48.93967  -16.46523     5.7709     6.0721    527.802    35.3850    35.3922 0.0000e+00
   5140.847     123381    532.000    10.5964    10.6145   3.927839   3.930095   48.93968  -16.46523     5.8006     6.0878    526.813    35.3876    35.3929 0.0000e+00
   5142.865     123430    531.000    10.6032    10.6178   3.928489   3.930476   48.93968  -16.46523     5.8240     6.0935    525.824    35.3880    35.3939 0.0000e+00
   5144.605     123472    530.000    10.6124    10.6272   3.929304   3.931234   48.93968  -16.46523     5.8350     6.0998    524.835    35.3878    35.3929 0.0000e+00
   5146.846     123525    529.000    10.6168    10.6311   3.930021   3.931809   48.93968  -16.46523     5.8499     6.1113    523.846    35.3912    35.3954 0.0000e+00
   5149.420     123587    528.000    10.6188    10.6364   3.930129   3.932286   48.93968  -16.46523     5.8516     6.1162    522.857    35.3908    35.3955 0.0000e+00
   5150.999     123625    527.000    10.6273    10.6384   3.930849   3.932487   48.93968  -16.46523     5.8623     6.1217    521.868    35.3903    35.3960 0.0000e+00
   5152.735     123667    526.000    10.6345    10.6405   3.931706   3.932693   48.93967  -16.46523     5.8799     6.1279    520.879    35.3924    35.3966 0.0000e+00
   5154.749     123715    525.000    10.6370    10.6430   3.932012   3.932926   48.93966  -16.46523     5.8897     6.1339    519.890    35.3935    35.3969 0.0000e+00
   5156.576     123759    524.000    10.6377    10.6441   3.932040   3.933001   48.93967  -16.46523     5.8860     6.1382    518.901    35.3935    35.3970 0.0000e+00
   5158.312     123800    523.000    10.6400    10.6452   3.932208   3.933092   48.93968  -16.46523     5.8836     6.1343    517.912    35.3934    35.3973 0.0000e+00
   5160.310     123848    522.000    10.6403    10.6461   3.932259   3.933148   48.93967  -16.46523     5.8869     6.1307    516.923    35.3942    35.3975 0.0000e+00
   5162.762     123907    521.000    10.6392    10.6462   3.932108   3.933148   48.93966  -16.46523     5.8833     6.1334    515.934    35.3941    35.3978 0.0000e+00
   5165.076     123963    520.000    10.6408    10.6458   3.932188   3.933041   48.93967  -16.46523     5.8839     6.1338    514.945    35.3938    35.3976 0.0000e+00
   5166.993     124009    519.000    10.6452    10.6485   3.932531   3.933182   48.93967  -16.46523     5.8861     6.1274    513.956    35.3935    35.3968 0.0000e+00
   5168.786     124052    518.000    10.6481    10.6501   3.932825   3.933244   48.93967  -16.46523     5.8814     6.1082    512.967    35.3941    35.3963 0.0000e+00
   5170.605     124096    517.000    10.6487    10.6509   3.932815   3.933207   48.93966  -16.46523     5.8684     6.0803    511.978    35.3939    35.3956 0.0000e+00
   5172.323     124137    516.000    10.6490    10.6523   3.932755   3.933272   48.93966  -16.46523     5.8579     6.0753    510.989    35.3934    35.3954 0.0000e+00
   5174.108     124180    515.000    10.6491    10.6534   3.932708   3.933365   48.93967  -16.46523     5.8499     6.0794    510.000    35.3932    35.3957 0.0000e+00
   5175.992     124225    514.000    10.6497    10.6541   3.932701   3.933393   48.93968  -16.46523     5.8516     6.0838    509.011    35.3930    35.3958 0.0000e+00
   5177.816     124269    513.000    10.6511    10.6543   3.932774   3.933384   48.93968  -16.46523     5.8507     6.0890    508.021    35.3928    35.3959 0.0000e+00
   5180.061     124322    512.000    10.6510    10.6546   3.932761   3.933360   48.93968  -16.46523     5.8505     6.0900    507.032    35.3932    35.3958 0.0000e+00
   5182.590     124383    511.000    10.6513    10.6562   3.932718   3.933464   48.93968  -16.46522     5.8548     6.0923    506.043    35.3930    35.3958 0.0000e+00
   5184.417     124427    510.000    10.6551    10.6588   3.932950   3.933607   48.93968  -16.46523     5.8593     6.0922    505.054    35.3921    35.3952 0.0000e+00
   5186.227     124470    509.000    10.6580    10.6621   3.933306   3.933977   48.93968  -16.46523     5.8630     6.0993    504.065    35.3933    35.3961 0.0000e+00
   5381.840     129165    508.000    10.6666    10.6698   3.934198   3.934757   48.93968  -16.46523     5.8625     6.0920    503.076    35.3944    35.3970 0.0000e+00
   5427.212     130254    507.000    10.6698    10.6733   3.934455   3.935057   48.93967  -16.46523     5.8608     6.0887    502.087    35.3944    35.3970 0.0000e+00
   5429.641     130312    506.000    10.6700    10.6757   3.934451   3.935283   48.93966  -16.46523     5.8550     6.0865    501.098    35.3946    35.3974 0.0000e+00
   5432.085     130371    505.000    10.6706    10.6788   3.934453   3.935573   48.93967  -16.46523     5.8522     6.0841    500.109    35.3945    35.3979 0.0000e+00
   5434.315     130425    504.000    10.6719    10.6821   3.934517   3.935843   48.93968  -16.46523     5.8534     6.0883    499.120    35.3943    35.3978 0.0000e+00
   5436.172     130469    503.000    10.6755    10.6853   3.934805   3.936176   48.93968  -16.46523     5.8545     6.0955    498.131    35.3942    35.3985 0.0000e+00
   5438.019     130513    502.000    10.6786    10.6866   3.935134   3.936294   48.93966  -16.46523     5.8529     6.1007    497.141    35.3950    35.3989 0.0000e+00
   5440.164     130565    501.000    10.6806    10.6878   3.935346   3.936385   48.93966  -16.46523     5.8548     6.1056    496.152    35.3955    35.3991 0.0000e+00
   5442.373     130618    500.000    10.6826    10.6884   3.935471   3.936419   48.93967  -16.46522     5.8576     6.1051    495.163    35.3953    35.3993 0.0000e+00
   5444.158     130661    499.000    10.6855    10.6893   3.935729   3.936454   48.93968  -16.46521     5.8656     6.1065    494.174    35.3955    35.3992 0.0000e+00
   5445.617     130696    498.000    10.6870    10.6901   3.935878   3.936501   48.93968  -16.46521     5.8693     6.1171    493.185    35.3960    35.3993 0.0000e+00
   5447.056     130730    497.000    10.6877    10.6903   3.935922   3.936486   48.93968  -16.46522     5.8752     6.1255    492.196    35.3963    35.3995 0.0000e+00
   5448.838     130773    496.000    10.6876    10.6903   3.935897   3.936447   48.93967  -16.46522     5.8785     6.1303    491.207    35.3966    35.3995 0.0000e+00
   5451.392     130834    495.000    10.6866    10.6901   3.935759   3.936392   48.93967  -16.46523     5.8761     6.1261    490.217    35.3966    35.3996 0.0000e+00
   5454.265     130903    494.000    10.6866    10.6895   3.935688   3.936283   48.93968  -16.46522     5.8738     6.1224    489.228    35.3963    35.3995 0.0000e+00
   5456.142     130948    493.000    10.6879    10.6917   3.935737   3.936365   48.93968  -16.46521     5.8791     6.1232    488.239    35.3960    35.3987 0.0000e+00
   5457.382     130978    492.000    10.6899    10.6948   3.935867   3.936605   48.93968  -16.46521     5.8904     6.1377    487.250    35.3959    35.3985 0.0000e+00
   5458.632     131008    491.000    10.6912    10.6971   3.936002   3.936872   48.93968  -16.46522     5.9050     6.1507    486.261    35.3963    35.3994 0.0000e+00
   5460.525     131054    490.000    10.6912    10.6981   3.935991   3.936995   48.93968  -16.46523     5.9093     6.1607    485.272    35.3967    35.4001 0.0000e+00
   5462.751     131107    489.000    10.6917    10.6984   3.935991   3.937004   48.93968  -16.46522     5.9085     6.1643    484.282    35.3967    35.4004 0.0000e+00
   5464.600     131151    488.000    10.6921    10.6988   3.935988   3.936996   48.93968  -16.46521     5.9103     6.1670    483.293    35.3967    35.4003 0.0000e+00
   5466.606     131200    487.000    10.6935    10.7008   3.936074   3.937107   48.93968  -16.46522     5.9118     6.1702    482.304    35.3967    35.4000 0.0000e+00
   5468.597     131247    486.000    10.6964    10.7045   3.936310   3.937487   48.93968  -16.46523     5.9162     6.1796    481.315    35.3967    35.4007 0.0000e+00
   5471.079     131307    485.000    10.6965    10.7073   3.936369   3.937773   48.93968  -16.46523     5.9221     6.1854    480.326    35.3976    35.4013 0.0000e+00
   5473.851     131373    484.000    10.6993    10.7093   3.936506   3.937991   48.93968  -16.46522     5.9213     6.1885    479.336    35.3967    35.4020 0.0000e+00
   5475.380     131410    483.000    10.7054    10.7115   3.937048   3.938047   48.93968  -16.46522     5.9323     6.1869    478.347    35.3967    35.4009 0.0000e+00
