Data_example/SBE_Data_Processed/DY130/SeaBird/Data/Processed/DY130_012cfaldb.cnv
* Sea-Bird SBE 9 Data File:
* FileName = C:\Users\sandm\Documents\Cruises\DY130\Data\Raw Data\DY130_012.hex
* Software Version Seasave V 7.26.7.121
* Temperature SN = 03P-5494
* Conductivity SN = 04C-3768
* Number of Bytes Per Scan = 45
* Number of Voltage Words = 4
* Number of Scans Averaged by the Deck Unit = 1
* NMEA Latitude = 48 57.73 N
* NMEA Longitude = 016 27.37 W
* NMEA UTC (Time) = Apr 09 2021  08:23:20
* NMEA baud rate = 9600
** Ship: RRS Discovery
** Cruise: DY130
** Cast: DY130_012
** Station: 071
** Julian Day: 099
** Date: 09/04/2021
** Time (GMT): 08:23
** Latitude: 48 57.72 N
** Longitude: 16 27.37 W
** Depth (uncorrected m): 4808
** Principal Scientist: Sue Hart
** Operator: BP/PH
# nquan = 15
# nvalues = 409                         
# units = specified
# name 0 = timeS: Time, Elapsed [seconds]
# name 1 = scan: Scan Count
# name 2 = prDM: Pressure, Digiquartz [db]
# name 3 = t090C: Temperature [ITS-90, deg C]
# name 4 = t190C: Temperature, 2 [ITS-90, deg C]
# name 5 = c0S/m: Conductivity [S/m]
# name 6 = c1S/m: Conductivity, 2 [S/m]
# name 7 = latitude: Latitude [deg]
# name 8 = longitude: Longitude [deg]
# name 9 = sbeox0ML/L: Oxygen, SBE 43 [ml/l]
# name 10 = sbeox1ML/L: Oxygen, SBE 43, 2 [ml/l]
# name 11 = depSM: Depth [salt water, m], lat = 48.9622
# name 12 = sal00: Salinity, Practical [PSU]
# name 13 = sal11: Salinity, Practical, 2 [PSU]
# name 14 = flag: flag
# span 0 =    362.597,   3111.437       
# span 1 =       8703,      74675       
# span 2 =      1.000,    206.000       
# span 3 =    11.5298,    12.1081       
# span 4 =    11.5288,    12.1089       
# span 5 =   2.771155,   4.070396       
# span 6 =   1.967552,   4.070859       
# span 7 =   48.90511,   48.96214       
# span 8 =  -16.45623,  -16.43705       
# span 9 =     4.6924,     6.5849       
# span 10 =     4.9191,     7.0879      
# span 11 =      0.991,    204.151      
# span 12 =    23.2747,    35.5840      
# span 13 =    15.9356,    35.5874      
# span 14 = 0.0000e+00, 0.0000e+00      
# interval = decibars: 1                
# start_time = Apr 09 2021 08:23:21 [NMEA time, first data scan]
# bad_flag = -9.990e-29
*END*
[from data line 193]
    982.984      23593    196.000    11.5446    11.5405   4.016643   4.016698   48.96211  -16.45621     5.9109     6.1262    194.246    35.5100    35.5145 0.0000e+00
    984.737      23635    197.000    11.5486    11.5365   4.017086   4.016287   48.96211  -16.45621     5.9050     6.1271    195.236    35.5102    35.5139 0.0000e+00
    987.025      23690    198.000    11.5392    11.5322   4.016421   4.015751   48.96211  -16.45622     5.8985     6.1204    196.227    35.5122    35.5122 0.0000e+00
    988.729      23731    199.000    11.5315    11.5315   4.015341   4.015630   48.96211  -16.45623     5.9050     6.1219    197.218    35.5085    35.5113 0.0000e+00
    989.948      23760    200.000    11.5335    11.5355   4.015389   4.015926   48.96210  -16.45623     5.9076     6.1205    198.208    35.5065    35.5099 0.0000e+00
    991.075      23787    201.000    11.5402    11.5460   4.016136   4.016990   48.96210  -16.45623     5.9060     6.1104    199.199    35.5071    35.5099 0.0000e+00
    992.429      23819    202.000    11.5406    11.5553   4.016652   4.018495   48.96209  -16.45623     5.8962     6.0857    200.189    35.5113    35.5155 0.0000e+00
    994.652      23873    203.000    11.5403    11.5566   4.016414   4.019053   48.96210  -16.45623     5.8996     6.0656    201.180    35.5088    35.5193 0.0000e+00
    996.824      23925    204.000    11.5499    11.5514   4.017704   4.018497   48.96211  -16.45623     5.8809     6.0690    202.170    35.5119    35.5183 0.0000e+00
    998.337      23961    205.000    11.5482    11.5484   4.017846   4.018355   48.96210  -16.45623     5.8470     6.0569    203.161    35.5145    35.5194 0.0000e+00
   1120.432      26891    206.000    11.5419    11.5426   4.017079   4.017569   48.96209  -16.45623     5.8293     6.0389    204.151    35.5125    35.5167 0.0000e+00
   1248.455      29964    205.000    11.5424    11.5444   4.017075   4.017648   48.96207  -16.45622     5.8367     6.0464    203.161    35.5124    35.5162 0.0000e+00
   1249.087      29979    204.000    11.5451    11.5457   4.017303   4.017789   48.96208  -16.45621     5.8425     6.0530    202.170    35.5125    35.5168 0.0000e+00
   1250.625      30016    203.000    11.5459    11.5419   4.017404   4.017427   48.96209  -16.45621     5.8536     6.0712    201.180    35.5133    35.5173 0.0000e+00
   1252.290      30056    202.000    11.5444    11.5347   4.017202   4.016484   48.96210  -16.45622     5.8612     6.0968    200.189    35.5131    35.5154 0.0000e+00
   1254.408      30107    201.000    11.5417    11.5292   4.016866   4.015554   48.96210  -16.45622     5.8634     6.1317    199.199    35.5129    35.5118 0.0000e+00
   1256.345      30153    200.000    11.5366    11.5288   4.016210   4.015290   48.96209  -16.45621     5.8792     6.1465    198.208    35.5117    35.5101 0.0000e+00
   1257.796      30188    199.000    11.5318    11.5302   4.015536   4.015355   48.96209  -16.45621     5.8986     6.1419    197.218    35.5101    35.5098 0.0000e+00
   1259.109      30220    198.000    11.5298    11.5323   4.015061   4.015495   48.96208  -16.45621     5.9202     6.1350    196.227    35.5078    35.5096 0.0000e+00
   1260.423      30251    197.000    11.5298    11.5369   4.014935   4.015874   48.96207  -16.45622     5.9273     6.1321    195.236    35.5069    35.5094 0.0000e+00
   1261.817      30285    196.000    11.5312    11.5464   4.014990   4.016717   48.96207  -16.45622     5.9222     6.1276    194.246    35.5066    35.5091 0.0000e+00
   1263.446      30324    195.000    11.5337    11.5663   4.015208   4.018888   48.96208  -16.45622     5.9151     6.1075    193.255    35.5068    35.5119 0.0000e+00
   1265.276      30368    194.000    11.5429    11.5788   4.015943   4.020746   48.96209  -16.45621     5.9050     6.0748    192.265    35.5057    35.5187 0.0000e+00
   1266.944      30408    193.000    11.5608    11.5828   4.017886   4.021318   48.96209  -16.45621     5.8920     6.0615    191.274    35.5082    35.5210 0.0000e+00
   1268.523      30446    192.000    11.5711    11.5835   4.019378   4.021427   48.96209  -16.45621     5.8748     6.0562    190.284    35.5134    35.5218 0.0000e+00
   1270.295      30488    191.000    11.5734    11.5834   4.019836   4.021371   48.96209  -16.45621     5.8640     6.0546    189.293    35.5162    35.5218 0.0000e+00
   1272.388      30538    190.000    11.5709    11.5839   4.019454   4.021373   48.96208  -16.45621     5.8604     6.0513    188.302    35.5154    35.5218 0.0000e+00
   1274.212      30582    189.000    11.5780    11.5854   4.020092   4.021432   48.96207  -16.45621     5.8636     6.0488    187.312    35.5152    35.5214 0.0000e+00
   1275.536      30614    188.000    11.5821    11.5871   4.020587   4.021543   48.96207  -16.45621     5.8582     6.0391    186.321    35.5166    35.5213 0.0000e+00
   1276.719      30642    187.000    11.5841    11.5877   4.020802   4.021586   48.96207  -16.45621     5.8475     6.0340    185.330    35.5173    35.5216 0.0000e+00
   1278.007      30673    186.000    11.5852    11.5879   4.020898   4.021574   48.96209  -16.45621     5.8375     6.0352    184.340    35.5176    35.5217 0.0000e+00
   1279.623      30712    185.000    11.5856    11.5878   4.020911   4.021533   48.96209  -16.45621     5.8301     6.0345    183.349    35.5178    35.5218 0.0000e+00
   1281.506      30757    184.000    11.5856    11.5871   4.020873   4.021423   48.96210  -16.45621     5.8259     6.0354    182.359    35.5179    35.5219 0.0000e+00
   1283.284      30800    183.000    11.5855    11.5859   4.020820   4.021246   48.96210  -16.45621     5.8277     6.0395    181.368    35.5179    35.5217 0.0000e+00
   1284.959      30840    182.000    11.5853    11.5839   4.020745   4.020974   48.96211  -16.45621     5.8288     6.0417    180.377    35.5179    35.5214 0.0000e+00
   1286.701      30882    181.000    11.5847    11.5823   4.020624   4.020676   48.96209  -16.45621     5.8341     6.0443    179.387    35.5177    35.5204 0.0000e+00
   1288.446      30924    180.000    11.5836    11.5849   4.020455   4.020679   48.96208  -16.45622     5.8358     6.0432    178.396    35.5175    35.5184 0.0000e+00
   1289.997      30961    179.000    11.5836    11.5913   4.020275   4.021227   48.96207  -16.45622     5.8318     6.0313    177.405    35.5162    35.5181 0.0000e+00
   1291.373      30994    178.000    11.5859    11.5955   4.020378   4.021706   48.96208  -16.45621     5.8304     6.0160    176.415    35.5154    35.5194 0.0000e+00
   1292.716      31026    177.000    11.5893    11.5971   4.020643   4.021898   48.96209  -16.45621     5.8213     6.0040    175.424    35.5152    35.5201 0.0000e+00
   1294.123      31060    176.000    11.5924    11.5968   4.020953   4.021860   48.96210  -16.45621     5.8090     5.9950    174.433    35.5158    35.5205 0.0000e+00
   1295.632      31096    175.000    11.5937    11.5951   4.021115   4.021620   48.96211  -16.45621     5.8034     5.9890    173.443    35.5165    35.5202 0.0000e+00
   1297.464      31140    174.000    11.5924    11.5936   4.021005   4.021348   48.96211  -16.45621     5.8022     5.9898    172.452    35.5171    35.5193 0.0000e+00
   1299.916      31199    173.000    11.5908    11.5925   4.020739   4.021176   48.96209  -16.45621     5.8110     5.9914    171.461    35.5165    35.5192 0.0000e+00
   1301.809      31244    172.000    11.5904    11.5910   4.020620   4.020954   48.96208  -16.45621     5.8083     5.9892    170.471    35.5162    35.5189 0.0000e+00
   1303.122      31276    171.000    11.5869    11.5866   4.020168   4.020561   48.96207  -16.45622     5.7985     5.9920    169.480    35.5155    35.5196 0.0000e+00
   1304.324      31305    170.000    11.5832    11.5811   4.019606   4.019734   48.96207  -16.45622     5.7897     5.9979    168.489    35.5139    35.5173 0.0000e+00
   1305.560      31334    169.000    11.5804    11.5783   4.019136   4.019110   48.96208  -16.45622     5.7872     6.0043    167.498    35.5124    35.5142 0.0000e+00
   1306.868      31366    168.000    11.5783    11.5784   4.018768   4.018910   48.96209  -16.45622     5.7905     6.0095    166.508    35.5112    35.5126 0.0000e+00
   1308.250      31399    167.000    11.5772    11.5800   4.018492   4.018949   48.96209  -16.45621     5.7961     6.0136    165.517    35.5100    35.5119 0.0000e+00
   1309.713      31434    166.000    11.5772    11.5856   4.018369   4.019318   48.96209  -16.45621     5.8002     6.0173    164.526    35.5092    35.5106 0.0000e+00
   1311.134      31468    165.000    11.5790    11.5997   4.018408   4.020490   48.96209  -16.45621     5.8020     6.0202    163.536    35.5084    35.5091 0.0000e+00
   1312.413      31499    164.000    11.5845    11.6172   4.018766   4.022397   48.96209  -16.45621     5.8058     6.0269    162.545    35.5071    35.5115 0.0000e+00
   1313.590      31527    163.000    11.5957    11.6309   4.019702   4.024066   48.96209  -16.45621     5.8122     6.0327    161.554    35.5061    35.5153 0.0000e+00
   1314.748      31555    162.000    11.6082    11.6429   4.021142   4.025416   48.96209  -16.45621     5.8193     6.0354    160.563    35.5087    35.5176 0.0000e+00
   1315.928      31583    161.000    11.6199    11.6536   4.022425   4.026705   48.96209  -16.45621     5.8249     6.0305    159.573    35.5106    35.5205 0.0000e+00
   1317.121      31612    160.000    11.6335    11.6611   4.023870   4.027637   48.96208  -16.45621     5.8265     6.0203    158.582    35.5123    35.5230 0.0000e+00
   1318.301      31640    159.000    11.6451    11.6663   4.025283   4.028253   48.96208  -16.45621     5.8188     6.0094    157.591    35.5156    35.5245 0.0000e+00
   1319.462      31668    158.000    11.6532    11.6700   4.026296   4.028663   48.96208  -16.45621     5.8099     6.0005    156.600    35.5182    35.5255 0.0000e+00
   1320.603      31695    157.000    11.6586    11.6739   4.026940   4.028987   48.96209  -16.45621     5.8056     5.9941    155.610    35.5198    35.5254 0.0000e+00
   1321.690      31722    156.000    11.6640    11.6776   4.027454   4.029367   48.96209  -16.45621     5.8010     5.9873    154.619    35.5202    35.5260 0.0000e+00
   1322.708      31746    155.000    11.6689    11.6791   4.027967   4.029557   48.96210  -16.45621     5.7966     5.9810    153.628    35.5210    35.5269 0.0000e+00
   1323.707      31770    154.000    11.6715    11.6799   4.028316   4.029608   48.96210  -16.45621     5.7898     5.9804    152.637    35.5223    35.5271 0.0000e+00
   1324.799      31796    153.000    11.6719    11.6809   4.028420   4.029680   48.96211  -16.45621     5.7851     5.9832    151.647    35.5235    35.5273 0.0000e+00
   1326.213      31830    152.000    11.6695    11.6822   4.028158   4.029790   48.96211  -16.45621     5.7862     5.9869    150.656    35.5237    35.5276 0.0000e+00
   1328.070      31875    151.000    11.6703    11.6847   4.028075   4.030052   48.96210  -16.45621     5.7868     5.9876    149.665    35.5225    35.5281 0.0000e+00
   1329.667      31913    150.000    11.6780    11.6861   4.028619   4.030150   48.96209  -16.45621     5.7873     5.9882    148.674    35.5210    35.5283 0.0000e+00
   1330.853      31941    149.000    11.6895    11.6945   4.029672   4.030615   48.96209  -16.45621     5.7840     5.9888    147.683    35.5207    35.5252 0.0000e+00
   1331.895      31966    148.000    11.6992    11.7056   4.030821   4.031789   48.96209  -16.45622     5.7833     5.9880    146.692    35.5232    35.5266 0.0000e+00
   1332.917      31991    147.000    11.7053    11.7141   4.031610   4.032814   48.96209  -16.45622     5.7838     5.9865    145.702    35.5256    35.5290 0.0000e+00
   1333.984      32017    146.000    11.7094    11.7223   4.032113   4.033718   48.96209  -16.45623     5.7811     5.9861    144.711    35.5270    35.5305 0.0000e+00
   1335.119      32044    145.000    11.7136    11.7312   4.032521   4.034660   48.96209  -16.45623     5.7803     5.9867    143.720    35.5274    35.5317 0.0000e+00
   1336.298      32072    144.000    11.7188    11.7427   4.033069   4.035803   48.96209  -16.45622     5.7844     5.9953    142.729    35.5284    35.5324 0.0000e+00
   1337.487      32101    143.000    11.7246    11.7541   4.033649   4.037174   48.96209  -16.45622     5.7866     6.0073    141.738    35.5290    35.5355 0.0000e+00
   1338.687      32129    142.000    11.7325    11.7611   4.034455   4.038095   48.96209  -16.45621     5.7892     6.0176    140.748    35.5298    35.5383 0.0000e+00
   1339.961      32160    141.000    11.7406    11.7656   4.035394   4.038705   48.96209  -16.45621     5.7942     6.0219    139.757    35.5317    35.5404 0.0000e+00
   1341.329      32193    140.000    11.7475    11.7681   4.036144   4.039021   48.96209  -16.45621     5.8006     6.0216    138.766    35.5329    35.5416 0.0000e+00
   1342.657      32225    139.000    11.7559    11.7701   4.036992   4.039216   48.96209  -16.45621     5.8023     6.0201    137.775    35.5337    35.5420 0.0000e+00
   1343.839      32253    138.000    11.7626    11.7718   4.037786   4.039385   48.96209  -16.45621     5.8056     6.0213    136.784    35.5355    35.5425 0.0000e+00
   1344.957      32280    137.000    11.7659    11.7730   4.038260   4.039492   48.96209  -16.45622     5.8107     6.0233    135.793    35.5374    35.5428 0.0000e+00
   1346.125      32308    136.000    11.7677    11.7741   4.038480   4.039597   48.96209  -16.45622     5.8148     6.0250    134.802    35.5384    35.5432 0.0000e+00
   1347.420      32339    135.000    11.7689    11.7751   4.038597   4.039667   48.96208  -16.45622     5.8164     6.0261    133.812    35.5388    35.5435 0.0000e+00
   1348.782      32372    134.000    11.7707    11.7760   4.038728   4.039735   48.96207  -16.45622     5.8174     6.0271    132.821    35.5389    35.5436 0.0000e+00
   1350.007      32401    133.000    11.7725    11.7765   4.038890   4.039752   48.96207  -16.45621     5.8174     6.0263    131.830    35.5391    35.5438 0.0000e+00
   1351.045      32426    132.000    11.7737    11.7766   4.039000   4.039713   48.96208  -16.45621     5.8163     6.0243    130.839    35.5395    35.5438 0.0000e+00
   1351.963      32448    131.000    11.7741    11.7763   4.039024   4.039624   48.96209  -16.45621     5.8176     6.0278    129.848    35.5398    35.5436 0.0000e+00
   1352.840      32469    130.000    11.7742    11.7764   4.038983   4.039564   48.96209  -16.45621     5.8223     6.0345    128.857    35.5398    35.5433 0.0000e+00
   1353.770      32491    129.000    11.7741    11.7764   4.038925   4.039537   48.96210  -16.45621     5.8299     6.0381    127.866    35.5397    35.5436 0.0000e+00
   1354.989      32521    128.000    11.7738    11.7762   4.038859   4.039486   48.96211  -16.45621     5.8320     6.0368    126.875    35.5398    35.5437 0.0000e+00
   1357.229      32575    127.000    11.7727    11.7756   4.038734   4.039391   48.96209  -16.45621     5.8193     6.0313    125.884    35.5401    35.5438 0.0000e+00
   1359.193      32622    126.000    11.7700    11.7731   4.038447   4.039133   48.96207  -16.45621     5.8218     6.0344    124.894    35.5403    35.5441 0.0000e+00
   1360.222      32646    125.000    11.7639    11.7684   4.037870   4.038659   48.96207  -16.45621     5.8332     6.0394    123.903    35.5409    35.5444 0.0000e+00
   1361.084      32667    124.000    11.7544    11.7634   4.036750   4.037847   48.96207  -16.45622     5.8437     6.0451    122.912    35.5394    35.5416 0.0000e+00
   1361.907      32687    123.000    11.7504    11.7675   4.035671   4.037505   48.96207  -16.45622     5.8573     6.0545    121.921    35.5330    35.5348 0.0000e+00
   1362.769      32707    122.000    11.7528    11.7762   4.035513   4.038228   48.96207  -16.45622     5.8709     6.0617    120.930    35.5297    35.5340 0.0000e+00
   1363.753      32731    121.000    11.7588    11.7869   4.036017   4.039520   48.96208  -16.45623     5.8759     6.0586    119.939    35.5294    35.5369 0.0000e+00
