Data_example/SBE_Data_Processed/DY130/SeaBird/Data/Processed/DY130_013cfaldb.cnv
* Sea-Bird SBE 9 Data File:
* FileName = C:\Users\sandm\Documents\Cruises\DY130\Data\Raw Data\DY130_013.hex
* Software Version Seasave V 7.26.7.121
* Temperature SN = 03P-5494
* Conductivity SN = 04C-3768
* Number of Bytes Per Scan = 45
* Number of Voltage Words = 4
* Number of Scans Averaged by the Deck Unit = 1
* NMEA Latitude = 48 59.96 N
* NMEA Longitude = 016 29.99 W
* NMEA UTC (Time) = Apr 10 2021  09:45:21
* NMEA baud rate = 9600
** Ship: RRS Discovery
** Cruise: DY130
** Cast: 013
** Station: 076
** Julian Day: 100
** Date: 10/04/2021
** Time (GMT): 09:45
** Latitude: 28 59.96N
** Longitude: 16 29.99W
** Depth (uncorrected m): 4808
** Principal Scientist: Sue Hart
** Operator: BP/PH
# nquan = 15
# nvalues = 8160                        
# units = specified
# name 0 = timeS: Time, Elapsed [seconds]
# name 1 = scan: Scan Count
# name 2 = prDM: Pressure, Digiquartz [db]
# name 3 = t090C: Temperature [ITS-90, deg C]
# name 4 = t190C: Temperature, 2 [ITS-90, deg C]
# name 5 = c0S/m: Conductivity [S/m]
# name 6 = c1S/m: Conductivity, 2 [S/m]
# name 7 = latitude: Latitude [deg]
# name 8 = longitude: Longitude [deg]
# name 9 = sbeox0ML/L: Oxygen, SBE 43 [ml/l]
# name 10 = sbeox1ML/L: Oxygen, SBE 43, 2 [ml/l]
# name 11 = depSM: Depth [salt water, m], lat = 48.9993
# name 12 = sal00: Salinity, Practical [PSU]
# name 13 = sal11: Salinity, Practical, 2 [PSU]
# name 14 = flag: flag
# span 0 =    375.623,  10384.763       
# span 1 =       9016,     249235       
# span 2 =      2.000,   4082.000       
# span 3 =     2.5368,    11.8583       
# span 4 =     2.5387,    11.9463       
# span 5 =   2.927565,   4.047052       
# span 6 =   3.237691,   4.078403       
# span 7 =   48.99936,   49.02516       
# span 8 =  -16.50858,  -16.49984       
# span 9 =     4.3972,     6.4282       
# span 10 =     4.5633,     6.9182      
# span 11 =      1.983,   4008.844      
# span 12 =    25.1286,    35.5784      
# span 13 =    27.9531,    35.8882      
# span 14 = 0.0000e+00, 0.0000e+00      
# interval = decibars: 1                
# start_time = Apr 10 2021 09:45:21 [NMEA time, first data scan]
# bad_flag = -9.990e-29
*END*
[from data line 5976]
   8084.915     194039   2186.000     3.5019     3.5060   3.299066   3.299696   48.99937  -16.49988     6.1469     6.4194   2156.205    34.9316    34.9347 0.0000e+00
   8085.856     194062   2185.000     3.5028     3.5068   3.299099   3.299739   48.99937  -16.49988     6.1479     6.4209   2155.224    34.9315    34.9348 0.0000e+00
   8086.707     194082   2184.000     3.5038     3.5074   3.299138   3.299760   48.99937  -16.49989     6.1494     6.4190   2154.243    34.9314    34.9349 0.0000e+00
   8087.487     194101   2183.000     3.5046     3.5081   3.299181   3.299772   48.99937  -16.49989     6.1485     6.4160   2153.262    34.9315    34.9348 0.0000e+00
   8088.240     194119   2182.000     3.5052     3.5090   3.299210   3.299805   48.99937  -16.49989     6.1470     6.4149   2152.280    34.9317    34.9347 0.0000e+00
   8089.010     194137   2181.000     3.5058     3.5097   3.299230   3.299846   48.99937  -16.49989     6.1465     6.4157   2151.299    34.9317    34.9350 0.0000e+00
   8089.858     194158   2180.000     3.5063     3.5101   3.299246   3.299873   48.99937  -16.49989     6.1466     6.4160   2150.317    34.9319    34.9353 0.0000e+00
   8090.897     194183   2179.000     3.5063     3.5104   3.299234   3.299878   48.99937  -16.49989     6.1466     6.4161   2149.336    34.9322    34.9355 0.0000e+00
   8092.271     194216   2178.000     3.5058     3.5111   3.299148   3.299886   48.99938  -16.49988     6.1472     6.4145   2148.355    34.9322    34.9354 0.0000e+00
   8093.675     194249   2177.000     3.5065     3.5130   3.299144   3.299971   48.99939  -16.49988     6.1448     6.4123   2147.373    34.9319    34.9348 0.0000e+00
   8094.717     194274   2176.000     3.5080     3.5157   3.299206   3.300125   48.99939  -16.49988     6.1443     6.4140   2146.392    34.9315    34.9343 0.0000e+00
   8095.567     194295   2175.000     3.5101     3.5181   3.299321   3.300307   48.99939  -16.49989     6.1442     6.4174   2145.411    34.9312    34.9344 0.0000e+00
   8096.337     194313   2174.000     3.5124     3.5202   3.299473   3.300453   48.99938  -16.49989     6.1453     6.4166   2144.429    34.9310    34.9343 0.0000e+00
   8097.090     194331   2173.000     3.5147     3.5220   3.299644   3.300598   48.99938  -16.49989     6.1465     6.4144   2143.448    34.9311    34.9347 0.0000e+00
   8097.869     194350   2172.000     3.5162     3.5232   3.299794   3.300700   48.99938  -16.49989     6.1469     6.4142   2142.466    34.9317    34.9351 0.0000e+00
   8098.731     194371   2171.000     3.5165     3.5241   3.299850   3.300769   48.99937  -16.49989     6.1473     6.4160   2141.485    34.9325    34.9354 0.0000e+00
   8099.748     194395   2170.000     3.5159     3.5251   3.299768   3.300826   48.99937  -16.49989     6.1467     6.4171   2140.504    34.9327    34.9355 0.0000e+00
   8100.893     194422   2169.000     3.5177     3.5266   3.299794   3.300899   48.99937  -16.49989     6.1454     6.4146   2139.522    34.9316    34.9353 0.0000e+00
   8101.977     194448   2168.000     3.5203     3.5288   3.299982   3.301032   48.99938  -16.49989     6.1451     6.4105   2138.541    34.9315    34.9350 0.0000e+00
   8102.927     194471   2167.000     3.5230     3.5304   3.300162   3.301156   48.99938  -16.49989     6.1459     6.4095   2137.559    34.9312    34.9353 0.0000e+00
   8103.797     194492   2166.000     3.5254     3.5318   3.300354   3.301236   48.99939  -16.49989     6.1461     6.4086   2136.578    34.9315    34.9352 0.0000e+00
   8104.650     194513   2165.000     3.5273     3.5334   3.300506   3.301326   48.99939  -16.49989     6.1453     6.4074   2135.596    34.9317    34.9350 0.0000e+00
   8105.524     194534   2164.000     3.5290     3.5356   3.300629   3.301455   48.99939  -16.49989     6.1454     6.4075   2134.615    34.9319    34.9347 0.0000e+00
   8106.433     194555   2163.000     3.5308     3.5379   3.300739   3.301623   48.99938  -16.49989     6.1448     6.4079   2133.634    34.9318    34.9347 0.0000e+00
   8107.362     194578   2162.000     3.5330     3.5399   3.300877   3.301778   48.99938  -16.49989     6.1442     6.4096   2132.652    34.9316    34.9350 0.0000e+00
   8108.291     194600   2161.000     3.5352     3.5414   3.301042   3.301889   48.99937  -16.49989     6.1446     6.4144   2131.671    34.9317    34.9352 0.0000e+00
   8109.237     194623   2160.000     3.5369     3.5425   3.301174   3.301968   48.99937  -16.49988     6.1446     6.4161   2130.689    34.9320    34.9354 0.0000e+00
   8110.252     194647   2159.000     3.5380     3.5430   3.301258   3.302007   48.99937  -16.49988     6.1436     6.4139   2129.708    34.9322    34.9358 0.0000e+00
   8111.399     194675   2158.000     3.5388     3.5433   3.301304   3.302012   48.99937  -16.49987     6.1407     6.4134   2128.726    34.9324    34.9360 0.0000e+00
   8112.614     194704   2157.000     3.5393     3.5437   3.301317   3.302000   48.99937  -16.49987     6.1401     6.4138   2127.745    34.9325    34.9359 0.0000e+00
   8113.703     194730   2156.000     3.5400     3.5446   3.301320   3.302009   48.99937  -16.49988     6.1416     6.4137   2126.763    34.9323    34.9355 0.0000e+00
   8114.625     194752   2155.000     3.5412     3.5462   3.301363   3.302061   48.99937  -16.49988     6.1431     6.4135   2125.782    34.9320    34.9350 0.0000e+00
   8115.443     194772   2154.000     3.5424     3.5479   3.301426   3.302167   48.99937  -16.49989     6.1432     6.4128   2124.801    34.9319    34.9349 0.0000e+00
   8116.219     194790   2153.000     3.5437     3.5492   3.301501   3.302263   48.99937  -16.49989     6.1431     6.4116   2123.819    34.9319    34.9351 0.0000e+00
   8117.012     194809   2152.000     3.5449     3.5501   3.301578   3.302319   48.99937  -16.49988     6.1433     6.4126   2122.838    34.9320    34.9353 0.0000e+00
   8117.886     194830   2151.000     3.5454     3.5512   3.301627   3.302369   48.99937  -16.49988     6.1437     6.4161   2121.856    34.9325    34.9353 0.0000e+00
   8118.937     194855   2150.000     3.5451     3.5525   3.301591   3.302454   48.99937  -16.49988     6.1433     6.4189   2120.875    34.9330    34.9354 0.0000e+00
   8120.157     194885   2149.000     3.5455     3.5537   3.301528   3.302532   48.99937  -16.49987     6.1441     6.4160   2119.893    34.9323    34.9355 0.0000e+00
   8121.277     194912   2148.000     3.5474     3.5545   3.301628   3.302565   48.99937  -16.49987     6.1456     6.4155   2118.912    34.9319    34.9355 0.0000e+00
   8122.231     194935   2147.000     3.5494     3.5552   3.301751   3.302581   48.99937  -16.49987     6.1447     6.4177   2117.930    34.9317    34.9354 0.0000e+00
   8123.117     194956   2146.000     3.5508     3.5562   3.301855   3.302612   48.99937  -16.49987     6.1451     6.4183   2116.949    34.9320    34.9352 0.0000e+00
   8124.011     194977   2145.000     3.5519     3.5574   3.301924   3.302674   48.99937  -16.49987     6.1470     6.4177   2115.967    34.9320    34.9351 0.0000e+00
   8124.952     195000   2144.000     3.5530     3.5587   3.301984   3.302748   48.99937  -16.49987     6.1474     6.4162   2114.986    34.9321    34.9352 0.0000e+00
   8125.950     195024   2143.000     3.5542     3.5597   3.302041   3.302815   48.99937  -16.49988     6.1468     6.4156   2114.004    34.9320    34.9354 0.0000e+00
   8126.980     195049   2142.000     3.5555     3.5601   3.302107   3.302835   48.99937  -16.49988     6.1451     6.4173   2113.023    34.9319    34.9356 0.0000e+00
   8128.010     195073   2141.000     3.5565     3.5603   3.302172   3.302812   48.99937  -16.49989     6.1437     6.4180   2112.041    34.9320    34.9356 0.0000e+00
   8129.002     195097   2140.000     3.5573     3.5604   3.302209   3.302779   48.99937  -16.49989     6.1434     6.4162   2111.059    34.9321    34.9356 0.0000e+00
   8129.936     195119   2139.000     3.5577     3.5605   3.302213   3.302746   48.99937  -16.49989     6.1439     6.4161   2110.078    34.9322    34.9355 0.0000e+00
   8130.819     195141   2138.000     3.5580     3.5607   3.302200   3.302718   48.99937  -16.49989     6.1460     6.4159   2109.096    34.9322    34.9354 0.0000e+00
   8131.679     195161   2137.000     3.5583     3.5611   3.302181   3.302703   48.99937  -16.49989     6.1472     6.4157   2108.115    34.9322    34.9353 0.0000e+00
   8132.546     195182   2136.000     3.5585     3.5617   3.302160   3.302703   48.99937  -16.49988     6.1468     6.4185   2107.133    34.9322    34.9352 0.0000e+00
   8133.449     195204   2135.000     3.5588     3.5624   3.302143   3.302723   48.99937  -16.49988     6.1457     6.4221   2106.152    34.9321    34.9351 0.0000e+00
   8134.397     195227   2134.000     3.5593     3.5633   3.302135   3.302759   48.99937  -16.49989     6.1448     6.4204   2105.170    34.9320    34.9351 0.0000e+00
   8135.373     195250   2133.000     3.5600     3.5642   3.302145   3.302798   48.99937  -16.49989     6.1457     6.4173   2104.188    34.9318    34.9351 0.0000e+00
   8136.339     195273   2132.000     3.5609     3.5650   3.302181   3.302836   48.99937  -16.49989     6.1476     6.4161   2103.207    34.9318    34.9352 0.0000e+00
   8137.278     195296   2131.000     3.5618     3.5657   3.302224   3.302862   48.99937  -16.49989     6.1478     6.4183   2102.225    34.9318    34.9352 0.0000e+00
   8138.200     195318   2130.000     3.5627     3.5664   3.302264   3.302883   48.99937  -16.49989     6.1468     6.4222   2101.244    34.9318    34.9352 0.0000e+00
   8139.127     195340   2129.000     3.5634     3.5670   3.302293   3.302902   48.99937  -16.49989     6.1474     6.4220   2100.262    34.9319    34.9353 0.0000e+00
   8140.076     195363   2128.000     3.5640     3.5676   3.302311   3.302918   48.99937  -16.49989     6.1482     6.4189   2099.281    34.9319    34.9353 0.0000e+00
   8141.060     195386   2127.000     3.5646     3.5681   3.302328   3.302932   48.99937  -16.49989     6.1489     6.4158   2098.299    34.9320    34.9354 0.0000e+00
   8142.082     195411   2126.000     3.5651     3.5686   3.302342   3.302937   48.99937  -16.49989     6.1495     6.4143   2097.317    34.9320    34.9354 0.0000e+00
   8143.139     195436   2125.000     3.5656     3.5694   3.302351   3.302950   48.99937  -16.49989     6.1482     6.4138   2096.336    34.9321    34.9352 0.0000e+00
   8144.198     195462   2124.000     3.5662     3.5709   3.302357   3.303009   48.99938  -16.49989     6.1453     6.4149   2095.354    34.9320    34.9348 0.0000e+00
   8145.211     195486   2123.000     3.5671     3.5726   3.302373   3.303108   48.99938  -16.49988     6.1453     6.4167   2094.373    34.9318    34.9347 0.0000e+00
   8146.150     195509   2122.000     3.5684     3.5745   3.302429   3.303221   48.99937  -16.49988     6.1455     6.4182   2093.391    34.9315    34.9345 0.0000e+00
   8147.036     195530   2121.000     3.5699     3.5763   3.302511   3.303355   48.99937  -16.49988     6.1456     6.4178   2092.409    34.9314    34.9346 0.0000e+00
   8147.912     195551   2120.000     3.5716     3.5784   3.302618   3.303494   48.99937  -16.49989     6.1456     6.4153   2091.428    34.9314    34.9345 0.0000e+00
   8148.826     195573   2119.000     3.5732     3.5809   3.302741   3.303677   48.99937  -16.49989     6.1442     6.4127   2090.446    34.9316    34.9345 0.0000e+00
   8149.819     195597   2118.000     3.5750     3.5839   3.302862   3.303918   48.99937  -16.49989     6.1436     6.4109   2089.464    34.9316    34.9347 0.0000e+00
   8150.876     195622   2117.000     3.5771     3.5867   3.303008   3.304165   48.99937  -16.49989     6.1433     6.4105   2088.483    34.9315    34.9351 0.0000e+00
   8151.908     195647   2116.000     3.5801     3.5891   3.303213   3.304368   48.99937  -16.49989     6.1447     6.4130   2087.501    34.9313    34.9355 0.0000e+00
   8152.866     195670   2115.000     3.5832     3.5904   3.303463   3.304489   48.99937  -16.49988     6.1474     6.4165   2086.520    34.9315    34.9360 0.0000e+00
   8153.776     195692   2114.000     3.5854     3.5910   3.303671   3.304521   48.99937  -16.49988     6.1460     6.4165   2085.538    34.9321    34.9363 0.0000e+00
   8154.679     195713   2113.000     3.5869     3.5912   3.303796   3.304494   48.99937  -16.49988     6.1433     6.4149   2084.556    34.9325    34.9362 0.0000e+00
   8155.606     195736   2112.000     3.5878     3.5915   3.303859   3.304446   48.99937  -16.49987     6.1421     6.4136   2083.575    34.9327    34.9358 0.0000e+00
   8156.575     195759   2111.000     3.5883     3.5918   3.303865   3.304411   48.99937  -16.49988     6.1426     6.4134   2082.593    34.9327    34.9355 0.0000e+00
   8157.573     195783   2110.000     3.5888     3.5921   3.303853   3.304390   48.99937  -16.49988     6.1437     6.4157   2081.611    34.9325    34.9354 0.0000e+00
   8158.554     195806   2109.000     3.5893     3.5924   3.303837   3.304367   48.99938  -16.49989     6.1455     6.4192   2080.630    34.9323    34.9353 0.0000e+00
   8159.480     195829   2108.000     3.5898     3.5928   3.303822   3.304348   48.99938  -16.49989     6.1467     6.4189   2079.648    34.9321    34.9351 0.0000e+00
   8160.358     195850   2107.000     3.5903     3.5937   3.303811   3.304360   48.99937  -16.49988     6.1469     6.4160   2078.666    34.9319    34.9348 0.0000e+00
   8161.226     195870   2106.000     3.5909     3.5951   3.303813   3.304427   48.99937  -16.49988     6.1463     6.4151   2077.684    34.9318    34.9346 0.0000e+00
   8162.132     195892   2105.000     3.5918     3.5968   3.303843   3.304537   48.99937  -16.49988     6.1470     6.4177   2076.703    34.9317    34.9346 0.0000e+00
   8163.120     195916   2104.000     3.5929     3.5986   3.303901   3.304682   48.99938  -16.49987     6.1497     6.4208   2075.721    34.9316    34.9349 0.0000e+00
   8164.197     195942   2103.000     3.5941     3.5997   3.303976   3.304782   48.99938  -16.49988     6.1507     6.4187   2074.739    34.9317    34.9353 0.0000e+00
   8165.284     195968   2102.000     3.5953     3.6006   3.304052   3.304830   48.99938  -16.49988     6.1510     6.4150   2073.758    34.9319    34.9355 0.0000e+00
   8166.296     195992   2101.000     3.5963     3.6013   3.304111   3.304855   48.99939  -16.49988     6.1509     6.4133   2072.776    34.9320    34.9355 0.0000e+00
   8167.233     196015   2100.000     3.5971     3.6023   3.304149   3.304882   48.99938  -16.49988     6.1488     6.4134   2071.794    34.9320    34.9352 0.0000e+00
   8168.135     196036   2099.000     3.5983     3.6041   3.304197   3.304971   48.99938  -16.49987     6.1470     6.4150   2070.813    34.9319    34.9348 0.0000e+00
   8169.037     196058   2098.000     3.5998     3.6057   3.304281   3.305114   48.99937  -16.49988     6.1468     6.4186   2069.831    34.9317    34.9353 0.0000e+00
   8169.960     196080   2097.000     3.6015     3.6066   3.304402   3.305189   48.99937  -16.49988     6.1479     6.4196   2068.849    34.9318    34.9357 0.0000e+00
   8170.919     196103   2096.000     3.6030     3.6073   3.304514   3.305226   48.99937  -16.49989     6.1506     6.4161   2067.867    34.9320    34.9359 0.0000e+00
   8171.924     196127   2095.000     3.6041     3.6079   3.304598   3.305241   48.99937  -16.49989     6.1502     6.4131   2066.886    34.9323    34.9360 0.0000e+00
   8172.969     196152   2094.000     3.6049     3.6084   3.304641   3.305248   48.99937  -16.49988     6.1483     6.4117   2065.904    34.9325    34.9360 0.0000e+00
   8174.011     196177   2093.000     3.6056     3.6091   3.304674   3.305262   48.99937  -16.49988     6.1477     6.4128   2064.922    34.9326    34.9359 0.0000e+00
   8174.996     196201   2092.000     3.6064     3.6100   3.304700   3.305293   48.99938  -16.49988     6.1458     6.4164   2063.940    34.9326    34.9357 0.0000e+00
   8175.914     196223   2091.000     3.6072     3.6112   3.304732   3.305353   48.99939  -16.49988     6.1430     6.4173   2062.959    34.9326    34.9357 0.0000e+00
