Data_example/SBE_Data_Processed/DY130/SeaBird/Data/Processed/DY130_012cfaldb.cnv
* Sea-Bird SBE 9 Data File:
* FileName = C:\Users\sandm\Documents\Cruises\DY130\Data\Raw Data\DY130_012.hex
* Software Version Seasave V 7.26.7.121
* Temperature SN = 03P-5494
* Conductivity SN = 04C-3768
* Number of Bytes Per Scan = 45
* Number of Voltage Words = 4
* Number of Scans Averaged by the Deck Unit = 1
* NMEA Latitude = 48 57.73 N
* NMEA Longitude = 016 27.37 W
* NMEA UTC (Time) = Apr 09 2021  08:23:20
* NMEA baud rate = 9600
** Ship: RRS Discovery
** Cruise: DY130
** Cast: DY130_012
** Station: 071
** Julian Day: 099
** Date: 09/04/2021
** Time (GMT): 08:23
** Latitude: 48 57.72 N
** Longitude: 16 27.37 W
** Depth (uncorrected m): 4808
** Principal Scientist: Sue Hart
** Operator: BP/PH
# nquan = 15
# nvalues = 409                         
# units = specified
# name 0 = timeS: Time, Elapsed [seconds]
# name 1 = scan: Scan Count
# name 2 = prDM: Pressure, Digiquartz [db]
# name 3 = t090C: Temperature [ITS-90, deg C]
# name 4 = t190C: Temperature, 2 [ITS-90, deg C]
# name 5 = c0S/m: Conductivity [S/m]
# name 6 = c1S/m: Conductivity, 2 [S/m]
# name 7 = latitude: Latitude [deg]
# name 8 = longitude: Longitude [deg]
# name 9 = sbeox0ML/L: Oxygen, SBE 43 [ml/l]
# name 10 = sbeox1ML/L: Oxygen, SBE 43, 2 [ml/l]
# name 11 = depSM: Depth [salt water, m], lat = 48.9622
# name 12 = sal00: Salinity, Practical [PSU]
# name 13 = sal11: Salinity, Practical, 2 [PSU]
# name 14 = flag: flag
# span 0 =    362.597,   3111.437       
# span 1 =       8703,      74675       
# span 2 =      1.000,    206.000       
# span 3 =    11.5298,    12.1081       
# span 4 =    11.5288,    12.1089       
# span 5 =   2.771155,   4.070396       
# span 6 =   1.967552,   4.070859       
# span 7 =   48.90511,   48.96214       
# span 8 =  -16.45623,  -16.43705       
# span 9 =     4.6924,     6.5849       
# span 10 =     4.9191,     7.0879      
# span 11 =      0.991,    204.151      
# span 12 =    23.2747,    35.5840      
# span 13 =    15.9356,    35.5874      
# span 14 = 0.0000e+00, 0.0000e+00      
# interval = decibars: 1                
# start_time = Apr 09 2021 08:23:21 [NMEA time, first data scan]
# bad_flag = -9.990e-29
*END*
    362.597       8703      2.000    12.0465    12.0488   4.021299   4.022941   48.96209  -16.45621     5.7005     6.0192      1.983    35.1646    35.1784 0.0000e+00
    364.699       8754      3.000    12.0529    12.0543   4.047085   4.046313   48.96207  -16.45621     5.5595     5.7330      2.975    35.4100    35.4011 0.0000e+00
    366.982       8809      4.000    12.0528    12.0552   4.049597   4.047780   48.96207  -16.45621     5.4328     5.4801      3.966    35.4342    35.4141 0.0000e+00
    370.355       8890      5.000    12.0430    12.0538   4.045026   4.044085   48.96209  -16.45621     5.1168     5.2467      4.958    35.3983    35.3790 0.0000e+00
    373.135       8956      6.000    11.9909    12.0535   4.037399   4.047108   48.96209  -16.45621     5.0184     5.3495      5.949    35.3728    35.4083 0.0000e+00
    375.100       9003      7.000    11.8708    12.0472   4.033043   4.043599   48.96208  -16.45621     4.8978     5.3128      6.941    35.4441    35.3795 0.0000e+00
    380.088       9123      8.000    11.9528    12.0349   4.028111   4.034766   48.96207  -16.45621     4.9005     4.9191      7.932    35.3172    35.3044 0.0000e+00
    383.832       9213      9.000    11.9046    12.0447   4.012342   4.034593   48.96210  -16.45622     4.9450     4.9780      8.924    35.2080    35.2930 0.0000e+00
    386.875       9286     10.000    11.8790    12.0531   3.989653   4.041621   48.96211  -16.45621     4.8704     5.1807      9.915    35.0094    35.3532 0.0000e+00
    388.616       9328     11.000    11.8561    12.0557   3.981357   4.047438   48.96209  -16.45621     4.8280     5.2641     10.906    34.9492    35.4073 0.0000e+00
    390.870       9382     12.000    11.8199    12.0534   3.976519   4.047461   48.96208  -16.45622     4.6924     5.0606     11.898    34.9354    35.4092 0.0000e+00
    411.862       9886     13.000    11.8689    12.0408   3.864481   4.038810   48.96209  -16.45623     5.1838     4.9879     12.889    33.7946    35.3362 0.0000e+00
    503.995      12097     14.000    12.0235    12.0566   4.025859   4.060706   48.96211  -16.45621     6.0070     6.1408     13.881    35.2254    35.5347 0.0000e+00
    526.079      12627     15.000    12.0560    12.0580   4.064884   4.065598   48.96211  -16.45621     6.1730     6.3966     14.872    35.5757    35.5808 0.0000e+00
    528.067      12675     16.000    12.0564    12.0574   4.064962   4.065468   48.96211  -16.45622     6.1742     6.3878     15.864    35.5756    35.5796 0.0000e+00
    536.687      12881     18.000    12.0422    12.0434   4.060281   4.060819   48.90511  -16.43705     6.1622     6.3851     17.847    35.5340    35.5381 0.0000e+00
    539.039      12938     19.000    12.0562    12.0578   4.065047   4.065616   48.96211  -16.45621     6.1543     6.3789     18.838    35.5753    35.5794 0.0000e+00
    540.586      12975     20.000    12.0563    12.0577   4.065109   4.065663   48.96210  -16.45621     6.1561     6.3708     19.829    35.5754    35.5794 0.0000e+00
    543.922      13055     21.000    12.0564    12.0577   4.065154   4.065686   48.96210  -16.45621     6.1575     6.3731     20.821    35.5753    35.5793 0.0000e+00
    546.693      13122     22.000    12.0569    12.0580   4.065261   4.065763   48.96211  -16.45621     6.1568     6.3723     21.812    35.5754    35.5793 0.0000e+00
    549.620      13192     23.000    12.0567    12.0579   4.065297   4.065817   48.96210  -16.45621     6.1593     6.3747     22.804    35.5755    35.5795 0.0000e+00
    553.273      13280     24.000    12.0558    12.0567   4.065249   4.065760   48.96210  -16.45621     6.1538     6.3686     23.795    35.5755    35.5796 0.0000e+00
    555.396      13331     25.000    12.0547    12.0555   4.065180   4.065658   48.96211  -16.45621     6.1532     6.3660     24.787    35.5754    35.5793 0.0000e+00
    557.775      13388     26.000    12.0531    12.0547   4.065021   4.065607   48.96211  -16.45621     6.1523     6.3642     25.778    35.5749    35.5791 0.0000e+00
    559.854      13438     27.000    12.0559    12.0550   4.065291   4.065666   48.96211  -16.45621     6.1471     6.3636     26.769    35.5744    35.5790 0.0000e+00
    561.945      13488     28.000    12.0577    12.0557   4.065625   4.065785   48.96210  -16.45621     6.1467     6.3656     27.761    35.5755    35.5790 0.0000e+00
    565.041      13562     29.000    12.0586    12.0566   4.065738   4.065871   48.96210  -16.45621     6.1545     6.3634     28.752    35.5753    35.5786 0.0000e+00
    568.619      13648     30.000    12.0555    12.0563   4.065577   4.066015   48.96211  -16.45621     6.1525     6.3671     29.743    35.5762    35.5798 0.0000e+00
    571.208      13710     31.000    12.0511    12.0568   4.065013   4.065913   48.96210  -16.45621     6.1478     6.3596     30.735    35.5745    35.5779 0.0000e+00
    573.016      13753     32.000    12.0533    12.0609   4.065238   4.066474   48.96210  -16.45621     6.1469     6.3656     31.726    35.5741    35.5790 0.0000e+00
    575.210      13806     33.000    12.0546    12.0623   4.065449   4.066711   48.96210  -16.45621     6.1476     6.3685     32.718    35.5745    35.5796 0.0000e+00
    577.668      13865     34.000    12.0589    12.0626   4.065952   4.066828   48.96210  -16.45621     6.1494     6.3717     33.709    35.5750    35.5799 0.0000e+00
    579.443      13908     35.000    12.0580    12.0629   4.066017   4.066905   48.96210  -16.45621     6.1448     6.3721     34.700    35.5760    35.5800 0.0000e+00
    582.442      13980     36.000    12.0576    12.0624   4.065950   4.066910   48.96210  -16.45621     6.1469     6.3709     35.692    35.5753    35.5801 0.0000e+00
    586.484      14077     37.000    12.0564    12.0599   4.065918   4.066710   48.96210  -16.45621     6.1473     6.3644     36.683    35.5756    35.5801 0.0000e+00
    588.164      14117     38.000    12.0554    12.0591   4.065834   4.066652   48.96210  -16.45621     6.1422     6.3622     37.674    35.5753    35.5798 0.0000e+00
    590.255      14167     39.000    12.0555    12.0578   4.065869   4.066575   48.96210  -16.45621     6.1405     6.3633     38.666    35.5751    35.5798 0.0000e+00
    592.741      14227     40.000    12.0569    12.0579   4.066038   4.066514   48.96211  -16.45621     6.1444     6.3614     39.657    35.5749    35.5787 0.0000e+00
    594.856      14278     41.000    12.0572    12.0588   4.066133   4.066709   48.96211  -16.45621     6.1511     6.3621     40.648    35.5752    35.5793 0.0000e+00
    597.120      14332     42.000    12.0578    12.0592   4.066224   4.066776   48.96210  -16.45621     6.1466     6.3683     41.640    35.5751    35.5791 0.0000e+00
    599.925      14399     43.000    12.0586    12.0594   4.066373   4.066869   48.96208  -16.45622     6.1522     6.3687     42.631    35.5753    35.5794 0.0000e+00
    602.478      14460     44.000    12.0587    12.0567   4.066439   4.066687   48.96208  -16.45623     6.1578     6.3651     43.622    35.5754    35.5798 0.0000e+00
    605.492      14533     45.000    12.0570    12.0543   4.066302   4.066347   48.96209  -16.45623     6.1547     6.3582     44.614    35.5753    35.5783 0.0000e+00
    607.983      14593     46.000    12.0563    12.0555   4.066265   4.066535   48.96209  -16.45623     6.1473     6.3637     45.605    35.5752    35.5785 0.0000e+00
    609.730      14635     47.000    12.0542    12.0538   4.066091   4.066493   48.96207  -16.45622     6.1470     6.3684     46.596    35.5750    35.5793 0.0000e+00
    611.341      14673     48.000    12.0549    12.0494   4.066129   4.066040   48.96207  -16.45622     6.1507     6.3664     47.587    35.5742    35.5786 0.0000e+00
    613.334      14721     49.000    12.0562    12.0543   4.066327   4.066164   48.96207  -16.45622     6.1472     6.3652     48.579    35.5745    35.5747 0.0000e+00
    617.233      14815     50.000    12.0532    12.0536   4.066123   4.066428   48.96209  -16.45622     6.1516     6.3684     49.570    35.5749    35.5775 0.0000e+00
    619.953      14880     51.000    12.0453    12.0478   4.065438   4.066116   48.96209  -16.45622     6.1523     6.3637     50.561    35.5753    35.5796 0.0000e+00
    621.731      14923     52.000    12.0392    12.0405   4.064638   4.065212   48.96209  -16.45623     6.1452     6.3578     51.553    35.5729    35.5772 0.0000e+00
    623.623      14968     53.000    12.0372    12.0387   4.064363   4.064931   48.96209  -16.45623     6.1459     6.3522     52.544    35.5716    35.5758 0.0000e+00
    625.783      15020     54.000    12.0373    12.0383   4.064398   4.064902   48.96209  -16.45623     6.1425     6.3506     53.535    35.5714    35.5754 0.0000e+00
    627.795      15068     55.000    12.0373    12.0384   4.064454   4.064978   48.96209  -16.45623     6.1324     6.3451     54.526    35.5716    35.5756 0.0000e+00
    629.471      15108     56.000    12.0376    12.0389   4.064527   4.065095   48.96210  -16.45623     6.1245     6.3391     55.518    35.5715    35.5759 0.0000e+00
    631.506      15157     57.000    12.0385    12.0393   4.064666   4.065172   48.96211  -16.45622     6.1256     6.3393     56.509    35.5716    35.5757 0.0000e+00
    634.399      15227     58.000    12.0388    12.0401   4.064770   4.065309   48.96211  -16.45623     6.1263     6.3363     57.500    35.5719    35.5759 0.0000e+00
    636.583      15279     59.000    12.0390    12.0391   4.064884   4.065345   48.96210  -16.45623     6.1192     6.3347     58.491    35.5723    35.5768 0.0000e+00
    638.574      15327     60.000    12.0361    12.0339   4.064709   4.064924   48.96209  -16.45623     6.1121     6.3204     59.483    35.5730    35.5771 0.0000e+00
    640.756      15379     61.000    12.0295    12.0268   4.064041   4.064180   48.96209  -16.45623     6.0950     6.3066     60.474    35.5723    35.5762 0.0000e+00
    642.787      15428     62.000    12.0218    12.0194   4.063255   4.063373   48.96209  -16.45623     6.0845     6.2986     61.465    35.5715    35.5749 0.0000e+00
    644.476      15468     63.000    12.0159    12.0151   4.062535   4.062835   48.96209  -16.45623     6.0845     6.2931     62.456    35.5696    35.5733 0.0000e+00
    646.195      15510     64.000    12.0141    12.0110   4.062308   4.062491   48.96207  -16.45623     6.0804     6.2827     63.448    35.5686    35.5734 0.0000e+00
    648.300      15560     65.000    12.0094    12.0011   4.062026   4.061547   48.96207  -16.45623     6.0693     6.2636     64.439    35.5699    35.5731 0.0000e+00
    650.477      15612     66.000    11.9952    11.9917   4.060510   4.060410   48.96209  -16.45623     6.0419     6.2384     65.430    35.5682    35.5706 0.0000e+00
    652.388      15658     67.000    11.9880    11.9820   4.059529   4.059514   48.96209  -16.45622     6.0212     6.2290     66.421    35.5651    35.5706 0.0000e+00
    654.566      15711     68.000    11.9884    11.9630   4.059570   4.057422   48.96209  -16.45621     6.0234     6.2105     67.412    35.5646    35.5679 0.0000e+00
    657.481      15781     69.000    11.9556    11.9584   4.056498   4.056494   48.96209  -16.45622     6.0002     6.1923     68.404    35.5655    35.5627 0.0000e+00
    659.606      15832     70.000    11.9388    11.9440   4.054008   4.055178   48.96209  -16.45623     5.9458     6.1741     69.395    35.5566    35.5631 0.0000e+00
    661.362      15874     71.000    11.9448    11.9472   4.054497   4.055252   48.96209  -16.45622     5.9278     6.1416     70.386    35.5553    35.5603 0.0000e+00
    663.325      15921     72.000    11.9483    11.9484   4.055364   4.055812   48.96210  -16.45621     5.9331     6.1323     71.377    35.5599    35.5643 0.0000e+00
    665.558      15974     73.000    11.9461    11.9468   4.055241   4.055749   48.96211  -16.45621     5.9297     6.1258     72.368    35.5604    35.5647 0.0000e+00
    668.007      16033     74.000    11.9451    11.9463   4.055140   4.055730   48.96211  -16.45622     5.9212     6.1133     73.359    35.5599    35.5646 0.0000e+00
    670.086      16083     75.000    11.9468    11.9482   4.055386   4.055947   48.96211  -16.45623     5.9023     6.1060     74.351    35.5603    35.5644 0.0000e+00
    671.698      16122     76.000    11.9516    11.9541   4.056019   4.056675   48.96211  -16.45623     5.8923     6.0980     75.342    35.5615    35.5655 0.0000e+00
    673.403      16163     77.000    11.9524    11.9593   4.056410   4.057464   48.96210  -16.45623     5.8885     6.0852     76.333    35.5641    35.5678 0.0000e+00
    675.791      16220     78.000    11.9541    11.9645   4.056414   4.058198   48.96209  -16.45623     5.8906     6.0748     77.324    35.5620    35.5696 0.0000e+00
    678.337      16281     79.000    11.9684    11.9715   4.058200   4.059084   48.96209  -16.45623     5.8645     6.0639     78.315    35.5655    35.5712 0.0000e+00
    680.318      16329     80.000    11.9775    11.9794   4.059590   4.060178   48.96209  -16.45623     5.8420     6.0539     79.306    35.5699    35.5738 0.0000e+00
    682.143      16372     81.000    11.9826    11.9856   4.060388   4.061121   48.96209  -16.45623     5.8347     6.0404     80.297    35.5724    35.5767 0.0000e+00
    683.789      16412     82.000    11.9867    11.9890   4.061008   4.061709   48.96209  -16.45623     5.8267     6.0305     81.289    35.5741    35.5787 0.0000e+00
    685.453      16452     83.000    11.9852    11.9900   4.061102   4.061987   48.96210  -16.45623     5.8203     6.0213     82.280    35.5761    35.5801 0.0000e+00
    687.679      16505     84.000    11.9802    11.9864   4.060496   4.061802   48.96211  -16.45623     5.8264     6.0113     83.271    35.5744    35.5812 0.0000e+00
    690.100      16563     85.000    11.9589    11.9594   4.058901   4.059566   48.96211  -16.45623     5.8021     6.0018     84.262    35.5787    35.5847 0.0000e+00
    692.018      16609     86.000    11.9438    11.9320   4.056414   4.055935   48.96210  -16.45622     5.7622     5.9681     85.253    35.5684    35.5749 0.0000e+00
    694.774      16676     87.000    11.9403    11.9282   4.056170   4.054944   48.96210  -16.45621     5.7666     5.9510     86.244    35.5688    35.5684 0.0000e+00
    697.696      16746     88.000    11.9243    11.9295   4.054611   4.055527   48.96211  -16.45622     5.7564     5.9594     87.235    35.5684    35.5724 0.0000e+00
    699.341      16785     89.000    11.9137    11.9160   4.053261   4.054004   48.96211  -16.45622     5.7322     5.9428     88.226    35.5648    35.5699 0.0000e+00
    700.756      16819     90.000    11.9116    11.9130   4.052918   4.053534   48.96211  -16.45622     5.7230     5.9296     89.217    35.5630    35.5677 0.0000e+00
    702.387      16858     91.000    11.9124    11.9125   4.052971   4.053490   48.96211  -16.45622     5.7261     5.9326     90.209    35.5624    35.5673 0.0000e+00
    704.761      16915     92.000    11.9127    11.9125   4.053110   4.053522   48.96211  -16.45622     5.7370     5.9365     91.200    35.5630    35.5672 0.0000e+00
    706.923      16967     93.000    11.9113    11.9119   4.053058   4.053535   48.96211  -16.45623     5.7413     5.9347     92.191    35.5633    35.5674 0.0000e+00
    708.565      17007     94.000    11.9109    11.9109   4.053046   4.053479   48.96211  -16.45623     5.7423     5.9397     93.182    35.5632    35.5674 0.0000e+00
    710.727      17058     95.000    11.9113    11.9106   4.053118   4.053454   48.96211  -16.45623     5.7434     5.9532     94.173    35.5631    35.5670 0.0000e+00
    713.857      17134     96.000    11.9094    11.9108   4.053034   4.053530   48.96209  -16.45623     5.7482     5.9506     95.164    35.5636    35.5671 0.0000e+00
    715.887      17182     97.000    11.9045    11.9059   4.052617   4.053201   48.96207  -16.45623     5.7636     5.9582     96.155    35.5638    35.5682 0.0000e+00
    717.251      17215     98.000    11.9005    11.9020   4.052227   4.052767   48.96207  -16.45623     5.7783     5.9783     97.146    35.5633    35.5672 0.0000e+00
