Data_example/SBE_Data_Processed/DY130/SeaBird/Data/Processed/DY130_001cfaldb.cnv
* Sea-Bird SBE 9 Data File:
* FileName = C:\Users\sandm\Documents\Cruises\DY130\Data\Raw Data\DY130_001.hex
* Software Version Seasave V 7.26.7.121
* Temperature SN = 03P-5494
* Conductivity SN = 04C-3768
* Number of Bytes Per Scan = 45
* Number of Voltage Words = 4
* Number of Scans Averaged by the Deck Unit = 1
* NMEA Latitude = 48 15.46 N
* NMEA Longitude = 010 08.85 W
* NMEA UTC (Time) = Mar 28 2021  15:02:43
* NMEA baud rate = 9600
** Ship: RRS Discovery
** Cruise: DY130
** Cast: DY130_001
** Station: 016
** Julian Day: 087
** Date: 28th March 2021
** Time (GMT): 15:02
** Latitude: 48 15.46
** Longitude: 10 08.85
** Depth (uncorrected m): 3399
** Principal Scientist: Sue Hart
** Operator: BP/PH
# nquan = 15
# nvalues = 3656                        
# units = specified
# name 0 = timeS: Time, Elapsed [seconds]
# name 1 = scan: Scan Count
# name 2 = prDM: Pressure, Digiquartz [db]
# name 3 = t090C: Temperature [ITS-90, deg C]
# name 4 = t190C: Temperature, 2 [ITS-90, deg C]
# name 5 = c0S/m: Conductivity [S/m]
# name 6 = c1S/m: Conductivity, 2 [S/m]
# name 7 = latitude: Latitude [deg]
# name 8 = longitude: Longitude [deg]
# name 9 = sbeox0ML/L: Oxygen, SBE 43 [ml/l]
# name 10 = sbeox1ML/L: Oxygen, SBE 43, 2 [ml/l]
# name 11 = depSM: Depth [salt water, m], lat = 48.2577
# name 12 = sal00: Salinity, Practical [PSU]
# name 13 = sal11: Salinity, Practical, 2 [PSU]
# name 14 = flag: flag
# span 0 =    666.199,   8048.705       
# span 1 =      15990,     193170       
# span 2 =      1.000,   1829.000       
# span 3 =     4.1560,    11.9920       
# span 4 =     4.1573,    11.8694       
# span 5 =   2.878775,   4.058990       
# span 6 =   2.888498,   4.044904       
# span 7 =   48.25766,   48.25771       
# span 8 =  -10.14763,  -10.14753       
# span 9 =     4.2738,     6.1478       
# span 10 =     4.4682,     6.4887      
# span 11 =      0.992,   1805.704      
# span 12 =    24.3475,    35.7247      
# span 13 =    24.4585,    35.7267      
# span 14 = 0.0000e+00, 0.0000e+00      
# interval = decibars: 1                
# start_time = Mar 28 2021 15:02:43 [NMEA time, first data scan]
# bad_flag = -9.990e-29
*END*
[from data line 1157]
   2254.473      54108   1159.000     8.3767     8.3789   3.763301   3.763747   48.25768  -10.14759     4.6156     4.8296   1146.052    35.5916    35.5941 0.0000e+00
   2255.484      54133   1160.000     8.3663     8.3673   3.762220   3.762519   48.25768  -10.14758     4.6210     4.8351   1147.038    35.5901    35.5922 0.0000e+00
   2256.499      54157   1161.000     8.3499     8.3505   3.760867   3.761105   48.25768  -10.14757     4.6256     4.8416   1148.024    35.5917    35.5936 0.0000e+00
   2257.468      54180   1162.000     8.3185     8.3175   3.758444   3.758643   48.25768  -10.14757     4.6305     4.8440   1149.011    35.5970    35.6001 0.0000e+00
   2258.373      54202   1163.000     8.2638     8.2614   3.753931   3.753976   48.25768  -10.14757     4.6304     4.8424   1149.997    35.6035    35.6064 0.0000e+00
   2259.237      54223   1164.000     8.2148     8.2145   3.747863   3.747934   48.25768  -10.14757     4.6346     4.8499   1150.983    35.5878    35.5890 0.0000e+00
   2260.093      54243   1165.000     8.1905     8.1945   3.744116   3.744469   48.25768  -10.14757     4.6483     4.8673   1151.969    35.5721    35.5717 0.0000e+00
   2260.975      54264   1166.000     8.1780     8.1858   3.742228   3.743043   48.25769  -10.14758     4.6648     4.8837   1152.955    35.5640    35.5649 0.0000e+00
   2261.878      54286   1167.000     8.1727     8.1797   3.741329   3.742291   48.25769  -10.14759     4.6768     4.8920   1153.941    35.5594    35.5625 0.0000e+00
   2262.759      54307   1168.000     8.1685     8.1732   3.740908   3.741665   48.25769  -10.14760     4.6811     4.8942   1154.927    35.5587    35.5619 0.0000e+00
   2263.602      54327   1169.000     8.1619     8.1646   3.740374   3.740915   48.25769  -10.14761     4.6807     4.8934   1155.913    35.5591    35.5621 0.0000e+00
   2264.439      54348   1170.000     8.1518     8.1531   3.739520   3.739865   48.25769  -10.14761     4.6801     4.8914   1156.899    35.5597    35.5621 0.0000e+00
   2265.347      54369   1171.000     8.1405     8.1417   3.738258   3.738516   48.25768  -10.14761     4.6812     4.8918   1157.885    35.5572    35.5587 0.0000e+00
   2266.446      54396   1172.000     8.1326     8.1323   3.737138   3.737322   48.25768  -10.14761     4.6840     4.8970   1158.871    35.5528    35.5550 0.0000e+00
   2267.737      54427   1173.000     8.1239     8.1243   3.736356   3.736427   48.25768  -10.14761     4.6856     4.9024   1159.857    35.5528    35.5531 0.0000e+00
   2268.957      54456   1174.000     8.1123     8.1130   3.735203   3.735448   48.25768  -10.14761     4.6842     4.9039   1160.843    35.5516    35.5535 0.0000e+00
   2270.003      54481   1175.000     8.1017     8.1021   3.734070   3.734248   48.25768  -10.14760     4.6857     4.9046   1161.829    35.5498    35.5512 0.0000e+00
   2270.905      54503   1176.000     8.0929     8.0930   3.733184   3.733370   48.25769  -10.14761     4.6901     4.9083   1162.815    35.5488    35.5506 0.0000e+00
   2271.713      54522   1177.000     8.0814     8.0808   3.732220   3.732365   48.25769  -10.14761     4.6948     4.9100   1163.801    35.5495    35.5517 0.0000e+00
   2272.479      54540   1178.000     8.0666     8.0644   3.730895   3.730941   48.25769  -10.14761     4.6993     4.9103   1164.787    35.5498    35.5525 0.0000e+00
   2273.250      54559   1179.000     8.0472     8.0430   3.729127   3.728976   48.25769  -10.14761     4.7029     4.9112   1165.773    35.5501    35.5526 0.0000e+00
   2274.081      54579   1180.000     8.0231     8.0187   3.726640   3.726352   48.25769  -10.14761     4.7070     4.9170   1166.759    35.5473    35.5486 0.0000e+00
   2275.024      54602   1181.000     8.0022     7.9964   3.724053   3.723711   48.25769  -10.14761     4.7146     4.9294   1167.745    35.5402    35.5424 0.0000e+00
   2276.064      54627   1182.000     7.9801     7.9699   3.721805   3.721109   48.25768  -10.14761     4.7252     4.9443   1168.731    35.5380    35.5408 0.0000e+00
   2277.076      54651   1183.000     7.9485     7.9289   3.719063   3.717728   48.25768  -10.14761     4.7323     4.9535   1169.717    35.5400    35.5455 0.0000e+00
   2277.988      54673   1184.000     7.8981     7.8671   3.714976   3.712386   48.25768  -10.14761     4.7311     4.9556   1170.703    35.5466    35.5501 0.0000e+00
   2278.822      54693   1185.000     7.8439     7.8212   3.709061   3.706304   48.25768  -10.14761     4.7311     4.9633   1171.689    35.5374    35.5308 0.0000e+00
   2279.635      54712   1186.000     7.8112     7.7981   3.704453   3.702728   48.25768  -10.14761     4.7414     4.9793   1172.675    35.5206    35.5153 0.0000e+00
   2280.495      54733   1187.000     7.7911     7.7875   3.701599   3.700883   48.25768  -10.14761     4.7590     4.9953   1173.661    35.5098    35.5057 0.0000e+00
   2281.499      54757   1188.000     7.7794     7.7821   3.699806   3.700004   48.25768  -10.14761     4.7753     5.0050   1174.647    35.5018    35.5013 0.0000e+00
   2282.719      54786   1189.000     7.7745     7.7781   3.698970   3.699462   48.25768  -10.14761     4.7832     5.0082   1175.633    35.4974    35.4991 0.0000e+00
   2283.987      54817   1190.000     7.7722     7.7754   3.698639   3.699104   48.25768  -10.14761     4.7835     5.0059   1176.619    35.4957    35.4974 0.0000e+00
   2285.128      54844   1191.000     7.7714     7.7742   3.698534   3.698939   48.25768  -10.14761     4.7838     5.0049   1177.605    35.4949    35.4964 0.0000e+00
   2286.167      54869   1192.000     7.7707     7.7738   3.698465   3.698882   48.25768  -10.14761     4.7845     5.0055   1178.591    35.4945    35.4958 0.0000e+00
   2287.133      54892   1193.000     7.7699     7.7732   3.698406   3.698863   48.25768  -10.14761     4.7855     5.0048   1179.577    35.4941    35.4958 0.0000e+00
   2288.032      54914   1194.000     7.7697     7.7722   3.698372   3.698796   48.25768  -10.14761     4.7845     5.0009   1180.563    35.4936    35.4955 0.0000e+00
   2288.870      54934   1195.000     7.7694     7.7714   3.698386   3.698735   48.25768  -10.14761     4.7818     4.9983   1181.549    35.4935    35.4953 0.0000e+00
   2289.662      54953   1196.000     7.7690     7.7706   3.698375   3.698674   48.25768  -10.14761     4.7801     4.9977   1182.535    35.4934    35.4950 0.0000e+00
   2290.428      54971   1197.000     7.7688     7.7702   3.698364   3.698643   48.25768  -10.14761     4.7803     4.9985   1183.521    35.4930    35.4945 0.0000e+00
   2291.195      54990   1198.000     7.7679     7.7682   3.698364   3.698598   48.25768  -10.14761     4.7812     4.9992   1184.507    35.4934    35.4956 0.0000e+00
   2291.989      55009   1199.000     7.7654     7.7647   3.698204   3.698327   48.25768  -10.14761     4.7811     4.9993   1185.493    35.4938    35.4958 0.0000e+00
   2292.842      55029   1200.000     7.7636     7.7606   3.697977   3.697939   48.25768  -10.14761     4.7796     5.0005   1186.479    35.4926    35.4953 0.0000e+00
   2293.791      55052   1201.000     7.7628     7.7564   3.697858   3.697447   48.25768  -10.14761     4.7780     5.0035   1187.465    35.4918    35.4937 0.0000e+00
   2294.883      55078   1202.000     7.7620     7.7570   3.697818   3.697261   48.25769  -10.14761     4.7796     5.0071   1188.450    35.4917    35.4908 0.0000e+00
   2296.106      55108   1203.000     7.7596     7.7573   3.697690   3.697491   48.25769  -10.14761     4.7834     5.0084   1189.436    35.4923    35.4925 0.0000e+00
   2297.290      55136   1204.000     7.7497     7.7511   3.696976   3.697059   48.25768  -10.14761     4.7847     5.0088   1190.422    35.4941    35.4936 0.0000e+00
   2298.331      55161   1205.000     7.7415     7.7466   3.695958   3.696512   48.25768  -10.14761     4.7849     5.0097   1191.408    35.4910    35.4918 0.0000e+00
   2299.268      55183   1206.000     7.7375     7.7424   3.695451   3.696156   48.25768  -10.14761     4.7862     5.0100   1192.394    35.4892    35.4917 0.0000e+00
   2300.145      55204   1207.000     7.7343     7.7381   3.695137   3.695720   48.25768  -10.14761     4.7873     5.0099   1193.380    35.4885    35.4910 0.0000e+00
   2300.989      55225   1208.000     7.7304     7.7344   3.694815   3.695330   48.25768  -10.14761     4.7874     5.0117   1194.366    35.4885    35.4901 0.0000e+00
   2301.820      55245   1209.000     7.7265     7.7304   3.694392   3.694970   48.25768  -10.14761     4.7871     5.0141   1195.352    35.4875    35.4897 0.0000e+00
   2302.674      55265   1210.000     7.7250     7.7275   3.694128   3.694608   48.25768  -10.14761     4.7888     5.0151   1196.338    35.4857    35.4883 0.0000e+00
   2303.591      55287   1211.000     7.7236     7.7248   3.694044   3.694348   48.25768  -10.14761     4.7916     5.0156   1197.323    35.4858    35.4878 0.0000e+00
   2304.600      55311   1212.000     7.7211     7.7222   3.693840   3.694062   48.25768  -10.14761     4.7931     5.0165   1198.309    35.4856    35.4869 0.0000e+00
   2305.673      55337   1213.000     7.7189     7.7215   3.693590   3.693912   48.25768  -10.14761     4.7939     5.0166   1199.295    35.4847    35.4855 0.0000e+00
   2306.752      55363   1214.000     7.7180     7.7222   3.693477   3.693992   48.25768  -10.14761     4.7950     5.0161   1200.281    35.4839    35.4852 0.0000e+00
   2307.782      55388   1215.000     7.7182     7.7223   3.693488   3.694047   48.25768  -10.14761     4.7952     5.0161   1201.267    35.4834    35.4853 0.0000e+00
   2308.730      55411   1216.000     7.7192     7.7230   3.693590   3.694119   48.25768  -10.14761     4.7943     5.0164   1202.253    35.4830    35.4849 0.0000e+00
   2309.594      55431   1217.000     7.7204     7.7233   3.693743   3.694225   48.25768  -10.14761     4.7936     5.0158   1203.238    35.4830    35.4852 0.0000e+00
   2310.403      55451   1218.000     7.7212     7.7227   3.693875   3.694247   48.25768  -10.14761     4.7930     5.0146   1204.224    35.4831    35.4856 0.0000e+00
   2311.201      55470   1219.000     7.7215     7.7215   3.693988   3.694198   48.25768  -10.14761     4.7922     5.0148   1205.210    35.4836    35.4859 0.0000e+00
   2312.050      55490   1220.000     7.7207     7.7188   3.693988   3.694034   48.25768  -10.14761     4.7916     5.0164   1206.196    35.4840    35.4864 0.0000e+00
   2313.055      55514   1221.000     7.7195     7.7148   3.693898   3.693674   48.25768  -10.14761     4.7917     5.0183   1207.182    35.4837    35.4861 0.0000e+00
   2314.297      55544   1222.000     7.7167     7.7117   3.693745   3.693290   48.25768  -10.14761     4.7913     5.0206   1208.168    35.4845    35.4847 0.0000e+00
   2315.504      55573   1223.000     7.7095     7.7066   3.693170   3.692945   48.25768  -10.14761     4.7910     5.0225   1209.153    35.4851    35.4856 0.0000e+00
   2316.468      55596   1224.000     7.7032     7.7015   3.692505   3.692412   48.25768  -10.14762     4.7916     5.0241   1210.139    35.4839    35.4845 0.0000e+00
   2317.288      55616   1225.000     7.6997     7.6977   3.692085   3.692059   48.25768  -10.14762     4.7936     5.0253   1211.125    35.4824    35.4841 0.0000e+00
   2318.049      55634   1226.000     7.6964     7.6937   3.691809   3.691702   48.25768  -10.14762     4.7949     5.0261   1212.111    35.4823    35.4839 0.0000e+00
   2318.817      55653   1227.000     7.6928     7.6902   3.691453   3.691318   48.25768  -10.14762     4.7959     5.0268   1213.096    35.4816    35.4828 0.0000e+00
   2319.697      55674   1228.000     7.6918     7.6870   3.691202   3.690994   48.25768  -10.14762     4.7983     5.0279   1214.082    35.4795    35.4821 0.0000e+00
   2320.988      55705   1229.000     7.6913     7.6793   3.691232   3.690402   48.25768  -10.14761     4.8042     5.0309   1215.068    35.4799    35.4831 0.0000e+00
   2322.564      55743   1230.000     7.6779     7.6639   3.690449   3.689007   48.25768  -10.14761     4.8074     5.0346   1216.054    35.4845    35.4831 0.0000e+00
   2323.600      55767   1231.000     7.6562     7.6511   3.688467   3.687691   48.25768  -10.14761     4.8040     5.0365   1217.040    35.4846    35.4814 0.0000e+00
   2324.370      55786   1232.000     7.6450     7.6436   3.686937   3.686790   48.25768  -10.14761     4.8052     5.0376   1218.025    35.4790    35.4788 0.0000e+00
   2325.040      55802   1233.000     7.6400     7.6399   3.686170   3.686227   48.25768  -10.14761     4.8084     5.0385   1219.011    35.4754    35.4760 0.0000e+00
   2325.672      55817   1234.000     7.6375     7.6380   3.685810   3.685956   48.25768  -10.14761     4.8122     5.0393   1219.997    35.4735    35.4746 0.0000e+00
   2326.311      55832   1235.000     7.6358     7.6359   3.685615   3.685788   48.25768  -10.14761     4.8160     5.0401   1220.983    35.4726    35.4745 0.0000e+00
   2327.012      55849   1236.000     7.6351     7.6334   3.685492   3.685569   48.25768  -10.14762     4.8190     5.0409   1221.968    35.4716    35.4742 0.0000e+00
   2327.890      55870   1237.000     7.6357     7.6300   3.685510   3.685267   48.25768  -10.14761     4.8211     5.0420   1222.954    35.4707    35.4739 0.0000e+00
   2329.139      55900   1238.000     7.6334     7.6248   3.685483   3.684746   48.25768  -10.14761     4.8211     5.0441   1223.940    35.4723    35.4731 0.0000e+00
   2330.611      55936   1239.000     7.6218     7.6182   3.684581   3.684121   48.25768  -10.14760     4.8199     5.0472   1224.926    35.4739    35.4726 0.0000e+00
   2331.821      55965   1240.000     7.6086     7.6087   3.683287   3.683342   48.25768  -10.14760     4.8212     5.0483   1225.911    35.4728    35.4733 0.0000e+00
   2332.758      55987   1241.000     7.5983     7.5994   3.682196   3.682415   48.25768  -10.14760     4.8240     5.0497   1226.897    35.4710    35.4722 0.0000e+00
   2333.568      56007   1242.000     7.5903     7.5915   3.681326   3.681605   48.25768  -10.14760     4.8277     5.0510   1227.883    35.4692    35.4710 0.0000e+00
   2334.330      56025   1243.000     7.5848     7.5861   3.680648   3.680922   48.25768  -10.14760     4.8320     5.0522   1228.869    35.4670    35.4686 0.0000e+00
   2335.100      56043   1244.000     7.5811     7.5825   3.680178   3.680462   48.25768  -10.14761     4.8350     5.0535   1229.854    35.4652    35.4669 0.0000e+00
   2335.921      56063   1245.000     7.5782     7.5795   3.679847   3.680136   48.25768  -10.14761     4.8350     5.0549   1230.840    35.4642    35.4659 0.0000e+00
   2336.829      56085   1246.000     7.5755     7.5766   3.679564   3.679838   48.25768  -10.14761     4.8336     5.0569   1231.826    35.4633    35.4652 0.0000e+00
   2337.860      56110   1247.000     7.5732     7.5738   3.679314   3.679536   48.25768  -10.14761     4.8327     5.0604   1232.811    35.4625    35.4643 0.0000e+00
   2339.078      56139   1248.000     7.5720     7.5722   3.679167   3.679324   48.25768  -10.14761     4.8335     5.0643   1233.797    35.4617    35.4632 0.0000e+00
   2340.393      56170   1249.000     7.5705     7.5712   3.679076   3.679247   48.25768  -10.14761     4.8345     5.0655   1234.783    35.4618    35.4629 0.0000e+00
   2341.509      56197   1250.000     7.5687     7.5698   3.678928   3.679167   48.25768  -10.14760     4.8344     5.0650   1235.768    35.4616    35.4630 0.0000e+00
   2342.424      56219   1251.000     7.5660     7.5670   3.678750   3.678998   48.25768  -10.14760     4.8350     5.0650   1236.754    35.4619    35.4636 0.0000e+00
   2343.249      56239   1252.000     7.5615     7.5620   3.678435   3.678654   48.25768  -10.14760     4.8363     5.0650   1237.740    35.4625    35.4644 0.0000e+00
   2344.056      56258   1253.000     7.5548     7.5543   3.677895   3.678050   48.25768  -10.14759     4.8385     5.0659   1238.725    35.4631    35.4652 0.0000e+00
   2344.905      56279   1254.000     7.5432     7.5408   3.676995   3.677008   48.25768  -10.14759     4.8402     5.0680   1239.711    35.4646    35.4671 0.0000e+00
