Data_example/SBE_Data_Processed/DY130/SeaBird/Data/Processed/DY130_014cfaldb.cnv
* Sea-Bird SBE 9 Data File:
* FileName = C:\Users\sandm\Documents\Cruises\DY130\Data\Raw Data\DY130_014.hex
* Software Version Seasave V 7.26.7.121
* Temperature SN = 03P-5494
* Conductivity SN = 04C-3768
* Number of Bytes Per Scan = 45
* Number of Voltage Words = 4
* Number of Scans Averaged by the Deck Unit = 1
* NMEA Latitude = 49 15.62 N
* NMEA Longitude = 014 30.22 W
* NMEA UTC (Time) = Apr 12 2021  01:21:29
* NMEA baud rate = 9600
** Ship: RRS Discovery
** Cruise: DY130
** Cast: 014
** Station: 080
** Julian Day: 102
** Date: 12/04/2021
** Time (GMT): 01:21
** Latitude: 49 15.62N
** Longitude: 14 30.21W
** Depth (uncorrected m): 4493
** Principal Scientist: Sue Hart
** Operator: BP/PH
# nquan = 15
# nvalues = 2016                        
# units = specified
# name 0 = timeS: Time, Elapsed [seconds]
# name 1 = scan: Scan Count
# name 2 = prDM: Pressure, Digiquartz [db]
# name 3 = t090C: Temperature [ITS-90, deg C]
# name 4 = t190C: Temperature, 2 [ITS-90, deg C]
# name 5 = c0S/m: Conductivity [S/m]
# name 6 = c1S/m: Conductivity, 2 [S/m]
# name 7 = latitude: Latitude [deg]
# name 8 = longitude: Longitude [deg]
# name 9 = sbeox0ML/L: Oxygen, SBE 43 [ml/l]
# name 10 = sbeox1ML/L: Oxygen, SBE 43, 2 [ml/l]
# name 11 = depSM: Depth [salt water, m], lat = 49.2603
# name 12 = sal00: Salinity, Practical [PSU]
# name 13 = sal11: Salinity, Practical, 2 [PSU]
# name 14 = flag: flag
# span 0 =    325.923,   6037.058       
# span 1 =       7823,     144890       
# span 2 =      2.000,   1012.000       
# span 3 =     8.7439,    11.8504       
# span 4 =     8.7449,    11.8518       
# span 5 =   3.776405,   4.056676       
# span 6 =   3.667957,   4.057195       
# span 7 =   49.25804,   49.49553       
# span 8 =  -14.57132,  -14.50139       
# span 9 =     4.3853,     6.5486       
# span 10 =     4.5518,     6.9088      
# span 11 =      1.983,   1000.953      
# span 12 =    33.2566,    35.7308      
# span 13 =    32.0991,    35.7345      
# span 14 = 0.0000e+00, 0.0000e+00      
# interval = decibars: 1                
# start_time = Apr 12 2021 01:21:29 [NMEA time, first data scan]
# bad_flag = -9.990e-29
*END*
[from data line 193]
   1183.395      28402    195.000    11.1187    11.1191   3.971995   3.972442   49.26037  -14.50368     5.9183     6.1265    193.250    35.4768    35.4809 0.0000e+00
   1184.556      28430    196.000    11.1174    11.1180   3.971866   3.972321   49.26037  -14.50368     5.9174     6.1278    194.241    35.4763    35.4802 0.0000e+00
   1185.717      28458    197.000    11.1152    11.1164   3.971754   3.972258   49.26037  -14.50368     5.9154     6.1281    195.231    35.4768    35.4807 0.0000e+00
   1186.753      28483    198.000    11.1104    11.1122   3.971391   3.971973   49.26037  -14.50368     5.9111     6.1248    196.222    35.4774    35.4815 0.0000e+00
   1187.658      28505    199.000    11.1052    11.1065   3.970842   3.971445   49.26037  -14.50368     5.9047     6.1210    197.212    35.4765    35.4813 0.0000e+00
   1188.479      28524    200.000    11.1010    11.1019   3.970398   3.970935   49.26037  -14.50368     5.8985     6.1180    198.203    35.4756    35.4801 0.0000e+00
   1189.267      28543    201.000    11.0972    11.0978   3.970003   3.970500   49.26037  -14.50368     5.8941     6.1175    199.194    35.4749    35.4793 0.0000e+00
   1190.069      28563    202.000    11.0937    11.0941   3.969629   3.970098   49.26037  -14.50368     5.8929     6.1189    200.184    35.4741    35.4784 0.0000e+00
   1190.927      28583    203.000    11.0909    11.0911   3.969305   3.969753   49.26037  -14.50368     5.8943     6.1192    201.174    35.4731    35.4774 0.0000e+00
   1191.888      28606    204.000    11.0884    11.0885   3.969046   3.969465   49.26037  -14.50368     5.8986     6.1184    202.165    35.4725    35.4766 0.0000e+00
   1192.971      28632    205.000    11.0856    11.0857   3.968791   3.969196   49.26037  -14.50368     5.9065     6.1165    203.155    35.4722    35.4761 0.0000e+00
   1194.097      28659    206.000    11.0821    11.0824   3.968476   3.968901   49.26037  -14.50368     5.9090     6.1140    204.146    35.4720    35.4760 0.0000e+00
   1195.152      28685    207.000    11.0787    11.0792   3.968143   3.968597   49.26037  -14.50368     5.9064     6.1120    205.136    35.4715    35.4755 0.0000e+00
   1196.105      28708    208.000    11.0757    11.0765   3.967848   3.968335   49.26037  -14.50368     5.9024     6.1112    206.127    35.4710    35.4751 0.0000e+00
   1196.994      28729    209.000    11.0734    11.0742   3.967611   3.968098   49.26037  -14.50368     5.9000     6.1114    207.117    35.4704    35.4745 0.0000e+00
   1197.869      28750    210.000    11.0711    11.0720   3.967397   3.967900   49.26037  -14.50368     5.8978     6.1102    208.108    35.4701    35.4742 0.0000e+00
   1198.770      28771    211.000    11.0689    11.0697   3.967190   3.967687   49.26037  -14.50368     5.8949     6.1076    209.098    35.4696    35.4738 0.0000e+00
   1199.728      28794    212.000    11.0669    11.0676   3.967010   3.967488   49.26037  -14.50368     5.8927     6.1078    210.089    35.4693    35.4734 0.0000e+00
   1200.737      28819    213.000    11.0642    11.0646   3.966805   3.967258   49.26037  -14.50368     5.8928     6.1079    211.079    35.4694    35.4736 0.0000e+00
   1201.752      28843    214.000    11.0600    11.0604   3.966447   3.966890   49.26037  -14.50368     5.8925     6.1061    212.070    35.4694    35.4735 0.0000e+00
   1202.733      28867    215.000    11.0560    11.0564   3.966010   3.966462   49.26037  -14.50368     5.8935     6.1070    213.060    35.4685    35.4726 0.0000e+00
   1203.676      28889    216.000    11.0533    11.0540   3.965689   3.966163   49.26037  -14.50368     5.8950     6.1085    214.051    35.4674    35.4715 0.0000e+00
   1204.595      28911    217.000    11.0516    11.0524   3.965496   3.965986   49.26037  -14.50368     5.8955     6.1104    215.041    35.4667    35.4708 0.0000e+00
   1205.502      28933    218.000    11.0502    11.0513   3.965366   3.965884   49.26037  -14.50368     5.8967     6.1120    216.032    35.4663    35.4704 0.0000e+00
   1206.415      28955    219.000    11.0490    11.0502   3.965270   3.965808   49.26037  -14.50368     5.8968     6.1126    217.022    35.4660    35.4702 0.0000e+00
   1207.348      28977    220.000    11.0473    11.0483   3.965151   3.965685   49.26037  -14.50368     5.8949     6.1128    218.013    35.4660    35.4704 0.0000e+00
   1208.323      29001    221.000    11.0447    11.0454   3.964927   3.965426   49.26037  -14.50368     5.8933     6.1123    219.003    35.4659    35.4702 0.0000e+00
   1209.341      29025    222.000    11.0422    11.0430   3.964656   3.965142   49.26037  -14.50368     5.8923     6.1105    219.993    35.4652    35.4692 0.0000e+00
   1210.386      29050    223.000    11.0406    11.0415   3.964470   3.964968   49.26037  -14.50368     5.8953     6.1098    220.984    35.4644    35.4685 0.0000e+00
   1211.444      29076    224.000    11.0395    11.0405   3.964380   3.964882   49.26037  -14.50368     5.8984     6.1098    221.974    35.4640    35.4681 0.0000e+00
   1212.496      29101    225.000    11.0384    11.0393   3.964307   3.964811   49.26037  -14.50368     5.8957     6.1100    222.965    35.4639    35.4681 0.0000e+00
   1213.518      29125    226.000    11.0367    11.0375   3.964206   3.964703   49.26037  -14.50368     5.8943     6.1106    223.955    35.4641    35.4683 0.0000e+00
   1214.492      29149    227.000    11.0332    11.0340   3.963971   3.964458   49.26037  -14.50368     5.8969     6.1108    224.946    35.4647    35.4688 0.0000e+00
   1215.419      29171    228.000    11.0294    11.0303   3.963566   3.964064   49.26037  -14.50368     5.8973     6.1087    225.936    35.4639    35.4680 0.0000e+00
   1216.302      29192    229.000    11.0270    11.0281   3.963268   3.963787   49.26037  -14.50368     5.8959     6.1045    226.926    35.4628    35.4669 0.0000e+00
   1217.158      29213    230.000    11.0251    11.0265   3.963094   3.963632   49.26037  -14.50368     5.8951     6.1024    227.917    35.4624    35.4664 0.0000e+00
   1218.009      29233    231.000    11.0226    11.0241   3.962902   3.963473   49.26037  -14.50368     5.8925     6.1032    228.907    35.4625    35.4667 0.0000e+00
   1218.880      29254    232.000    11.0197    11.0210   3.962628   3.963193   49.26037  -14.50368     5.8878     6.1046    229.897    35.4620    35.4664 0.0000e+00
   1219.797      29276    233.000    11.0169    11.0178   3.962348   3.962873   49.26037  -14.50368     5.8854     6.1041    230.888    35.4615    35.4659 0.0000e+00
   1220.784      29300    234.000    11.0142    11.0146   3.962069   3.962539   49.26037  -14.50368     5.8849     6.1013    231.878    35.4609    35.4652 0.0000e+00
   1221.848      29325    235.000    11.0112    11.0116   3.961792   3.962230   49.26037  -14.50368     5.8839     6.0965    232.869    35.4605    35.4646 0.0000e+00
   1222.954      29352    236.000    11.0075    11.0081   3.961454   3.961910   49.26037  -14.50368     5.8845     6.0944    233.859    35.4603    35.4643 0.0000e+00
   1224.048      29378    237.000    11.0034    11.0043   3.961059   3.961549   49.26037  -14.50368     5.8834     6.0981    234.849    35.4598    35.4639 0.0000e+00
   1225.085      29403    238.000    11.0001    11.0009   3.960698   3.961202   49.26037  -14.50368     5.8811     6.1008    235.840    35.4590    35.4632 0.0000e+00
   1226.066      29427    239.000    10.9977    10.9984   3.960464   3.960948   49.26037  -14.50368     5.8789     6.1023    236.830    35.4585    35.4627 0.0000e+00
   1227.023      29450    240.000    10.9951    10.9955   3.960244   3.960706   49.26037  -14.50368     5.8804     6.1034    237.820    35.4584    35.4626 0.0000e+00
   1227.976      29472    241.000    10.9923    10.9925   3.959976   3.960414   49.26037  -14.50368     5.8816     6.1026    238.811    35.4580    35.4622 0.0000e+00
   1228.917      29495    242.000    10.9894    10.9893   3.959715   3.960120   49.26037  -14.50368     5.8809     6.0984    239.801    35.4577    35.4618 0.0000e+00
   1229.817      29517    243.000    10.9866    10.9869   3.959451   3.959845   49.26037  -14.50368     5.8807     6.0940    240.791    35.4572    35.4610 0.0000e+00
   1230.669      29537    244.000    10.9847    10.9853   3.959232   3.959684   49.26037  -14.50368     5.8793     6.0907    241.782    35.4564    35.4604 0.0000e+00
   1231.477      29556    245.000    10.9833    10.9837   3.959109   3.959577   49.26037  -14.50368     5.8769     6.0883    242.772    35.4562    35.4604 0.0000e+00
   1232.261      29575    246.000    10.9814    10.9819   3.958978   3.959434   49.26037  -14.50368     5.8751     6.0864    243.762    35.4562    35.4603 0.0000e+00
   1233.051      29594    247.000    10.9793    10.9799   3.958787   3.959263   49.26037  -14.50368     5.8741     6.0853    244.753    35.4559    35.4601 0.0000e+00
   1233.887      29614    248.000    10.9775    10.9776   3.958599   3.959050   49.26037  -14.50368     5.8728     6.0850    245.743    35.4553    35.4597 0.0000e+00
   1234.831      29637    249.000    10.9759    10.9753   3.958438   3.958822   49.26037  -14.50368     5.8686     6.0849    246.733    35.4548    35.4592 0.0000e+00
   1235.955      29664    250.000    10.9737    10.9725   3.958278   3.958542   49.26037  -14.50368     5.8622     6.0839    247.724    35.4548    35.4587 0.0000e+00
   1237.205      29694    251.000    10.9701    10.9702   3.957921   3.958281   49.26037  -14.50368     5.8565     6.0758    248.714    35.4543    35.4578 0.0000e+00
   1238.374      29722    252.000    10.9686    10.9692   3.957714   3.958171   49.26037  -14.50368     5.8528     6.0674    249.704    35.4533    35.4572 0.0000e+00
   1239.400      29747    253.000    10.9682    10.9691   3.957697   3.958190   49.26037  -14.50368     5.8541     6.0681    250.694    35.4530    35.4570 0.0000e+00
   1240.348      29769    254.000    10.9683    10.9694   3.957755   3.958266   49.26037  -14.50368     5.8601     6.0726    251.685    35.4530    35.4571 0.0000e+00
   1241.284      29792    255.000    10.9686    10.9698   3.957833   3.958362   49.26037  -14.50368     5.8646     6.0782    252.675    35.4531    35.4572 0.0000e+00
   1242.240      29815    256.000    10.9694    10.9707   3.957961   3.958501   49.26037  -14.50368     5.8652     6.0821    253.665    35.4531    35.4573 0.0000e+00
   1243.196      29838    257.000    10.9710    10.9722   3.958189   3.958719   49.26037  -14.50368     5.8646     6.0839    254.656    35.4534    35.4576 0.0000e+00
   1244.105      29860    258.000    10.9735    10.9747   3.958497   3.959018   49.26037  -14.50368     5.8689     6.0880    255.646    35.4536    35.4577 0.0000e+00
   1244.945      29880    259.000    10.9762    10.9776   3.958904   3.959435   49.26037  -14.50368     5.8766     6.0960    256.636    35.4547    35.4586 0.0000e+00
   1245.731      29899    260.000    10.9782    10.9797   3.959220   3.959790   49.26037  -14.50368     5.8866     6.1047    257.626    35.4554    35.4597 0.0000e+00
   1246.496      29917    261.000    10.9801    10.9812   3.959519   3.960071   49.26037  -14.50368     5.8987     6.1129    258.617    35.4561    35.4606 0.0000e+00
   1247.282      29936    262.000    10.9813    10.9817   3.959779   3.960279   49.26037  -14.50368     5.9097     6.1217    259.607    35.4571    35.4617 0.0000e+00
   1248.150      29957    263.000    10.9813    10.9814   3.959912   3.960350   49.26037  -14.50368     5.9151     6.1287    260.597    35.4581    35.4623 0.0000e+00
   1249.190      29982    264.000    10.9803    10.9809   3.959882   3.960340   49.26037  -14.50368     5.9124     6.1302    261.587    35.4582    35.4623 0.0000e+00
   1250.450      30012    265.000    10.9798    10.9809   3.959849   3.960379   49.26036  -14.50368     5.9054     6.1266    262.577    35.4580    35.4621 0.0000e+00
   1251.757      30043    266.000    10.9800    10.9813   3.959931   3.960474   49.26036  -14.50368     5.9008     6.1193    263.568    35.4581    35.4623 0.0000e+00
   1252.923      30071    267.000    10.9804    10.9815   3.960036   3.960568   49.26037  -14.50368     5.8959     6.1126    264.558    35.4583    35.4625 0.0000e+00
   1253.963      30096    268.000    10.9807    10.9818   3.960131   3.960656   49.26037  -14.50368     5.8926     6.1113    265.548    35.4586    35.4628 0.0000e+00
   1254.925      30119    269.000    10.9806    10.9817   3.960194   3.960713   49.26037  -14.50368     5.8927     6.1111    266.538    35.4588    35.4630 0.0000e+00
   1255.832      30141    270.000    10.9804    10.9815   3.960220   3.960741   49.26037  -14.50368     5.8916     6.1094    267.529    35.4588    35.4629 0.0000e+00
   1256.706      30162    271.000    10.9805    10.9817   3.960254   3.960787   49.26037  -14.50368     5.8908     6.1084    268.519    35.4586    35.4628 0.0000e+00
   1257.562      30182    272.000    10.9810    10.9824   3.960333   3.960884   49.26037  -14.50368     5.8915     6.1089    269.509    35.4585    35.4626 0.0000e+00
   1258.404      30203    273.000    10.9818    10.9832   3.960466   3.961036   49.26037  -14.50368     5.8949     6.1124    270.499    35.4585    35.4629 0.0000e+00
   1259.229      30223    274.000    10.9829    10.9842   3.960623   3.961170   49.26037  -14.50368     5.9011     6.1172    271.489    35.4586    35.4629 0.0000e+00
   1260.043      30242    275.000    10.9845    10.9858   3.960831   3.961371   49.26037  -14.50368     5.9070     6.1210    272.479    35.4587    35.4628 0.0000e+00
   1260.875      30262    276.000    10.9866    10.9881   3.961113   3.961667   49.26037  -14.50368     5.9129     6.1249    273.470    35.4590    35.4632 0.0000e+00
   1261.784      30284    277.000    10.9885    10.9898   3.961449   3.962000   49.26036  -14.50368     5.9180     6.1309    274.460    35.4602    35.4644 0.0000e+00
   1262.844      30309    278.000    10.9887    10.9898   3.961630   3.962160   49.26036  -14.50368     5.9200     6.1366    275.450    35.4613    35.4656 0.0000e+00
   1264.065      30339    279.000    10.9871    10.9878   3.961580   3.962081   49.26036  -14.50368     5.9186     6.1396    276.440    35.4619    35.4662 0.0000e+00
   1265.294      30368    280.000    10.9828    10.9834   3.961273   3.961748   49.26036  -14.50368     5.9146     6.1385    277.430    35.4625    35.4667 0.0000e+00
   1266.378      30394    281.000    10.9768    10.9774   3.960709   3.961182   49.26037  -14.50368     5.9119     6.1325    278.420    35.4623    35.4664 0.0000e+00
   1267.325      30417    282.000    10.9722    10.9730   3.960136   3.960626   49.26037  -14.50368     5.9078     6.1294    279.411    35.4605    35.4646 0.0000e+00
   1268.198      30438    283.000    10.9705    10.9716   3.959869   3.960385   49.26037  -14.50368     5.9039     6.1303    280.401    35.4590    35.4631 0.0000e+00
   1269.049      30458    284.000    10.9694    10.9706   3.959784   3.960326   49.26037  -14.50368     5.9028     6.1306    281.391    35.4587    35.4630 0.0000e+00
   1269.919      30479    285.000    10.9682    10.9693   3.959694   3.960231   49.26037  -14.50368     5.9025     6.1286    282.381    35.4586    35.4629 0.0000e+00
   1270.835      30501    286.000    10.9670    10.9681   3.959592   3.960115   49.26037  -14.50368     5.9005     6.1265    283.371    35.4582    35.4624 0.0000e+00
   1271.806      30524    287.000    10.9664    10.9676   3.959529   3.960054   49.26037  -14.50368     5.9017     6.1258    284.361    35.4578    35.4619 0.0000e+00
   1272.816      30549    288.000    10.9668    10.9680   3.959568   3.960104   49.26037  -14.50368     5.9071     6.1281    285.351    35.4574    35.4615 0.0000e+00
   1273.835      30573    289.000    10.9681    10.9692   3.959727   3.960254   49.26037  -14.50368     5.9133     6.1317    286.341    35.4573    35.4614 0.0000e+00
   1274.815      30597    290.000    10.9705    10.9716   3.959987   3.960503   49.26037  -14.50368     5.9158     6.1351    287.332    35.4571    35.4611 0.0000e+00
