Data_example/SBE_Data_Processed/DY130/SeaBird/Data/Processed/DY130_011cfaldb.cnv
* Sea-Bird SBE 9 Data File:
* FileName = C:\Users\sandm\Documents\Cruises\DY130\Data\Raw Data\DY130_011.hex
* Software Version Seasave V 7.26.7.121
* Temperature SN = 03P-5494
* Conductivity SN = 04C-3768
* Number of Bytes Per Scan = 45
* Number of Voltage Words = 4
* Number of Scans Averaged by the Deck Unit = 1
* NMEA Latitude = 49 00.01 N
* NMEA Longitude = 016 30.03 W
* NMEA UTC (Time) = Apr 08 2021  08:05:03
* NMEA baud rate = 9600
** Ship: RRS Discovery
** Cruise: DY130
** Cast: DY130_011
** Station: 068
** Julian Day: 098
** Date: 08/04/2021
** Time (GMT):
** Latitude: 49 00.01 N
** Longitude: 16 30.03 W
** Depth (uncorrected m): 4808
** Principal Scientist: Sue Hart
** Operator: BP/PH
# nquan = 15
# nvalues = 9703                        
# units = specified
# name 0 = timeS: Time, Elapsed [seconds]
# name 1 = scan: Scan Count
# name 2 = prDM: Pressure, Digiquartz [db]
# name 3 = t090C: Temperature [ITS-90, deg C]
# name 4 = t190C: Temperature, 2 [ITS-90, deg C]
# name 5 = c0S/m: Conductivity [S/m]
# name 6 = c1S/m: Conductivity, 2 [S/m]
# name 7 = latitude: Latitude [deg]
# name 8 = longitude: Longitude [deg]
# name 9 = sbeox0ML/L: Oxygen, SBE 43 [ml/l]
# name 10 = sbeox1ML/L: Oxygen, SBE 43, 2 [ml/l]
# name 11 = depSM: Depth [salt water, m], lat = 49.0002
# name 12 = sal00: Salinity, Practical [PSU]
# name 13 = sal11: Salinity, Practical, 2 [PSU]
# name 14 = flag: flag
# span 0 =    335.620,  18108.535       
# span 1 =       8056,     434606       
# span 2 =      1.000,   4853.000       
# span 3 =     2.5268,    11.7473       
# span 4 =     2.5297,    11.7529       
# span 5 =  -0.103621,   4.027898       
# span 6 =  -0.485623,   4.029496       
# span 7 =   48.98374,   49.00613       
# span 8 =  -16.50258,  -16.49505       
# span 9 =     4.4095,     7.2780       
# span 10 =     4.5733,     7.6846      
# span 11 =      0.991,   4757.770      
# span 12 =    -2.5208,    35.5239      
# span 13 =    -5.9731,    35.5277      
# span 14 = 0.0000e+00, 0.0000e+00      
# interval = decibars: 1                
# start_time = Apr 08 2021 08:05:04 [NMEA time, first data scan]
# bad_flag = -9.990e-29
*END*
[from data line 9446]
  16527.120     396652    257.000    11.3056    11.3152   3.993676   3.995040   48.99989  -16.50041     5.9262     6.1430    254.662    35.4848    35.4891 0.0000e+00
  16528.347     396681    256.000    11.3090    11.3185   3.993924   3.995217   48.99989  -16.50041     5.9293     6.1414    253.671    35.4844    35.4882 0.0000e+00
  16529.430     396707    255.000    11.3123    11.3220   3.994208   3.995546   48.99989  -16.50041     5.9336     6.1427    252.681    35.4845    35.4885 0.0000e+00
  16530.424     396731    254.000    11.3153    11.3244   3.994451   3.995778   48.99989  -16.50040     5.9360     6.1431    251.691    35.4845    35.4890 0.0000e+00
  16531.343     396753    253.000    11.3182    11.3268   3.994699   3.995961   48.99989  -16.50040     5.9358     6.1440    250.700    35.4847    35.4889 0.0000e+00
  16532.202     396774    252.000    11.3207    11.3298   3.994922   3.996199   48.99989  -16.50039     5.9349     6.1481    249.710    35.4849    35.4889 0.0000e+00
  16533.013     396793    251.000    11.3234    11.3325   3.995138   3.996474   48.99989  -16.50039     5.9361     6.1523    248.720    35.4850    35.4894 0.0000e+00
  16533.778     396812    250.000    11.3259    11.3345   3.995372   3.996684   48.99989  -16.50039     5.9403     6.1546    247.729    35.4853    35.4901 0.0000e+00
  16534.518     396829    249.000    11.3280    11.3359   3.995589   3.996824   48.99988  -16.50039     5.9451     6.1552    246.739    35.4858    35.4905 0.0000e+00
  16535.281     396848    248.000    11.3291    11.3369   3.995741   3.996921   48.99988  -16.50039     5.9471     6.1551    245.749    35.4867    35.4910 0.0000e+00
  16536.174     396869    247.000    11.3287    11.3374   3.995737   3.996965   48.99988  -16.50039     5.9449     6.1531    244.759    35.4876    35.4914 0.0000e+00
  16537.505     396901    246.000    11.3275    11.3374   3.995580   3.996944   48.99988  -16.50039     5.9408     6.1497    243.768    35.4876    35.4916 0.0000e+00
  16539.321     396945    245.000    11.3271    11.3373   3.995401   3.996883   48.99989  -16.50039     5.9362     6.1471    242.778    35.4867    35.4915 0.0000e+00
  16540.675     396977    244.000    11.3302    11.3414   3.995619   3.997045   48.99989  -16.50039     5.9392     6.1470    241.788    35.4863    35.4896 0.0000e+00
  16541.670     397001    243.000    11.3350    11.3495   3.995946   3.997682   48.99988  -16.50039     5.9425     6.1475    240.797    35.4854    35.4887 0.0000e+00
  16542.499     397021    242.000    11.3415    11.3581   3.996475   3.998483   48.99988  -16.50039     5.9431     6.1466    239.807    35.4849    35.4888 0.0000e+00
  16543.239     397039    241.000    11.3490    11.3659   3.997153   3.999342   48.99988  -16.50039     5.9429     6.1453    238.816    35.4848    35.4903 0.0000e+00
  16543.940     397056    240.000    11.3562    11.3720   3.997937   4.000116   48.99988  -16.50039     5.9428     6.1456    237.826    35.4861    35.4925 0.0000e+00
  16544.646     397073    239.000    11.3609    11.3759   3.998629   4.000691   48.99988  -16.50039     5.9421     6.1477    236.836    35.4889    35.4950 0.0000e+00
  16545.409     397091    238.000    11.3623    11.3792   3.998986   4.001086   48.99988  -16.50039     5.9402     6.1512    235.845    35.4915    35.4961 0.0000e+00
  16546.314     397113    237.000    11.3600    11.3819   3.998884   4.001464   48.99989  -16.50039     5.9415     6.1552    234.855    35.4931    35.4977 0.0000e+00
  16547.515     397141    236.000    11.3566    11.3820   3.998470   4.001638   48.99989  -16.50039     5.9444     6.1588    233.865    35.4928    35.4997 0.0000e+00
  16549.220     397182    235.000    11.3567    11.3758   3.998159   4.001131   48.99989  -16.50040     5.9424     6.1568    232.874    35.4901    35.5012 0.0000e+00
  16550.845     397221    234.000    11.3631    11.3759   3.998800   4.000598   48.99989  -16.50040     5.9411     6.1512    231.884    35.4907    35.4962 0.0000e+00
  16551.868     397246    233.000    11.3707    11.3876   3.999343   4.001381   48.99988  -16.50039     5.9415     6.1516    230.893    35.4892    35.4932 0.0000e+00
  16552.680     397265    232.000    11.3811    11.3992   4.000321   4.002603   48.99988  -16.50039     5.9454     6.1549    229.903    35.4894    35.4946 0.0000e+00
  16553.432     397283    231.000    11.3898    11.4073   4.001352   4.003669   48.99987  -16.50039     5.9491     6.1578    228.913    35.4917    35.4978 0.0000e+00
  16554.199     397302    230.000    11.3965    11.4124   4.002202   4.004407   48.99987  -16.50039     5.9507     6.1588    227.922    35.4941    35.5008 0.0000e+00
  16555.037     397322    229.000    11.4008    11.4152   4.002819   4.004850   48.99988  -16.50039     5.9516     6.1596    226.932    35.4966    35.5029 0.0000e+00
  16555.964     397344    228.000    11.4035    11.4164   4.003169   4.005065   48.99988  -16.50039     5.9527     6.1621    225.941    35.4979    35.5043 0.0000e+00
  16556.965     397368    227.000    11.4053    11.4155   4.003377   4.005050   48.99989  -16.50039     5.9514     6.1637    224.951    35.4986    35.5055 0.0000e+00
  16558.112     397396    226.000    11.4060    11.4129   4.003523   4.004732   48.99989  -16.50040     5.9506     6.1634    223.960    35.4998    35.5052 0.0000e+00
  16559.567     397431    225.000    11.4020    11.4089   4.003118   4.004308   48.99989  -16.50040     5.9518     6.1658    222.970    35.5002    35.5053 0.0000e+00
  16560.912     397463    224.000    11.4018    11.3997   4.002924   4.003400   48.99989  -16.50040     5.9509     6.1659    221.980    35.4989    35.5057 0.0000e+00
  16561.814     397485    223.000    11.3985    11.3882   4.002706   4.002294   48.99989  -16.50039     5.9515     6.1608    220.989    35.5004    35.5061 0.0000e+00
  16562.509     397501    222.000    11.3916    11.3782   4.002080   4.000958   48.99989  -16.50039     5.9500     6.1524    219.999    35.5012    35.5029 0.0000e+00
  16563.111     397516    221.000    11.3835    11.3746   4.001179   3.999965   48.99988  -16.50039     5.9470     6.1426    219.008    35.5005    35.4970 0.0000e+00
  16563.676     397529    220.000    11.3772    11.3751   4.000180   3.999572   48.99988  -16.50039     5.9432     6.1322    218.018    35.4970    35.4930 0.0000e+00
  16564.251     397543    219.000    11.3741    11.3775   3.999452   3.999603   48.99988  -16.50039     5.9382     6.1209    217.027    35.4933    35.4915 0.0000e+00
  16564.901     397559    218.000    11.3734    11.3804   3.999081   3.999854   48.99988  -16.50039     5.9305     6.1083    216.037    35.4907    35.4916 0.0000e+00
  16565.883     397582    217.000    11.3746    11.3825   3.999089   4.000179   48.99988  -16.50040     5.9224     6.0924    215.046    35.4901    35.4934 0.0000e+00
  16569.889     397678    216.000    11.3759    11.3827   3.999199   4.000131   48.99989  -16.50040     5.9231     6.0874    214.056    35.4904    35.4931 0.0000e+00
  16570.706     397698    215.000    11.3773    11.3868   3.999233   4.000371   48.99989  -16.50039     5.9193     6.0918    213.065    35.4898    35.4920 0.0000e+00
  16571.384     397714    214.000    11.3793    11.3906   3.999322   4.000681   48.99989  -16.50039     5.9153     6.0931    212.075    35.4893    35.4919 0.0000e+00
  16571.991     397729    213.000    11.3817    11.3951   3.999476   4.001007   48.99989  -16.50039     5.9116     6.0924    211.084    35.4889    35.4912 0.0000e+00
  16572.600     397743    212.000    11.3841    11.3990   3.999695   4.001468   48.99989  -16.50040     5.9059     6.0902    210.094    35.4892    35.4925 0.0000e+00
  16573.288     397760    211.000    11.3854    11.4014   3.999894   4.001833   48.99989  -16.50040     5.8975     6.0862    209.103    35.4904    35.4942 0.0000e+00
  16574.214     397782    210.000    11.3852    11.4027   3.999898   4.002043   48.99989  -16.50041     5.8913     6.0802    208.113    35.4911    35.4956 0.0000e+00
  16575.558     397814    209.000    11.3882    11.4032   4.000041   4.002114   48.99989  -16.50041     5.8935     6.0768    207.122    35.4900    35.4962 0.0000e+00
  16576.771     397844    208.000    11.3900    11.4038   4.000266   4.002097   48.99989  -16.50041     5.8924     6.0771    206.132    35.4910    35.4960 0.0000e+00
  16577.613     397864    207.000    11.3935    11.4063   4.000400   4.002175   48.99989  -16.50040     5.8930     6.0774    205.141    35.4895    35.4947 0.0000e+00
  16578.311     397880    206.000    11.3980    11.4090   4.000772   4.002390   48.99989  -16.50040     5.8925     6.0780    204.151    35.4892    35.4947 0.0000e+00
  16578.950     397896    205.000    11.4016    11.4114   4.001155   4.002595   48.99989  -16.50040     5.8893     6.0796    203.160    35.4900    35.4948 0.0000e+00
  16579.578     397911    204.000    11.4043    11.4135   4.001458   4.002806   48.99989  -16.50040     5.8862     6.0824    202.170    35.4909    35.4954 0.0000e+00
  16580.245     397927    203.000    11.4061    11.4149   4.001678   4.002976   48.99989  -16.50040     5.8847     6.0858    201.179    35.4917    35.4962 0.0000e+00
  16581.053     397946    202.000    11.4062    11.4155   4.001780   4.003077   48.99989  -16.50042     5.8829     6.0893    200.189    35.4932    35.4970 0.0000e+00
  16583.591     398007    201.000    11.4054    11.4164   4.001674   4.003153   48.99989  -16.50043     5.8783     6.0886    199.198    35.4933    35.4974 0.0000e+00
  16586.250     398071    200.000    11.4076    11.4203   4.001732   4.003332   48.99989  -16.50041     5.8731     6.0862    198.208    35.4922    35.4959 0.0000e+00
  16586.917     398087    199.000    11.4104    11.4257   4.001874   4.003663   48.99989  -16.50041     5.8715     6.0875    197.217    35.4914    35.4944 0.0000e+00
  16587.509     398101    198.000    11.4141    11.4332   4.002128   4.004160   48.99989  -16.50040     5.8733     6.0897    196.226    35.4908    35.4926 0.0000e+00
  16588.049     398114    197.000    11.4184    11.4410   4.002479   4.004904   48.99989  -16.50040     5.8776     6.0942    195.236    35.4906    35.4929 0.0000e+00
  16588.580     398127    196.000    11.4229    11.4466   4.002904   4.005683   48.99989  -16.50040     5.8829     6.1018    194.245    35.4910    35.4957 0.0000e+00
  16589.136     398140    195.000    11.4265    11.4503   4.003365   4.006256   48.99989  -16.50040     5.8894     6.1130    193.255    35.4925    35.4982 0.0000e+00
  16589.761     398155    194.000    11.4276    11.4523   4.003687   4.006625   48.99989  -16.50041     5.8968     6.1270    192.264    35.4950    35.5005 0.0000e+00
  16590.542     398174    193.000    11.4249    11.4524   4.003607   4.006761   48.99989  -16.50042     5.9024     6.1433    191.273    35.4973    35.5022 0.0000e+00
  16591.714     398202    192.000    11.4260    11.4496   4.003308   4.006562   48.99989  -16.50043     5.9011     6.1581    190.283    35.4937    35.5033 0.0000e+00
  16593.354     398242    191.000    11.4348    11.4475   4.004259   4.006099   48.99989  -16.50043     5.9032     6.1464    189.292    35.4952    35.5012 0.0000e+00
  16594.640     398272    190.000    11.4362    11.4545   4.004427   4.006534   48.99989  -16.50041     5.9099     6.1321    188.302    35.4960    35.4992 0.0000e+00
  16595.562     398294    189.000    11.4420    11.4652   4.004740   4.007354   48.99988  -16.50041     5.9166     6.1450    187.311    35.4939    35.4975 0.0000e+00
  16596.389     398314    188.000    11.4500    11.4766   4.005505   4.008565   48.99988  -16.50041     5.9304     6.1719    186.320    35.4943    35.4990 0.0000e+00
  16597.265     398335    187.000    11.4558    11.4836   4.006319   4.009674   48.99988  -16.50041     5.9524     6.1998    185.330    35.4972    35.5037 0.0000e+00
  16598.374     398362    186.000    11.4553    11.4870   4.006513   4.010259   48.99988  -16.50042     5.9677     6.2163    184.339    35.5000    35.5067 0.0000e+00
  16599.768     398395    185.000    11.4586    11.4889   4.006603   4.010522   48.99988  -16.50042     5.9637     6.2161    183.349    35.4982    35.5079 0.0000e+00
  16601.030     398426    184.000    11.4652    11.4910   4.007194   4.010642   48.99989  -16.50041     5.9661     6.2114    182.358    35.4982    35.5076 0.0000e+00
  16602.123     398452    183.000    11.4751    11.4946   4.008161   4.010986   48.99989  -16.50040     5.9774     6.2077    181.367    35.4987    35.5080 0.0000e+00
  16603.221     398478    182.000    11.4797    11.4975   4.008921   4.011297   48.99989  -16.50040     5.9874     6.2056    180.377    35.5022    35.5086 0.0000e+00
  16604.293     398504    181.000    11.4853    11.5004   4.009322   4.011583   48.99989  -16.50040     5.9930     6.2047    179.386    35.5013    35.5091 0.0000e+00
  16605.183     398525    180.000    11.4916    11.5035   4.009969   4.011822   48.99989  -16.50039     5.9952     6.2030    178.395    35.5021    35.5090 0.0000e+00
  16605.916     398543    179.000    11.4965    11.5080   4.010513   4.012111   48.99989  -16.50039     5.9979     6.2021    177.405    35.5032    35.5080 0.0000e+00
  16606.567     398559    178.000    11.5007    11.5129   4.010952   4.012569   48.99989  -16.50039     6.0014     6.2006    176.414    35.5040    35.5083 0.0000e+00
  16607.204     398574    177.000    11.5044    11.5151   4.011380   4.012994   48.99989  -16.50040     6.0030     6.1976    175.423    35.5051    35.5108 0.0000e+00
  16607.901     398591    176.000    11.5060    11.5153   4.011718   4.013087   48.99989  -16.50040     6.0014     6.1909    174.433    35.5074    35.5120 0.0000e+00
  16608.864     398614    175.000    11.5050    11.5152   4.011697   4.013028   48.99989  -16.50041     5.9959     6.1785    173.442    35.5085    35.5119 0.0000e+00
  16610.896     398663    174.000    11.5055    11.5152   4.011627   4.012998   48.99988  -16.50041     5.9921     6.1677    172.451    35.5078    35.5120 0.0000e+00
  16612.532     398702    173.000    11.5064    11.5142   4.011666   4.012861   48.99987  -16.50040     5.9908     6.1666    171.461    35.5078    35.5121 0.0000e+00
  16613.385     398722    172.000    11.5080    11.5131   4.011715   4.012680   48.99987  -16.50040     5.9874     6.1616    170.470    35.5072    35.5118 0.0000e+00
  16614.128     398740    171.000    11.5092    11.5123   4.011799   4.012480   48.99987  -16.50040     5.9813     6.1547    169.479    35.5073    35.5110 0.0000e+00
  16614.872     398758    170.000    11.5097    11.5118   4.011815   4.012328   48.99987  -16.50040     5.9721     6.1455    168.489    35.5075    35.5105 0.0000e+00
  16615.713     398778    169.000    11.5096    11.5115   4.011768   4.012218   48.99987  -16.50040     5.9616     6.1363    167.498    35.5076    35.5101 0.0000e+00
  16616.738     398803    168.000    11.5091    11.5114   4.011698   4.012142   48.99987  -16.50040     5.9565     6.1316    166.507    35.5077    35.5099 0.0000e+00
  16617.924     398831    167.000    11.5090    11.5116   4.011621   4.012100   48.99988  -16.50040     5.9641     6.1318    165.517    35.5076    35.5098 0.0000e+00
  16619.121     398860    166.000    11.5093    11.5120   4.011553   4.012089   48.99988  -16.50040     5.9636     6.1356    164.526    35.5071    35.5097 0.0000e+00
  16620.267     398887    165.000    11.5097    11.5129   4.011505   4.012095   48.99988  -16.50040     5.9529     6.1373    163.535    35.5066    35.5094 0.0000e+00
  16621.331     398913    164.000    11.5104    11.5148   4.011479   4.012171   48.99987  -16.50040     5.9419     6.1367    162.544    35.5061    35.5088 0.0000e+00
  16622.277     398936    163.000    11.5115    11.5178   4.011490   4.012326   48.99987  -16.50040     5.9338     6.1364    161.554    35.5057    35.5079 0.0000e+00
  16623.113     398956    162.000    11.5130    11.5219   4.011544   4.012593   48.99987  -16.50039     5.9282     6.1377    160.563    35.5052    35.5070 0.0000e+00
