Data_example/SBE_Data_Processed/DY130/SeaBird/Data/Processed/DY130_007cfaldb.cnv
* Sea-Bird SBE 9 Data File:
* FileName = C:\Users\sandm\Documents\Cruises\DY130\Data\Raw Data\DY130_007.hex
* Software Version Seasave V 7.26.7.121
* Temperature SN = 03P-5494
* Conductivity SN = 04C-3768
* Number of Bytes Per Scan = 45
* Number of Voltage Words = 4
* Number of Scans Averaged by the Deck Unit = 1
* NMEA Latitude = 49 04.68 N
* NMEA Longitude = 016 30.90 W
* NMEA UTC (Time) = Apr 04 2021  09:05:22
* NMEA baud rate = 9600
** Ship: RRS Discovery
** Cruise: DY130
** Cast: DY130_007
** Station: 046
** Julian Day: 094
** Date: 04/04/21
** Time (GMT): 09:05
** Latitude: 49 04.66 N
** Longitude: 16 30.89 W
** Depth (uncorrected m): 4808
** Principal Scientist: Sue Hart
** Operator: BP/PH BP/PH
# nquan = 15
# nvalues = 2022                        
# units = specified
# name 0 = timeS: Time, Elapsed [seconds]
# name 1 = scan: Scan Count
# name 2 = prDM: Pressure, Digiquartz [db]
# name 3 = t090C: Temperature [ITS-90, deg C]
# name 4 = t190C: Temperature, 2 [ITS-90, deg C]
# name 5 = c0S/m: Conductivity [S/m]
# name 6 = c1S/m: Conductivity, 2 [S/m]
# name 7 = latitude: Latitude [deg]
# name 8 = longitude: Longitude [deg]
# name 9 = sbeox0ML/L: Oxygen, SBE 43 [ml/l]
# name 10 = sbeox1ML/L: Oxygen, SBE 43, 2 [ml/l]
# name 11 = depSM: Depth [salt water, m], lat = 49.078
# name 12 = sal00: Salinity, Practical [PSU]
# name 13 = sal11: Salinity, Practical, 2 [PSU]
# name 14 = flag: flag
# span 0 =    267.690,   5835.241       
# span 1 =       6426,     140047       
# span 2 =      2.000,   1013.000       
# span 3 =     6.9808,    11.6309       
# span 4 =     6.9790,    11.6323       
# span 5 =   3.589836,   4.064778       
# span 6 =   3.211971,   4.065249       
# span 7 =   49.07787,   49.93023       
# span 8 =  -16.80169,  -16.51487       
# span 9 =     4.4032,     6.3864       
# span 10 =     4.5862,     7.6248      
# span 11 =      1.983,   1001.956      
# span 12 =    34.1837,    36.1025      
# span 13 =    28.0695,    36.1058      
# span 14 = 0.0000e+00, 0.0000e+00      
# interval = decibars: 1                
# start_time = Apr 04 2021 09:05:23 [NMEA time, first data scan]
# bad_flag = -9.990e-29
*END*
[from data line 290]
   1193.857      28654    292.000    10.9372    10.9382   3.954258   3.954727   49.07797  -16.51489     6.0426     6.2821    289.317    35.4310    35.4346 0.0000e+00
   1195.264      28687    293.000    10.9361    10.9371   3.954165   3.954597   49.07797  -16.51489     6.0464     6.2789    290.307    35.4306    35.4340 0.0000e+00
   1196.704      28722    294.000    10.9337    10.9352   3.954003   3.954477   49.07797  -16.51489     6.0446     6.2785    291.297    35.4309    35.4342 0.0000e+00
   1197.979      28752    295.000    10.9314    10.9329   3.953740   3.954264   49.07797  -16.51489     6.0390     6.2806    292.287    35.4300    35.4338 0.0000e+00
   1199.119      28780    296.000    10.9310    10.9321   3.953700   3.954173   49.07797  -16.51489     6.0377     6.2784    293.277    35.4296    35.4332 0.0000e+00
   1200.225      28806    297.000    10.9307    10.9310   3.953718   3.954129   49.07797  -16.51489     6.0396     6.2752    294.267    35.4296    35.4334 0.0000e+00
   1201.370      28834    298.000    10.9293    10.9288   3.953658   3.953963   49.07797  -16.51489     6.0432     6.2727    295.257    35.4299    35.4334 0.0000e+00
   1202.597      28863    299.000    10.9269    10.9266   3.953451   3.953730   49.07797  -16.51489     6.0447     6.2714    296.247    35.4297    35.4327 0.0000e+00
   1203.872      28894    300.000    10.9248    10.9252   3.953232   3.953593   49.07797  -16.51489     6.0408     6.2740    297.237    35.4290    35.4323 0.0000e+00
   1205.100      28923    301.000    10.9234    10.9242   3.953109   3.953517   49.07796  -16.51489     6.0365     6.2749    298.227    35.4287    35.4321 0.0000e+00
   1206.244      28951    302.000    10.9218    10.9228   3.952987   3.953431   49.07796  -16.51489     6.0342     6.2712    299.217    35.4286    35.4321 0.0000e+00
   1207.335      28977    303.000    10.9200    10.9213   3.952837   3.953314   49.07795  -16.51489     6.0340     6.2703    300.208    35.4284    35.4319 0.0000e+00
   1208.409      29003    304.000    10.9186    10.9198   3.952714   3.953186   49.07795  -16.51489     6.0358     6.2710    301.198    35.4280    35.4317 0.0000e+00
   1209.492      29029    305.000    10.9175    10.9183   3.952623   3.953071   49.07795  -16.51489     6.0359     6.2691    302.188    35.4278    35.4314 0.0000e+00
   1210.604      29055    306.000    10.9164    10.9170   3.952546   3.952965   49.07795  -16.51489     6.0332     6.2678    303.178    35.4276    35.4312 0.0000e+00
   1211.781      29084    307.000    10.9156    10.9164   3.952500   3.952913   49.07795  -16.51489     6.0296     6.2663    304.168    35.4274    35.4308 0.0000e+00
   1213.087      29115    308.000    10.9152    10.9162   3.952492   3.952923   49.07795  -16.51489     6.0255     6.2648    305.158    35.4273    35.4307 0.0000e+00
   1214.524      29150    309.000    10.9152    10.9162   3.952529   3.952973   49.07795  -16.51489     6.0244     6.2628    306.148    35.4272    35.4307 0.0000e+00
   1215.892      29182    310.000    10.9155    10.9165   3.952603   3.953057   49.07795  -16.51489     6.0234     6.2580    307.138    35.4273    35.4308 0.0000e+00
   1217.064      29211    311.000    10.9159    10.9169   3.952715   3.953160   49.07795  -16.51488     6.0199     6.2519    308.128    35.4275    35.4310 0.0000e+00
   1218.128      29236    312.000    10.9163    10.9173   3.952817   3.953257   49.07795  -16.51488     6.0158     6.2471    309.118    35.4278    35.4312 0.0000e+00
   1219.202      29262    313.000    10.9167    10.9177   3.952914   3.953362   49.07795  -16.51487     6.0105     6.2456    310.108    35.4278    35.4314 0.0000e+00
   1220.388      29290    314.000    10.9173    10.9183   3.953041   3.953481   49.07795  -16.51487     6.0068     6.2448    311.098    35.4281    35.4315 0.0000e+00
   1221.723      29322    315.000    10.9181    10.9194   3.953180   3.953653   49.07795  -16.51487     6.0007     6.2404    312.088    35.4283    35.4317 0.0000e+00
   1223.050      29354    316.000    10.9198    10.9211   3.953393   3.953889   49.07795  -16.51487     5.9936     6.2348    313.078    35.4283    35.4320 0.0000e+00
   1224.214      29382    317.000    10.9229    10.9239   3.953755   3.954206   49.07795  -16.51488     5.9882     6.2295    314.068    35.4285    35.4321 0.0000e+00
   1225.255      29407    318.000    10.9263    10.9272   3.954223   3.954655   49.07795  -16.51488     5.9819     6.2204    315.058    35.4295    35.4329 0.0000e+00
   1226.265      29431    319.000    10.9295    10.9305   3.954691   3.955135   49.07795  -16.51488     5.9714     6.2070    316.048    35.4306    35.4341 0.0000e+00
   1227.322      29457    320.000    10.9301    10.9308   3.955043   3.955474   49.07795  -16.51487     5.9546     6.1899    317.038    35.4331    35.4367 0.0000e+00
   1228.495      29485    321.000    10.9274    10.9284   3.954937   3.955375   49.07795  -16.51487     5.9343     6.1718    318.028    35.4342    35.4376 0.0000e+00
   1229.814      29517    322.000    10.9243    10.9254   3.954649   3.955113   49.07794  -16.51488     5.9220     6.1584    319.018    35.4339    35.4375 0.0000e+00
   1231.200      29550    323.000    10.9220    10.9228   3.954406   3.954838   49.07794  -16.51488     5.9164     6.1555    320.008    35.4332    35.4367 0.0000e+00
   1232.526      29582    324.000    10.9202    10.9212   3.954258   3.954697   49.07793  -16.51489     5.9176     6.1559    320.998    35.4330    35.4364 0.0000e+00
   1233.718      29610    325.000    10.9182    10.9195   3.954103   3.954575   49.07793  -16.51489     5.9194     6.1546    321.988    35.4330    35.4364 0.0000e+00
   1234.778      29636    326.000    10.9161    10.9174   3.953908   3.954407   49.07793  -16.51489     5.9172     6.1531    322.978    35.4325    35.4363 0.0000e+00
   1235.762      29659    327.000    10.9151    10.9157   3.953789   3.954234   49.07793  -16.51489     5.9157     6.1517    323.968    35.4319    35.4358 0.0000e+00
   1236.775      29684    328.000    10.9146    10.9138   3.953755   3.954087   49.07793  -16.51489     5.9167     6.1519    324.958    35.4316    35.4356 0.0000e+00
   1238.016      29713    329.000    10.9141    10.9097   3.953754   3.953752   49.07793  -16.51489     5.9171     6.1532    325.947    35.4316    35.4358 0.0000e+00
   1239.643      29752    330.000    10.9083    10.9049   3.953366   3.953200   49.07793  -16.51489     5.9130     6.1505    326.937    35.4329    35.4345 0.0000e+00
   1241.110      29788    331.000    10.8997    10.8993   3.952477   3.952693   49.07793  -16.51489     5.9144     6.1473    327.927    35.4318    35.4344 0.0000e+00
   1242.203      29814    332.000    10.8937    10.8939   3.951845   3.952181   49.07793  -16.51489     5.9135     6.1469    328.917    35.4308    35.4340 0.0000e+00
   1243.151      29837    333.000    10.8882    10.8887   3.951279   3.951658   49.07793  -16.51489     5.9092     6.1476    329.907    35.4300    35.4334 0.0000e+00
   1244.092      29859    334.000    10.8831    10.8840   3.950688   3.951118   49.07793  -16.51489     5.9092     6.1503    330.897    35.4286    35.4320 0.0000e+00
   1245.141      29884    335.000    10.8800    10.8807   3.950257   3.950682   49.07793  -16.51489     5.9150     6.1562    331.887    35.4268    35.4304 0.0000e+00
   1246.418      29915    336.000    10.8774    10.8779   3.949972   3.950372   49.07793  -16.51489     5.9220     6.1598    332.877    35.4260    35.4295 0.0000e+00
   1247.855      29950    337.000    10.8734    10.8748   3.949611   3.950061   49.07793  -16.51490     5.9271     6.1624    333.867    35.4258    35.4290 0.0000e+00
   1249.193      29982    338.000    10.8670    10.8698   3.949011   3.949640   49.07793  -16.51490     5.9310     6.1678    334.857    35.4255    35.4291 0.0000e+00
   1250.340      30009    339.000    10.8624    10.8639   3.948415   3.949008   49.07793  -16.51491     5.9307     6.1706    335.847    35.4235    35.4281 0.0000e+00
   1251.383      30034    340.000    10.8596    10.8595   3.948093   3.948503   49.07793  -16.51491     5.9326     6.1730    336.837    35.4225    35.4268 0.0000e+00
   1252.412      30059    341.000    10.8563    10.8554   3.947799   3.948069   49.07793  -16.51491     5.9350     6.1787    337.826    35.4223    35.4259 0.0000e+00
   1253.498      30085    342.000    10.8526    10.8520   3.947398   3.947635   49.07793  -16.51491     5.9387     6.1864    338.816    35.4215    35.4245 0.0000e+00
   1254.668      30113    343.000    10.8495    10.8505   3.947005   3.947420   49.07793  -16.51491     5.9463     6.1908    339.806    35.4201    35.4232 0.0000e+00
   1255.884      30142    344.000    10.8480    10.8494   3.946826   3.947312   49.07793  -16.51491     5.9500     6.1924    340.796    35.4193    35.4228 0.0000e+00
   1257.158      30173    345.000    10.8470    10.8488   3.946737   3.947257   49.07793  -16.51493     5.9490     6.1905    341.786    35.4189    35.4224 0.0000e+00
   1258.553      30206    346.000    10.8459    10.8479   3.946654   3.947215   49.07793  -16.51493     5.9511     6.1873    342.776    35.4186    35.4224 0.0000e+00
   1259.903      30239    347.000    10.8446    10.8458   3.946556   3.947050   49.07793  -16.51493     5.9514     6.1882    343.766    35.4185    35.4223 0.0000e+00
   1261.038      30266    348.000    10.8422    10.8431   3.946394   3.946851   49.07793  -16.51493     5.9497     6.1897    344.755    35.4187    35.4224 0.0000e+00
   1262.066      30291    349.000    10.8388    10.8389   3.946062   3.946453   49.07793  -16.51493     5.9498     6.1931    345.745    35.4183    35.4221 0.0000e+00
   1263.139      30316    350.000    10.8366    10.8364   3.945785   3.946104   49.07793  -16.51493     5.9535     6.1981    346.735    35.4171    35.4205 0.0000e+00
   1264.407      30347    351.000    10.8353    10.8355   3.945622   3.945963   49.07793  -16.51493     5.9546     6.2007    347.725    35.4163    35.4195 0.0000e+00
   1265.802      30380    352.000    10.8343    10.8350   3.945552   3.945949   49.07793  -16.51493     5.9531     6.1986    348.715    35.4161    35.4195 0.0000e+00
   1267.030      30410    353.000    10.8333    10.8342   3.945493   3.945907   49.07793  -16.51493     5.9560     6.1977    349.705    35.4160    35.4194 0.0000e+00
   1268.061      30434    354.000    10.8321    10.8330   3.945418   3.945857   49.07793  -16.51493     5.9552     6.1962    350.694    35.4160    35.4195 0.0000e+00
   1269.016      30457    355.000    10.8310    10.8320   3.945322   3.945761   49.07793  -16.51493     5.9538     6.1950    351.684    35.4156    35.4191 0.0000e+00
   1270.020      30481    356.000    10.8307    10.8316   3.945303   3.945736   49.07793  -16.51493     5.9570     6.1956    352.674    35.4154    35.4188 0.0000e+00
   1271.216      30510    357.000    10.8303    10.8315   3.945305   3.945756   49.07793  -16.51493     5.9631     6.1976    353.664    35.4153    35.4186 0.0000e+00
   1272.662      30545    358.000    10.8299    10.8314   3.945297   3.945782   49.07793  -16.51493     5.9622     6.1978    354.654    35.4151    35.4185 0.0000e+00
   1274.104      30579    359.000    10.8292    10.8308   3.945278   3.945788   49.07793  -16.51493     5.9567     6.1981    355.643    35.4152    35.4187 0.0000e+00
   1275.301      30608    360.000    10.8283    10.8297   3.945215   3.945725   49.07793  -16.51493     5.9531     6.1979    356.633    35.4150    35.4187 0.0000e+00
   1276.323      30633    361.000    10.8279    10.8291   3.945200   3.945676   49.07793  -16.51493     5.9543     6.1967    357.623    35.4148    35.4184 0.0000e+00
   1277.311      30656    362.000    10.8278    10.8285   3.945211   3.945652   49.07793  -16.51493     5.9555     6.1957    358.613    35.4145    35.4182 0.0000e+00
   1278.402      30683    363.000    10.8277    10.8285   3.945256   3.945663   49.07793  -16.51493     5.9564     6.1968    359.603    35.4146    35.4180 0.0000e+00
   1279.697      30714    364.000    10.8276    10.8284   3.945292   3.945708   49.07793  -16.51493     5.9600     6.1975    360.592    35.4146    35.4180 0.0000e+00
   1281.133      30748    365.000    10.8267    10.8276   3.945255   3.945681   49.07793  -16.51493     5.9597     6.1973    361.582    35.4147    35.4181 0.0000e+00
   1282.506      30781    366.000    10.8257    10.8266   3.945193   3.945630   49.07793  -16.51493     5.9591     6.1959    362.572    35.4146    35.4181 0.0000e+00
   1283.718      30810    367.000    10.8237    10.8243   3.945080   3.945490   49.07793  -16.51493     5.9580     6.1933    363.562    35.4149    35.4184 0.0000e+00
   1284.791      30836    368.000    10.8203    10.8207   3.944829   3.945217   49.07793  -16.51493     5.9552     6.1928    364.551    35.4153    35.4188 0.0000e+00
   1285.784      30860    369.000    10.8152    10.8155   3.944404   3.944778   49.07793  -16.51493     5.9536     6.1954    365.541    35.4154    35.4189 0.0000e+00
   1286.768      30883    370.000    10.8107    10.8113   3.943886   3.944276   49.07793  -16.51493     5.9520     6.1966    366.531    35.4142    35.4174 0.0000e+00
   1287.821      30909    371.000    10.8083    10.8092   3.943563   3.943982   49.07793  -16.51493     5.9509     6.1977    367.521    35.4127    35.4161 0.0000e+00
   1289.007      30937    372.000    10.8072    10.8080   3.943438   3.943857   49.07793  -16.51493     5.9504     6.2001    368.510    35.4121    35.4156 0.0000e+00
   1290.295      30968    373.000    10.8060    10.8069   3.943362   3.943784   49.07792  -16.51493     5.9486     6.2007    369.500    35.4121    35.4154 0.0000e+00
   1291.571      30999    374.000    10.8047    10.8057   3.943263   3.943701   49.07792  -16.51493     5.9500     6.1973    370.490    35.4119    35.4153 0.0000e+00
   1292.807      31028    375.000    10.8038    10.8048   3.943198   3.943634   49.07792  -16.51493     5.9503     6.1929    371.479    35.4117    35.4151 0.0000e+00
   1294.029      31058    376.000    10.8033    10.8042   3.943182   3.943611   49.07792  -16.51493     5.9464     6.1911    372.469    35.4115    35.4150 0.0000e+00
   1295.189      31086    377.000    10.8029    10.8037   3.943187   3.943609   49.07791  -16.51491     5.9442     6.1912    373.459    35.4115    35.4150 0.0000e+00
   1296.298      31112    378.000    10.8022    10.8030   3.943171   3.943590   49.07791  -16.51491     5.9511     6.1897    374.449    35.4116    35.4151 0.0000e+00
   1297.483      31141    379.000    10.8015    10.8022   3.943139   3.943550   49.07791  -16.51491     5.9563     6.1882    375.438    35.4115    35.4149 0.0000e+00
   1298.853      31173    380.000    10.8008    10.8014   3.943114   3.943513   49.07791  -16.51491     5.9529     6.1843    376.428    35.4115    35.4149 0.0000e+00
   1300.251      31207    381.000    10.8000    10.8009   3.943076   3.943493   49.07792  -16.51491     5.9441     6.1817    377.418    35.4114    35.4147 0.0000e+00
   1301.446      31236    382.000    10.7992    10.8003   3.943051   3.943496   49.07793  -16.51491     5.9382     6.1801    378.407    35.4115    35.4149 0.0000e+00
   1302.474      31260    383.000    10.7982    10.7993   3.943013   3.943465   49.07792  -16.51491     5.9361     6.1783    379.397    35.4116    35.4151 0.0000e+00
   1303.452      31284    384.000    10.7965    10.7979   3.942934   3.943400   49.07791  -16.51490     5.9373     6.1786    380.387    35.4120    35.4154 0.0000e+00
   1304.511      31309    385.000    10.7933    10.7949   3.942694   3.943199   49.07791  -16.51490     5.9384     6.1807    381.376    35.4122    35.4158 0.0000e+00
   1305.790      31340    386.000    10.7911    10.7926   3.942421   3.942943   49.07791  -16.51489     5.9400     6.1795    382.366    35.4113    35.4150 0.0000e+00
