Data_example/SBE_Data_Processed/DY130/SeaBird/Data/Processed/DY130_008cfaldb.cnv
* Sea-Bird SBE 9 Data File:
* FileName = C:\Users\sandm\Documents\Cruises\DY130\Data\Raw Data\DY130_008.hex
* Software Version Seasave V 7.26.7.121
* Temperature SN = 03P-5494
* Conductivity SN = 04C-3768
* Number of Bytes Per Scan = 45
* Number of Voltage Words = 4
* Number of Scans Averaged by the Deck Unit = 1
* NMEA Latitude = 48 52.23 N
* NMEA Longitude = 016 31.48 W
* NMEA UTC (Time) = Apr 05 2021  09:04:17
* NMEA baud rate = 9600
** Ship: RRS Discovery
** Cruise: DY130
** Cast: DY130_008
** Station: 052
** Julian Day: 095
** Date: 05/04/21
** Time (GMT): 09:04
** Latitude: 48 52.19 N
** Longitude: 16 31.45 W
** Depth (uncorrected m): 4810
** Principal Scientist: Sue Hart
** Operator: BP/PH BP/PH
# nquan = 15
# nvalues = 2023                        
# units = specified
# name 0 = timeS: Time, Elapsed [seconds]
# name 1 = scan: Scan Count
# name 2 = prDM: Pressure, Digiquartz [db]
# name 3 = t090C: Temperature [ITS-90, deg C]
# name 4 = t190C: Temperature, 2 [ITS-90, deg C]
# name 5 = c0S/m: Conductivity [S/m]
# name 6 = c1S/m: Conductivity, 2 [S/m]
# name 7 = latitude: Latitude [deg]
# name 8 = longitude: Longitude [deg]
# name 9 = sbeox0ML/L: Oxygen, SBE 43 [ml/l]
# name 10 = sbeox1ML/L: Oxygen, SBE 43, 2 [ml/l]
# name 11 = depSM: Depth [salt water, m], lat = 48.8705
# name 12 = sal00: Salinity, Practical [PSU]
# name 13 = sal11: Salinity, Practical, 2 [PSU]
# name 14 = flag: flag
# span 0 =    706.934,   6239.894       
# span 1 =      16967,     149758       
# span 2 =      2.000,   1013.000       
# span 3 =     6.8965,    11.8927       
# span 4 =     6.8962,    11.8937       
# span 5 =   3.201234,   4.048072       
# span 6 =   3.063292,   4.048943       
# span 7 =   48.87221,   48.87227       
# span 8 =  -16.52598,  -16.52595       
# span 9 =     4.4177,     6.5559       
# span 10 =     4.3173,     7.1505      
# span 11 =      1.983,   1001.975      
# span 12 =    27.4911,    35.5582      
# span 13 =    26.3629,    35.5621      
# span 14 = 0.0000e+00, 0.0000e+00      
# interval = decibars: 1                
# start_time = Apr 05 2021 09:04:18 [NMEA time, first data scan]
# bad_flag = -9.990e-29
*END*
[from data line 1928]
   5038.070     120915     96.000    11.2738    11.2900   3.982054   3.984102   48.87223  -16.52597     6.1014     6.3464     95.165    35.4722    35.4770 0.0000e+00
   5040.263     120967     95.000    11.2782    11.2926   3.982515   3.984363   48.87223  -16.52597     6.1051     6.3527     94.174    35.4730    35.4775 0.0000e+00
   5043.097     121035     94.000    11.2835    11.2953   3.983050   3.984620   48.87223  -16.52597     6.1062     6.3532     93.183    35.4737    35.4779 0.0000e+00
   5045.892     121102     93.000    11.2880    11.2970   3.983441   3.984727   48.87223  -16.52597     6.1156     6.3522     92.191    35.4737    35.4778 0.0000e+00
   5047.974     121152     92.000    11.2921    11.3072   3.983780   3.985643   48.87223  -16.52597     6.1187     6.3554     91.200    35.4736    35.4775 0.0000e+00
   5050.412     121211     91.000    11.2976    11.3238   3.984373   3.987225   48.87223  -16.52597     6.1217     6.3613     90.209    35.4746    35.4778 0.0000e+00
   5053.156     121277     90.000    11.3047    11.3416   3.985060   3.989656   48.87223  -16.52597     6.1233     6.3649     89.218    35.4750    35.4852 0.0000e+00
   5055.514     121333     89.000    11.3176    11.3522   3.986149   3.990184   48.87223  -16.52597     6.1230     6.3664     88.227    35.4739    35.4808 0.0000e+00
   5057.358     121378     88.000    11.3353    11.3727   3.988188   3.992325   48.87223  -16.52597     6.1317     6.3715     87.236    35.4777    35.4828 0.0000e+00
   5059.656     121433     87.000    11.3397    11.3823   3.988851   3.993680   48.87223  -16.52597     6.1342     6.3754     86.245    35.4804    35.4874 0.0000e+00
   5062.256     121495     86.000    11.3527    11.3890   3.989947   3.994447   48.87223  -16.52597     6.1390     6.3813     85.254    35.4792    35.4890 0.0000e+00
   5064.391     121546     85.000    11.3652    11.3969   3.991078   3.994933   48.87223  -16.52597     6.1370     6.3860     84.263    35.4789    35.4867 0.0000e+00
   5066.319     121593     84.000    11.3875    11.4098   3.993464   3.996204   48.87223  -16.52597     6.1481     6.3919     83.272    35.4816    35.4874 0.0000e+00
   5068.311     121640     83.000    11.3933    11.4192   3.994324   3.997266   48.87223  -16.52597     6.1520     6.4021     82.280    35.4851    35.4893 0.0000e+00
   5070.894     121702     82.000    11.3907    11.4203   3.994085   3.997468   48.87223  -16.52597     6.1507     6.4038     81.289    35.4856    35.4908 0.0000e+00
   5073.172     121757     81.000    11.4025    11.4192   3.994917   3.997293   48.87223  -16.52597     6.1499     6.4029     80.298    35.4830    35.4905 0.0000e+00
   5075.207     121806     80.000    11.4082    11.4240   3.995798   3.997673   48.87223  -16.52597     6.1646     6.4039     79.307    35.4867    35.4901 0.0000e+00
   5077.956     121872     79.000    11.4084    11.4284   3.995631   3.998107   48.87223  -16.52597     6.1642     6.4062     78.316    35.4853    35.4907 0.0000e+00
   5079.907     121919     78.000    11.4212    11.4301   3.996810   3.998263   48.87223  -16.52597     6.1642     6.4073     77.325    35.4851    35.4910 0.0000e+00
   5082.086     121971     77.000    11.4221    11.4321   3.997150   3.998443   48.87223  -16.52597     6.1692     6.4079     76.334    35.4881    35.4913 0.0000e+00
   5085.535     122054     76.000    11.4191    11.4386   3.996735   3.998948   48.87223  -16.52597     6.1676     6.4075     75.342    35.4873    35.4905 0.0000e+00
   5089.512     122149     75.000    11.4156    11.4318   3.996295   3.998424   48.87223  -16.52597     6.1619     6.4083     74.351    35.4867    35.4923 0.0000e+00
   5102.746     122467     74.000    11.4236    11.4371   3.997176   3.998911   48.87223  -16.52597     6.1706     6.4133     73.360    35.4883    35.4924 0.0000e+00
   5173.717     124170     73.000    11.4739    11.4932   4.001983   4.004319   48.87223  -16.52597     6.1813     6.4194     72.369    35.4880    35.4926 0.0000e+00
   5289.447     126948     72.000    11.7073    11.7430   4.027968   4.032771   48.87223  -16.52597     6.1452     6.3772     71.378    35.5212    35.5343 0.0000e+00
   5317.204     127614     71.000    11.7651    11.8065   4.034641   4.039595   48.87222  -16.52597     6.1435     6.3699     70.386    35.5321    35.5412 0.0000e+00
   5320.525     127694     70.000    11.7748    11.8231   4.035754   4.041608   48.87221  -16.52597     6.1397     6.3694     69.395    35.5342    35.5456 0.0000e+00
   5323.795     127772     69.000    11.8004    11.8282   4.038534   4.042227   48.87221  -16.52597     6.1379     6.3738     68.404    35.5375    35.5472 0.0000e+00
   5326.219     127830     68.000    11.8104    11.8325   4.039750   4.042638   48.87222  -16.52597     6.1424     6.3780     67.413    35.5404    35.5475 0.0000e+00
   5329.047     127898     67.000    11.8146    11.8338   4.040228   4.042891   48.87223  -16.52597     6.1386     6.3738     66.422    35.5415    35.5493 0.0000e+00
   5332.140     127972     66.000    11.8183    11.8366   4.040644   4.042953   48.87221  -16.52597     6.1364     6.3649     65.430    35.5425    35.5477 0.0000e+00
   5334.506     128029     65.000    11.8296    11.8534   4.041567   4.044634   48.87221  -16.52597     6.1340     6.3711     64.439    35.5412    35.5485 0.0000e+00
   5336.885     128086     64.000    11.8361    11.8583   4.042695   4.045503   48.87222  -16.52597     6.1385     6.3753     63.448    35.5465    35.5528 0.0000e+00
   5340.202     128166     63.000    11.8383    11.8579   4.042711   4.045436   48.87221  -16.52597     6.1391     6.3688     62.457    35.5450    35.5530 0.0000e+00
   5342.870     128230     62.000    11.8437    11.8572   4.043448   4.045304   48.87222  -16.52597     6.1403     6.3755     61.466    35.5475    35.5528 0.0000e+00
   5345.693     128298     61.000    11.8442    11.8588   4.043487   4.045439   48.87223  -16.52597     6.1416     6.3730     60.474    35.5478    35.5530 0.0000e+00
   5348.308     128360     60.000    11.8472    11.8592   4.043717   4.045445   48.87223  -16.52597     6.1425     6.3745     59.483    35.5477    35.5532 0.0000e+00
   5351.349     128433     59.000    11.8512    11.8608   4.044071   4.045569   48.87223  -16.52597     6.1369     6.3758     58.492    35.5478    35.5534 0.0000e+00
   5353.861     128494     58.000    11.8532    11.8614   4.044361   4.045600   48.87223  -16.52597     6.1385     6.3723     57.501    35.5492    35.5535 0.0000e+00
   5356.894     128566     57.000    11.8559    11.8649   4.044542   4.045899   48.87223  -16.52597     6.1387     6.3707     56.509    35.5488    35.5535 0.0000e+00
   5359.476     128628     56.000    11.8580    11.8671   4.044788   4.046148   48.87223  -16.52597     6.1365     6.3680     55.518    35.5497    35.5543 0.0000e+00
   5362.653     128705     55.000    11.8601    11.8674   4.044955   4.046154   48.87223  -16.52597     6.1428     6.3749     54.527    35.5497    35.5545 0.0000e+00
   5365.524     128774     54.000    11.8634    11.8684   4.045269   4.046206   48.87223  -16.52597     6.1431     6.3719     53.536    35.5501    35.5545 0.0000e+00
   5552.094     133251     53.000    11.8638    11.8631   4.045359   4.045604   48.87222  -16.52598     6.1420     6.3739     52.544    35.5511    35.5542 0.0000e+00
   5582.650     133985     52.000    11.8637    11.8630   4.045297   4.045532   48.87222  -16.52597     6.1408     6.3711     51.553    35.5510    35.5540 0.0000e+00
   5586.205     134070     51.000    11.8636    11.8634   4.045254   4.045540   48.87222  -16.52598     6.1392     6.3746     50.562    35.5511    35.5541 0.0000e+00
   5589.396     134147     50.000    11.8637    11.8648   4.045211   4.045625   48.87222  -16.52598     6.1383     6.3722     49.570    35.5511    35.5540 0.0000e+00
   5593.011     134233     49.000    11.8635    11.8691   4.045155   4.046005   48.87222  -16.52598     6.1433     6.3749     48.579    35.5511    35.5541 0.0000e+00
   5596.746     134323     48.000    11.8639    11.8710   4.045142   4.046272   48.87222  -16.52598     6.1410     6.3744     47.588    35.5510    35.5554 0.0000e+00
   5600.377     134410     47.000    11.8651    11.8722   4.045204   4.046294   48.87222  -16.52598     6.1413     6.3734     46.597    35.5510    35.5549 0.0000e+00
   5603.311     134480     46.000    11.8690    11.8753   4.045544   4.046642   48.87222  -16.52598     6.1425     6.3751     45.605    35.5511    35.5558 0.0000e+00
   5606.819     134565     45.000    11.8703    11.8765   4.045710   4.046758   48.87222  -16.52597     6.1405     6.3770     44.614    35.5518    35.5562 0.0000e+00
   5609.838     134637     44.000    11.8722    11.8781   4.045850   4.046870   48.87222  -16.52597     6.1409     6.3757     43.623    35.5519    35.5563 0.0000e+00
   5612.251     134695     43.000    11.8738    11.8799   4.046076   4.047100   48.87222  -16.52598     6.1435     6.3814     42.631    35.5530    35.5572 0.0000e+00
   5616.207     134790     42.000    11.8755    11.8842   4.046150   4.047448   48.87222  -16.52597     6.1481     6.3761     41.640    35.5526    35.5570 0.0000e+00
   5619.465     134868     41.000    11.8806    11.8856   4.046686   4.047614   48.87222  -16.52597     6.1469     6.3763     40.649    35.5534    35.5578 0.0000e+00
   5621.971     134928     40.000    11.8860    11.8901   4.047246   4.048035   48.87222  -16.52597     6.1449     6.3775     39.657    35.5542    35.5580 0.0000e+00
   5625.175     135005     39.000    11.8867    11.8923   4.047398   4.048339   48.87222  -16.52597     6.1471     6.3806     38.666    35.5554    35.5594 0.0000e+00
   5628.952     135096     38.000    11.8877    11.8924   4.047415   4.048314   48.87222  -16.52597     6.1465     6.3823     37.675    35.5551    35.5594 0.0000e+00
   5631.609     135160     37.000    11.8875    11.8924   4.047403   4.048289   48.87222  -16.52597     6.1481     6.3813     36.683    35.5556    35.5596 0.0000e+00
   5634.698     135234     36.000    11.8879    11.8922   4.047380   4.048220   48.87222  -16.52597     6.1473     6.3786     35.692    35.5555    35.5596 0.0000e+00
   5637.701     135306     35.000    11.8889    11.8920   4.047431   4.048149   48.87222  -16.52597     6.1492     6.3841     34.701    35.5555    35.5595 0.0000e+00
   5640.143     135364     34.000    11.8903    11.8918   4.047559   4.048074   48.87222  -16.52597     6.1466     6.3838     33.709    35.5559    35.5595 0.0000e+00
   5647.658     135545     33.000    11.8887    11.8915   4.047355   4.047994   48.87223  -16.52597     6.1415     6.3814     32.718    35.5558    35.5594 0.0000e+00
   5805.703     139338     32.000    11.8881    11.8900   4.047247   4.047789   48.87223  -16.52597     6.1509     6.3805     31.727    35.5558    35.5593 0.0000e+00
   5861.774     140684     31.000    11.8879    11.8892   4.047189   4.047655   48.87223  -16.52597     6.1496     6.3798     30.735    35.5558    35.5591 0.0000e+00
   5864.383     140746     30.000    11.8880    11.8895   4.047157   4.047628   48.87223  -16.52598     6.1487     6.3828     29.744    35.5558    35.5590 0.0000e+00
   5869.569     140871     29.000    11.8878    11.8886   4.047076   4.047514   48.87223  -16.52597     6.1511     6.3800     28.752    35.5557    35.5592 0.0000e+00
   5872.405     140939     28.000    11.8870    11.8871   4.046960   4.047324   48.87223  -16.52597     6.1488     6.3825     27.761    35.5557    35.5592 0.0000e+00
   5875.570     141015     27.000    11.8864    11.8864   4.046844   4.047142   48.87223  -16.52598     6.1472     6.3821     26.770    35.5556    35.5586 0.0000e+00
   5879.085     141099     26.000    11.8859    11.8873   4.046739   4.047214   48.87223  -16.52597     6.1501     6.3872     25.778    35.5556    35.5589 0.0000e+00
   5882.103     141171     25.000    11.8857    11.8870   4.046652   4.047139   48.87223  -16.52597     6.1514     6.3838     24.787    35.5554    35.5588 0.0000e+00
   5884.944     141240     24.000    11.8856    11.8870   4.046594   4.047088   48.87223  -16.52597     6.1533     6.3879     23.795    35.5554    35.5588 0.0000e+00
   5888.199     141318     23.000    11.8855    11.8881   4.046549   4.047131   48.87223  -16.52597     6.1533     6.3840     22.804    35.5554    35.5586 0.0000e+00
   5891.111     141388     22.000    11.8857    11.8891   4.046514   4.047252   48.87223  -16.52597     6.1518     6.3879     21.812    35.5554    35.5593 0.0000e+00
   5894.037     141458     21.000    11.8859    11.8890   4.046500   4.047170   48.87223  -16.52597     6.1512     6.3884     20.821    35.5554    35.5591 0.0000e+00
   5897.264     141535     20.000    11.8865    11.8901   4.046519   4.047270   48.87223  -16.52597     6.1512     6.3858     19.830    35.5555    35.5595 0.0000e+00
   5900.404     141611     19.000    11.8879    11.8901   4.046640   4.047236   48.87223  -16.52597     6.1530     6.3920     18.838    35.5558    35.5595 0.0000e+00
   5903.660     141689     18.000    11.8890    11.8904   4.046718   4.047216   48.87223  -16.52597     6.1557     6.3908     17.847    35.5560    35.5595 0.0000e+00
   5906.977     141768     17.000    11.8895    11.8908   4.046754   4.047225   48.87223  -16.52597     6.1550     6.3945     16.855    35.5563    35.5596 0.0000e+00
   5909.975     141840     16.000    11.8895    11.8907   4.046711   4.047170   48.87223  -16.52597     6.1558     6.3909     15.864    35.5563    35.5597 0.0000e+00
   5912.694     141906     15.000    11.8894    11.8906   4.046664   4.047109   48.87223  -16.52597     6.1533     6.3851     14.872    35.5564    35.5597 0.0000e+00
   5916.970     142008     14.000    11.8891    11.8900   4.046581   4.047002   48.87223  -16.52597     6.1587     6.3906     13.881    35.5563    35.5596 0.0000e+00
   6117.599     146823     13.000    11.8853    11.8866   4.046089   4.046545   48.87223  -16.52597     6.1530     6.3867     12.889    35.5555    35.5588 0.0000e+00
   6204.926     148919     12.000    11.8855    11.8865   4.046052   4.046463   48.87223  -16.52597     6.1538     6.3853     11.898    35.5555    35.5585 0.0000e+00
   6206.855     148966     11.000    11.8854    11.8885   4.046012   4.046625   48.87222  -16.52597     6.1503     6.3858     10.907    35.5556    35.5587 0.0000e+00
   6210.285     149048     10.000    11.8856    11.8905   4.045947   4.046852   48.87221  -16.52598     6.1537     6.3907      9.915    35.5553    35.5595 0.0000e+00
   6215.249     149167      9.000    11.8872    11.8910   4.046075   4.046856   48.87221  -16.52597     6.1515     6.3917      8.924    35.5554    35.5594 0.0000e+00
   6218.405     149243      8.000    11.8884    11.8911   4.046204   4.046849   48.87221  -16.52597     6.1553     6.3920      7.932    35.5560    35.5597 0.0000e+00
   6222.688     149346      7.000    11.8891    11.8909   4.046246   4.046782   48.87222  -16.52597     6.1544     6.3917      6.941    35.5562    35.5597 0.0000e+00
   6226.508     149437      6.000    11.8893    11.8911   4.046239   4.046755   48.87222  -16.52598     6.1629     6.3918      5.949    35.5563    35.5597 0.0000e+00
   6229.961     149520      5.000    11.8894    11.8912   4.046171   4.046699   48.87223  -16.52597     6.1608     6.3954      4.958    35.5560    35.5595 0.0000e+00
   6233.728     149610      4.000    11.8892    11.8902   4.043475   4.043536   48.87223  -16.52598     6.1660     6.4014      3.966    35.5302    35.5298 0.0000e+00
   6237.254     149695      3.000    11.8815    11.8522   3.947463   3.930534   48.87223  -16.52598     6.4070     6.7370      2.975    34.5988    34.4603 0.0000e+00
   6239.894     149758      2.000    11.8234    11.5705   3.201234   3.063292   48.87223  -16.52598     6.5559     7.1505      1.983    27.4911    26.3629 0.0000e+00
