Data_example/SBE_Data_Processed/DY130/SeaBird/Data/Processed/DY130_010cfaldb.cnv
* Sea-Bird SBE 9 Data File:
* FileName = C:\Users\sandm\Documents\Cruises\DY130\Data\Raw Data\DY130_010.hex
* Software Version Seasave V 7.26.7.121
* Temperature SN = 03P-5494
* Conductivity SN = 04C-3768
* Number of Bytes Per Scan = 45
* Number of Voltage Words = 4
* Number of Scans Averaged by the Deck Unit = 1
* NMEA Latitude = 48 59.99 N
* NMEA Longitude = 016 30.02 W
* NMEA UTC (Time) = Apr 07 2021  06:50:11
* NMEA baud rate = 9600
** Ship: RRS Discovery
** Cruise: DY130
** Cast: DY130_010
** Station: 065
** Julian Day: 097
** Date: 07/04/2021
** Time (GMT):
** Latitude: 48 59.99 N
** Longitude: 16 30.01 W
** Depth (uncorrected m): 4809
** Principal Scientist: Sue Hart
** Operator: BP/PH
# nquan = 15
# nvalues = 9701                        
# units = specified
# name 0 = timeS: Time, Elapsed [seconds]
# name 1 = scan: Scan Count
# name 2 = prDM: Pressure, Digiquartz [db]
# name 3 = t090C: Temperature [ITS-90, deg C]
# name 4 = t190C: Temperature, 2 [ITS-90, deg C]
# name 5 = c0S/m: Conductivity [S/m]
# name 6 = c1S/m: Conductivity, 2 [S/m]
# name 7 = latitude: Latitude [deg]
# name 8 = longitude: Longitude [deg]
# name 9 = sbeox0ML/L: Oxygen, SBE 43 [ml/l]
# name 10 = sbeox1ML/L: Oxygen, SBE 43, 2 [ml/l]
# name 11 = depSM: Depth [salt water, m], lat = 48.9998
# name 12 = sal00: Salinity, Practical [PSU]
# name 13 = sal11: Salinity, Practical, 2 [PSU]
# name 14 = flag: flag
# span 0 =    296.724,  17436.771       
# span 1 =       7122,     418484       
# span 2 =      2.000,   4852.000       
# span 3 =     2.5309,    11.5626       
# span 4 =     2.5336,    11.5651       
# span 5 =   3.256235,   4.022286       
# span 6 =   3.066617,   4.010884       
# span 7 =   48.99979,   48.99988       
# span 8 =  -16.50029,  -16.50014       
# span 9 =     4.4309,     6.7322       
# span 10 =     4.5949,     6.9793      
# span 11 =      1.983,   4756.800      
# span 12 =    28.2351,    35.6553      
# span 13 =    26.5208,    35.5335      
# span 14 = 0.0000e+00, 0.0000e+00      
# interval = decibars: 1                
# start_time = Apr 07 2021 06:50:12 [NMEA time, first data scan]
# bad_flag = -9.990e-29
*END*
[from data line 4627]
   5022.102     120531   4629.000     2.5369     2.5391   3.299611   3.299968   48.99986  -16.50023     5.4653     5.7283   4540.442    34.8984    34.9003 0.0000e+00
   5023.332     120561   4630.000     2.5371     2.5393   3.299660   3.300013   48.99986  -16.50023     5.4633     5.7315   4541.413    34.8984    34.9003 0.0000e+00
   5024.500     120589   4631.000     2.5372     2.5394   3.299705   3.300058   48.99986  -16.50023     5.4600     5.7329   4542.383    34.8984    34.9003 0.0000e+00
   5025.545     120614   4632.000     2.5373     2.5395   3.299740   3.300099   48.99986  -16.50025     5.4587     5.7345   4543.354    34.8983    34.9003 0.0000e+00
   5026.463     120636   4633.000     2.5374     2.5396   3.299774   3.300138   48.99986  -16.50026     5.4591     5.7351   4544.325    34.8983    34.9003 0.0000e+00
   5027.287     120656   4634.000     2.5374     2.5396   3.299810   3.300179   48.99986  -16.50027     5.4599     5.7332   4545.295    34.8983    34.9004 0.0000e+00
   5028.048     120674   4635.000     2.5375     2.5397   3.299846   3.300217   48.99986  -16.50027     5.4597     5.7289   4546.266    34.8982    34.9003 0.0000e+00
   5028.769     120691   4636.000     2.5375     2.5398   3.299883   3.300251   48.99986  -16.50026     5.4581     5.7239   4547.237    34.8983    34.9003 0.0000e+00
   5029.465     120708   4637.000     2.5376     2.5398   3.299923   3.300288   48.99986  -16.50025     5.4580     5.7192   4548.207    34.8983    34.9003 0.0000e+00
   5030.151     120725   4638.000     2.5377     2.5399   3.299960   3.300326   48.99986  -16.50024     5.4577     5.7148   4549.178    34.8982    34.9002 0.0000e+00
   5030.834     120741   4639.000     2.5377     2.5399   3.299998   3.300366   48.99986  -16.50023     5.4573     5.7155   4550.148    34.8982    34.9003 0.0000e+00
   5031.528     120758   4640.000     2.5378     2.5400   3.300037   3.300403   48.99986  -16.50023     5.4563     5.7218   4551.119    34.8982    34.9003 0.0000e+00
   5032.249     120775   4641.000     2.5378     2.5400   3.300076   3.300440   48.99986  -16.50023     5.4551     5.7279   4552.090    34.8983    34.9003 0.0000e+00
   5033.023     120794   4642.000     2.5378     2.5400   3.300111   3.300472   48.99986  -16.50023     5.4556     5.7303   4553.060    34.8983    34.9003 0.0000e+00
   5033.897     120815   4643.000     2.5378     2.5400   3.300142   3.300504   48.99986  -16.50023     5.4584     5.7309   4554.031    34.8983    34.9003 0.0000e+00
   5034.959     120840   4644.000     2.5378     2.5401   3.300173   3.300539   48.99986  -16.50023     5.4621     5.7312   4555.002    34.8983    34.9002 0.0000e+00
   5036.360     120874   4645.000     2.5379     2.5402   3.300209   3.300575   48.99986  -16.50023     5.4623     5.7295   4555.972    34.8982    34.9001 0.0000e+00
   5038.023     120914   4646.000     2.5380     2.5403   3.300252   3.300615   48.99986  -16.50023     5.4631     5.7304   4556.943    34.8982    34.9001 0.0000e+00
   5039.431     120947   4647.000     2.5382     2.5404   3.300295   3.300659   48.99986  -16.50025     5.4654     5.7317   4557.914    34.8982    34.9002 0.0000e+00
   5040.548     120974   4648.000     2.5383     2.5405   3.300340   3.300704   48.99986  -16.50026     5.4653     5.7323   4558.884    34.8982    34.9002 0.0000e+00
   5041.517     120997   4649.000     2.5384     2.5407   3.300384   3.300752   48.99986  -16.50027     5.4633     5.7281   4559.855    34.8982    34.9002 0.0000e+00
   5042.391     121018   4650.000     2.5386     2.5408   3.300427   3.300799   48.99986  -16.50027     5.4601     5.7266   4560.825    34.8982    34.9002 0.0000e+00
   5043.194     121038   4651.000     2.5386     2.5409   3.300467   3.300841   48.99986  -16.50026     5.4573     5.7267   4561.796    34.8982    34.9002 0.0000e+00
   5043.943     121056   4652.000     2.5386     2.5410   3.300501   3.300879   48.99986  -16.50024     5.4575     5.7260   4562.767    34.8982    34.9002 0.0000e+00
   5044.655     121073   4653.000     2.5387     2.5410   3.300536   3.300911   48.99986  -16.50023     5.4570     5.7258   4563.737    34.8981    34.9002 0.0000e+00
   5045.346     121089   4654.000     2.5387     2.5410   3.300572   3.300945   48.99986  -16.50023     5.4562     5.7271   4564.708    34.8982    34.9002 0.0000e+00
   5046.030     121106   4655.000     2.5388     2.5410   3.300608   3.300980   48.99986  -16.50023     5.4566     5.7287   4565.678    34.8981    34.9002 0.0000e+00
   5046.722     121122   4656.000     2.5388     2.5411   3.300645   3.301014   48.99986  -16.50023     5.4580     5.7270   4566.649    34.8981    34.9001 0.0000e+00
   5047.442     121140   4657.000     2.5388     2.5411   3.300682   3.301049   48.99986  -16.50023     5.4593     5.7248   4567.619    34.8982    34.9002 0.0000e+00
   5048.215     121158   4658.000     2.5389     2.5410   3.300717   3.301080   48.99986  -16.50023     5.4597     5.7255   4568.590    34.8981    34.9002 0.0000e+00
   5049.077     121179   4659.000     2.5388     2.5409   3.300750   3.301103   48.99986  -16.50023     5.4611     5.7243   4569.560    34.8982    34.9003 0.0000e+00
   5050.078     121203   4660.000     2.5386     2.5408   3.300772   3.301125   48.99986  -16.50023     5.4606     5.7230   4570.531    34.8983    34.9002 0.0000e+00
   5051.230     121231   4661.000     2.5386     2.5409   3.300792   3.301156   48.99986  -16.50023     5.4621     5.7270   4571.502    34.8981    34.9001 0.0000e+00
   5052.417     121259   4662.000     2.5386     2.5409   3.300825   3.301193   48.99986  -16.50023     5.4601     5.7269   4572.472    34.8981    34.9001 0.0000e+00
   5053.510     121285   4663.000     2.5387     2.5410   3.300862   3.301230   48.99986  -16.50023     5.4600     5.7274   4573.443    34.8981    34.9001 0.0000e+00
   5054.526     121310   4664.000     2.5388     2.5410   3.300902   3.301266   48.99986  -16.50023     5.4594     5.7290   4574.413    34.8981    34.9001 0.0000e+00
   5055.529     121334   4665.000     2.5388     2.5410   3.300939   3.301300   48.99986  -16.50023     5.4611     5.7310   4575.384    34.8981    34.9001 0.0000e+00
   5056.564     121359   4666.000     2.5388     2.5410   3.300970   3.301333   48.99986  -16.50023     5.4619     5.7337   4576.354    34.8981    34.9001 0.0000e+00
   5057.627     121384   4667.000     2.5389     2.5410   3.301001   3.301365   48.99986  -16.50024     5.4592     5.7343   4577.325    34.8980    34.9001 0.0000e+00
   5058.661     121409   4668.000     2.5388     2.5410   3.301033   3.301395   48.99986  -16.50025     5.4616     5.7355   4578.295    34.8981    34.9001 0.0000e+00
   5059.615     121432   4669.000     2.5388     2.5410   3.301064   3.301423   48.99986  -16.50026     5.4631     5.7360   4579.266    34.8981    34.9001 0.0000e+00
   5060.490     121453   4670.000     2.5387     2.5409   3.301092   3.301449   48.99985  -16.50027     5.4621     5.7315   4580.236    34.8981    34.9000 0.0000e+00
   5061.310     121472   4671.000     2.5387     2.5409   3.301120   3.301480   48.99985  -16.50027     5.4605     5.7259   4581.207    34.8981    34.9000 0.0000e+00
   5062.091     121491   4672.000     2.5388     2.5410   3.301154   3.301514   48.99984  -16.50026     5.4595     5.7217   4582.177    34.8980    34.8999 0.0000e+00
   5062.843     121509   4673.000     2.5387     2.5409   3.301185   3.301547   48.99984  -16.50025     5.4607     5.7189   4583.148    34.8980    34.9000 0.0000e+00
   5063.577     121527   4674.000     2.5387     2.5410   3.301213   3.301579   48.99985  -16.50024     5.4583     5.7201   4584.118    34.8980    34.8999 0.0000e+00
   5064.310     121544   4675.000     2.5387     2.5410   3.301246   3.301615   48.99985  -16.50023     5.4569     5.7234   4585.089    34.8980    34.8999 0.0000e+00
   5065.069     121563   4676.000     2.5388     2.5411   3.301282   3.301653   48.99985  -16.50023     5.4607     5.7256   4586.059    34.8979    34.8999 0.0000e+00
   5065.900     121583   4677.000     2.5388     2.5411   3.301316   3.301686   48.99986  -16.50023     5.4621     5.7284   4587.030    34.8979    34.8999 0.0000e+00
   5066.881     121606   4678.000     2.5387     2.5410   3.301346   3.301714   48.99986  -16.50023     5.4610     5.7302   4588.000    34.8980    34.9000 0.0000e+00
   5068.126     121636   4679.000     2.5387     2.5410   3.301372   3.301739   48.99986  -16.50023     5.4611     5.7278   4588.971    34.8980    34.8999 0.0000e+00
   5069.541     121670   4680.000     2.5388     2.5411   3.301405   3.301772   48.99986  -16.50023     5.4613     5.7254   4589.941    34.8979    34.8998 0.0000e+00
   5070.803     121700   4681.000     2.5389     2.5412   3.301451   3.301815   48.99986  -16.50025     5.4621     5.7246   4590.912    34.8978    34.8998 0.0000e+00
   5071.843     121725   4682.000     2.5391     2.5413   3.301496   3.301856   48.99986  -16.50027     5.4627     5.7239   4591.882    34.8978    34.8998 0.0000e+00
   5072.737     121747   4683.000     2.5391     2.5413   3.301536   3.301897   48.99985  -16.50027     5.4610     5.7243   4592.853    34.8979    34.8999 0.0000e+00
   5073.540     121766   4684.000     2.5392     2.5414   3.301572   3.301934   48.99984  -16.50026     5.4587     5.7279   4593.823    34.8978    34.8998 0.0000e+00
   5074.289     121784   4685.000     2.5392     2.5414   3.301606   3.301970   48.99984  -16.50026     5.4573     5.7281   4594.794    34.8979    34.8999 0.0000e+00
   5075.010     121801   4686.000     2.5392     2.5415   3.301642   3.302007   48.99984  -16.50024     5.4581     5.7243   4595.764    34.8979    34.8998 0.0000e+00
   5075.728     121818   4687.000     2.5393     2.5415   3.301680   3.302045   48.99984  -16.50023     5.4610     5.7258   4596.735    34.8978    34.8998 0.0000e+00
   5076.472     121836   4688.000     2.5393     2.5416   3.301715   3.302084   48.99984  -16.50023     5.4616     5.7302   4597.705    34.8979    34.8998 0.0000e+00
   5077.280     121856   4689.000     2.5393     2.5416   3.301750   3.302119   48.99985  -16.50023     5.4604     5.7330   4598.675    34.8979    34.8999 0.0000e+00
   5078.209     121878   4690.000     2.5393     2.5416   3.301784   3.302153   48.99985  -16.50023     5.4610     5.7326   4599.646    34.8979    34.8999 0.0000e+00
   5079.318     121905   4691.000     2.5394     2.5417   3.301821   3.302188   48.99986  -16.50023     5.4640     5.7297   4600.616    34.8979    34.8998 0.0000e+00
   5080.553     121934   4692.000     2.5395     2.5418   3.301861   3.302225   48.99985  -16.50023     5.4658     5.7278   4601.587    34.8978    34.8998 0.0000e+00
   5081.734     121963   4693.000     2.5397     2.5419   3.301907   3.302268   48.99984  -16.50023     5.4638     5.7313   4602.557    34.8978    34.8997 0.0000e+00
   5082.780     121988   4694.000     2.5398     2.5421   3.301948   3.302313   48.99984  -16.50023     5.4635     5.7340   4603.528    34.8978    34.8998 0.0000e+00
   5083.721     122010   4695.000     2.5399     2.5421   3.301987   3.302354   48.99984  -16.50023     5.4615     5.7258   4604.498    34.8978    34.8998 0.0000e+00
   5084.588     122031   4696.000     2.5399     2.5422   3.302025   3.302391   48.99985  -16.50023     5.4613     5.7191   4605.468    34.8978    34.8998 0.0000e+00
   5085.409     122051   4697.000     2.5400     2.5422   3.302063   3.302428   48.99985  -16.50023     5.4607     5.7230   4606.439    34.8978    34.8998 0.0000e+00
   5086.209     122070   4698.000     2.5400     2.5423   3.302097   3.302462   48.99985  -16.50023     5.4615     5.7278   4607.409    34.8978    34.8997 0.0000e+00
   5087.015     122089   4699.000     2.5401     2.5423   3.302132   3.302496   48.99986  -16.50023     5.4614     5.7296   4608.380    34.8977    34.8997 0.0000e+00
   5087.853     122109   4700.000     2.5401     2.5423   3.302167   3.302529   48.99986  -16.50023     5.4586     5.7287   4609.350    34.8977    34.8997 0.0000e+00
   5088.742     122131   4701.000     2.5401     2.5423   3.302200   3.302564   48.99986  -16.50023     5.4582     5.7285   4610.320    34.8977    34.8998 0.0000e+00
   5089.685     122153   4702.000     2.5401     2.5423   3.302233   3.302600   48.99986  -16.50023     5.4610     5.7273   4611.291    34.8977    34.8998 0.0000e+00
   5090.642     122176   4703.000     2.5402     2.5424   3.302272   3.302639   48.99986  -16.50023     5.4602     5.7248   4612.261    34.8977    34.8997 0.0000e+00
   5091.566     122199   4704.000     2.5403     2.5426   3.302314   3.302680   48.99986  -16.50023     5.4615     5.7252   4613.231    34.8977    34.8997 0.0000e+00
   5092.454     122220   4705.000     2.5404     2.5427   3.302355   3.302723   48.99986  -16.50023     5.4614     5.7244   4614.202    34.8977    34.8997 0.0000e+00
   5093.326     122241   4706.000     2.5405     2.5428   3.302396   3.302764   48.99986  -16.50023     5.4581     5.7191   4615.172    34.8977    34.8997 0.0000e+00
   5094.216     122262   4707.000     2.5406     2.5428   3.302437   3.302801   48.99986  -16.50023     5.4571     5.7184   4616.143    34.8977    34.8997 0.0000e+00
   5095.154     122285   4708.000     2.5407     2.5429   3.302476   3.302839   48.99985  -16.50023     5.4566     5.7243   4617.113    34.8977    34.8997 0.0000e+00
   5096.154     122309   4709.000     2.5408     2.5430   3.302513   3.302878   48.99985  -16.50023     5.4591     5.7292   4618.083    34.8976    34.8997 0.0000e+00
   5097.221     122334   4710.000     2.5408     2.5431   3.302553   3.302916   48.99984  -16.50023     5.4641     5.7300   4619.054    34.8977    34.8996 0.0000e+00
   5098.341     122361   4711.000     2.5409     2.5432   3.302592   3.302954   48.99984  -16.50023     5.4643     5.7321   4620.024    34.8976    34.8996 0.0000e+00
   5099.445     122388   4712.000     2.5410     2.5433   3.302633   3.302998   48.99985  -16.50023     5.4631     5.7327   4620.994    34.8976    34.8996 0.0000e+00
   5100.454     122412   4713.000     2.5411     2.5434   3.302671   3.303044   48.99986  -16.50023     5.4629     5.7326   4621.965    34.8976    34.8997 0.0000e+00
   5101.361     122434   4714.000     2.5412     2.5435   3.302711   3.303087   48.99986  -16.50023     5.4599     5.7327   4622.935    34.8976    34.8997 0.0000e+00
   5102.197     122454   4715.000     2.5413     2.5435   3.302751   3.303123   48.99986  -16.50023     5.4592     5.7323   4623.905    34.8976    34.8997 0.0000e+00
   5103.004     122473   4716.000     2.5414     2.5435   3.302789   3.303155   48.99986  -16.50023     5.4588     5.7310   4624.876    34.8976    34.8997 0.0000e+00
   5103.828     122493   4717.000     2.5413     2.5434   3.302822   3.303182   48.99986  -16.50023     5.4592     5.7236   4625.846    34.8977    34.8997 0.0000e+00
   5104.719     122514   4718.000     2.5413     2.5434   3.302855   3.303206   48.99986  -16.50023     5.4580     5.7161   4626.816    34.8977    34.8996 0.0000e+00
   5105.722     122538   4719.000     2.5413     2.5434   3.302889   3.303235   48.99986  -16.50023     5.4600     5.7194   4627.787    34.8977    34.8996 0.0000e+00
   5106.785     122564   4720.000     2.5413     2.5435   3.302923   3.303272   48.99986  -16.50023     5.4636     5.7287   4628.757    34.8977    34.8995 0.0000e+00
   5107.785     122588   4721.000     2.5414     2.5436   3.302959   3.303312   48.99986  -16.50024     5.4644     5.7312   4629.727    34.8976    34.8996 0.0000e+00
   5108.677     122609   4722.000     2.5415     2.5437   3.302995   3.303354   48.99986  -16.50026     5.4620     5.7279   4630.698    34.8976    34.8995 0.0000e+00
   5109.504     122629   4723.000     2.5415     2.5438   3.303033   3.303397   48.99986  -16.50027     5.4601     5.7279   4631.668    34.8976    34.8995 0.0000e+00
