Data_example/SBE_Data_Processed/DY130/SeaBird/Data/Processed/DY130_006cfaldb.cnv
* Sea-Bird SBE 9 Data File:
* FileName = C:\Users\sandm\Documents\Cruises\DY130\Data\Raw Data\DY130_006.hex
* Software Version Seasave V 7.26.7.121
* Temperature SN = 03P-5494
* Conductivity SN = 04C-3768
* Number of Bytes Per Scan = 45
* Number of Voltage Words = 4
* Number of Scans Averaged by the Deck Unit = 1
* NMEA Latitude = 48 57.60 N
* NMEA Longitude = 016 26.80 W
* NMEA UTC (Time) = Apr 04 2021  06:49:01
* NMEA baud rate = 9600
** Ship: RRS Discovery
** Cruise: DY130
** Cast: DY130_006
** Station: 045
** Julian Day: 094
** Date: 04/04/21
** Time (GMT): 06:48
** Latitude: 28 57.59N
** Longitude: 16 26.80W
** Depth (uncorrected m): 4811
** Principal Scientist: Sue Hart
** Operator: BP/PH BP/PH
# nquan = 15
# nvalues = 409                         
# units = specified
# name 0 = timeS: Time, Elapsed [seconds]
# name 1 = scan: Scan Count
# name 2 = prDM: Pressure, Digiquartz [db]
# name 3 = t090C: Temperature [ITS-90, deg C]
# name 4 = t190C: Temperature, 2 [ITS-90, deg C]
# name 5 = c0S/m: Conductivity [S/m]
# name 6 = c1S/m: Conductivity, 2 [S/m]
# name 7 = latitude: Latitude [deg]
# name 8 = longitude: Longitude [deg]
# name 9 = sbeox0ML/L: Oxygen, SBE 43 [ml/l]
# name 10 = sbeox1ML/L: Oxygen, SBE 43, 2 [ml/l]
# name 11 = depSM: Depth [salt water, m], lat = 48.96
# name 12 = sal00: Salinity, Practical [PSU]
# name 13 = sal11: Salinity, Practical, 2 [PSU]
# name 14 = flag: flag
# span 0 =    267.846,   3325.184       
# span 1 =       6429,      79805       
# span 2 =      2.000,    206.000       
# span 3 =    10.8998,    11.4754       
# span 4 =    10.9001,    11.4758       
# span 5 =   3.523775,   4.000731       
# span 6 =   2.760506,   4.001176       
# span 7 =   48.95993,   48.95995       
# span 8 =  -16.44678,  -16.44670       
# span 9 =     4.8259,     6.7301       
# span 10 =     4.6126,     7.3518      
# span 11 =      1.983,    204.152      
# span 12 =    30.9076,    35.4991      
# span 13 =    23.6331,    35.5021      
# span 14 = 0.0000e+00, 0.0000e+00      
# interval = decibars: 1                
# start_time = Apr 04 2021 06:49:01 [NMEA time, first data scan]
# bad_flag = -9.990e-29
*END*
[from data line 193]
    827.962      19872    195.000    10.8999    10.9001   3.945190   3.945504   48.95993  -16.44673     6.0765     6.3108    193.255    35.4199    35.4228 0.0000e+00
    829.476      19908    196.000    10.8998    10.9015   3.945090   3.945564   48.95993  -16.44673     6.0746     6.3118    194.246    35.4185    35.4216 0.0000e+00
    830.776      19940    197.000    10.9035    10.9059   3.945436   3.946031   48.95993  -16.44673     6.0726     6.3044    195.236    35.4180    35.4216 0.0000e+00
    831.855      19966    198.000    10.9098    10.9122   3.946086   3.946698   48.95993  -16.44673     6.0693     6.2970    196.227    35.4179    35.4218 0.0000e+00
    832.819      19989    199.000    10.9174    10.9194   3.946979   3.947575   48.95993  -16.44673     6.0652     6.2925    197.218    35.4191    35.4231 0.0000e+00
    833.810      20012    200.000    10.9232    10.9250   3.947862   3.948432   48.95993  -16.44673     6.0624     6.2903    198.208    35.4219    35.4258 0.0000e+00
    835.082      20043    201.000    10.9235    10.9283   3.948224   3.949070   48.95993  -16.44673     6.0584     6.2866    199.199    35.4247    35.4286 0.0000e+00
    837.043      20090    202.000    10.9189    10.9268   3.947703   3.949165   48.95993  -16.44673     6.0597     6.2825    200.189    35.4235    35.4305 0.0000e+00
    838.853      20133    203.000    10.9179    10.9196   3.947874   3.948559   48.95993  -16.44673     6.0568     6.2786    201.180    35.4258    35.4310 0.0000e+00
    840.112      20164    204.000    10.9134    10.9140   3.947440   3.947908   48.95993  -16.44673     6.0530     6.2807    202.170    35.4253    35.4294 0.0000e+00
    841.414      20195    205.000    10.9127    10.9102   3.947241   3.947448   48.95993  -16.44673     6.0505     6.2863    203.161    35.4235    35.4280 0.0000e+00
   1354.525      32510    206.000    10.9231    10.9238   3.948475   3.948798   48.95995  -16.44672     6.0491     6.2879    204.152    35.4253    35.4279 0.0000e+00
   1636.826      39285    205.000    10.9312    10.9338   3.949436   3.949989   48.95995  -16.44670     6.0517     6.2841    203.161    35.4276    35.4307 0.0000e+00
   1547.717      37146    204.000    10.9288    10.9320   3.949083   3.949750   48.95995  -16.44671     6.0494     6.2907    202.170    35.4269    35.4305 0.0000e+00
   1552.663      37265    203.000    10.9290    10.9250   3.949063   3.948937   48.95995  -16.44671     6.0508     6.2939    201.180    35.4269    35.4295 0.0000e+00
   1557.584      37383    202.000    10.9285    10.9200   3.948976   3.948343   48.95995  -16.44672     6.0477     6.2975    200.189    35.4270    35.4289 0.0000e+00
   1561.379      37474    201.000    10.9259    10.9092   3.948637   3.946945   48.95995  -16.44673     6.0505     6.3060    199.199    35.4266    35.4257 0.0000e+00
   1564.353      37545    200.000    10.9187    10.9055   3.947792   3.946259   48.95995  -16.44673     6.0567     6.3104    198.208    35.4255    35.4229 0.0000e+00
   1566.363      37594    199.000    10.9114    10.9039   3.946804   3.946055   48.95995  -16.44673     6.0656     6.3109    197.218    35.4231    35.4228 0.0000e+00
   1568.476      37644    198.000    10.9104    10.9036   3.946486   3.945887   48.95995  -16.44673     6.0697     6.3155    196.227    35.4213    35.4219 0.0000e+00
   1571.454      37716    197.000    10.9091    10.9088   3.946344   3.946296   48.95995  -16.44673     6.0673     6.3160    195.237    35.4216    35.4214 0.0000e+00
   1573.412      37763    196.000    10.9074    10.9128   3.946005   3.946786   48.95995  -16.44673     6.0663     6.3106    194.246    35.4204    35.4229 0.0000e+00
   1575.840      37821    195.000    10.9075    10.9139   3.945951   3.946925   48.95995  -16.44673     6.0703     6.3111    193.255    35.4202    35.4237 0.0000e+00
   1578.715      37890    194.000    10.9079    10.9162   3.945910   3.947082   48.95995  -16.44673     6.0702     6.3124    192.265    35.4198    35.4235 0.0000e+00
   1580.176      37925    193.000    10.9102    10.9189   3.946074   3.947330   48.95995  -16.44673     6.0721     6.3124    191.274    35.4197    35.4238 0.0000e+00
   1581.552      37958    192.000    10.9118    10.9200   3.946237   3.947446   48.95995  -16.44673     6.0708     6.3138    190.284    35.4202    35.4244 0.0000e+00
   1583.307      38000    191.000    10.9126    10.9242   3.946290   3.947763   48.95995  -16.44673     6.0695     6.3108    189.293    35.4204    35.4240 0.0000e+00
   1585.208      38046    190.000    10.9173    10.9347   3.946632   3.948760   48.95995  -16.44673     6.0679     6.3032    188.302    35.4197    35.4243 0.0000e+00
   1586.486      38077    189.000    10.9242    10.9485   3.947243   3.949958   48.95995  -16.44673     6.0689     6.3019    187.312    35.4197    35.4234 0.0000e+00
   1587.470      38100    188.000    10.9323    10.9634   3.948029   3.951510   48.95995  -16.44673     6.0701     6.3050    186.321    35.4202    35.4250 0.0000e+00
   1588.395      38122    187.000    10.9409    10.9735   3.948939   3.952960   48.95995  -16.44673     6.0716     6.3025    185.331    35.4214    35.4303 0.0000e+00
   1589.419      38147    186.000    10.9483    10.9794   3.949957   3.953870   48.95995  -16.44673     6.0698     6.2957    184.340    35.4249    35.4341 0.0000e+00
   1590.816      38181    185.000    10.9448    10.9836   3.949988   3.954438   48.95995  -16.44673     6.0621     6.2908    183.349    35.4291    35.4362 0.0000e+00
   1592.533      38222    184.000    10.9464    10.9876   3.949697   3.954929   48.95995  -16.44673     6.0589     6.2925    182.359    35.4250    35.4377 0.0000e+00
   1593.791      38252    183.000    10.9530    10.9888   3.950421   3.955022   48.95995  -16.44673     6.0576     6.2963    181.368    35.4264    35.4379 0.0000e+00
   1594.747      38275    182.000    10.9602    10.9884   3.950993   3.954961   48.95995  -16.44673     6.0599     6.2981    180.377    35.4256    35.4382 0.0000e+00
   1595.610      38296    181.000    10.9700    10.9888   3.951969   3.954813   48.95995  -16.44673     6.0631     6.2991    179.387    35.4264    35.4368 0.0000e+00
   1596.488      38317    180.000    10.9773    10.9908   3.952933   3.954869   48.95995  -16.44673     6.0655     6.2996    178.396    35.4294    35.4358 0.0000e+00
   1597.489      38341    179.000    10.9817    10.9941   3.953524   3.955184   48.95995  -16.44673     6.0653     6.2991    177.405    35.4316    35.4362 0.0000e+00
   1598.795      38372    178.000    10.9813    10.9969   3.953675   3.955525   48.95995  -16.44673     6.0634     6.3014    176.415    35.4339    35.4374 0.0000e+00
   1600.461      38412    177.000    10.9808    10.9993   3.953480   3.955803   48.95995  -16.44673     6.0588     6.3033    175.424    35.4329    35.4383 0.0000e+00
   1602.011      38449    176.000    10.9847    11.0029   3.953786   3.956018   48.95995  -16.44673     6.0593     6.3028    174.433    35.4326    35.4374 0.0000e+00
   1603.233      38479    175.000    10.9881    11.0106   3.954068   3.956712   48.95995  -16.44673     6.0635     6.3060    173.443    35.4327    35.4374 0.0000e+00
   1604.296      38504    174.000    10.9943    11.0148   3.954588   3.957340   48.95995  -16.44674     6.0649     6.3067    172.452    35.4323    35.4400 0.0000e+00
   1605.337      38529    173.000    11.0003    11.0177   3.955221   3.957647   48.95995  -16.44675     6.0640     6.3064    171.461    35.4333    35.4408 0.0000e+00
   1606.476      38556    172.000    11.0073    11.0192   3.955968   3.957855   48.95995  -16.44676     6.0660     6.3053    170.471    35.4345    35.4419 0.0000e+00
   1607.817      38589    171.000    11.0121    11.0199   3.956620   3.957927   48.95995  -16.44675     6.0666     6.3071    169.480    35.4368    35.4423 0.0000e+00
   1609.298      38624    170.000    11.0139    11.0195   3.956852   3.957867   48.95995  -16.44673     6.0653     6.3060    168.489    35.4379    35.4426 0.0000e+00
   1610.656      38657    169.000    11.0155    11.0193   3.956973   3.957767   48.95995  -16.44673     6.0653     6.3045    167.499    35.4380    35.4423 0.0000e+00
   1611.742      38683    168.000    11.0173    11.0207   3.957114   3.957776   48.95995  -16.44673     6.0668     6.3041    166.508    35.4381    35.4415 0.0000e+00
   1612.660      38705    167.000    11.0190    11.0232   3.957260   3.957969   48.95995  -16.44674     6.0671     6.3051    165.517    35.4384    35.4414 0.0000e+00
   1613.546      38726    166.000    11.0206    11.0255   3.957416   3.958218   48.95995  -16.44675     6.0671     6.3060    164.526    35.4389    35.4421 0.0000e+00
   1614.541      38750    165.000    11.0212    11.0270   3.957506   3.958422   48.95995  -16.44676     6.0680     6.3052    163.536    35.4397    35.4432 0.0000e+00
   1615.872      38782    164.000    11.0204    11.0274   3.957415   3.958488   48.95995  -16.44674     6.0660     6.3049    162.545    35.4399    35.4439 0.0000e+00
   1617.525      38822    163.000    11.0207    11.0280   3.957360   3.958499   48.95995  -16.44673     6.0657     6.3061    161.554    35.4396    35.4439 0.0000e+00
   1618.949      38856    162.000    11.0216    11.0294   3.957423   3.958548   48.95995  -16.44673     6.0673     6.3027    160.563    35.4398    35.4435 0.0000e+00
   1620.123      38884    161.000    11.0225    11.0312   3.957448   3.958695   48.95995  -16.44675     6.0663     6.3008    159.573    35.4396    35.4437 0.0000e+00
   1621.299      38912    160.000    11.0239    11.0329   3.957572   3.958851   48.95995  -16.44676     6.0631     6.3029    158.582    35.4399    35.4440 0.0000e+00
   1622.689      38946    159.000    11.0254    11.0340   3.957686   3.958947   48.95995  -16.44674     6.0666     6.3064    157.591    35.4401    35.4444 0.0000e+00
   1624.181      38981    158.000    11.0275    11.0352   3.957850   3.959029   48.95995  -16.44673     6.0701     6.3073    156.600    35.4401    35.4446 0.0000e+00
   1625.367      39010    157.000    11.0296    11.0372   3.958024   3.959107   48.95995  -16.44673     6.0730     6.3067    155.610    35.4403    35.4438 0.0000e+00
   1626.341      39033    156.000    11.0315    11.0423   3.958177   3.959421   48.95995  -16.44674     6.0746     6.3067    154.619    35.4405    35.4425 0.0000e+00
   1627.295      39056    155.000    11.0333    11.0500   3.958317   3.960100   48.95995  -16.44675     6.0736     6.3103    153.628    35.4405    35.4424 0.0000e+00
   1628.368      39082    154.000    11.0372    11.0570   3.958603   3.960926   48.95995  -16.44677     6.0719     6.3150    152.637    35.4402    35.4442 0.0000e+00
   1629.661      39113    153.000    11.0425    11.0615   3.959153   3.961535   48.95995  -16.44677     6.0690     6.3163    151.647    35.4410    35.4464 0.0000e+00
   1631.080      39147    152.000    11.0454    11.0639   3.959524   3.961776   48.95995  -16.44677     6.0686     6.3151    150.656    35.4424    35.4470 0.0000e+00
   1632.364      39178    151.000    11.0470    11.0674   3.959602   3.962061   48.95995  -16.44677     6.0707     6.3136    149.665    35.4420    35.4469 0.0000e+00
   1633.448      39204    150.000    11.0517    11.0698   3.959930   3.962294   48.95995  -16.44677     6.0739     6.3145    148.674    35.4412    35.4474 0.0000e+00
   1634.430      39227    149.000    11.0567    11.0714   3.960422   3.962445   48.95995  -16.44677     6.0752     6.3147    147.683    35.4418    35.4478 0.0000e+00
   1635.423      39251    148.000    11.0612    11.0718   3.960893   3.962515   48.95995  -16.44677     6.0744     6.3135    146.693    35.4426    35.4485 0.0000e+00
   1636.562      39278    147.000    11.0653    11.0718   3.961340   3.962482   48.95995  -16.44677     6.0745     6.3111    145.702    35.4436    35.4487 0.0000e+00
   1637.980      39313    146.000    11.0666    11.0726   3.961579   3.962501   48.95995  -16.44677     6.0751     6.3118    144.711    35.4451    35.4486 0.0000e+00
   1639.497      39349    145.000    11.0670    11.0732   3.961546   3.962534   48.95995  -16.44677     6.0732     6.3156    143.720    35.4449    35.4488 0.0000e+00
   1640.780      39380    144.000    11.0675    11.0743   3.961562   3.962576   48.95995  -16.44677     6.0716     6.3177    142.729    35.4450    35.4486 0.0000e+00
   1641.933      39407    143.000    11.0688    11.0750   3.961614   3.962634   48.95995  -16.44677     6.0731     6.3167    141.738    35.4448    35.4489 0.0000e+00
   1643.134      39436    142.000    11.0710    11.0759   3.961798   3.962676   48.95995  -16.44677     6.0755     6.3165    140.748    35.4449    35.4489 0.0000e+00
   1644.451      39468    141.000    11.0724    11.0782   3.961946   3.962819   48.95995  -16.44676     6.0757     6.3168    139.757    35.4454    35.4486 0.0000e+00
   1645.758      39499    140.000    11.0734    11.0819   3.962004   3.963119   48.95995  -16.44674     6.0776     6.3167    138.766    35.4455    35.4485 0.0000e+00
   1646.905      39527    139.000    11.0754    11.0866   3.962125   3.963555   48.95995  -16.44673     6.0811     6.3151    137.775    35.4453    35.4487 0.0000e+00
   1647.926      39551    138.000    11.0780    11.0909   3.962346   3.964002   48.95995  -16.44673     6.0799     6.3141    136.784    35.4455    35.4495 0.0000e+00
   1648.906      39575    137.000    11.0803    11.0938   3.962571   3.964344   48.95994  -16.44675     6.0767     6.3112    135.793    35.4459    35.4506 0.0000e+00
   1649.907      39599    136.000    11.0819    11.0954   3.962740   3.964541   48.95995  -16.44676     6.0748     6.3095    134.802    35.4465    35.4515 0.0000e+00
   1651.012      39625    135.000    11.0840    11.0960   3.962892   3.964626   48.95995  -16.44677     6.0741     6.3104    133.812    35.4464    35.4522 0.0000e+00
   1652.394      39658    134.000    11.0857    11.0964   3.963144   3.964647   48.95995  -16.44677     6.0732     6.3095    132.821    35.4478    35.4525 0.0000e+00
   1654.123      39700    133.000    11.0826    11.0964   3.962830   3.964638   48.95995  -16.44675     6.0737     6.3079    131.830    35.4481    35.4528 0.0000e+00
   1655.670      39737    132.000    11.0856    11.0967   3.962907   3.964586   48.95995  -16.44673     6.0763     6.3095    130.839    35.4464    35.4524 0.0000e+00
   1656.832      39765    131.000    11.0890    11.0991   3.963266   3.964713   48.95995  -16.44673     6.0747     6.3103    129.848    35.4472    35.4519 0.0000e+00
   1657.832      39789    130.000    11.0918    11.1025   3.963534   3.965018   48.95995  -16.44673     6.0727     6.3086    128.857    35.4476    35.4521 0.0000e+00
   1658.797      39812    129.000    11.0943    11.1053   3.963785   3.965332   48.95995  -16.44674     6.0725     6.3073    127.866    35.4481    35.4530 0.0000e+00
   1659.812      39836    128.000    11.0972    11.1077   3.964067   3.965606   48.95994  -16.44676     6.0737     6.3078    126.875    35.4486    35.4539 0.0000e+00
   1660.976      39864    127.000    11.0990    11.1096   3.964315   3.965826   48.95994  -16.44677     6.0715     6.3085    125.884    35.4498    35.4547 0.0000e+00
   1662.447      39900    126.000    11.0980    11.1111   3.964274   3.965995   48.95994  -16.44676     6.0658     6.3050    124.894    35.4508    35.4554 0.0000e+00
   1664.071      39939    125.000    11.0986    11.1113   3.964165   3.966019   48.95995  -16.44674     6.0624     6.3031    123.903    35.4496    35.4558 0.0000e+00
   1665.342      39969    124.000    11.1018    11.1137   3.964423   3.966047   48.95995  -16.44673     6.0669     6.3029    122.912    35.4495    35.4542 0.0000e+00
   1666.343      39993    123.000    11.1065    11.1201   3.964826   3.966525   48.95995  -16.44673     6.0714     6.3014    121.921    35.4495    35.4534 0.0000e+00
   1667.272      40016    122.000    11.1106    11.1257   3.965276   3.967186   48.95995  -16.44673     6.0736     6.3018    120.930    35.4505    35.4550 0.0000e+00
