Data_example/SBE_Data_Processed/DY130/SeaBird/Data/Processed/DY130_008cfaldb.cnv
* Sea-Bird SBE 9 Data File:
* FileName = C:\Users\sandm\Documents\Cruises\DY130\Data\Raw Data\DY130_008.hex
* Software Version Seasave V 7.26.7.121
* Temperature SN = 03P-5494
* Conductivity SN = 04C-3768
* Number of Bytes Per Scan = 45
* Number of Voltage Words = 4
* Number of Scans Averaged by the Deck Unit = 1
* NMEA Latitude = 48 52.23 N
* NMEA Longitude = 016 31.48 W
* NMEA UTC (Time) = Apr 05 2021  09:04:17
* NMEA baud rate = 9600
** Ship: RRS Discovery
** Cruise: DY130
** Cast: DY130_008
** Station: 052
** Julian Day: 095
** Date: 05/04/21
** Time (GMT): 09:04
** Latitude: 48 52.19 N
** Longitude: 16 31.45 W
** Depth (uncorrected m): 4810
** Principal Scientist: Sue Hart
** Operator: BP/PH BP/PH
# nquan = 15
# nvalues = 2023                        
# units = specified
# name 0 = timeS: Time, Elapsed [seconds]
# name 1 = scan: Scan Count
# name 2 = prDM: Pressure, Digiquartz [db]
# name 3 = t090C: Temperature [ITS-90, deg C]
# name 4 = t190C: Temperature, 2 [ITS-90, deg C]
# name 5 = c0S/m: Conductivity [S/m]
# name 6 = c1S/m: Conductivity, 2 [S/m]
# name 7 = latitude: Latitude [deg]
# name 8 = longitude: Longitude [deg]
# name 9 = sbeox0ML/L: Oxygen, SBE 43 [ml/l]
# name 10 = sbeox1ML/L: Oxygen, SBE 43, 2 [ml/l]
# name 11 = depSM: Depth [salt water, m], lat = 48.8705
# name 12 = sal00: Salinity, Practical [PSU]
# name 13 = sal11: Salinity, Practical, 2 [PSU]
# name 14 = flag: flag
# span 0 =    706.934,   6239.894       
# span 1 =      16967,     149758       
# span 2 =      2.000,   1013.000       
# span 3 =     6.8965,    11.8927       
# span 4 =     6.8962,    11.8937       
# span 5 =   3.201234,   4.048072       
# span 6 =   3.063292,   4.048943       
# span 7 =   48.87221,   48.87227       
# span 8 =  -16.52598,  -16.52595       
# span 9 =     4.4177,     6.5559       
# span 10 =     4.3173,     7.1505      
# span 11 =      1.983,   1001.975      
# span 12 =    27.4911,    35.5582      
# span 13 =    26.3629,    35.5621      
# span 14 = 0.0000e+00, 0.0000e+00      
# interval = decibars: 1                
# start_time = Apr 05 2021 09:04:18 [NMEA time, first data scan]
# bad_flag = -9.990e-29
*END*
[from data line 1446]
   3531.089      84747    578.000    10.1499    10.1745   3.882558   3.885397   48.87222  -16.52597     5.4302     5.6567    572.305    35.3415    35.3465 0.0000e+00
   3532.093      84771    577.000    10.1536    10.1788   3.882821   3.885848   48.87222  -16.52597     5.4320     5.6580    571.316    35.3411    35.3473 0.0000e+00
   3533.045      84794    576.000    10.1603    10.1828   3.883373   3.886208   48.87222  -16.52597     5.4330     5.6582    570.327    35.3406    35.3476 0.0000e+00
   3533.968      84816    575.000    10.1661    10.1869   3.884030   3.886574   48.87222  -16.52597     5.4344     5.6562    569.339    35.3421    35.3477 0.0000e+00
   3534.888      84838    574.000    10.1721    10.1901   3.884598   3.886903   48.87223  -16.52597     5.4367     5.6508    568.350    35.3425    35.3484 0.0000e+00
   3535.829      84861    573.000    10.1781    10.1931   3.885197   3.887121   48.87223  -16.52597     5.4365     5.6413    567.361    35.3433    35.3481 0.0000e+00
   3536.816      84885    572.000    10.1832    10.1970   3.885722   3.887397   48.87223  -16.52597     5.4330     5.6290    566.372    35.3441    35.3477 0.0000e+00
   3537.851      84909    571.000    10.1869    10.2025   3.886130   3.887785   48.87223  -16.52597     5.4262     5.6171    565.383    35.3450    35.3467 0.0000e+00
   3538.888      84934    570.000    10.1892    10.2077   3.886335   3.888294   48.87222  -16.52597     5.4176     5.6098    564.395    35.3454    35.3472 0.0000e+00
   3539.868      84958    569.000    10.1924    10.2112   3.886535   3.888651   48.87222  -16.52597     5.4128     5.6066    563.406    35.3447    35.3479 0.0000e+00
   3540.774      84980    568.000    10.1973    10.2137   3.886864   3.888881   48.87222  -16.52597     5.4108     5.6059    562.417    35.3438    35.3483 0.0000e+00
   3541.627      85000    567.000    10.2019    10.2165   3.887267   3.889079   48.87222  -16.52597     5.4078     5.6060    561.428    35.3438    35.3480 0.0000e+00
   3542.465      85020    566.000    10.2060    10.2202   3.887652   3.889361   48.87222  -16.52598     5.4047     5.6068    560.439    35.3442    35.3477 0.0000e+00
   3543.346      85041    565.000    10.2094    10.2259   3.887969   3.889789   48.87222  -16.52598     5.4026     5.6087    559.450    35.3446    35.3470 0.0000e+00
   3544.347      85065    564.000    10.2129    10.2345   3.888284   3.890563   48.87222  -16.52597     5.4020     5.6166    558.462    35.3449    35.3470 0.0000e+00
   3545.477      85092    563.000    10.2171    10.2438   3.888625   3.891538   48.87222  -16.52597     5.4010     5.6301    557.473    35.3446    35.3483 0.0000e+00
   3546.576      85119    562.000    10.2240    10.2516   3.889227   3.892379   48.87222  -16.52597     5.4018     5.6421    556.484    35.3445    35.3497 0.0000e+00
   3547.554      85142    561.000    10.2300    10.2596   3.889821   3.893092   48.87222  -16.52597     5.4065     5.6497    555.495    35.3452    35.3496 0.0000e+00
   3548.466      85164    560.000    10.2363    10.2671   3.890397   3.893851   48.87222  -16.52597     5.4116     5.6540    554.506    35.3454    35.3505 0.0000e+00
   3549.387      85186    559.000    10.2447    10.2752   3.891146   3.894626   48.87222  -16.52597     5.4175     5.6574    553.517    35.3452    35.3509 0.0000e+00
   3550.376      85210    558.000    10.2542    10.2843   3.892116   3.895576   48.87222  -16.52597     5.4258     5.6625    552.529    35.3463    35.3522 0.0000e+00
   3551.435      85235    557.000    10.2633    10.2917   3.893085   3.896454   48.87222  -16.52597     5.4350     5.6679    551.540    35.3477    35.3543 0.0000e+00
   3552.491      85261    556.000    10.2711    10.2971   3.893901   3.897050   48.87222  -16.52597     5.4436     5.6702    550.551    35.3489    35.3556 0.0000e+00
   3553.484      85285    555.000    10.2754    10.3025   3.894463   3.897517   48.87222  -16.52597     5.4477     5.6721    549.562    35.3509    35.3556 0.0000e+00
   3554.418      85307    554.000    10.2814    10.3097   3.894864   3.898097   48.87222  -16.52597     5.4510     5.6745    548.573    35.3496    35.3549 0.0000e+00
   3555.323      85329    553.000    10.2888    10.3167   3.895585   3.898823   48.87222  -16.52597     5.4536     5.6768    547.584    35.3502    35.3559 0.0000e+00
   3556.237      85351    552.000    10.2977    10.3234   3.896379   3.899479   48.87222  -16.52597     5.4557     5.6798    546.595    35.3500    35.3566 0.0000e+00
   3557.182      85373    551.000    10.3056    10.3322   3.897274   3.900234   48.87222  -16.52598     5.4575     5.6823    545.606    35.3519    35.3561 0.0000e+00
   3558.167      85397    550.000    10.3106    10.3427   3.897895   3.901274   48.87222  -16.52598     5.4577     5.6815    544.618    35.3538    35.3569 0.0000e+00
   3559.196      85422    549.000    10.3170    10.3511   3.898439   3.902254   48.87222  -16.52597     5.4580     5.6759    543.629    35.3535    35.3591 0.0000e+00
   3560.251      85447    548.000    10.3270    10.3577   3.899301   3.902957   48.87222  -16.52597     5.4567     5.6699    542.640    35.3530    35.3602 0.0000e+00
   3561.262      85471    547.000    10.3384    10.3651   3.900361   3.903596   48.87222  -16.52597     5.4558     5.6665    541.651    35.3531    35.3601 0.0000e+00
   3562.178      85493    546.000    10.3489    10.3723   3.901410   3.904315   48.87223  -16.52597     5.4544     5.6653    540.662    35.3540    35.3608 0.0000e+00
   3563.013      85513    545.000    10.3573    10.3768   3.902310   3.904865   48.87222  -16.52597     5.4530     5.6643    539.673    35.3555    35.3625 0.0000e+00
   3563.817      85533    544.000    10.3638    10.3796   3.903037   3.905182   48.87223  -16.52597     5.4521     5.6623    538.684    35.3570    35.3633 0.0000e+00
   3564.643      85552    543.000    10.3687    10.3827   3.903617   3.905441   48.87223  -16.52598     5.4501     5.6591    537.695    35.3585    35.3634 0.0000e+00
   3565.547      85574    542.000    10.3730    10.3871   3.904046   3.905805   48.87223  -16.52598     5.4468     5.6545    536.706    35.3591    35.3633 0.0000e+00
   3566.571      85599    541.000    10.3781    10.3923   3.904544   3.906308   48.87223  -16.52598     5.4432     5.6514    535.717    35.3597    35.3638 0.0000e+00
   3567.672      85625    540.000    10.3819    10.3980   3.904987   3.906848   48.87223  -16.52598     5.4404     5.6494    534.728    35.3610    35.3642 0.0000e+00
   3568.765      85651    539.000    10.3837    10.4033   3.905194   3.907408   48.87223  -16.52597     5.4395     5.6461    533.739    35.3617    35.3652 0.0000e+00
   3569.810      85676    538.000    10.3880    10.4066   3.905430   3.907798   48.87223  -16.52597     5.4389     5.6446    532.750    35.3604    35.3663 0.0000e+00
   3570.808      85700    537.000    10.3933    10.4087   3.905968   3.908016   48.87223  -16.52597     5.4383     5.6448    531.761    35.3611    35.3670 0.0000e+00
   3571.761      85723    536.000    10.3982    10.4110   3.906415   3.908182   48.87223  -16.52597     5.4374     5.6450    530.772    35.3614    35.3669 0.0000e+00
   3572.672      85745    535.000    10.4027    10.4148   3.906885   3.908434   48.87223  -16.52597     5.4351     5.6462    529.783    35.3623    35.3662 0.0000e+00
   3573.561      85766    534.000    10.4057    10.4206   3.907209   3.908910   48.87223  -16.52597     5.4337     5.6496    528.794    35.3630    35.3658 0.0000e+00
   3574.482      85789    533.000    10.4092    10.4255   3.907497   3.909483   48.87223  -16.52597     5.4347     5.6561    527.805    35.3630    35.3673 0.0000e+00
   3575.504      85813    532.000    10.4150    10.4288   3.908001   3.909902   48.87223  -16.52597     5.4386     5.6631    526.816    35.3630    35.3688 0.0000e+00
   3576.644      85840    531.000    10.4202    10.4311   3.908585   3.910154   48.87223  -16.52597     5.4433     5.6703    525.827    35.3643    35.3696 0.0000e+00
   3577.757      85867    530.000    10.4230    10.4331   3.908941   3.910329   48.87223  -16.52597     5.4461     5.6749    524.838    35.3656    35.3699 0.0000e+00
   3578.737      85891    529.000    10.4242    10.4356   3.909062   3.910508   48.87223  -16.52597     5.4481     5.6773    523.850    35.3661    35.3697 0.0000e+00
   3579.611      85912    528.000    10.4265    10.4390   3.909163   3.910740   48.87223  -16.52597     5.4500     5.6795    522.860    35.3654    35.3692 0.0000e+00
   3580.439      85932    527.000    10.4300    10.4430   3.909453   3.911076   48.87223  -16.52597     5.4525     5.6810    521.871    35.3653    35.3692 0.0000e+00
   3581.284      85952    526.000    10.4332    10.4473   3.909784   3.911481   48.87223  -16.52597     5.4563     5.6821    520.882    35.3660    35.3695 0.0000e+00
   3582.212      85974    525.000    10.4367    10.4516   3.910103   3.911927   48.87223  -16.52597     5.4611     5.6839    519.893    35.3663    35.3703 0.0000e+00
   3583.257      85999    524.000    10.4404    10.4556   3.910459   3.912355   48.87223  -16.52597     5.4644     5.6869    518.904    35.3668    35.3712 0.0000e+00
   3584.321      86025    523.000    10.4432    10.4593   3.910748   3.912700   48.87223  -16.52597     5.4658     5.6911    517.915    35.3675    35.3716 0.0000e+00
   3585.284      86048    522.000    10.4465    10.4627   3.910982   3.913030   48.87223  -16.52597     5.4687     5.6938    516.926    35.3670    35.3720 0.0000e+00
   3586.159      86069    521.000    10.4514    10.4656   3.911393   3.913307   48.87223  -16.52597     5.4734     5.6980    515.937    35.3669    35.3724 0.0000e+00
   3587.011      86089    520.000    10.4555    10.4684   3.911833   3.913568   48.87223  -16.52597     5.4795     5.7029    514.948    35.3679    35.3728 0.0000e+00
   3587.915      86111    519.000    10.4596    10.4709   3.912236   3.913822   48.87223  -16.52597     5.4865     5.7080    513.959    35.3684    35.3735 0.0000e+00
   3588.935      86135    518.000    10.4631    10.4733   3.912651   3.914063   48.87223  -16.52597     5.4914     5.7140    512.970    35.3696    35.3740 0.0000e+00
   3590.058      86162    517.000    10.4653    10.4768   3.912881   3.914353   48.87223  -16.52597     5.4929     5.7200    511.981    35.3703    35.3740 0.0000e+00
   3591.172      86189    516.000    10.4679    10.4828   3.913102   3.914814   48.87223  -16.52597     5.4939     5.7259    510.992    35.3704    35.3733 0.0000e+00
   3592.185      86213    515.000    10.4712    10.4917   3.913372   3.915594   48.87223  -16.52597     5.4968     5.7339    510.003    35.3704    35.3730 0.0000e+00
   3593.102      86235    514.000    10.4757    10.5007   3.913723   3.916527   48.87223  -16.52597     5.5010     5.7460    509.014    35.3701    35.3741 0.0000e+00
   3593.972      86256    513.000    10.4825    10.5086   3.914312   3.917395   48.87223  -16.52597     5.5089     5.7605    508.025    35.3699    35.3757 0.0000e+00
   3594.842      86277    512.000    10.4901    10.5151   3.915076   3.918148   48.87223  -16.52598     5.5218     5.7767    507.036    35.3706    35.3775 0.0000e+00
   3595.751      86299    511.000    10.4972    10.5199   3.915880   3.918754   48.87223  -16.52598     5.5373     5.7940    506.047    35.3723    35.3794 0.0000e+00
   3596.728      86322    510.000    10.5043    10.5240   3.916634   3.919208   48.87223  -16.52597     5.5522     5.8066    505.058    35.3735    35.3805 0.0000e+00
   3597.768      86347    509.000    10.5096    10.5279   3.917240   3.919619   48.87222  -16.52597     5.5651     5.8112    504.068    35.3750    35.3813 0.0000e+00
   3598.805      86372    508.000    10.5154    10.5309   3.917809   3.919942   48.87222  -16.52597     5.5738     5.8126    503.079    35.3755    35.3821 0.0000e+00
   3599.777      86396    507.000    10.5206    10.5332   3.918357   3.920176   48.87222  -16.52597     5.5787     5.8129    502.090    35.3765    35.3826 0.0000e+00
   3600.689      86418    506.000    10.5244    10.5352   3.918807   3.920346   48.87222  -16.52597     5.5831     5.8120    501.101    35.3777    35.3829 0.0000e+00
   3601.577      86439    505.000    10.5271    10.5376   3.919104   3.920533   48.87222  -16.52597     5.5872     5.8105    500.112    35.3786    35.3828 0.0000e+00
   3602.495      86461    504.000    10.5296    10.5402   3.919336   3.920774   48.87222  -16.52597     5.5897     5.8084    499.123    35.3790    35.3832 0.0000e+00
   3603.482      86485    503.000    10.5327    10.5426   3.919599   3.921008   48.87222  -16.52597     5.5907     5.8044    498.134    35.3791    35.3837 0.0000e+00
   3604.516      86509    502.000    10.5359    10.5454   3.919913   3.921242   48.87222  -16.52597     5.5895     5.8007    497.145    35.3796    35.3838 0.0000e+00
   3605.533      86534    501.000    10.5386    10.5492   3.920177   3.921555   48.87223  -16.52597     5.5883     5.8006    496.155    35.3801    35.3837 0.0000e+00
   3606.510      86557    500.000    10.5409    10.5530   3.920405   3.921942   48.87223  -16.52597     5.5898     5.8044    495.166    35.3806    35.3844 0.0000e+00
   3607.468      86580    499.000    10.5435    10.5560   3.920607   3.922257   48.87223  -16.52597     5.5891     5.8110    494.177    35.3806    35.3852 0.0000e+00
   3608.451      86604    498.000    10.5471    10.5590   3.920935   3.922548   48.87223  -16.52597     5.5880     5.8205    493.188    35.3808    35.3856 0.0000e+00
   3609.482      86629    497.000    10.5502    10.5626   3.921275   3.922880   48.87223  -16.52597     5.5907     5.8305    492.199    35.3817    35.3859 0.0000e+00
   3610.514      86653    496.000    10.5535    10.5671   3.921559   3.923280   48.87223  -16.52597     5.5969     5.8382    491.210    35.3818    35.3861 0.0000e+00
   3611.490      86677    495.000    10.5577    10.5713   3.921945   3.923710   48.87223  -16.52597     5.6036     5.8458    490.221    35.3821    35.3868 0.0000e+00
   3612.412      86699    494.000    10.5609    10.5744   3.922304   3.924048   48.87223  -16.52597     5.6098     5.8527    489.231    35.3831    35.3876 0.0000e+00
   3613.328      86721    493.000    10.5646    10.5765   3.922606   3.924288   48.87223  -16.52597     5.6150     5.8569    488.242    35.3830    35.3884 0.0000e+00
   3614.289      86744    492.000    10.5687    10.5783   3.923020   3.924466   48.87223  -16.52597     5.6196     5.8583    487.253    35.3837    35.3889 0.0000e+00
   3615.307      86768    491.000    10.5713    10.5800   3.923337   3.924621   48.87223  -16.52597     5.6248     5.8607    486.264    35.3848    35.3893 0.0000e+00
   3616.334      86793    490.000    10.5731    10.5820   3.923525   3.924778   48.87223  -16.52597     5.6301     5.8635    485.275    35.3853    35.3894 0.0000e+00
   3617.307      86816    489.000    10.5753    10.5848   3.923690   3.924985   48.87223  -16.52597     5.6347     5.8661    484.285    35.3853    35.3893 0.0000e+00
   3618.224      86838    488.000    10.5778    10.5889   3.923901   3.925288   48.87223  -16.52597     5.6373     5.8710    483.296    35.3855    35.3888 0.0000e+00
   3619.130      86860    487.000    10.5808    10.5939   3.924156   3.925756   48.87223  -16.52597     5.6383     5.8790    482.307    35.3856    35.3891 0.0000e+00
   3620.074      86883    486.000    10.5848    10.5991   3.924507   3.926291   48.87223  -16.52597     5.6419     5.8884    481.318    35.3857    35.3899 0.0000e+00
   3621.073      86907    485.000    10.5894    10.6037   3.924957   3.926795   48.87223  -16.52597     5.6497     5.8968    480.329    35.3862    35.3909 0.0000e+00
   3622.085      86931    484.000    10.5940    10.6082   3.925388   3.927229   48.87223  -16.52597     5.6575     5.9011    479.339    35.3866    35.3914 0.0000e+00
   3623.065      86955    483.000    10.5983    10.6138   3.925848   3.927695   48.87223  -16.52597     5.6628     5.9000    478.350    35.3875    35.3911 0.0000e+00
