Data_example/SBE_Data_Processed/DY130/SeaBird/Data/Processed/DY130_013cfaldb.cnv
* Sea-Bird SBE 9 Data File:
* FileName = C:\Users\sandm\Documents\Cruises\DY130\Data\Raw Data\DY130_013.hex
* Software Version Seasave V 7.26.7.121
* Temperature SN = 03P-5494
* Conductivity SN = 04C-3768
* Number of Bytes Per Scan = 45
* Number of Voltage Words = 4
* Number of Scans Averaged by the Deck Unit = 1
* NMEA Latitude = 48 59.96 N
* NMEA Longitude = 016 29.99 W
* NMEA UTC (Time) = Apr 10 2021  09:45:21
* NMEA baud rate = 9600
** Ship: RRS Discovery
** Cruise: DY130
** Cast: 013
** Station: 076
** Julian Day: 100
** Date: 10/04/2021
** Time (GMT): 09:45
** Latitude: 28 59.96N
** Longitude: 16 29.99W
** Depth (uncorrected m): 4808
** Principal Scientist: Sue Hart
** Operator: BP/PH
# nquan = 15
# nvalues = 8160                        
# units = specified
# name 0 = timeS: Time, Elapsed [seconds]
# name 1 = scan: Scan Count
# name 2 = prDM: Pressure, Digiquartz [db]
# name 3 = t090C: Temperature [ITS-90, deg C]
# name 4 = t190C: Temperature, 2 [ITS-90, deg C]
# name 5 = c0S/m: Conductivity [S/m]
# name 6 = c1S/m: Conductivity, 2 [S/m]
# name 7 = latitude: Latitude [deg]
# name 8 = longitude: Longitude [deg]
# name 9 = sbeox0ML/L: Oxygen, SBE 43 [ml/l]
# name 10 = sbeox1ML/L: Oxygen, SBE 43, 2 [ml/l]
# name 11 = depSM: Depth [salt water, m], lat = 48.9993
# name 12 = sal00: Salinity, Practical [PSU]
# name 13 = sal11: Salinity, Practical, 2 [PSU]
# name 14 = flag: flag
# span 0 =    375.623,  10384.763       
# span 1 =       9016,     249235       
# span 2 =      2.000,   4082.000       
# span 3 =     2.5368,    11.8583       
# span 4 =     2.5387,    11.9463       
# span 5 =   2.927565,   4.047052       
# span 6 =   3.237691,   4.078403       
# span 7 =   48.99936,   49.02516       
# span 8 =  -16.50858,  -16.49984       
# span 9 =     4.3972,     6.4282       
# span 10 =     4.5633,     6.9182      
# span 11 =      1.983,   4008.844      
# span 12 =    25.1286,    35.5784      
# span 13 =    27.9531,    35.8882      
# span 14 = 0.0000e+00, 0.0000e+00      
# interval = decibars: 1                
# start_time = Apr 10 2021 09:45:21 [NMEA time, first data scan]
# bad_flag = -9.990e-29
*END*
[from data line 5494]
   6858.211     164598   2668.000     3.0653     3.0695   3.280105   3.280701   48.99939  -16.49989     5.8950     6.1550   2628.685    34.9429    34.9456 0.0000e+00
   6859.091     164619   2667.000     3.0661     3.0706   3.280125   3.280759   48.99939  -16.49989     5.8959     6.1571   2627.706    34.9428    34.9456 0.0000e+00
   6859.962     164640   2666.000     3.0671     3.0716   3.280162   3.280816   48.99939  -16.49989     5.8950     6.1618   2626.727    34.9427    34.9457 0.0000e+00
   6860.840     164661   2665.000     3.0681     3.0724   3.280219   3.280865   48.99939  -16.49989     5.8953     6.1634   2625.748    34.9427    34.9458 0.0000e+00
   6861.740     164683   2664.000     3.0691     3.0728   3.280271   3.280878   48.99939  -16.49989     5.8972     6.1626   2624.768    34.9427    34.9460 0.0000e+00
   6862.678     164705   2663.000     3.0699     3.0730   3.280310   3.280867   48.99939  -16.49989     5.8990     6.1656   2623.789    34.9428    34.9461 0.0000e+00
   6863.675     164729   2662.000     3.0703     3.0731   3.280325   3.280844   48.99939  -16.49989     5.8994     6.1692   2622.810    34.9430    34.9462 0.0000e+00
   6864.739     164755   2661.000     3.0706     3.0732   3.280315   3.280816   48.99939  -16.49989     5.9003     6.1651   2621.831    34.9431    34.9463 0.0000e+00
   6865.824     164781   2660.000     3.0707     3.0732   3.280296   3.280783   48.99939  -16.49989     5.9027     6.1633   2620.852    34.9432    34.9463 0.0000e+00
   6866.852     164805   2659.000     3.0708     3.0733   3.280267   3.280746   48.99939  -16.49989     5.9041     6.1648   2619.873    34.9432    34.9462 0.0000e+00
   6867.810     164828   2658.000     3.0709     3.0733   3.280237   3.280705   48.99939  -16.49989     5.9048     6.1651   2618.893    34.9432    34.9462 0.0000e+00
   6868.738     164851   2657.000     3.0710     3.0733   3.280205   3.280667   48.99939  -16.49989     5.9040     6.1665   2617.914    34.9432    34.9462 0.0000e+00
   6869.681     164873   2656.000     3.0711     3.0734   3.280176   3.280635   48.99939  -16.49989     5.9040     6.1666   2616.935    34.9432    34.9462 0.0000e+00
   6870.666     164897   2655.000     3.0713     3.0737   3.280152   3.280616   48.99939  -16.49989     5.9073     6.1633   2615.956    34.9431    34.9461 0.0000e+00
   6871.668     164921   2654.000     3.0718     3.0742   3.280144   3.280614   48.99939  -16.49989     5.9089     6.1619   2614.976    34.9430    34.9459 0.0000e+00
   6872.636     164944   2653.000     3.0723     3.0748   3.280148   3.280620   48.99939  -16.49989     5.9071     6.1645   2613.997    34.9429    34.9459 0.0000e+00
   6873.556     164966   2652.000     3.0728     3.0752   3.280153   3.280620   48.99939  -16.49989     5.9063     6.1681   2613.018    34.9430    34.9460 0.0000e+00
   6874.446     164988   2651.000     3.0730     3.0754   3.280146   3.280606   48.99939  -16.49989     5.9074     6.1687   2612.039    34.9430    34.9461 0.0000e+00
   6875.331     165009   2650.000     3.0732     3.0755   3.280125   3.280582   48.99939  -16.49989     5.9089     6.1681   2611.059    34.9431    34.9461 0.0000e+00
   6876.237     165031   2649.000     3.0733     3.0755   3.280102   3.280552   48.99938  -16.49989     5.9084     6.1667   2610.080    34.9432    34.9461 0.0000e+00
   6877.189     165054   2648.000     3.0733     3.0756   3.280070   3.280524   48.99938  -16.49989     5.9064     6.1685   2609.101    34.9432    34.9462 0.0000e+00
   6878.185     165077   2647.000     3.0734     3.0758   3.280039   3.280499   48.99938  -16.49989     5.9049     6.1726   2608.122    34.9432    34.9462 0.0000e+00
   6879.183     165101   2646.000     3.0736     3.0763   3.280011   3.280489   48.99938  -16.49989     5.9041     6.1730   2607.142    34.9432    34.9460 0.0000e+00
   6880.145     165124   2645.000     3.0738     3.0769   3.279991   3.280509   48.99939  -16.49989     5.9058     6.1697   2606.163    34.9431    34.9460 0.0000e+00
   6881.073     165147   2644.000     3.0742     3.0773   3.279983   3.280516   48.99939  -16.49989     5.9067     6.1668   2605.184    34.9430    34.9462 0.0000e+00
   6881.996     165169   2643.000     3.0746     3.0775   3.279982   3.280503   48.99939  -16.49989     5.9071     6.1674   2604.205    34.9431    34.9463 0.0000e+00
   6882.934     165191   2642.000     3.0749     3.0777   3.279974   3.280487   48.99939  -16.49989     5.9067     6.1696   2603.225    34.9431    34.9463 0.0000e+00
   6883.888     165214   2641.000     3.0752     3.0781   3.279963   3.280475   48.99939  -16.49989     5.9072     6.1710   2602.246    34.9432    34.9462 0.0000e+00
   6884.846     165237   2640.000     3.0755     3.0785   3.279950   3.280472   48.99939  -16.49989     5.9070     6.1725   2601.267    34.9432    34.9461 0.0000e+00
   6885.800     165260   2639.000     3.0758     3.0791   3.279938   3.280480   48.99938  -16.49989     5.9069     6.1716   2600.287    34.9432    34.9461 0.0000e+00
   6886.778     165284   2638.000     3.0762     3.0798   3.279930   3.280503   48.99938  -16.49989     5.9071     6.1694   2599.308    34.9431    34.9461 0.0000e+00
   6887.833     165309   2637.000     3.0767     3.0806   3.279931   3.280529   48.99937  -16.49989     5.9082     6.1704   2598.329    34.9431    34.9460 0.0000e+00
   6888.987     165337   2636.000     3.0773     3.0814   3.279940   3.280561   48.99937  -16.49989     5.9085     6.1756   2597.349    34.9429    34.9460 0.0000e+00
   6890.124     165364   2635.000     3.0782     3.0822   3.279969   3.280586   48.99938  -16.49989     5.9087     6.1772   2596.370    34.9428    34.9459 0.0000e+00
   6891.103     165387   2634.000     3.0790     3.0832   3.280003   3.280607   48.99939  -16.49989     5.9066     6.1728   2595.391    34.9428    34.9456 0.0000e+00
   6891.951     165408   2633.000     3.0798     3.0845   3.280027   3.280650   48.99939  -16.49989     5.9056     6.1702   2594.411    34.9427    34.9452 0.0000e+00
   6892.731     165427   2632.000     3.0806     3.0857   3.280048   3.280718   48.99939  -16.49989     5.9067     6.1712   2593.432    34.9426    34.9452 0.0000e+00
   6893.485     165445   2631.000     3.0817     3.0864   3.280091   3.280761   48.99939  -16.49989     5.9089     6.1756   2592.453    34.9424    34.9454 0.0000e+00
   6894.247     165463   2630.000     3.0827     3.0868   3.280140   3.280770   48.99939  -16.49989     5.9116     6.1798   2591.474    34.9424    34.9455 0.0000e+00
   6895.042     165482   2629.000     3.0834     3.0871   3.280176   3.280764   48.99938  -16.49989     5.9143     6.1812   2590.494    34.9425    34.9456 0.0000e+00
   6895.903     165503   2628.000     3.0840     3.0874   3.280192   3.280756   48.99938  -16.49989     5.9167     6.1829   2589.515    34.9426    34.9457 0.0000e+00
   6896.873     165526   2627.000     3.0842     3.0876   3.280189   3.280746   48.99938  -16.49989     5.9189     6.1872   2588.535    34.9427    34.9458 0.0000e+00
   6898.023     165554   2626.000     3.0843     3.0879   3.280166   3.280734   48.99937  -16.49989     5.9218     6.1875   2587.556    34.9428    34.9458 0.0000e+00
   6899.357     165586   2625.000     3.0845     3.0882   3.280135   3.280725   48.99937  -16.49989     5.9229     6.1878   2586.577    34.9427    34.9459 0.0000e+00
   6900.620     165616   2624.000     3.0849     3.0885   3.280127   3.280712   48.99938  -16.49989     5.9203     6.1891   2585.597    34.9427    34.9458 0.0000e+00
   6901.657     165641   2623.000     3.0855     3.0891   3.280131   3.280706   48.99938  -16.49989     5.9206     6.1854   2584.618    34.9425    34.9456 0.0000e+00
   6902.547     165662   2622.000     3.0863     3.0898   3.280150   3.280717   48.99939  -16.49989     5.9238     6.1840   2583.639    34.9424    34.9455 0.0000e+00
   6903.367     165682   2621.000     3.0872     3.0906   3.280178   3.280741   48.99939  -16.49989     5.9260     6.1861   2582.659    34.9423    34.9453 0.0000e+00
   6904.159     165701   2620.000     3.0881     3.0918   3.280223   3.280785   48.99938  -16.49989     5.9255     6.1906   2581.680    34.9423    34.9450 0.0000e+00
   6904.951     165720   2619.000     3.0891     3.0934   3.280271   3.280869   48.99938  -16.49989     5.9246     6.1921   2580.700    34.9422    34.9448 0.0000e+00
   6905.769     165739   2618.000     3.0902     3.0952   3.280326   3.280980   48.99938  -16.49989     5.9253     6.1898   2579.721    34.9422    34.9447 0.0000e+00
   6906.634     165760   2617.000     3.0913     3.0968   3.280384   3.281111   48.99937  -16.49989     5.9259     6.1889   2578.742    34.9422    34.9451 0.0000e+00
   6907.563     165783   2616.000     3.0924     3.0976   3.280449   3.281189   48.99937  -16.49989     5.9244     6.1911   2577.762    34.9422    34.9456 0.0000e+00
   6908.569     165807   2615.000     3.0936     3.0980   3.280514   3.281209   48.99937  -16.49989     5.9238     6.1926   2576.783    34.9422    34.9458 0.0000e+00
   6909.648     165833   2614.000     3.0945     3.0984   3.280577   3.281205   48.99937  -16.49989     5.9252     6.1899   2575.804    34.9425    34.9459 0.0000e+00
   6910.763     165859   2613.000     3.0951     3.0991   3.280598   3.281214   48.99937  -16.49989     5.9266     6.1874   2574.824    34.9425    34.9456 0.0000e+00
   6911.851     165885   2612.000     3.0960     3.1007   3.280626   3.281272   48.99937  -16.49989     5.9261     6.1898   2573.845    34.9424    34.9451 0.0000e+00
   6912.864     165910   2611.000     3.0971     3.1034   3.280672   3.281422   48.99937  -16.49989     5.9261     6.1949   2572.865    34.9423    34.9445 0.0000e+00
   6913.810     165932   2610.000     3.0987     3.1062   3.280754   3.281637   48.99937  -16.49989     5.9275     6.1951   2571.886    34.9420    34.9446 0.0000e+00
   6914.716     165954   2609.000     3.1009     3.1080   3.280885   3.281808   48.99937  -16.49989     5.9286     6.1936   2570.906    34.9417    34.9452 0.0000e+00
   6915.619     165976   2608.000     3.1033     3.1090   3.281070   3.281890   48.99937  -16.49989     5.9292     6.1959   2569.927    34.9418    34.9456 0.0000e+00
   6916.544     165998   2607.000     3.1050     3.1098   3.281220   3.281941   48.99937  -16.49989     5.9297     6.1974   2568.947    34.9423    34.9458 0.0000e+00
   6917.507     166021   2606.000     3.1061     3.1106   3.281302   3.281982   48.99937  -16.49989     5.9322     6.1948   2567.968    34.9426    34.9459 0.0000e+00
   6918.485     166045   2605.000     3.1070     3.1114   3.281355   3.282015   48.99937  -16.49990     5.9345     6.1917   2566.989    34.9427    34.9459 0.0000e+00
   6919.430     166067   2604.000     3.1080     3.1124   3.281402   3.282055   48.99937  -16.49990     5.9336     6.1892   2566.009    34.9427    34.9458 0.0000e+00
   6920.321     166089   2603.000     3.1090     3.1133   3.281449   3.282098   48.99937  -16.49990     5.9333     6.1899   2565.030    34.9426    34.9458 0.0000e+00
   6921.176     166109   2602.000     3.1100     3.1142   3.281502   3.282137   48.99937  -16.49989     5.9338     6.1933   2564.050    34.9427    34.9457 0.0000e+00
   6922.030     166130   2601.000     3.1109     3.1153   3.281551   3.282190   48.99937  -16.49989     5.9330     6.1978   2563.071    34.9428    34.9457 0.0000e+00
   6922.932     166151   2600.000     3.1117     3.1162   3.281595   3.282254   48.99937  -16.49989     5.9316     6.1982   2562.091    34.9429    34.9460 0.0000e+00
   6923.944     166176   2599.000     3.1124     3.1172   3.281633   3.282307   48.99937  -16.49989     5.9319     6.1933   2561.112    34.9431    34.9461 0.0000e+00
   6925.091     166203   2598.000     3.1130     3.1183   3.281654   3.282372   48.99937  -16.49989     5.9324     6.1909   2560.132    34.9431    34.9461 0.0000e+00
   6926.252     166231   2597.000     3.1140     3.1191   3.281691   3.282417   48.99937  -16.49989     5.9325     6.1935   2559.153    34.9430    34.9462 0.0000e+00
   6927.289     166256   2596.000     3.1151     3.1197   3.281738   3.282428   48.99937  -16.49989     5.9328     6.1982   2558.173    34.9429    34.9462 0.0000e+00
   6928.225     166278   2595.000     3.1161     3.1203   3.281793   3.282435   48.99937  -16.49989     5.9347     6.2001   2557.194    34.9429    34.9461 0.0000e+00
   6929.108     166300   2594.000     3.1170     3.1208   3.281833   3.282441   48.99937  -16.49989     5.9353     6.1981   2556.215    34.9429    34.9462 0.0000e+00
   6929.979     166321   2593.000     3.1177     3.1211   3.281863   3.282437   48.99937  -16.49989     5.9354     6.1971   2555.235    34.9430    34.9462 0.0000e+00
   6930.871     166342   2592.000     3.1182     3.1214   3.281878   3.282426   48.99937  -16.49989     5.9359     6.1999   2554.255    34.9431    34.9462 0.0000e+00
   6931.810     166364   2591.000     3.1185     3.1219   3.281876   3.282423   48.99937  -16.49989     5.9366     6.2027   2553.276    34.9431    34.9461 0.0000e+00
   6932.801     166388   2590.000     3.1190     3.1227   3.281874   3.282445   48.99937  -16.49989     5.9360     6.2023   2552.296    34.9431    34.9460 0.0000e+00
   6933.798     166412   2589.000     3.1195     3.1236   3.281876   3.282486   48.99937  -16.49989     5.9360     6.1999   2551.317    34.9431    34.9460 0.0000e+00
   6934.753     166435   2588.000     3.1202     3.1240   3.281894   3.282494   48.99937  -16.49989     5.9359     6.2002   2550.337    34.9430    34.9461 0.0000e+00
   6935.670     166457   2587.000     3.1209     3.1243   3.281918   3.282486   48.99937  -16.49989     5.9375     6.2036   2549.358    34.9430    34.9461 0.0000e+00
   6936.586     166479   2586.000     3.1214     3.1247   3.281930   3.282476   48.99937  -16.49989     5.9399     6.2063   2548.378    34.9431    34.9461 0.0000e+00
   6937.536     166502   2585.000     3.1218     3.1249   3.281926   3.282463   48.99937  -16.49989     5.9399     6.2044   2547.399    34.9431    34.9462 0.0000e+00
   6938.529     166526   2584.000     3.1222     3.1249   3.281918   3.282435   48.99937  -16.49989     5.9399     6.2038   2546.419    34.9431    34.9463 0.0000e+00
   6939.540     166550   2583.000     3.1224     3.1249   3.281908   3.282398   48.99937  -16.49989     5.9402     6.2084   2545.440    34.9431    34.9463 0.0000e+00
   6940.543     166574   2582.000     3.1226     3.1254   3.281887   3.282378   48.99937  -16.49989     5.9396     6.2101   2544.460    34.9431    34.9460 0.0000e+00
   6941.521     166597   2581.000     3.1229     3.1262   3.281866   3.282390   48.99937  -16.49989     5.9397     6.2071   2543.480    34.9431    34.9458 0.0000e+00
   6942.462     166620   2580.000     3.1234     3.1270   3.281859   3.282419   48.99938  -16.49989     5.9410     6.2062   2542.501    34.9429    34.9457 0.0000e+00
   6943.372     166642   2579.000     3.1241     3.1278   3.281871   3.282449   48.99938  -16.49989     5.9451     6.2091   2541.521    34.9428    34.9457 0.0000e+00
   6944.283     166664   2578.000     3.1249     3.1284   3.281898   3.282473   48.99939  -16.49989     5.9481     6.2126   2540.542    34.9427    34.9458 0.0000e+00
   6945.239     166687   2577.000     3.1255     3.1289   3.281923   3.282483   48.99939  -16.49989     5.9467     6.2123   2539.562    34.9428    34.9459 0.0000e+00
   6946.263     166711   2576.000     3.1260     3.1295   3.281932   3.282493   48.99938  -16.49989     5.9444     6.2107   2538.583    34.9429    34.9458 0.0000e+00
   6947.313     166737   2575.000     3.1265     3.1302   3.281934   3.282508   48.99938  -16.49989     5.9445     6.2127   2537.603    34.9428    34.9457 0.0000e+00
   6948.313     166761   2574.000     3.1271     3.1308   3.281943   3.282529   48.99937  -16.49989     5.9463     6.2143   2536.623    34.9427    34.9458 0.0000e+00
   6949.255     166783   2573.000     3.1278     3.1313   3.281962   3.282539   48.99937  -16.49989     5.9483     6.2133   2535.644    34.9427    34.9459 0.0000e+00
