Data_example/SBE_Data_Processed/DY130/SeaBird/Data/Processed/DY130_001cfaldb.cnv
* Sea-Bird SBE 9 Data File:
* FileName = C:\Users\sandm\Documents\Cruises\DY130\Data\Raw Data\DY130_001.hex
* Software Version Seasave V 7.26.7.121
* Temperature SN = 03P-5494
* Conductivity SN = 04C-3768
* Number of Bytes Per Scan = 45
* Number of Voltage Words = 4
* Number of Scans Averaged by the Deck Unit = 1
* NMEA Latitude = 48 15.46 N
* NMEA Longitude = 010 08.85 W
* NMEA UTC (Time) = Mar 28 2021  15:02:43
* NMEA baud rate = 9600
** Ship: RRS Discovery
** Cruise: DY130
** Cast: DY130_001
** Station: 016
** Julian Day: 087
** Date: 28th March 2021
** Time (GMT): 15:02
** Latitude: 48 15.46
** Longitude: 10 08.85
** Depth (uncorrected m): 3399
** Principal Scientist: Sue Hart
** Operator: BP/PH
# nquan = 15
# nvalues = 3656                        
# units = specified
# name 0 = timeS: Time, Elapsed [seconds]
# name 1 = scan: Scan Count
# name 2 = prDM: Pressure, Digiquartz [db]
# name 3 = t090C: Temperature [ITS-90, deg C]
# name 4 = t190C: Temperature, 2 [ITS-90, deg C]
# name 5 = c0S/m: Conductivity [S/m]
# name 6 = c1S/m: Conductivity, 2 [S/m]
# name 7 = latitude: Latitude [deg]
# name 8 = longitude: Longitude [deg]
# name 9 = sbeox0ML/L: Oxygen, SBE 43 [ml/l]
# name 10 = sbeox1ML/L: Oxygen, SBE 43, 2 [ml/l]
# name 11 = depSM: Depth [salt water, m], lat = 48.2577
# name 12 = sal00: Salinity, Practical [PSU]
# name 13 = sal11: Salinity, Practical, 2 [PSU]
# name 14 = flag: flag
# span 0 =    666.199,   8048.705       
# span 1 =      15990,     193170       
# span 2 =      1.000,   1829.000       
# span 3 =     4.1560,    11.9920       
# span 4 =     4.1573,    11.8694       
# span 5 =   2.878775,   4.058990       
# span 6 =   2.888498,   4.044904       
# span 7 =   48.25766,   48.25771       
# span 8 =  -10.14763,  -10.14753       
# span 9 =     4.2738,     6.1478       
# span 10 =     4.4682,     6.4887      
# span 11 =      0.992,   1805.704      
# span 12 =    24.3475,    35.7247      
# span 13 =    24.4585,    35.7267      
# span 14 = 0.0000e+00, 0.0000e+00      
# interval = decibars: 1                
# start_time = Mar 28 2021 15:02:43 [NMEA time, first data scan]
# bad_flag = -9.990e-29
*END*
[from data line 2892]
   5627.039     135050    764.000    10.0988    10.1132   3.914504   3.915784   48.25768  -10.14755     4.3486     4.5404    756.177    35.6333    35.6322 0.0000e+00
   5628.012     135073    763.000    10.1032    10.1172   3.914727   3.916056   48.25768  -10.14755     4.3470     4.5402    755.189    35.6317    35.6315 0.0000e+00
   5628.876     135094    762.000    10.1087    10.1210   3.915053   3.916280   48.25768  -10.14755     4.3462     4.5409    754.202    35.6301    35.6305 0.0000e+00
   5629.624     135112    761.000    10.1142    10.1243   3.915417   3.916497   48.25768  -10.14755     4.3469     4.5409    753.214    35.6288    35.6299 0.0000e+00
   5630.294     135128    760.000    10.1182    10.1261   3.915742   3.916650   48.25768  -10.14755     4.3478     4.5402    752.226    35.6287    35.6301 0.0000e+00
   5630.931     135143    759.000    10.1207    10.1271   3.915955   3.916717   48.25768  -10.14755     4.3495     4.5397    751.238    35.6288    35.6303 0.0000e+00
   5631.577     135159    758.000    10.1222    10.1279   3.916080   3.916740   48.25768  -10.14755     4.3512     4.5399    750.250    35.6291    35.6302 0.0000e+00
   5632.291     135176    757.000    10.1224    10.1287   3.916117   3.916749   48.25768  -10.14754     4.3513     4.5417    749.262    35.6297    35.6299 0.0000e+00
   5633.195     135198    756.000    10.1211    10.1303   3.916039   3.916807   48.25768  -10.14754     4.3499     4.5438    748.274    35.6306    35.6294 0.0000e+00
   5634.544     135230    755.000    10.1191    10.1325   3.915833   3.916911   48.25768  -10.14754     4.3465     4.5459    747.286    35.6309    35.6287 0.0000e+00
   5636.041     135266    754.000    10.1203    10.1348   3.915774   3.917018   48.25768  -10.14755     4.3446     4.5454    746.298    35.6296    35.6281 0.0000e+00
   5637.184     135293    753.000    10.1229    10.1376   3.915887   3.917019   48.25768  -10.14755     4.3468     4.5444    745.310    35.6286    35.6258 0.0000e+00
   5638.227     135318    752.000    10.1259    10.1419   3.916036   3.917153   48.25768  -10.14755     4.3496     4.5461    744.322    35.6276    35.6234 0.0000e+00
   5639.306     135344    751.000    10.1288    10.1467   3.916149   3.917351   48.25768  -10.14755     4.3491     4.5494    743.334    35.6264    35.6212 0.0000e+00
   5640.377     135370    750.000    10.1354    10.1518   3.916381   3.917642   48.25768  -10.14756     4.3503     4.5532    742.346    35.6228    35.6196 0.0000e+00
   5641.324     135393    749.000    10.1426    10.1548   3.916741   3.917841   48.25768  -10.14756     4.3551     4.5552    741.358    35.6199    35.6192 0.0000e+00
   5642.152     135413    748.000    10.1479    10.1562   3.917060   3.917937   48.25768  -10.14755     4.3590     4.5570    740.370    35.6184    35.6191 0.0000e+00
   5642.912     135431    747.000    10.1510    10.1569   3.917266   3.917965   48.25768  -10.14755     4.3612     4.5584    739.382    35.6179    35.6193 0.0000e+00
   5643.657     135449    746.000    10.1529    10.1571   3.917385   3.917951   48.25768  -10.14755     4.3628     4.5588    738.394    35.6177    35.6193 0.0000e+00
   5644.433     135467    745.000    10.1541    10.1573   3.917445   3.917920   48.25768  -10.14755     4.3642     4.5578    737.406    35.6176    35.6193 0.0000e+00
   5645.273     135488    744.000    10.1546    10.1573   3.917459   3.917877   48.25768  -10.14755     4.3667     4.5565    736.418    35.6176    35.6193 0.0000e+00
   5646.220     135510    743.000    10.1548    10.1572   3.917439   3.917822   48.25768  -10.14755     4.3679     4.5571    735.429    35.6177    35.6193 0.0000e+00
   5647.371     135538    742.000    10.1543    10.1568   3.917380   3.917744   48.25768  -10.14755     4.3677     4.5588    734.441    35.6180    35.6193 0.0000e+00
   5648.824     135573    741.000    10.1531    10.1559   3.917262   3.917607   48.25768  -10.14755     4.3647     4.5580    733.453    35.6185    35.6192 0.0000e+00
   5650.296     135608    740.000    10.1531    10.1554   3.917169   3.917472   48.25768  -10.14756     4.3635     4.5558    732.465    35.6180    35.6188 0.0000e+00
   5651.367     135634    739.000    10.1534    10.1557   3.917114   3.917398   48.25768  -10.14756     4.3642     4.5560    731.477    35.6175    35.6182 0.0000e+00
   5652.192     135654    738.000    10.1534    10.1563   3.917017   3.917318   48.25768  -10.14756     4.3637     4.5583    730.489    35.6170    35.6173 0.0000e+00
   5652.912     135671    737.000    10.1537    10.1574   3.916917   3.917270   48.25768  -10.14756     4.3638     4.5602    729.501    35.6162    35.6161 0.0000e+00
   5653.601     135687    736.000    10.1542    10.1592   3.916850   3.917296   48.25768  -10.14756     4.3654     4.5610    728.513    35.6154    35.6151 0.0000e+00
   5654.308     135704    735.000    10.1550    10.1614   3.916828   3.917385   48.25768  -10.14755     4.3667     4.5619    727.525    35.6149    35.6143 0.0000e+00
   5655.091     135723    734.000    10.1557    10.1639   3.916836   3.917524   48.25768  -10.14755     4.3680     4.5647    726.537    35.6147    35.6137 0.0000e+00
   5656.033     135746    733.000    10.1556    10.1662   3.916817   3.917670   48.25768  -10.14755     4.3684     4.5674    725.549    35.6150    35.6134 0.0000e+00
   5657.180     135773    732.000    10.1568    10.1680   3.916802   3.917768   48.25768  -10.14755     4.3691     4.5669    724.561    35.6141    35.6130 0.0000e+00
   5658.378     135802    731.000    10.1603    10.1690   3.916947   3.917810   48.25768  -10.14755     4.3689     4.5650    723.572    35.6127    35.6129 0.0000e+00
   5659.483     135829    730.000    10.1629    10.1698   3.917089   3.917821   48.25768  -10.14755     4.3709     4.5660    722.584    35.6120    35.6127 0.0000e+00
   5660.506     135853    729.000    10.1651    10.1703   3.917190   3.917820   48.25768  -10.14756     4.3745     4.5676    721.596    35.6113    35.6127 0.0000e+00
   5661.483     135877    728.000    10.1667    10.1708   3.917273   3.917811   48.25768  -10.14756     4.3768     4.5671    720.608    35.6111    35.6126 0.0000e+00
   5662.435     135899    727.000    10.1678    10.1714   3.917319   3.917807   48.25768  -10.14757     4.3774     4.5667    719.620    35.6109    35.6123 0.0000e+00
   5663.365     135922    726.000    10.1685    10.1727   3.917338   3.917832   48.25768  -10.14757     4.3760     4.5680    718.632    35.6108    35.6118 0.0000e+00
   5664.289     135944    725.000    10.1693    10.1747   3.917347   3.917913   48.25768  -10.14757     4.3736     4.5692    717.644    35.6107    35.6111 0.0000e+00
   5665.247     135967    724.000    10.1703    10.1772   3.917369   3.918049   48.25768  -10.14757     4.3724     4.5691    716.656    35.6103    35.6105 0.0000e+00
   5666.279     135992    723.000    10.1720    10.1795   3.917438   3.918168   48.25768  -10.14757     4.3716     4.5701    715.667    35.6097    35.6099 0.0000e+00
   5667.329     136017    722.000    10.1744    10.1819   3.917539   3.918251   48.25768  -10.14757     4.3712     4.5716    714.679    35.6089    35.6088 0.0000e+00
   5668.276     136040    721.000    10.1772    10.1848   3.917656   3.918337   48.25768  -10.14757     4.3725     4.5715    713.691    35.6078    35.6074 0.0000e+00
   5669.109     136060    720.000    10.1801    10.1871   3.917781   3.918474   48.25768  -10.14756     4.3767     4.5727    712.703    35.6066    35.6068 0.0000e+00
   5669.890     136078    719.000    10.1827    10.1888   3.917914   3.918595   48.25768  -10.14756     4.3808     4.5738    711.715    35.6059    35.6069 0.0000e+00
   5670.674     136097    718.000    10.1846    10.1898   3.918034   3.918672   48.25768  -10.14755     4.3830     4.5738    710.727    35.6057    35.6071 0.0000e+00
   5671.522     136118    717.000    10.1859    10.1907   3.918112   3.918728   48.25768  -10.14755     4.3830     4.5749    709.739    35.6057    35.6073 0.0000e+00
   5672.494     136141    716.000    10.1868    10.1913   3.918158   3.918769   48.25768  -10.14755     4.3832     4.5767    708.750    35.6058    35.6076 0.0000e+00
   5673.635     136168    715.000    10.1878    10.1916   3.918202   3.918767   48.25768  -10.14756     4.3847     4.5767    707.762    35.6057    35.6078 0.0000e+00
   5674.894     136198    714.000    10.1885    10.1917   3.918236   3.918728   48.25768  -10.14757     4.3848     4.5777    706.774    35.6058    35.6077 0.0000e+00
   5676.109     136228    713.000    10.1890    10.1919   3.918232   3.918653   48.25768  -10.14759     4.3825     4.5775    705.786    35.6057    35.6071 0.0000e+00
   5677.147     136253    712.000    10.1895    10.1925   3.918206   3.918543   48.25768  -10.14759     4.3821     4.5770    704.798    35.6054    35.6059 0.0000e+00
   5678.039     136274    711.000    10.1900    10.1934   3.918156   3.918481   48.25768  -10.14759     4.3840     4.5792    703.809    35.6048    35.6048 0.0000e+00
   5678.864     136294    710.000    10.1907    10.1945   3.918093   3.918478   48.25768  -10.14758     4.3842     4.5812    702.821    35.6039    35.6042 0.0000e+00
   5679.689     136314    709.000    10.1915    10.1959   3.918057   3.918527   48.25768  -10.14757     4.3834     4.5813    701.833    35.6033    35.6038 0.0000e+00
   5680.569     136335    708.000    10.1925    10.1977   3.918058   3.918604   48.25768  -10.14757     4.3839     4.5808    700.845    35.6028    35.6032 0.0000e+00
   5681.500     136357    707.000    10.1938    10.1995   3.918097   3.918694   48.25768  -10.14757     4.3855     4.5801    699.857    35.6023    35.6028 0.0000e+00
   5682.419     136379    706.000    10.1953    10.2008   3.918153   3.918739   48.25768  -10.14757     4.3853     4.5802    698.868    35.6018    35.6024 0.0000e+00
   5683.317     136401    705.000    10.1967    10.2014   3.918212   3.918734   48.25768  -10.14757     4.3849     4.5805    697.880    35.6015    35.6022 0.0000e+00
   5684.274     136424    704.000    10.1971    10.2012   3.918226   3.918681   48.25768  -10.14757     4.3860     4.5796    696.892    35.6018    35.6023 0.0000e+00
   5685.437     136451    703.000    10.1964    10.1991   3.918129   3.918445   48.25768  -10.14757     4.3878     4.5792    695.904    35.6019    35.6025 0.0000e+00
   5686.694     136482    702.000    10.1960    10.1925   3.917969   3.917740   48.25768  -10.14758     4.3874     4.5800    694.915    35.6011    35.6022 0.0000e+00
   5687.702     136506    701.000    10.1935    10.1812   3.917656   3.916538   48.25768  -10.14759     4.3870     4.5810    693.927    35.6008    35.6015 0.0000e+00
   5688.508     136525    700.000    10.1877    10.1668   3.917005   3.914900   48.25768  -10.14759     4.3871     4.5822    692.939    35.6003    35.5994 0.0000e+00
   5689.232     136543    699.000    10.1789    10.1529   3.916016   3.913032   48.25768  -10.14759     4.3873     4.5838    691.951    35.5993    35.5943 0.0000e+00
   5689.935     136559    698.000    10.1691    10.1417   3.914685   3.911239   48.25768  -10.14758     4.3872     4.5858    690.962    35.5958    35.5875 0.0000e+00
   5690.675     136577    697.000    10.1612    10.1326   3.913346   3.909681   48.25768  -10.14758     4.3870     4.5885    689.974    35.5903    35.5810 0.0000e+00
   5691.532     136598    696.000    10.1584    10.1262   3.912418   3.908351   48.25768  -10.14757     4.3879     4.5926    688.986    35.5841    35.5742 0.0000e+00
   5692.654     136625    695.000    10.1646    10.1230   3.912820   3.907514   48.25768  -10.14757     4.3921     4.5967    687.998    35.5825    35.5693 0.0000e+00
   5694.164     136661    694.000    10.1676    10.1216   3.913673   3.907081   48.25768  -10.14757     4.3957     4.5945    687.009    35.5887    35.5667 0.0000e+00
   5695.520     136693    693.000    10.1501    10.1214   3.911966   3.906930   48.25768  -10.14757     4.3943     4.5911    686.021    35.5889    35.5657 0.0000e+00
   5696.451     136716    692.000    10.1345    10.1191   3.909616   3.906658   48.25768  -10.14757     4.3928     4.5906    685.033    35.5807    35.5657 0.0000e+00
   5697.212     136734    691.000    10.1258    10.1167   3.907920   3.906167   48.25768  -10.14757     4.3930     4.5911    684.044    35.5724    35.5635 0.0000e+00
   5697.920     136751    690.000    10.1212    10.1148   3.906889   3.905775   48.25768  -10.14757     4.3948     4.5925    683.056    35.5669    35.5618 0.0000e+00
   5698.662     136769    689.000    10.1193    10.1134   3.906293   3.905461   48.25768  -10.14757     4.3961     4.5951    682.068    35.5631    35.5604 0.0000e+00
   5699.559     136790    688.000    10.1200    10.1125   3.906152   3.905245   48.25768  -10.14757     4.3963     4.5965    681.080    35.5615    35.5595 0.0000e+00
   5700.764     136819    687.000    10.1205    10.1115   3.906269   3.905068   48.25768  -10.14757     4.3960     4.5957    680.091    35.5626    35.5592 0.0000e+00
   5702.039     136850    686.000    10.1174    10.1102   3.905990   3.904846   48.25768  -10.14759     4.3978     4.5971    679.103    35.5632    35.5586 0.0000e+00
   5703.049     136874    685.000    10.1143    10.1088   3.905410   3.904665   48.25768  -10.14759     4.4003     4.5992    678.115    35.5608    35.5586 0.0000e+00
   5703.901     136895    684.000    10.1114    10.1068   3.905021   3.904387   48.25768  -10.14759     4.4007     4.5983    677.126    35.5601    35.5581 0.0000e+00
   5704.715     136914    683.000    10.1089    10.1052   3.904560   3.904099   48.25768  -10.14759     4.4002     4.5969    676.138    35.5583    35.5572 0.0000e+00
   5705.574     136935    682.000    10.1069    10.1040   3.904198   3.903866   48.25768  -10.14758     4.4002     4.5960    675.150    35.5570    35.5565 0.0000e+00
   5706.540     136958    681.000    10.1054    10.1028   3.903911   3.903666   48.25767  -10.14757     4.4005     4.5949    674.161    35.5561    35.5561 0.0000e+00
   5707.568     136983    680.000    10.1033    10.1014   3.903640   3.903454   48.25766  -10.14757     4.4008     4.5939    673.173    35.5557    35.5557 0.0000e+00
   5708.531     137006    679.000    10.1012    10.0999   3.903304   3.903217   48.25766  -10.14756     4.4028     4.5936    672.185    35.5548    35.5552 0.0000e+00
   5709.413     137027    678.000    10.0997    10.0986   3.903033   3.902975   48.25767  -10.14756     4.4040     4.5938    671.196    35.5540    35.5545 0.0000e+00
   5710.264     137047    677.000    10.0986    10.0974   3.902808   3.902741   48.25767  -10.14756     4.4031     4.5944    670.208    35.5532    35.5537 0.0000e+00
   5711.157     137069    676.000    10.0979    10.0966   3.902636   3.902543   48.25767  -10.14756     4.4012     4.5950    669.220    35.5526    35.5530 0.0000e+00
   5712.194     137094    675.000    10.0979    10.0957   3.902536   3.902325   48.25768  -10.14756     4.4023     4.5962    668.231    35.5520    35.5520 0.0000e+00
   5713.449     137124    674.000    10.0978    10.0967   3.902496   3.902179   48.25768  -10.14757     4.4023     4.5973    667.243    35.5522    35.5500 0.0000e+00
   5714.726     137154    673.000    10.0967    10.1010   3.902267   3.902396   48.25768  -10.14758     4.3990     4.5955    666.254    35.5514    35.5485 0.0000e+00
   5715.787     137180    672.000    10.0975    10.1082   3.902077   3.902927   48.25768  -10.14759     4.3963     4.5931    665.266    35.5491    35.5473 0.0000e+00
   5716.659     137201    671.000    10.1011    10.1168   3.902192   3.903635   48.25768  -10.14758     4.3963     4.5912    664.278    35.5472    35.5465 0.0000e+00
   5717.431     137219    670.000    10.1068    10.1288   3.902574   3.904550   48.25768  -10.14758     4.3980     4.5913    663.289    35.5460    35.5446 0.0000e+00
