Data_example/SBE_Data_Processed/DY130/SeaBird/Data/Processed/DY130_009cfaldb.cnv
* Sea-Bird SBE 9 Data File:
* FileName = C:\Users\sandm\Documents\Cruises\DY130\Data\Raw Data\DY130_009.hex
* Software Version Seasave V 7.26.7.121
* Temperature SN = 03P-5494
* Conductivity SN = 04C-3768
* Number of Bytes Per Scan = 45
* Number of Voltage Words = 4
* Number of Scans Averaged by the Deck Unit = 1
* NMEA Latitude = 48 56.12 N
* NMEA Longitude = 016 26.57 W
* NMEA UTC (Time) = Apr 06 2021  06:46:39
* NMEA baud rate = 9600
** Ship: RRS Discovery
** Cruise: DY130
** Cast: DY130_009
** Station: 057
** Julian Day: 096
** Date: 06/04/2021
** Time (GMT): 06:46
** Latitude: 48 56.11N
** Longitude: 16 26.57W
** Depth (uncorrected m): 4809
** Principal Scientist: Sue Hart
** Operator: BP/PH
# nquan = 15
# nvalues = 9700                        
# units = specified
# name 0 = timeS: Time, Elapsed [seconds]
# name 1 = scan: Scan Count
# name 2 = prDM: Pressure, Digiquartz [db]
# name 3 = t090C: Temperature [ITS-90, deg C]
# name 4 = t190C: Temperature, 2 [ITS-90, deg C]
# name 5 = c0S/m: Conductivity [S/m]
# name 6 = c1S/m: Conductivity, 2 [S/m]
# name 7 = latitude: Latitude [deg]
# name 8 = longitude: Longitude [deg]
# name 9 = sbeox0ML/L: Oxygen, SBE 43 [ml/l]
# name 10 = sbeox1ML/L: Oxygen, SBE 43, 2 [ml/l]
# name 11 = depSM: Depth [salt water, m], lat = 48.9353
# name 12 = sal00: Salinity, Practical [PSU]
# name 13 = sal11: Salinity, Practical, 2 [PSU]
# name 14 = flag: flag
# span 0 =    324.386,  13244.330       
# span 1 =       7786,     317865       
# span 2 =      2.000,   4852.000       
# span 3 =     2.5255,    11.5654       
# span 4 =     2.5282,    11.5668       
# span 5 =   3.151165,   4.013559       
# span 6 =   2.624274,   4.012283       
# span 7 =   48.85215,   48.93552       
# span 8 =  -16.44245,  -16.41441       
# span 9 =     4.4229,     6.3975       
# span 10 =     4.5960,     7.0202      
# span 11 =      1.983,   4756.829      
# span 12 =    27.3379,    35.5517      
# span 13 =    22.4369,    35.5132      
# span 14 = 0.0000e+00, 0.0000e+00      
# interval = decibars: 1                
# start_time = Apr 06 2021 06:46:40 [NMEA time, first data scan]
# bad_flag = -9.990e-29
*END*
[from data line 5494]
   6080.551     145934   4207.000     2.5338     2.5367   3.285646   3.286058   48.93550  -16.44243     5.4971     5.7586   4130.461    34.9037    34.9055 0.0000e+00
   6081.413     145955   4206.000     2.5338     2.5367   3.285620   3.286025   48.93550  -16.44243     5.4984     5.7546   4129.488    34.9038    34.9056 0.0000e+00
   6082.297     145976   4205.000     2.5338     2.5367   3.285591   3.285994   48.93550  -16.44243     5.4994     5.7539   4128.516    34.9038    34.9056 0.0000e+00
   6083.216     145998   4204.000     2.5339     2.5367   3.285564   3.285963   48.93550  -16.44243     5.4986     5.7534   4127.543    34.9038    34.9056 0.0000e+00
   6084.171     146021   4203.000     2.5339     2.5367   3.285537   3.285933   48.93550  -16.44243     5.4964     5.7543   4126.571    34.9039    34.9057 0.0000e+00
   6085.160     146045   4202.000     2.5339     2.5367   3.285504   3.285903   48.93550  -16.44243     5.4959     5.7541   4125.598    34.9039    34.9057 0.0000e+00
   6086.183     146069   4201.000     2.5339     2.5367   3.285468   3.285870   48.93550  -16.44243     5.4963     5.7553   4124.626    34.9039    34.9057 0.0000e+00
   6087.248     146095   4200.000     2.5338     2.5367   3.285431   3.285835   48.93550  -16.44243     5.4951     5.7592   4123.653    34.9039    34.9057 0.0000e+00
   6088.333     146121   4199.000     2.5339     2.5367   3.285398   3.285800   48.93550  -16.44243     5.4948     5.7634   4122.681    34.9039    34.9057 0.0000e+00
   6089.377     146146   4198.000     2.5339     2.5369   3.285370   3.285776   48.93550  -16.44243     5.4930     5.7606   4121.708    34.9039    34.9056 0.0000e+00
   6090.343     146169   4197.000     2.5340     2.5372   3.285345   3.285767   48.93550  -16.44243     5.4948     5.7580   4120.736    34.9039    34.9056 0.0000e+00
   6091.253     146191   4196.000     2.5342     2.5373   3.285323   3.285755   48.93550  -16.44243     5.4993     5.7611   4119.763    34.9039    34.9058 0.0000e+00
   6092.151     146213   4195.000     2.5343     2.5374   3.285304   3.285731   48.93550  -16.44243     5.5020     5.7593   4118.791    34.9039    34.9058 0.0000e+00
   6093.069     146235   4194.000     2.5345     2.5375   3.285286   3.285705   48.93550  -16.44243     5.4991     5.7581   4117.818    34.9040    34.9058 0.0000e+00
   6094.014     146257   4193.000     2.5345     2.5376   3.285262   3.285682   48.93550  -16.44243     5.4962     5.7602   4116.845    34.9040    34.9058 0.0000e+00
   6094.955     146280   4192.000     2.5346     2.5377   3.285237   3.285656   48.93550  -16.44243     5.4970     5.7581   4115.873    34.9040    34.9058 0.0000e+00
   6095.855     146302   4191.000     2.5348     2.5378   3.285216   3.285632   48.93550  -16.44243     5.4954     5.7574   4114.900    34.9040    34.9058 0.0000e+00
   6096.713     146322   4190.000     2.5350     2.5382   3.285198   3.285621   48.93550  -16.44243     5.4961     5.7596   4113.928    34.9040    34.9057 0.0000e+00
   6097.550     146342   4189.000     2.5352     2.5385   3.285179   3.285615   48.93550  -16.44243     5.4968     5.7617   4112.955    34.9040    34.9057 0.0000e+00
   6098.403     146363   4188.000     2.5354     2.5387   3.285164   3.285604   48.93550  -16.44243     5.4963     5.7600   4111.983    34.9040    34.9058 0.0000e+00
   6099.303     146384   4187.000     2.5355     2.5388   3.285147   3.285590   48.93550  -16.44243     5.4954     5.7556   4111.010    34.9040    34.9059 0.0000e+00
   6100.281     146408   4186.000     2.5357     2.5389   3.285138   3.285572   48.93550  -16.44243     5.4970     5.7539   4110.038    34.9041    34.9060 0.0000e+00
   6101.345     146433   4185.000     2.5359     2.5390   3.285126   3.285555   48.93550  -16.44243     5.4981     5.7548   4109.065    34.9042    34.9061 0.0000e+00
   6102.461     146460   4184.000     2.5360     2.5390   3.285109   3.285530   48.93550  -16.44243     5.4968     5.7543   4108.092    34.9043    34.9062 0.0000e+00
   6103.548     146486   4183.000     2.5362     2.5391   3.285093   3.285497   48.93550  -16.44243     5.4980     5.7535   4107.120    34.9043    34.9061 0.0000e+00
   6104.553     146510   4182.000     2.5363     2.5391   3.285071   3.285464   48.93550  -16.44243     5.4975     5.7540   4106.147    34.9044    34.9061 0.0000e+00
   6105.484     146533   4181.000     2.5364     2.5390   3.285042   3.285428   48.93550  -16.44243     5.4965     5.7535   4105.175    34.9043    34.9062 0.0000e+00
   6106.378     146554   4180.000     2.5364     2.5389   3.285009   3.285387   48.93550  -16.44243     5.4953     5.7552   4104.202    34.9043    34.9062 0.0000e+00
   6107.267     146575   4179.000     2.5364     2.5388   3.284974   3.285344   48.93550  -16.44243     5.4952     5.7583   4103.229    34.9043    34.9062 0.0000e+00
   6108.168     146597   4178.000     2.5363     2.5387   3.284936   3.285300   48.93550  -16.44243     5.4948     5.7588   4102.257    34.9044    34.9062 0.0000e+00
   6109.078     146619   4177.000     2.5362     2.5386   3.284897   3.285257   48.93550  -16.44243     5.4945     5.7594   4101.284    34.9044    34.9062 0.0000e+00
   6109.987     146641   4176.000     2.5361     2.5386   3.284857   3.285214   48.93550  -16.44243     5.4959     5.7591   4100.312    34.9045    34.9061 0.0000e+00
   6110.895     146662   4175.000     2.5360     2.5385   3.284816   3.285173   48.93550  -16.44243     5.4972     5.7586   4099.339    34.9045    34.9061 0.0000e+00
   6111.814     146685   4174.000     2.5359     2.5384   3.284773   3.285136   48.93550  -16.44243     5.4974     5.7577   4098.366    34.9045    34.9062 0.0000e+00
   6112.751     146707   4173.000     2.5358     2.5385   3.284731   3.285103   48.93550  -16.44243     5.4989     5.7565   4097.394    34.9045    34.9061 0.0000e+00
   6113.698     146730   4172.000     2.5358     2.5385   3.284691   3.285076   48.93550  -16.44243     5.4980     5.7574   4096.421    34.9045    34.9062 0.0000e+00
   6114.647     146753   4171.000     2.5357     2.5387   3.284652   3.285054   48.93550  -16.44243     5.4964     5.7569   4095.449    34.9045    34.9061 0.0000e+00
   6115.600     146775   4170.000     2.5357     2.5389   3.284616   3.285034   48.93550  -16.44243     5.4988     5.7545   4094.476    34.9045    34.9061 0.0000e+00
   6116.577     146799   4169.000     2.5358     2.5390   3.284587   3.285017   48.93550  -16.44243     5.4996     5.7541   4093.503    34.9044    34.9062 0.0000e+00
   6117.599     146823   4168.000     2.5359     2.5390   3.284565   3.284999   48.93550  -16.44243     5.4983     5.7566   4092.531    34.9044    34.9063 0.0000e+00
   6118.657     146849   4167.000     2.5361     2.5391   3.284552   3.284972   48.93550  -16.44243     5.4974     5.7606   4091.558    34.9045    34.9064 0.0000e+00
   6119.697     146874   4166.000     2.5363     2.5392   3.284532   3.284942   48.93550  -16.44243     5.4985     5.7601   4090.585    34.9045    34.9063 0.0000e+00
   6120.669     146897   4165.000     2.5363     2.5393   3.284507   3.284914   48.93550  -16.44243     5.4974     5.7615   4089.613    34.9046    34.9063 0.0000e+00
   6121.572     146919   4164.000     2.5364     2.5394   3.284480   3.284887   48.93550  -16.44243     5.4992     5.7649   4088.640    34.9045    34.9063 0.0000e+00
   6122.432     146939   4163.000     2.5365     2.5394   3.284454   3.284859   48.93550  -16.44243     5.4997     5.7627   4087.667    34.9046    34.9063 0.0000e+00
   6123.277     146960   4162.000     2.5365     2.5394   3.284426   3.284825   48.93550  -16.44243     5.4997     5.7583   4086.695    34.9046    34.9063 0.0000e+00
   6124.139     146980   4161.000     2.5366     2.5394   3.284396   3.284794   48.93550  -16.44243     5.4995     5.7563   4085.722    34.9046    34.9064 0.0000e+00
   6125.060     147002   4160.000     2.5366     2.5393   3.284365   3.284759   48.93550  -16.44243     5.4985     5.7548   4084.749    34.9046    34.9065 0.0000e+00
   6126.088     147027   4159.000     2.5366     2.5392   3.284337   3.284723   48.93550  -16.44241     5.4991     5.7549   4083.777    34.9047    34.9066 0.0000e+00
   6127.220     147054   4158.000     2.5366     2.5393   3.284305   3.284691   48.93549  -16.44241     5.4980     5.7573   4082.804    34.9047    34.9065 0.0000e+00
   6128.322     147081   4157.000     2.5366     2.5394   3.284271   3.284663   48.93549  -16.44241     5.4968     5.7562   4081.831    34.9047    34.9064 0.0000e+00
   6129.299     147104   4156.000     2.5366     2.5396   3.284236   3.284643   48.93550  -16.44241     5.4973     5.7581   4080.859    34.9047    34.9064 0.0000e+00
   6130.186     147125   4155.000     2.5367     2.5397   3.284209   3.284619   48.93550  -16.44241     5.4973     5.7619   4079.886    34.9046    34.9064 0.0000e+00
   6131.035     147146   4154.000     2.5368     2.5396   3.284186   3.284586   48.93550  -16.44242     5.4980     5.7651   4078.913    34.9047    34.9065 0.0000e+00
   6131.890     147166   4153.000     2.5369     2.5396   3.284159   3.284547   48.93550  -16.44241     5.4987     5.7654   4077.941    34.9047    34.9065 0.0000e+00
   6132.783     147188   4152.000     2.5369     2.5395   3.284126   3.284509   48.93550  -16.44241     5.4998     5.7626   4076.968    34.9047    34.9066 0.0000e+00
   6133.735     147211   4151.000     2.5368     2.5393   3.284090   3.284469   48.93549  -16.44241     5.5003     5.7604   4075.995    34.9048    34.9066 0.0000e+00
   6134.743     147235   4150.000     2.5368     2.5392   3.284055   3.284426   48.93549  -16.44241     5.4988     5.7586   4075.022    34.9048    34.9066 0.0000e+00
   6135.781     147260   4149.000     2.5367     2.5391   3.284016   3.284376   48.93548  -16.44240     5.4983     5.7559   4074.050    34.9048    34.9066 0.0000e+00
   6136.803     147284   4148.000     2.5366     2.5389   3.283976   3.284327   48.93548  -16.44240     5.4975     5.7561   4073.077    34.9049    34.9066 0.0000e+00
   6137.765     147307   4147.000     2.5365     2.5388   3.283933   3.284282   48.93548  -16.44240     5.4992     5.7562   4072.104    34.9049    34.9066 0.0000e+00
   6138.661     147329   4146.000     2.5363     2.5388   3.283888   3.284240   48.93549  -16.44240     5.5002     5.7550   4071.132    34.9049    34.9066 0.0000e+00
   6139.512     147349   4145.000     2.5362     2.5386   3.283842   3.284196   48.93549  -16.44241     5.4999     5.7590   4070.159    34.9049    34.9066 0.0000e+00
   6140.350     147369   4144.000     2.5361     2.5385   3.283796   3.284150   48.93550  -16.44241     5.5009     5.7622   4069.186    34.9049    34.9066 0.0000e+00
   6141.206     147390   4143.000     2.5360     2.5384   3.283749   3.284107   48.93550  -16.44241     5.5036     5.7619   4068.213    34.9049    34.9066 0.0000e+00
   6142.107     147412   4142.000     2.5359     2.5384   3.283706   3.284069   48.93549  -16.44241     5.5032     5.7636   4067.241    34.9048    34.9065 0.0000e+00
   6143.072     147435   4141.000     2.5358     2.5386   3.283667   3.284046   48.93549  -16.44241     5.5007     5.7618   4066.268    34.9049    34.9065 0.0000e+00
   6144.113     147460   4140.000     2.5359     2.5390   3.283631   3.284045   48.93548  -16.44241     5.4998     5.7590   4065.295    34.9048    34.9065 0.0000e+00
   6145.227     147486   4139.000     2.5360     2.5394   3.283606   3.284058   48.93548  -16.44240     5.4978     5.7592   4064.322    34.9048    34.9066 0.0000e+00
   6146.351     147513   4138.000     2.5362     2.5395   3.283593   3.284046   48.93548  -16.44239     5.4954     5.7569   4063.350    34.9047    34.9067 0.0000e+00
   6147.390     147538   4137.000     2.5365     2.5396   3.283584   3.284017   48.93548  -16.44239     5.4954     5.7546   4062.377    34.9048    34.9067 0.0000e+00
   6148.323     147561   4136.000     2.5366     2.5396   3.283567   3.283985   48.93548  -16.44239     5.4973     5.7544   4061.404    34.9049    34.9067 0.0000e+00
   6149.189     147582   4135.000     2.5367     2.5396   3.283543   3.283949   48.93548  -16.44239     5.4979     5.7554   4060.431    34.9049    34.9067 0.0000e+00
   6150.025     147602   4134.000     2.5368     2.5396   3.283519   3.283915   48.93548  -16.44239     5.4957     5.7580   4059.458    34.9049    34.9067 0.0000e+00
   6150.866     147622   4133.000     2.5368     2.5395   3.283492   3.283882   48.93548  -16.44239     5.4949     5.7623   4058.486    34.9050    34.9068 0.0000e+00
   6151.742     147643   4132.000     2.5369     2.5395   3.283463   3.283846   48.93548  -16.44239     5.4967     5.7678   4057.513    34.9050    34.9068 0.0000e+00
   6152.683     147665   4131.000     2.5369     2.5394   3.283430   3.283807   48.93548  -16.44239     5.4974     5.7682   4056.540    34.9050    34.9069 0.0000e+00
   6153.693     147690   4130.000     2.5368     2.5393   3.283396   3.283767   48.93548  -16.44240     5.4968     5.7647   4055.567    34.9051    34.9069 0.0000e+00
   6154.720     147714   4129.000     2.5368     2.5393   3.283359   3.283728   48.93548  -16.44240     5.4980     5.7618   4054.594    34.9051    34.9068 0.0000e+00
   6155.697     147738   4128.000     2.5367     2.5393   3.283319   3.283691   48.93548  -16.44240     5.4986     5.7588   4053.622    34.9051    34.9068 0.0000e+00
   6156.622     147760   4127.000     2.5367     2.5393   3.283281   3.283656   48.93548  -16.44240     5.5006     5.7563   4052.649    34.9050    34.9068 0.0000e+00
   6157.543     147782   4126.000     2.5367     2.5393   3.283248   3.283625   48.93548  -16.44240     5.5007     5.7552   4051.676    34.9051    34.9068 0.0000e+00
   6158.510     147805   4125.000     2.5368     2.5395   3.283218   3.283599   48.93548  -16.44239     5.4982     5.7556   4050.703    34.9050    34.9068 0.0000e+00
   6159.536     147830   4124.000     2.5369     2.5397   3.283192   3.283593   48.93548  -16.44239     5.4972     5.7558   4049.730    34.9050    34.9068 0.0000e+00
   6160.561     147854   4123.000     2.5370     2.5400   3.283170   3.283584   48.93548  -16.44239     5.4977     5.7553   4048.757    34.9050    34.9068 0.0000e+00
   6161.510     147877   4122.000     2.5371     2.5401   3.283151   3.283565   48.93548  -16.44239     5.4989     5.7552   4047.785    34.9051    34.9069 0.0000e+00
   6162.377     147898   4121.000     2.5373     2.5402   3.283127   3.283538   48.93548  -16.44240     5.4995     5.7586   4046.812    34.9051    34.9069 0.0000e+00
   6163.204     147918   4120.000     2.5374     2.5403   3.283105   3.283515   48.93548  -16.44240     5.4990     5.7646   4045.839    34.9051    34.9069 0.0000e+00
   6164.046     147938   4119.000     2.5374     2.5404   3.283082   3.283494   48.93548  -16.44241     5.4985     5.7673   4044.866    34.9052    34.9070 0.0000e+00
   6164.969     147960   4118.000     2.5375     2.5404   3.283055   3.283473   48.93548  -16.44241     5.4976     5.7662   4043.893    34.9052    34.9071 0.0000e+00
   6166.030     147986   4117.000     2.5376     2.5405   3.283026   3.283444   48.93548  -16.44241     5.4986     5.7622   4042.921    34.9052    34.9071 0.0000e+00
   6167.176     148013   4116.000     2.5376     2.5405   3.282999   3.283412   48.93548  -16.44240     5.4980     5.7585   4041.947    34.9052    34.9071 0.0000e+00
   6168.231     148039   4115.000     2.5377     2.5406   3.282970   3.283378   48.93548  -16.44240     5.4964     5.7561   4040.975    34.9052    34.9070 0.0000e+00
   6169.138     148060   4114.000     2.5377     2.5406   3.282939   3.283346   48.93548  -16.44239     5.4955     5.7540   4040.002    34.9052    34.9070 0.0000e+00
   6169.956     148080   4113.000     2.5379     2.5405   3.282914   3.283309   48.93548  -16.44239     5.4956     5.7530   4039.029    34.9052    34.9071 0.0000e+00
   6170.743     148099   4112.000     2.5379     2.5405   3.282889   3.283270   48.93548  -16.44239     5.4961     5.7525   4038.056    34.9053    34.9071 0.0000e+00
