Data_example/SBE_Data_Processed/DY130/SeaBird/Data/Processed/DY130_013cfaldb.cnv
* Sea-Bird SBE 9 Data File:
* FileName = C:\Users\sandm\Documents\Cruises\DY130\Data\Raw Data\DY130_013.hex
* Software Version Seasave V 7.26.7.121
* Temperature SN = 03P-5494
* Conductivity SN = 04C-3768
* Number of Bytes Per Scan = 45
* Number of Voltage Words = 4
* Number of Scans Averaged by the Deck Unit = 1
* NMEA Latitude = 48 59.96 N
* NMEA Longitude = 016 29.99 W
* NMEA UTC (Time) = Apr 10 2021  09:45:21
* NMEA baud rate = 9600
** Ship: RRS Discovery
** Cruise: DY130
** Cast: 013
** Station: 076
** Julian Day: 100
** Date: 10/04/2021
** Time (GMT): 09:45
** Latitude: 28 59.96N
** Longitude: 16 29.99W
** Depth (uncorrected m): 4808
** Principal Scientist: Sue Hart
** Operator: BP/PH
# nquan = 15
# nvalues = 8160                        
# units = specified
# name 0 = timeS: Time, Elapsed [seconds]
# name 1 = scan: Scan Count
# name 2 = prDM: Pressure, Digiquartz [db]
# name 3 = t090C: Temperature [ITS-90, deg C]
# name 4 = t190C: Temperature, 2 [ITS-90, deg C]
# name 5 = c0S/m: Conductivity [S/m]
# name 6 = c1S/m: Conductivity, 2 [S/m]
# name 7 = latitude: Latitude [deg]
# name 8 = longitude: Longitude [deg]
# name 9 = sbeox0ML/L: Oxygen, SBE 43 [ml/l]
# name 10 = sbeox1ML/L: Oxygen, SBE 43, 2 [ml/l]
# name 11 = depSM: Depth [salt water, m], lat = 48.9993
# name 12 = sal00: Salinity, Practical [PSU]
# name 13 = sal11: Salinity, Practical, 2 [PSU]
# name 14 = flag: flag
# span 0 =    375.623,  10384.763       
# span 1 =       9016,     249235       
# span 2 =      2.000,   4082.000       
# span 3 =     2.5368,    11.8583       
# span 4 =     2.5387,    11.9463       
# span 5 =   2.927565,   4.047052       
# span 6 =   3.237691,   4.078403       
# span 7 =   48.99936,   49.02516       
# span 8 =  -16.50858,  -16.49984       
# span 9 =     4.3972,     6.4282       
# span 10 =     4.5633,     6.9182      
# span 11 =      1.983,   4008.844      
# span 12 =    25.1286,    35.5784      
# span 13 =    27.9531,    35.8882      
# span 14 = 0.0000e+00, 0.0000e+00      
# interval = decibars: 1                
# start_time = Apr 10 2021 09:45:21 [NMEA time, first data scan]
# bad_flag = -9.990e-29
*END*
[from data line 3760]
   4311.585     103479   3762.000     2.5727     2.5746   3.274281   3.274686   48.99937  -16.49986     5.4983     5.7571   3697.263    34.9114    34.9143 0.0000e+00
   4312.399     103499   3763.000     2.5725     2.5744   3.274307   3.274714   48.99937  -16.49986     5.4972     5.7540   3698.237    34.9115    34.9144 0.0000e+00
   4313.226     103518   3764.000     2.5723     2.5742   3.274324   3.274732   48.99937  -16.49986     5.4997     5.7527   3699.212    34.9115    34.9144 0.0000e+00
   4314.069     103539   3765.000     2.5721     2.5739   3.274337   3.274740   48.99937  -16.49986     5.5016     5.7529   3700.186    34.9115    34.9144 0.0000e+00
   4314.926     103559   3766.000     2.5718     2.5736   3.274344   3.274746   48.99937  -16.49986     5.5006     5.7544   3701.160    34.9115    34.9143 0.0000e+00
   4315.806     103580   3767.000     2.5715     2.5734   3.274349   3.274751   48.99937  -16.49986     5.4986     5.7546   3702.135    34.9114    34.9142 0.0000e+00
   4316.740     103603   3768.000     2.5712     2.5731   3.274357   3.274760   48.99937  -16.49986     5.4962     5.7547   3703.109    34.9113    34.9141 0.0000e+00
   4317.769     103627   3769.000     2.5711     2.5731   3.274374   3.274777   48.99937  -16.49986     5.4971     5.7555   3704.084    34.9113    34.9140 0.0000e+00
   4318.876     103654   3770.000     2.5710     2.5730   3.274398   3.274804   48.99937  -16.49986     5.4986     5.7533   3705.058    34.9112    34.9140 0.0000e+00
   4319.947     103680   3771.000     2.5709     2.5729   3.274427   3.274834   48.99936  -16.49986     5.4993     5.7524   3706.032    34.9112    34.9140 0.0000e+00
   4320.921     103703   3772.000     2.5708     2.5729   3.274456   3.274868   48.99936  -16.49986     5.4998     5.7509   3707.007    34.9112    34.9140 0.0000e+00
   4321.823     103725   3773.000     2.5707     2.5728   3.274482   3.274897   48.99936  -16.49986     5.5012     5.7527   3707.981    34.9112    34.9140 0.0000e+00
   4322.689     103746   3774.000     2.5706     2.5727   3.274508   3.274920   48.99937  -16.49986     5.5019     5.7564   3708.955    34.9112    34.9140 0.0000e+00
   4323.539     103766   3775.000     2.5705     2.5726   3.274534   3.274944   48.99937  -16.49986     5.4992     5.7569   3709.930    34.9112    34.9140 0.0000e+00
   4324.388     103786   3776.000     2.5703     2.5724   3.274553   3.274964   48.99937  -16.49986     5.4950     5.7582   3710.904    34.9113    34.9140 0.0000e+00
   4325.254     103807   3777.000     2.5699     2.5720   3.274556   3.274971   48.99937  -16.49986     5.4927     5.7594   3711.878    34.9113    34.9140 0.0000e+00
   4326.159     103829   3778.000     2.5695     2.5717   3.274551   3.274974   48.99937  -16.49986     5.4938     5.7580   3712.853    34.9113    34.9140 0.0000e+00
   4327.126     103852   3779.000     2.5691     2.5713   3.274540   3.274973   48.99937  -16.49986     5.4959     5.7540   3713.827    34.9112    34.9140 0.0000e+00
   4328.156     103877   3780.000     2.5688     2.5709   3.274541   3.274967   48.99937  -16.49986     5.5006     5.7504   3714.801    34.9110    34.9139 0.0000e+00
   4329.207     103902   3781.000     2.5687     2.5707   3.274561   3.274977   48.99937  -16.49986     5.5016     5.7488   3715.776    34.9109    34.9138 0.0000e+00
   4330.222     103926   3782.000     2.5687     2.5706   3.274591   3.274998   48.99937  -16.49986     5.4988     5.7482   3716.750    34.9109    34.9138 0.0000e+00
   4331.179     103949   3783.000     2.5687     2.5706   3.274625   3.275025   48.99937  -16.49986     5.4966     5.7536   3717.724    34.9109    34.9137 0.0000e+00
   4332.087     103971   3784.000     2.5686     2.5705   3.274655   3.275056   48.99937  -16.49986     5.4931     5.7569   3718.698    34.9109    34.9137 0.0000e+00
   4332.965     103992   3785.000     2.5686     2.5704   3.274684   3.275085   48.99937  -16.49986     5.4915     5.7582   3719.673    34.9109    34.9137 0.0000e+00
   4333.834     104013   3786.000     2.5684     2.5702   3.274705   3.275103   48.99937  -16.49986     5.4935     5.7583   3720.647    34.9109    34.9137 0.0000e+00
   4334.722     104034   3787.000     2.5681     2.5701   3.274716   3.275117   48.99937  -16.49986     5.4965     5.7564   3721.621    34.9109    34.9136 0.0000e+00
   4335.660     104057   3788.000     2.5681     2.5700   3.274737   3.275139   48.99937  -16.49986     5.4978     5.7510   3722.595    34.9107    34.9136 0.0000e+00
   4336.668     104081   3789.000     2.5681     2.5699   3.274769   3.275168   48.99937  -16.49986     5.4977     5.7449   3723.570    34.9107    34.9136 0.0000e+00
   4337.705     104106   3790.000     2.5681     2.5699   3.274801   3.275201   48.99937  -16.49986     5.4966     5.7485   3724.544    34.9107    34.9136 0.0000e+00
   4338.682     104129   3791.000     2.5680     2.5700   3.274831   3.275236   48.99937  -16.49986     5.4966     5.7512   3725.518    34.9107    34.9135 0.0000e+00
   4339.567     104151   3792.000     2.5680     2.5699   3.274863   3.275270   48.99937  -16.49986     5.4950     5.7532   3726.493    34.9107    34.9135 0.0000e+00
   4340.389     104170   3793.000     2.5678     2.5698   3.274886   3.275297   48.99937  -16.49986     5.4920     5.7551   3727.467    34.9108    34.9136 0.0000e+00
   4341.187     104189   3794.000     2.5676     2.5696   3.274901   3.275316   48.99937  -16.49986     5.4935     5.7549   3728.441    34.9107    34.9136 0.0000e+00
   4342.006     104209   3795.000     2.5675     2.5695   3.274926   3.275334   48.99937  -16.49986     5.4954     5.7511   3729.415    34.9107    34.9135 0.0000e+00
   4342.901     104231   3796.000     2.5674     2.5694   3.274951   3.275359   48.99937  -16.49986     5.4967     5.7456   3730.389    34.9106    34.9134 0.0000e+00
   4343.953     104256   3797.000     2.5674     2.5694   3.274979   3.275387   48.99937  -16.49986     5.4962     5.7469   3731.364    34.9106    34.9134 0.0000e+00
   4345.175     104285   3798.000     2.5675     2.5695   3.275019   3.275421   48.99937  -16.49986     5.4976     5.7469   3732.338    34.9105    34.9133 0.0000e+00
   4346.356     104314   3799.000     2.5677     2.5696   3.275069   3.275467   48.99937  -16.49986     5.4969     5.7515   3733.312    34.9105    34.9133 0.0000e+00
   4347.361     104338   3800.000     2.5679     2.5697   3.275120   3.275517   48.99937  -16.49986     5.4930     5.7557   3734.286    34.9105    34.9133 0.0000e+00
   4348.249     104359   3801.000     2.5680     2.5699   3.275165   3.275565   48.99937  -16.49986     5.4908     5.7554   3735.261    34.9105    34.9133 0.0000e+00
   4349.084     104379   3802.000     2.5680     2.5700   3.275203   3.275609   48.99937  -16.49986     5.4910     5.7556   3736.235    34.9105    34.9133 0.0000e+00
   4349.896     104398   3803.000     2.5680     2.5700   3.275236   3.275645   48.99937  -16.49986     5.4935     5.7557   3737.209    34.9105    34.9133 0.0000e+00
   4350.704     104418   3804.000     2.5679     2.5699   3.275266   3.275677   48.99937  -16.49986     5.4965     5.7540   3738.183    34.9106    34.9134 0.0000e+00
   4351.525     104438   3805.000     2.5678     2.5698   3.275296   3.275708   48.99937  -16.49986     5.4975     5.7509   3739.157    34.9106    34.9134 0.0000e+00
   4352.369     104458   3806.000     2.5677     2.5696   3.275322   3.275731   48.99937  -16.49986     5.4970     5.7464   3740.132    34.9106    34.9135 0.0000e+00
   4353.243     104479   3807.000     2.5674     2.5693   3.275340   3.275746   48.99937  -16.49986     5.4976     5.7430   3741.106    34.9107    34.9135 0.0000e+00
   4354.158     104501   3808.000     2.5671     2.5691   3.275344   3.275752   48.99937  -16.49986     5.4978     5.7445   3742.080    34.9106    34.9135 0.0000e+00
   4355.132     104524   3809.000     2.5669     2.5688   3.275352   3.275759   48.99937  -16.49986     5.4968     5.7491   3743.054    34.9105    34.9134 0.0000e+00
   4356.191     104550   3810.000     2.5667     2.5686   3.275367   3.275771   48.99937  -16.49986     5.4953     5.7536   3744.028    34.9105    34.9133 0.0000e+00
   4357.323     104577   3811.000     2.5664     2.5683   3.275378   3.275781   48.99937  -16.49986     5.4957     5.7565   3745.002    34.9105    34.9133 0.0000e+00
   4358.427     104603   3812.000     2.5661     2.5679   3.275384   3.275784   48.99937  -16.49986     5.4956     5.7578   3745.977    34.9105    34.9133 0.0000e+00
   4359.418     104627   3813.000     2.5657     2.5676   3.275384   3.275782   48.99937  -16.49986     5.4962     5.7578   3746.951    34.9105    34.9133 0.0000e+00
   4360.303     104648   3814.000     2.5654     2.5673   3.275384   3.275787   48.99937  -16.49986     5.4959     5.7558   3747.925    34.9104    34.9132 0.0000e+00
   4361.128     104668   3815.000     2.5652     2.5671   3.275397   3.275802   48.99937  -16.49986     5.4943     5.7511   3748.899    34.9103    34.9131 0.0000e+00
   4361.933     104687   3816.000     2.5650     2.5670   3.275414   3.275820   48.99937  -16.49986     5.4914     5.7461   3749.873    34.9103    34.9131 0.0000e+00
   4362.755     104707   3817.000     2.5649     2.5668   3.275432   3.275837   48.99937  -16.49986     5.4896     5.7439   3750.847    34.9103    34.9131 0.0000e+00
   4363.616     104728   3818.000     2.5647     2.5666   3.275450   3.275854   48.99937  -16.49986     5.4892     5.7446   3751.822    34.9103    34.9131 0.0000e+00
   4364.523     104750   3819.000     2.5645     2.5665   3.275469   3.275871   48.99937  -16.49986     5.4889     5.7474   3752.796    34.9102    34.9130 0.0000e+00
   4365.455     104772   3820.000     2.5645     2.5664   3.275495   3.275894   48.99937  -16.49986     5.4907     5.7493   3753.770    34.9102    34.9129 0.0000e+00
   4366.377     104794   3821.000     2.5644     2.5664   3.275526   3.275925   48.99937  -16.49986     5.4928     5.7481   3754.744    34.9102    34.9129 0.0000e+00
   4367.271     104816   3822.000     2.5644     2.5664   3.275559   3.275962   48.99937  -16.49986     5.4935     5.7450   3755.718    34.9102    34.9129 0.0000e+00
   4368.150     104837   3823.000     2.5643     2.5663   3.275584   3.275993   48.99937  -16.49986     5.4927     5.7437   3756.692    34.9102    34.9129 0.0000e+00
   4369.051     104858   3824.000     2.5641     2.5661   3.275606   3.276014   48.99937  -16.49986     5.4931     5.7438   3757.666    34.9102    34.9130 0.0000e+00
   4370.024     104882   3825.000     2.5637     2.5657   3.275613   3.276020   48.99937  -16.49986     5.4926     5.7439   3758.641    34.9102    34.9130 0.0000e+00
   4371.126     104908   3826.000     2.5634     2.5653   3.275606   3.276011   48.99937  -16.49986     5.4905     5.7486   3759.615    34.9101    34.9129 0.0000e+00
   4372.315     104937   3827.000     2.5633     2.5652   3.275617   3.276020   48.99937  -16.49986     5.4910     5.7519   3760.589    34.9100    34.9127 0.0000e+00
   4373.416     104963   3828.000     2.5633     2.5652   3.275645   3.276050   48.99937  -16.49986     5.4931     5.7531   3761.563    34.9098    34.9127 0.0000e+00
   4374.366     104986   3829.000     2.5632     2.5651   3.275681   3.276085   48.99937  -16.49986     5.4943     5.7537   3762.537    34.9099    34.9128 0.0000e+00
   4375.226     105006   3830.000     2.5631     2.5650   3.275711   3.276112   48.99937  -16.49986     5.4933     5.7527   3763.511    34.9100    34.9128 0.0000e+00
   4376.048     105026   3831.000     2.5629     2.5647   3.275728   3.276128   48.99937  -16.49986     5.4920     5.7507   3764.485    34.9100    34.9128 0.0000e+00
   4376.870     105046   3832.000     2.5626     2.5644   3.275733   3.276134   48.99937  -16.49986     5.4907     5.7474   3765.459    34.9100    34.9128 0.0000e+00
   4377.726     105066   3833.000     2.5623     2.5642   3.275740   3.276141   48.99937  -16.49986     5.4885     5.7437   3766.433    34.9099    34.9128 0.0000e+00
   4378.646     105089   3834.000     2.5620     2.5639   3.275751   3.276147   48.99937  -16.49986     5.4898     5.7442   3767.407    34.9099    34.9127 0.0000e+00
   4379.626     105112   3835.000     2.5619     2.5637   3.275765   3.276160   48.99937  -16.49986     5.4914     5.7451   3768.381    34.9098    34.9126 0.0000e+00
   4380.624     105136   3836.000     2.5617     2.5636   3.275784   3.276181   48.99937  -16.49986     5.4929     5.7457   3769.355    34.9098    34.9126 0.0000e+00
   4381.595     105159   3837.000     2.5616     2.5635   3.275808   3.276204   48.99937  -16.49987     5.4936     5.7486   3770.329    34.9098    34.9126 0.0000e+00
   4382.528     105182   3838.000     2.5614     2.5633   3.275828   3.276223   48.99937  -16.49987     5.4939     5.7502   3771.303    34.9098    34.9125 0.0000e+00
   4383.437     105203   3839.000     2.5612     2.5631   3.275837   3.276234   48.99937  -16.49987     5.4925     5.7486   3772.277    34.9098    34.9125 0.0000e+00
   4384.339     105225   3840.000     2.5609     2.5628   3.275849   3.276246   48.99937  -16.49987     5.4915     5.7470   3773.251    34.9097    34.9125 0.0000e+00
   4385.243     105247   3841.000     2.5607     2.5626   3.275862   3.276260   48.99937  -16.49987     5.4897     5.7428   3774.226    34.9097    34.9124 0.0000e+00
   4386.145     105268   3842.000     2.5605     2.5625   3.275879   3.276278   48.99937  -16.49987     5.4876     5.7389   3775.200    34.9097    34.9124 0.0000e+00
   4387.047     105290   3843.000     2.5604     2.5623   3.275898   3.276299   48.99937  -16.49987     5.4887     5.7434   3776.174    34.9096    34.9124 0.0000e+00
   4387.963     105312   3844.000     2.5602     2.5621   3.275913   3.276315   48.99937  -16.49987     5.4905     5.7469   3777.148    34.9096    34.9124 0.0000e+00
   4388.914     105335   3845.000     2.5599     2.5617   3.275920   3.276322   48.99937  -16.49986     5.4898     5.7480   3778.122    34.9096    34.9124 0.0000e+00
   4389.912     105359   3846.000     2.5595     2.5614   3.275923   3.276320   48.99937  -16.49986     5.4889     5.7493   3779.096    34.9096    34.9124 0.0000e+00
   4390.940     105384   3847.000     2.5591     2.5610   3.275921   3.276319   48.99937  -16.49986     5.4902     5.7464   3780.070    34.9096    34.9123 0.0000e+00
   4391.984     105409   3848.000     2.5587     2.5606   3.275917   3.276311   48.99937  -16.49986     5.4892     5.7432   3781.044    34.9095    34.9123 0.0000e+00
   4393.050     105434   3849.000     2.5584     2.5603   3.275917   3.276304   48.99937  -16.49987     5.4897     5.7425   3782.018    34.9094    34.9121 0.0000e+00
   4394.127     105460   3850.000     2.5584     2.5603   3.275938   3.276327   48.99937  -16.49987     5.4874     5.7394   3782.992    34.9093    34.9119 0.0000e+00
   4395.158     105485   3851.000     2.5585     2.5604   3.275976   3.276371   48.99937  -16.49987     5.4859     5.7417   3783.966    34.9092    34.9120 0.0000e+00
   4396.103     105507   3852.000     2.5586     2.5604   3.276019   3.276416   48.99937  -16.49987     5.4863     5.7458   3784.940    34.9092    34.9120 0.0000e+00
   4396.980     105529   3853.000     2.5586     2.5604   3.276056   3.276455   48.99937  -16.49987     5.4871     5.7462   3785.914    34.9092    34.9121 0.0000e+00
   4397.820     105549   3854.000     2.5585     2.5604   3.276088   3.276487   48.99937  -16.49987     5.4866     5.7451   3786.888    34.9093    34.9120 0.0000e+00
   4398.650     105569   3855.000     2.5585     2.5604   3.276118   3.276519   48.99937  -16.49987     5.4858     5.7456   3787.862    34.9092    34.9120 0.0000e+00
   4399.488     105589   3856.000     2.5583     2.5602   3.276143   3.276544   48.99937  -16.49987     5.4864     5.7459   3788.836    34.9093    34.9120 0.0000e+00
