Data_example/SBE_Data_Processed/DY130/SeaBird/Data/Processed/DY130_008cfaldb.cnv
* Sea-Bird SBE 9 Data File:
* FileName = C:\Users\sandm\Documents\Cruises\DY130\Data\Raw Data\DY130_008.hex
* Software Version Seasave V 7.26.7.121
* Temperature SN = 03P-5494
* Conductivity SN = 04C-3768
* Number of Bytes Per Scan = 45
* Number of Voltage Words = 4
* Number of Scans Averaged by the Deck Unit = 1
* NMEA Latitude = 48 52.23 N
* NMEA Longitude = 016 31.48 W
* NMEA UTC (Time) = Apr 05 2021  09:04:17
* NMEA baud rate = 9600
** Ship: RRS Discovery
** Cruise: DY130
** Cast: DY130_008
** Station: 052
** Julian Day: 095
** Date: 05/04/21
** Time (GMT): 09:04
** Latitude: 48 52.19 N
** Longitude: 16 31.45 W
** Depth (uncorrected m): 4810
** Principal Scientist: Sue Hart
** Operator: BP/PH BP/PH
# nquan = 15
# nvalues = 2023                        
# units = specified
# name 0 = timeS: Time, Elapsed [seconds]
# name 1 = scan: Scan Count
# name 2 = prDM: Pressure, Digiquartz [db]
# name 3 = t090C: Temperature [ITS-90, deg C]
# name 4 = t190C: Temperature, 2 [ITS-90, deg C]
# name 5 = c0S/m: Conductivity [S/m]
# name 6 = c1S/m: Conductivity, 2 [S/m]
# name 7 = latitude: Latitude [deg]
# name 8 = longitude: Longitude [deg]
# name 9 = sbeox0ML/L: Oxygen, SBE 43 [ml/l]
# name 10 = sbeox1ML/L: Oxygen, SBE 43, 2 [ml/l]
# name 11 = depSM: Depth [salt water, m], lat = 48.8705
# name 12 = sal00: Salinity, Practical [PSU]
# name 13 = sal11: Salinity, Practical, 2 [PSU]
# name 14 = flag: flag
# span 0 =    706.934,   6239.894       
# span 1 =      16967,     149758       
# span 2 =      2.000,   1013.000       
# span 3 =     6.8965,    11.8927       
# span 4 =     6.8962,    11.8937       
# span 5 =   3.201234,   4.048072       
# span 6 =   3.063292,   4.048943       
# span 7 =   48.87221,   48.87227       
# span 8 =  -16.52598,  -16.52595       
# span 9 =     4.4177,     6.5559       
# span 10 =     4.3173,     7.1505      
# span 11 =      1.983,   1001.975      
# span 12 =    27.4911,    35.5582      
# span 13 =    26.3629,    35.5621      
# span 14 = 0.0000e+00, 0.0000e+00      
# interval = decibars: 1                
# start_time = Apr 05 2021 09:04:18 [NMEA time, first data scan]
# bad_flag = -9.990e-29
*END*
    706.934      16967      2.000    11.8132    11.8105   3.816836   3.670976   48.87227  -16.52595     5.8415     6.4936      1.983    33.3868    31.9764 0.0000e+00
    710.618      17056      3.000    11.8636    11.8644   4.036781   4.040289   48.87227  -16.52595     5.5336     5.8112      2.975    35.4890    35.5218 0.0000e+00
    712.401      17099      4.000    11.8613    11.8640   4.028783   4.028648   48.87227  -16.52595     5.3377     5.5818      3.966    35.4127    35.4087 0.0000e+00
    715.494      17173      5.000    11.8550    11.8621   4.016894   4.023439   48.87227  -16.52595     4.9706     5.1216      4.958    35.3014    35.3589 0.0000e+00
    718.467      17244      6.000    11.8425    11.8653   4.010075   4.023863   48.87227  -16.52595     4.7707     4.8891      5.949    35.2459    35.3596 0.0000e+00
    721.201      17310      7.000    11.8175    11.8657   4.006804   4.021542   48.87227  -16.52595     4.7672     4.8365      6.941    35.2371    35.3360 0.0000e+00
    724.022      17378      8.000    11.8098    11.8667   4.003744   4.019845   48.87227  -16.52595     4.6806     4.6572      7.932    35.2139    35.3179 0.0000e+00
    726.799      17444      9.000    11.8025    11.8677   4.001552   4.020220   48.87227  -16.52595     4.5414     4.4367      8.924    35.1988    35.3203 0.0000e+00
    729.300      17504     10.000    11.7297    11.8677   4.001886   4.022111   48.87227  -16.52595     4.4823     4.3383      9.915    35.2708    35.3383 0.0000e+00
    731.926      17567     11.000    11.6776    11.8653   4.004317   4.018939   48.87227  -16.52595     4.6348     4.3173     10.907    35.3440    35.3090 0.0000e+00
    734.813      17637     12.000    11.7204    11.8543   4.004020   4.016785   48.87227  -16.52595     4.7076     4.3453     11.898    35.2998    35.2979 0.0000e+00
    800.738      19219     13.000    11.8073    11.8512   4.018607   4.027761   48.87227  -16.52596     5.3584     5.1659     12.889    35.3599    35.4081 0.0000e+00
   1205.922      28943     14.000    11.8688    11.8816   4.039488   4.042252   48.87224  -16.52597     5.9336     6.0540     13.881    35.5060    35.5209 0.0000e+00
   1352.407      32459     15.000    11.8912    11.8920   4.047017   4.047447   48.87223  -16.52597     6.1522     6.3757     14.872    35.5582    35.5616 0.0000e+00
   1356.869      32566     16.000    11.8912    11.8926   4.047054   4.047538   48.87223  -16.52597     6.1441     6.3730     15.864    35.5580    35.5615 0.0000e+00
   1360.438      32652     17.000    11.8919    11.8932   4.047159   4.047640   48.87223  -16.52597     6.1432     6.3758     16.855    35.5580    35.5615 0.0000e+00
   1364.251      32743     18.000    11.8924    11.8936   4.047257   4.047739   48.87223  -16.52597     6.1424     6.3791     17.847    35.5580    35.5616 0.0000e+00
   1367.970      32832     19.000    11.8927    11.8937   4.047334   4.047809   48.87223  -16.52597     6.1423     6.3819     18.838    35.5580    35.5617 0.0000e+00
   1372.536      32942     20.000    11.8923    11.8935   4.047352   4.047827   48.87222  -16.52597     6.1428     6.3743     19.830    35.5581    35.5616 0.0000e+00
   1376.343      33033     21.000    11.8921    11.8932   4.047368   4.047827   48.87222  -16.52597     6.1438     6.3724     20.821    35.5581    35.5615 0.0000e+00
   1380.596      33135     22.000    11.8923    11.8932   4.047419   4.047878   48.87223  -16.52597     6.1387     6.3743     21.812    35.5579    35.5616 0.0000e+00
   1383.861      33214     23.000    11.8925    11.8934   4.047492   4.047938   48.87223  -16.52597     6.1355     6.3738     22.804    35.5580    35.5615 0.0000e+00
   1388.602      33327     24.000    11.8921    11.8935   4.047498   4.047996   48.87223  -16.52597     6.1459     6.3756     23.795    35.5580    35.5615 0.0000e+00
   1393.033      33434     25.000    11.8915    11.8931   4.047467   4.048001   48.87223  -16.52597     6.1434     6.3745     24.787    35.5578    35.5615 0.0000e+00
   1396.181      33509     26.000    11.8916    11.8926   4.047513   4.047974   48.87223  -16.52597     6.1425     6.3751     25.778    35.5577    35.5613 0.0000e+00
   1400.516      33613     27.000    11.8922    11.8930   4.047624   4.048047   48.87222  -16.52597     6.1412     6.3744     26.770    35.5578    35.5612 0.0000e+00
   1404.683      33713     28.000    11.8908    11.8924   4.047538   4.048065   48.87222  -16.52597     6.1418     6.3690     27.761    35.5578    35.5614 0.0000e+00
   1407.567      33783     29.000    11.8906    11.8914   4.047536   4.047994   48.87222  -16.52597     6.1425     6.3722     28.752    35.5576    35.5612 0.0000e+00
   1411.514      33877     30.000    11.8907    11.8921   4.047589   4.048074   48.87223  -16.52597     6.1389     6.3777     29.744    35.5575    35.5610 0.0000e+00
   1414.897      33959     31.000    11.8907    11.8923   4.047627   4.048145   48.87223  -16.52597     6.1372     6.3769     30.735    35.5575    35.5610 0.0000e+00
   1418.531      34046     32.000    11.8902    11.8923   4.047628   4.048185   48.87222  -16.52597     6.1359     6.3695     31.726    35.5575    35.5610 0.0000e+00
   1421.449      34116     33.000    11.8901    11.8920   4.047636   4.048229   48.87222  -16.52597     6.1414     6.3668     32.718    35.5572    35.5613 0.0000e+00
   1425.654      34217     34.000    11.8905    11.8915   4.047724   4.048186   48.87223  -16.52598     6.1392     6.3710     33.709    35.5573    35.5608 0.0000e+00
   1428.251      34279     35.000    11.8909    11.8919   4.047819   4.048255   48.87223  -16.52597     6.1415     6.3735     34.701    35.5574    35.5607 0.0000e+00
   1432.375      34378     36.000    11.8908    11.8921   4.047855   4.048341   48.87223  -16.52598     6.1358     6.3721     35.692    35.5574    35.5609 0.0000e+00
   1435.694      34458     37.000    11.8903    11.8920   4.047851   4.048378   48.87223  -16.52598     6.1354     6.3714     36.683    35.5574    35.5609 0.0000e+00
   1438.266      34519     38.000    11.8890    11.8920   4.047731   4.048414   48.87223  -16.52598     6.1362     6.3714     37.675    35.5570    35.5608 0.0000e+00
   1443.005      34633     39.000    11.8899    11.8915   4.047863   4.048411   48.87222  -16.52598     6.1368     6.3753     38.666    35.5569    35.5608 0.0000e+00
   1445.556      34694     40.000    11.8903    11.8900   4.047968   4.048338   48.87222  -16.52597     6.1397     6.3743     39.657    35.5571    35.5610 0.0000e+00
   1448.385      34762     41.000    11.8898    11.8892   4.047952   4.048202   48.87222  -16.52597     6.1371     6.3744     40.649    35.5570    35.5601 0.0000e+00
   1452.174      34853     42.000    11.8903    11.8909   4.048072   4.048431   48.87222  -16.52597     6.1422     6.3721     41.640    35.5573    35.5603 0.0000e+00
   1455.700      34938     43.000    11.8887    11.8915   4.047979   4.048604   48.87222  -16.52597     6.1426     6.3709     42.631    35.5575    35.5609 0.0000e+00
   1459.102      35019     44.000    11.8853    11.8850   4.047653   4.048030   48.87222  -16.52597     6.1370     6.3700     43.623    35.5571    35.5610 0.0000e+00
   1462.231      35095     45.000    11.8820    11.8766   4.047266   4.047130   48.87222  -16.52597     6.1376     6.3694     44.614    35.5560    35.5598 0.0000e+00
   1465.357      35170     46.000    11.8772    11.8809   4.046813   4.047290   48.87222  -16.52597     6.1362     6.3673     45.605    35.5556    35.5568 0.0000e+00
   1468.112      35236     47.000    11.8762    11.8795   4.046603   4.047535   48.87222  -16.52597     6.1371     6.3705     46.597    35.5541    35.5601 0.0000e+00
   1471.626      35320     48.000    11.8754    11.8763   4.046717   4.047071   48.87222  -16.52597     6.1364     6.3718     47.588    35.5555    35.5582 0.0000e+00
   1474.828      35397     49.000    11.8645    11.8782   4.045562   4.047176   48.87222  -16.52597     6.1393     6.3711     48.579    35.5542    35.5570 0.0000e+00
   1477.338      35457     50.000    11.8645    11.8820   4.045382   4.047731   48.87222  -16.52597     6.1421     6.3733     49.570    35.5519    35.5583 0.0000e+00
   1480.832      35541     51.000    11.8773    11.8829   4.046676   4.047806   48.87222  -16.52597     6.1391     6.3701     50.562    35.5520    35.5578 0.0000e+00
   1483.417      35603     52.000    11.8850    11.8891   4.047918   4.048595   48.87222  -16.52597     6.1407     6.3718     51.553    35.5564    35.5590 0.0000e+00
   1486.798      35684     53.000    11.8818    11.8903   4.047672   4.048943   48.87222  -16.52597     6.1370     6.3730     52.544    35.5565    35.5609 0.0000e+00
   1490.015      35761     54.000    11.8752    11.8812   4.046921   4.048102   48.87222  -16.52597     6.1351     6.3759     53.536    35.5551    35.5609 0.0000e+00
   1492.970      35832     55.000    11.8787    11.8815   4.047210   4.047873   48.87222  -16.52597     6.1333     6.3755     54.527    35.5541    35.5580 0.0000e+00
   1496.147      35909     56.000    11.8767    11.8811   4.047224   4.048021   48.87222  -16.52597     6.1352     6.3740     55.518    35.5557    35.5593 0.0000e+00
   1499.041      35978     57.000    11.8520    11.8550   4.044887   4.045804   48.87222  -16.52597     6.1404     6.3719     56.509    35.5559    35.5621 0.0000e+00
   1502.084      36051     58.000    11.8415    11.8149   4.042986   4.041175   48.87223  -16.52597     6.1410     6.3772     57.501    35.5468    35.5546 0.0000e+00
   1505.498      36133     59.000    11.8236    11.8037   4.041595   4.039277   48.87223  -16.52598     6.1360     6.3786     58.492    35.5499    35.5461 0.0000e+00
   1507.758      36187     60.000    11.8195    11.8036   4.040631   4.039224   48.87223  -16.52597     6.1413     6.3750     59.483    35.5439    35.5453 0.0000e+00
   1511.231      36271     61.000    11.8146    11.8043   4.040275   4.039370   48.87223  -16.52597     6.1401     6.3760     60.474    35.5446    35.5456 0.0000e+00
   1514.482      36349     62.000    11.8054    11.8032   4.039296   4.039254   48.87223  -16.52598     6.1417     6.3733     61.466    35.5433    35.5450 0.0000e+00
   1516.698      36402     63.000    11.8016    11.8018   4.038770   4.039146   48.87223  -16.52598     6.1391     6.3717     62.457    35.5413    35.5448 0.0000e+00
   1519.476      36468     64.000    11.8000    11.7965   4.038677   4.038766   48.87223  -16.52597     6.1380     6.3698     63.448    35.5416    35.5458 0.0000e+00
   1522.834      36549     65.000    11.7781    11.7706   4.036614   4.036467   48.87222  -16.52598     6.1409     6.3761     64.439    35.5418    35.5475 0.0000e+00
   1525.876      36622     66.000    11.7193    11.6895   4.031404   4.028946   48.87222  -16.52597     6.1497     6.3863     65.430    35.5464    35.5507 0.0000e+00
   1528.428      36683     67.000    11.6049    11.5912   4.018543   4.017327   48.87222  -16.52598     6.1475     6.3931     66.422    35.5288    35.5299 0.0000e+00
   1530.669      36737     68.000    11.5862    11.5517   4.014249   4.012180   48.87222  -16.52598     6.1614     6.4009     67.413    35.5038    35.5165 0.0000e+00
   1534.623      36832     69.000    11.5478    11.5418   4.011601   4.010483   48.87222  -16.52598     6.1626     6.4073     68.404    35.5141    35.5088 0.0000e+00
   1537.638      36904     70.000    11.4947    11.5073   4.005415   4.007629   48.87222  -16.52598     6.1704     6.4041     69.395    35.5034    35.5132 0.0000e+00
   1540.145      36964     71.000    11.4750    11.4741   4.002621   4.003480   48.87222  -16.52598     6.1716     6.4096     70.386    35.4942    35.5035 0.0000e+00
   1543.537      37046     72.000    11.4705    11.4559   4.002639   4.001190   48.87222  -16.52598     6.1676     6.4033     71.378    35.4982    35.4979 0.0000e+00
   1546.476      37116     73.000    11.4499    11.4478   4.000253   4.000279   48.87222  -16.52598     6.1646     6.4038     72.369    35.4939    35.4962 0.0000e+00
   1549.124      37180     74.000    11.4419    11.4372   3.999348   3.999392   48.87222  -16.52598     6.1650     6.3951     73.360    35.4922    35.4972 0.0000e+00
   1552.676      37265     75.000    11.4386    11.4310   3.999164   3.998714   48.87222  -16.52598     6.1610     6.3892     74.351    35.4931    35.4959 0.0000e+00
   1555.456      37332     76.000    11.4296    11.4292   3.998282   3.998497   48.87223  -16.52598     6.1534     6.3857     75.342    35.4926    35.4951 0.0000e+00
   1557.813      37389     77.000    11.4286    11.4291   3.998126   3.998513   48.87223  -16.52597     6.1521     6.3879     76.334    35.4915    35.4949 0.0000e+00
   1560.952      37464     78.000    11.4279    11.4288   3.998104   3.998513   48.87223  -16.52598     6.1524     6.3899     77.325    35.4916    35.4947 0.0000e+00
   1563.962      37536     79.000    11.4272    11.4278   3.998048   3.998482   48.87223  -16.52598     6.1567     6.3890     78.316    35.4912    35.4949 0.0000e+00
   1567.276      37616     80.000    11.4268    11.4258   3.998067   3.998330   48.87223  -16.52598     6.1511     6.3875     79.307    35.4913    35.4949 0.0000e+00
   1570.387      37690     81.000    11.4233    11.4233   3.997833   3.998183   48.87223  -16.52598     6.1493     6.3787     80.298    35.4919    35.4954 0.0000e+00
   1572.557      37742     82.000    11.4207    11.4189   3.997606   3.997877   48.87223  -16.52598     6.1449     6.3768     81.289    35.4917    35.4961 0.0000e+00
   1575.473      37812     83.000    11.4164    11.4089   3.997341   3.997078   48.87223  -16.52598     6.1466     6.3749     82.280    35.4927    35.4973 0.0000e+00
   1578.850      37893     84.000    11.4036    11.3990   3.996124   3.995988   48.87223  -16.52598     6.1351     6.3648     83.272    35.4925    35.4956 0.0000e+00
   1581.630      37960     85.000    11.3925    11.3906   3.995068   3.995278   48.87223  -16.52597     6.1352     6.3614     84.263    35.4923    35.4961 0.0000e+00
   1584.183      38021     86.000    11.3894    11.3795   3.994673   3.994157   48.87223  -16.52597     6.1307     6.3594     85.254    35.4908    35.4953 0.0000e+00
   1587.252      38095     87.000    11.3686    11.3629   3.992846   3.992478   48.87223  -16.52598     6.1268     6.3576     86.245    35.4923    35.4942 0.0000e+00
   1589.803      38156     88.000    11.3573    11.3489   3.991329   3.990986   48.87223  -16.52597     6.1154     6.3558     87.236    35.4877    35.4923 0.0000e+00
   1592.931      38231     89.000    11.3413    11.3328   3.989918   3.989290   48.87223  -16.52597     6.1185     6.3505     88.227    35.4886    35.4905 0.0000e+00
   1596.043      38306     90.000    11.3276    11.3257   3.988136   3.988280   48.87223  -16.52597     6.1116     6.3455     89.218    35.4836    35.4869 0.0000e+00
   1599.018      38377     91.000    11.3244    11.3237   3.987850   3.988084   48.87223  -16.52597     6.1093     6.3476     90.209    35.4834    35.4864 0.0000e+00
   1602.011      38449     92.000    11.3212    11.3176   3.987474   3.987484   48.87223  -16.52597     6.1109     6.3466     91.200    35.4823    35.4859 0.0000e+00
   1605.034      38522     93.000    11.3144    11.3108   3.986873   3.986747   48.87223  -16.52597     6.1114     6.3471     92.191    35.4824    35.4846 0.0000e+00
   1607.636      38584     94.000    11.3102    11.3079   3.986275   3.986393   48.87223  -16.52597     6.1080     6.3488     93.183    35.4800    35.4835 0.0000e+00
   1610.699      38658     95.000    11.3106    11.3061   3.986357   3.986229   48.87223  -16.52597     6.1110     6.3469     94.174    35.4800    35.4831 0.0000e+00
   1614.163      38741     96.000    11.3013    11.3015   3.985480   3.985820   48.87222  -16.52597     6.1114     6.3447     95.165    35.4799    35.4830 0.0000e+00
   1616.791      38804     97.000    11.2992    11.2975   3.985176   3.985425   48.87222  -16.52597     6.1089     6.3432     96.156    35.4784    35.4824 0.0000e+00
