Data_example/SBE_Data_Processed/DY130/SeaBird/Data/Processed/DY130_013cfaldb.cnv
* Sea-Bird SBE 9 Data File:
* FileName = C:\Users\sandm\Documents\Cruises\DY130\Data\Raw Data\DY130_013.hex
* Software Version Seasave V 7.26.7.121
* Temperature SN = 03P-5494
* Conductivity SN = 04C-3768
* Number of Bytes Per Scan = 45
* Number of Voltage Words = 4
* Number of Scans Averaged by the Deck Unit = 1
* NMEA Latitude = 48 59.96 N
* NMEA Longitude = 016 29.99 W
* NMEA UTC (Time) = Apr 10 2021  09:45:21
* NMEA baud rate = 9600
** Ship: RRS Discovery
** Cruise: DY130
** Cast: 013
** Station: 076
** Julian Day: 100
** Date: 10/04/2021
** Time (GMT): 09:45
** Latitude: 28 59.96N
** Longitude: 16 29.99W
** Depth (uncorrected m): 4808
** Principal Scientist: Sue Hart
** Operator: BP/PH
# nquan = 15
# nvalues = 8160                        
# units = specified
# name 0 = timeS: Time, Elapsed [seconds]
# name 1 = scan: Scan Count
# name 2 = prDM: Pressure, Digiquartz [db]
# name 3 = t090C: Temperature [ITS-90, deg C]
# name 4 = t190C: Temperature, 2 [ITS-90, deg C]
# name 5 = c0S/m: Conductivity [S/m]
# name 6 = c1S/m: Conductivity, 2 [S/m]
# name 7 = latitude: Latitude [deg]
# name 8 = longitude: Longitude [deg]
# name 9 = sbeox0ML/L: Oxygen, SBE 43 [ml/l]
# name 10 = sbeox1ML/L: Oxygen, SBE 43, 2 [ml/l]
# name 11 = depSM: Depth [salt water, m], lat = 48.9993
# name 12 = sal00: Salinity, Practical [PSU]
# name 13 = sal11: Salinity, Practical, 2 [PSU]
# name 14 = flag: flag
# span 0 =    375.623,  10384.763       
# span 1 =       9016,     249235       
# span 2 =      2.000,   4082.000       
# span 3 =     2.5368,    11.8583       
# span 4 =     2.5387,    11.9463       
# span 5 =   2.927565,   4.047052       
# span 6 =   3.237691,   4.078403       
# span 7 =   48.99936,   49.02516       
# span 8 =  -16.50858,  -16.49984       
# span 9 =     4.3972,     6.4282       
# span 10 =     4.5633,     6.9182      
# span 11 =      1.983,   4008.844      
# span 12 =    25.1286,    35.5784      
# span 13 =    27.9531,    35.8882      
# span 14 = 0.0000e+00, 0.0000e+00      
# interval = decibars: 1                
# start_time = Apr 10 2021 09:45:21 [NMEA time, first data scan]
# bad_flag = -9.990e-29
*END*
[from data line 1157]
   1856.542      44558   1159.000     5.9018     5.8976   3.490182   3.490371   48.99937  -16.49984     5.2632     5.4807   1145.974    35.1260    35.1324 0.0000e+00
   1857.410      44579   1160.000     5.8646     5.8565   3.487541   3.487374   48.99937  -16.49984     5.2645     5.4836   1146.960    35.1340    35.1405 0.0000e+00
   1858.220      44598   1161.000     5.8253     5.8183   3.483372   3.483084   48.99937  -16.49984     5.2669     5.4882   1147.947    35.1271    35.1311 0.0000e+00
   1859.015      44617   1162.000     5.8019     5.7947   3.480194   3.479955   48.99937  -16.49984     5.2755     5.5000   1148.933    35.1150    35.1197 0.0000e+00
   1859.857      44638   1163.000     5.7897     5.7788   3.478314   3.477877   48.99937  -16.49984     5.2885     5.5147   1149.919    35.1060    35.1122 0.0000e+00
   1860.868      44662   1164.000     5.7900     5.7658   3.477663   3.476270   48.99937  -16.49984     5.3061     5.5299   1150.905    35.0979    35.1070 0.0000e+00
   1862.192      44694   1165.000     5.7931     5.7580   3.478386   3.475150   48.99937  -16.49984     5.3198     5.5401   1151.891    35.1022    35.1019 0.0000e+00
   1863.513      44725   1166.000     5.7698     5.7563   3.476605   3.474828   48.99937  -16.49984     5.3125     5.5430   1152.877    35.1058    35.0996 0.0000e+00
   1864.523      44750   1167.000     5.7614     5.7570   3.475283   3.474897   48.99936  -16.49984     5.3110     5.5423   1153.863    35.0990    35.0992 0.0000e+00
   1865.355      44770   1168.000     5.7587     5.7570   3.474956   3.475002   48.99936  -16.49984     5.3147     5.5410   1154.849    35.0976    35.0999 0.0000e+00
   1866.112      44788   1169.000     5.7569     5.7564   3.474785   3.475011   48.99936  -16.49984     5.3182     5.5402   1155.835    35.0970    35.1001 0.0000e+00
   1866.851      44805   1170.000     5.7558     5.7558   3.474672   3.474985   48.99936  -16.49984     5.3207     5.5397   1156.821    35.0964    35.0999 0.0000e+00
   1867.620      44824   1171.000     5.7550     5.7553   3.474612   3.474971   48.99937  -16.49984     5.3237     5.5394   1157.807    35.0960    35.0998 0.0000e+00
   1868.468      44844   1172.000     5.7542     5.7547   3.474571   3.474958   48.99937  -16.49984     5.3267     5.5387   1158.793    35.0959    35.0998 0.0000e+00
   1869.415      44867   1173.000     5.7532     5.7537   3.474522   3.474929   48.99937  -16.49984     5.3266     5.5386   1159.778    35.0960    35.1001 0.0000e+00
   1870.401      44891   1174.000     5.7520     5.7526   3.474472   3.474890   48.99937  -16.49984     5.3255     5.5392   1160.764    35.0961    35.1003 0.0000e+00
   1871.354      44913   1175.000     5.7510     5.7512   3.474435   3.474839   48.99937  -16.49984     5.3276     5.5396   1161.750    35.0963    35.1006 0.0000e+00
   1872.268      44935   1176.000     5.7491     5.7489   3.474358   3.474718   48.99937  -16.49984     5.3283     5.5397   1162.736    35.0969    35.1012 0.0000e+00
   1873.172      44957   1177.000     5.7467     5.7468   3.474182   3.474528   48.99937  -16.49984     5.3274     5.5404   1163.722    35.0969    35.1006 0.0000e+00
   1874.113      44980   1178.000     5.7456     5.7469   3.474049   3.474486   48.99936  -16.49984     5.3275     5.5411   1164.708    35.0961    35.0996 0.0000e+00
   1875.158      45005   1179.000     5.7468     5.7492   3.474139   3.474712   48.99936  -16.49984     5.3293     5.5410   1165.694    35.0953    35.0993 0.0000e+00
   1876.318      45033   1180.000     5.7515     5.7545   3.474578   3.475248   48.99936  -16.49984     5.3303     5.5419   1166.680    35.0950    35.0994 0.0000e+00
   1877.418      45059   1181.000     5.7588     5.7608   3.475449   3.476082   48.99936  -16.49984     5.3278     5.5436   1167.666    35.0968    35.1018 0.0000e+00
   1878.348      45081   1182.000     5.7621     5.7633   3.476173   3.476686   48.99936  -16.49984     5.3265     5.5433   1168.652    35.1011    35.1056 0.0000e+00
   1879.163      45101   1183.000     5.7625     5.7635   3.476437   3.476916   48.99936  -16.49984     5.3279     5.5434   1169.638    35.1032    35.1075 0.0000e+00
   1879.924      45119   1184.000     5.7621     5.7629   3.476533   3.476993   48.99936  -16.49984     5.3292     5.5446   1170.624    35.1042    35.1085 0.0000e+00
   1880.681      45137   1185.000     5.7615     5.7624   3.476562   3.477010   48.99937  -16.49984     5.3299     5.5461   1171.610    35.1046    35.1087 0.0000e+00
   1881.500      45157   1186.000     5.7612     5.7620   3.476574   3.477024   48.99937  -16.49984     5.3310     5.5480   1172.596    35.1046    35.1088 0.0000e+00
   1882.491      45181   1187.000     5.7610     5.7614   3.476582   3.477023   48.99937  -16.49984     5.3331     5.5515   1173.582    35.1044    35.1089 0.0000e+00
   1883.704      45210   1188.000     5.7605     5.7605   3.476574   3.476995   48.99936  -16.49984     5.3354     5.5524   1174.568    35.1044    35.1091 0.0000e+00
   1884.889      45238   1189.000     5.7596     5.7601   3.476575   3.476990   48.99936  -16.49984     5.3341     5.5488   1175.553    35.1048    35.1090 0.0000e+00
   1885.923      45263   1190.000     5.7593     5.7600   3.476607   3.477036   48.99936  -16.49984     5.3324     5.5494   1176.539    35.1050    35.1091 0.0000e+00
   1886.878      45286   1191.000     5.7589     5.7598   3.476627   3.477065   48.99936  -16.49984     5.3340     5.5518   1177.525    35.1051    35.1092 0.0000e+00
   1887.823      45309   1192.000     5.7585     5.7594   3.476629   3.477081   48.99936  -16.49985     5.3354     5.5558   1178.511    35.1051    35.1092 0.0000e+00
   1888.803      45332   1193.000     5.7581     5.7589   3.476640   3.477087   48.99936  -16.49985     5.3365     5.5597   1179.497    35.1051    35.1094 0.0000e+00
   1889.801      45356   1194.000     5.7574     5.7581   3.476634   3.477066   48.99936  -16.49985     5.3374     5.5592   1180.483    35.1054    35.1095 0.0000e+00
   1890.742      45379   1195.000     5.7563     5.7571   3.476594   3.477030   48.99936  -16.49985     5.3386     5.5588   1181.469    35.1055    35.1097 0.0000e+00
   1891.598      45399   1196.000     5.7549     5.7557   3.476535   3.476977   48.99936  -16.49985     5.3393     5.5594   1182.455    35.1058    35.1100 0.0000e+00
   1892.399      45419   1197.000     5.7533     5.7540   3.476444   3.476888   48.99936  -16.49984     5.3391     5.5594   1183.440    35.1060    35.1102 0.0000e+00
   1893.181      45437   1198.000     5.7517     5.7524   3.476348   3.476788   48.99936  -16.49984     5.3392     5.5581   1184.426    35.1060    35.1103 0.0000e+00
   1893.985      45457   1199.000     5.7503     5.7511   3.476252   3.476691   48.99936  -16.49985     5.3415     5.5563   1185.412    35.1059    35.1101 0.0000e+00
   1894.855      45478   1200.000     5.7492     5.7501   3.476181   3.476635   48.99936  -16.49985     5.3435     5.5563   1186.398    35.1058    35.1100 0.0000e+00
   1895.850      45501   1201.000     5.7485     5.7497   3.476156   3.476625   48.99936  -16.49985     5.3437     5.5578   1187.384    35.1057    35.1099 0.0000e+00
   1897.037      45530   1202.000     5.7497     5.7512   3.476264   3.476763   48.99936  -16.49986     5.3426     5.5614   1188.370    35.1053    35.1094 0.0000e+00
   1898.295      45560   1203.000     5.7539     5.7563   3.476656   3.477240   48.99936  -16.49986     5.3426     5.5645   1189.356    35.1049    35.1090 0.0000e+00
   1899.396      45586   1204.000     5.7615     5.7641   3.477433   3.478071   48.99936  -16.49986     5.3436     5.5646   1190.341    35.1054    35.1099 0.0000e+00
   1900.328      45609   1205.000     5.7677     5.7698   3.478293   3.478901   48.99936  -16.49986     5.3439     5.5633   1191.327    35.1082    35.1128 0.0000e+00
   1901.155      45629   1206.000     5.7723     5.7743   3.478942   3.479510   48.99936  -16.49986     5.3427     5.5610   1192.313    35.1103    35.1146 0.0000e+00
   1901.933      45647   1207.000     5.7764     5.7781   3.479546   3.480103   48.99936  -16.49986     5.3426     5.5584   1193.299    35.1123    35.1168 0.0000e+00
   1902.711      45666   1208.000     5.7788     5.7800   3.480092   3.480605   48.99936  -16.49986     5.3441     5.5573   1194.285    35.1156    35.1201 0.0000e+00
   1903.554      45686   1209.000     5.7786     5.7790   3.480359   3.480825   48.99936  -16.49986     5.3464     5.5587   1195.271    35.1182    35.1231 0.0000e+00
   1904.534      45710   1210.000     5.7759     5.7758   3.480322   3.480695   48.99936  -16.49986     5.3491     5.5639   1196.256    35.1201    35.1245 0.0000e+00
   1905.653      45737   1211.000     5.7708     5.7727   3.479927   3.480411   48.99936  -16.49986     5.3491     5.5714   1197.242    35.1204    35.1239 0.0000e+00
   1906.745      45763   1212.000     5.7673     5.7696   3.479554   3.480151   48.99936  -16.49986     5.3527     5.5730   1198.228    35.1194    35.1238 0.0000e+00
   1907.728      45786   1213.000     5.7640     5.7663   3.479301   3.479898   48.99936  -16.49986     5.3552     5.5729   1199.214    35.1194    35.1239 0.0000e+00
   1908.634      45808   1214.000     5.7599     5.7614   3.478954   3.479530   48.99936  -16.49986     5.3554     5.5740   1200.199    35.1193    35.1242 0.0000e+00
   1909.496      45829   1215.000     5.7553     5.7560   3.478565   3.479047   48.99936  -16.49986     5.3551     5.5762   1201.185    35.1192    35.1239 0.0000e+00
   1910.341      45849   1216.000     5.7484     5.7481   3.478047   3.478441   48.99936  -16.49986     5.3563     5.5791   1202.171    35.1200    35.1247 0.0000e+00
   1911.201      45870   1217.000     5.7362     5.7359   3.477094   3.477435   48.99936  -16.49986     5.3606     5.5825   1203.157    35.1213    35.1255 0.0000e+00
   1912.121      45892   1218.000     5.7195     5.7189   3.475550   3.475905   48.99936  -16.49986     5.3651     5.5862   1204.142    35.1207    35.1252 0.0000e+00
   1913.154      45917   1219.000     5.6989     5.6984   3.473493   3.473838   48.99936  -16.49986     5.3704     5.5907   1205.128    35.1182    35.1226 0.0000e+00
   1914.295      45944   1220.000     5.6775     5.6777   3.471243   3.471621   48.99936  -16.49986     5.3754     5.5982   1206.114    35.1143    35.1184 0.0000e+00
   1915.429      45971   1221.000     5.6569     5.6590   3.469145   3.469687   48.99936  -16.49986     5.3836     5.6083   1207.100    35.1114    35.1154 0.0000e+00
   1916.448      45996   1222.000     5.6384     5.6406   3.467187   3.467840   48.99936  -16.49986     5.3903     5.6117   1208.085    35.1079    35.1130 0.0000e+00
   1917.361      46018   1223.000     5.6289     5.6302   3.465861   3.466409   48.99936  -16.49986     5.3951     5.6148   1209.071    35.1022    35.1070 0.0000e+00
   1918.211      46038   1224.000     5.6245     5.6254   3.465269   3.465759   48.99936  -16.49986     5.3984     5.6200   1210.057    35.0996    35.1042 0.0000e+00
   1919.038      46058   1225.000     5.6206     5.6206   3.464932   3.465355   48.99936  -16.49986     5.4015     5.6226   1211.043    35.0994    35.1041 0.0000e+00
   1919.874      46078   1226.000     5.6138     5.6150   3.464425   3.464836   48.99936  -16.49986     5.4057     5.6248   1212.028    35.1001    35.1035 0.0000e+00
   1920.742      46099   1227.000     5.6065     5.6092   3.463683   3.464295   48.99937  -16.49986     5.4096     5.6296   1213.014    35.0988    35.1029 0.0000e+00
   1921.652      46121   1228.000     5.6004     5.6019   3.462994   3.463643   48.99937  -16.49986     5.4129     5.6333   1214.000    35.0968    35.1026 0.0000e+00
   1922.601      46143   1229.000     5.5946     5.5924   3.462464   3.462762   48.99937  -16.49986     5.4141     5.6356   1214.986    35.0963    35.1020 0.0000e+00
   1923.562      46166   1230.000     5.5873     5.5849   3.461798   3.461916   48.99937  -16.49986     5.4124     5.6400   1215.971    35.0958    35.0996 0.0000e+00
   1924.509      46189   1231.000     5.5800     5.5780   3.461087   3.461230   48.99937  -16.49986     5.4146     5.6432   1216.957    35.0949    35.0985 0.0000e+00
   1925.454      46212   1232.000     5.5726     5.5707   3.460376   3.460571   48.99937  -16.49986     5.4225     5.6460   1217.943    35.0940    35.0981 0.0000e+00
   1926.430      46235   1233.000     5.5633     5.5614   3.459564   3.459737   48.99937  -16.49986     5.4298     5.6506   1218.928    35.0938    35.0978 0.0000e+00
   1927.451      46260   1234.000     5.5530     5.5518   3.458562   3.458764   48.99937  -16.49986     5.4327     5.6546   1219.914    35.0926    35.0962 0.0000e+00
   1928.491      46285   1235.000     5.5448     5.5449   3.457628   3.457953   48.99937  -16.49986     5.4340     5.6573   1220.900    35.0901    35.0937 0.0000e+00
   1929.502      46309   1236.000     5.5398     5.5406   3.457050   3.457468   48.99937  -16.49986     5.4395     5.6621   1221.885    35.0882    35.0922 0.0000e+00
   1930.458      46332   1237.000     5.5368     5.5376   3.456727   3.457164   48.99937  -16.49986     5.4423     5.6638   1222.871    35.0871    35.0913 0.0000e+00
   1931.365      46354   1238.000     5.5348     5.5357   3.456514   3.456947   48.99937  -16.49986     5.4418     5.6630   1223.857    35.0864    35.0904 0.0000e+00
   1932.251      46375   1239.000     5.5342     5.5357   3.456414   3.456887   48.99937  -16.49986     5.4426     5.6645   1224.842    35.0854    35.0892 0.0000e+00
   1933.157      46397   1240.000     5.5361     5.5382   3.456550   3.457095   48.99937  -16.49986     5.4439     5.6675   1225.828    35.0844    35.0884 0.0000e+00
   1934.116      46420   1241.000     5.5402     5.5429   3.456965   3.457581   48.99937  -16.49986     5.4461     5.6694   1226.814    35.0845    35.0887 0.0000e+00
   1935.115      46444   1242.000     5.5448     5.5468   3.457620   3.458236   48.99937  -16.49986     5.4497     5.6702   1227.799    35.0866    35.0915 0.0000e+00
   1936.087      46467   1243.000     5.5452     5.5464   3.457965   3.458483   48.99937  -16.49986     5.4533     5.6728   1228.785    35.0896    35.0942 0.0000e+00
   1937.006      46489   1244.000     5.5433     5.5435   3.457922   3.458368   48.99937  -16.49986     5.4540     5.6746   1229.771    35.0907    35.0955 0.0000e+00
   1937.889      46510   1245.000     5.5387     5.5368   3.457643   3.457945   48.99937  -16.49986     5.4522     5.6769   1230.756    35.0917    35.0971 0.0000e+00
   1938.769      46531   1246.000     5.5303     5.5239   3.457017   3.457007   48.99937  -16.49986     5.4512     5.6768   1231.742    35.0928    35.0993 0.0000e+00
   1939.672      46553   1247.000     5.5155     5.5064   3.455819   3.455360   48.99937  -16.49986     5.4521     5.6766   1232.728    35.0941    35.0983 0.0000e+00
   1940.616      46576   1248.000     5.4971     5.4886   3.454034   3.453476   48.99937  -16.49986     5.4538     5.6819   1233.713    35.0924    35.0948 0.0000e+00
   1941.599      46599   1249.000     5.4786     5.4737   3.452060   3.451779   48.99937  -16.49986     5.4568     5.6893   1234.699    35.0886    35.0905 0.0000e+00
   1942.592      46623   1250.000     5.4658     5.4641   3.450468   3.450533   48.99937  -16.49986     5.4609     5.6945   1235.684    35.0832    35.0858 0.0000e+00
   1943.568      46647   1251.000     5.4595     5.4595   3.449618   3.449918   48.99937  -16.49986     5.4653     5.6960   1236.670    35.0797    35.0830 0.0000e+00
   1944.516      46669   1252.000     5.4562     5.4567   3.449278   3.449672   48.99937  -16.49986     5.4702     5.6964   1237.656    35.0788    35.0827 0.0000e+00
   1945.441      46692   1253.000     5.4531     5.4541   3.449038   3.449470   48.99937  -16.49986     5.4737     5.6987   1238.641    35.0787    35.0826 0.0000e+00
   1946.355      46714   1254.000     5.4515     5.4533   3.448903   3.449399   48.99937  -16.49986     5.4767     5.7024   1239.627    35.0784    35.0821 0.0000e+00
