Data_example/SBE_Data_Processed/DY130/SeaBird/Data/Processed/DY130_005cfaldb.cnv
* Sea-Bird SBE 9 Data File:
* FileName = C:\Users\sandm\Documents\Cruises\DY130\Data\Raw Data\DY130_005.hex
* Software Version Seasave V 7.26.7.121
* Temperature SN = 03P-5494
* Conductivity SN = 04C-3768
* Number of Bytes Per Scan = 45
* Number of Voltage Words = 4
* Number of Scans Averaged by the Deck Unit = 1
* NMEA Latitude = 48 56.39 N
* NMEA Longitude = 016 27.89 W
* NMEA UTC (Time) = Apr 02 2021  07:00:27
* NMEA baud rate = 9600
** Ship: RRS Discovery
** Cruise: DY130
** Cast: DY130_005
** Station: 032
** Julian Day: 092
** Date: 02/04/21
** Time (GMT):
** Latitude: 48 56.38 N
** Longitude: 16 27.88 W
** Depth (uncorrected m): 4811
** Principal Scientist: Sue Hart
** Operator: BP/PH
# nquan = 15
# nvalues = 2022                        
# units = specified
# name 0 = timeS: Time, Elapsed [seconds]
# name 1 = scan: Scan Count
# name 2 = prDM: Pressure, Digiquartz [db]
# name 3 = t090C: Temperature [ITS-90, deg C]
# name 4 = t190C: Temperature, 2 [ITS-90, deg C]
# name 5 = c0S/m: Conductivity [S/m]
# name 6 = c1S/m: Conductivity, 2 [S/m]
# name 7 = latitude: Latitude [deg]
# name 8 = longitude: Longitude [deg]
# name 9 = sbeox0ML/L: Oxygen, SBE 43 [ml/l]
# name 10 = sbeox1ML/L: Oxygen, SBE 43, 2 [ml/l]
# name 11 = depSM: Depth [salt water, m], lat = 48.9398
# name 12 = sal00: Salinity, Practical [PSU]
# name 13 = sal11: Salinity, Practical, 2 [PSU]
# name 14 = flag: flag
# span 0 =    630.189,   8027.219       
# span 1 =      15126,     192654       
# span 2 =      2.000,   1013.000       
# span 3 =     6.9958,    11.6205       
# span 4 =     6.9945,    11.5904       
# span 5 =   3.413574,   4.010828       
# span 6 =   3.368235,   4.012449       
# span 7 =   48.93966,   48.99412       
# span 8 =  -16.48362,  -16.46506       
# span 9 =     4.4869,     6.3899       
# span 10 =     4.6644,     6.6109      
# span 11 =      1.983,   1001.969      
# span 12 =    29.7257,    35.5378      
# span 13 =    29.2989,    35.5430      
# span 14 = 0.0000e+00, 0.0000e+00      
# interval = decibars: 1                
# start_time = Apr 02 2021 07:00:27 [NMEA time, first data scan]
# bad_flag = -9.990e-29
*END*
[from data line 1061]
   3795.439      91092    963.000     7.0461     7.1143   3.593013   3.599893   48.93968  -16.46521     4.8332     5.0182    952.627    35.1910    35.1972 0.0000e+00
   3797.260      91135    962.000     7.0648     7.1339   3.594923   3.602250   48.93968  -16.46521     4.8295     5.0084    951.640    35.1934    35.2035 0.0000e+00
   3799.169      91181    961.000     7.0866     7.1430   3.596987   3.603308   48.93968  -16.46522     4.8221     5.0036    950.653    35.1944    35.2063 0.0000e+00
   3801.323      91233    960.000     7.1088     7.1499   3.599195   3.604033   48.93968  -16.46521     4.8154     4.9995    949.666    35.1965    35.2077 0.0000e+00
   3803.407      91283    959.000     7.1168     7.1602   3.600341   3.604870   48.93968  -16.46521     4.8092     4.9963    948.679    35.2014    35.2068 0.0000e+00
   3805.247      91327    958.000     7.1276     7.1899   3.601148   3.607135   48.93968  -16.46521     4.8039     4.9952    947.692    35.1998    35.2020 0.0000e+00
   3806.804      91364    957.000     7.1533     7.2343   3.603253   3.611339   48.93968  -16.46521     4.8000     4.9877    946.705    35.1971    35.2034 0.0000e+00
   3808.430      91403    956.000     7.1837     7.2629   3.606453   3.614816   48.93968  -16.46522     4.7879     4.9710    945.718    35.2018    35.2128 0.0000e+00
   3810.349      91449    955.000     7.2120     7.2788   3.609479   3.616702   48.93968  -16.46522     4.7759     4.9585    944.731    35.2066    35.2177 0.0000e+00
   3812.553      91502    954.000     7.2189     7.2834   3.610814   3.617346   48.93968  -16.46521     4.7725     4.9550    943.744    35.2146    35.2205 0.0000e+00
   3815.120      91564    953.000     7.2203     7.2862   3.610017   3.617560   48.93968  -16.46521     4.7732     4.9568    942.757    35.2051    35.2205 0.0000e+00
   3816.864      91606    952.000     7.2539     7.2893   3.613582   3.617810   48.93968  -16.46521     4.7712     4.9577    941.770    35.2104    35.2205 0.0000e+00
   3818.285      91640    951.000     7.2691     7.2918   3.615229   3.618000   48.93968  -16.46522     4.7642     4.9569    940.783    35.2134    35.2205 0.0000e+00
   3820.121      91684    950.000     7.2690     7.2959   3.615521   3.618350   48.93968  -16.46522     4.7568     4.9535    939.796    35.2171    35.2207 0.0000e+00
   3822.685      91745    949.000     7.2746     7.3014   3.615871   3.618859   48.93968  -16.46521     4.7576     4.9473    938.809    35.2157    35.2212 0.0000e+00
   3824.686      91793    948.000     7.2835     7.3044   3.616665   3.619126   48.93968  -16.46521     4.7570     4.9488    937.822    35.2158    35.2214 0.0000e+00
   3826.317      91833    947.000     7.2877     7.3057   3.617226   3.619190   48.93968  -16.46521     4.7532     4.9486    936.835    35.2182    35.2213 0.0000e+00
   3828.533      91886    946.000     7.2823     7.3074   3.616770   3.619254   48.93968  -16.46522     4.7523     4.9492    935.848    35.2191    35.2208 0.0000e+00
   3831.152      91949    945.000     7.2855     7.3129   3.616784   3.619573   48.93968  -16.46522     4.7586     4.9464    934.861    35.2166    35.2191 0.0000e+00
   3832.980      91993    944.000     7.2940     7.3181   3.617527   3.619938   48.93968  -16.46521     4.7558     4.9444    933.874    35.2165    35.2184 0.0000e+00
   3834.599      92031    943.000     7.3033     7.3234   3.618193   3.620298   48.93967  -16.46521     4.7525     4.9449    932.887    35.2148    35.2173 0.0000e+00
   3836.328      92073    942.000     7.3108     7.3292   3.618814   3.620574   48.93967  -16.46522     4.7491     4.9422    931.900    35.2145    35.2150 0.0000e+00
   3838.065      92115    941.000     7.3168     7.3321   3.619217   3.620643   48.93968  -16.46522     4.7451     4.9418    930.913    35.2132    35.2133 0.0000e+00
   3839.865      92158    940.000     7.3215     7.3292   3.619487   3.620321   48.93967  -16.46522     4.7416     4.9415    929.926    35.2119    35.2132 0.0000e+00
   3842.197      92214    939.000     7.3210     7.3283   3.619475   3.620070   48.93966  -16.46523     4.7423     4.9414    928.939    35.2128    35.2118 0.0000e+00
   3844.803      92276    938.000     7.3268     7.3293   3.619730   3.619618   48.93967  -16.46523     4.7454     4.9410    927.952    35.2102    35.2064 0.0000e+00
   3846.546      92318    937.000     7.3330     7.3526   3.620217   3.621503   48.93967  -16.46523     4.7413     4.9415    926.965    35.2096    35.2039 0.0000e+00
   3848.010      92353    936.000     7.3371     7.3717   3.620395   3.623591   48.93967  -16.46523     4.7383     4.9356    925.978    35.2079    35.2077 0.0000e+00
   3849.595      92391    935.000     7.3450     7.3851   3.620926   3.624968   48.93966  -16.46523     4.7374     4.9286    924.990    35.2062    35.2096 0.0000e+00
   3851.624      92440    934.000     7.3523     7.3975   3.621762   3.626363   48.93966  -16.46523     4.7364     4.9259    924.003    35.2083    35.2126 0.0000e+00
   3853.893      92494    933.000     7.3655     7.4077   3.622827   3.627447   48.93967  -16.46523     4.7354     4.9237    923.016    35.2071    35.2146 0.0000e+00
   3855.621      92536    932.000     7.3773     7.4171   3.623973   3.628351   48.93967  -16.46523     4.7329     4.9203    922.029    35.2081    35.2154 0.0000e+00
   3857.144      92572    931.000     7.3936     7.4265   3.625530   3.629320   48.93968  -16.46523     4.7296     4.9171    921.042    35.2090    35.2169 0.0000e+00
   3858.994      92617    930.000     7.3969     7.4316   3.626196   3.630007   48.93967  -16.46523     4.7229     4.9152    920.055    35.2133    35.2197 0.0000e+00
   3861.432      92675    929.000     7.4074     7.4387   3.626968   3.630695   48.93966  -16.46523     4.7251     4.9149    919.068    35.2116    35.2204 0.0000e+00
   3863.785      92732    928.000     7.4194     7.4450   3.628431   3.631378   48.93966  -16.46523     4.7207     4.9131    918.081    35.2158    35.2219 0.0000e+00
   3865.859      92782    927.000     7.4243     7.4581   3.628780   3.632390   48.93967  -16.46523     4.7193     4.9105    917.094    35.2151    35.2202 0.0000e+00
   3867.482      92821    926.000     7.4353     7.4778   3.629758   3.634355   48.93968  -16.46523     4.7184     4.9096    916.107    35.2151    35.2221 0.0000e+00
   3868.890      92854    925.000     7.4470     7.4892   3.631006   3.635701   48.93967  -16.46523     4.7159     4.9044    915.119    35.2173    35.2256 0.0000e+00
   3870.612      92896    924.000     7.4505     7.5009   3.631554   3.636980   48.93966  -16.46523     4.7134     4.9027    914.132    35.2202    35.2281 0.0000e+00
   3873.406      92963    923.000     7.4550     7.5193   3.632012   3.638748   48.93966  -16.46523     4.7126     4.8989    913.145    35.2211    35.2292 0.0000e+00
   3875.839      93021    922.000     7.4610     7.5377   3.632576   3.640568   48.93967  -16.46523     4.7117     4.8913    912.158    35.2216    35.2308 0.0000e+00
   3877.518      93061    921.000     7.4697     7.5513   3.633349   3.641926   48.93968  -16.46523     4.7103     4.8902    911.171    35.2217    35.2323 0.0000e+00
   3879.273      93104    920.000     7.4768     7.5589   3.634184   3.642902   48.93967  -16.46523     4.7085     4.8878    910.184    35.2241    35.2356 0.0000e+00
   3881.418      93155    919.000     7.4981     7.5651   3.635668   3.643450   48.93966  -16.46523     4.7034     4.8848    909.197    35.2191    35.2357 0.0000e+00
   3883.041      93194    918.000     7.5251     7.5708   3.638702   3.643912   48.93966  -16.46523     4.7018     4.8855    908.209    35.2251    35.2355 0.0000e+00
   3884.874      93238    917.000     7.5340     7.5767   3.639859   3.644424   48.93967  -16.46523     4.6955     4.8845    907.222    35.2292    35.2355 0.0000e+00
   3887.270      93295    916.000     7.5446     7.5965   3.640822   3.645850   48.93968  -16.46523     4.6908     4.8802    906.235    35.2294    35.2315 0.0000e+00
   3888.688      93330    915.000     7.5601     7.6112   3.642051   3.647375   48.93968  -16.46523     4.6909     4.8780    905.248    35.2276    35.2336 0.0000e+00
   3890.083      93363    914.000     7.5655     7.6188   3.643045   3.648279   48.93967  -16.46523     4.6913     4.8759    904.261    35.2333    35.2362 0.0000e+00
   3892.926      93431    913.000     7.5613     7.6277   3.642426   3.649138   48.93966  -16.46523     4.6886     4.8685    903.273    35.2313    35.2370 0.0000e+00
   3895.353      93489    912.000     7.5681     7.6440   3.643147   3.650507   48.93967  -16.46523     4.6898     4.8653    902.286    35.2327    35.2358 0.0000e+00
   3897.223      93534    911.000     7.5732     7.6749   3.643532   3.653139   48.93967  -16.46523     4.6872     4.8633    901.299    35.2322    35.2336 0.0000e+00
   3948.919      94775    910.000     7.6288     7.7011   3.649035   3.656354   48.93966  -16.46523     4.6781     4.8580    900.312    35.2361    35.2423 0.0000e+00
   4151.064      99627    909.000     7.7393     7.7442   3.660314   3.660976   48.93968  -16.46521     4.6499     4.8417    899.325    35.2470    35.2492 0.0000e+00
   4155.774      99740    908.000     7.7436     7.7474   3.660820   3.661421   48.93968  -16.46522     4.6483     4.8398    898.337    35.2487    35.2513 0.0000e+00
   4158.019      99793    907.000     7.7412     7.7455   3.660661   3.661152   48.93968  -16.46523     4.6476     4.8379    897.350    35.2499    35.2508 0.0000e+00
   4160.990      99865    906.000     7.7393     7.7525   3.660262   3.661459   48.93968  -16.46522     4.6482     4.8365    896.363    35.2479    35.2475 0.0000e+00
   4162.475      99900    905.000     7.7444     7.7737   3.660586   3.663164   48.93968  -16.46521     4.6482     4.8355    895.376    35.2467    35.2450 0.0000e+00
   4163.723      99930    904.000     7.7500     7.7890   3.661074   3.665075   48.93968  -16.46521     4.6471     4.8327    894.389    35.2469    35.2507 0.0000e+00
   4165.527      99974    903.000     7.7510     7.7975   3.661299   3.666235   48.93968  -16.46522     4.6453     4.8276    893.401    35.2487    35.2551 0.0000e+00
   4168.033     100034    902.000     7.7568     7.8118   3.661775   3.667607   48.93968  -16.46523     4.6450     4.8212    892.414    35.2484    35.2559 0.0000e+00
   4169.955     100080    901.000     7.7567     7.8215   3.661856   3.668731   48.93968  -16.46523     4.6431     4.8194    891.427    35.2499    35.2587 0.0000e+00
   4172.047     100130    900.000     7.7666     7.8263   3.662371   3.669233   48.93968  -16.46523     4.6399     4.8194    890.440    35.2460    35.2598 0.0000e+00
   4174.109     100180    899.000     7.7907     7.8343   3.664923   3.669899   48.93968  -16.46523     4.6368     4.8178    889.452    35.2497    35.2594 0.0000e+00
   4176.199     100230    898.000     7.8001     7.8463   3.665991   3.671006   48.93968  -16.46523     4.6330     4.8158    888.465    35.2522    35.2597 0.0000e+00
   4178.225     100278    897.000     7.8143     7.8563   3.667390   3.672058   48.93968  -16.46523     4.6288     4.8137    887.478    35.2534    35.2614 0.0000e+00
   4179.940     100320    896.000     7.8279     7.8652   3.668669   3.672772   48.93968  -16.46523     4.6261     4.8113    886.491    35.2540    35.2606 0.0000e+00
   4181.555     100358    895.000     7.8416     7.8785   3.670020   3.674018   48.93968  -16.46523     4.6257     4.8090    885.503    35.2552    35.2611 0.0000e+00
   4183.316     100401    894.000     7.8540     7.8884   3.671291   3.675183   48.93968  -16.46523     4.6215     4.8051    884.516    35.2569    35.2641 0.0000e+00
   4185.287     100448    893.000     7.8648     7.8930   3.672456   3.675736   48.93968  -16.46523     4.6162     4.7993    883.529    35.2590    35.2659 0.0000e+00
   4187.374     100498    892.000     7.8689     7.8965   3.673121   3.676016   48.93968  -16.46523     4.6155     4.8016    882.541    35.2625    35.2659 0.0000e+00
   4189.676     100553    891.000     7.8708     7.9056   3.673067   3.676726   48.93968  -16.46523     4.6152     4.8020    881.554    35.2605    35.2648 0.0000e+00
   4191.845     100605    890.000     7.8843     7.9181   3.674240   3.677867   48.93968  -16.46523     4.6132     4.7998    880.567    35.2600    35.2649 0.0000e+00
   4193.633     100648    889.000     7.8935     7.9318   3.675185   3.679108   48.93968  -16.46523     4.6114     4.7934    879.580    35.2613    35.2650 0.0000e+00
   4195.137     100684    888.000     7.9063     7.9482   3.676210   3.680474   48.93968  -16.46523     4.6101     4.7868    878.592    35.2599    35.2636 0.0000e+00
   4196.728     100722    887.000     7.9161     7.9626   3.677497   3.682107   48.93968  -16.46523     4.6049     4.7818    877.605    35.2644    35.2672 0.0000e+00
   4199.067     100779    886.000     7.9197     7.9746   3.677715   3.683298   48.93968  -16.46523     4.5992     4.7771    876.618    35.2636    35.2684 0.0000e+00
   4201.132     100828    885.000     7.9347     7.9865   3.679013   3.684438   48.93968  -16.46523     4.5982     4.7732    875.630    35.2630    35.2691 0.0000e+00
   4202.868     100870    884.000     7.9474     7.9906   3.680328   3.684909   48.93968  -16.46523     4.5952     4.7710    874.643    35.2648    35.2705 0.0000e+00
   4205.104     100923    883.000     7.9511     7.9925   3.680710   3.685050   48.93968  -16.46523     4.5907     4.7723    873.656    35.2656    35.2706 0.0000e+00
   4207.412     100979    882.000     7.9661     7.9951   3.682026   3.685191   48.93968  -16.46523     4.5884     4.7710    872.668    35.2652    35.2700 0.0000e+00
   4209.508     101029    881.000     7.9707     7.9999   3.682533   3.685469   48.93968  -16.46523     4.5844     4.7647    871.681    35.2664    35.2686 0.0000e+00
   4211.007     101065    880.000     7.9791     8.0070   3.683118   3.685978   48.93968  -16.46523     4.5847     4.7645    870.694    35.2647    35.2674 0.0000e+00
   4212.449     101100    879.000     7.9844     8.0107   3.683751   3.686307   48.93968  -16.46523     4.5817     4.7649    869.706    35.2667    35.2677 0.0000e+00
   4214.661     101153    878.000     7.9880     8.0141   3.684012   3.686473   48.93968  -16.46523     4.5800     4.7627    868.719    35.2663    35.2665 0.0000e+00
   4217.006     101209    877.000     7.9932     8.0202   3.684440   3.686680   48.93968  -16.46523     4.5799     4.7571    867.732    35.2662    35.2631 0.0000e+00
   4218.982     101257    876.000     7.9980     8.0270   3.684773   3.686948   48.93968  -16.46523     4.5791     4.7551    866.744    35.2653    35.2597 0.0000e+00
   4220.883     101302    875.000     8.0047     8.0331   3.685146   3.687421   48.93968  -16.46523     4.5783     4.7543    865.757    35.2632    35.2591 0.0000e+00
   4222.820     101349    874.000     8.0116     8.0324   3.685604   3.687293   48.93968  -16.46523     4.5740     4.7531    864.770    35.2616    35.2588 0.0000e+00
   4224.695     101394    873.000     8.0162     8.0322   3.685866   3.687061   48.93968  -16.46523     4.5710     4.7544    863.782    35.2603    35.2571 0.0000e+00
   4226.535     101438    872.000     8.0196     8.0346   3.685973   3.687122   48.93968  -16.46523     4.5694     4.7541    862.795    35.2585    35.2557 0.0000e+00
   4228.330     101481    871.000     8.0253     8.0398   3.686231   3.687416   48.93968  -16.46523     4.5679     4.7517    861.807    35.2559    35.2542 0.0000e+00
   4230.007     101521    870.000     8.0292     8.0519   3.686418   3.688085   48.93968  -16.46523     4.5658     4.7501    860.820    35.2545    35.2496 0.0000e+00
   4231.708     101562    869.000     8.0350     8.0722   3.686691   3.689742   48.93968  -16.46523     4.5638     4.7494    859.833    35.2521    35.2475 0.0000e+00
