Data_example/SBE_Data_Processed/DY130/SeaBird/Data/Processed/DY130_004cfaldb.cnv
* Sea-Bird SBE 9 Data File:
* FileName = C:\Users\sandm\Documents\Cruises\DY130\Data\Raw Data\DY130_004.hex
* Software Version Seasave V 7.26.7.121
* Temperature SN = 03P-5494
* Conductivity SN = 04C-3768
* Number of Bytes Per Scan = 45
* Number of Voltage Words = 4
* Number of Scans Averaged by the Deck Unit = 1
* NMEA Latitude = 48 56.97 N
* NMEA Longitude = 016 26.65 W
* NMEA UTC (Time) = Apr 01 2021  07:02:32
* NMEA baud rate = 9600
** Ship: RRS Discovery
** Cruise: DY130
** Cast: DY130_004
** Station: 027
** Julian Day: 091
** Date: 01/04/21
** Time (GMT): 07:02
** Latitude: 48 56.96 N
** Longitude: 16 26.64 W
** Depth (uncorrected m): 4811
** Principal Scientist: Sue Hart
** Operator: BP/PH
# nquan = 15
# nvalues = 405                         
# units = specified
# name 0 = timeS: Time, Elapsed [seconds]
# name 1 = scan: Scan Count
# name 2 = prDM: Pressure, Digiquartz [db]
# name 3 = t090C: Temperature [ITS-90, deg C]
# name 4 = t190C: Temperature, 2 [ITS-90, deg C]
# name 5 = c0S/m: Conductivity [S/m]
# name 6 = c1S/m: Conductivity, 2 [S/m]
# name 7 = latitude: Latitude [deg]
# name 8 = longitude: Longitude [deg]
# name 9 = sbeox0ML/L: Oxygen, SBE 43 [ml/l]
# name 10 = sbeox1ML/L: Oxygen, SBE 43, 2 [ml/l]
# name 11 = depSM: Depth [salt water, m], lat = 48.9495
# name 12 = sal00: Salinity, Practical [PSU]
# name 13 = sal11: Salinity, Practical, 2 [PSU]
# name 14 = flag: flag
# span 0 =    224.423,   2593.545       
# span 1 =       5387,      62246       
# span 2 =      1.000,    205.000       
# span 3 =    10.9496,    11.5371       
# span 4 =    10.7873,    11.5385       
# span 5 =   0.663900,   4.007628       
# span 6 =  -0.074561,   4.007921       
# span 7 =   48.76100,   49.04527       
# span 8 =  -16.47631,  -16.38081       
# span 9 =     4.3529,     6.9362       
# span 10 =     4.6393,     7.0761      
# span 11 =      0.991,    203.161      
# span 12 =     4.1852,    35.5563      
# span 13 =    -2.3461,    35.5593      
# span 14 = 0.0000e+00, 0.0000e+00      
# interval = decibars: 1                
# start_time = Apr 01 2021 07:02:33 [NMEA time, first data scan]
# bad_flag = -9.990e-29
*END*
[from data line 193]
   1119.826      26877    196.000    11.0667    11.0674   3.964903   3.965239   48.94943  -16.44411     5.9451     6.1786    194.246    35.4557    35.4584 0.0000e+00
   1123.986      26977    197.000    11.0663    11.0677   3.964905   3.965328   48.94943  -16.44411     5.9430     6.1793    195.237    35.4557    35.4585 0.0000e+00
   1126.765      27043    198.000    11.0663    11.0675   3.964950   3.965355   48.94943  -16.44411     5.9454     6.1763    196.227    35.4556    35.4585 0.0000e+00
   1129.335      27105    199.000    11.0666    11.0678   3.965028   3.965420   48.94943  -16.44411     5.9443     6.1747    197.218    35.4556    35.4585 0.0000e+00
   1132.704      27186    200.000    11.0669    11.0679   3.965109   3.965492   48.94943  -16.44411     5.9468     6.1772    198.208    35.4558    35.4586 0.0000e+00
   1136.077      27267    201.000    11.0675    11.0685   3.965217   3.965596   48.94943  -16.44411     5.9431     6.1747    199.199    35.4558    35.4586 0.0000e+00
   1139.144      27340    202.000    11.0685    11.0693   3.965400   3.965759   48.94943  -16.44411     5.9385     6.1680    200.190    35.4562    35.4590 0.0000e+00
   1140.818      27381    203.000    11.0686    11.0693   3.965468   3.965833   48.94943  -16.44411     5.9391     6.1696    201.180    35.4564    35.4593 0.0000e+00
   1145.595      27495    204.000    11.0688    11.0698   3.965538   3.965918   48.94943  -16.44411     5.9353     6.1732    202.171    35.4564    35.4592 0.0000e+00
   1226.777      29444    205.000    11.0701    11.0711   3.965761   3.966122   48.94943  -16.44411     5.9359     6.1746    203.161    35.4569    35.4596 0.0000e+00
   1348.912      32375    203.000    11.0640    11.0649   3.963371   3.963741   48.92051  -16.43439     5.9324     6.1701    201.180    35.4359    35.4387 0.0000e+00
   1356.396      32555    202.000    11.0703    11.0708   3.965640   3.965955   48.94944  -16.44411     5.9364     6.1706    200.190    35.4569    35.4595 0.0000e+00
   1358.419      32603    201.000    11.0700    11.0701   3.965551   3.965817   48.94944  -16.44411     5.9354     6.1758    199.199    35.4568    35.4593 0.0000e+00
   1361.629      32680    200.000    11.0697    11.0692   3.965469   3.965666   48.94943  -16.44411     5.9441     6.1728    198.208    35.4566    35.4590 0.0000e+00
   1363.958      32736    199.000    11.0693    11.0686   3.965375   3.965545   48.94943  -16.44411     5.9375     6.1738    197.218    35.4565    35.4589 0.0000e+00
   1366.881      32806    198.000    11.0691    11.0680   3.965308   3.965422   48.94943  -16.44411     5.9322     6.1727    196.227    35.4565    35.4586 0.0000e+00
   1369.511      32869    197.000    11.0682    11.0678   3.965169   3.965329   48.94943  -16.44411     5.9420     6.1751    195.237    35.4564    35.4584 0.0000e+00
   1371.927      32927    196.000    11.0676    11.0675   3.965024   3.965268   48.94943  -16.44411     5.9433     6.1751    194.246    35.4560    35.4585 0.0000e+00
   1374.899      32999    195.000    11.0675    11.0671   3.964966   3.965172   48.94943  -16.44411     5.9421     6.1749    193.256    35.4560    35.4584 0.0000e+00
   1377.162      33053    194.000    11.0668    11.0671   3.964845   3.965117   48.94943  -16.44411     5.9393     6.1762    192.265    35.4559    35.4583 0.0000e+00
   1378.925      33095    193.000    11.0662    11.0677   3.964715   3.965105   48.94943  -16.44411     5.9462     6.1808    191.274    35.4556    35.4581 0.0000e+00
   1380.850      33141    192.000    11.0663    11.0687   3.964662   3.965175   48.94943  -16.44411     5.9460     6.1816    190.284    35.4555    35.4583 0.0000e+00
   1384.329      33225    191.000    11.0661    11.0692   3.964606   3.965184   48.94944  -16.44411     5.9379     6.1791    189.293    35.4555    35.4584 0.0000e+00
   1387.166      33293    190.000    11.0663    11.0698   3.964570   3.965205   48.94945  -16.44411     5.9405     6.1796    188.303    35.4554    35.4584 0.0000e+00
   1389.214      33342    189.000    11.0675    11.0714   3.964631   3.965310   48.94945  -16.44411     5.9449     6.1823    187.312    35.4553    35.4583 0.0000e+00
   1392.004      33409    188.000    11.0685    11.0774   3.964734   3.965832   48.94944  -16.44411     5.9463     6.1783    186.321    35.4558    35.4582 0.0000e+00
   1394.754      33475    187.000    11.0719    11.0886   3.964931   3.966967   48.94944  -16.44411     5.9441     6.1752    185.331    35.4550    35.4592 0.0000e+00
   1396.555      33518    186.000    11.0823    11.1040   3.965856   3.968350   48.94945  -16.44411     5.9414     6.1780    184.340    35.4547    35.4586 0.0000e+00
   1398.563      33567    185.000    11.0911    11.1227   3.967080   3.970649   48.94944  -16.44411     5.9465     6.1926    183.349    35.4588    35.4640 0.0000e+00
   1403.089      33675    184.000    11.0905    11.1285   3.966686   3.971445   48.94944  -16.44411     5.9456     6.1912    182.359    35.4559    35.4668 0.0000e+00
   1405.008      33721    183.000    11.1088    11.1352   3.968335   3.971942   48.94945  -16.44411     5.9441     6.1945    181.368    35.4552    35.4657 0.0000e+00
   1406.462      33756    182.000    11.1204    11.1430   3.970093   3.972874   48.94944  -16.44411     5.9505     6.1954    180.378    35.4620    35.4680 0.0000e+00
   1409.115      33820    181.000    11.1237    11.1462   3.970574   3.973375   48.94943  -16.44411     5.9590     6.1995    179.387    35.4641    35.4703 0.0000e+00
   1411.415      33875    180.000    11.1221    11.1477   3.970433   3.973510   48.94943  -16.44411     5.9578     6.2008    178.396    35.4647    35.4707 0.0000e+00
   1413.443      33924    179.000    11.1230    11.1489   3.970417   3.973620   48.94943  -16.44411     5.9599     6.1985    177.406    35.4640    35.4711 0.0000e+00
   1416.294      33992    178.000    11.1287    11.1518   3.970905   3.973842   48.94943  -16.44411     5.9572     6.2035    176.415    35.4640    35.4710 0.0000e+00
   1418.223      34038    177.000    11.1398    11.1547   3.971886   3.974104   48.94944  -16.44411     5.9560     6.2100    175.424    35.4634    35.4712 0.0000e+00
   1419.780      34076    176.000    11.1494    11.1614   3.973070   3.974695   48.94945  -16.44411     5.9634     6.2108    174.434    35.4665    35.4711 0.0000e+00
   1421.615      34120    175.000    11.1534    11.1668   3.973651   3.975384   48.94944  -16.44411     5.9745     6.2121    173.443    35.4688    35.4732 0.0000e+00
   1424.164      34181    174.000    11.1517    11.1671   3.973483   3.975518   48.94943  -16.44411     5.9715     6.2139    172.452    35.4693    35.4747 0.0000e+00
   1426.755      34243    173.000    11.1547    11.1670   3.973681   3.975375   48.94943  -16.44411     5.9678     6.2151    171.461    35.4688    35.4738 0.0000e+00
   1428.766      34291    172.000    11.1627    11.1743   3.974366   3.975955   48.94943  -16.44411     5.9723     6.2161    170.471    35.4684    35.4730 0.0000e+00
   1430.402      34331    171.000    11.1729    11.1834   3.975475   3.976901   48.94943  -16.44411     5.9837     6.2211    169.480    35.4701    35.4741 0.0000e+00
   1431.909      34367    170.000    11.1774    11.1892   3.976100   3.977647   48.94943  -16.44411     5.9884     6.2304    168.489    35.4724    35.4764 0.0000e+00
   1433.796      34412    169.000    11.1783    11.1908   3.976326   3.977923   48.94943  -16.44411     5.9860     6.2374    167.499    35.4742    35.4781 0.0000e+00
   1437.454      34500    168.000    11.1753    11.1903   3.975854   3.977857   48.94944  -16.44411     5.9859     6.2345    166.508    35.4728    35.4784 0.0000e+00
   1439.503      34549    167.000    11.1789    11.1911   3.976101   3.977798   48.94945  -16.44411     5.9914     6.2359    165.517    35.4723    35.4774 0.0000e+00
   1441.028      34586    166.000    11.1859    11.1957   3.976771   3.978190   48.94945  -16.44411     5.9962     6.2389    164.527    35.4727    35.4774 0.0000e+00
   1442.577      34623    165.000    11.1891    11.1986   3.977254   3.978549   48.94944  -16.44411     5.9955     6.2424    163.536    35.4748    35.4786 0.0000e+00
   1445.206      34686    164.000    11.1886    11.1993   3.977217   3.978650   48.94943  -16.44411     5.9952     6.2433    162.545    35.4754    35.4794 0.0000e+00
   1448.163      34757    163.000    11.1899    11.1989   3.977273   3.978577   48.94943  -16.44411     5.9961     6.2388    161.554    35.4751    35.4795 0.0000e+00
   1449.727      34794    162.000    11.1928    11.1995   3.977467   3.978548   48.94944  -16.44411     5.9991     6.2434    160.564    35.4748    35.4791 0.0000e+00
   1451.374      34834    161.000    11.1959    11.2001   3.977817   3.978604   48.94944  -16.44411     6.0046     6.2469    159.573    35.4757    35.4795 0.0000e+00
   1453.804      34892    160.000    11.1955    11.2004   3.977821   3.978597   48.94943  -16.44411     6.0018     6.2432    158.582    35.4766    35.4796 0.0000e+00
   1456.306      34952    159.000    11.1960    11.2012   3.977774   3.978615   48.94943  -16.44411     6.0025     6.2426    157.591    35.4761    35.4795 0.0000e+00
   1458.157      34997    158.000    11.1986    11.2039   3.977972   3.978815   48.94943  -16.44411     6.0102     6.2446    156.601    35.4760    35.4793 0.0000e+00
   1459.886      35038    157.000    11.2017    11.2069   3.978267   3.979108   48.94943  -16.44411     6.0173     6.2487    155.610    35.4764    35.4798 0.0000e+00
   1461.803      35084    156.000    11.2025    11.2082   3.978391   3.979265   48.94943  -16.44411     6.0150     6.2540    154.619    35.4773    35.4806 0.0000e+00
   1464.391      35146    155.000    11.2019    11.2086   3.978267   3.979282   48.94943  -16.44411     6.0072     6.2515    153.628    35.4771    35.4807 0.0000e+00
   1466.746      35203    154.000    11.2037    11.2085   3.978367   3.979217   48.94943  -16.44411     6.0059     6.2495    152.637    35.4768    35.4807 0.0000e+00
   1468.677      35249    153.000    11.2076    11.2108   3.978727   3.979370   48.94943  -16.44411     6.0117     6.2512    151.647    35.4772    35.4804 0.0000e+00
   1470.831      35301    152.000    11.2088    11.2129   3.978906   3.979606   48.94943  -16.44411     6.0169     6.2548    150.656    35.4782    35.4812 0.0000e+00
   1473.354      35361    151.000    11.2087    11.2132   3.978828   3.979611   48.94944  -16.44411     6.0150     6.2593    149.665    35.4780    35.4814 0.0000e+00
   1475.108      35404    150.000    11.2113    11.2146   3.979001   3.979658   48.94945  -16.44411     6.0181     6.2582    148.674    35.4776    35.4810 0.0000e+00
   1476.675      35441    149.000    11.2129    11.2166   3.979206   3.979843   48.94944  -16.44411     6.0214     6.2623    147.684    35.4786    35.4814 0.0000e+00
   1479.104      35499    148.000    11.2128    11.2173   3.979161   3.979902   48.94944  -16.44411     6.0211     6.2630    146.693    35.4787    35.4817 0.0000e+00
   1481.608      35560    147.000    11.2131    11.2182   3.979147   3.979962   48.94945  -16.44411     6.0201     6.2662    145.702    35.4788    35.4819 0.0000e+00
   1484.049      35618    146.000    11.2132    11.2192   3.979103   3.979990   48.94945  -16.44411     6.0227     6.2636    144.711    35.4787    35.4817 0.0000e+00
   1486.334      35673    145.000    11.2168    11.2236   3.979338   3.980332   48.94945  -16.44411     6.0283     6.2658    143.720    35.4780    35.4813 0.0000e+00
   1487.840      35709    144.000    11.2217    11.2307   3.979786   3.980894   48.94945  -16.44411     6.0241     6.2685    142.729    35.4781    35.4805 0.0000e+00
   1489.413      35747    143.000    11.2249    11.2361   3.980189   3.981593   48.94945  -16.44411     6.0261     6.2720    141.739    35.4795    35.4827 0.0000e+00
   1492.460      35820    142.000    11.2249    11.2377   3.980209   3.981810   48.94945  -16.44411     6.0292     6.2691    140.748    35.4802    35.4838 0.0000e+00
   1494.991      35881    141.000    11.2269    11.2389   3.980301   3.981868   48.94945  -16.44411     6.0305     6.2704    139.757    35.4796    35.4836 0.0000e+00
   1496.607      35920    140.000    11.2318    11.2425   3.980668   3.982148   48.94945  -16.44411     6.0279     6.2732    138.766    35.4790    35.4835 0.0000e+00
   1498.236      35959    139.000    11.2370    11.2460   3.981257   3.982506   48.94945  -16.44411     6.0310     6.2744    137.775    35.4803    35.4841 0.0000e+00
   1500.172      36005    138.000    11.2356    11.2471   3.981220   3.982673   48.94945  -16.44411     6.0314     6.2740    136.784    35.4817    35.4851 0.0000e+00
   1503.323      36081    137.000    11.2376    11.2456   3.981276   3.982512   48.94944  -16.44411     6.0329     6.2731    135.793    35.4809    35.4854 0.0000e+00
   1505.814      36141    136.000    11.2421    11.2450   3.981688   3.982317   48.94944  -16.44411     6.0318     6.2675    134.803    35.4810    35.4845 0.0000e+00
   1507.286      36176    135.000    11.2450    11.2476   3.981970   3.982533   48.94945  -16.44411     6.0254     6.2687    133.812    35.4815    35.4846 0.0000e+00
   1508.968      36216    134.000    11.2454    11.2484   3.982064   3.982640   48.94945  -16.44411     6.0261     6.2737    132.821    35.4825    35.4853 0.0000e+00
   1511.962      36288    133.000    11.2461    11.2486   3.982075   3.982637   48.94943  -16.44411     6.0335     6.2716    131.830    35.4824    35.4855 0.0000e+00
   1514.394      36346    132.000    11.2463    11.2487   3.982062   3.982601   48.94943  -16.44411     6.0337     6.2737    130.839    35.4825    35.4856 0.0000e+00
   1516.170      36389    131.000    11.2466    11.2487   3.982048   3.982566   48.94943  -16.44411     6.0292     6.2750    129.848    35.4825    35.4857 0.0000e+00
   1518.330      36441    130.000    11.2467    11.2486   3.982026   3.982515   48.94943  -16.44411     6.0288     6.2728    128.857    35.4826    35.4857 0.0000e+00
   1520.443      36492    129.000    11.2469    11.2485   3.982001   3.982459   48.94943  -16.44411     6.0311     6.2719    127.866    35.4827    35.4858 0.0000e+00
   1523.615      36568    128.000    11.2467    11.2483   3.981949   3.982391   48.94943  -16.44411     6.0303     6.2710    126.875    35.4828    35.4857 0.0000e+00
   1526.293      36632    127.000    11.2467    11.2481   3.981896   3.982320   48.94943  -16.44411     6.0317     6.2705    125.885    35.4827    35.4856 0.0000e+00
   1527.732      36667    126.000    11.2466    11.2477   3.981840   3.982244   48.94943  -16.44411     6.0337     6.2724    124.894    35.4827    35.4857 0.0000e+00
   1530.270      36727    125.000    11.2465    11.2476   3.981793   3.982174   48.94943  -16.44411     6.0300     6.2710    123.903    35.4828    35.4856 0.0000e+00
   1532.851      36789    124.000    11.2464    11.2478   3.981738   3.982143   48.94943  -16.44411     6.0279     6.2675    122.912    35.4828    35.4855 0.0000e+00
   1534.303      36824    123.000    11.2464    11.2481   3.981686   3.982129   48.94943  -16.44411     6.0317     6.2730    121.921    35.4828    35.4855 0.0000e+00
   1536.562      36878    122.000    11.2464    11.2488   3.981645   3.982157   48.94943  -16.44411     6.0319     6.2761    120.930    35.4828    35.4856 0.0000e+00
   1539.630      36952    121.000    11.2467    11.2515   3.981622   3.982355   48.94943  -16.44411     6.0315     6.2743    119.939    35.4827    35.4854 0.0000e+00
   1541.641      37000    120.000    11.2482    11.2542   3.981701   3.982591   48.94943  -16.44411     6.0263     6.2755    118.948    35.4825    35.4856 0.0000e+00
   1543.732      37051    119.000    11.2517    11.2579   3.982021   3.982983   48.94943  -16.44411     6.0323     6.2752    117.957    35.4828    35.4864 0.0000e+00
   1546.291      37112    118.000    11.2516    11.2588   3.982066   3.983085   48.94943  -16.44411     6.0386     6.2740    116.966    35.4838    35.4869 0.0000e+00
