Data_example/SBE_Data_Processed/DY130/SeaBird/Data/Processed/DY130_007cfaldb.cnv
* Sea-Bird SBE 9 Data File:
* FileName = C:\Users\sandm\Documents\Cruises\DY130\Data\Raw Data\DY130_007.hex
* Software Version Seasave V 7.26.7.121
* Temperature SN = 03P-5494
* Conductivity SN = 04C-3768
* Number of Bytes Per Scan = 45
* Number of Voltage Words = 4
* Number of Scans Averaged by the Deck Unit = 1
* NMEA Latitude = 49 04.68 N
* NMEA Longitude = 016 30.90 W
* NMEA UTC (Time) = Apr 04 2021  09:05:22
* NMEA baud rate = 9600
** Ship: RRS Discovery
** Cruise: DY130
** Cast: DY130_007
** Station: 046
** Julian Day: 094
** Date: 04/04/21
** Time (GMT): 09:05
** Latitude: 49 04.66 N
** Longitude: 16 30.89 W
** Depth (uncorrected m): 4808
** Principal Scientist: Sue Hart
** Operator: BP/PH BP/PH
# nquan = 15
# nvalues = 2022                        
# units = specified
# name 0 = timeS: Time, Elapsed [seconds]
# name 1 = scan: Scan Count
# name 2 = prDM: Pressure, Digiquartz [db]
# name 3 = t090C: Temperature [ITS-90, deg C]
# name 4 = t190C: Temperature, 2 [ITS-90, deg C]
# name 5 = c0S/m: Conductivity [S/m]
# name 6 = c1S/m: Conductivity, 2 [S/m]
# name 7 = latitude: Latitude [deg]
# name 8 = longitude: Longitude [deg]
# name 9 = sbeox0ML/L: Oxygen, SBE 43 [ml/l]
# name 10 = sbeox1ML/L: Oxygen, SBE 43, 2 [ml/l]
# name 11 = depSM: Depth [salt water, m], lat = 49.078
# name 12 = sal00: Salinity, Practical [PSU]
# name 13 = sal11: Salinity, Practical, 2 [PSU]
# name 14 = flag: flag
# span 0 =    267.690,   5835.241       
# span 1 =       6426,     140047       
# span 2 =      2.000,   1013.000       
# span 3 =     6.9808,    11.6309       
# span 4 =     6.9790,    11.6323       
# span 5 =   3.589836,   4.064778       
# span 6 =   3.211971,   4.065249       
# span 7 =   49.07787,   49.93023       
# span 8 =  -16.80169,  -16.51487       
# span 9 =     4.4032,     6.3864       
# span 10 =     4.5862,     7.6248      
# span 11 =      1.983,   1001.956      
# span 12 =    34.1837,    36.1025      
# span 13 =    28.0695,    36.1058      
# span 14 = 0.0000e+00, 0.0000e+00      
# interval = decibars: 1                
# start_time = Apr 04 2021 09:05:23 [NMEA time, first data scan]
# bad_flag = -9.990e-29
*END*
[from data line 1543]
   3342.779      80228    481.000    10.5828    10.5956   3.923865   3.925343   49.07795  -16.51489     5.5255     5.6998    476.363    35.3834    35.3860 0.0000e+00
   3343.976      80256    480.000    10.5863    10.5988   3.924155   3.925754   49.07795  -16.51489     5.5005     5.6830    475.374    35.3835    35.3874 0.0000e+00
   3345.343      80289    479.000    10.5894    10.6012   3.924452   3.926006   49.07795  -16.51489     5.4794     5.6802    474.384    35.3839    35.3881 0.0000e+00
   3346.670      80321    478.000    10.5919    10.6042   3.924653   3.926226   49.07795  -16.51489     5.4726     5.6837    473.395    35.3839    35.3879 0.0000e+00
   3347.831      80349    477.000    10.5964    10.6091   3.925016   3.926648   49.07795  -16.51489     5.4751     5.6889    472.406    35.3836    35.3878 0.0000e+00
   3348.920      80375    476.000    10.6008    10.6140   3.925447   3.927155   49.07795  -16.51490     5.4759     5.6950    471.417    35.3842    35.3886 0.0000e+00
   3350.015      80401    475.000    10.6053    10.6173   3.925882   3.927582   49.07795  -16.51490     5.4753     5.7023    470.427    35.3847    35.3902 0.0000e+00
   3351.180      80429    474.000    10.6097    10.6191   3.926368   3.927803   49.07795  -16.51490     5.4744     5.7070    469.438    35.3858    35.3911 0.0000e+00
   3352.482      80461    473.000    10.6123    10.6217   3.926701   3.928013   49.07795  -16.51490     5.4755     5.7076    468.449    35.3870    35.3912 0.0000e+00
   3353.914      80495    472.000    10.6155    10.6254   3.926973   3.928365   49.07795  -16.51489     5.4803     5.7067    467.460    35.3872    35.3916 0.0000e+00
   3355.310      80528    471.000    10.6198    10.6326   3.927356   3.928884   49.07795  -16.51489     5.4879     5.7147    466.470    35.3873    35.3903 0.0000e+00
   3356.531      80558    470.000    10.6270    10.6450   3.927956   3.929979   49.07795  -16.51489     5.4919     5.7268    465.481    35.3868    35.3898 0.0000e+00
   3357.600      80583    469.000    10.6331    10.6540   3.928652   3.931042   49.07795  -16.51489     5.4950     5.7404    464.492    35.3884    35.3922 0.0000e+00
   3358.606      80608    468.000    10.6396    10.6612   3.929228   3.931806   49.07795  -16.51490     5.5019     5.7528    463.503    35.3883    35.3934 0.0000e+00
   3359.642      80632    467.000    10.6462    10.6665   3.929946   3.932474   49.07795  -16.51490     5.5098     5.7603    462.513    35.3896    35.3954 0.0000e+00
   3360.820      80661    466.000    10.6511    10.6689   3.930559   3.932837   49.07795  -16.51490     5.5160     5.7648    461.524    35.3915    35.3972 0.0000e+00
   3362.232      80695    465.000    10.6513    10.6693   3.930691   3.932914   49.07795  -16.51489     5.5206     5.7659    460.535    35.3931    35.3981 0.0000e+00
   3363.698      80730    464.000    10.6532    10.6692   3.930781   3.932864   49.07795  -16.51489     5.5224     5.7654    459.545    35.3926    35.3981 0.0000e+00
   3364.941      80760    463.000    10.6589    10.6704   3.931194   3.932891   49.07795  -16.51489     5.5237     5.7622    458.556    35.3917    35.3976 0.0000e+00
   3366.036      80786    462.000    10.6624    10.6726   3.931643   3.933031   49.07795  -16.51489     5.5262     5.7621    457.567    35.3932    35.3973 0.0000e+00
   3367.108      80812    461.000    10.6654    10.6757   3.931896   3.933275   49.07795  -16.51489     5.5305     5.7708    456.578    35.3934    35.3973 0.0000e+00
   3368.238      80839    460.000    10.6690    10.6798   3.932228   3.933647   49.07795  -16.51489     5.5383     5.7867    455.588    35.3937    35.3975 0.0000e+00
   3369.482      80869    459.000    10.6719    10.6835   3.932535   3.934081   49.07795  -16.51489     5.5486     5.8093    454.599    35.3944    35.3987 0.0000e+00
   3370.835      80901    458.000    10.6751    10.6865   3.932808   3.934381   49.07795  -16.51489     5.5573     5.8353    453.610    35.3945    35.3993 0.0000e+00
   3372.151      80933    457.000    10.6787    10.6914   3.933176   3.934767   49.07795  -16.51489     5.5690     5.8566    452.620    35.3952    35.3989 0.0000e+00
   3373.318      80961    456.000    10.6822    10.7002   3.933495   3.935505   49.07795  -16.51489     5.5849     5.8860    451.631    35.3955    35.3983 0.0000e+00
   3374.393      80986    455.000    10.6851    10.7099   3.933803   3.936560   49.07795  -16.51489     5.6039     5.9375    450.642    35.3962    35.4000 0.0000e+00
   3375.483      81013    454.000    10.6907    10.7168   3.934206   3.937473   49.07795  -16.51489     5.6298     6.0029    449.652    35.3953    35.4029 0.0000e+00
   3376.686      81041    453.000    10.6992    10.7217   3.935096   3.938074   49.07795  -16.51489     5.6705     6.0624    448.663    35.3965    35.4046 0.0000e+00
   3378.009      81073    452.000    10.7053    10.7276   3.935880   3.938730   49.07795  -16.51489     5.7246     6.1032    447.674    35.3989    35.4060 0.0000e+00
   3379.310      81104    451.000    10.7123    10.7308   3.936509   3.939138   49.07795  -16.51489     5.7596     6.1337    446.684    35.3990    35.4075 0.0000e+00
   3380.484      81133    450.000    10.7201    10.7336   3.937430   3.939433   49.07795  -16.51489     5.7943     6.1488    445.695    35.4011    35.4081 0.0000e+00
   3381.572      81159    449.000    10.7238    10.7358   3.937941   3.939644   49.07795  -16.51489     5.8360     6.1559    444.706    35.4030    35.4086 0.0000e+00
   3382.650      81185    448.000    10.7263    10.7374   3.938217   3.939821   49.07795  -16.51489     5.8654     6.1596    443.716    35.4039    35.4092 0.0000e+00
   3383.807      81212    447.000    10.7292    10.7384   3.938492   3.939919   49.07795  -16.51489     5.8822     6.1613    442.727    35.4043    35.4098 0.0000e+00
   3385.099      81243    446.000    10.7316    10.7392   3.938782   3.939979   49.07795  -16.51489     5.8949     6.1638    441.737    35.4054    35.4100 0.0000e+00
   3386.470      81276    445.000    10.7329    10.7398   3.938919   3.940007   49.07795  -16.51489     5.9027     6.1651    440.748    35.4059    35.4102 0.0000e+00
   3387.747      81307    444.000    10.7349    10.7408   3.939042   3.940045   49.07795  -16.51489     5.9042     6.1646    439.759    35.4057    35.4100 0.0000e+00
   3388.907      81335    443.000    10.7365    10.7416   3.939214   3.940106   49.07795  -16.51489     5.9076     6.1629    438.769    35.4063    35.4103 0.0000e+00
   3390.031      81362    442.000    10.7375    10.7421   3.939289   3.940126   49.07795  -16.51489     5.9129     6.1624    437.780    35.4065    35.4104 0.0000e+00
   3391.193      81390    441.000    10.7384    10.7425   3.939349   3.940125   49.07795  -16.51489     5.9168     6.1615    436.790    35.4067    35.4105 0.0000e+00
   3392.412      81419    440.000    10.7393    10.7428   3.939412   3.940120   49.07795  -16.51489     5.9186     6.1603    435.801    35.4069    35.4106 0.0000e+00
   3393.638      81448    439.000    10.7401    10.7431   3.939462   3.940105   49.07795  -16.51489     5.9194     6.1628    434.812    35.4071    35.4107 0.0000e+00
   3394.857      81478    438.000    10.7405    10.7431   3.939474   3.940076   49.07795  -16.51489     5.9206     6.1623    433.822    35.4073    35.4108 0.0000e+00
   3396.140      81508    437.000    10.7407    10.7432   3.939461   3.940037   49.07795  -16.51489     5.9202     6.1604    432.833    35.4074    35.4108 0.0000e+00
   3397.494      81541    436.000    10.7409    10.7434   3.939438   3.940018   49.07795  -16.51489     5.9204     6.1587    431.843    35.4074    35.4108 0.0000e+00
   3398.782      81572    435.000    10.7412    10.7441   3.939424   3.940018   49.07795  -16.51489     5.9203     6.1615    430.854    35.4074    35.4106 0.0000e+00
   3399.943      81600    434.000    10.7416    10.7455   3.939425   3.940089   49.07795  -16.51489     5.9192     6.1636    429.864    35.4075    35.4104 0.0000e+00
   3401.048      81626    433.000    10.7421    10.7468   3.939419   3.940191   49.07795  -16.51489     5.9188     6.1644    428.875    35.4074    35.4106 0.0000e+00
   3402.204      81654    432.000    10.7431    10.7481   3.939454   3.940287   49.07795  -16.51489     5.9197     6.1642    427.886    35.4073    35.4107 0.0000e+00
   3403.480      81685    431.000    10.7444    10.7495   3.939557   3.940413   49.07795  -16.51489     5.9194     6.1620    426.896    35.4075    35.4111 0.0000e+00
   3404.825      81717    430.000    10.7454    10.7504   3.939633   3.940485   49.07795  -16.51488     5.9136     6.1614    425.907    35.4077    35.4114 0.0000e+00
   3406.084      81747    429.000    10.7467    10.7516   3.939717   3.940549   49.07795  -16.51488     5.9134     6.1628    424.917    35.4077    35.4114 0.0000e+00
   3407.224      81774    428.000    10.7475    10.7532   3.939782   3.940666   49.07795  -16.51488     5.9158     6.1659    423.928    35.4080    35.4114 0.0000e+00
   3408.334      81801    427.000    10.7487    10.7542   3.939850   3.940761   49.07795  -16.51489     5.9160     6.1699    422.938    35.4080    35.4118 0.0000e+00
   3409.518      81829    426.000    10.7500    10.7548   3.939951   3.940797   49.07795  -16.51489     5.9153     6.1753    421.949    35.4082    35.4121 0.0000e+00
   3410.832      81861    425.000    10.7514    10.7550   3.940055   3.940800   49.07795  -16.51489     5.9180     6.1791    420.959    35.4084    35.4123 0.0000e+00
   3412.167      81893    424.000    10.7520    10.7553   3.940104   3.940780   49.07795  -16.51489     5.9248     6.1830    419.970    35.4087    35.4123 0.0000e+00
   3413.383      81922    423.000    10.7526    10.7559   3.940111   3.940773   49.07795  -16.51489     5.9298     6.1846    418.980    35.4087    35.4122 0.0000e+00
   3414.482      81949    422.000    10.7531    10.7568   3.940134   3.940795   49.07795  -16.51489     5.9328     6.1814    417.991    35.4089    35.4119 0.0000e+00
   3415.533      81974    421.000    10.7536    10.7588   3.940138   3.940902   49.07795  -16.51489     5.9383     6.1789    417.001    35.4089    35.4115 0.0000e+00
   3416.624      82000    420.000    10.7544    10.7604   3.940165   3.941075   49.07795  -16.51489     5.9413     6.1776    416.012    35.4088    35.4121 0.0000e+00
   3417.888      82030    419.000    10.7557    10.7610   3.940255   3.941148   49.07795  -16.51489     5.9373     6.1765    415.022    35.4089    35.4127 0.0000e+00
   3419.375      82066    418.000    10.7563    10.7610   3.940304   3.941123   49.07795  -16.51489     5.9358     6.1796    414.033    35.4092    35.4130 0.0000e+00
   3420.797      82100    417.000    10.7566    10.7615   3.940277   3.941094   49.07795  -16.51489     5.9376     6.1828    413.043    35.4091    35.4126 0.0000e+00
   3421.968      82128    416.000    10.7584    10.7629   3.940366   3.941175   49.07795  -16.51489     5.9378     6.1823    412.054    35.4087    35.4125 0.0000e+00
   3423.020      82153    415.000    10.7600    10.7641   3.940520   3.941263   49.07795  -16.51489     5.9373     6.1807    411.064    35.4092    35.4127 0.0000e+00
   3424.063      82179    414.000    10.7612    10.7653   3.940604   3.941356   49.07795  -16.51489     5.9378     6.1796    410.075    35.4094    35.4129 0.0000e+00
   3425.173      82205    413.000    10.7624    10.7665   3.940693   3.941457   49.07795  -16.51489     5.9378     6.1789    409.085    35.4095    35.4132 0.0000e+00
   3426.377      82234    412.000    10.7635    10.7666   3.940782   3.941478   49.07795  -16.51489     5.9366     6.1778    408.096    35.4098    35.4137 0.0000e+00
   3427.664      82265    411.000    10.7641    10.7660   3.940837   3.941381   49.07795  -16.51489     5.9349     6.1763    407.106    35.4102    35.4139 0.0000e+00
   3429.076      82299    410.000    10.7640    10.7646   3.940803   3.941196   49.07795  -16.51489     5.9347     6.1760    406.117    35.4104    35.4138 0.0000e+00
   3430.838      82341    409.000    10.7636    10.7633   3.940732   3.940983   49.07795  -16.51489     5.9317     6.1729    405.127    35.4105    35.4134 0.0000e+00
   3530.536      84734    408.000    10.7653    10.7666   3.940809   3.941221   49.07795  -16.51489     5.9265     6.1729    404.138    35.4101    35.4130 0.0000e+00
   3623.676      86969    407.000    10.7692    10.7731   3.941087   3.941757   49.07795  -16.51489     5.9225     6.1695    403.148    35.4096    35.4125 0.0000e+00
   3621.886      86926    406.000    10.7712    10.7764   3.941236   3.942079   49.07795  -16.51489     5.9268     6.1720    402.158    35.4096    35.4130 0.0000e+00
   3623.223      86958    405.000    10.7727    10.7785   3.941388   3.942291   49.07795  -16.51489     5.9272     6.1720    401.169    35.4101    35.4135 0.0000e+00
   3624.626      86992    404.000    10.7738    10.7808   3.941472   3.942503   49.07795  -16.51489     5.9262     6.1675    400.179    35.4103    35.4139 0.0000e+00
   3626.099      87027    403.000    10.7749    10.7824   3.941535   3.942672   49.07795  -16.51489     5.9256     6.1659    399.190    35.4104    35.4145 0.0000e+00
   3627.398      87059    402.000    10.7772    10.7830   3.941692   3.942711   49.07795  -16.51490     5.9256     6.1686    398.200    35.4102    35.4148 0.0000e+00
   3628.495      87085    401.000    10.7793    10.7834   3.941901   3.942704   49.07795  -16.51490     5.9291     6.1707    397.211    35.4107    35.4147 0.0000e+00
   3629.500      87109    400.000    10.7803    10.7841   3.942005   3.942720   49.07795  -16.51491     5.9320     6.1730    396.221    35.4112    35.4147 0.0000e+00
   3630.526      87134    399.000    10.7809    10.7854   3.942043   3.942797   49.07795  -16.51491     5.9325     6.1732    395.231    35.4114    35.4147 0.0000e+00
   3631.712      87162    398.000    10.7813    10.7870   3.942049   3.942939   49.07795  -16.51491     5.9301     6.1685    394.242    35.4116    35.4150 0.0000e+00
   3633.151      87197    397.000    10.7820    10.7895   3.942069   3.943152   49.07795  -16.51490     5.9261     6.1651    393.252    35.4116    35.4152 0.0000e+00
   3634.592      87231    396.000    10.7834    10.7933   3.942152   3.943451   49.07795  -16.51490     5.9223     6.1603    392.262    35.4115    35.4150 0.0000e+00
   3635.778      87260    395.000    10.7867    10.7978   3.942380   3.943863   49.07795  -16.51490     5.9168     6.1561    391.273    35.4110    35.4151 0.0000e+00
   3636.804      87284    394.000    10.7901    10.8016   3.942727   3.944226   49.07795  -16.51490     5.9156     6.1531    390.283    35.4116    35.4156 0.0000e+00
   3637.785      87308    393.000    10.7935    10.8048   3.943035   3.944546   49.07795  -16.51491     5.9159     6.1521    389.294    35.4119    35.4162 0.0000e+00
   3638.800      87332    392.000    10.7967    10.8075   3.943373   3.944842   49.07795  -16.51491     5.9127     6.1509    388.304    35.4126    35.4170 0.0000e+00
   3639.940      87360    391.000    10.7991    10.8093   3.943642   3.945045   49.07795  -16.51491     5.9096     6.1475    387.314    35.4135    35.4178 0.0000e+00
   3641.320      87393    390.000    10.7992    10.8110   3.943695   3.945201   49.07795  -16.51490     5.9088     6.1433    386.325    35.4144    35.4181 0.0000e+00
   3642.789      87428    389.000    10.8010    10.8122   3.943757   3.945302   49.07795  -16.51490     5.9092     6.1417    385.335    35.4137    35.4184 0.0000e+00
   3644.048      87458    388.000    10.8051    10.8149   3.944048   3.945462   49.07795  -16.51490     5.9068     6.1435    384.345    35.4131    35.4178 0.0000e+00
   3645.161      87485    387.000    10.8096    10.8175   3.944524   3.945724   49.07795  -16.51490     5.9018     6.1431    383.356    35.4140    35.4184 0.0000e+00
