Data_example/SBE_Data_Processed/DY130/SeaBird/Data/Processed/DY130_012cfaldb.cnv
* Sea-Bird SBE 9 Data File:
* FileName = C:\Users\sandm\Documents\Cruises\DY130\Data\Raw Data\DY130_012.hex
* Software Version Seasave V 7.26.7.121
* Temperature SN = 03P-5494
* Conductivity SN = 04C-3768
* Number of Bytes Per Scan = 45
* Number of Voltage Words = 4
* Number of Scans Averaged by the Deck Unit = 1
* NMEA Latitude = 48 57.73 N
* NMEA Longitude = 016 27.37 W
* NMEA UTC (Time) = Apr 09 2021  08:23:20
* NMEA baud rate = 9600
** Ship: RRS Discovery
** Cruise: DY130
** Cast: DY130_012
** Station: 071
** Julian Day: 099
** Date: 09/04/2021
** Time (GMT): 08:23
** Latitude: 48 57.72 N
** Longitude: 16 27.37 W
** Depth (uncorrected m): 4808
** Principal Scientist: Sue Hart
** Operator: BP/PH
# nquan = 15
# nvalues = 409                         
# units = specified
# name 0 = timeS: Time, Elapsed [seconds]
# name 1 = scan: Scan Count
# name 2 = prDM: Pressure, Digiquartz [db]
# name 3 = t090C: Temperature [ITS-90, deg C]
# name 4 = t190C: Temperature, 2 [ITS-90, deg C]
# name 5 = c0S/m: Conductivity [S/m]
# name 6 = c1S/m: Conductivity, 2 [S/m]
# name 7 = latitude: Latitude [deg]
# name 8 = longitude: Longitude [deg]
# name 9 = sbeox0ML/L: Oxygen, SBE 43 [ml/l]
# name 10 = sbeox1ML/L: Oxygen, SBE 43, 2 [ml/l]
# name 11 = depSM: Depth [salt water, m], lat = 48.9622
# name 12 = sal00: Salinity, Practical [PSU]
# name 13 = sal11: Salinity, Practical, 2 [PSU]
# name 14 = flag: flag
# span 0 =    362.597,   3111.437       
# span 1 =       8703,      74675       
# span 2 =      1.000,    206.000       
# span 3 =    11.5298,    12.1081       
# span 4 =    11.5288,    12.1089       
# span 5 =   2.771155,   4.070396       
# span 6 =   1.967552,   4.070859       
# span 7 =   48.90511,   48.96214       
# span 8 =  -16.45623,  -16.43705       
# span 9 =     4.6924,     6.5849       
# span 10 =     4.9191,     7.0879      
# span 11 =      0.991,    204.151      
# span 12 =    23.2747,    35.5840      
# span 13 =    15.9356,    35.5874      
# span 14 = 0.0000e+00, 0.0000e+00      
# interval = decibars: 1                
# start_time = Apr 09 2021 08:23:21 [NMEA time, first data scan]
# bad_flag = -9.990e-29
*END*
[from data line 97]
    719.797      17276    100.000    11.8977    11.8978   4.051773   4.052288   48.96207  -16.45623     5.7948     5.9968     99.128    35.5606    35.5656 0.0000e+00
    721.603      17319    101.000    11.9005    11.8971   4.052119   4.052178   48.96209  -16.45622     5.7871     6.0008    100.119    35.5609    35.5648 0.0000e+00
    726.626      17440    102.000    11.8937    11.8944   4.051676   4.052088   48.96209  -16.45622     5.7874     5.9918    101.110    35.5626    35.5660 0.0000e+00
    728.036      17474    103.000    11.8784    11.8742   4.050311   4.050570   48.96208  -16.45622     5.7910     5.9938    102.101    35.5634    35.5700 0.0000e+00
    730.016      17521    104.000    11.8690    11.8484   4.048618   4.047275   48.96207  -16.45622     5.8012     6.0080    103.092    35.5553    35.5618 0.0000e+00
    758.130      18196    105.000    11.8323    11.8413   4.044598   4.046791   48.96207  -16.45623     5.8208     6.0187    104.083    35.5505    35.5634 0.0000e+00
    863.458      20724    106.000    11.8856    11.8870   4.051069   4.051707   48.96209  -16.45623     5.7932     5.9979    105.074    35.5626    35.5675 0.0000e+00
    864.129      20740    107.000    11.8567    11.8533   4.048425   4.048762   48.96209  -16.45623     5.7993     6.0080    106.065    35.5638    35.5704 0.0000e+00
    865.373      20770    108.000    11.8253    11.8190   4.044862   4.044635   48.96208  -16.45622     5.8114     6.0238    107.056    35.5585    35.5623 0.0000e+00
    866.471      20796    109.000    11.8042    11.8002   4.041959   4.041845   48.96207  -16.45622     5.8281     6.0415    108.047    35.5497    35.5524 0.0000e+00
    867.608      20824    110.000    11.7976    11.7929   4.040551   4.040522   48.96207  -16.45621     5.8428     6.0556    109.038    35.5417    35.5459 0.0000e+00
    869.014      20857    111.000    11.8051    11.7900   4.041072   4.040082   48.96207  -16.45621     5.8506     6.0617    110.029    35.5393    35.5439 0.0000e+00
    870.721      20898    112.000    11.7977    11.7821   4.041132   4.039435   48.96208  -16.45621     5.8462     6.0621    111.020    35.5464    35.5447 0.0000e+00
    872.095      20931    113.000    11.7753    11.7658   4.038764   4.037925   48.96209  -16.45621     5.8532     6.0689    112.011    35.5441    35.5450 0.0000e+00
    873.100      20955    114.000    11.7592    11.7528   4.036837   4.036305   48.96209  -16.45621     5.8675     6.0814    113.002    35.5402    35.5410 0.0000e+00
    873.957      20976    115.000    11.7484    11.7455   4.035398   4.035257   48.96209  -16.45621     5.8824     6.0948    113.993    35.5359    35.5373 0.0000e+00
    874.768      20995    116.000    11.7423    11.7411   4.034459   4.034610   48.96209  -16.45621     5.8963     6.1072    114.984    35.5321    35.5347 0.0000e+00
    875.594      21015    117.000    11.7378    11.7382   4.033890   4.034218   48.96209  -16.45621     5.9063     6.1179    115.975    35.5303    35.5331 0.0000e+00
    876.475      21036    118.000    11.7332    11.7348   4.033340   4.033892   48.96209  -16.45622     5.9104     6.1236    116.966    35.5288    35.5327 0.0000e+00
    877.402      21059    119.000    11.7295    11.7312   4.032848   4.033462   48.96209  -16.45622     5.9113     6.1259    117.957    35.5271    35.5315 0.0000e+00
    878.314      21081    120.000    11.7274    11.7290   4.032533   4.033133   48.96209  -16.45623     5.9136     6.1256    118.948    35.5255    35.5300 0.0000e+00
    879.166      21101    121.000    11.7275    11.7289   4.032482   4.033035   48.96209  -16.45623     5.9151     6.1221    119.939    35.5245    35.5286 0.0000e+00
    879.962      21120    122.000    11.7293    11.7316   4.032631   4.033216   48.96209  -16.45623     5.9140     6.1162    120.930    35.5238    35.5273 0.0000e+00
    880.733      21139    123.000    11.7340    11.7374   4.033051   4.033774   48.96209  -16.45623     5.9092     6.1086    121.921    35.5230    35.5269 0.0000e+00
    881.517      21157    124.000    11.7423    11.7469   4.033919   4.034760   48.96209  -16.45623     5.8998     6.0979    122.912    35.5231    35.5270 0.0000e+00
    882.356      21178    125.000    11.7540    11.7570   4.035379   4.036292   48.96209  -16.45623     5.8830     6.0809    123.903    35.5259    35.5320 0.0000e+00
    883.294      21200    126.000    11.7617    11.7626   4.036838   4.037408   48.96209  -16.45623     5.8581     6.0596    124.894    35.5325    35.5371 0.0000e+00
    884.349      21225    127.000    11.7651    11.7656   4.037553   4.037998   48.96209  -16.45623     5.8380     6.0451    125.884    35.5358    35.5397 0.0000e+00
    885.474      21252    128.000    11.7663    11.7669   4.037846   4.038283   48.96209  -16.45623     5.8322     6.0418    126.875    35.5371    35.5407 0.0000e+00
    886.604      21279    129.000    11.7672    11.7689   4.037978   4.038508   48.96208  -16.45623     5.8357     6.0417    127.866    35.5370    35.5406 0.0000e+00
    887.734      21307    130.000    11.7696    11.7728   4.038237   4.038953   48.96207  -16.45623     5.8364     6.0399    128.857    35.5368    35.5409 0.0000e+00
    888.873      21334    131.000    11.7736    11.7769   4.038728   4.039591   48.96207  -16.45623     5.8298     6.0339    129.848    35.5374    35.5427 0.0000e+00
    889.988      21361    132.000    11.7756    11.7767   4.039253   4.039910   48.96207  -16.45623     5.8214     6.0250    130.839    35.5402    35.5456 0.0000e+00
    891.010      21385    133.000    11.7723    11.7722   4.039207   4.039672   48.96207  -16.45623     5.8142     6.0187    131.830    35.5425    35.5471 0.0000e+00
    891.912      21407    134.000    11.7663    11.7651   4.038719   4.039084   48.96207  -16.45623     5.8094     6.0154    132.821    35.5430    35.5476 0.0000e+00
    892.716      21426    135.000    11.7593    11.7571   4.038080   4.038325   48.96208  -16.45623     5.8058     6.0132    133.812    35.5429    35.5474 0.0000e+00
    893.465      21444    136.000    11.7514    11.7494   4.037306   4.037495   48.96208  -16.45623     5.8042     6.0107    134.802    35.5424    35.5462 0.0000e+00
    894.195      21462    137.000    11.7441    11.7426   4.036483   4.036707   48.96208  -16.45623     5.8040     6.0081    135.793    35.5409    35.5445 0.0000e+00
    894.946      21480    138.000    11.7386    11.7380   4.035740   4.036038   48.96207  -16.45623     5.8033     6.0077    136.784    35.5384    35.5418 0.0000e+00
    895.752      21499    139.000    11.7355    11.7355   4.035272   4.035652   48.96207  -16.45623     5.8026     6.0094    137.775    35.5363    35.5400 0.0000e+00
    896.640      21520    140.000    11.7337    11.7338   4.035031   4.035441   48.96207  -16.45623     5.8025     6.0088    138.766    35.5352    35.5392 0.0000e+00
    897.614      21544    141.000    11.7322    11.7320   4.034887   4.035279   48.96207  -16.45623     5.8018     6.0053    139.757    35.5348    35.5388 0.0000e+00
    898.632      21568    142.000    11.7298    11.7291   4.034705   4.035056   48.96207  -16.45623     5.8001     6.0029    140.748    35.5349    35.5389 0.0000e+00
    899.657      21593    143.000    11.7266    11.7253   4.034392   4.034689   48.96207  -16.45623     5.7986     6.0000    141.738    35.5343    35.5385 0.0000e+00
    900.720      21618    144.000    11.7253    11.7220   4.034153   4.034306   48.96207  -16.45623     5.7955     5.9959    142.729    35.5328    35.5375 0.0000e+00
    902.062      21650    145.000    11.7255    11.7193   4.034207   4.033980   48.96208  -16.45623     5.7922     5.9912    143.720    35.5327    35.5364 0.0000e+00
    903.932      21695    146.000    11.7238    11.7182   4.034124   4.033811   48.96209  -16.45623     5.7922     5.9880    144.711    35.5330    35.5354 0.0000e+00
    905.971      21744    147.000    11.7166    11.7166   4.033449   4.033751   48.96209  -16.45623     5.7856     5.9910    145.702    35.5329    35.5359 0.0000e+00
    907.865      21790    148.000    11.7111    11.7120   4.032814   4.033318   48.96209  -16.45623     5.7861     5.9919    146.693    35.5315    35.5355 0.0000e+00
    909.605      21832    149.000    11.7056    11.7068   4.032271   4.032811   48.96209  -16.45623     5.7868     5.9895    147.683    35.5309    35.5351 0.0000e+00
    910.984      21865    150.000    11.7014    11.7020   4.031770   4.032283   48.96210  -16.45623     5.7828     5.9895    148.674    35.5296    35.5340 0.0000e+00
    912.132      21892    151.000    11.6993    11.6997   4.031530   4.031987   48.96210  -16.45623     5.7785     5.9881    149.665    35.5287    35.5329 0.0000e+00
    913.251      21919    152.000    11.6982    11.6982   4.031416   4.031842   48.96211  -16.45623     5.7802     5.9892    150.656    35.5283    35.5324 0.0000e+00
    914.533      21950    153.000    11.6970    11.6964   4.031313   4.031676   48.96210  -16.45623     5.7858     5.9907    151.647    35.5279    35.5320 0.0000e+00
    916.218      21990    154.000    11.6952    11.6928   4.031204   4.031403   48.96210  -16.45623     5.7889     5.9898    152.637    35.5281    35.5324 0.0000e+00
    918.243      22039    155.000    11.6870    11.6844   4.030483   4.030574   48.96209  -16.45623     5.7870     5.9925    153.628    35.5285    35.5318 0.0000e+00
    920.185      22085    156.000    11.6787    11.6785   4.029545   4.029906   48.96209  -16.45623     5.7899     5.9935    154.619    35.5267    35.5305 0.0000e+00
    921.963      22128    157.000    11.6740    11.6740   4.029053   4.029487   48.96209  -16.45623     5.7896     5.9975    155.610    35.5260    35.5302 0.0000e+00
    923.591      22167    158.000    11.6691    11.6687   4.028632   4.029013   48.96209  -16.45623     5.7964     6.0106    156.600    35.5260    35.5302 0.0000e+00
    925.176      22205    159.000    11.6632    11.6618   4.028081   4.028383   48.96209  -16.45623     5.8143     6.0241    157.591    35.5257    35.5301 0.0000e+00
    926.733      22243    160.000    11.6514    11.6491   4.027009   4.027183   48.96209  -16.45623     5.8210     6.0286    158.582    35.5261    35.5300 0.0000e+00
    928.129      22276    161.000    11.6363    11.6353   4.025404   4.025706   48.96209  -16.45623     5.8207     6.0292    159.573    35.5243    35.5282 0.0000e+00
    929.334      22305    162.000    11.6211    11.6191   4.023804   4.024079   48.96209  -16.45623     5.8194     6.0280    160.563    35.5226    35.5273 0.0000e+00
    930.465      22332    163.000    11.6102    11.6059   4.022352   4.022409   48.96209  -16.45623     5.8199     6.0253    161.554    35.5183    35.5229 0.0000e+00
    931.720      22362    164.000    11.6102    11.5978   4.021845   4.021236   48.96209  -16.45623     5.8223     6.0212    162.545    35.5128    35.5187 0.0000e+00
    933.591      22407    165.000    11.6167    11.5945   4.022822   4.020655   48.96209  -16.45623     5.8259     6.0224    163.536    35.5158    35.5157 0.0000e+00
    935.945      22464    166.000    11.5975    11.5961   4.021162   4.020825   48.96209  -16.45623     5.8200     6.0252    164.526    35.5174    35.5154 0.0000e+00
    937.621      22504    167.000    11.5856    11.5880   4.019523   4.020228   48.96209  -16.45623     5.8100     6.0203    165.517    35.5122    35.5168 0.0000e+00
    939.112      22540    168.000    11.5829    11.5838   4.019135   4.019666   48.96209  -16.45622     5.8060     6.0136    166.508    35.5105    35.5148 0.0000e+00
    940.825      22581    169.000    11.5829    11.5834   4.019148   4.019587   48.96209  -16.45621     5.8067     6.0094    167.498    35.5101    35.5140 0.0000e+00
    942.700      22626    170.000    11.5839    11.5850   4.019310   4.019813   48.96210  -16.45621     5.8030     6.0059    168.489    35.5104    35.5143 0.0000e+00
    944.264      22663    171.000    11.5855    11.5868   4.019587   4.020119   48.96211  -16.45622     5.7949     6.0002    169.480    35.5111    35.5151 0.0000e+00
    945.529      22694    172.000    11.5883    11.5898   4.019956   4.020519   48.96211  -16.45623     5.7905     5.9962    170.471    35.5116    35.5157 0.0000e+00
    946.700      22722    173.000    11.5909    11.5923   4.020384   4.020938   48.96211  -16.45623     5.7896     5.9930    171.461    35.5128    35.5170 0.0000e+00
    947.942      22752    174.000    11.5929    11.5942   4.020735   4.021247   48.96210  -16.45623     5.7912     5.9898    172.452    35.5140    35.5178 0.0000e+00
    949.514      22789    175.000    11.5917    11.5963   4.020735   4.021585   48.96209  -16.45623     5.7936     5.9897    173.443    35.5147    35.5187 0.0000e+00
    951.887      22846    176.000    11.5919    11.5963   4.020693   4.021735   48.96209  -16.45623     5.7948     5.9915    174.433    35.5136    35.5197 0.0000e+00
    954.094      22899    177.000    11.5918    11.5913   4.021028   4.021419   48.96209  -16.45623     5.7947     5.9982    175.424    35.5166    35.5209 0.0000e+00
    955.533      22934    178.000    11.5824    11.5822   4.020311   4.020679   48.96210  -16.45623     5.8058     6.0123    176.415    35.5181    35.5219 0.0000e+00
    956.743      22963    179.000    11.5752    11.5751   4.019483   4.019887   48.96211  -16.45623     5.8289     6.0340    177.405    35.5164    35.5204 0.0000e+00
    957.963      22992    180.000    11.5718    11.5714   4.019005   4.019390   48.96211  -16.45623     5.8512     6.0560    178.396    35.5144    35.5186 0.0000e+00
    959.383      23026    181.000    11.5737    11.5713   4.019094   4.019324   48.96211  -16.45623     5.8592     6.0707    179.387    35.5131    35.5177 0.0000e+00
    961.024      23066    182.000    11.5736    11.5731   4.019287   4.019559   48.96211  -16.45623     5.8452     6.0699    180.377    35.5147    35.5178 0.0000e+00
    962.508      23101    183.000    11.5739    11.5745   4.019343   4.019818   48.96209  -16.45623     5.8424     6.0598    181.368    35.5145    35.5186 0.0000e+00
    963.761      23131    184.000    11.5759    11.5768   4.019557   4.020043   48.96208  -16.45623     5.8464     6.0545    182.359    35.5142    35.5182 0.0000e+00
    965.031      23162    185.000    11.5788    11.5811   4.020027   4.020620   48.96207  -16.45623     5.8503     6.0521    183.349    35.5156    35.5193 0.0000e+00
    966.913      23207    186.000    11.5777    11.5832   4.019987   4.021016   48.96208  -16.45623     5.8500     6.0494    184.340    35.5159    35.5207 0.0000e+00
    969.594      23271    187.000    11.5810    11.5826   4.020324   4.021056   48.96209  -16.45623     5.8433     6.0481    185.330    35.5156    35.5213 0.0000e+00
    971.154      23309    188.000    11.5835    11.5840   4.020775   4.021195   48.96209  -16.45622     5.8372     6.0459    186.321    35.5172    35.5209 0.0000e+00
    972.309      23336    189.000    11.5839    11.5838   4.020955   4.021389   48.96209  -16.45622     5.8359     6.0494    187.312    35.5182    35.5224 0.0000e+00
    973.464      23364    190.000    11.5825    11.5811   4.020900   4.021234   48.96209  -16.45621     5.8429     6.0580    188.302    35.5185    35.5231 0.0000e+00
    974.934      23399    191.000    11.5823    11.5782   4.020863   4.020902   48.96209  -16.45621     5.8500     6.0701    189.293    35.5179    35.5221 0.0000e+00
    976.910      23447    192.000    11.5782    11.5739   4.020613   4.020524   48.96209  -16.45622     5.8552     6.0805    190.284    35.5188    35.5221 0.0000e+00
    978.834      23493    193.000    11.5666    11.5621   4.019501   4.019409   48.96210  -16.45623     5.8729     6.0903    191.274    35.5186    35.5220 0.0000e+00
    980.338      23529    194.000    11.5554    11.5502   4.018228   4.018040   48.96211  -16.45622     5.8899     6.1019    192.265    35.5162    35.5194 0.0000e+00
