Data_example/SBE_Data_Processed/DY130/SeaBird/Data/Processed/DY130_010cfaldb.cnv
* Sea-Bird SBE 9 Data File:
* FileName = C:\Users\sandm\Documents\Cruises\DY130\Data\Raw Data\DY130_010.hex
* Software Version Seasave V 7.26.7.121
* Temperature SN = 03P-5494
* Conductivity SN = 04C-3768
* Number of Bytes Per Scan = 45
* Number of Voltage Words = 4
* Number of Scans Averaged by the Deck Unit = 1
* NMEA Latitude = 48 59.99 N
* NMEA Longitude = 016 30.02 W
* NMEA UTC (Time) = Apr 07 2021  06:50:11
* NMEA baud rate = 9600
** Ship: RRS Discovery
** Cruise: DY130
** Cast: DY130_010
** Station: 065
** Julian Day: 097
** Date: 07/04/2021
** Time (GMT):
** Latitude: 48 59.99 N
** Longitude: 16 30.01 W
** Depth (uncorrected m): 4809
** Principal Scientist: Sue Hart
** Operator: BP/PH
# nquan = 15
# nvalues = 9701                        
# units = specified
# name 0 = timeS: Time, Elapsed [seconds]
# name 1 = scan: Scan Count
# name 2 = prDM: Pressure, Digiquartz [db]
# name 3 = t090C: Temperature [ITS-90, deg C]
# name 4 = t190C: Temperature, 2 [ITS-90, deg C]
# name 5 = c0S/m: Conductivity [S/m]
# name 6 = c1S/m: Conductivity, 2 [S/m]
# name 7 = latitude: Latitude [deg]
# name 8 = longitude: Longitude [deg]
# name 9 = sbeox0ML/L: Oxygen, SBE 43 [ml/l]
# name 10 = sbeox1ML/L: Oxygen, SBE 43, 2 [ml/l]
# name 11 = depSM: Depth [salt water, m], lat = 48.9998
# name 12 = sal00: Salinity, Practical [PSU]
# name 13 = sal11: Salinity, Practical, 2 [PSU]
# name 14 = flag: flag
# span 0 =    296.724,  17436.771       
# span 1 =       7122,     418484       
# span 2 =      2.000,   4852.000       
# span 3 =     2.5309,    11.5626       
# span 4 =     2.5336,    11.5651       
# span 5 =   3.256235,   4.022286       
# span 6 =   3.066617,   4.010884       
# span 7 =   48.99979,   48.99988       
# span 8 =  -16.50029,  -16.50014       
# span 9 =     4.4309,     6.7322       
# span 10 =     4.5949,     6.9793      
# span 11 =      1.983,   4756.800      
# span 12 =    28.2351,    35.6553      
# span 13 =    26.5208,    35.5335      
# span 14 = 0.0000e+00, 0.0000e+00      
# interval = decibars: 1                
# start_time = Apr 07 2021 06:50:12 [NMEA time, first data scan]
# bad_flag = -9.990e-29
*END*
[from data line 3856]
   4300.786     103220   3858.000     2.5573     2.5594   3.276117   3.276491   48.99986  -16.50027     5.4864     5.7528   3790.783    34.9092    34.9115 0.0000e+00
   4301.596     103239   3859.000     2.5573     2.5594   3.276157   3.276528   48.99986  -16.50027     5.4861     5.7518   3791.757    34.9093    34.9115 0.0000e+00
   4302.421     103259   3860.000     2.5574     2.5594   3.276194   3.276561   48.99986  -16.50027     5.4858     5.7477   3792.731    34.9092    34.9115 0.0000e+00
   4303.323     103281   3861.000     2.5574     2.5594   3.276230   3.276592   48.99986  -16.50027     5.4883     5.7475   3793.705    34.9092    34.9114 0.0000e+00
   4304.448     103308   3862.000     2.5575     2.5595   3.276270   3.276622   48.99986  -16.50027     5.4891     5.7533   3794.679    34.9091    34.9113 0.0000e+00
   4305.903     103343   3863.000     2.5577     2.5595   3.276321   3.276659   48.99986  -16.50027     5.4902     5.7577   3795.653    34.9092    34.9113 0.0000e+00
   4307.258     103375   3864.000     2.5576     2.5595   3.276352   3.276707   48.99986  -16.50027     5.4897     5.7584   3796.627    34.9092    34.9114 0.0000e+00
   4308.318     103401   3865.000     2.5576     2.5595   3.276386   3.276748   48.99986  -16.50027     5.4863     5.7567   3797.601    34.9092    34.9115 0.0000e+00
   4309.259     103423   3866.000     2.5576     2.5596   3.276422   3.276786   48.99986  -16.50027     5.4853     5.7547   3798.575    34.9092    34.9114 0.0000e+00
   4310.165     103445   3867.000     2.5576     2.5597   3.276458   3.276827   48.99986  -16.50027     5.4870     5.7524   3799.549    34.9092    34.9114 0.0000e+00
   4311.057     103466   3868.000     2.5577     2.5597   3.276497   3.276866   48.99986  -16.50027     5.4874     5.7498   3800.523    34.9091    34.9114 0.0000e+00
   4311.924     103487   3869.000     2.5577     2.5598   3.276535   3.276908   48.99986  -16.50027     5.4865     5.7478   3801.497    34.9092    34.9114 0.0000e+00
   4312.755     103507   3870.000     2.5577     2.5597   3.276569   3.276943   48.99986  -16.50027     5.4866     5.7476   3802.471    34.9092    34.9115 0.0000e+00
   4313.555     103526   3871.000     2.5575     2.5596   3.276591   3.276965   48.99986  -16.50027     5.4872     5.7497   3803.445    34.9092    34.9115 0.0000e+00
   4314.339     103545   3872.000     2.5574     2.5594   3.276607   3.276978   48.99986  -16.50027     5.4879     5.7529   3804.418    34.9091    34.9115 0.0000e+00
   4315.133     103564   3873.000     2.5574     2.5593   3.276635   3.276999   48.99986  -16.50027     5.4870     5.7547   3805.392    34.9090    34.9114 0.0000e+00
   4315.957     103584   3874.000     2.5573     2.5593   3.276671   3.277030   48.99986  -16.50027     5.4855     5.7547   3806.366    34.9091    34.9113 0.0000e+00
   4316.819     103605   3875.000     2.5572     2.5592   3.276699   3.277057   48.99986  -16.50027     5.4854     5.7560   3807.340    34.9091    34.9114 0.0000e+00
   4317.704     103626   3876.000     2.5571     2.5591   3.276723   3.277085   48.99986  -16.50027     5.4866     5.7544   3808.314    34.9091    34.9113 0.0000e+00
   4318.594     103647   3877.000     2.5571     2.5591   3.276752   3.277120   48.99986  -16.50027     5.4870     5.7485   3809.288    34.9091    34.9113 0.0000e+00
   4319.491     103669   3878.000     2.5571     2.5591   3.276784   3.277150   48.99986  -16.50027     5.4873     5.7464   3810.262    34.9091    34.9113 0.0000e+00
   4320.421     103691   3879.000     2.5569     2.5589   3.276805   3.277169   48.99986  -16.50027     5.4892     5.7460   3811.236    34.9091    34.9114 0.0000e+00
   4321.431     103715   3880.000     2.5566     2.5586   3.276816   3.277181   48.99986  -16.50027     5.4886     5.7487   3812.210    34.9091    34.9113 0.0000e+00
   4322.566     103743   3881.000     2.5564     2.5585   3.276829   3.277193   48.99986  -16.50027     5.4884     5.7536   3813.183    34.9090    34.9112 0.0000e+00
   4323.775     103772   3882.000     2.5562     2.5583   3.276842   3.277208   48.99986  -16.50027     5.4850     5.7568   3814.157    34.9090    34.9112 0.0000e+00
   4324.919     103799   3883.000     2.5562     2.5582   3.276864   3.277234   48.99987  -16.50027     5.4844     5.7571   3815.131    34.9088    34.9111 0.0000e+00
   4325.943     103824   3884.000     2.5561     2.5582   3.276895   3.277267   48.99987  -16.50027     5.4839     5.7545   3816.105    34.9089    34.9111 0.0000e+00
   4326.883     103846   3885.000     2.5560     2.5581   3.276922   3.277296   48.99987  -16.50027     5.4838     5.7503   3817.079    34.9089    34.9111 0.0000e+00
   4327.765     103867   3886.000     2.5560     2.5582   3.276951   3.277328   48.99987  -16.50027     5.4862     5.7497   3818.053    34.9088    34.9110 0.0000e+00
   4328.599     103887   3887.000     2.5560     2.5581   3.276985   3.277361   48.99986  -16.50027     5.4872     5.7486   3819.027    34.9088    34.9111 0.0000e+00
   4329.402     103907   3888.000     2.5560     2.5580   3.277019   3.277389   48.99986  -16.50027     5.4872     5.7450   3820.000    34.9088    34.9111 0.0000e+00
   4330.192     103926   3889.000     2.5559     2.5580   3.277049   3.277420   48.99986  -16.50027     5.4851     5.7461   3820.974    34.9088    34.9111 0.0000e+00
   4330.989     103945   3890.000     2.5558     2.5579   3.277074   3.277448   48.99986  -16.50027     5.4852     5.7501   3821.948    34.9088    34.9111 0.0000e+00
   4331.809     103964   3891.000     2.5558     2.5579   3.277101   3.277478   48.99986  -16.50027     5.4865     5.7534   3822.922    34.9087    34.9110 0.0000e+00
   4332.662     103985   3892.000     2.5559     2.5580   3.277137   3.277516   48.99985  -16.50027     5.4852     5.7550   3823.896    34.9087    34.9110 0.0000e+00
   4333.544     104006   3893.000     2.5560     2.5580   3.277183   3.277553   48.99985  -16.50027     5.4835     5.7546   3824.870    34.9087    34.9110 0.0000e+00
   4334.440     104028   3894.000     2.5560     2.5580   3.277224   3.277589   48.99984  -16.50027     5.4843     5.7526   3825.843    34.9088    34.9110 0.0000e+00
   4335.346     104049   3895.000     2.5558     2.5579   3.277250   3.277615   48.99984  -16.50027     5.4857     5.7526   3826.817    34.9088    34.9110 0.0000e+00
   4336.279     104072   3896.000     2.5557     2.5578   3.277268   3.277638   48.99985  -16.50027     5.4866     5.7508   3827.791    34.9088    34.9110 0.0000e+00
   4337.272     104096   3897.000     2.5556     2.5577   3.277292   3.277668   48.99985  -16.50027     5.4879     5.7477   3828.765    34.9087    34.9110 0.0000e+00
   4338.384     104122   3898.000     2.5555     2.5577   3.277318   3.277695   48.99986  -16.50027     5.4882     5.7489   3829.739    34.9087    34.9109 0.0000e+00
   4339.681     104153   3899.000     2.5555     2.5577   3.277345   3.277720   48.99986  -16.50027     5.4889     5.7495   3830.712    34.9086    34.9108 0.0000e+00
   4341.075     104187   3900.000     2.5555     2.5576   3.277381   3.277747   48.99986  -16.50027     5.4866     5.7527   3831.686    34.9086    34.9108 0.0000e+00
   4342.267     104215   3901.000     2.5557     2.5576   3.277425   3.277788   48.99986  -16.50027     5.4835     5.7547   3832.660    34.9086    34.9109 0.0000e+00
   4343.209     104238   3902.000     2.5556     2.5574   3.277456   3.277815   48.99986  -16.50027     5.4817     5.7560   3833.634    34.9087    34.9110 0.0000e+00
   4344.012     104257   3903.000     2.5554     2.5573   3.277476   3.277835   48.99986  -16.50027     5.4811     5.7555   3834.607    34.9087    34.9109 0.0000e+00
   4344.754     104275   3904.000     2.5552     2.5572   3.277496   3.277857   48.99986  -16.50027     5.4824     5.7536   3835.581    34.9086    34.9109 0.0000e+00
   4345.476     104292   3905.000     2.5551     2.5572   3.277520   3.277886   48.99986  -16.50027     5.4833     5.7502   3836.555    34.9087    34.9109 0.0000e+00
   4346.209     104310   3906.000     2.5550     2.5570   3.277544   3.277911   48.99986  -16.50027     5.4835     5.7461   3837.529    34.9087    34.9109 0.0000e+00
   4346.966     104328   3907.000     2.5549     2.5569   3.277565   3.277934   48.99986  -16.50027     5.4817     5.7432   3838.503    34.9086    34.9108 0.0000e+00
   4347.752     104347   3908.000     2.5548     2.5569   3.277590   3.277958   48.99986  -16.50027     5.4795     5.7434   3839.476    34.9086    34.9108 0.0000e+00
   4348.564     104367   3909.000     2.5547     2.5568   3.277615   3.277985   48.99986  -16.50027     5.4812     5.7459   3840.450    34.9086    34.9107 0.0000e+00
   4349.398     104387   3910.000     2.5545     2.5567   3.277636   3.278013   48.99986  -16.50027     5.4821     5.7487   3841.424    34.9086    34.9108 0.0000e+00
   4350.265     104407   3911.000     2.5541     2.5564   3.277641   3.278029   48.99986  -16.50027     5.4829     5.7490   3842.398    34.9087    34.9109 0.0000e+00
   4351.183     104429   3912.000     2.5536     2.5558   3.277626   3.278020   48.99986  -16.50027     5.4842     5.7477   3843.371    34.9085    34.9109 0.0000e+00
   4352.175     104453   3913.000     2.5534     2.5555   3.277627   3.278010   48.99986  -16.50027     5.4841     5.7439   3844.345    34.9084    34.9107 0.0000e+00
   4353.257     104479   3914.000     2.5531     2.5553   3.277636   3.278020   48.99986  -16.50027     5.4842     5.7411   3845.319    34.9084    34.9106 0.0000e+00
   4354.427     104507   3915.000     2.5529     2.5552   3.277651   3.278041   48.99986  -16.50027     5.4849     5.7444   3846.292    34.9083    34.9106 0.0000e+00
   4355.659     104537   3916.000     2.5529     2.5551   3.277677   3.278065   48.99986  -16.50027     5.4826     5.7486   3847.266    34.9082    34.9106 0.0000e+00
   4356.898     104567   3917.000     2.5529     2.5549   3.277708   3.278087   48.99986  -16.50027     5.4850     5.7504   3848.240    34.9082    34.9106 0.0000e+00
   4358.055     104594   3918.000     2.5528     2.5548   3.277740   3.278107   48.99986  -16.50027     5.4830     5.7536   3849.214    34.9083    34.9106 0.0000e+00
   4359.071     104619   3919.000     2.5526     2.5545   3.277762   3.278121   48.99986  -16.50027     5.4829     5.7548   3850.187    34.9083    34.9106 0.0000e+00
   4359.958     104640   3920.000     2.5524     2.5543   3.277775   3.278132   48.99986  -16.50027     5.4831     5.7548   3851.161    34.9083    34.9106 0.0000e+00
   4360.762     104659   3921.000     2.5522     2.5541   3.277791   3.278146   48.99986  -16.50027     5.4828     5.7529   3852.135    34.9082    34.9105 0.0000e+00
   4361.521     104678   3922.000     2.5521     2.5540   3.277811   3.278168   48.99986  -16.50027     5.4826     5.7485   3853.108    34.9082    34.9104 0.0000e+00
   4362.267     104695   3923.000     2.5519     2.5539   3.277831   3.278194   48.99986  -16.50027     5.4825     5.7437   3854.082    34.9082    34.9104 0.0000e+00
   4363.021     104714   3924.000     2.5518     2.5538   3.277850   3.278216   48.99986  -16.50027     5.4821     5.7400   3855.056    34.9082    34.9104 0.0000e+00
   4363.796     104732   3925.000     2.5516     2.5536   3.277867   3.278233   48.99986  -16.50028     5.4798     5.7389   3856.029    34.9081    34.9104 0.0000e+00
   4364.600     104751   3926.000     2.5514     2.5535   3.277884   3.278252   48.99986  -16.50028     5.4768     5.7416   3857.003    34.9081    34.9104 0.0000e+00
   4365.433     104771   3927.000     2.5513     2.5533   3.277902   3.278271   48.99986  -16.50028     5.4787     5.7428   3857.977    34.9081    34.9103 0.0000e+00
   4366.290     104792   3928.000     2.5511     2.5531   3.277921   3.278287   48.99986  -16.50029     5.4812     5.7430   3858.950    34.9080    34.9103 0.0000e+00
   4367.157     104813   3929.000     2.5509     2.5530   3.277940   3.278308   48.99986  -16.50029     5.4794     5.7434   3859.924    34.9080    34.9103 0.0000e+00
   4368.041     104834   3930.000     2.5507     2.5528   3.277956   3.278326   48.99986  -16.50028     5.4780     5.7410   3860.898    34.9081    34.9103 0.0000e+00
   4368.978     104856   3931.000     2.5505     2.5525   3.277968   3.278336   48.99986  -16.50028     5.4792     5.7390   3861.871    34.9080    34.9103 0.0000e+00
   4370.041     104882   3932.000     2.5503     2.5524   3.277980   3.278347   48.99986  -16.50027     5.4814     5.7395   3862.845    34.9080    34.9101 0.0000e+00
   4371.288     104912   3933.000     2.5501     2.5522   3.277998   3.278364   48.99986  -16.50027     5.4830     5.7442   3863.819    34.9079    34.9101 0.0000e+00
   4372.575     104943   3934.000     2.5500     2.5521   3.278021   3.278388   48.99986  -16.50027     5.4815     5.7461   3864.792    34.9079    34.9101 0.0000e+00
   4373.694     104970   3935.000     2.5500     2.5521   3.278049   3.278418   48.99987  -16.50027     5.4800     5.7476   3865.766    34.9078    34.9100 0.0000e+00
   4374.670     104993   3936.000     2.5499     2.5522   3.278080   3.278457   48.99987  -16.50027     5.4808     5.7461   3866.740    34.9079    34.9100 0.0000e+00
   4375.577     105015   3937.000     2.5499     2.5521   3.278108   3.278490   48.99986  -16.50027     5.4825     5.7471   3867.713    34.9078    34.9101 0.0000e+00
   4376.456     105036   3938.000     2.5498     2.5520   3.278136   3.278517   48.99986  -16.50027     5.4823     5.7477   3868.687    34.9078    34.9101 0.0000e+00
   4377.324     105057   3939.000     2.5498     2.5519   3.278163   3.278540   48.99986  -16.50027     5.4831     5.7468   3869.660    34.9078    34.9101 0.0000e+00
   4378.185     105077   3940.000     2.5496     2.5517   3.278187   3.278560   48.99986  -16.50027     5.4836     5.7454   3870.634    34.9078    34.9101 0.0000e+00
   4379.031     105098   3941.000     2.5495     2.5516   3.278206   3.278579   48.99986  -16.50027     5.4818     5.7431   3871.608    34.9078    34.9100 0.0000e+00
   4379.857     105118   3942.000     2.5493     2.5515   3.278223   3.278601   48.99986  -16.50027     5.4806     5.7428   3872.581    34.9077    34.9099 0.0000e+00
   4380.671     105137   3943.000     2.5491     2.5514   3.278240   3.278628   48.99986  -16.50027     5.4812     5.7447   3873.555    34.9077    34.9099 0.0000e+00
   4381.490     105157   3944.000     2.5490     2.5513   3.278259   3.278655   48.99986  -16.50027     5.4805     5.7461   3874.529    34.9076    34.9100 0.0000e+00
   4382.339     105177   3945.000     2.5490     2.5511   3.278288   3.278671   48.99986  -16.50027     5.4789     5.7469   3875.502    34.9076    34.9099 0.0000e+00
   4383.243     105199   3946.000     2.5490     2.5511   3.278321   3.278694   48.99986  -16.50027     5.4810     5.7477   3876.476    34.9076    34.9098 0.0000e+00
   4384.216     105222   3947.000     2.5490     2.5511   3.278356   3.278726   48.99986  -16.50027     5.4810     5.7456   3877.449    34.9076    34.9098 0.0000e+00
   4385.239     105247   3948.000     2.5490     2.5512   3.278393   3.278764   48.99986  -16.50027     5.4794     5.7395   3878.423    34.9076    34.9097 0.0000e+00
   4386.284     105272   3949.000     2.5490     2.5512   3.278428   3.278800   48.99986  -16.50027     5.4792     5.7363   3879.396    34.9076    34.9097 0.0000e+00
   4387.325     105297   3950.000     2.5490     2.5511   3.278460   3.278833   48.99986  -16.50027     5.4793     5.7367   3880.370    34.9076    34.9098 0.0000e+00
   4388.336     105321   3951.000     2.5489     2.5510   3.278484   3.278864   48.99986  -16.50027     5.4779     5.7415   3881.344    34.9076    34.9098 0.0000e+00
   4389.308     105344   3952.000     2.5487     2.5509   3.278502   3.278888   48.99986  -16.50027     5.4781     5.7453   3882.317    34.9076    34.9098 0.0000e+00
