Data_example/SBE_Data_Processed/DY130/SeaBird/Data/Processed/DY130_003cfaldb.cnv
* Sea-Bird SBE 9 Data File:
* FileName = C:\Users\sandm\Documents\Cruises\DY130\Data\Raw Data\DY130_003.hex
* Software Version Seasave V 7.26.7.121
* Temperature SN = 03P-5494
* Conductivity SN = 04C-3768
* Number of Bytes Per Scan = 45
* Number of Voltage Words = 4
* Number of Scans Averaged by the Deck Unit = 1
* NMEA Latitude = 48 56.15 N
* NMEA Longitude = 016 26.53 W
* NMEA UTC (Time) = Mar 31 2021  06:44:02
* NMEA baud rate = 9600
** Ship: RRS Discovery
** Cruise: DY130
** Cast: DY130_003
** Station: 021
** Julian Day: 090
** Date: 31st March 2021
** Time (GMT): 06:43
** Latitude: 48 56.14 N
** Longitude: 16 26.52 W
** Depth (uncorrected m): 4834
** Principal Scientist: Sue Hart
** Operator: BP/PH
# nquan = 15
# nvalues = 9708                        
# units = specified
# name 0 = timeS: Time, Elapsed [seconds]
# name 1 = scan: Scan Count
# name 2 = prDM: Pressure, Digiquartz [db]
# name 3 = t090C: Temperature [ITS-90, deg C]
# name 4 = t190C: Temperature, 2 [ITS-90, deg C]
# name 5 = c0S/m: Conductivity [S/m]
# name 6 = c1S/m: Conductivity, 2 [S/m]
# name 7 = latitude: Latitude [deg]
# name 8 = longitude: Longitude [deg]
# name 9 = sbeox0ML/L: Oxygen, SBE 43 [ml/l]
# name 10 = sbeox1ML/L: Oxygen, SBE 43, 2 [ml/l]
# name 11 = depSM: Depth [salt water, m], lat = 48.9358
# name 12 = sal00: Salinity, Practical [PSU]
# name 13 = sal11: Salinity, Practical, 2 [PSU]
# name 14 = flag: flag
# span 0 =    220.143,  14710.513       
# span 1 =       5284,     353053       
# span 2 =      1.000,   4855.000       
# span 3 =     2.5325,    11.7870       
# span 4 =     2.5354,    11.8119       
# span 5 =   2.910735,   4.033066       
# span 6 =   3.272134,   4.036460       
# span 7 =   48.93573,   48.93582       
# span 8 =  -16.44216,  -16.44210       
# span 9 =     4.3535,     6.1969       
# span 10 =     4.5414,     6.4993      
# span 11 =      0.992,   4759.738      
# span 12 =    24.6680,    35.5900      
# span 13 =    32.1141,    35.5524      
# span 14 = 0.0000e+00, 0.0000e+00      
# interval = decibars: 1                
# start_time = Mar 31 2021 06:44:03 [NMEA time, first data scan]
# bad_flag = -9.990e-29
*END*
[from data line 4049]
   4627.702     111066   4051.000     2.5531     2.5552   3.282327   3.282644   48.93581  -16.44214     5.4227     5.7627   3978.702    34.9077    34.9092 0.0000e+00
   4628.620     111088   4052.000     2.5528     2.5550   3.282334   3.282652   48.93581  -16.44213     5.4209     5.7611   3979.675    34.9076    34.9091 0.0000e+00
   4629.537     111110   4053.000     2.5527     2.5549   3.282350   3.282666   48.93581  -16.44213     5.4198     5.7588   3980.648    34.9075    34.9090 0.0000e+00
   4630.434     111131   4054.000     2.5526     2.5547   3.282371   3.282681   48.93581  -16.44213     5.4193     5.7565   3981.621    34.9075    34.9090 0.0000e+00
   4631.309     111152   4055.000     2.5524     2.5545   3.282390   3.282694   48.93581  -16.44213     5.4199     5.7566   3982.595    34.9075    34.9089 0.0000e+00
   4632.180     111173   4056.000     2.5523     2.5544   3.282413   3.282714   48.93581  -16.44213     5.4213     5.7547   3983.568    34.9075    34.9088 0.0000e+00
   4633.074     111195   4057.000     2.5523     2.5544   3.282441   3.282745   48.93581  -16.44213     5.4229     5.7573   3984.541    34.9074    34.9088 0.0000e+00
   4634.024     111218   4058.000     2.5524     2.5545   3.282478   3.282782   48.93581  -16.44213     5.4222     5.7613   3985.514    34.9073    34.9087 0.0000e+00
   4635.054     111242   4059.000     2.5525     2.5546   3.282521   3.282822   48.93581  -16.44213     5.4227     5.7623   3986.487    34.9073    34.9087 0.0000e+00
   4636.132     111268   4060.000     2.5525     2.5547   3.282562   3.282865   48.93581  -16.44213     5.4249     5.7595   3987.460    34.9074    34.9087 0.0000e+00
   4637.176     111293   4061.000     2.5525     2.5547   3.282596   3.282907   48.93581  -16.44213     5.4250     5.7566   3988.433    34.9074    34.9088 0.0000e+00
   4638.142     111316   4062.000     2.5525     2.5548   3.282627   3.282947   48.93581  -16.44213     5.4253     5.7564   3989.406    34.9073    34.9087 0.0000e+00
   4639.050     111338   4063.000     2.5524     2.5548   3.282654   3.282981   48.93581  -16.44214     5.4245     5.7534   3990.379    34.9074    34.9087 0.0000e+00
   4639.946     111360   4064.000     2.5523     2.5546   3.282680   3.283006   48.93581  -16.44213     5.4226     5.7530   3991.353    34.9073    34.9089 0.0000e+00
   4640.884     111382   4065.000     2.5521     2.5542   3.282703   3.283015   48.93581  -16.44213     5.4207     5.7552   3992.326    34.9074    34.9089 0.0000e+00
   4641.918     111407   4066.000     2.5518     2.5538   3.282707   3.283006   48.93581  -16.44213     5.4201     5.7597   3993.299    34.9073    34.9088 0.0000e+00
   4643.029     111434   4067.000     2.5516     2.5536   3.282717   3.283014   48.93581  -16.44213     5.4186     5.7625   3994.272    34.9072    34.9087 0.0000e+00
   4644.079     111459   4068.000     2.5515     2.5536   3.282738   3.283040   48.93581  -16.44213     5.4179     5.7636   3995.245    34.9072    34.9086 0.0000e+00
   4644.991     111481   4069.000     2.5513     2.5535   3.282758   3.283066   48.93581  -16.44213     5.4170     5.7625   3996.218    34.9073    34.9087 0.0000e+00
   4645.806     111500   4070.000     2.5510     2.5532   3.282771   3.283081   48.93581  -16.44213     5.4167     5.7600   3997.191    34.9073    34.9087 0.0000e+00
   4646.579     111519   4071.000     2.5508     2.5530   3.282780   3.283091   48.93581  -16.44213     5.4162     5.7559   3998.164    34.9073    34.9087 0.0000e+00
   4647.358     111538   4072.000     2.5505     2.5527   3.282790   3.283102   48.93581  -16.44213     5.4167     5.7520   3999.137    34.9072    34.9087 0.0000e+00
   4648.195     111558   4073.000     2.5503     2.5525   3.282799   3.283111   48.93581  -16.44213     5.4195     5.7511   4000.110    34.9071    34.9086 0.0000e+00
   4649.161     111581   4074.000     2.5502     2.5523   3.282812   3.283122   48.93581  -16.44213     5.4198     5.7530   4001.083    34.9071    34.9085 0.0000e+00
   4650.310     111608   4075.000     2.5500     2.5522   3.282830   3.283137   48.93581  -16.44213     5.4204     5.7560   4002.056    34.9070    34.9084 0.0000e+00
   4651.530     111638   4076.000     2.5499     2.5519   3.282850   3.283152   48.93581  -16.44213     5.4220     5.7585   4003.029    34.9070    34.9084 0.0000e+00
   4652.620     111664   4077.000     2.5497     2.5518   3.282866   3.283166   48.93581  -16.44213     5.4201     5.7615   4004.002    34.9070    34.9084 0.0000e+00
   4653.552     111686   4078.000     2.5496     2.5517   3.282886   3.283193   48.93581  -16.44213     5.4200     5.7588   4004.975    34.9069    34.9083 0.0000e+00
   4654.384     111706   4079.000     2.5496     2.5517   3.282913   3.283226   48.93581  -16.44213     5.4201     5.7546   4005.948    34.9068    34.9083 0.0000e+00
   4655.164     111725   4080.000     2.5495     2.5517   3.282941   3.283261   48.93581  -16.44213     5.4181     5.7527   4006.921    34.9068    34.9083 0.0000e+00
   4655.926     111743   4081.000     2.5495     2.5517   3.282973   3.283293   48.93581  -16.44214     5.4139     5.7507   4007.894    34.9068    34.9083 0.0000e+00
   4656.697     111762   4082.000     2.5495     2.5517   3.283006   3.283323   48.93581  -16.44214     5.4121     5.7494   4008.867    34.9068    34.9083 0.0000e+00
   4657.509     111781   4083.000     2.5495     2.5517   3.283039   3.283352   48.93581  -16.44214     5.4152     5.7515   4009.840    34.9068    34.9082 0.0000e+00
   4658.402     111803   4084.000     2.5494     2.5515   3.283070   3.283376   48.93581  -16.44213     5.4201     5.7562   4010.813    34.9068    34.9082 0.0000e+00
   4659.427     111827   4085.000     2.5493     2.5514   3.283093   3.283396   48.93581  -16.44213     5.4220     5.7600   4011.786    34.9068    34.9082 0.0000e+00
   4660.568     111855   4086.000     2.5492     2.5514   3.283119   3.283422   48.93581  -16.44213     5.4222     5.7611   4012.759    34.9068    34.9081 0.0000e+00
   4661.658     111881   4087.000     2.5493     2.5515   3.283152   3.283459   48.93581  -16.44213     5.4221     5.7609   4013.732    34.9067    34.9080 0.0000e+00
   4662.588     111903   4088.000     2.5494     2.5516   3.283191   3.283502   48.93581  -16.44213     5.4222     5.7593   4014.705    34.9067    34.9080 0.0000e+00
   4663.399     111923   4089.000     2.5494     2.5516   3.283231   3.283541   48.93581  -16.44213     5.4220     5.7568   4015.678    34.9067    34.9081 0.0000e+00
   4664.147     111941   4090.000     2.5493     2.5516   3.283263   3.283577   48.93581  -16.44213     5.4214     5.7524   4016.651    34.9068    34.9081 0.0000e+00
   4664.878     111958   4091.000     2.5492     2.5515   3.283292   3.283608   48.93581  -16.44213     5.4202     5.7484   4017.624    34.9068    34.9082 0.0000e+00
   4665.635     111976   4092.000     2.5492     2.5515   3.283320   3.283636   48.93581  -16.44213     5.4195     5.7465   4018.597    34.9067    34.9081 0.0000e+00
   4666.484     111997   4093.000     2.5492     2.5514   3.283351   3.283661   48.93581  -16.44213     5.4217     5.7493   4019.570    34.9067    34.9081 0.0000e+00
   4667.558     112022   4094.000     2.5494     2.5513   3.283393   3.283683   48.93581  -16.44213     5.4218     5.7552   4020.543    34.9066    34.9080 0.0000e+00
   4669.099     112059   4095.000     2.5497     2.5513   3.283455   3.283702   48.93581  -16.44213     5.4227     5.7588   4021.516    34.9066    34.9079 0.0000e+00
   4670.678     112097   4096.000     2.5494     2.5512   3.283475   3.283732   48.93581  -16.44213     5.4260     5.7614   4022.489    34.9068    34.9079 0.0000e+00
   4671.741     112123   4097.000     2.5492     2.5512   3.283484   3.283773   48.93581  -16.44213     5.4245     5.7620   4023.462    34.9067    34.9080 0.0000e+00
   4672.563     112143   4098.000     2.5491     2.5513   3.283511   3.283810   48.93581  -16.44213     5.4234     5.7600   4024.435    34.9067    34.9079 0.0000e+00
   4673.276     112160   4099.000     2.5490     2.5513   3.283538   3.283842   48.93581  -16.44213     5.4233     5.7559   4025.408    34.9067    34.9079 0.0000e+00
   4673.932     112175   4100.000     2.5488     2.5511   3.283562   3.283870   48.93581  -16.44213     5.4221     5.7514   4026.381    34.9067    34.9080 0.0000e+00
   4674.565     112191   4101.000     2.5486     2.5509   3.283579   3.283892   48.93581  -16.44213     5.4195     5.7475   4027.354    34.9067    34.9081 0.0000e+00
   4675.201     112206   4102.000     2.5484     2.5506   3.283590   3.283905   48.93581  -16.44213     5.4170     5.7461   4028.327    34.9067    34.9081 0.0000e+00
   4675.866     112222   4103.000     2.5480     2.5503   3.283597   3.283909   48.93581  -16.44213     5.4148     5.7487   4029.300    34.9068    34.9081 0.0000e+00
   4676.596     112239   4104.000     2.5478     2.5500   3.283598   3.283911   48.93581  -16.44213     5.4138     5.7532   4030.273    34.9067    34.9080 0.0000e+00
   4677.450     112260   4105.000     2.5476     2.5498   3.283608   3.283922   48.93581  -16.44213     5.4170     5.7566   4031.246    34.9065    34.9080 0.0000e+00
   4678.497     112285   4106.000     2.5475     2.5496   3.283628   3.283937   48.93581  -16.44213     5.4209     5.7580   4032.218    34.9065    34.9079 0.0000e+00
   4679.696     112314   4107.000     2.5474     2.5495   3.283647   3.283954   48.93581  -16.44213     5.4239     5.7546   4033.191    34.9064    34.9078 0.0000e+00
   4680.855     112342   4108.000     2.5473     2.5494   3.283668   3.283976   48.93581  -16.44213     5.4249     5.7527   4034.164    34.9063    34.9078 0.0000e+00
   4681.887     112366   4109.000     2.5472     2.5493   3.283693   3.283999   48.93581  -16.44213     5.4251     5.7559   4035.137    34.9063    34.9078 0.0000e+00
   4682.841     112389   4110.000     2.5470     2.5490   3.283715   3.284013   48.93581  -16.44213     5.4225     5.7517   4036.110    34.9064    34.9078 0.0000e+00
   4683.773     112412   4111.000     2.5466     2.5487   3.283726   3.284021   48.93581  -16.44213     5.4161     5.7476   4037.083    34.9065    34.9079 0.0000e+00
   4684.727     112434   4112.000     2.5461     2.5481   3.283715   3.284006   48.93581  -16.44213     5.4110     5.7514   4038.056    34.9065    34.9079 0.0000e+00
   4685.739     112459   4113.000     2.5458     2.5478   3.283706   3.283995   48.93581  -16.44213     5.4129     5.7569   4039.029    34.9063    34.9077 0.0000e+00
   4686.818     112485   4114.000     2.5454     2.5475   3.283705   3.284005   48.93581  -16.44213     5.4142     5.7595   4040.001    34.9063    34.9076 0.0000e+00
   4687.903     112511   4115.000     2.5452     2.5473   3.283708   3.284016   48.93581  -16.44213     5.4134     5.7603   4040.974    34.9062    34.9076 0.0000e+00
   4688.896     112534   4116.000     2.5451     2.5473   3.283725   3.284042   48.93581  -16.44213     5.4139     5.7604   4041.947    34.9061    34.9075 0.0000e+00
   4689.784     112556   4117.000     2.5450     2.5473   3.283754   3.284072   48.93581  -16.44213     5.4135     5.7577   4042.920    34.9061    34.9075 0.0000e+00
   4690.603     112575   4118.000     2.5449     2.5471   3.283777   3.284101   48.93581  -16.44213     5.4125     5.7534   4043.893    34.9061    34.9075 0.0000e+00
   4691.403     112595   4119.000     2.5448     2.5470   3.283802   3.284119   48.93580  -16.44213     5.4144     5.7486   4044.866    34.9061    34.9075 0.0000e+00
   4692.223     112614   4120.000     2.5446     2.5469   3.283825   3.284137   48.93580  -16.44213     5.4176     5.7451   4045.839    34.9061    34.9075 0.0000e+00
   4693.110     112636   4121.000     2.5445     2.5468   3.283842   3.284160   48.93579  -16.44213     5.4208     5.7463   4046.812    34.9060    34.9074 0.0000e+00
   4694.112     112660   4122.000     2.5445     2.5467   3.283864   3.284182   48.93579  -16.44213     5.4234     5.7511   4047.785    34.9059    34.9074 0.0000e+00
   4695.238     112687   4123.000     2.5444     2.5466   3.283895   3.284207   48.93579  -16.44213     5.4229     5.7564   4048.757    34.9059    34.9073 0.0000e+00
   4696.404     112715   4124.000     2.5443     2.5465   3.283922   3.284232   48.93579  -16.44213     5.4199     5.7568   4049.730    34.9059    34.9073 0.0000e+00
   4697.509     112741   4125.000     2.5441     2.5464   3.283940   3.284252   48.93579  -16.44213     5.4154     5.7559   4050.703    34.9059    34.9073 0.0000e+00
   4698.529     112766   4126.000     2.5440     2.5462   3.283961   3.284273   48.93579  -16.44213     5.4117     5.7526   4051.676    34.9059    34.9073 0.0000e+00
   4699.476     112788   4127.000     2.5440     2.5463   3.283992   3.284305   48.93579  -16.44213     5.4063     5.7505   4052.649    34.9059    34.9072 0.0000e+00
   4700.358     112810   4128.000     2.5441     2.5464   3.284028   3.284343   48.93579  -16.44214     5.4040     5.7507   4053.621    34.9058    34.9072 0.0000e+00
   4701.184     112829   4129.000     2.5441     2.5465   3.284067   3.284384   48.93579  -16.44214     5.4054     5.7514   4054.594    34.9058    34.9071 0.0000e+00
   4701.972     112848   4130.000     2.5442     2.5465   3.284107   3.284424   48.93579  -16.44214     5.4062     5.7519   4055.567    34.9058    34.9072 0.0000e+00
   4702.741     112867   4131.000     2.5442     2.5465   3.284144   3.284459   48.93579  -16.44214     5.4065     5.7527   4056.540    34.9058    34.9072 0.0000e+00
   4703.515     112885   4132.000     2.5441     2.5464   3.284175   3.284487   48.93579  -16.44214     5.4081     5.7531   4057.513    34.9059    34.9072 0.0000e+00
   4704.330     112905   4133.000     2.5439     2.5461   3.284195   3.284505   48.93579  -16.44214     5.4099     5.7545   4058.485    34.9059    34.9073 0.0000e+00
   4705.237     112927   4134.000     2.5437     2.5458   3.284204   3.284508   48.93579  -16.44214     5.4114     5.7553   4059.458    34.9059    34.9073 0.0000e+00
   4706.305     112952   4135.000     2.5434     2.5456   3.284206   3.284510   48.93579  -16.44214     5.4144     5.7551   4060.431    34.9057    34.9071 0.0000e+00
   4707.533     112982   4136.000     2.5434     2.5455   3.284226   3.284526   48.93579  -16.44213     5.4138     5.7528   4061.404    34.9056    34.9070 0.0000e+00
   4708.722     113010   4137.000     2.5434     2.5455   3.284259   3.284564   48.93579  -16.44213     5.4157     5.7498   4062.376    34.9056    34.9070 0.0000e+00
   4709.741     113035   4138.000     2.5434     2.5457   3.284297   3.284606   48.93579  -16.44213     5.4164     5.7469   4063.349    34.9056    34.9070 0.0000e+00
   4710.639     113056   4139.000     2.5435     2.5457   3.284336   3.284648   48.93579  -16.44213     5.4151     5.7483   4064.322    34.9056    34.9070 0.0000e+00
   4711.482     113077   4140.000     2.5434     2.5457   3.284369   3.284684   48.93579  -16.44214     5.4145     5.7522   4065.295    34.9057    34.9070 0.0000e+00
   4712.302     113096   4141.000     2.5434     2.5456   3.284396   3.284710   48.93579  -16.44214     5.4128     5.7533   4066.268    34.9056    34.9070 0.0000e+00
   4713.114     113116   4142.000     2.5433     2.5456   3.284424   3.284738   48.93579  -16.44214     5.4106     5.7535   4067.240    34.9056    34.9070 0.0000e+00
   4713.921     113135   4143.000     2.5433     2.5455   3.284455   3.284768   48.93579  -16.44214     5.4087     5.7548   4068.213    34.9056    34.9070 0.0000e+00
   4714.720     113154   4144.000     2.5431     2.5453   3.284480   3.284790   48.93579  -16.44214     5.4086     5.7559   4069.186    34.9057    34.9070 0.0000e+00
   4715.510     113173   4145.000     2.5429     2.5451   3.284495   3.284803   48.93579  -16.44214     5.4097     5.7555   4070.159    34.9057    34.9070 0.0000e+00
