Data_example/SBE_Data_Processed/DY130/SeaBird/Data/Processed/DY130_003cfaldb.cnv
* Sea-Bird SBE 9 Data File:
* FileName = C:\Users\sandm\Documents\Cruises\DY130\Data\Raw Data\DY130_003.hex
* Software Version Seasave V 7.26.7.121
* Temperature SN = 03P-5494
* Conductivity SN = 04C-3768
* Number of Bytes Per Scan = 45
* Number of Voltage Words = 4
* Number of Scans Averaged by the Deck Unit = 1
* NMEA Latitude = 48 56.15 N
* NMEA Longitude = 016 26.53 W
* NMEA UTC (Time) = Mar 31 2021  06:44:02
* NMEA baud rate = 9600
** Ship: RRS Discovery
** Cruise: DY130
** Cast: DY130_003
** Station: 021
** Julian Day: 090
** Date: 31st March 2021
** Time (GMT): 06:43
** Latitude: 48 56.14 N
** Longitude: 16 26.52 W
** Depth (uncorrected m): 4834
** Principal Scientist: Sue Hart
** Operator: BP/PH
# nquan = 15
# nvalues = 9708                        
# units = specified
# name 0 = timeS: Time, Elapsed [seconds]
# name 1 = scan: Scan Count
# name 2 = prDM: Pressure, Digiquartz [db]
# name 3 = t090C: Temperature [ITS-90, deg C]
# name 4 = t190C: Temperature, 2 [ITS-90, deg C]
# name 5 = c0S/m: Conductivity [S/m]
# name 6 = c1S/m: Conductivity, 2 [S/m]
# name 7 = latitude: Latitude [deg]
# name 8 = longitude: Longitude [deg]
# name 9 = sbeox0ML/L: Oxygen, SBE 43 [ml/l]
# name 10 = sbeox1ML/L: Oxygen, SBE 43, 2 [ml/l]
# name 11 = depSM: Depth [salt water, m], lat = 48.9358
# name 12 = sal00: Salinity, Practical [PSU]
# name 13 = sal11: Salinity, Practical, 2 [PSU]
# name 14 = flag: flag
# span 0 =    220.143,  14710.513       
# span 1 =       5284,     353053       
# span 2 =      1.000,   4855.000       
# span 3 =     2.5325,    11.7870       
# span 4 =     2.5354,    11.8119       
# span 5 =   2.910735,   4.033066       
# span 6 =   3.272134,   4.036460       
# span 7 =   48.93573,   48.93582       
# span 8 =  -16.44216,  -16.44210       
# span 9 =     4.3535,     6.1969       
# span 10 =     4.5414,     6.4993      
# span 11 =      0.992,   4759.738      
# span 12 =    24.6680,    35.5900      
# span 13 =    32.1141,    35.5524      
# span 14 = 0.0000e+00, 0.0000e+00      
# interval = decibars: 1                
# start_time = Mar 31 2021 06:44:03 [NMEA time, first data scan]
# bad_flag = -9.990e-29
*END*
[from data line 9446]
  13733.247     329599    262.000    10.8839    10.8908   3.947476   3.948378   48.93577  -16.44214     5.8771     6.1999    259.615    35.4280    35.4303 0.0000e+00
  13734.088     329619    261.000    10.8849    10.8952   3.947548   3.948734   48.93577  -16.44213     5.8838     6.1964    258.624    35.4282    35.4301 0.0000e+00
  13735.009     329641    260.000    10.8861    10.9010   3.947640   3.949329   48.93577  -16.44213     5.8862     6.1924    257.634    35.4284    35.4309 0.0000e+00
  13736.147     329669    259.000    10.8864    10.9047   3.947692   3.949938   48.93577  -16.44213     5.8895     6.1872    256.644    35.4290    35.4339 0.0000e+00
  13737.543     329702    258.000    10.8878    10.9040   3.947618   3.949988   48.93577  -16.44214     5.8965     6.1831    255.653    35.4274    35.4355 0.0000e+00
  13738.811     329732    257.000    10.8918    10.9059   3.947831   3.949892   48.93577  -16.44214     5.8934     6.1855    254.663    35.4261    35.4331 0.0000e+00
  13739.796     329756    256.000    10.8981    10.9117   3.948427   3.950424   48.93577  -16.44214     5.8910     6.1855    253.673    35.4264    35.4333 0.0000e+00
  13740.651     329777    255.000    10.9048    10.9148   3.949229   3.950836   48.93577  -16.44214     5.8880     6.1813    252.683    35.4285    35.4349 0.0000e+00
  13741.456     329796    254.000    10.9090    10.9167   3.949801   3.951049   48.93577  -16.44214     5.8781     6.1777    251.692    35.4306    35.4357 0.0000e+00
  13742.263     329815    253.000    10.9118    10.9178   3.950153   3.951175   48.93577  -16.44214     5.8681     6.1776    250.702    35.4319    35.4363 0.0000e+00
  13743.103     329835    252.000    10.9142    10.9184   3.950411   3.951216   48.93577  -16.44214     5.8656     6.1805    249.712    35.4327    35.4367 0.0000e+00
  13743.980     329857    251.000    10.9155    10.9191   3.950581   3.951245   48.93577  -16.44213     5.8690     6.1850    248.721    35.4336    35.4367 0.0000e+00
  13744.882     329878    250.000    10.9161    10.9197   3.950635   3.951294   48.93577  -16.44213     5.8731     6.1891    247.731    35.4339    35.4371 0.0000e+00
  13745.793     329900    249.000    10.9167    10.9199   3.950656   3.951283   48.93577  -16.44213     5.8775     6.1913    246.741    35.4340    35.4372 0.0000e+00
  13746.733     329923    248.000    10.9170    10.9199   3.950662   3.951263   48.93577  -16.44213     5.8822     6.1937    245.750    35.4343    35.4375 0.0000e+00
  13747.750     329947    247.000    10.9170    10.9194   3.950639   3.951185   48.93577  -16.44213     5.8849     6.1963    244.760    35.4345    35.4376 0.0000e+00
  13748.915     329975    246.000    10.9171    10.9189   3.950599   3.951080   48.93577  -16.44213     5.8804     6.1977    243.770    35.4345    35.4375 0.0000e+00
  13750.213     330006    245.000    10.9169    10.9185   3.950550   3.950985   48.93577  -16.44213     5.8772     6.1993    242.779    35.4346    35.4374 0.0000e+00
  13751.391     330034    244.000    10.9165    10.9181   3.950463   3.950886   48.93577  -16.44214     5.8853     6.2007    241.789    35.4345    35.4373 0.0000e+00
  13752.334     330057    243.000    10.9164    10.9179   3.950387   3.950784   48.93577  -16.44214     5.8875     6.2021    240.798    35.4343    35.4368 0.0000e+00
  13753.139     330076    242.000    10.9162    10.9182   3.950306   3.950708   48.93577  -16.44214     5.8881     6.2052    239.808    35.4341    35.4363 0.0000e+00
  13753.893     330094    241.000    10.9162    10.9189   3.950234   3.950683   48.93577  -16.44214     5.8899     6.2090    238.818    35.4338    35.4357 0.0000e+00
  13754.644     330112    240.000    10.9166    10.9200   3.950187   3.950709   48.93577  -16.44214     5.8880     6.2125    237.827    35.4335    35.4355 0.0000e+00
  13755.438     330132    239.000    10.9173    10.9212   3.950183   3.950792   48.93577  -16.44214     5.8844     6.2167    236.837    35.4332    35.4356 0.0000e+00
  13756.323     330153    238.000    10.9177    10.9219   3.950205   3.950870   48.93577  -16.44213     5.8896     6.2202    235.847    35.4334    35.4361 0.0000e+00
  13757.326     330177    237.000    10.9177    10.9220   3.950182   3.950880   48.93577  -16.44213     5.8979     6.2209    234.856    35.4337    35.4366 0.0000e+00
  13758.394     330202    236.000    10.9183    10.9219   3.950157   3.950833   48.93577  -16.44213     5.9010     6.2187    233.866    35.4334    35.4367 0.0000e+00
  13759.419     330227    235.000    10.9192    10.9221   3.950182   3.950791   48.93577  -16.44213     5.9087     6.2176    232.875    35.4332    35.4364 0.0000e+00
  13760.378     330250    234.000    10.9199    10.9228   3.950229   3.950800   48.93577  -16.44213     5.9128     6.2192    231.885    35.4334    35.4363 0.0000e+00
  13761.320     330273    233.000    10.9203    10.9233   3.950234   3.950821   48.93577  -16.44213     5.9112     6.2201    230.895    35.4335    35.4365 0.0000e+00
  13762.324     330297    232.000    10.9208    10.9236   3.950241   3.950818   48.93577  -16.44213     5.9108     6.2215    229.904    35.4335    35.4366 0.0000e+00
  13763.475     330324    231.000    10.9213    10.9240   3.950257   3.950824   48.93577  -16.44213     5.9110     6.2219    228.914    35.4337    35.4367 0.0000e+00
  13764.725     330354    230.000    10.9215    10.9242   3.950245   3.950806   48.93577  -16.44214     5.9129     6.2229    227.923    35.4339    35.4368 0.0000e+00
  13765.837     330381    229.000    10.9221    10.9253   3.950229   3.950796   48.93577  -16.44214     5.9104     6.2239    226.933    35.4335    35.4361 0.0000e+00
  13766.753     330403    228.000    10.9234    10.9269   3.950282   3.950902   48.93577  -16.44214     5.9111     6.2235    225.943    35.4332    35.4361 0.0000e+00
  13767.556     330422    227.000    10.9245    10.9276   3.950362   3.950955   48.93577  -16.44214     5.9130     6.2239    224.952    35.4334    35.4364 0.0000e+00
  13768.325     330441    226.000    10.9253    10.9277   3.950405   3.950945   48.93577  -16.44213     5.9143     6.2248    223.962    35.4336    35.4366 0.0000e+00
  13769.130     330460    225.000    10.9256    10.9277   3.950419   3.950905   48.93577  -16.44213     5.9140     6.2249    222.971    35.4338    35.4367 0.0000e+00
  13770.041     330482    224.000    10.9258    10.9274   3.950400   3.950843   48.93577  -16.44213     5.9118     6.2239    221.981    35.4340    35.4368 0.0000e+00
  13771.106     330508    223.000    10.9255    10.9272   3.950348   3.950771   48.93577  -16.44213     5.9096     6.2242    220.990    35.4341    35.4367 0.0000e+00
  13772.238     330535    222.000    10.9253    10.9271   3.950271   3.950710   48.93577  -16.44213     5.9067     6.2263    220.000    35.4340    35.4367 0.0000e+00
  13773.295     330560    221.000    10.9254    10.9271   3.950217   3.950649   48.93577  -16.44213     5.9021     6.2280    219.009    35.4338    35.4365 0.0000e+00
  13774.269     330583    220.000    10.9255    10.9271   3.950172   3.950588   48.93577  -16.44213     5.9042     6.2293    218.019    35.4337    35.4364 0.0000e+00
  13775.239     330607    219.000    10.9255    10.9271   3.950123   3.950539   48.93577  -16.44213     5.9096     6.2301    217.029    35.4337    35.4363 0.0000e+00
  13776.272     330632    218.000    10.9256    10.9271   3.950076   3.950489   48.93577  -16.44213     5.9101     6.2295    216.038    35.4336    35.4363 0.0000e+00
  13777.354     330657    217.000    10.9256    10.9270   3.950024   3.950439   48.93577  -16.44214     5.9145     6.2269    215.048    35.4336    35.4363 0.0000e+00
  13778.364     330682    216.000    10.9255    10.9270   3.949969   3.950385   48.93577  -16.44214     5.9195     6.2244    214.057    35.4335    35.4362 0.0000e+00
  13779.238     330703    215.000    10.9254    10.9271   3.949912   3.950339   48.93577  -16.44213     5.9176     6.2236    213.067    35.4335    35.4362 0.0000e+00
  13780.015     330721    214.000    10.9254    10.9271   3.949857   3.950299   48.93577  -16.44213     5.9167     6.2260    212.076    35.4334    35.4362 0.0000e+00
  13780.754     330739    213.000    10.9254    10.9272   3.949807   3.950258   48.93577  -16.44213     5.9204     6.2303    211.086    35.4333    35.4361 0.0000e+00
  13781.507     330757    212.000    10.9254    10.9273   3.949764   3.950219   48.93577  -16.44213     5.9246     6.2334    210.095    35.4334    35.4361 0.0000e+00
  13782.343     330777    211.000    10.9254    10.9275   3.949722   3.950191   48.93577  -16.44213     5.9257     6.2343    209.105    35.4334    35.4361 0.0000e+00
  13783.342     330801    210.000    10.9254    10.9278   3.949681   3.950185   48.93577  -16.44213     5.9259     6.2332    208.114    35.4335    35.4362 0.0000e+00
  13784.528     330830    209.000    10.9254    10.9278   3.949638   3.950158   48.93577  -16.44213     5.9202     6.2328    207.124    35.4334    35.4363 0.0000e+00
  13785.708     330858    208.000    10.9258    10.9284   3.949619   3.950138   48.93577  -16.44213     5.9098     6.2314    206.133    35.4333    35.4360 0.0000e+00
  13786.756     330883    207.000    10.9268    10.9299   3.949638   3.950201   48.93577  -16.44213     5.9140     6.2297    205.142    35.4330    35.4357 0.0000e+00
  13787.729     330906    206.000    10.9281    10.9314   3.949717   3.950299   48.93577  -16.44213     5.9225     6.2270    204.152    35.4330    35.4357 0.0000e+00
  13788.691     330930    205.000    10.9292    10.9329   3.949783   3.950408   48.93577  -16.44213     5.9253     6.2236    203.161    35.4331    35.4357 0.0000e+00
  13789.658     330953    204.000    10.9302    10.9343   3.949839   3.950520   48.93577  -16.44213     5.9202     6.2211    202.171    35.4331    35.4359 0.0000e+00
  13790.635     330976    203.000    10.9313    10.9355   3.949895   3.950619   48.93577  -16.44213     5.9125     6.2198    201.180    35.4331    35.4362 0.0000e+00
  13791.633     331000    202.000    10.9326    10.9364   3.949996   3.950690   48.93577  -16.44213     5.9076     6.2197    200.190    35.4333    35.4366 0.0000e+00
  13792.658     331025    201.000    10.9335    10.9366   3.950084   3.950706   48.93577  -16.44213     5.8994     6.2170    199.199    35.4337    35.4370 0.0000e+00
  13793.679     331049    200.000    10.9340    10.9365   3.950105   3.950650   48.93577  -16.44213     5.8899     6.2090    198.209    35.4339    35.4369 0.0000e+00
  13794.638     331072    199.000    10.9345    10.9368   3.950105   3.950605   48.93577  -16.44213     5.8926     6.2007    197.218    35.4339    35.4367 0.0000e+00
  13795.517     331093    198.000    10.9349    10.9379   3.950093   3.950620   48.93577  -16.44213     5.9021     6.1941    196.228    35.4339    35.4362 0.0000e+00
  13796.349     331113    197.000    10.9355    10.9397   3.950096   3.950739   48.93577  -16.44212     5.9046     6.1881    195.237    35.4337    35.4361 0.0000e+00
  13797.198     331134    196.000    10.9364    10.9409   3.950140   3.950874   48.93577  -16.44212     5.8981     6.1815    194.246    35.4337    35.4368 0.0000e+00
  13798.138     331156    195.000    10.9372    10.9421   3.950206   3.950964   48.93577  -16.44212     5.8890     6.1760    193.256    35.4341    35.4369 0.0000e+00
  13799.241     331183    194.000    10.9373    10.9437   3.950206   3.951108   48.93577  -16.44213     5.8817     6.1758    192.265    35.4344    35.4373 0.0000e+00
  13800.431     331211    193.000    10.9388    10.9462   3.950232   3.951275   48.93577  -16.44213     5.8819     6.1794    191.275    35.4337    35.4370 0.0000e+00
  13801.470     331236    192.000    10.9432    10.9535   3.950512   3.951720   48.93577  -16.44213     5.8901     6.1830    190.284    35.4327    35.4348 0.0000e+00
  13802.323     331257    191.000    10.9500    10.9613   3.951078   3.952586   48.93577  -16.44213     5.8939     6.1846    189.294    35.4323    35.4365 0.0000e+00
  13803.077     331275    190.000    10.9555    10.9650   3.951736   3.953152   48.93577  -16.44213     5.8927     6.1825    188.303    35.4340    35.4390 0.0000e+00
  13803.813     331293    189.000    10.9589    10.9673   3.952203   3.953439   48.93577  -16.44213     5.8916     6.1777    187.312    35.4358    35.4402 0.0000e+00
  13804.601     331311    188.000    10.9613    10.9690   3.952497   3.953645   48.93577  -16.44213     5.8912     6.1716    186.322    35.4369    35.4410 0.0000e+00
  13805.516     331333    187.000    10.9619    10.9698   3.952669   3.953781   48.93577  -16.44213     5.8843     6.1642    185.331    35.4385    35.4420 0.0000e+00
  13806.609     331360    186.000    10.9605    10.9698   3.952556   3.953788   48.93577  -16.44213     5.8737     6.1588    184.340    35.4391    35.4425 0.0000e+00
  13807.805     331388    185.000    10.9602    10.9708   3.952417   3.953779   48.93577  -16.44213     5.8760     6.1582    183.350    35.4386    35.4419 0.0000e+00
  13808.990     331417    184.000    10.9642    10.9758   3.952596   3.954094   48.93577  -16.44213     5.8761     6.1483    182.359    35.4369    35.4407 0.0000e+00
  13810.153     331445    183.000    10.9732    10.9831   3.953356   3.954827   48.93577  -16.44213     5.8572     6.1114    181.368    35.4363    35.4414 0.0000e+00
  13811.293     331472    182.000    10.9808    10.9884   3.954289   3.955426   48.93577  -16.44213     5.8186     6.0640    180.378    35.4388    35.4428 0.0000e+00
  13812.352     331497    181.000    10.9852    10.9929   3.954795   3.955849   48.93577  -16.44213     5.7779     6.0392    179.387    35.4401    35.4432 0.0000e+00
  13813.297     331520    180.000    10.9883    10.9980   3.955113   3.956259   48.93577  -16.44213     5.7550     6.0288    178.396    35.4407    35.4428 0.0000e+00
  13814.156     331541    179.000    10.9910    11.0038   3.955354   3.956796   48.93577  -16.44213     5.7451     6.0181    177.406    35.4409    35.4430 0.0000e+00
  13814.980     331561    178.000    10.9939    11.0098   3.955613   3.957362   48.93577  -16.44213     5.7371     6.0049    176.415    35.4411    35.4433 0.0000e+00
  13815.826     331581    177.000    10.9989    11.0161   3.955975   3.958012   48.93577  -16.44213     5.7307     5.9854    175.424    35.4405    35.4442 0.0000e+00
  13816.750     331603    176.000    11.0048    11.0203   3.956588   3.958594   48.93577  -16.44213     5.7221     5.9546    174.434    35.4413    35.4464 0.0000e+00
  13817.775     331628    175.000    11.0091    11.0222   3.957118   3.958883   48.93577  -16.44213     5.7013     5.9236    173.443    35.4429    35.4479 0.0000e+00
  13818.833     331653    174.000    11.0112    11.0241   3.957370   3.959010   48.93577  -16.44213     5.6824     5.9124    172.452    35.4438    35.4478 0.0000e+00
  13819.819     331677    173.000    11.0161    11.0292   3.957684   3.959330   48.93577  -16.44213     5.6771     5.9128    171.462    35.4427    35.4465 0.0000e+00
  13820.723     331698    172.000    11.0212    11.0368   3.958205   3.959965   48.93577  -16.44213     5.6668     5.9067    170.471    35.4435    35.4460 0.0000e+00
  13821.596     331719    171.000    11.0271    11.0450   3.958703   3.960789   48.93577  -16.44213     5.6460     5.8871    169.480    35.4432    35.4467 0.0000e+00
  13822.495     331741    170.000    11.0334    11.0533   3.959368   3.961663   48.93577  -16.44214     5.6230     5.8575    168.490    35.4442    35.4479 0.0000e+00
  13823.479     331764    169.000    11.0383    11.0598   3.959975   3.962487   48.93577  -16.44214     5.5946     5.8308    167.499    35.4460    35.4504 0.0000e+00
  13824.571     331791    168.000    11.0408    11.0633   3.960306   3.962998   48.93577  -16.44214     5.5651     5.8212    166.508    35.4473    35.4526 0.0000e+00
  13825.700     331818    167.000    11.0450    11.0660   3.960607   3.963225   48.93577  -16.44214     5.5594     5.8308    165.517    35.4467    35.4527 0.0000e+00
