Data_example/SBE_Data_Processed/DY130/SeaBird/Data/Processed/DY130_001cfaldb.cnv
* Sea-Bird SBE 9 Data File:
* FileName = C:\Users\sandm\Documents\Cruises\DY130\Data\Raw Data\DY130_001.hex
* Software Version Seasave V 7.26.7.121
* Temperature SN = 03P-5494
* Conductivity SN = 04C-3768
* Number of Bytes Per Scan = 45
* Number of Voltage Words = 4
* Number of Scans Averaged by the Deck Unit = 1
* NMEA Latitude = 48 15.46 N
* NMEA Longitude = 010 08.85 W
* NMEA UTC (Time) = Mar 28 2021  15:02:43
* NMEA baud rate = 9600
** Ship: RRS Discovery
** Cruise: DY130
** Cast: DY130_001
** Station: 016
** Julian Day: 087
** Date: 28th March 2021
** Time (GMT): 15:02
** Latitude: 48 15.46
** Longitude: 10 08.85
** Depth (uncorrected m): 3399
** Principal Scientist: Sue Hart
** Operator: BP/PH
# nquan = 15
# nvalues = 3656                        
# units = specified
# name 0 = timeS: Time, Elapsed [seconds]
# name 1 = scan: Scan Count
# name 2 = prDM: Pressure, Digiquartz [db]
# name 3 = t090C: Temperature [ITS-90, deg C]
# name 4 = t190C: Temperature, 2 [ITS-90, deg C]
# name 5 = c0S/m: Conductivity [S/m]
# name 6 = c1S/m: Conductivity, 2 [S/m]
# name 7 = latitude: Latitude [deg]
# name 8 = longitude: Longitude [deg]
# name 9 = sbeox0ML/L: Oxygen, SBE 43 [ml/l]
# name 10 = sbeox1ML/L: Oxygen, SBE 43, 2 [ml/l]
# name 11 = depSM: Depth [salt water, m], lat = 48.2577
# name 12 = sal00: Salinity, Practical [PSU]
# name 13 = sal11: Salinity, Practical, 2 [PSU]
# name 14 = flag: flag
# span 0 =    666.199,   8048.705       
# span 1 =      15990,     193170       
# span 2 =      1.000,   1829.000       
# span 3 =     4.1560,    11.9920       
# span 4 =     4.1573,    11.8694       
# span 5 =   2.878775,   4.058990       
# span 6 =   2.888498,   4.044904       
# span 7 =   48.25766,   48.25771       
# span 8 =  -10.14763,  -10.14753       
# span 9 =     4.2738,     6.1478       
# span 10 =     4.4682,     6.4887      
# span 11 =      0.992,   1805.704      
# span 12 =    24.3475,    35.7247      
# span 13 =    24.4585,    35.7267      
# span 14 = 0.0000e+00, 0.0000e+00      
# interval = decibars: 1                
# start_time = Mar 28 2021 15:02:43 [NMEA time, first data scan]
# bad_flag = -9.990e-29
*END*
[from data line 2988]
   5718.890     137254    668.000    10.1262    10.1644   3.904176   3.907864   48.25768  -10.14756     4.4027     4.5916    661.313    35.5443    35.5445 0.0000e+00
   5719.654     137273    667.000    10.1378    10.1811   3.905453   3.909891   48.25768  -10.14755     4.4038     4.5911    660.324    35.5463    35.5492 0.0000e+00
   5720.505     137293    666.000    10.1469    10.1936   3.906643   3.911603   48.25768  -10.14755     4.4034     4.5903    659.336    35.5500    35.5549 0.0000e+00
   5721.538     137318    665.000    10.1457    10.2014   3.907189   3.912786   48.25768  -10.14755     4.3997     4.5897    658.347    35.5571    35.5597 0.0000e+00
   5722.939     137352    664.000    10.1286    10.2049   3.905468   3.913353   48.25768  -10.14755     4.3937     4.5905    657.359    35.5568    35.5624 0.0000e+00
   5724.588     137391    663.000    10.1374    10.2045   3.905141   3.913481   48.25768  -10.14756     4.3926     4.5891    656.370    35.5453    35.5646 0.0000e+00
   5725.800     137420    662.000    10.1689    10.2046   3.908006   3.913008   48.25768  -10.14757     4.3951     4.5881    655.382    35.5442    35.5602 0.0000e+00
   5726.681     137441    661.000    10.1921    10.2139   3.910522   3.913658   48.25768  -10.14757     4.3967     4.5903    654.393    35.5476    35.5581 0.0000e+00
   5727.433     137459    660.000    10.2052    10.2160   3.912291   3.914092   48.25768  -10.14757     4.3986     4.5916    653.405    35.5532    35.5610 0.0000e+00
   5728.139     137476    659.000    10.2109    10.2147   3.913161   3.913980   48.25768  -10.14757     4.3999     4.5938    652.417    35.5568    35.5615 0.0000e+00
   5728.845     137493    658.000    10.2127    10.2118   3.913440   3.913598   48.25768  -10.14756     4.4006     4.5976    651.428    35.5584    35.5609 0.0000e+00
   5729.584     137511    657.000    10.2121    10.2088   3.913373   3.913096   48.25768  -10.14756     4.4012     4.6019    650.440    35.5587    35.5592 0.0000e+00
   5730.368     137530    656.000    10.2102    10.2059   3.913085   3.912605   48.25768  -10.14755     4.4031     4.6066    649.451    35.5582    35.5575 0.0000e+00
   5731.209     137550    655.000    10.2076    10.2035   3.912669   3.912115   48.25768  -10.14755     4.4066     4.6114    648.463    35.5569    35.5553 0.0000e+00
   5732.141     137572    654.000    10.2058    10.2017   3.912263   3.911734   48.25768  -10.14755     4.4097     4.6145    647.474    35.5550    35.5536 0.0000e+00
   5733.296     137600    653.000    10.2060    10.2011   3.912175   3.911490   48.25768  -10.14755     4.4108     4.6149    646.486    35.5543    35.5522 0.0000e+00
   5734.781     137636    652.000    10.2059    10.2021   3.912256   3.911449   48.25768  -10.14755     4.4112     4.6131    645.497    35.5557    35.5513 0.0000e+00
   5736.131     137668    651.000    10.2048    10.2071   3.911948   3.911691   48.25768  -10.14755     4.4126     4.6119    644.509    35.5541    35.5493 0.0000e+00
   5737.154     137693    650.000    10.2061    10.2195   3.911788   3.912399   48.25768  -10.14755     4.4125     4.6118    643.520    35.5516    35.5448 0.0000e+00
   5738.014     137713    649.000    10.2117    10.2439   3.911902   3.913925   48.25768  -10.14755     4.4131     4.6150    642.532    35.5478    35.5370 0.0000e+00
   5738.812     137732    648.000    10.2245    10.2714   3.912595   3.916587   48.25768  -10.14755     4.4165     4.6189    641.543    35.5428    35.5376 0.0000e+00
   5739.617     137752    647.000    10.2446    10.2925   3.914190   3.919064   48.25768  -10.14755     4.4205     4.6220    640.555    35.5398    35.5425 0.0000e+00
   5740.488     137773    646.000    10.2657    10.3112   3.916392   3.921200   48.25768  -10.14755     4.4218     4.6243    639.567    35.5421    35.5464 0.0000e+00
   5741.461     137796    645.000    10.2843    10.3289   3.918418   3.923200   48.25768  -10.14755     4.4215     4.6259    638.578    35.5449    35.5500 0.0000e+00
   5742.485     137821    644.000    10.3069    10.3444   3.920564   3.924986   48.25768  -10.14755     4.4250     4.6255    637.589    35.5451    35.5534 0.0000e+00
   5743.458     137844    643.000    10.3251    10.3573   3.922714   3.926431   48.25768  -10.14755     4.4283     4.6244    636.601    35.5496    35.5559 0.0000e+00
   5744.347     137865    642.000    10.3365    10.3682   3.924093   3.927607   48.25768  -10.14755     4.4287     4.6238    635.612    35.5529    35.5577 0.0000e+00
   5745.177     137885    641.000    10.3455    10.3783   3.925095   3.928707   48.25768  -10.14755     4.4280     4.6238    634.624    35.5548    35.5594 0.0000e+00
   5745.990     137905    640.000    10.3538    10.3850   3.925978   3.929644   48.25768  -10.14755     4.4281     4.6238    633.635    35.5560    35.5628 0.0000e+00
   5746.837     137925    639.000    10.3611    10.3889   3.926848   3.930230   48.25768  -10.14755     4.4291     4.6238    632.647    35.5582    35.5654 0.0000e+00
   5747.782     137948    638.000    10.3660    10.3907   3.927539   3.930538   48.25768  -10.14755     4.4297     4.6229    631.658    35.5608    35.5671 0.0000e+00
   5748.899     137975    637.000    10.3657    10.3913   3.927799   3.930651   48.25768  -10.14755     4.4269     4.6215    630.670    35.5643    35.5682 0.0000e+00
   5750.246     138007    636.000    10.3597    10.3932   3.927145   3.930733   48.25768  -10.14755     4.4217     4.6224    629.681    35.5639    35.5676 0.0000e+00
   5751.613     138040    635.000    10.3683    10.3968   3.927390   3.931068   48.25768  -10.14755     4.4246     4.6238    628.693    35.5585    35.5679 0.0000e+00
   5752.694     138066    634.000    10.3814    10.4006   3.928802   3.931320   48.25768  -10.14755     4.4278     4.6219    627.704    35.5605    35.5672 0.0000e+00
   5753.567     138087    633.000    10.3889    10.4060   3.929680   3.931682   48.25768  -10.14755     4.4277     4.6211    626.715    35.5625    35.5661 0.0000e+00
   5754.349     138105    632.000    10.3954    10.4113   3.930317   3.932132   48.25768  -10.14755     4.4273     4.6224    625.727    35.5630    35.5660 0.0000e+00
   5755.106     138124    631.000    10.4011    10.4154   3.930908   3.932467   48.25768  -10.14755     4.4268     4.6263    624.738    35.5639    35.5658 0.0000e+00
   5755.898     138143    630.000    10.4052    10.4188   3.931364   3.932683   48.25768  -10.14755     4.4280     4.6324    623.750    35.5650    35.5650 0.0000e+00
   5756.791     138164    629.000    10.4082    10.4210   3.931652   3.932778   48.25768  -10.14755     4.4315     4.6393    622.761    35.5654    35.5643 0.0000e+00
   5757.827     138189    628.000    10.4110    10.4220   3.931786   3.932715   48.25768  -10.14755     4.4353     4.6471    621.773    35.5645    35.5632 0.0000e+00
   5758.914     138215    627.000    10.4147    10.4220   3.931953   3.932519   48.25768  -10.14755     4.4385     4.6550    620.784    35.5630    35.5616 0.0000e+00
   5759.891     138238    626.000    10.4167    10.4218   3.931976   3.932270   48.25768  -10.14755     4.4422     4.6620    619.795    35.5617    35.5598 0.0000e+00
   5760.728     138258    625.000    10.4179    10.4219   3.931891   3.932006   48.25768  -10.14755     4.4487     4.6673    618.807    35.5602    35.5575 0.0000e+00
   5761.490     138277    624.000    10.4183    10.4230   3.931743   3.931682   48.25768  -10.14754     4.4577     4.6746    617.818    35.5587    35.5536 0.0000e+00
   5762.247     138295    623.000    10.4183    10.4255   3.931519   3.931396   48.25768  -10.14754     4.4671     4.6891    616.830    35.5569    35.5486 0.0000e+00
   5763.089     138315    622.000    10.4183    10.4278   3.931283   3.931314   48.25768  -10.14754     4.4770     4.7116    615.841    35.5550    35.5461 0.0000e+00
   5764.216     138342    621.000    10.4178    10.4293   3.931283   3.931310   48.25768  -10.14755     4.4841     4.7353    614.852    35.5559    35.5450 0.0000e+00
   5765.788     138380    620.000    10.4182    10.4312   3.931368   3.931352   48.25768  -10.14755     4.4758     4.7439    613.864    35.5568    35.5440 0.0000e+00
   5767.101     138411    619.000    10.4219    10.4344   3.931207   3.931499   48.25768  -10.14755     4.4729     4.7398    612.875    35.5521    35.5429 0.0000e+00
   5768.010     138433    618.000    10.4264    10.4403   3.931131   3.931726   48.25768  -10.14755     4.4869     4.7381    611.886    35.5474    35.5398 0.0000e+00
   5768.767     138451    617.000    10.4315    10.4464   3.931164   3.932060   48.25768  -10.14755     4.5053     4.7420    610.898    35.5431    35.5378 0.0000e+00
   5769.458     138468    616.000    10.4370    10.4517   3.931319   3.932392   48.25768  -10.14755     4.5240     4.7515    609.909    35.5398    35.5364 0.0000e+00
   5770.131     138484    615.000    10.4424    10.4563   3.931574   3.932705   48.25768  -10.14754     4.5422     4.7633    608.920    35.5376    35.5356 0.0000e+00
   5770.820     138501    614.000    10.4466    10.4603   3.931843   3.932995   48.25768  -10.14754     4.5587     4.7750    607.932    35.5367    35.5350 0.0000e+00
   5771.572     138519    613.000    10.4488    10.4634   3.932047   3.933265   48.25768  -10.14754     4.5708     4.7851    606.943    35.5371    35.5352 0.0000e+00
   5772.479     138540    612.000    10.4476    10.4647   3.932078   3.933437   48.25767  -10.14754     4.5751     4.7924    605.955    35.5390    35.5360 0.0000e+00
   5773.843     138573    611.000    10.4416    10.4643   3.931731   3.933434   48.25766  -10.14754     4.5648     4.7938    604.966    35.5417    35.5369 0.0000e+00
   5775.667     138617    610.000    10.4416    10.4632   3.931510   3.933311   48.25767  -10.14755     4.5435     4.7860    603.977    35.5399    35.5372 0.0000e+00
   5776.915     138647    609.000    10.4486    10.4624   3.931862   3.933199   48.25767  -10.14755     4.5446     4.7810    602.988    35.5372    35.5373 0.0000e+00
   5777.802     138668    608.000    10.4551    10.4652   3.932189   3.933225   48.25768  -10.14755     4.5559     4.7790    602.000    35.5346    35.5352 0.0000e+00
   5778.557     138686    607.000    10.4600    10.4677   3.932526   3.933384   48.25768  -10.14755     4.5666     4.7788    601.011    35.5337    35.5348 0.0000e+00
   5779.262     138703    606.000    10.4631    10.4693   3.932758   3.933503   48.25768  -10.14755     4.5759     4.7804    600.023    35.5334    35.5349 0.0000e+00
   5779.973     138720    605.000    10.4651    10.4702   3.932909   3.933573   48.25767  -10.14755     4.5828     4.7845    599.034    35.5335    35.5352 0.0000e+00
   5780.745     138739    604.000    10.4660    10.4706   3.932984   3.933610   48.25767  -10.14754     4.5857     4.7905    598.045    35.5338    35.5357 0.0000e+00
   5781.657     138761    603.000    10.4660    10.4706   3.932981   3.933586   48.25766  -10.14754     4.5855     4.7971    597.056    35.5343    35.5359 0.0000e+00
   5782.758     138787    602.000    10.4657    10.4704   3.932905   3.933551   48.25766  -10.14754     4.5835     4.8006    596.068    35.5342    35.5361 0.0000e+00
   5783.902     138815    601.000    10.4663    10.4702   3.932885   3.933478   48.25766  -10.14755     4.5823     4.8006    595.079    35.5338    35.5361 0.0000e+00
   5784.961     138840    600.000    10.4670    10.4710   3.932908   3.933455   48.25766  -10.14755     4.5843     4.8002    594.090    35.5339    35.5355 0.0000e+00
   5785.979     138865    599.000    10.4673    10.4729   3.932899   3.933557   48.25766  -10.14755     4.5880     4.8012    593.101    35.5339    35.5352 0.0000e+00
   5787.003     138889    598.000    10.4677    10.4748   3.932885   3.933706   48.25766  -10.14755     4.5895     4.8073    592.113    35.5338    35.5353 0.0000e+00
   5788.003     138913    597.000    10.4689    10.4765   3.932912   3.933816   48.25767  -10.14755     4.5900     4.8137    591.124    35.5334    35.5352 0.0000e+00
   5788.918     138935    596.000    10.4710    10.4781   3.933032   3.933910   48.25767  -10.14755     4.5925     4.8183    590.135    35.5330    35.5350 0.0000e+00
   5789.766     138955    595.000    10.4728    10.4799   3.933181   3.934011   48.25768  -10.14755     4.5987     4.8222    589.146    35.5332    35.5346 0.0000e+00
   5790.605     138976    594.000    10.4743    10.4818   3.933291   3.934138   48.25768  -10.14755     4.6061     4.8251    588.158    35.5333    35.5346 0.0000e+00
   5791.513     138997    593.000    10.4757    10.4833   3.933390   3.934245   48.25768  -10.14755     4.6117     4.8275    587.169    35.5334    35.5347 0.0000e+00
   5792.568     139023    592.000    10.4765    10.4843   3.933462   3.934298   48.25767  -10.14755     4.6154     4.8285    586.180    35.5338    35.5346 0.0000e+00
   5793.779     139052    591.000    10.4778    10.4851   3.933499   3.934308   48.25766  -10.14755     4.6172     4.8277    585.191    35.5333    35.5344 0.0000e+00
   5794.977     139080    590.000    10.4800    10.4861   3.933624   3.934308   48.25766  -10.14755     4.6183     4.8255    584.203    35.5329    35.5339 0.0000e+00
   5796.009     139105    589.000    10.4819    10.4873   3.933712   3.934330   48.25766  -10.14755     4.6205     4.8246    583.214    35.5324    35.5333 0.0000e+00
   5796.912     139127    588.000    10.4832    10.4891   3.933769   3.934386   48.25766  -10.14755     4.6225     4.8267    582.225    35.5321    35.5327 0.0000e+00
   5797.781     139148    587.000    10.4844    10.4922   3.933809   3.934521   48.25766  -10.14755     4.6241     4.8292    581.236    35.5318    35.5314 0.0000e+00
   5798.701     139170    586.000    10.4859    10.4986   3.933866   3.934869   48.25766  -10.14755     4.6248     4.8330    580.248    35.5314    35.5292 0.0000e+00
   5799.712     139194    585.000    10.4890    10.5091   3.933997   3.935593   48.25767  -10.14756     4.6242     4.8409    579.259    35.5302    35.5267 0.0000e+00
   5800.744     139219    584.000    10.4955    10.5212   3.934358   3.936557   48.25767  -10.14756     4.6241     4.8538    578.270    35.5279    35.5251 0.0000e+00
   5801.697     139242    583.000    10.5061    10.5302   3.935041   3.937369   48.25768  -10.14757     4.6291     4.8669    577.281    35.5250    35.5251 0.0000e+00
   5802.566     139263    582.000    10.5163    10.5358   3.935890   3.937885   48.25768  -10.14757     4.6392     4.8780    576.292    35.5241    35.5252 0.0000e+00
   5803.385     139282    581.000    10.5236    10.5396   3.936566   3.938175   48.25768  -10.14757     4.6511     4.8855    575.304    35.5243    35.5249 0.0000e+00
   5804.195     139302    580.000    10.5289    10.5426   3.937011   3.938323   48.25768  -10.14757     4.6625     4.8908    574.315    35.5241    35.5239 0.0000e+00
   5805.047     139322    579.000    10.5333    10.5448   3.937358   3.938363   48.25768  -10.14757     4.6717     4.8964    573.326    35.5237    35.5227 0.0000e+00
   5806.014     139345    578.000    10.5359    10.5464   3.937569   3.938296   48.25768  -10.14757     4.6785     4.9034    572.337    35.5237    35.5209 0.0000e+00
   5807.134     139372    577.000    10.5376    10.5475   3.937592   3.938093   48.25768  -10.14756     4.6822     4.9123    571.348    35.5228    35.5183 0.0000e+00
   5808.261     139399    576.000    10.5404    10.5482   3.937598   3.937828   48.25767  -10.14756     4.6843     4.9226    570.359    35.5206    35.5154 0.0000e+00
   5809.247     139423    575.000    10.5428    10.5486   3.937534   3.937634   48.25767  -10.14755     4.6895     4.9331    569.371    35.5180    35.5134 0.0000e+00
   5810.132     139444    574.000    10.5446    10.5489   3.937386   3.937497   48.25766  -10.14755     4.7007     4.9419    568.382    35.5153    35.5122 0.0000e+00
   5811.002     139465    573.000    10.5455    10.5491   3.937238   3.937384   48.25766  -10.14755     4.7143     4.9481    567.393    35.5133    35.5113 0.0000e+00
