Data_example/SBE_Data_Processed/DY130/SeaBird/Data/Processed/DY130_010cfaldb.cnv
* Sea-Bird SBE 9 Data File:
* FileName = C:\Users\sandm\Documents\Cruises\DY130\Data\Raw Data\DY130_010.hex
* Software Version Seasave V 7.26.7.121
* Temperature SN = 03P-5494
* Conductivity SN = 04C-3768
* Number of Bytes Per Scan = 45
* Number of Voltage Words = 4
* Number of Scans Averaged by the Deck Unit = 1
* NMEA Latitude = 48 59.99 N
* NMEA Longitude = 016 30.02 W
* NMEA UTC (Time) = Apr 07 2021  06:50:11
* NMEA baud rate = 9600
** Ship: RRS Discovery
** Cruise: DY130
** Cast: DY130_010
** Station: 065
** Julian Day: 097
** Date: 07/04/2021
** Time (GMT):
** Latitude: 48 59.99 N
** Longitude: 16 30.01 W
** Depth (uncorrected m): 4809
** Principal Scientist: Sue Hart
** Operator: BP/PH
# nquan = 15
# nvalues = 9701                        
# units = specified
# name 0 = timeS: Time, Elapsed [seconds]
# name 1 = scan: Scan Count
# name 2 = prDM: Pressure, Digiquartz [db]
# name 3 = t090C: Temperature [ITS-90, deg C]
# name 4 = t190C: Temperature, 2 [ITS-90, deg C]
# name 5 = c0S/m: Conductivity [S/m]
# name 6 = c1S/m: Conductivity, 2 [S/m]
# name 7 = latitude: Latitude [deg]
# name 8 = longitude: Longitude [deg]
# name 9 = sbeox0ML/L: Oxygen, SBE 43 [ml/l]
# name 10 = sbeox1ML/L: Oxygen, SBE 43, 2 [ml/l]
# name 11 = depSM: Depth [salt water, m], lat = 48.9998
# name 12 = sal00: Salinity, Practical [PSU]
# name 13 = sal11: Salinity, Practical, 2 [PSU]
# name 14 = flag: flag
# span 0 =    296.724,  17436.771       
# span 1 =       7122,     418484       
# span 2 =      2.000,   4852.000       
# span 3 =     2.5309,    11.5626       
# span 4 =     2.5336,    11.5651       
# span 5 =   3.256235,   4.022286       
# span 6 =   3.066617,   4.010884       
# span 7 =   48.99979,   48.99988       
# span 8 =  -16.50029,  -16.50014       
# span 9 =     4.4309,     6.7322       
# span 10 =     4.5949,     6.9793      
# span 11 =      1.983,   4756.800      
# span 12 =    28.2351,    35.6553      
# span 13 =    26.5208,    35.5335      
# span 14 = 0.0000e+00, 0.0000e+00      
# interval = decibars: 1                
# start_time = Apr 07 2021 06:50:12 [NMEA time, first data scan]
# bad_flag = -9.990e-29
*END*
[from data line 193]
    839.267      20143    195.000    11.3585    11.3586   3.997431   3.997804   48.99986  -16.50023     5.9735     6.1881    193.255    35.4990    35.5026 0.0000e+00
    840.082      20163    196.000    11.3547    11.3550   3.997015   3.997406   48.99987  -16.50024     5.9666     6.1791    194.245    35.4981    35.5016 0.0000e+00
    840.822      20181    197.000    11.3513    11.3517   3.996703   3.997103   48.99987  -16.50024     5.9618     6.1727    195.236    35.4977    35.5014 0.0000e+00
    841.515      20197    198.000    11.3479    11.3483   3.996382   3.996783   48.99987  -16.50024     5.9598     6.1700    196.226    35.4974    35.5010 0.0000e+00
    842.185      20213    199.000    11.3450    11.3455   3.996070   3.996485   48.99987  -16.50023     5.9587     6.1705    197.217    35.4967    35.5003 0.0000e+00
    842.855      20230    200.000    11.3425    11.3430   3.995812   3.996230   48.99987  -16.50023     5.9562     6.1713    198.207    35.4960    35.4997 0.0000e+00
    843.542      20246    201.000    11.3397    11.3404   3.995574   3.995987   48.99987  -16.50023     5.9521     6.1701    199.198    35.4959    35.4994 0.0000e+00
    844.261      20263    202.000    11.3363    11.3372   3.995263   3.995704   48.99987  -16.50023     5.9472     6.1665    200.189    35.4956    35.4992 0.0000e+00
    845.024      20282    203.000    11.3329    11.3336   3.994898   3.995353   48.99986  -16.50023     5.9415     6.1615    201.179    35.4949    35.4987 0.0000e+00
    845.844      20301    204.000    11.3302    11.3306   3.994572   3.994991   48.99986  -16.50023     5.9361     6.1563    202.170    35.4938    35.4976 0.0000e+00
    846.749      20323    205.000    11.3281    11.3284   3.994335   3.994728   48.99986  -16.50023     5.9313     6.1521    203.160    35.4930    35.4966 0.0000e+00
    847.782      20348    206.000    11.3268    11.3269   3.994177   3.994554   48.99986  -16.50023     5.9273     6.1505    204.151    35.4923    35.4959 0.0000e+00
    848.945      20376    207.000    11.3261    11.3260   3.994104   3.994460   48.99986  -16.50023     5.9278     6.1493    205.141    35.4917    35.4953 0.0000e+00
    850.265      20407    208.000    11.3271    11.3256   3.994173   3.994436   48.99986  -16.50023     5.9311     6.1498    206.132    35.4910    35.4951 0.0000e+00
    851.988      20449    209.000    11.3293    11.3248   3.994478   3.994393   48.99986  -16.50023     5.9354     6.1490    207.122    35.4915    35.4950 0.0000e+00
    853.738      20491    210.000    11.3250    11.3235   3.994205   3.994315   48.99986  -16.50023     5.9344     6.1466    208.113    35.4924    35.4950 0.0000e+00
    854.879      20518    211.000    11.3213    11.3214   3.993866   3.994202   48.99986  -16.50023     5.9288     6.1449    209.103    35.4922    35.4955 0.0000e+00
    855.737      20539    212.000    11.3168    11.3173   3.993540   3.993948   48.99986  -16.50023     5.9202     6.1414    210.094    35.4928    35.4964 0.0000e+00
    856.492      20557    213.000    11.3118    11.3123   3.993059   3.993494   48.99986  -16.50023     5.9120     6.1353    211.084    35.4924    35.4962 0.0000e+00
    857.203      20574    214.000    11.3077    11.3084   3.992598   3.993029   48.99987  -16.50023     5.9051     6.1268    212.075    35.4913    35.4949 0.0000e+00
    857.898      20591    215.000    11.3045    11.3055   3.992231   3.992685   48.99987  -16.50023     5.8982     6.1164    213.065    35.4903    35.4939 0.0000e+00
    858.583      20607    216.000    11.3019    11.3029   3.991943   3.992421   48.99987  -16.50023     5.8908     6.1064    214.056    35.4896    35.4932 0.0000e+00
    859.261      20623    217.000    11.2999    11.3009   3.991715   3.992193   48.99987  -16.50023     5.8844     6.0990    215.046    35.4887    35.4925 0.0000e+00
    859.942      20640    218.000    11.2986    11.2995   3.991563   3.992029   48.99987  -16.50023     5.8796     6.0952    216.037    35.4881    35.4918 0.0000e+00
    860.643      20656    219.000    11.2976    11.2983   3.991472   3.991921   48.99987  -16.50023     5.8771     6.0938    217.027    35.4877    35.4914 0.0000e+00
    861.383      20674    220.000    11.2964    11.2971   3.991391   3.991817   48.99986  -16.50023     5.8774     6.0930    218.018    35.4875    35.4911 0.0000e+00
    862.178      20693    221.000    11.2947    11.2955   3.991270   3.991701   48.99986  -16.50023     5.8789     6.0920    219.008    35.4875    35.4911 0.0000e+00
    863.034      20714    222.000    11.2929    11.2937   3.991089   3.991535   48.99986  -16.50023     5.8791     6.0913    219.999    35.4870    35.4907 0.0000e+00
    863.953      20736    223.000    11.2917    11.2922   3.990960   3.991390   48.99986  -16.50023     5.8776     6.0902    220.989    35.4864    35.4902 0.0000e+00
    864.974      20760    224.000    11.2912    11.2910   3.990906   3.991278   48.99986  -16.50023     5.8758     6.0904    221.980    35.4859    35.4898 0.0000e+00
    866.266      20791    225.000    11.2920    11.2899   3.990991   3.991174   48.99986  -16.50023     5.8757     6.0919    222.970    35.4855    35.4894 0.0000e+00
    868.005      20833    226.000    11.2908    11.2887   3.991018   3.991082   48.99986  -16.50023     5.8784     6.0915    223.960    35.4865    35.4891 0.0000e+00
    869.592      20871    227.000    11.2862    11.2859   3.990601   3.990898   48.99986  -16.50023     5.8776     6.0904    224.951    35.4863    35.4896 0.0000e+00
    870.739      20899    228.000    11.2820    11.2817   3.990233   3.990550   48.99987  -16.50023     5.8759     6.0891    225.941    35.4863    35.4897 0.0000e+00
    871.666      20921    229.000    11.2771    11.2769   3.989799   3.990129   48.99987  -16.50023     5.8738     6.0876    226.932    35.4862    35.4897 0.0000e+00
    872.492      20941    230.000    11.2724    11.2725   3.989313   3.989674   48.99987  -16.50023     5.8718     6.0857    227.922    35.4854    35.4890 0.0000e+00
    873.276      20960    231.000    11.2687    11.2686   3.988907   3.989278   48.99987  -16.50023     5.8707     6.0859    228.912    35.4846    35.4883 0.0000e+00
    874.042      20978    232.000    11.2643    11.2641   3.988529   3.988888   48.99987  -16.50023     5.8706     6.0867    229.903    35.4846    35.4884 0.0000e+00
    874.808      20996    233.000    11.2583    11.2582   3.988004   3.988349   48.99987  -16.50023     5.8691     6.0846    230.893    35.4847    35.4882 0.0000e+00
    875.583      21015    234.000    11.2524    11.2525   3.987346   3.987714   48.99987  -16.50024     5.8638     6.0784    231.884    35.4834    35.4869 0.0000e+00
    876.370      21034    235.000    11.2480    11.2487   3.986787   3.987203   48.99986  -16.50025     5.8562     6.0705    232.874    35.4816    35.4851 0.0000e+00
    877.151      21053    236.000    11.2453    11.2464   3.986436   3.986900   48.99986  -16.50026     5.8505     6.0645    233.864    35.4803    35.4839 0.0000e+00
    877.912      21071    237.000    11.2435    11.2444   3.986239   3.986717   48.99986  -16.50027     5.8481     6.0616    234.855    35.4796    35.4835 0.0000e+00
    878.662      21089    238.000    11.2414    11.2418   3.986078   3.986520   48.99986  -16.50027     5.8480     6.0619    235.845    35.4796    35.4836 0.0000e+00
    879.435      21107    239.000    11.2390    11.2386   3.985851   3.986221   48.99986  -16.50026     5.8486     6.0647    236.836    35.4791    35.4832 0.0000e+00
    880.284      21128    240.000    11.2375    11.2358   3.985647   3.985906   48.99986  -16.50025     5.8487     6.0670    237.826    35.4781    35.4824 0.0000e+00
    881.300      21152    241.000    11.2384    11.2328   3.985628   3.985604   48.99987  -16.50024     5.8491     6.0686    238.816    35.4766    35.4818 0.0000e+00
    882.659      21185    242.000    11.2401    11.2296   3.985943   3.985248   48.99987  -16.50024     5.8510     6.0703    239.807    35.4777    35.4808 0.0000e+00
    884.323      21225    243.000    11.2327    11.2262   3.985474   3.984907   48.99987  -16.50026     5.8507     6.0708    240.797    35.4797    35.4803 0.0000e+00
    885.697      21258    244.000    11.2238    11.2220   3.984506   3.984532   48.99987  -16.50027     5.8430     6.0657    241.787    35.4781    35.4801 0.0000e+00
    886.731      21283    245.000    11.2179    11.2175   3.983895   3.984158   48.99987  -16.50027     5.8422     6.0606    242.778    35.4773    35.4803 0.0000e+00
    887.617      21304    246.000    11.2127    11.2132   3.983337   3.983709   48.99987  -16.50027     5.8445     6.0592    243.768    35.4763    35.4796 0.0000e+00
    888.453      21324    247.000    11.2090    11.2099   3.982896   3.983334   48.99986  -16.50027     5.8443     6.0593    244.758    35.4750    35.4785 0.0000e+00
    889.286      21344    248.000    11.2058    11.2071   3.982575   3.983045   48.99986  -16.50027     5.8415     6.0597    245.749    35.4745    35.4779 0.0000e+00
    890.120      21364    249.000    11.2017    11.2037   3.982215   3.982761   48.99986  -16.50027     5.8410     6.0599    246.739    35.4744    35.4779 0.0000e+00
    890.941      21384    250.000    11.1977    11.1997   3.981778   3.982371   48.99986  -16.50027     5.8441     6.0597    247.729    35.4735    35.4774 0.0000e+00
    891.748      21403    251.000    11.1944    11.1962   3.981419   3.981993   48.99986  -16.50027     5.8466     6.0606    248.720    35.4726    35.4766 0.0000e+00
    892.546      21422    252.000    11.1914    11.1933   3.981118   3.981683   48.99986  -16.50027     5.8466     6.0622    249.710    35.4720    35.4759 0.0000e+00
    893.359      21442    253.000    11.1883    11.1904   3.980811   3.981390   48.99986  -16.50027     5.8470     6.0624    250.700    35.4715    35.4753 0.0000e+00
    894.233      21463    254.000    11.1845    11.1873   3.980457   3.981088   48.99986  -16.50027     5.8493     6.0644    251.691    35.4712    35.4748 0.0000e+00
    895.205      21486    255.000    11.1812    11.1837   3.980047   3.980737   48.99986  -16.50027     5.8520     6.0704    252.681    35.4699    35.4743 0.0000e+00
    896.238      21511    256.000    11.1790    11.1807   3.979794   3.980371   48.99987  -16.50027     5.8537     6.0761    253.671    35.4690    35.4731 0.0000e+00
    897.235      21535    257.000    11.1768    11.1783   3.979621   3.980141   48.99987  -16.50027     5.8551     6.0795    254.662    35.4690    35.4727 0.0000e+00
    898.161      21557    258.000    11.1734    11.1751   3.979337   3.979883   48.99987  -16.50027     5.8570     6.0803    255.652    35.4690    35.4728 0.0000e+00
    899.051      21578    259.000    11.1698    11.1701   3.978973   3.979485   48.99987  -16.50026     5.8600     6.0826    256.642    35.4683    35.4732 0.0000e+00
    899.974      21600    260.000    11.1665    11.1640   3.978622   3.978850   48.99987  -16.50024     5.8651     6.0874    257.632    35.4676    35.4723 0.0000e+00
    901.028      21626    261.000    11.1612    11.1555   3.978190   3.978080   48.99987  -16.50024     5.8694     6.0921    258.623    35.4679    35.4724 0.0000e+00
    902.282      21656    262.000    11.1486    11.1446   3.977072   3.976851   48.99987  -16.50025     5.8684     6.0963    259.613    35.4685    35.4702 0.0000e+00
    903.580      21687    263.000    11.1366    11.1359   3.975623   3.975837   48.99987  -16.50027     5.8723     6.0981    260.603    35.4652    35.4680 0.0000e+00
    904.698      21714    264.000    11.1297    11.1303   3.974754   3.975140   48.99987  -16.50027     5.8756     6.0977    261.593    35.4627    35.4660 0.0000e+00
    905.630      21736    265.000    11.1265    11.1273   3.974339   3.974787   48.99987  -16.50027     5.8738     6.0958    262.584    35.4612    35.4649 0.0000e+00
    906.459      21756    266.000    11.1240    11.1250   3.974098   3.974562   48.99986  -16.50027     5.8721     6.0917    263.574    35.4607    35.4644 0.0000e+00
    907.251      21775    267.000    11.1216    11.1227   3.973865   3.974344   48.99986  -16.50027     5.8712     6.0878    264.564    35.4603    35.4640 0.0000e+00
    908.052      21794    268.000    11.1193    11.1203   3.973636   3.974111   48.99986  -16.50027     5.8701     6.0859    265.555    35.4597    35.4635 0.0000e+00
    908.879      21814    269.000    11.1171    11.1181   3.973421   3.973887   48.99986  -16.50027     5.8696     6.0856    266.545    35.4593    35.4629 0.0000e+00
    909.724      21834    270.000    11.1150    11.1159   3.973218   3.973683   48.99986  -16.50027     5.8701     6.0862    267.535    35.4589    35.4627 0.0000e+00
    910.575      21855    271.000    11.1124    11.1129   3.973000   3.973438   48.99986  -16.50026     5.8697     6.0875    268.525    35.4588    35.4626 0.0000e+00
    911.440      21876    272.000    11.1086    11.1088   3.972698   3.973090   48.99987  -16.50025     5.8682     6.0865    269.515    35.4589    35.4626 0.0000e+00
    912.351      21897    273.000    11.1027    11.1028   3.972177   3.972549   48.99987  -16.50024     5.8677     6.0838    270.506    35.4589    35.4626 0.0000e+00
    913.380      21922    274.000    11.0962    11.0965   3.971435   3.971805   48.99987  -16.50023     5.8692     6.0848    271.496    35.4573    35.4607 0.0000e+00
    914.578      21951    275.000    11.0895    11.0906   3.970713   3.971169   48.99987  -16.50024     5.8697     6.0888    272.486    35.4562    35.4596 0.0000e+00
    915.778      21980    276.000    11.0801    11.0814   3.969832   3.970347   48.99987  -16.50026     5.8667     6.0911    273.476    35.4560    35.4599 0.0000e+00
    916.786      22004    277.000    11.0701    11.0705   3.968815   3.969287   48.99987  -16.50027     5.8677     6.0926    274.466    35.4550    35.4594 0.0000e+00
    917.659      22025    278.000    11.0587    11.0577   3.967748   3.968072   48.99987  -16.50027     5.8695     6.0944    275.457    35.4550    35.4591 0.0000e+00
    918.486      22045    279.000    11.0459    11.0454   3.966387   3.966664   48.99986  -16.50027     5.8721     6.0969    276.447    35.4532    35.4565 0.0000e+00
    919.333      22065    280.000    11.0354    11.0351   3.965033   3.965372   48.99986  -16.50027     5.8767     6.0999    277.437    35.4494    35.4530 0.0000e+00
    920.245      22087    281.000    11.0274    11.0271   3.964011   3.964334   48.99986  -16.50027     5.8811     6.1034    278.427    35.4465    35.4500 0.0000e+00
    921.231      22111    282.000    11.0203    11.0203   3.963162   3.963512   48.99986  -16.50027     5.8847     6.1087    279.417    35.4444    35.4478 0.0000e+00
    922.248      22135    283.000    11.0144    11.0144   3.962451   3.962813   48.99986  -16.50027     5.8912     6.1170    280.407    35.4425    35.4461 0.0000e+00
    923.253      22159    284.000    11.0096    11.0101   3.961878   3.962269   48.99986  -16.50027     5.8992     6.1262    281.398    35.4410    35.4444 0.0000e+00
    924.222      22182    285.000    11.0058    11.0067   3.961438   3.961873   48.99986  -16.50027     5.9051     6.1335    282.388    35.4398    35.4432 0.0000e+00
    925.135      22204    286.000    11.0036    11.0046   3.961138   3.961607   48.99986  -16.50027     5.9098     6.1376    283.378    35.4384    35.4421 0.0000e+00
    926.000      22225    287.000    11.0026    11.0036   3.961011   3.961477   48.99987  -16.50027     5.9146     6.1396    284.368    35.4377    35.4414 0.0000e+00
    926.865      22246    288.000    11.0019    11.0029   3.960963   3.961434   48.99987  -16.50026     5.9170     6.1408    285.358    35.4374    35.4411 0.0000e+00
    927.789      22268    289.000    11.0008    11.0018   3.960914   3.961379   48.99987  -16.50024     5.9188     6.1410    286.348    35.4376    35.4413 0.0000e+00
    928.805      22292    290.000    10.9998    11.0008   3.960827   3.961286   48.99987  -16.50023     5.9228     6.1432    287.338    35.4372    35.4408 0.0000e+00
