Data_example/SBE_Data_Processed/DY130/SeaBird/Data/Processed/DY130_014cfaldb.cnv
* Sea-Bird SBE 9 Data File:
* FileName = C:\Users\sandm\Documents\Cruises\DY130\Data\Raw Data\DY130_014.hex
* Software Version Seasave V 7.26.7.121
* Temperature SN = 03P-5494
* Conductivity SN = 04C-3768
* Number of Bytes Per Scan = 45
* Number of Voltage Words = 4
* Number of Scans Averaged by the Deck Unit = 1
* NMEA Latitude = 49 15.62 N
* NMEA Longitude = 014 30.22 W
* NMEA UTC (Time) = Apr 12 2021  01:21:29
* NMEA baud rate = 9600
** Ship: RRS Discovery
** Cruise: DY130
** Cast: 014
** Station: 080
** Julian Day: 102
** Date: 12/04/2021
** Time (GMT): 01:21
** Latitude: 49 15.62N
** Longitude: 14 30.21W
** Depth (uncorrected m): 4493
** Principal Scientist: Sue Hart
** Operator: BP/PH
# nquan = 15
# nvalues = 2016                        
# units = specified
# name 0 = timeS: Time, Elapsed [seconds]
# name 1 = scan: Scan Count
# name 2 = prDM: Pressure, Digiquartz [db]
# name 3 = t090C: Temperature [ITS-90, deg C]
# name 4 = t190C: Temperature, 2 [ITS-90, deg C]
# name 5 = c0S/m: Conductivity [S/m]
# name 6 = c1S/m: Conductivity, 2 [S/m]
# name 7 = latitude: Latitude [deg]
# name 8 = longitude: Longitude [deg]
# name 9 = sbeox0ML/L: Oxygen, SBE 43 [ml/l]
# name 10 = sbeox1ML/L: Oxygen, SBE 43, 2 [ml/l]
# name 11 = depSM: Depth [salt water, m], lat = 49.2603
# name 12 = sal00: Salinity, Practical [PSU]
# name 13 = sal11: Salinity, Practical, 2 [PSU]
# name 14 = flag: flag
# span 0 =    325.923,   6037.058       
# span 1 =       7823,     144890       
# span 2 =      2.000,   1012.000       
# span 3 =     8.7439,    11.8504       
# span 4 =     8.7449,    11.8518       
# span 5 =   3.776405,   4.056676       
# span 6 =   3.667957,   4.057195       
# span 7 =   49.25804,   49.49553       
# span 8 =  -14.57132,  -14.50139       
# span 9 =     4.3853,     6.5486       
# span 10 =     4.5518,     6.9088      
# span 11 =      1.983,   1000.953      
# span 12 =    33.2566,    35.7308      
# span 13 =    32.0991,    35.7345      
# span 14 = 0.0000e+00, 0.0000e+00      
# interval = decibars: 1                
# start_time = Apr 12 2021 01:21:29 [NMEA time, first data scan]
# bad_flag = -9.990e-29
*END*
[from data line 1639]
   3490.486      83773    383.000    10.9174    10.9204   3.958654   3.959378   49.25913  -14.50247     5.9158     6.1375    379.391    35.4533    35.4577 0.0000e+00
   3491.751      83803    382.000    10.9182    10.9208   3.958688   3.959342   49.25913  -14.50247     5.9159     6.1361    378.401    35.4534    35.4573 0.0000e+00
   3492.758      83827    381.000    10.9188    10.9220   3.958706   3.959374   49.25913  -14.50247     5.9148     6.1358    377.411    35.4534    35.4570 0.0000e+00
   3493.646      83848    380.000    10.9196    10.9234   3.958728   3.959468   49.25913  -14.50247     5.9155     6.1370    376.422    35.4533    35.4570 0.0000e+00
   3494.506      83869    379.000    10.9205    10.9243   3.958775   3.959560   49.25913  -14.50247     5.9169     6.1412    375.432    35.4533    35.4575 0.0000e+00
   3495.432      83891    378.000    10.9211    10.9247   3.958822   3.959599   49.25913  -14.50247     5.9197     6.1469    374.442    35.4537    35.4580 0.0000e+00
   3496.575      83919    377.000    10.9208    10.9243   3.958797   3.959556   49.25913  -14.50247     5.9223     6.1491    373.453    35.4541    35.4583 0.0000e+00
   3498.226      83958    376.000    10.9200    10.9237   3.958664   3.959442   49.25913  -14.50247     5.9203     6.1423    372.463    35.4541    35.4583 0.0000e+00
   3500.117      84004    375.000    10.9201    10.9226   3.958595   3.959287   49.25913  -14.50246     5.9204     6.1371    371.473    35.4537    35.4582 0.0000e+00
   3501.370      84034    374.000    10.9210    10.9221   3.958631   3.959160   49.25913  -14.50245     5.9176     6.1335    370.484    35.4537    35.4579 0.0000e+00
   3502.304      84056    373.000    10.9212    10.9207   3.958619   3.959006   49.25913  -14.50245     5.9156     6.1304    369.494    35.4538    35.4582 0.0000e+00
   3503.153      84077    372.000    10.9209    10.9181   3.958550   3.958704   49.25913  -14.50245     5.9165     6.1277    368.504    35.4538    35.4581 0.0000e+00
   3504.041      84098    371.000    10.9204    10.9157   3.958446   3.958315   49.25913  -14.50245     5.9188     6.1249    367.514    35.4537    35.4569 0.0000e+00
   3505.108      84124    370.000    10.9198    10.9143   3.958324   3.958015   49.25913  -14.50245     5.9210     6.1225    366.525    35.4535    35.4558 0.0000e+00
   3506.492      84157    369.000    10.9198    10.9136   3.958261   3.957834   49.25913  -14.50245     5.9222     6.1205    365.535    35.4533    35.4550 0.0000e+00
   3508.027      84194    368.000    10.9185    10.9149   3.958121   3.957862   49.25912  -14.50245     5.9197     6.1219    364.545    35.4536    35.4545 0.0000e+00
   3509.382      84226    367.000    10.9158    10.9146   3.957792   3.957919   49.25911  -14.50245     5.9151     6.1255    363.556    35.4534    35.4558 0.0000e+00
   3510.586      84255    366.000    10.9130    10.9127   3.957374   3.957643   49.25911  -14.50245     5.9113     6.1243    362.566    35.4523    35.4554 0.0000e+00
   3511.704      84282    365.000    10.9114    10.9116   3.957069   3.957409   49.25911  -14.50245     5.9046     6.1204    361.576    35.4512    35.4545 0.0000e+00
   3512.774      84308    364.000    10.9106    10.9113   3.956884   3.957274   49.25911  -14.50245     5.8986     6.1171    360.586    35.4506    35.4539 0.0000e+00
   3513.878      84334    363.000    10.9103    10.9114   3.956769   3.957211   49.25911  -14.50245     5.8952     6.1142    359.597    35.4502    35.4536 0.0000e+00
   3515.163      84365    362.000    10.9104    10.9113   3.956711   3.957159   49.25911  -14.50245     5.8947     6.1141    358.607    35.4501    35.4536 0.0000e+00
   3516.669      84401    361.000    10.9104    10.9113   3.956675   3.957105   49.25911  -14.50245     5.8956     6.1117    357.617    35.4501    35.4536 0.0000e+00
   3518.081      84435    360.000    10.9102    10.9116   3.956602   3.957071   49.25911  -14.50245     5.8949     6.1113    356.627    35.4500    35.4534 0.0000e+00
   3519.209      84462    359.000    10.9103    10.9122   3.956544   3.957073   49.25911  -14.50245     5.8958     6.1131    355.637    35.4498    35.4533 0.0000e+00
   3520.166      84485    358.000    10.9105    10.9128   3.956508   3.957079   49.25911  -14.50244     5.8977     6.1155    354.648    35.4496    35.4532 0.0000e+00
   3521.075      84507    357.000    10.9108    10.9134   3.956485   3.957096   49.25911  -14.50244     5.9001     6.1161    353.658    35.4496    35.4532 0.0000e+00
   3522.030      84530    356.000    10.9111    10.9142   3.956469   3.957127   49.25911  -14.50244     5.9005     6.1158    352.668    35.4496    35.4532 0.0000e+00
   3523.125      84556    355.000    10.9113    10.9151   3.956446   3.957198   49.25911  -14.50243     5.9002     6.1177    351.678    35.4496    35.4535 0.0000e+00
   3524.444      84588    354.000    10.9114    10.9156   3.956420   3.957244   49.25911  -14.50243     5.9017     6.1181    350.689    35.4497    35.4539 0.0000e+00
   3525.999      84625    353.000    10.9115    10.9156   3.956384   3.957224   49.25911  -14.50243     5.9013     6.1173    349.699    35.4497    35.4541 0.0000e+00
   3527.611      84664    352.000    10.9126    10.9156   3.956419   3.957159   49.25911  -14.50243     5.9005     6.1177    348.709    35.4495    35.4540 0.0000e+00
   3529.003      84697    351.000    10.9151    10.9168   3.956602   3.957204   49.25911  -14.50243     5.9031     6.1197    347.719    35.4493    35.4536 0.0000e+00
   3530.212      84726    350.000    10.9169    10.9183   3.956797   3.957307   49.25911  -14.50243     5.9041     6.1263    346.729    35.4500    35.4538 0.0000e+00
   3531.376      84754    349.000    10.9175    10.9194   3.956847   3.957398   49.25911  -14.50243     5.9058     6.1292    345.739    35.4504    35.4540 0.0000e+00
   3532.616      84784    348.000    10.9177    10.9201   3.956838   3.957448   49.25910  -14.50243     5.9099     6.1298    344.750    35.4505    35.4543 0.0000e+00
   3533.893      84814    347.000    10.9181    10.9210   3.956824   3.957485   49.25909  -14.50243     5.9129     6.1312    343.760    35.4504    35.4542 0.0000e+00
   3535.028      84842    346.000    10.9186    10.9226   3.956827   3.957569   49.25907  -14.50243     5.9139     6.1317    342.770    35.4504    35.4540 0.0000e+00
   3536.002      84865    345.000    10.9194    10.9242   3.956856   3.957695   49.25907  -14.50243     5.9142     6.1318    341.780    35.4503    35.4542 0.0000e+00
   3536.911      84887    344.000    10.9204    10.9252   3.956910   3.957778   49.25908  -14.50243     5.9151     6.1319    340.790    35.4504    35.4545 0.0000e+00
   3537.852      84909    343.000    10.9211    10.9257   3.956966   3.957822   49.25909  -14.50243     5.9173     6.1339    339.800    35.4507    35.4548 0.0000e+00
   3538.967      84936    342.000    10.9212    10.9261   3.956961   3.957844   49.25909  -14.50243     5.9182     6.1334    338.811    35.4511    35.4551 0.0000e+00
   3540.468      84972    341.000    10.9210    10.9261   3.956894   3.957839   49.25909  -14.50243     5.9147     6.1303    337.821    35.4510    35.4555 0.0000e+00
   3542.261      85015    340.000    10.9215    10.9247   3.956892   3.957694   49.25908  -14.50243     5.9140     6.1280    336.831    35.4509    35.4559 0.0000e+00
   3543.747      85051    339.000    10.9228    10.9245   3.956945   3.957535   49.25907  -14.50243     5.9128     6.1307    335.841    35.4506    35.4549 0.0000e+00
   3544.903      85079    338.000    10.9252    10.9273   3.957124   3.957667   49.25907  -14.50243     5.9111     6.1338    334.851    35.4505    35.4540 0.0000e+00
   3545.925      85103    337.000    10.9271    10.9305   3.957300   3.957967   49.25907  -14.50243     5.9101     6.1349    333.861    35.4510    35.4544 0.0000e+00
   3546.911      85127    336.000    10.9285    10.9326   3.957426   3.958199   49.25907  -14.50242     5.9089     6.1348    332.871    35.4513    35.4551 0.0000e+00
   3547.932      85151    335.000    10.9295    10.9348   3.957515   3.958386   49.25907  -14.50241     5.9097     6.1351    331.882    35.4517    35.4553 0.0000e+00
   3549.044      85178    334.000    10.9305    10.9391   3.957574   3.958752   49.25907  -14.50241     5.9115     6.1369    330.892    35.4518    35.4552 0.0000e+00
   3550.237      85207    333.000    10.9321    10.9447   3.957682   3.959330   49.25907  -14.50241     5.9111     6.1382    329.902    35.4518    35.4561 0.0000e+00
   3551.440      85236    332.000    10.9346    10.9494   3.957899   3.959888   49.25907  -14.50240     5.9138     6.1423    328.912    35.4519    35.4576 0.0000e+00
   3552.624      85264    331.000    10.9386    10.9525   3.958257   3.960256   49.25907  -14.50240     5.9215     6.1466    327.922    35.4521    35.4587 0.0000e+00
   3553.828      85293    330.000    10.9427    10.9549   3.958710   3.960530   49.25907  -14.50239     5.9254     6.1472    326.932    35.4532    35.4596 0.0000e+00
   3555.074      85323    329.000    10.9461    10.9558   3.959077   3.960667   49.25907  -14.50239     5.9275     6.1475    325.942    35.4540    35.4606 0.0000e+00
   3556.363      85354    328.000    10.9497    10.9556   3.959450   3.960628   49.25907  -14.50239     5.9294     6.1469    324.952    35.4547    35.4608 0.0000e+00
   3557.763      85387    327.000    10.9518    10.9557   3.959721   3.960579   49.25907  -14.50239     5.9279     6.1487    323.962    35.4558    35.4607 0.0000e+00
   3559.273      85424    326.000    10.9530    10.9561   3.959833   3.960577   49.25906  -14.50239     5.9226     6.1485    322.972    35.4562    35.4607 0.0000e+00
   3560.623      85456    325.000    10.9544    10.9569   3.959933   3.960604   49.25905  -14.50239     5.9221     6.1482    321.982    35.4563    35.4607 0.0000e+00
   3561.703      85482    324.000    10.9557    10.9583   3.960044   3.960685   49.25905  -14.50239     5.9248     6.1490    320.992    35.4566    35.4606 0.0000e+00
   3562.647      85505    323.000    10.9564    10.9593   3.960101   3.960763   49.25905  -14.50239     5.9264     6.1481    320.002    35.4570    35.4608 0.0000e+00
   3563.561      85526    322.000    10.9569    10.9604   3.960118   3.960827   49.25905  -14.50239     5.9271     6.1475    319.013    35.4571    35.4608 0.0000e+00
   3564.518      85549    321.000    10.9574    10.9618   3.960130   3.960919   49.25905  -14.50239     5.9286     6.1489    318.023    35.4572    35.4609 0.0000e+00
   3565.570      85575    320.000    10.9582    10.9636   3.960162   3.961079   49.25905  -14.50239     5.9314     6.1506    317.033    35.4572    35.4612 0.0000e+00
   3566.746      85603    319.000    10.9591    10.9651   3.960214   3.961238   49.25905  -14.50239     5.9345     6.1508    316.043    35.4574    35.4617 0.0000e+00
   3568.062      85634    318.000    10.9597    10.9662   3.960254   3.961358   49.25905  -14.50239     5.9363     6.1529    315.053    35.4576    35.4623 0.0000e+00
   3569.502      85669    317.000    10.9610    10.9667   3.960321   3.961398   49.25905  -14.50239     5.9372     6.1523    314.063    35.4574    35.4628 0.0000e+00
   3571.051      85706    316.000    10.9635    10.9668   3.960537   3.961388   49.25905  -14.50239     5.9369     6.1529    313.073    35.4577    35.4630 0.0000e+00
   3572.622      85744    315.000    10.9658    10.9666   3.960785   3.961305   49.25905  -14.50239     5.9351     6.1543    312.083    35.4583    35.4628 0.0000e+00
   3573.981      85777    314.000    10.9674    10.9684   3.960948   3.961383   49.25905  -14.50239     5.9350     6.1542    311.093    35.4589    35.4622 0.0000e+00
   3575.083      85803    313.000    10.9683    10.9702   3.961029   3.961554   49.25905  -14.50239     5.9360     6.1577    310.103    35.4592    35.4627 0.0000e+00
   3576.065      85827    312.000    10.9688    10.9717   3.961049   3.961673   49.25905  -14.50239     5.9348     6.1603    309.113    35.4594    35.4629 0.0000e+00
   3577.029      85850    311.000    10.9693    10.9730   3.961055   3.961800   49.25905  -14.50239     5.9337     6.1611    308.123    35.4595    35.4634 0.0000e+00
   3578.069      85875    310.000    10.9697    10.9744   3.961068   3.961920   49.25905  -14.50238     5.9344     6.1618    307.133    35.4597    35.4637 0.0000e+00
   3579.305      85904    309.000    10.9697    10.9755   3.961051   3.962066   49.25905  -14.50238     5.9347     6.1612    306.143    35.4600    35.4645 0.0000e+00
   3580.986      85945    308.000    10.9688    10.9748   3.960934   3.962029   49.25905  -14.50237     5.9382     6.1585    305.153    35.4601    35.4653 0.0000e+00
   3583.519      86005    307.000    10.9678    10.9706   3.960754   3.961532   49.25904  -14.50237     5.9398     6.1561    304.163    35.4597    35.4648 0.0000e+00
   3609.468      86628    306.000    10.9728    10.9759   3.961329   3.962021   49.25902  -14.50236     5.9345     6.1571    303.173    35.4611    35.4650 0.0000e+00
   3816.785      91604    305.000    10.9658    10.9674   3.960458   3.960989   49.25886  -14.50220     5.9399     6.1595    302.183    35.4596    35.4633 0.0000e+00
   3811.008      91465    304.000    10.9656    10.9681   3.960381   3.960973   49.25887  -14.50221     5.9393     6.1532    301.193    35.4594    35.4629 0.0000e+00
   3812.105      91492    303.000    10.9658    10.9697   3.960335   3.961057   49.25887  -14.50221     5.9390     6.1529    300.203    35.4592    35.4627 0.0000e+00
   3813.115      91516    302.000    10.9666    10.9727   3.960355   3.961262   49.25887  -14.50221     5.9392     6.1573    299.213    35.4591    35.4623 0.0000e+00
   3814.138      91540    301.000    10.9677    10.9767   3.960419   3.961673   49.25887  -14.50220     5.9396     6.1596    298.222    35.4592    35.4630 0.0000e+00
   3815.266      91567    300.000    10.9690    10.9805   3.960533   3.962101   49.25887  -14.50220     5.9406     6.1599    297.232    35.4595    35.4641 0.0000e+00
   3816.607      91600    299.000    10.9694    10.9843   3.960589   3.962533   49.25887  -14.50219     5.9393     6.1592    296.242    35.4601    35.4652 0.0000e+00
   3818.133      91636    298.000    10.9714    10.9870   3.960652   3.962865   49.25887  -14.50219     5.9379     6.1603    295.252    35.4593    35.4663 0.0000e+00
   3819.538      91670    297.000    10.9772    10.9890   3.961178   3.963048   49.25887  -14.50219     5.9418     6.1620    294.262    35.4594    35.4667 0.0000e+00
   3820.723      91698    296.000    10.9819    10.9910   3.961721   3.963202   49.25886  -14.50219     5.9418     6.1640    293.272    35.4607    35.4667 0.0000e+00
   3821.807      91724    295.000    10.9849    10.9943   3.962072   3.963457   49.25886  -14.50219     5.9418     6.1637    292.282    35.4618    35.4665 0.0000e+00
   3822.900      91751    294.000    10.9874    10.9968   3.962339   3.963801   49.25886  -14.50219     5.9414     6.1635    291.292    35.4624    35.4680 0.0000e+00
   3824.102      91779    293.000    10.9901    10.9976   3.962610   3.963922   49.25886  -14.50219     5.9415     6.1637    290.302    35.4630    35.4689 0.0000e+00
   3825.501      91813    292.000    10.9921    10.9975   3.962847   3.963902   49.25886  -14.50219     5.9430     6.1623    289.312    35.4640    35.4693 0.0000e+00
   3827.070      91851    291.000    10.9927    10.9972   3.962928   3.963826   49.25886  -14.50219     5.9452     6.1627    288.322    35.4645    35.4692 0.0000e+00
   3828.495      91885    290.000    10.9940    10.9967   3.962992   3.963730   49.25886  -14.50219     5.9483     6.1648    287.332    35.4644    35.4692 0.0000e+00
   3829.609      91912    289.000    10.9947    10.9961   3.963054   3.963583   49.25886  -14.50219     5.9465     6.1651    286.341    35.4648    35.4687 0.0000e+00
