Data_example/SBE_Data_Processed/DY130/SeaBird/Data/Processed/DY130_005cfaldb.cnv
* Sea-Bird SBE 9 Data File:
* FileName = C:\Users\sandm\Documents\Cruises\DY130\Data\Raw Data\DY130_005.hex
* Software Version Seasave V 7.26.7.121
* Temperature SN = 03P-5494
* Conductivity SN = 04C-3768
* Number of Bytes Per Scan = 45
* Number of Voltage Words = 4
* Number of Scans Averaged by the Deck Unit = 1
* NMEA Latitude = 48 56.39 N
* NMEA Longitude = 016 27.89 W
* NMEA UTC (Time) = Apr 02 2021  07:00:27
* NMEA baud rate = 9600
** Ship: RRS Discovery
** Cruise: DY130
** Cast: DY130_005
** Station: 032
** Julian Day: 092
** Date: 02/04/21
** Time (GMT):
** Latitude: 48 56.38 N
** Longitude: 16 27.88 W
** Depth (uncorrected m): 4811
** Principal Scientist: Sue Hart
** Operator: BP/PH
# nquan = 15
# nvalues = 2022                        
# units = specified
# name 0 = timeS: Time, Elapsed [seconds]
# name 1 = scan: Scan Count
# name 2 = prDM: Pressure, Digiquartz [db]
# name 3 = t090C: Temperature [ITS-90, deg C]
# name 4 = t190C: Temperature, 2 [ITS-90, deg C]
# name 5 = c0S/m: Conductivity [S/m]
# name 6 = c1S/m: Conductivity, 2 [S/m]
# name 7 = latitude: Latitude [deg]
# name 8 = longitude: Longitude [deg]
# name 9 = sbeox0ML/L: Oxygen, SBE 43 [ml/l]
# name 10 = sbeox1ML/L: Oxygen, SBE 43, 2 [ml/l]
# name 11 = depSM: Depth [salt water, m], lat = 48.9398
# name 12 = sal00: Salinity, Practical [PSU]
# name 13 = sal11: Salinity, Practical, 2 [PSU]
# name 14 = flag: flag
# span 0 =    630.189,   8027.219       
# span 1 =      15126,     192654       
# span 2 =      2.000,   1013.000       
# span 3 =     6.9958,    11.6205       
# span 4 =     6.9945,    11.5904       
# span 5 =   3.413574,   4.010828       
# span 6 =   3.368235,   4.012449       
# span 7 =   48.93966,   48.99412       
# span 8 =  -16.48362,  -16.46506       
# span 9 =     4.4869,     6.3899       
# span 10 =     4.6644,     6.6109      
# span 11 =      1.983,   1001.969      
# span 12 =    29.7257,    35.5378      
# span 13 =    29.2989,    35.5430      
# span 14 = 0.0000e+00, 0.0000e+00      
# interval = decibars: 1                
# start_time = Apr 02 2021 07:00:27 [NMEA time, first data scan]
# bad_flag = -9.990e-29
*END*
[from data line 1254]
   4677.374     112258    770.000     8.9577     8.9804   3.771800   3.774697   48.93968  -16.46523     4.5121     4.7046    762.057    35.2804    35.2882 0.0000e+00
   4679.018     112297    769.000     8.9647     8.9786   3.772696   3.774536   48.93968  -16.46523     4.5169     4.7019    761.070    35.2832    35.2887 0.0000e+00
   4680.721     112338    768.000     8.9632     8.9771   3.772629   3.774277   48.93968  -16.46523     4.5184     4.7016    760.082    35.2844    35.2880 0.0000e+00
   4683.487     112405    767.000     8.9660     8.9764   3.772748   3.774146   48.93968  -16.46523     4.5161     4.7006    759.094    35.2833    35.2877 0.0000e+00
   4685.654     112457    766.000     8.9689     8.9766   3.773011   3.774078   48.93968  -16.46523     4.5136     4.7026    758.106    35.2837    35.2872 0.0000e+00
   4686.964     112488    765.000     8.9714     8.9787   3.773207   3.774183   48.93968  -16.46523     4.5139     4.7051    757.118    35.2838    35.2867 0.0000e+00
   4688.415     112523    764.000     8.9722     8.9816   3.773291   3.774453   48.93968  -16.46523     4.5174     4.7054    756.130    35.2843    35.2871 0.0000e+00
   4690.506     112573    763.000     8.9726     8.9859   3.773279   3.774856   48.93968  -16.46523     4.5177     4.7039    755.142    35.2843    35.2876 0.0000e+00
   4692.433     112619    762.000     8.9727     8.9914   3.773276   3.775353   48.93968  -16.46523     4.5185     4.7029    754.154    35.2845    35.2878 0.0000e+00
   4694.485     112669    761.000     8.9732     8.9990   3.773262   3.776228   48.93968  -16.46523     4.5210     4.7030    753.166    35.2844    35.2899 0.0000e+00
   4696.925     112727    760.000     8.9757     9.0078   3.773435   3.777145   48.93968  -16.46523     4.5198     4.7018    752.179    35.2842    35.2912 0.0000e+00
   4698.797     112772    759.000     8.9829     9.0183   3.773965   3.777977   48.93968  -16.46523     4.5189     4.6985    751.191    35.2831    35.2901 0.0000e+00
   4700.539     112814    758.000     8.9966     9.0342   3.775460   3.779799   48.93968  -16.46523     4.5143     4.6955    750.203    35.2856    35.2938 0.0000e+00
   4702.621     112864    757.000     9.0078     9.0441   3.776605   3.780950   48.93968  -16.46523     4.5122     4.6909    749.215    35.2870    35.2966 0.0000e+00
   4704.493     112909    756.000     9.0249     9.0515   3.778419   3.781832   48.93968  -16.46523     4.5149     4.6889    748.227    35.2895    35.2988 0.0000e+00
   4706.208     112950    755.000     9.0329     9.0554   3.779453   3.782252   48.93968  -16.46523     4.5127     4.6912    747.239    35.2928    35.2999 0.0000e+00
   4708.060     112994    754.000     9.0414     9.0599   3.780337   3.782635   48.93968  -16.46523     4.5145     4.6939    746.251    35.2941    35.2999 0.0000e+00
   4709.926     113039    753.000     9.0463     9.0682   3.780832   3.783421   48.93968  -16.46523     4.5124     4.6935    745.263    35.2950    35.3004 0.0000e+00
   4712.119     113092    752.000     9.0518     9.0783   3.781457   3.784389   48.93968  -16.46523     4.5111     4.6942    744.275    35.2964    35.3009 0.0000e+00
   4714.331     113145    751.000     9.0559     9.0873   3.781800   3.785550   48.93968  -16.46523     4.5107     4.6935    743.287    35.2965    35.3046 0.0000e+00
   4716.271     113192    750.000     9.0726     9.0920   3.783216   3.785715   48.93968  -16.46523     4.5110     4.6941    742.299    35.2952    35.3022 0.0000e+00
   4718.268     113239    749.000     9.0881     9.1105   3.785039   3.787445   48.93968  -16.46523     4.5096     4.6964    741.311    35.2994    35.3024 0.0000e+00
   4720.146     113284    748.000     9.0991     9.1186   3.785985   3.788414   48.93968  -16.46523     4.5100     4.6988    740.323    35.2989    35.3050 0.0000e+00
   4721.974     113328    747.000     9.1109     9.1235   3.787282   3.788829   48.93968  -16.46523     4.5119     4.6999    739.335    35.3012    35.3049 0.0000e+00
   4723.849     113373    746.000     9.1162     9.1317   3.787819   3.789370   48.93968  -16.46523     4.5150     4.7033    738.347    35.3020    35.3029 0.0000e+00
   4725.629     113416    745.000     9.1236     9.1476   3.788332   3.790712   48.93968  -16.46523     4.5180     4.7064    737.359    35.3005    35.3017 0.0000e+00
   4727.428     113459    744.000     9.1345     9.1616   3.789338   3.792044   48.93968  -16.46523     4.5223     4.7116    736.371    35.3007    35.3023 0.0000e+00
   4729.408     113507    743.000     9.1459     9.1786   3.790316   3.793748   48.93968  -16.46523     4.5266     4.7194    735.383    35.3001    35.3036 0.0000e+00
   4731.675     113561    742.000     9.1561     9.1852   3.791449   3.794522   48.93968  -16.46523     4.5304     4.7192    734.396    35.3024    35.3056 0.0000e+00
   4733.907     113615    741.000     9.1589     9.1948   3.791490   3.795330   48.93968  -16.46523     4.5265     4.7222    733.407    35.3005    35.3050 0.0000e+00
   4735.837     113661    740.000     9.1857     9.2120   3.793609   3.796671   48.93968  -16.46523     4.5276     4.7253    732.419    35.2966    35.3026 0.0000e+00
   4737.736     113707    739.000     9.2041     9.2257   3.795793   3.798244   48.93968  -16.46523     4.5358     4.7301    731.432    35.3016    35.3059 0.0000e+00
   4739.625     113752    738.000     9.2138     9.2339   3.796756   3.798962   48.93968  -16.46523     4.5438     4.7367    730.443    35.3025    35.3057 0.0000e+00
   4741.182     113789    737.000     9.2213     9.2364   3.797426   3.799033   48.93968  -16.46523     4.5454     4.7443    729.455    35.3026    35.3045 0.0000e+00
   4742.820     113829    736.000     9.2236     9.2363   3.797742   3.798681   48.93968  -16.46523     4.5468     4.7571    728.467    35.3040    35.3013 0.0000e+00
   4745.082     113883    735.000     9.2191     9.2326   3.797319   3.797982   48.93968  -16.46523     4.5472     4.7685    727.479    35.3046    35.2982 0.0000e+00
   4747.442     113940    734.000     9.2221     9.2300   3.797371   3.797633   48.93968  -16.46523     4.5507     4.7738    726.491    35.3026    35.2976 0.0000e+00
   4749.397     113987    733.000     9.2237     9.2255   3.797242   3.797023   48.93968  -16.46523     4.5587     4.7677    725.503    35.3002    35.2961 0.0000e+00
   4751.670     114041    732.000     9.2226     9.2202   3.796698   3.796132   48.93968  -16.46523     4.5698     4.7791    724.515    35.2961    35.2925 0.0000e+00
   4753.640     114088    731.000     9.2190     9.2147   3.795773   3.795136   48.93968  -16.46523     4.5886     4.7954    723.527    35.2904    35.2880 0.0000e+00
   4755.315     114129    730.000     9.2143     9.2067   3.794889   3.794136   48.93968  -16.46522     4.5992     4.8037    722.539    35.2863    35.2860 0.0000e+00
   4756.953     114168    729.000     9.2100     9.1965   3.794228   3.792826   48.93968  -16.46522     4.6004     4.8122    721.551    35.2841    35.2829 0.0000e+00
   4758.472     114204    728.000     9.2041     9.1876   3.793434   3.791572   48.93968  -16.46523     4.6071     4.8163    720.563    35.2821    35.2790 0.0000e+00
   4760.122     114244    727.000     9.1982     9.1824   3.792597   3.790760   48.93968  -16.46523     4.6184     4.8193    719.575    35.2797    35.2762 0.0000e+00
   4762.272     114296    726.000     9.2006     9.1793   3.792560   3.790181   48.93968  -16.46523     4.6208     4.8209    718.587    35.2774    35.2736 0.0000e+00
   4764.977     114360    725.000     9.2005     9.1831   3.792911   3.790492   48.93968  -16.46523     4.6131     4.8216    717.599    35.2816    35.2736 0.0000e+00
   4767.311     114416    724.000     9.1847     9.1756   3.791116   3.790065   48.93968  -16.46523     4.6181     4.8218    716.611    35.2790    35.2770 0.0000e+00
   4768.776     114452    723.000     9.1627     9.1570   3.788508   3.787666   48.93968  -16.46523     4.6307     4.8315    715.623    35.2739    35.2708 0.0000e+00
   4770.176     114485    722.000     9.1539     9.1491   3.786537   3.785753   48.93968  -16.46523     4.6480     4.8568    714.635    35.2625    35.2591 0.0000e+00
   4772.181     114533    721.000     9.1571     9.1469   3.786723   3.785107   48.93968  -16.46523     4.6624     4.8819    713.647    35.2617    35.2550 0.0000e+00
   4774.220     114582    720.000     9.1547     9.1414   3.786401   3.784329   48.93968  -16.46523     4.6576     4.8888    712.658    35.2613    35.2527 0.0000e+00
   4775.903     114623    719.000     9.1527     9.1344   3.786047   3.782982   48.93968  -16.46523     4.6611     4.9030    711.670    35.2600    35.2461 0.0000e+00
   4778.274     114680    718.000     9.1484     9.1326   3.785306   3.782347   48.93968  -16.46523     4.6699     4.9264    710.682    35.2569    35.2417 0.0000e+00
   4780.818     114741    717.000     9.1451     9.1354   3.784637   3.782453   48.93968  -16.46523     4.6772     4.9291    709.694    35.2537    35.2405 0.0000e+00
   4782.716     114786    716.000     9.1412     9.1394   3.783759   3.782867   48.93968  -16.46523     4.6890     4.9249    708.706    35.2488    35.2413 0.0000e+00
   4784.748     114835    715.000     9.1386     9.1429   3.782871   3.782948   48.93968  -16.46523     4.7143     4.9326    707.718    35.2427    35.2392 0.0000e+00
   4786.604     114879    714.000     9.1400     9.1537   3.782517   3.783652   48.93968  -16.46523     4.7355     4.9382    706.730    35.2380    35.2364 0.0000e+00
   4788.097     114915    713.000     9.1447     9.1718   3.782756   3.785297   48.93967  -16.46523     4.7424     4.9434    705.742    35.2363    35.2361 0.0000e+00
   4789.676     114953    712.000     9.1513     9.1835   3.783417   3.786859   48.93966  -16.46523     4.7456     4.9509    704.754    35.2372    35.2414 0.0000e+00
   4792.034     115010    711.000     9.1492     9.1851   3.783367   3.787171   48.93967  -16.46523     4.7463     4.9561    703.765    35.2391    35.2434 0.0000e+00
   4794.423     115067    710.000     9.1535     9.1850   3.783583   3.787141   48.93968  -16.46523     4.7466     4.9556    702.777    35.2376    35.2437 0.0000e+00
   4796.150     115109    709.000     9.1638     9.1903   3.784361   3.787414   48.93968  -16.46523     4.7496     4.9567    701.789    35.2361    35.2418 0.0000e+00
   4797.992     115153    708.000     9.1793     9.1989   3.785932   3.788156   48.93966  -16.46523     4.7585     4.9619    700.801    35.2376    35.2415 0.0000e+00
   4799.979     115201    707.000     9.1902     9.2135   3.786970   3.789410   48.93966  -16.46523     4.7647     4.9694    699.813    35.2382    35.2407 0.0000e+00
   4801.901     115247    706.000     9.2026     9.2318   3.788106   3.791232   48.93967  -16.46523     4.7697     4.9760    698.825    35.2383    35.2420 0.0000e+00
   4803.928     115295    705.000     9.2159     9.2561   3.789407   3.793492   48.93968  -16.46523     4.7740     4.9870    697.837    35.2392    35.2421 0.0000e+00
   4805.551     115334    704.000     9.2283     9.2809   3.790621   3.795774   48.93968  -16.46523     4.7795     5.0006    696.848    35.2401    35.2419 0.0000e+00
   4807.013     115369    703.000     9.2350     9.3110   3.791517   3.798772   48.93968  -16.46523     4.7848     5.0162    695.860    35.2432    35.2439 0.0000e+00
   4809.003     115417    702.000     9.2415     9.3270   3.791884   3.800928   48.93968  -16.46523     4.7872     5.0299    694.872    35.2411    35.2511 0.0000e+00
   4811.523     115478    701.000     9.2545     9.3238   3.793540   3.801153   48.93968  -16.46523     4.7976     5.0298    693.884    35.2460    35.2570 0.0000e+00
   4814.117     115540    700.000     9.2523     9.3132   3.792995   3.799636   48.93968  -16.46523     4.7935     5.0178    692.896    35.2429    35.2521 0.0000e+00
   4816.043     115586    699.000     9.2844     9.3365   3.795335   3.801561   48.93968  -16.46523     4.7971     5.0212    691.907    35.2361    35.2497 0.0000e+00
   4817.520     115621    698.000     9.3210     9.3544   3.799343   3.803387   48.93968  -16.46523     4.8159     5.0302    690.919    35.2423    35.2514 0.0000e+00
   4819.188     115662    697.000     9.3337     9.3676   3.801211   3.804988   48.93968  -16.46523     4.8308     5.0411    689.931    35.2497    35.2555 0.0000e+00
   4821.220     115710    696.000     9.3454     9.3816   3.802360   3.806442   48.93968  -16.46523     4.8375     5.0474    688.943    35.2506    35.2573 0.0000e+00
   4823.152     115757    695.000     9.3525     9.4084   3.803158   3.808545   48.93968  -16.46523     4.8388     5.0524    687.955    35.2522    35.2533 0.0000e+00
   4824.860     115798    694.000     9.3726     9.4456   3.804796   3.812779   48.93968  -16.46523     4.8441     5.0664    686.966    35.2500    35.2610 0.0000e+00
   4826.859     115846    693.000     9.4016     9.4553   3.808230   3.814399   48.93968  -16.46523     4.8582     5.0787    685.978    35.2575    35.2687 0.0000e+00
   4829.466     115908    692.000     9.3817     9.4588   3.806760   3.814939   48.93968  -16.46523     4.8566     5.0809    684.990    35.2623    35.2713 0.0000e+00
   4831.785     115964    691.000     9.4066     9.4604   3.808004   3.814708   48.93968  -16.46523     4.8471     5.0753    684.002    35.2513    35.2678 0.0000e+00
   4833.367     116002    690.000     9.4516     9.4973   3.812257   3.817369   48.93968  -16.46523     4.8635     5.0825    683.014    35.2516    35.2596 0.0000e+00
   4834.684     116033    689.000     9.4864     9.5263   3.816214   3.820789   48.93968  -16.46523     4.8840     5.1058    682.025    35.2589    35.2670 0.0000e+00
   4836.008     116065    688.000     9.5033     9.5392   3.818456   3.822480   48.93968  -16.46523     4.9032     5.1311    681.037    35.2658    35.2723 0.0000e+00
   4837.816     116109    687.000     9.5015     9.5456   3.819133   3.823420   48.93968  -16.46523     4.9163     5.1455    680.049    35.2751    35.2762 0.0000e+00
   4841.427     116195    686.000     9.4954     9.5529   3.817703   3.824057   48.93968  -16.46523     4.8994     5.1430    679.061    35.2668    35.2760 0.0000e+00
   4843.019     116233    685.000     9.5102     9.5629   3.819082   3.824863   48.93968  -16.46523     4.9080     5.1458    678.072    35.2669    35.2749 0.0000e+00
   4844.727     116274    684.000     9.5222     9.5711   3.820555   3.825907   48.93968  -16.46522     4.9204     5.1486    677.084    35.2708    35.2782 0.0000e+00
   4847.081     116331    683.000     9.5282     9.5795   3.821011   3.826678   48.93968  -16.46521     4.9246     5.1539    676.096    35.2701    35.2784 0.0000e+00
   4848.881     116374    682.000     9.5518     9.5849   3.823106   3.827272   48.93968  -16.46521     4.9306     5.1600    675.107    35.2691    35.2796 0.0000e+00
   4850.331     116409    681.000     9.5666     9.5871   3.824866   3.827536   48.93968  -16.46521     4.9455     5.1649    674.119    35.2732    35.2807 0.0000e+00
   4852.000     116449    680.000     9.5703     9.5872   3.825524   3.827568   48.93968  -16.46522     4.9561     5.1666    673.131    35.2768    35.2813 0.0000e+00
   4853.948     116496    679.000     9.5755     9.5867   3.825893   3.827494   48.93968  -16.46523     4.9573     5.1664    672.143    35.2760    35.2815 0.0000e+00
   4856.266     116551    678.000     9.5705     9.5861   3.825592   3.827394   48.93968  -16.46522     4.9538     5.1664    671.154    35.2782    35.2815 0.0000e+00
   4859.218     116622    677.000     9.5711     9.5872   3.825385   3.827391   48.93968  -16.46521     4.9481     5.1628    670.166    35.2759    35.2809 0.0000e+00
   4861.034     116666    676.000     9.5798     9.5995   3.826112   3.828086   48.93968  -16.46521     4.9539     5.1612    669.178    35.2754    35.2764 0.0000e+00
