Data_example/SBE_Data_Processed/DY130/SeaBird/Data/Processed/DY130_006cfaldb.cnv
* Sea-Bird SBE 9 Data File:
* FileName = C:\Users\sandm\Documents\Cruises\DY130\Data\Raw Data\DY130_006.hex
* Software Version Seasave V 7.26.7.121
* Temperature SN = 03P-5494
* Conductivity SN = 04C-3768
* Number of Bytes Per Scan = 45
* Number of Voltage Words = 4
* Number of Scans Averaged by the Deck Unit = 1
* NMEA Latitude = 48 57.60 N
* NMEA Longitude = 016 26.80 W
* NMEA UTC (Time) = Apr 04 2021  06:49:01
* NMEA baud rate = 9600
** Ship: RRS Discovery
** Cruise: DY130
** Cast: DY130_006
** Station: 045
** Julian Day: 094
** Date: 04/04/21
** Time (GMT): 06:48
** Latitude: 28 57.59N
** Longitude: 16 26.80W
** Depth (uncorrected m): 4811
** Principal Scientist: Sue Hart
** Operator: BP/PH BP/PH
# nquan = 15
# nvalues = 409                         
# units = specified
# name 0 = timeS: Time, Elapsed [seconds]
# name 1 = scan: Scan Count
# name 2 = prDM: Pressure, Digiquartz [db]
# name 3 = t090C: Temperature [ITS-90, deg C]
# name 4 = t190C: Temperature, 2 [ITS-90, deg C]
# name 5 = c0S/m: Conductivity [S/m]
# name 6 = c1S/m: Conductivity, 2 [S/m]
# name 7 = latitude: Latitude [deg]
# name 8 = longitude: Longitude [deg]
# name 9 = sbeox0ML/L: Oxygen, SBE 43 [ml/l]
# name 10 = sbeox1ML/L: Oxygen, SBE 43, 2 [ml/l]
# name 11 = depSM: Depth [salt water, m], lat = 48.96
# name 12 = sal00: Salinity, Practical [PSU]
# name 13 = sal11: Salinity, Practical, 2 [PSU]
# name 14 = flag: flag
# span 0 =    267.846,   3325.184       
# span 1 =       6429,      79805       
# span 2 =      2.000,    206.000       
# span 3 =    10.8998,    11.4754       
# span 4 =    10.9001,    11.4758       
# span 5 =   3.523775,   4.000731       
# span 6 =   2.760506,   4.001176       
# span 7 =   48.95993,   48.95995       
# span 8 =  -16.44678,  -16.44670       
# span 9 =     4.8259,     6.7301       
# span 10 =     4.6126,     7.3518      
# span 11 =      1.983,    204.152      
# span 12 =    30.9076,    35.4991      
# span 13 =    23.6331,    35.5021      
# span 14 = 0.0000e+00, 0.0000e+00      
# interval = decibars: 1                
# start_time = Apr 04 2021 06:49:01 [NMEA time, first data scan]
# bad_flag = -9.990e-29
*END*
    267.846       6429      2.000    11.3841    11.3955   3.523775   2.760506   48.95995  -16.44673     6.7301     7.1631      1.983    30.9076    23.6331 0.0000e+00
    269.785       6476      3.000    11.4587    11.4601   3.960683   3.922966   48.95994  -16.44673     6.4743     7.1233      2.975    35.1191    34.6993 0.0000e+00
    273.780       6572      4.000    11.4603    11.4625   3.989892   3.996933   48.95993  -16.44673     5.5611     5.8092      3.966    35.4123    35.4796 0.0000e+00
    275.316       6609      5.000    11.4516    11.4609   3.982685   3.988974   48.95993  -16.44673     5.3737     5.6442      4.958    35.3489    35.4023 0.0000e+00
    277.862       6670      6.000    11.4300    11.4488   3.977433   3.985174   48.95993  -16.44673     5.1844     5.2782      5.949    35.3170    35.3757 0.0000e+00
    281.508       6757      7.000    11.4036    11.4550   3.972525   3.984039   48.95993  -16.44673     5.1263     5.0618      6.941    35.2932    35.3581 0.0000e+00
    283.104       6795      8.000    11.3528    11.4594   3.971125   3.982778   48.95993  -16.44673     5.1760     5.0667      7.932    35.3275    35.3410 0.0000e+00
    285.785       6860      9.000    11.3696    11.4607   3.968739   3.979637   48.95994  -16.44673     5.1402     4.7856      8.924    35.2873    35.3081 0.0000e+00
    288.862       6934     10.000    11.3961    11.4577   3.966056   3.978851   48.95995  -16.44673     4.8423     4.6372      9.915    35.2348    35.3028 0.0000e+00
    291.052       6986     11.000    11.3633    11.4601   3.963825   3.981900   48.95994  -16.44673     4.8259     4.6126     10.906    35.2436    35.3303 0.0000e+00
    293.296       7040     12.000    11.2960    11.4414   3.956910   3.980068   48.95993  -16.44673     5.1574     4.6565     11.898    35.2388    35.3296 0.0000e+00
    399.269       9583     13.000    11.4560    11.4673   3.995344   3.997492   48.95994  -16.44672     6.1437     6.3454     12.889    35.4664    35.4769 0.0000e+00
    463.884      11134     14.000    11.4689    11.4695   3.998657   3.999060   48.95995  -16.44673     6.2481     6.4950     13.881    35.4865    35.4899 0.0000e+00
    470.353      11289     15.000    11.4693    11.4696   3.998746   3.999117   48.95995  -16.44673     6.2522     6.4925     14.872    35.4865    35.4899 0.0000e+00
    474.543      11390     16.000    11.4690    11.4693   3.998773   3.999140   48.95994  -16.44673     6.2533     6.4969     15.864    35.4867    35.4900 0.0000e+00
    477.911      11471     17.000    11.4688    11.4695   3.998799   3.999193   48.95994  -16.44673     6.2573     6.4931     16.855    35.4867    35.4899 0.0000e+00
    481.205      11550     18.000    11.4691    11.4699   3.998864   3.999274   48.95993  -16.44673     6.2559     6.4948     17.847    35.4866    35.4898 0.0000e+00
    483.595      11607     19.000    11.4694    11.4706   3.998940   3.999379   48.95994  -16.44673     6.2527     6.4926     18.838    35.4866    35.4897 0.0000e+00
    487.876      11710     20.000    11.4699    11.4707   3.999045   3.999436   48.95994  -16.44673     6.2531     6.4936     19.830    35.4867    35.4898 0.0000e+00
    491.411      11795     21.000    11.4697    11.4706   3.999073   3.999485   48.95995  -16.44673     6.2508     6.4933     20.821    35.4867    35.4899 0.0000e+00
    494.353      11865     22.000    11.4696    11.4706   3.999102   3.999533   48.95995  -16.44673     6.2572     6.4926     21.812    35.4866    35.4899 0.0000e+00
    496.753      11923     23.000    11.4697    11.4705   3.999164   3.999566   48.95995  -16.44672     6.2528     6.4915     22.804    35.4866    35.4899 0.0000e+00
    499.986      12001     24.000    11.4700    11.4706   3.999221   3.999620   48.95995  -16.44672     6.2528     6.4928     23.795    35.4866    35.4899 0.0000e+00
    503.708      12090     25.000    11.4703    11.4707   3.999259   3.999670   48.95995  -16.44673     6.2511     6.4919     24.787    35.4862    35.4898 0.0000e+00
    506.239      12151     26.000    11.4707    11.4707   3.999304   3.999717   48.95995  -16.44671     6.2485     6.4974     25.778    35.4858    35.4899 0.0000e+00
    509.613      12232     27.000    11.4708    11.4714   3.999433   3.999816   48.95995  -16.44671     6.2550     6.4957     26.769    35.4865    35.4898 0.0000e+00
    512.537      12302     28.000    11.4712    11.4723   3.999513   3.999958   48.95995  -16.44672     6.2546     6.4937     27.761    35.4865    35.4898 0.0000e+00
    514.840      12357     29.000    11.4714    11.4725   3.999575   4.000036   48.95995  -16.44671     6.2549     6.4841     28.752    35.4864    35.4899 0.0000e+00
    517.668      12425     30.000    11.4715    11.4725   3.999633   4.000078   48.95994  -16.44671     6.2534     6.4876     29.743    35.4865    35.4899 0.0000e+00
    520.846      12501     31.000    11.4716    11.4725   3.999694   4.000122   48.95995  -16.44671     6.2497     6.4909     30.735    35.4865    35.4899 0.0000e+00
    523.708      12570     32.000    11.4719    11.4726   3.999764   4.000176   48.95995  -16.44671     6.2473     6.4906     31.726    35.4865    35.4898 0.0000e+00
    526.337      12633     33.000    11.4721    11.4728   3.999830   4.000240   48.95994  -16.44671     6.2492     6.4903     32.718    35.4865    35.4898 0.0000e+00
    529.219      12702     34.000    11.4726    11.4732   3.999921   4.000314   48.95994  -16.44671     6.2508     6.4896     33.709    35.4864    35.4897 0.0000e+00
    531.506      12757     35.000    11.4731    11.4743   4.000020   4.000452   48.95995  -16.44671     6.2496     6.4915     34.700    35.4865    35.4896 0.0000e+00
    533.309      12800     36.000    11.4735    11.4751   4.000098   4.000588   48.95995  -16.44671     6.2527     6.4842     35.692    35.4864    35.4898 0.0000e+00
    534.943      12840     37.000    11.4745    11.4753   4.000235   4.000673   48.95995  -16.44671     6.2521     6.4876     36.683    35.4863    35.4899 0.0000e+00
    536.961      12888     38.000    11.4744    11.4753   4.000297   4.000722   48.95994  -16.44671     6.2541     6.4948     37.674    35.4866    35.4900 0.0000e+00
    540.388      12970     39.000    11.4752    11.4754   4.000400   4.000769   48.95995  -16.44672     6.2568     6.4864     38.666    35.4864    35.4899 0.0000e+00
    542.147      13013     40.000    11.4754    11.4758   4.000476   4.000865   48.95995  -16.44671     6.2507     6.4866     39.657    35.4866    35.4900 0.0000e+00
    543.711      13050     41.000    11.4751    11.4756   4.000502   4.000904   48.95995  -16.44671     6.2480     6.4865     40.648    35.4866    35.4901 0.0000e+00
    545.559      13094     42.000    11.4751    11.4752   4.000535   4.000908   48.95995  -16.44671     6.2496     6.4884     41.640    35.4865    35.4900 0.0000e+00
    548.035      13154     43.000    11.4751    11.4756   4.000598   4.000968   48.95995  -16.44671     6.2527     6.4928     42.631    35.4866    35.4899 0.0000e+00
    550.193      13206     44.000    11.4745    11.4751   4.000600   4.001002   48.95995  -16.44671     6.2453     6.4908     43.622    35.4869    35.4903 0.0000e+00
    551.881      13246     45.000    11.4729    11.4737   4.000559   4.001016   48.95995  -16.44671     6.2427     6.4886     44.614    35.4875    35.4913 0.0000e+00
    553.629      13288     46.000    11.4703    11.4690   4.000477   4.000891   48.95995  -16.44671     6.2317     6.4604     45.605    35.4887    35.4940 0.0000e+00
    555.755      13339     47.000    11.4660    11.4649   4.000381   4.000774   48.95995  -16.44671     6.1816     6.3852     46.596    35.4915    35.4964 0.0000e+00
    557.970      13392     48.000    11.4652    11.4653   4.000485   4.000881   48.95995  -16.44671     6.1311     6.3493     47.587    35.4928    35.4967 0.0000e+00
    559.966      13440     49.000    11.4656    11.4664   4.000677   4.001120   48.95995  -16.44671     6.1102     6.3414     48.579    35.4939    35.4975 0.0000e+00
    562.046      13490     50.000    11.4654    11.4650   4.000731   4.001176   48.95995  -16.44671     6.1039     6.3335     49.570    35.4942    35.4989 0.0000e+00
    564.217      13542     51.000    11.4630    11.4626   4.000662   4.001048   48.95995  -16.44671     6.1088     6.3221     50.561    35.4954    35.4995 0.0000e+00
    565.728      13578     52.000    11.4596    11.4613   4.000532   4.001028   48.95995  -16.44671     6.0845     6.3072     51.553    35.4968    35.5001 0.0000e+00
    567.087      13611     53.000    11.4569    11.4591   4.000343   4.000935   48.95995  -16.44671     6.0694     6.2971     52.544    35.4971    35.5009 0.0000e+00
    568.860      13654     54.000    11.4562    11.4563   4.000266   4.000687   48.95995  -16.44671     6.0655     6.2936     53.535    35.4965    35.5007 0.0000e+00
    570.974      13704     55.000    11.4495    11.4538   3.999812   4.000498   48.95995  -16.44671     6.0666     6.2933     54.526    35.4980    35.5007 0.0000e+00
    572.863      13750     56.000    11.4440    11.4483   3.999209   4.000077   48.95995  -16.44671     6.0554     6.2926     55.518    35.4969    35.5014 0.0000e+00
    574.514      13789     57.000    11.4411    11.4436   3.998891   3.999583   48.95995  -16.44671     6.0526     6.2904     56.509    35.4961    35.5006 0.0000e+00
    575.933      13823     58.000    11.4435    11.4398   3.999021   3.999325   48.95995  -16.44672     6.0508     6.2923     57.500    35.4946    35.5012 0.0000e+00
    577.426      13859     59.000    11.4435    11.4291   3.999321   3.998422   48.95995  -16.44672     6.0574     6.2862     58.491    35.4972    35.5021 0.0000e+00
    579.316      13905     60.000    11.4271    11.4194   3.997977   3.997338   48.95995  -16.44671     6.0552     6.2781     59.483    35.4991    35.5002 0.0000e+00
    581.205      13950     61.000    11.4159    11.4119   3.996618   3.996534   48.95995  -16.44671     6.0342     6.2697     60.474    35.4960    35.4990 0.0000e+00
    582.842      13989     62.000    11.4089    11.4078   3.995926   3.996082   48.95995  -16.44671     6.0353     6.2650     61.465    35.4954    35.4980 0.0000e+00
    584.381      14026     63.000    11.4045    11.4046   3.995434   3.995785   48.95995  -16.44672     6.0414     6.2660     62.456    35.4943    35.4977 0.0000e+00
    585.933      14063     64.000    11.4007    11.4010   3.995061   3.995449   48.95995  -16.44672     6.0409     6.2674     63.448    35.4938    35.4974 0.0000e+00
    587.524      14102     65.000    11.3974    11.3975   3.994727   3.995100   48.95995  -16.44672     6.0380     6.2671     64.439    35.4932    35.4969 0.0000e+00
    589.155      14141     66.000    11.3960    11.3937   3.994516   3.994733   48.95994  -16.44671     6.0405     6.2675     65.430    35.4920    35.4964 0.0000e+00
    591.079      14187     67.000    11.3944    11.3893   3.994548   3.994314   48.95994  -16.44671     6.0451     6.2692     66.421    35.4934    35.4960 0.0000e+00
    592.839      14229     68.000    11.3822    11.3821   3.993480   3.993717   48.95994  -16.44671     6.0394     6.2663     67.412    35.4941    35.4965 0.0000e+00
    594.215      14262     69.000    11.3739    11.3756   3.992452   3.992967   48.95995  -16.44672     6.0355     6.2703     68.403    35.4914    35.4949 0.0000e+00
    595.648      14297     70.000    11.3711    11.3717   3.992057   3.992521   48.95995  -16.44672     6.0398     6.2735     69.395    35.4898    35.4937 0.0000e+00
    597.362      14338     71.000    11.3687    11.3674   3.991847   3.992095   48.95994  -16.44673     6.0486     6.2723     70.386    35.4895    35.4932 0.0000e+00
    599.194      14382     72.000    11.3649    11.3596   3.991481   3.991378   48.95993  -16.44673     6.0505     6.2741     71.377    35.4891    35.4931 0.0000e+00
    601.174      14429     73.000    11.3601    11.3524   3.991035   3.990442   48.95993  -16.44673     6.0465     6.2817     72.368    35.4888    35.4904 0.0000e+00
    603.137      14476     74.000    11.3496    11.3470   3.990106   3.989923   48.95993  -16.44673     6.0472     6.2848     73.359    35.4892    35.4900 0.0000e+00
    604.590      14511     75.000    11.3409    11.3405   3.989112   3.989401   48.95993  -16.44673     6.0463     6.2847     74.351    35.4873    35.4906 0.0000e+00
    605.936      14543     76.000    11.3358    11.3327   3.988509   3.988660   48.95993  -16.44673     6.0421     6.2826     75.342    35.4858    35.4903 0.0000e+00
    607.542      14582     77.000    11.3298    11.3245   3.988015   3.987807   48.95993  -16.44673     6.0422     6.2812     76.333    35.4862    35.4892 0.0000e+00
    609.205      14622     78.000    11.3181    11.3171   3.986837   3.986979   48.95993  -16.44673     6.0461     6.2774     77.324    35.4853    35.4876 0.0000e+00
    610.633      14656     79.000    11.3135    11.3136   3.986185   3.986544   48.95993  -16.44673     6.0491     6.2789     78.315    35.4828    35.4863 0.0000e+00
    612.218      14694     80.000    11.3149    11.3115   3.986187   3.986304   48.95993  -16.44673     6.0525     6.2800     79.306    35.4810    35.4854 0.0000e+00
    614.282      14744     81.000    11.3140    11.3101   3.986358   3.986156   48.95993  -16.44673     6.0479     6.2780     80.297    35.4831    35.4848 0.0000e+00
    615.966      14784     82.000    11.3082    11.3087   3.985737   3.986073   48.95993  -16.44673     6.0418     6.2746     81.289    35.4821    35.4849 0.0000e+00
    617.203      14814     83.000    11.3063    11.3071   3.985527   3.985958   48.95993  -16.44673     6.0417     6.2761     82.280    35.4814    35.4849 0.0000e+00
    618.530      14846     84.000    11.3060    11.3057   3.985469   3.985818   48.95993  -16.44673     6.0445     6.2773     83.271    35.4806    35.4844 0.0000e+00
    620.471      14892     85.000    11.3053    11.3044   3.985484   3.985707   48.95994  -16.44673     6.0505     6.2769     84.262    35.4810    35.4841 0.0000e+00
    622.500      14941     86.000    11.2985    11.3008   3.984999   3.985480   48.95994  -16.44673     6.0526     6.2800     85.253    35.4823    35.4849 0.0000e+00
    623.986      14977     87.000    11.2875    11.2913   3.983956   3.984749   48.95994  -16.44673     6.0502     6.2795     86.244    35.4820    35.4862 0.0000e+00
    625.275      15008     88.000    11.2825    11.2832   3.983241   3.983781   48.95993  -16.44673     6.0459     6.2802     87.235    35.4792    35.4839 0.0000e+00
    626.607      15040     89.000    11.2817    11.2789   3.983072   3.983238   48.95993  -16.44673     6.0447     6.2812     88.226    35.4779    35.4823 0.0000e+00
    628.353      15081     90.000    11.2821    11.2727   3.983189   3.982715   48.95993  -16.44673     6.0487     6.2816     89.217    35.4783    35.4826 0.0000e+00
    630.418      15131     91.000    11.2614    11.2509   3.981746   3.980883   48.95993  -16.44673     6.0528     6.2853     90.209    35.4833    35.4849 0.0000e+00
    631.916      15167     92.000    11.2325    11.2285   3.978590   3.978376   48.95993  -16.44673     6.0534     6.2854     91.200    35.4793    35.4810 0.0000e+00
    633.116      15196     93.000    11.2207    11.2182   3.976892   3.976941   48.95993  -16.44673     6.0574     6.2856     92.191    35.4733    35.4762 0.0000e+00
    634.410      15227     94.000    11.2185    11.2124   3.976345   3.976222   48.95993  -16.44673     6.0631     6.2883     93.182    35.4696    35.4742 0.0000e+00
    636.179      15269     95.000    11.2183    11.2075   3.976492   3.975591   48.95993  -16.44673     6.0599     6.2904     94.173    35.4707    35.4721 0.0000e+00
    638.244      15319     96.000    11.2065    11.2036   3.975358   3.975178   48.95993  -16.44673     6.0542     6.2923     95.164    35.4703    35.4713 0.0000e+00
    639.843      15357     97.000    11.2019    11.2002   3.974676   3.974846   48.95993  -16.44673     6.0584     6.2936     96.155    35.4676    35.4708 0.0000e+00
