Data_example/SBE_Data_Processed/DY130/SeaBird/Data/Processed/DY130_003cfaldb.cnv
* Sea-Bird SBE 9 Data File:
* FileName = C:\Users\sandm\Documents\Cruises\DY130\Data\Raw Data\DY130_003.hex
* Software Version Seasave V 7.26.7.121
* Temperature SN = 03P-5494
* Conductivity SN = 04C-3768
* Number of Bytes Per Scan = 45
* Number of Voltage Words = 4
* Number of Scans Averaged by the Deck Unit = 1
* NMEA Latitude = 48 56.15 N
* NMEA Longitude = 016 26.53 W
* NMEA UTC (Time) = Mar 31 2021  06:44:02
* NMEA baud rate = 9600
** Ship: RRS Discovery
** Cruise: DY130
** Cast: DY130_003
** Station: 021
** Julian Day: 090
** Date: 31st March 2021
** Time (GMT): 06:43
** Latitude: 48 56.14 N
** Longitude: 16 26.52 W
** Depth (uncorrected m): 4834
** Principal Scientist: Sue Hart
** Operator: BP/PH
# nquan = 15
# nvalues = 9708                        
# units = specified
# name 0 = timeS: Time, Elapsed [seconds]
# name 1 = scan: Scan Count
# name 2 = prDM: Pressure, Digiquartz [db]
# name 3 = t090C: Temperature [ITS-90, deg C]
# name 4 = t190C: Temperature, 2 [ITS-90, deg C]
# name 5 = c0S/m: Conductivity [S/m]
# name 6 = c1S/m: Conductivity, 2 [S/m]
# name 7 = latitude: Latitude [deg]
# name 8 = longitude: Longitude [deg]
# name 9 = sbeox0ML/L: Oxygen, SBE 43 [ml/l]
# name 10 = sbeox1ML/L: Oxygen, SBE 43, 2 [ml/l]
# name 11 = depSM: Depth [salt water, m], lat = 48.9358
# name 12 = sal00: Salinity, Practical [PSU]
# name 13 = sal11: Salinity, Practical, 2 [PSU]
# name 14 = flag: flag
# span 0 =    220.143,  14710.513       
# span 1 =       5284,     353053       
# span 2 =      1.000,   4855.000       
# span 3 =     2.5325,    11.7870       
# span 4 =     2.5354,    11.8119       
# span 5 =   2.910735,   4.033066       
# span 6 =   3.272134,   4.036460       
# span 7 =   48.93573,   48.93582       
# span 8 =  -16.44216,  -16.44210       
# span 9 =     4.3535,     6.1969       
# span 10 =     4.5414,     6.4993      
# span 11 =      0.992,   4759.738      
# span 12 =    24.6680,    35.5900      
# span 13 =    32.1141,    35.5524      
# span 14 = 0.0000e+00, 0.0000e+00      
# interval = decibars: 1                
# start_time = Mar 31 2021 06:44:03 [NMEA time, first data scan]
# bad_flag = -9.990e-29
*END*
[from data line 5591]
   6798.769     163171   4117.000     2.5441     2.5475   3.283674   3.284068   48.93581  -16.44214     5.4747     5.7695   4042.920    34.9060    34.9072 0.0000e+00
   6799.833     163197   4116.000     2.5444     2.5478   3.283663   3.284058   48.93581  -16.44214     5.4772     5.7694   4041.947    34.9060    34.9072 0.0000e+00
   6800.826     163221   4115.000     2.5447     2.5479   3.283655   3.284039   48.93581  -16.44214     5.4788     5.7711   4040.974    34.9060    34.9072 0.0000e+00
   6801.695     163242   4114.000     2.5449     2.5482   3.283643   3.284020   48.93581  -16.44214     5.4816     5.7715   4040.002    34.9061    34.9071 0.0000e+00
   6802.466     163260   4113.000     2.5452     2.5484   3.283630   3.284008   48.93581  -16.44214     5.4808     5.7686   4039.029    34.9061    34.9071 0.0000e+00
   6803.183     163277   4112.000     2.5454     2.5486   3.283620   3.283996   48.93581  -16.44213     5.4789     5.7649   4038.056    34.9061    34.9072 0.0000e+00
   6803.887     163294   4111.000     2.5456     2.5488   3.283609   3.283979   48.93581  -16.44213     5.4780     5.7655   4037.083    34.9062    34.9072 0.0000e+00
   6804.622     163312   4110.000     2.5457     2.5491   3.283592   3.283970   48.93581  -16.44213     5.4779     5.7684   4036.110    34.9063    34.9072 0.0000e+00
   6805.452     163332   4109.000     2.5457     2.5494   3.283569   3.283974   48.93581  -16.44213     5.4778     5.7722   4035.137    34.9064    34.9074 0.0000e+00
   6806.502     163357   4108.000     2.5454     2.5496   3.283522   3.283979   48.93581  -16.44213     5.4774     5.7767   4034.164    34.9066    34.9076 0.0000e+00
   6807.911     163391   4107.000     2.5449     2.5497   3.283436   3.283967   48.93581  -16.44213     5.4788     5.7724   4033.191    34.9065    34.9078 0.0000e+00
   6809.341     163425   4106.000     2.5450     2.5496   3.283396   3.283926   48.93581  -16.44213     5.4750     5.7692   4032.218    34.9063    34.9078 0.0000e+00
   6810.458     163452   4105.000     2.5453     2.5498   3.283382   3.283891   48.93581  -16.44214     5.4757     5.7713   4031.246    34.9062    34.9076 0.0000e+00
   6811.406     163475   4104.000     2.5458     2.5499   3.283379   3.283869   48.93581  -16.44214     5.4761     5.7692   4030.273    34.9060    34.9076 0.0000e+00
   6812.276     163496   4103.000     2.5464     2.5499   3.283407   3.283839   48.93581  -16.44214     5.4749     5.7680   4029.300    34.9062    34.9077 0.0000e+00
   6813.107     163516   4102.000     2.5468     2.5500   3.283414   3.283806   48.93581  -16.44214     5.4745     5.7664   4028.327    34.9063    34.9076 0.0000e+00
   6813.928     163535   4101.000     2.5470     2.5500   3.283402   3.283776   48.93581  -16.44214     5.4757     5.7645   4027.354    34.9064    34.9076 0.0000e+00
   6814.760     163555   4100.000     2.5471     2.5501   3.283386   3.283755   48.93581  -16.44213     5.4768     5.7640   4026.381    34.9064    34.9076 0.0000e+00
   6815.623     163576   4099.000     2.5472     2.5502   3.283366   3.283731   48.93581  -16.44213     5.4767     5.7639   4025.408    34.9065    34.9077 0.0000e+00
   6816.523     163598   4098.000     2.5473     2.5501   3.283342   3.283696   48.93581  -16.44213     5.4753     5.7655   4024.435    34.9065    34.9078 0.0000e+00
   6817.455     163620   4097.000     2.5473     2.5500   3.283311   3.283655   48.93581  -16.44213     5.4751     5.7693   4023.462    34.9066    34.9078 0.0000e+00
   6818.397     163643   4096.000     2.5473     2.5499   3.283278   3.283614   48.93581  -16.44213     5.4794     5.7717   4022.489    34.9066    34.9078 0.0000e+00
   6819.336     163665   4095.000     2.5472     2.5499   3.283243   3.283573   48.93581  -16.44213     5.4825     5.7710   4021.516    34.9067    34.9078 0.0000e+00
   6820.280     163688   4094.000     2.5472     2.5499   3.283211   3.283539   48.93581  -16.44213     5.4810     5.7764   4020.543    34.9067    34.9078 0.0000e+00
   6821.258     163711   4093.000     2.5472     2.5499   3.283175   3.283510   48.93581  -16.44213     5.4797     5.7770   4019.570    34.9067    34.9079 0.0000e+00
   6822.303     163736   4092.000     2.5472     2.5499   3.283141   3.283477   48.93581  -16.44214     5.4789     5.7718   4018.597    34.9067    34.9079 0.0000e+00
   6823.393     163762   4091.000     2.5472     2.5499   3.283109   3.283442   48.93581  -16.44214     5.4789     5.7676   4017.624    34.9067    34.9079 0.0000e+00
   6824.434     163787   4090.000     2.5473     2.5503   3.283078   3.283425   48.93581  -16.44213     5.4773     5.7655   4016.651    34.9067    34.9077 0.0000e+00
   6825.368     163810   4089.000     2.5474     2.5506   3.283051   3.283424   48.93581  -16.44213     5.4753     5.7665   4015.678    34.9066    34.9077 0.0000e+00
   6826.213     163830   4088.000     2.5477     2.5509   3.283033   3.283418   48.93581  -16.44213     5.4765     5.7697   4014.705    34.9066    34.9077 0.0000e+00
   6827.002     163849   4087.000     2.5479     2.5511   3.283021   3.283405   48.93581  -16.44213     5.4790     5.7730   4013.732    34.9066    34.9078 0.0000e+00
   6827.774     163868   4086.000     2.5481     2.5512   3.283009   3.283385   48.93581  -16.44213     5.4792     5.7769   4012.759    34.9067    34.9079 0.0000e+00
   6828.564     163887   4085.000     2.5482     2.5512   3.282994   3.283359   48.93581  -16.44213     5.4782     5.7786   4011.786    34.9068    34.9080 0.0000e+00
   6829.420     163907   4084.000     2.5483     2.5512   3.282975   3.283331   48.93581  -16.44213     5.4781     5.7764   4010.813    34.9068    34.9081 0.0000e+00
   6830.402     163931   4083.000     2.5484     2.5512   3.282955   3.283303   48.93581  -16.44213     5.4777     5.7742   4009.840    34.9069    34.9081 0.0000e+00
   6831.559     163958   4082.000     2.5484     2.5512   3.282928   3.283271   48.93581  -16.44214     5.4765     5.7700   4008.867    34.9070    34.9082 0.0000e+00
   6832.809     163988   4081.000     2.5484     2.5513   3.282891   3.283244   48.93581  -16.44214     5.4763     5.7671   4007.894    34.9070    34.9081 0.0000e+00
   6833.980     164017   4080.000     2.5484     2.5516   3.282853   3.283229   48.93581  -16.44214     5.4762     5.7658   4006.922    34.9069    34.9081 0.0000e+00
   6835.019     164041   4079.000     2.5484     2.5520   3.282815   3.283224   48.93581  -16.44214     5.4782     5.7661   4005.948    34.9069    34.9080 0.0000e+00
   6835.938     164064   4078.000     2.5487     2.5524   3.282793   3.283217   48.93581  -16.44214     5.4826     5.7659   4004.975    34.9067    34.9079 0.0000e+00
   6836.771     164084   4077.000     2.5491     2.5527   3.282790   3.283216   48.93581  -16.44214     5.4815     5.7670   4004.002    34.9067    34.9080 0.0000e+00
   6837.557     164102   4076.000     2.5495     2.5529   3.282794   3.283207   48.93581  -16.44213     5.4814     5.7701   4003.029    34.9068    34.9081 0.0000e+00
   6838.329     164121   4075.000     2.5497     2.5529   3.282793   3.283185   48.93581  -16.44213     5.4826     5.7739   4002.056    34.9069    34.9082 0.0000e+00
   6839.127     164140   4074.000     2.5499     2.5530   3.282782   3.283159   48.93581  -16.44213     5.4825     5.7777   4001.083    34.9070    34.9082 0.0000e+00
   6839.994     164161   4073.000     2.5499     2.5529   3.282760   3.283129   48.93581  -16.44213     5.4823     5.7776   4000.110    34.9071    34.9084 0.0000e+00
   6841.000     164185   4072.000     2.5500     2.5529   3.282732   3.283096   48.93581  -16.44213     5.4818     5.7750   3999.137    34.9071    34.9084 0.0000e+00
   6842.233     164215   4071.000     2.5497     2.5529   3.282692   3.283064   48.93581  -16.44214     5.4789     5.7705   3998.164    34.9073    34.9084 0.0000e+00
   6843.608     164248   4070.000     2.5498     2.5529   3.282647   3.283030   48.93581  -16.44214     5.4768     5.7669   3997.191    34.9071    34.9084 0.0000e+00
   6844.777     164276   4069.000     2.5500     2.5531   3.282633   3.283006   48.93581  -16.44214     5.4776     5.7673   3996.218    34.9071    34.9083 0.0000e+00
   6845.686     164297   4068.000     2.5502     2.5534   3.282611   3.282989   48.93581  -16.44214     5.4777     5.7672   3995.245    34.9071    34.9083 0.0000e+00
   6846.455     164316   4067.000     2.5504     2.5536   3.282593   3.282972   48.93581  -16.44214     5.4793     5.7670   3994.272    34.9071    34.9082 0.0000e+00
   6847.152     164333   4066.000     2.5506     2.5539   3.282578   3.282956   48.93581  -16.44213     5.4809     5.7678   3993.299    34.9071    34.9082 0.0000e+00
   6847.825     164349   4065.000     2.5509     2.5541   3.282564   3.282947   48.93581  -16.44213     5.4810     5.7704   3992.326    34.9071    34.9082 0.0000e+00
   6848.515     164365   4064.000     2.5510     2.5544   3.282551   3.282940   48.93581  -16.44213     5.4794     5.7750   3991.352    34.9071    34.9083 0.0000e+00
   6849.273     164384   4063.000     2.5511     2.5546   3.282533   3.282938   48.93581  -16.44213     5.4766     5.7809   3990.379    34.9073    34.9084 0.0000e+00
   6850.204     164406   4062.000     2.5510     2.5546   3.282504   3.282924   48.93581  -16.44213     5.4754     5.7809   3989.406    34.9074    34.9087 0.0000e+00
   6851.534     164438   4061.000     2.5505     2.5546   3.282439   3.282892   48.93581  -16.44213     5.4795     5.7733   3988.433    34.9076    34.9087 0.0000e+00
   6853.055     164474   4060.000     2.5505     2.5545   3.282383   3.282851   48.93581  -16.44213     5.4766     5.7690   3987.460    34.9073    34.9087 0.0000e+00
   6854.184     164501   4059.000     2.5507     2.5545   3.282363   3.282811   48.93581  -16.44213     5.4749     5.7677   3986.487    34.9073    34.9087 0.0000e+00
   6855.103     164523   4058.000     2.5511     2.5545   3.282359   3.282776   48.93581  -16.44213     5.4762     5.7687   3985.514    34.9072    34.9086 0.0000e+00
   6855.957     164544   4057.000     2.5514     2.5545   3.282359   3.282740   48.93581  -16.44213     5.4769     5.7714   3984.541    34.9074    34.9086 0.0000e+00
   6856.803     164564   4056.000     2.5515     2.5545   3.282342   3.282705   48.93581  -16.44213     5.4773     5.7752   3983.568    34.9074    34.9086 0.0000e+00
   6857.671     164585   4055.000     2.5516     2.5544   3.282319   3.282670   48.93581  -16.44213     5.4780     5.7774   3982.595    34.9075    34.9087 0.0000e+00
   6858.583     164607   4054.000     2.5516     2.5544   3.282288   3.282634   48.93581  -16.44213     5.4789     5.7792   3981.621    34.9075    34.9087 0.0000e+00
   6859.555     164630   4053.000     2.5516     2.5543   3.282256   3.282596   48.93581  -16.44213     5.4787     5.7799   3980.648    34.9076    34.9088 0.0000e+00
   6860.581     164655   4052.000     2.5516     2.5544   3.282226   3.282563   48.93581  -16.44213     5.4760     5.7749   3979.675    34.9076    34.9087 0.0000e+00
   6861.593     164679   4051.000     2.5516     2.5545   3.282193   3.282535   48.93581  -16.44213     5.4761     5.7719   3978.702    34.9076    34.9087 0.0000e+00
   6862.511     164701   4050.000     2.5517     2.5546   3.282161   3.282510   48.93581  -16.44213     5.4772     5.7701   3977.729    34.9075    34.9086 0.0000e+00
   6863.328     164721   4049.000     2.5518     2.5548   3.282132   3.282488   48.93581  -16.44213     5.4777     5.7694   3976.756    34.9075    34.9087 0.0000e+00
   6864.082     164739   4048.000     2.5519     2.5549   3.282106   3.282465   48.93581  -16.44213     5.4793     5.7704   3975.783    34.9075    34.9087 0.0000e+00
   6864.812     164756   4047.000     2.5520     2.5550   3.282084   3.282440   48.93581  -16.44213     5.4810     5.7741   3974.809    34.9076    34.9087 0.0000e+00
   6865.560     164774   4046.000     2.5521     2.5550   3.282061   3.282416   48.93581  -16.44213     5.4820     5.7791   3973.836    34.9076    34.9087 0.0000e+00
   6866.382     164794   4045.000     2.5521     2.5551   3.282034   3.282394   48.93581  -16.44213     5.4816     5.7825   3972.863    34.9077    34.9088 0.0000e+00
   6867.370     164818   4044.000     2.5519     2.5552   3.281998   3.282376   48.93581  -16.44213     5.4813     5.7816   3971.890    34.9078    34.9089 0.0000e+00
   6868.643     164848   4043.000     2.5516     2.5551   3.281939   3.282349   48.93581  -16.44213     5.4816     5.7786   3970.917    34.9078    34.9091 0.0000e+00
   6870.003     164881   4042.000     2.5518     2.5553   3.281900   3.282319   48.93581  -16.44213     5.4810     5.7735   3969.944    34.9076    34.9090 0.0000e+00
   6871.116     164908   4041.000     2.5521     2.5556   3.281894   3.282295   48.93581  -16.44213     5.4808     5.7706   3968.970    34.9076    34.9088 0.0000e+00
   6872.057     164930   4040.000     2.5524     2.5558   3.281883   3.282285   48.93581  -16.44213     5.4798     5.7687   3967.997    34.9076    34.9088 0.0000e+00
   6872.918     164951   4039.000     2.5527     2.5560   3.281876   3.282268   48.93581  -16.44213     5.4809     5.7691   3967.024    34.9076    34.9089 0.0000e+00
   6873.742     164971   4038.000     2.5530     2.5561   3.281868   3.282248   48.93581  -16.44213     5.4817     5.7708   3966.051    34.9077    34.9089 0.0000e+00
   6874.562     164990   4037.000     2.5532     2.5562   3.281856   3.282223   48.93581  -16.44213     5.4803     5.7706   3965.078    34.9077    34.9089 0.0000e+00
   6875.409     165011   4036.000     2.5533     2.5563   3.281842   3.282202   48.93581  -16.44213     5.4787     5.7709   3964.104    34.9078    34.9090 0.0000e+00
   6876.321     165033   4035.000     2.5534     2.5564   3.281818   3.282181   48.93581  -16.44213     5.4789     5.7744   3963.131    34.9079    34.9091 0.0000e+00
   6877.326     165057   4034.000     2.5534     2.5566   3.281789   3.282165   48.93581  -16.44213     5.4808     5.7800   3962.158    34.9079    34.9091 0.0000e+00
   6878.395     165082   4033.000     2.5535     2.5568   3.281761   3.282152   48.93581  -16.44213     5.4803     5.7812   3961.185    34.9079    34.9091 0.0000e+00
   6879.419     165107   4032.000     2.5536     2.5571   3.281733   3.282141   48.93581  -16.44213     5.4778     5.7795   3960.211    34.9078    34.9091 0.0000e+00
   6880.349     165129   4031.000     2.5538     2.5573   3.281715   3.282125   48.93581  -16.44213     5.4760     5.7754   3959.238    34.9078    34.9090 0.0000e+00
   6881.210     165150   4030.000     2.5540     2.5575   3.281702   3.282108   48.93581  -16.44214     5.4754     5.7731   3958.265    34.9079    34.9091 0.0000e+00
   6882.060     165170   4029.000     2.5543     2.5576   3.281691   3.282089   48.93581  -16.44214     5.4764     5.7724   3957.292    34.9079    34.9091 0.0000e+00
   6882.964     165192   4028.000     2.5544     2.5576   3.281678   3.282067   48.93581  -16.44214     5.4777     5.7730   3956.319    34.9080    34.9093 0.0000e+00
   6884.009     165217   4027.000     2.5545     2.5575   3.281661   3.282037   48.93581  -16.44214     5.4803     5.7755   3955.345    34.9081    34.9094 0.0000e+00
   6885.236     165247   4026.000     2.5545     2.5575   3.281631   3.282003   48.93581  -16.44214     5.4795     5.7770   3954.372    34.9082    34.9095 0.0000e+00
   6886.463     165276   4025.000     2.5546     2.5577   3.281602   3.281975   48.93581  -16.44214     5.4778     5.7774   3953.399    34.9081    34.9093 0.0000e+00
   6887.512     165301   4024.000     2.5547     2.5579   3.281579   3.281949   48.93581  -16.44214     5.4814     5.7790   3952.426    34.9082    34.9093 0.0000e+00
   6888.419     165323   4023.000     2.5549     2.5580   3.281554   3.281923   48.93581  -16.44213     5.4830     5.7756   3951.452    34.9080    34.9092 0.0000e+00
