Data_example/SBE_Data_Processed/DY130/SeaBird/Data/Processed/DY130_014cfaldb.cnv
* Sea-Bird SBE 9 Data File:
* FileName = C:\Users\sandm\Documents\Cruises\DY130\Data\Raw Data\DY130_014.hex
* Software Version Seasave V 7.26.7.121
* Temperature SN = 03P-5494
* Conductivity SN = 04C-3768
* Number of Bytes Per Scan = 45
* Number of Voltage Words = 4
* Number of Scans Averaged by the Deck Unit = 1
* NMEA Latitude = 49 15.62 N
* NMEA Longitude = 014 30.22 W
* NMEA UTC (Time) = Apr 12 2021  01:21:29
* NMEA baud rate = 9600
** Ship: RRS Discovery
** Cruise: DY130
** Cast: 014
** Station: 080
** Julian Day: 102
** Date: 12/04/2021
** Time (GMT): 01:21
** Latitude: 49 15.62N
** Longitude: 14 30.21W
** Depth (uncorrected m): 4493
** Principal Scientist: Sue Hart
** Operator: BP/PH
# nquan = 15
# nvalues = 2016                        
# units = specified
# name 0 = timeS: Time, Elapsed [seconds]
# name 1 = scan: Scan Count
# name 2 = prDM: Pressure, Digiquartz [db]
# name 3 = t090C: Temperature [ITS-90, deg C]
# name 4 = t190C: Temperature, 2 [ITS-90, deg C]
# name 5 = c0S/m: Conductivity [S/m]
# name 6 = c1S/m: Conductivity, 2 [S/m]
# name 7 = latitude: Latitude [deg]
# name 8 = longitude: Longitude [deg]
# name 9 = sbeox0ML/L: Oxygen, SBE 43 [ml/l]
# name 10 = sbeox1ML/L: Oxygen, SBE 43, 2 [ml/l]
# name 11 = depSM: Depth [salt water, m], lat = 49.2603
# name 12 = sal00: Salinity, Practical [PSU]
# name 13 = sal11: Salinity, Practical, 2 [PSU]
# name 14 = flag: flag
# span 0 =    325.923,   6037.058       
# span 1 =       7823,     144890       
# span 2 =      2.000,   1012.000       
# span 3 =     8.7439,    11.8504       
# span 4 =     8.7449,    11.8518       
# span 5 =   3.776405,   4.056676       
# span 6 =   3.667957,   4.057195       
# span 7 =   49.25804,   49.49553       
# span 8 =  -14.57132,  -14.50139       
# span 9 =     4.3853,     6.5486       
# span 10 =     4.5518,     6.9088      
# span 11 =      1.983,   1000.953      
# span 12 =    33.2566,    35.7308      
# span 13 =    32.0991,    35.7345      
# span 14 = 0.0000e+00, 0.0000e+00      
# interval = decibars: 1                
# start_time = Apr 12 2021 01:21:29 [NMEA time, first data scan]
# bad_flag = -9.990e-29
*END*
[from data line 97]
   1052.126      25252     99.000    11.4787    11.4782   4.007100   4.007409   49.26036  -14.50368     5.8919     6.1073     98.134    35.5224    35.5259 0.0000e+00
   1053.696      25290    100.000    11.4758    11.4737   4.006693   4.006991   49.26036  -14.50368     5.8927     6.1024     99.125    35.5206    35.5256 0.0000e+00
   1055.571      25335    101.000    11.4764    11.4692   4.006743   4.006481   49.26036  -14.50368     5.8997     6.1048    100.116    35.5202    35.5244 0.0000e+00
   1059.191      25422    102.000    11.4690    11.4741   4.006087   4.006965   49.26037  -14.50368     5.8954     6.1068    101.107    35.5203    35.5241 0.0000e+00
   1062.756      25507    103.000    11.4628    11.4658   4.005388   4.006362   49.26037  -14.50369     5.8960     6.1060    102.098    35.5189    35.5256 0.0000e+00
   1066.725      25602    104.000    11.4516    11.4523   4.004339   4.004989   49.26037  -14.50369     5.8852     6.1046    103.089    35.5188    35.5246 0.0000e+00
   1086.063      26067    105.000    11.4450    11.4485   4.003483   4.004462   49.26037  -14.50368     5.8740     6.0912    104.080    35.5162    35.5225 0.0000e+00
   1095.630      26296    106.000    11.4365    11.4384   4.002586   4.003258   49.26037  -14.50368     5.8606     6.0763    105.071    35.5151    35.5199 0.0000e+00
   1098.012      26353    107.000    11.4233    11.4266   4.001330   4.002103   49.26037  -14.50368     5.8362     6.0562    106.062    35.5148    35.5194 0.0000e+00
   1099.399      26387    108.000    11.4163    11.4187   4.000443   4.001203   49.26037  -14.50368     5.8309     6.0467    107.053    35.5124    35.5176 0.0000e+00
   1100.541      26414    109.000    11.4138    11.4153   4.000119   4.000740   49.26037  -14.50368     5.8346     6.0445    108.044    35.5110    35.5158 0.0000e+00
   1101.584      26439    110.000    11.4128    11.4139   4.000006   4.000571   49.26037  -14.50368     5.8387     6.0457    109.035    35.5105    35.5150 0.0000e+00
   1102.595      26463    111.000    11.4117    11.4130   3.999948   4.000500   49.26037  -14.50368     5.8416     6.0471    110.026    35.5105    35.5148 0.0000e+00
   1103.613      26488    112.000    11.4100    11.4116   3.999844   4.000429   49.26037  -14.50368     5.8430     6.0512    111.017    35.5107    35.5149 0.0000e+00
   1104.666      26513    113.000    11.4073    11.4090   3.999659   4.000275   49.26037  -14.50368     5.8503     6.0619    112.008    35.5110    35.5155 0.0000e+00
   1105.721      26538    114.000    11.4050    11.4062   3.999455   4.000028   49.26037  -14.50368     5.8713     6.0795    112.999    35.5107    35.5152 0.0000e+00
   1106.723      26562    115.000    11.4029    11.4039   3.999317   3.999858   49.26037  -14.50368     5.8946     6.1036    113.990    35.5110    35.5153 0.0000e+00
   1107.654      26585    116.000    11.4005    11.4013   3.999138   3.999672   49.26037  -14.50368     5.9085     6.1239    114.981    35.5110    35.5155 0.0000e+00
   1108.537      26606    117.000    11.3976    11.3981   3.998910   3.999420   49.26037  -14.50368     5.9134     6.1325    115.972    35.5111    35.5156 0.0000e+00
   1109.407      26627    118.000    11.3941    11.3944   3.998620   3.999094   49.26037  -14.50368     5.9129     6.1327    116.963    35.5111    35.5155 0.0000e+00
   1110.304      26648    119.000    11.3900    11.3900   3.998253   3.998698   49.26037  -14.50368     5.9106     6.1309    117.954    35.5109    35.5154 0.0000e+00
   1111.268      26671    120.000    11.3859    11.3861   3.997828   3.998259   49.26037  -14.50368     5.9102     6.1317    118.945    35.5102    35.5143 0.0000e+00
   1112.305      26696    121.000    11.3832    11.3835   3.997540   3.998008   49.26037  -14.50368     5.9152     6.1372    119.936    35.5095    35.5138 0.0000e+00
   1113.359      26722    122.000    11.3793    11.3792   3.997287   3.997707   49.26037  -14.50368     5.9230     6.1434    120.926    35.5103    35.5146 0.0000e+00
   1114.374      26746    123.000    11.3749    11.3751   3.996845   3.997272   49.26037  -14.50368     5.9291     6.1456    121.917    35.5097    35.5138 0.0000e+00
   1115.353      26769    124.000    11.3712    11.3714   3.996496   3.996939   49.26037  -14.50368     5.9341     6.1447    122.908    35.5093    35.5136 0.0000e+00
   1116.323      26793    125.000    11.3668    11.3670   3.996107   3.996549   49.26037  -14.50368     5.9381     6.1457    123.899    35.5093    35.5135 0.0000e+00
   1117.292      26816    126.000    11.3619    11.3623   3.995638   3.996106   49.26037  -14.50368     5.9390     6.1497    124.890    35.5089    35.5132 0.0000e+00
   1118.239      26839    127.000    11.3574    11.3579   3.995174   3.995642   49.26037  -14.50368     5.9359     6.1518    125.881    35.5082    35.5123 0.0000e+00
   1119.147      26861    128.000    11.3545    11.3553   3.994820   3.995316   49.26037  -14.50368     5.9339     6.1507    126.872    35.5070    35.5112 0.0000e+00
   1120.022      26882    129.000    11.3529    11.3537   3.994640   3.995143   49.26037  -14.50368     5.9345     6.1489    127.863    35.5063    35.5106 0.0000e+00
   1120.882      26902    130.000    11.3516    11.3524   3.994535   3.995032   49.26037  -14.50368     5.9345     6.1462    128.854    35.5060    35.5102 0.0000e+00
   1121.768      26923    131.000    11.3505    11.3514   3.994442   3.994948   49.26037  -14.50368     5.9336     6.1444    129.844    35.5058    35.5099 0.0000e+00
   1122.744      26947    132.000    11.3490    11.3500   3.994335   3.994863   49.26037  -14.50368     5.9366     6.1473    130.835    35.5057    35.5099 0.0000e+00
   1123.886      26974    133.000    11.3464    11.3469   3.994127   3.994629   49.26037  -14.50368     5.9431     6.1513    131.826    35.5057    35.5102 0.0000e+00
   1125.144      27004    134.000    11.3408    11.3410   3.993681   3.994128   49.26037  -14.50368     5.9427     6.1518    132.817    35.5062    35.5104 0.0000e+00
   1126.304      27032    135.000    11.3310    11.3310   3.992862   3.993304   49.26037  -14.50368     5.9381     6.1488    133.808    35.5070    35.5114 0.0000e+00
   1127.270      27055    136.000    11.3201    11.3205   3.991731   3.992185   49.26037  -14.50368     5.9335     6.1476    134.799    35.5058    35.5099 0.0000e+00
   1128.099      27075    137.000    11.3150    11.3156   3.990985   3.991471   49.26037  -14.50368     5.9331     6.1517    135.790    35.5029    35.5071 0.0000e+00
   1128.863      27094    138.000    11.3122    11.3126   3.990727   3.991205   49.26037  -14.50368     5.9369     6.1613    136.780    35.5026    35.5069 0.0000e+00
   1129.614      27112    139.000    11.3091    11.3091   3.990513   3.990962   49.26037  -14.50368     5.9457     6.1737    137.771    35.5029    35.5074 0.0000e+00
   1130.390      27130    140.000    11.3056    11.3056   3.990205   3.990618   49.26037  -14.50368     5.9585     6.1849    138.762    35.5029    35.5069 0.0000e+00
   1131.239      27151    141.000    11.3028    11.3031   3.989891   3.990334   49.26037  -14.50368     5.9696     6.1925    139.753    35.5019    35.5060 0.0000e+00
   1132.218      27174    142.000    11.3007    11.3009   3.989676   3.990124   49.26037  -14.50368     5.9733     6.1943    140.744    35.5014    35.5056 0.0000e+00
   1133.361      27202    143.000    11.2983    11.2987   3.989472   3.989914   49.26037  -14.50368     5.9707     6.1932    141.735    35.5012    35.5052 0.0000e+00
   1134.575      27231    144.000    11.2945    11.2954   3.989182   3.989679   49.26037  -14.50368     5.9700     6.1904    142.725    35.5015    35.5056 0.0000e+00
   1135.684      27257    145.000    11.2893    11.2899   3.988720   3.989211   49.26037  -14.50368     5.9729     6.1853    143.716    35.5015    35.5058 0.0000e+00
   1136.644      27280    146.000    11.2852    11.2857   3.988270   3.988730   49.26037  -14.50368     5.9741     6.1827    144.707    35.5005    35.5046 0.0000e+00
   1137.511      27301    147.000    11.2830    11.2839   3.987985   3.988482   49.26037  -14.50368     5.9725     6.1826    145.698    35.4994    35.5034 0.0000e+00
   1138.339      27321    148.000    11.2818    11.2830   3.987875   3.988404   49.26037  -14.50368     5.9699     6.1842    146.689    35.4989    35.5031 0.0000e+00
   1139.177      27341    149.000    11.2809    11.2821   3.987817   3.988360   49.26037  -14.50368     5.9695     6.1889    147.679    35.4988    35.5031 0.0000e+00
   1140.060      27362    150.000    11.2796    11.2807   3.987744   3.988279   49.26037  -14.50368     5.9726     6.1937    148.670    35.4989    35.5031 0.0000e+00
   1141.018      27385    151.000    11.2778    11.2787   3.987602   3.988123   49.26037  -14.50368     5.9742     6.1954    149.661    35.4988    35.5030 0.0000e+00
   1142.055      27410    152.000    11.2756    11.2768   3.987418   3.987943   49.26037  -14.50368     5.9700     6.1940    150.652    35.4985    35.5026 0.0000e+00
   1143.140      27436    153.000    11.2725    11.2740   3.987173   3.987748   49.26037  -14.50368     5.9678     6.1915    151.642    35.4987    35.5029 0.0000e+00
   1144.197      27462    154.000    11.2670    11.2684   3.986730   3.987323   49.26037  -14.50368     5.9686     6.1879    152.633    35.4991    35.5037 0.0000e+00
   1145.179      27485    155.000    11.2620    11.2630   3.986173   3.986717   49.26037  -14.50368     5.9677     6.1857    153.624    35.4979    35.5024 0.0000e+00
   1146.089      27507    156.000    11.2583    11.2592   3.985800   3.986324   49.26037  -14.50368     5.9655     6.1828    154.615    35.4973    35.5017 0.0000e+00
   1146.958      27528    157.000    11.2541    11.2545   3.985429   3.985930   49.26037  -14.50368     5.9651     6.1820    155.605    35.4973    35.5018 0.0000e+00
   1147.817      27549    158.000    11.2494    11.2496   3.984973   3.985431   49.26037  -14.50368     5.9663     6.1843    156.596    35.4968    35.5011 0.0000e+00
   1148.701      27570    159.000    11.2453    11.2455   3.984512   3.984956   49.26037  -14.50368     5.9675     6.1860    157.587    35.4957    35.4999 0.0000e+00
   1149.642      27592    160.000    11.2419    11.2420   3.984138   3.984579   49.26037  -14.50368     5.9670     6.1850    158.578    35.4948    35.4991 0.0000e+00
   1150.660      27617    161.000    11.2382    11.2382   3.983783   3.984195   49.26037  -14.50368     5.9653     6.1839    159.568    35.4943    35.4984 0.0000e+00
   1151.737      27643    162.000    11.2343    11.2342   3.983402   3.983805   49.26037  -14.50368     5.9650     6.1860    160.559    35.4939    35.4980 0.0000e+00
   1152.831      27669    163.000    11.2295    11.2288   3.982966   3.983316   49.26037  -14.50368     5.9610     6.1856    161.550    35.4937    35.4979 0.0000e+00
   1153.902      27695    164.000    11.2242    11.2236   3.982430   3.982746   49.26037  -14.50368     5.9574     6.1821    162.540    35.4930    35.4968 0.0000e+00
   1154.928      27719    165.000    11.2196    11.2194   3.981939   3.982317   49.26037  -14.50368     5.9598     6.1782    163.531    35.4922    35.4961 0.0000e+00
   1155.899      27743    166.000    11.2156    11.2154   3.981496   3.981898   49.26037  -14.50368     5.9605     6.1747    164.522    35.4912    35.4954 0.0000e+00
   1156.813      27765    167.000    11.2131    11.2128   3.981200   3.981587   49.26037  -14.50368     5.9577     6.1707    165.513    35.4901    35.4943 0.0000e+00
   1157.680      27785    168.000    11.2110    11.2106   3.981005   3.981363   49.26037  -14.50368     5.9546     6.1674    166.503    35.4898    35.4937 0.0000e+00
   1158.520      27805    169.000    11.2089    11.2088   3.980807   3.981186   49.26037  -14.50368     5.9524     6.1646    167.494    35.4894    35.4932 0.0000e+00
   1159.357      27826    170.000    11.2055    11.2059   3.980568   3.980985   49.26037  -14.50368     5.9510     6.1619    168.485    35.4898    35.4936 0.0000e+00
   1160.227      27846    171.000    11.1998    11.2008   3.980056   3.980565   49.26037  -14.50368     5.9464     6.1587    169.475    35.4898    35.4939 0.0000e+00
   1161.169      27869    172.000    11.1944    11.1949   3.979410   3.979933   49.26037  -14.50368     5.9378     6.1529    170.466    35.4881    35.4928 0.0000e+00
   1162.189      27894    173.000    11.1899    11.1900   3.978901   3.979340   49.26037  -14.50368     5.9317     6.1475    171.457    35.4869    35.4912 0.0000e+00
   1163.234      27919    174.000    11.1866    11.1868   3.978529   3.978964   49.26037  -14.50368     5.9324     6.1453    172.447    35.4859    35.4900 0.0000e+00
   1164.239      27943    175.000    11.1844    11.1846   3.978308   3.978747   49.26037  -14.50368     5.9364     6.1449    173.438    35.4854    35.4895 0.0000e+00
   1165.202      27966    176.000    11.1820    11.1821   3.978121   3.978561   49.26037  -14.50368     5.9351     6.1436    174.429    35.4854    35.4897 0.0000e+00
   1166.150      27989    177.000    11.1785    11.1786   3.977855   3.978282   49.26037  -14.50368     5.9303     6.1421    175.419    35.4856    35.4898 0.0000e+00
   1167.119      28012    178.000    11.1744    11.1747   3.977482   3.977918   49.26037  -14.50368     5.9297     6.1427    176.410    35.4854    35.4895 0.0000e+00
   1168.149      28037    179.000    11.1706    11.1709   3.977089   3.977544   49.26037  -14.50368     5.9330     6.1457    177.401    35.4848    35.4890 0.0000e+00
   1169.249      28063    180.000    11.1660    11.1660   3.976695   3.977129   49.26037  -14.50368     5.9358     6.1488    178.391    35.4848    35.4891 0.0000e+00
   1170.332      28089    181.000    11.1594    11.1595   3.976086   3.976497   49.26037  -14.50368     5.9329     6.1495    179.382    35.4847    35.4886 0.0000e+00
   1171.314      28113    182.000    11.1545    11.1552   3.975501   3.975963   49.26037  -14.50368     5.9290     6.1491    180.372    35.4830    35.4870 0.0000e+00
   1172.204      28134    183.000    11.1519    11.1527   3.975182   3.975671   49.26037  -14.50368     5.9286     6.1499    181.363    35.4820    35.4860 0.0000e+00
   1173.047      28154    184.000    11.1500    11.1508   3.974995   3.975490   49.26037  -14.50368     5.9302     6.1517    182.354    35.4815    35.4856 0.0000e+00
   1173.881      28174    185.000    11.1484    11.1490   3.974854   3.975339   49.26037  -14.50368     5.9304     6.1535    183.344    35.4812    35.4853 0.0000e+00
   1174.739      28195    186.000    11.1466    11.1470   3.974714   3.975176   49.26037  -14.50368     5.9318     6.1551    184.335    35.4811    35.4853 0.0000e+00
   1175.647      28217    187.000    11.1443    11.1447   3.974527   3.974975   49.26037  -14.50368     5.9367     6.1552    185.325    35.4809    35.4851 0.0000e+00
   1176.617      28240    188.000    11.1412    11.1411   3.974285   3.974704   49.26037  -14.50368     5.9405     6.1527    186.316    35.4810    35.4853 0.0000e+00
   1177.627      28264    189.000    11.1364    11.1363   3.973870   3.974263   49.26037  -14.50368     5.9378     6.1502    187.307    35.4811    35.4851 0.0000e+00
   1178.623      28288    190.000    11.1315    11.1318   3.973363   3.973785   49.26037  -14.50368     5.9287     6.1477    188.297    35.4803    35.4843 0.0000e+00
   1179.571      28311    191.000    11.1278    11.1283   3.972959   3.973415   49.26037  -14.50368     5.9226     6.1447    189.288    35.4794    35.4835 0.0000e+00
   1180.480      28333    192.000    11.1249    11.1253   3.972649   3.973114   49.26037  -14.50368     5.9194     6.1408    190.278    35.4787    35.4829 0.0000e+00
   1181.384      28354    193.000    11.1226    11.1230   3.972404   3.972854   49.26037  -14.50368     5.9170     6.1352    191.269    35.4780    35.4821 0.0000e+00
