Data_example/SBE_Data_Processed/DY130/SeaBird/Data/Processed/DY130_010cfaldb.cnv
* Sea-Bird SBE 9 Data File:
* FileName = C:\Users\sandm\Documents\Cruises\DY130\Data\Raw Data\DY130_010.hex
* Software Version Seasave V 7.26.7.121
* Temperature SN = 03P-5494
* Conductivity SN = 04C-3768
* Number of Bytes Per Scan = 45
* Number of Voltage Words = 4
* Number of Scans Averaged by the Deck Unit = 1
* NMEA Latitude = 48 59.99 N
* NMEA Longitude = 016 30.02 W
* NMEA UTC (Time) = Apr 07 2021  06:50:11
* NMEA baud rate = 9600
** Ship: RRS Discovery
** Cruise: DY130
** Cast: DY130_010
** Station: 065
** Julian Day: 097
** Date: 07/04/2021
** Time (GMT):
** Latitude: 48 59.99 N
** Longitude: 16 30.01 W
** Depth (uncorrected m): 4809
** Principal Scientist: Sue Hart
** Operator: BP/PH
# nquan = 15
# nvalues = 9701                        
# units = specified
# name 0 = timeS: Time, Elapsed [seconds]
# name 1 = scan: Scan Count
# name 2 = prDM: Pressure, Digiquartz [db]
# name 3 = t090C: Temperature [ITS-90, deg C]
# name 4 = t190C: Temperature, 2 [ITS-90, deg C]
# name 5 = c0S/m: Conductivity [S/m]
# name 6 = c1S/m: Conductivity, 2 [S/m]
# name 7 = latitude: Latitude [deg]
# name 8 = longitude: Longitude [deg]
# name 9 = sbeox0ML/L: Oxygen, SBE 43 [ml/l]
# name 10 = sbeox1ML/L: Oxygen, SBE 43, 2 [ml/l]
# name 11 = depSM: Depth [salt water, m], lat = 48.9998
# name 12 = sal00: Salinity, Practical [PSU]
# name 13 = sal11: Salinity, Practical, 2 [PSU]
# name 14 = flag: flag
# span 0 =    296.724,  17436.771       
# span 1 =       7122,     418484       
# span 2 =      2.000,   4852.000       
# span 3 =     2.5309,    11.5626       
# span 4 =     2.5336,    11.5651       
# span 5 =   3.256235,   4.022286       
# span 6 =   3.066617,   4.010884       
# span 7 =   48.99979,   48.99988       
# span 8 =  -16.50029,  -16.50014       
# span 9 =     4.4309,     6.7322       
# span 10 =     4.5949,     6.9793      
# span 11 =      1.983,   4756.800      
# span 12 =    28.2351,    35.6553      
# span 13 =    26.5208,    35.5335      
# span 14 = 0.0000e+00, 0.0000e+00      
# interval = decibars: 1                
# start_time = Apr 07 2021 06:50:12 [NMEA time, first data scan]
# bad_flag = -9.990e-29
*END*
[from data line 9061]
  14213.864     341134    641.000     9.8863     9.9061   3.856798   3.858887   48.99982  -16.50017     5.1613     5.4035    634.581    35.3070    35.3091 0.0000e+00
  14214.675     341153    640.000     9.8933     9.9139   3.857321   3.859757   48.99982  -16.50017     5.1801     5.4023    633.592    35.3059    35.3108 0.0000e+00
  14215.487     341173    639.000     9.9000     9.9215   3.858066   3.860513   48.99982  -16.50018     5.1943     5.4013    632.604    35.3075    35.3116 0.0000e+00
  14216.362     341194    638.000     9.9036     9.9313   3.858558   3.861413   48.99982  -16.50018     5.2050     5.4039    631.615    35.3095    35.3117 0.0000e+00
  14217.383     341218    637.000     9.9070     9.9429   3.858922   3.862654   48.99981  -16.50018     5.2091     5.4122    630.627    35.3104    35.3136 0.0000e+00
  14218.590     341247    636.000     9.9079     9.9498   3.859029   3.863637   48.99981  -16.50018     5.2057     5.4272    629.638    35.3110    35.3173 0.0000e+00
  14219.789     341276    635.000     9.9205     9.9601   3.859704   3.864305   48.99981  -16.50018     5.2014     5.4414    628.650    35.3061    35.3146 0.0000e+00
  14220.804     341300    634.000     9.9406     9.9808   3.861498   3.865861   48.99981  -16.50018     5.2061     5.4532    627.661    35.3053    35.3107 0.0000e+00
  14221.663     341321    633.000     9.9594    10.0023   3.863387   3.867989   48.99981  -16.50018     5.2223     5.4689    626.673    35.3067    35.3120 0.0000e+00
  14222.434     341339    632.000     9.9768    10.0164   3.865110   3.869808   48.99981  -16.50018     5.2441     5.4884    625.684    35.3078    35.3173 0.0000e+00
  14223.170     341357    631.000     9.9923    10.0252   3.866847   3.870980   48.99981  -16.50018     5.2658     5.5076    624.696    35.3109    35.3211 0.0000e+00
  14223.925     341375    630.000    10.0031    10.0315   3.868242   3.871770   48.99981  -16.50018     5.2855     5.5225    623.707    35.3152    35.3235 0.0000e+00
  14224.749     341395    629.000    10.0108    10.0370   3.869215   3.872404   48.99981  -16.50018     5.3019     5.5311    622.719    35.3180    35.3251 0.0000e+00
  14225.716     341418    628.000    10.0121    10.0418   3.869779   3.872983   48.99982  -16.50018     5.3095     5.5342    621.730    35.3230    35.3267 0.0000e+00
  14226.884     341446    627.000    10.0078    10.0442   3.869272   3.873408   48.99982  -16.50018     5.3057     5.5345    620.742    35.3224    35.3292 0.0000e+00
  14228.105     341476    626.000    10.0171    10.0431   3.869693   3.873315   48.99982  -16.50018     5.2981     5.5320    619.753    35.3181    35.3297 0.0000e+00
  14229.175     341501    625.000    10.0266    10.0501   3.870752   3.873546   48.99982  -16.50017     5.2995     5.5292    618.765    35.3201    35.3258 0.0000e+00
  14230.132     341524    624.000    10.0380    10.0587   3.871757   3.874438   48.99982  -16.50017     5.3069     5.5307    617.776    35.3197    35.3270 0.0000e+00
  14231.053     341546    623.000    10.0458    10.0645   3.872729   3.875104   48.99982  -16.50017     5.3154     5.5350    616.788    35.3225    35.3285 0.0000e+00
  14231.991     341569    622.000    10.0522    10.0704   3.873390   3.875663   48.99982  -16.50018     5.3233     5.5376    615.799    35.3235    35.3289 0.0000e+00
  14232.984     341593    621.000    10.0590    10.0784   3.874057   3.876365   48.99982  -16.50018     5.3296     5.5369    614.811    35.3241    35.3287 0.0000e+00
  14234.050     341618    620.000    10.0656    10.0897   3.874767   3.877424   48.99982  -16.50018     5.3325     5.5358    613.822    35.3253    35.3290 0.0000e+00
  14235.168     341645    619.000    10.0738    10.0988   3.875501   3.878522   48.99982  -16.50018     5.3330     5.5363    612.833    35.3253    35.3318 0.0000e+00
  14236.284     341672    618.000    10.0819    10.1049   3.876390   3.879213   48.99982  -16.50018     5.3339     5.5400    611.845    35.3269    35.3333 0.0000e+00
  14237.308     341696    617.000    10.0878    10.1098   3.877027   3.879711   48.99982  -16.50018     5.3353     5.5461    610.856    35.3281    35.3341 0.0000e+00
  14238.203     341718    616.000    10.0927    10.1137   3.877492   3.880082   48.99982  -16.50018     5.3366     5.5508    609.868    35.3286    35.3345 0.0000e+00
  14239.016     341737    615.000    10.0983    10.1173   3.877947   3.880410   48.99982  -16.50017     5.3384     5.5550    608.879    35.3282    35.3348 0.0000e+00
  14239.801     341756    614.000    10.1045    10.1210   3.878548   3.880742   48.99982  -16.50017     5.3409     5.5591    607.891    35.3287    35.3350 0.0000e+00
  14240.598     341775    613.000    10.1098    10.1244   3.879129   3.881094   48.99982  -16.50016     5.3436     5.5631    606.902    35.3300    35.3357 0.0000e+00
  14241.428     341795    612.000    10.1137    10.1272   3.879588   3.881394   48.99982  -16.50016     5.3462     5.5668    605.913    35.3312    35.3365 0.0000e+00
  14242.293     341816    611.000    10.1170    10.1300   3.879917   3.881642   48.99982  -16.50016     5.3492     5.5695    604.925    35.3318    35.3368 0.0000e+00
  14243.179     341837    610.000    10.1204    10.1338   3.880238   3.881941   48.99982  -16.50017     5.3524     5.5709    603.936    35.3322    35.3366 0.0000e+00
  14244.085     341859    609.000    10.1240    10.1394   3.880570   3.882391   48.99982  -16.50017     5.3556     5.5722    602.948    35.3326    35.3362 0.0000e+00
  14245.047     341882    608.000    10.1282    10.1462   3.880949   3.883035   48.99982  -16.50018     5.3583     5.5755    601.959    35.3328    35.3366 0.0000e+00
  14246.120     341908    607.000    10.1319    10.1532   3.881376   3.883771   48.99982  -16.50018     5.3576     5.5799    600.970    35.3341    35.3377 0.0000e+00
  14247.334     341937    606.000    10.1336    10.1576   3.881600   3.884395   48.99982  -16.50018     5.3571     5.5803    599.982    35.3351    35.3402 0.0000e+00
  14248.607     341968    605.000    10.1379    10.1604   3.881823   3.884578   48.99982  -16.50018     5.3616     5.5776    598.993    35.3337    35.3398 0.0000e+00
  14249.748     341995    604.000    10.1498    10.1704   3.882701   3.885268   48.99982  -16.50018     5.3657     5.5788    598.004    35.3314    35.3376 0.0000e+00
  14250.737     342019    603.000    10.1610    10.1791   3.883929   3.886212   48.99982  -16.50018     5.3692     5.5819    597.016    35.3335    35.3391 0.0000e+00
  14251.665     342041    602.000    10.1679    10.1858   3.884732   3.886937   48.99982  -16.50018     5.3756     5.5883    596.027    35.3354    35.3404 0.0000e+00
  14252.598     342063    601.000    10.1748    10.1915   3.885395   3.887538   48.99982  -16.50018     5.3817     5.5959    595.038    35.3359    35.3415 0.0000e+00
  14253.569     342087    600.000    10.1813    10.1973   3.886073   3.888116   48.99982  -16.50018     5.3858     5.6022    594.050    35.3369    35.3421 0.0000e+00
  14254.566     342111    599.000    10.1864    10.2032   3.886656   3.888702   48.99982  -16.50017     5.3888     5.6071    593.061    35.3383    35.3428 0.0000e+00
  14255.528     342134    598.000    10.1899    10.2085   3.887039   3.889233   48.99982  -16.50017     5.3903     5.6099    592.073    35.3393    35.3435 0.0000e+00
  14256.423     342155    597.000    10.1938    10.2132   3.887363   3.889690   48.99983  -16.50016     5.3919     5.6126    591.084    35.3392    35.3440 0.0000e+00
  14257.267     342175    596.000    10.1993    10.2177   3.887787   3.890119   48.99983  -16.50016     5.3953     5.6147    590.095    35.3386    35.3445 0.0000e+00
  14258.087     342195    595.000    10.2058    10.2226   3.888379   3.890558   48.99984  -16.50016     5.4001     5.6146    589.106    35.3389    35.3446 0.0000e+00
  14258.903     342215    594.000    10.2108    10.2282   3.888966   3.891065   48.99984  -16.50016     5.4038     5.6147    588.118    35.3404    35.3448 0.0000e+00
  14259.729     342235    593.000    10.2147    10.2337   3.889389   3.891633   48.99984  -16.50016     5.4051     5.6160    587.129    35.3413    35.3456 0.0000e+00
  14260.573     342255    592.000    10.2182    10.2385   3.889741   3.892153   48.99983  -16.50016     5.4053     5.6181    586.140    35.3419    35.3467 0.0000e+00
  14261.453     342276    591.000    10.2230    10.2426   3.890143   3.892600   48.99983  -16.50017     5.4076     5.6218    585.152    35.3418    35.3477 0.0000e+00
  14262.405     342299    590.000    10.2277    10.2457   3.890665   3.892994   48.99982  -16.50017     5.4121     5.6274    584.163    35.3430    35.3492 0.0000e+00
  14263.469     342324    589.000    10.2329    10.2470   3.891146   3.893198   48.99982  -16.50018     5.4153     5.6328    583.174    35.3432    35.3505 0.0000e+00
  14264.663     342353    588.000    10.2369    10.2468   3.891663   3.893225   48.99981  -16.50018     5.4176     5.6350    582.186    35.3451    35.3513 0.0000e+00
  14266.001     342385    587.000    10.2376    10.2464   3.891775   3.893146   48.99981  -16.50018     5.4183     5.6340    581.197    35.3460    35.3513 0.0000e+00
  14267.329     342417    586.000    10.2404    10.2489   3.891930   3.893191   48.99982  -16.50018     5.4208     5.6333    580.208    35.3454    35.3499 0.0000e+00
  14268.386     342442    585.000    10.2455    10.2560   3.892307   3.893626   48.99982  -16.50018     5.4214     5.6320    579.219    35.3446    35.3478 0.0000e+00
  14269.248     342463    584.000    10.2513    10.2664   3.892820   3.894438   48.99982  -16.50017     5.4217     5.6312    578.231    35.3446    35.3464 0.0000e+00
  14270.018     342481    583.000    10.2578    10.2754   3.893379   3.895381   48.99982  -16.50016     5.4228     5.6314    577.242    35.3444    35.3477 0.0000e+00
  14270.769     342499    582.000    10.2635    10.2812   3.893995   3.896152   48.99982  -16.50016     5.4247     5.6329    576.253    35.3456    35.3504 0.0000e+00
  14271.563     342519    581.000    10.2692    10.2844   3.894561   3.896609   48.99983  -16.50016     5.4267     5.6340    575.265    35.3463    35.3523 0.0000e+00
  14272.441     342540    580.000    10.2745    10.2868   3.895135   3.896879   48.99983  -16.50016     5.4267     5.6352    574.276    35.3474    35.3532 0.0000e+00
  14273.387     342562    579.000    10.2782    10.2890   3.895579   3.897085   48.99984  -16.50016     5.4240     5.6372    573.287    35.3488    35.3536 0.0000e+00
  14274.343     342585    578.000    10.2814    10.2918   3.895844   3.897311   48.99984  -16.50016     5.4242     5.6398    572.298    35.3488    35.3536 0.0000e+00
  14275.302     342608    577.000    10.2848    10.2946   3.896185   3.897575   48.99983  -16.50016     5.4257     5.6408    571.309    35.3494    35.3540 0.0000e+00
  14276.276     342632    576.000    10.2880    10.2974   3.896484   3.897816   48.99983  -16.50017     5.4283     5.6376    570.321    35.3498    35.3542 0.0000e+00
  14277.254     342655    575.000    10.2910    10.3014   3.896772   3.898147   48.99982  -16.50017     5.4317     5.6352    569.332    35.3502    35.3541 0.0000e+00
  14278.234     342679    574.000    10.2942    10.3043   3.897039   3.898510   48.99982  -16.50018     5.4338     5.6373    568.343    35.3503    35.3554 0.0000e+00
  14279.249     342703    573.000    10.2974    10.3057   3.897356   3.898685   48.99982  -16.50018     5.4367     5.6423    567.354    35.3508    35.3563 0.0000e+00
  14280.331     342729    572.000    10.3000    10.3070   3.897626   3.898783   48.99981  -16.50018     5.4378     5.6458    566.366    35.3515    35.3564 0.0000e+00
  14281.441     342756    571.000    10.3021    10.3094   3.897839   3.898956   48.99981  -16.50018     5.4369     5.6471    565.377    35.3520    35.3563 0.0000e+00
  14282.534     342782    570.000    10.3045    10.3135   3.898042   3.899242   48.99981  -16.50018     5.4372     5.6507    564.388    35.3522    35.3557 0.0000e+00
  14283.626     342808    569.000    10.3075    10.3213   3.898281   3.899825   48.99981  -16.50018     5.4389     5.6551    563.399    35.3522    35.3545 0.0000e+00
  14284.679     342833    568.000    10.3122    10.3317   3.898643   3.900770   48.99982  -16.50017     5.4409     5.6559    562.410    35.3518    35.3544 0.0000e+00
  14285.625     342856    567.000    10.3181    10.3414   3.899145   3.901733   48.99982  -16.50017     5.4442     5.6568    561.421    35.3516    35.3552 0.0000e+00
  14286.470     342876    566.000    10.3255    10.3482   3.899747   3.902533   48.99982  -16.50016     5.4475     5.6587    560.433    35.3509    35.3572 0.0000e+00
  14287.258     342895    565.000    10.3335    10.3521   3.900524   3.903030   48.99983  -16.50016     5.4506     5.6607    559.444    35.3516    35.3589 0.0000e+00
  14288.028     342914    564.000    10.3405    10.3544   3.901270   3.903315   48.99984  -16.50016     5.4532     5.6615    558.455    35.3528    35.3600 0.0000e+00
  14288.815     342933    563.000    10.3449    10.3561   3.901853   3.903493   48.99984  -16.50016     5.4551     5.6616    557.466    35.3548    35.3606 0.0000e+00
  14289.651     342953    562.000    10.3475    10.3577   3.902187   3.903647   48.99984  -16.50016     5.4564     5.6637    556.477    35.3562    35.3610 0.0000e+00
  14290.566     342975    561.000    10.3498    10.3593   3.902391   3.903802   48.99983  -16.50016     5.4567     5.6668    555.489    35.3565    35.3616 0.0000e+00
  14291.563     342999    560.000    10.3524    10.3609   3.902630   3.903935   48.99982  -16.50017     5.4569     5.6692    554.500    35.3567    35.3617 0.0000e+00
  14292.591     343023    559.000    10.3556    10.3634   3.902901   3.904109   48.99982  -16.50017     5.4586     5.6707    553.511    35.3568    35.3616 0.0000e+00
  14293.640     343048    558.000    10.3588    10.3672   3.903229   3.904427   48.99981  -16.50018     5.4593     5.6715    552.522    35.3575    35.3615 0.0000e+00
  14294.766     343075    557.000    10.3612    10.3712   3.903468   3.904822   48.99981  -16.50018     5.4593     5.6720    551.533    35.3581    35.3621 0.0000e+00
  14295.944     343104    556.000    10.3653    10.3757   3.903799   3.905234   48.99981  -16.50018     5.4621     5.6717    550.544    35.3579    35.3624 0.0000e+00
  14297.053     343130    555.000    10.3707    10.3841   3.904241   3.905787   48.99981  -16.50018     5.4657     5.6734    549.555    35.3576    35.3603 0.0000e+00
  14298.050     343154    554.000    10.3774    10.3961   3.904844   3.906909   48.99982  -16.50018     5.4693     5.6798    548.567    35.3577    35.3604 0.0000e+00
  14298.980     343177    553.000    10.3842    10.4050   3.905493   3.907927   48.99982  -16.50018     5.4728     5.6870    547.578    35.3581    35.3625 0.0000e+00
  14299.897     343199    552.000    10.3909    10.4136   3.906182   3.908767   48.99982  -16.50017     5.4767     5.6941    546.589    35.3590    35.3631 0.0000e+00
  14300.823     343221    551.000    10.3966    10.4212   3.906779   3.909649   48.99982  -16.50016     5.4815     5.7018    545.600    35.3600    35.3652 0.0000e+00
  14301.746     343243    550.000    10.4036    10.4268   3.907400   3.910274   48.99983  -16.50016     5.4869     5.7106    544.611    35.3599    35.3665 0.0000e+00
  14302.645     343264    549.000    10.4109    10.4324   3.908161   3.910819   48.99983  -16.50016     5.4927     5.7180    543.622    35.3609    35.3671 0.0000e+00
  14303.514     343285    548.000    10.4176    10.4380   3.908840   3.911370   48.99983  -16.50016     5.4982     5.7225    542.633    35.3618    35.3676 0.0000e+00
  14304.352     343305    547.000    10.4235    10.4434   3.909451   3.911904   48.99983  -16.50016     5.5031     5.7261    541.644    35.3627    35.3682 0.0000e+00
