Data_example/SBE_Data_Processed/DY130/SeaBird/Data/Processed/DY130_001cfaldb.cnv
* Sea-Bird SBE 9 Data File:
* FileName = C:\Users\sandm\Documents\Cruises\DY130\Data\Raw Data\DY130_001.hex
* Software Version Seasave V 7.26.7.121
* Temperature SN = 03P-5494
* Conductivity SN = 04C-3768
* Number of Bytes Per Scan = 45
* Number of Voltage Words = 4
* Number of Scans Averaged by the Deck Unit = 1
* NMEA Latitude = 48 15.46 N
* NMEA Longitude = 010 08.85 W
* NMEA UTC (Time) = Mar 28 2021  15:02:43
* NMEA baud rate = 9600
** Ship: RRS Discovery
** Cruise: DY130
** Cast: DY130_001
** Station: 016
** Julian Day: 087
** Date: 28th March 2021
** Time (GMT): 15:02
** Latitude: 48 15.46
** Longitude: 10 08.85
** Depth (uncorrected m): 3399
** Principal Scientist: Sue Hart
** Operator: BP/PH
# nquan = 15
# nvalues = 3656                        
# units = specified
# name 0 = timeS: Time, Elapsed [seconds]
# name 1 = scan: Scan Count
# name 2 = prDM: Pressure, Digiquartz [db]
# name 3 = t090C: Temperature [ITS-90, deg C]
# name 4 = t190C: Temperature, 2 [ITS-90, deg C]
# name 5 = c0S/m: Conductivity [S/m]
# name 6 = c1S/m: Conductivity, 2 [S/m]
# name 7 = latitude: Latitude [deg]
# name 8 = longitude: Longitude [deg]
# name 9 = sbeox0ML/L: Oxygen, SBE 43 [ml/l]
# name 10 = sbeox1ML/L: Oxygen, SBE 43, 2 [ml/l]
# name 11 = depSM: Depth [salt water, m], lat = 48.2577
# name 12 = sal00: Salinity, Practical [PSU]
# name 13 = sal11: Salinity, Practical, 2 [PSU]
# name 14 = flag: flag
# span 0 =    666.199,   8048.705       
# span 1 =      15990,     193170       
# span 2 =      1.000,   1829.000       
# span 3 =     4.1560,    11.9920       
# span 4 =     4.1573,    11.8694       
# span 5 =   2.878775,   4.058990       
# span 6 =   2.888498,   4.044904       
# span 7 =   48.25766,   48.25771       
# span 8 =  -10.14763,  -10.14753       
# span 9 =     4.2738,     6.1478       
# span 10 =     4.4682,     6.4887      
# span 11 =      0.992,   1805.704      
# span 12 =    24.3475,    35.7247      
# span 13 =    24.4585,    35.7267      
# span 14 = 0.0000e+00, 0.0000e+00      
# interval = decibars: 1                
# start_time = Mar 28 2021 15:02:43 [NMEA time, first data scan]
# bad_flag = -9.990e-29
*END*
[from data line 2796]
   5533.656     132809    860.000     9.9571     9.9607   3.907397   3.907881   48.25768  -10.14755     4.3467     4.5397    850.999    35.6569    35.6583 0.0000e+00
   5534.565     132831    859.000     9.9576     9.9613   3.907401   3.907884   48.25768  -10.14755     4.3491     4.5399    850.012    35.6570    35.6582 0.0000e+00
   5535.604     132855    858.000     9.9577     9.9620   3.907380   3.907897   48.25768  -10.14755     4.3507     4.5419    849.024    35.6571    35.6581 0.0000e+00
   5536.904     132887    857.000     9.9573     9.9628   3.907321   3.907919   48.25768  -10.14755     4.3502     4.5416    848.037    35.6573    35.6580 0.0000e+00
   5538.296     132920    856.000     9.9581     9.9642   3.907284   3.907955   48.25768  -10.14755     4.3458     4.5392    847.049    35.6566    35.6574 0.0000e+00
   5539.356     132946    855.000     9.9601     9.9660   3.907365   3.908008   48.25768  -10.14755     4.3466     4.5376    846.061    35.6559    35.6567 0.0000e+00
   5540.182     132965    854.000     9.9618     9.9677   3.907445   3.908065   48.25768  -10.14755     4.3475     4.5370    845.074    35.6555    35.6561 0.0000e+00
   5540.902     132983    853.000     9.9632     9.9691   3.907506   3.908110   48.25768  -10.14755     4.3479     4.5370    844.086    35.6551    35.6556 0.0000e+00
   5541.591     132999    852.000     9.9643     9.9705   3.907554   3.908153   48.25768  -10.14755     4.3484     4.5374    843.099    35.6550    35.6551 0.0000e+00
   5542.322     133017    851.000     9.9649     9.9715   3.907575   3.908194   48.25768  -10.14755     4.3478     4.5388    842.111    35.6551    35.6549 0.0000e+00
   5543.205     133038    850.000     9.9646     9.9722   3.907541   3.908213   48.25768  -10.14755     4.3464     4.5422    841.124    35.6555    35.6549 0.0000e+00
   5544.389     133066    849.000     9.9647     9.9728   3.907477   3.908211   48.25768  -10.14755     4.3459     4.5455    840.136    35.6552    35.6548 0.0000e+00
   5545.617     133096    848.000     9.9664     9.9736   3.907502   3.908212   48.25768  -10.14755     4.3453     4.5459    839.149    35.6542    35.6544 0.0000e+00
   5546.560     133118    847.000     9.9686     9.9748   3.907577   3.908228   48.25768  -10.14755     4.3469     4.5444    838.161    35.6533    35.6538 0.0000e+00
   5547.350     133137    846.000     9.9705     9.9761   3.907654   3.908260   48.25768  -10.14755     4.3481     4.5427    837.174    35.6526    35.6534 0.0000e+00
   5548.092     133155    845.000     9.9720     9.9768   3.907719   3.908279   48.25768  -10.14755     4.3492     4.5421    836.186    35.6523    35.6533 0.0000e+00
   5548.863     133174    844.000     9.9728     9.9771   3.907759   3.908276   48.25768  -10.14755     4.3517     4.5429    835.198    35.6524    35.6534 0.0000e+00
   5549.790     133196    843.000     9.9725     9.9773   3.907739   3.908258   48.25768  -10.14755     4.3527     4.5456    834.211    35.6529    35.6535 0.0000e+00
   5551.195     133230    842.000     9.9709     9.9778   3.907603   3.908245   48.25768  -10.14755     4.3509     4.5459    833.223    35.6535    35.6533 0.0000e+00
   5552.960     133272    841.000     9.9712     9.9800   3.907522   3.908315   48.25768  -10.14755     4.3479     4.5424    832.236    35.6528    35.6523 0.0000e+00
   5554.091     133299    840.000     9.9738     9.9836   3.907597   3.908466   48.25768  -10.14755     4.3459     4.5407    831.248    35.6515    35.6507 0.0000e+00
   5554.881     133318    839.000     9.9779     9.9891   3.907767   3.908741   48.25768  -10.14755     4.3465     4.5394    830.261    35.6497    35.6486 0.0000e+00
   5555.555     133334    838.000     9.9823     9.9941   3.908026   3.909112   48.25768  -10.14755     4.3492     4.5387    829.273    35.6484    35.6479 0.0000e+00
   5556.191     133350    837.000     9.9864     9.9976   3.908315   3.909440   48.25768  -10.14755     4.3520     4.5387    828.285    35.6478    35.6483 0.0000e+00
   5556.847     133365    836.000     9.9891    10.0002   3.908587   3.909688   48.25768  -10.14755     4.3526     4.5392    827.298    35.6484    35.6487 0.0000e+00
   5557.600     133383    835.000     9.9892    10.0023   3.908707   3.909906   48.25768  -10.14755     4.3506     4.5403    826.310    35.6499    35.6493 0.0000e+00
   5558.587     133407    834.000     9.9874    10.0040   3.908555   3.910079   48.25768  -10.14755     4.3505     4.5402    825.322    35.6506    35.6499 0.0000e+00
   5559.819     133437    833.000     9.9890    10.0058   3.908496   3.910223   48.25768  -10.14755     4.3506     4.5375    824.335    35.6489    35.6500 0.0000e+00
   5560.942     133464    832.000     9.9931    10.0078   3.908794   3.910335   48.25768  -10.14755     4.3503     4.5349    823.347    35.6483    35.6497 0.0000e+00
   5561.904     133487    831.000     9.9965    10.0113   3.909037   3.910524   48.25768  -10.14755     4.3498     4.5366    822.360    35.6480    35.6486 0.0000e+00
   5562.833     133509    830.000     9.9995    10.0158   3.909303   3.910866   48.25768  -10.14755     4.3498     4.5394    821.372    35.6482    35.6482 0.0000e+00
   5563.844     133533    829.000    10.0007    10.0191   3.909449   3.911183   48.25768  -10.14755     4.3497     4.5414    820.384    35.6489    35.6486 0.0000e+00
   5564.949     133560    828.000    10.0043    10.0217   3.909558   3.911392   48.25768  -10.14755     4.3478     4.5432    819.397    35.6470    35.6486 0.0000e+00
   5565.965     133584    827.000    10.0112    10.0232   3.910049   3.911511   48.25768  -10.14755     4.3492     4.5427    818.409    35.6457    35.6487 0.0000e+00
   5566.839     133605    826.000    10.0165    10.0238   3.910524   3.911540   48.25768  -10.14755     4.3492     4.5427    817.421    35.6458    35.6490 0.0000e+00
   5567.635     133624    825.000    10.0192    10.0239   3.910814   3.911520   48.25768  -10.14754     4.3486     4.5434    816.434    35.6465    35.6491 0.0000e+00
   5568.411     133643    824.000    10.0205    10.0239   3.910940   3.911483   48.25768  -10.14754     4.3501     4.5444    815.446    35.6469    35.6491 0.0000e+00
   5569.212     133662    823.000    10.0211    10.0238   3.910986   3.911441   48.25768  -10.14754     4.3511     4.5449    814.458    35.6472    35.6492 0.0000e+00
   5570.088     133683    822.000    10.0213    10.0237   3.910982   3.911391   48.25768  -10.14754     4.3502     4.5457    813.471    35.6475    35.6493 0.0000e+00
   5571.112     133708    821.000    10.0209    10.0237   3.910930   3.911349   48.25768  -10.14754     4.3490     4.5471    812.483    35.6478    35.6493 0.0000e+00
   5572.407     133739    820.000    10.0198    10.0237   3.910806   3.911311   48.25768  -10.14755     4.3510     4.5446    811.495    35.6480    35.6493 0.0000e+00
   5573.826     133773    819.000    10.0201    10.0243   3.910732   3.911294   48.25768  -10.14755     4.3539     4.5421    810.508    35.6474    35.6490 0.0000e+00
   5574.893     133798    818.000    10.0217    10.0257   3.910796   3.911316   48.25768  -10.14755     4.3535     4.5413    809.520    35.6470    35.6483 0.0000e+00
   5575.698     133818    817.000    10.0231    10.0275   3.910853   3.911387   48.25768  -10.14755     4.3525     4.5404    808.532    35.6467    35.6477 0.0000e+00
   5576.397     133835    816.000    10.0246    10.0294   3.910919   3.911481   48.25768  -10.14755     4.3513     4.5397    807.545    35.6462    35.6473 0.0000e+00
   5577.060     133850    815.000    10.0263    10.0312   3.911008   3.911577   48.25768  -10.14755     4.3514     4.5396    806.557    35.6460    35.6470 0.0000e+00
   5577.735     133867    814.000    10.0278    10.0326   3.911100   3.911668   48.25768  -10.14754     4.3520     4.5408    805.569    35.6458    35.6469 0.0000e+00
   5578.467     133884    813.000    10.0289    10.0333   3.911173   3.911722   48.25768  -10.14754     4.3518     4.5435    804.581    35.6460    35.6473 0.0000e+00
   5579.332     133905    812.000    10.0288    10.0335   3.911182   3.911714   48.25768  -10.14754     4.3522     4.5463    803.594    35.6466    35.6474 0.0000e+00
   5580.501     133933    811.000    10.0269    10.0333   3.911030   3.911648   48.25768  -10.14753     4.3510     4.5485    802.606    35.6474    35.6474 0.0000e+00
   5582.205     133974    810.000    10.0267    10.0328   3.910879   3.911559   48.25768  -10.14754     4.3464     4.5536    801.618    35.6465    35.6474 0.0000e+00
   5583.782     134012    809.000    10.0288    10.0322   3.910980   3.911456   48.25768  -10.14755     4.3471     4.5539    800.630    35.6459    35.6474 0.0000e+00
   5584.767     134035    808.000    10.0301    10.0341   3.911011   3.911460   48.25768  -10.14755     4.3502     4.5503    799.643    35.6454    35.6461 0.0000e+00
   5585.527     134054    807.000    10.0317    10.0368   3.911054   3.911562   48.25768  -10.14755     4.3515     4.5489    798.655    35.6447    35.6449 0.0000e+00
   5586.186     134069    806.000    10.0335    10.0403   3.911111   3.911725   48.25768  -10.14754     4.3539     4.5489    797.667    35.6440    35.6435 0.0000e+00
   5586.802     134084    805.000    10.0356    10.0441   3.911203   3.911964   48.25768  -10.14754     4.3572     4.5504    796.679    35.6433    35.6427 0.0000e+00
   5587.419     134099    804.000    10.0375    10.0478   3.911328   3.912236   48.25768  -10.14754     4.3601     4.5522    795.692    35.6432    35.6423 0.0000e+00
   5588.087     134115    803.000    10.0386    10.0512   3.911434   3.912536   48.25768  -10.14754     4.3624     4.5526    794.704    35.6436    35.6425 0.0000e+00
   5588.901     134135    802.000    10.0380    10.0536   3.911441   3.912800   48.25768  -10.14753     4.3632     4.5511    793.716    35.6447    35.6432 0.0000e+00
   5590.073     134163    801.000    10.0359    10.0557   3.911233   3.912988   48.25768  -10.14753     4.3598     4.5477    792.728    35.6451    35.6435 0.0000e+00
   5591.547     134198    800.000    10.0384    10.0566   3.911242   3.913105   48.25768  -10.14754     4.3587     4.5449    791.741    35.6432    35.6443 0.0000e+00
   5592.821     134229    799.000    10.0433    10.0568   3.911606   3.913020   48.25768  -10.14755     4.3587     4.5439    790.753    35.6425    35.6437 0.0000e+00
   5593.946     134256    798.000    10.0469    10.0609   3.911856   3.913230   48.25768  -10.14755     4.3559     4.5443    789.765    35.6420    35.6423 0.0000e+00
   5595.011     134281    797.000    10.0517    10.0641   3.912165   3.913469   48.25768  -10.14755     4.3512     4.5435    788.777    35.6408    35.6420 0.0000e+00
   5596.020     134305    796.000    10.0568    10.0667   3.912547   3.913654   48.25768  -10.14755     4.3473     4.5422    787.789    35.6402    35.6417 0.0000e+00
   5596.929     134327    795.000    10.0610    10.0688   3.912866   3.913777   48.25768  -10.14755     4.3466     4.5412    786.802    35.6398    35.6415 0.0000e+00
   5597.737     134347    794.000    10.0640    10.0706   3.913101   3.913873   48.25768  -10.14755     4.3483     4.5403    785.814    35.6397    35.6411 0.0000e+00
   5598.480     134365    793.000    10.0662    10.0720   3.913260   3.913954   48.25768  -10.14755     4.3496     4.5395    784.826    35.6396    35.6410 0.0000e+00
   5599.202     134382    792.000    10.0676    10.0731   3.913363   3.914012   48.25768  -10.14755     4.3503     4.5389    783.838    35.6397    35.6409 0.0000e+00
   5599.956     134400    791.000    10.0683    10.0741   3.913410   3.914064   48.25768  -10.14755     4.3508     4.5384    782.850    35.6400    35.6409 0.0000e+00
   5600.814     134421    790.000    10.0680    10.0747   3.913396   3.914098   48.25768  -10.14754     4.3493     4.5381    781.863    35.6405    35.6411 0.0000e+00
   5601.900     134447    789.000    10.0672    10.0751   3.913285   3.914099   48.25768  -10.14755     4.3467     4.5375    780.875    35.6407    35.6413 0.0000e+00
   5603.279     134480    788.000    10.0676    10.0750   3.913229   3.914063   48.25768  -10.14755     4.3449     4.5362    779.887    35.6401    35.6414 0.0000e+00
   5604.629     134512    787.000    10.0704    10.0755   3.913357   3.914005   48.25768  -10.14756     4.3470     4.5367    778.899    35.6391    35.6407 0.0000e+00
   5605.718     134538    786.000    10.0721    10.0780   3.913479   3.914104   48.25768  -10.14756     4.3482     4.5380    777.911    35.6392    35.6398 0.0000e+00
   5606.646     134561    785.000    10.0738    10.0791   3.913547   3.914183   48.25768  -10.14756     4.3474     4.5387    776.923    35.6386    35.6399 0.0000e+00
   5607.487     134581    784.000    10.0754    10.0795   3.913630   3.914187   48.25768  -10.14756     4.3461     4.5381    775.936    35.6384    35.6400 0.0000e+00
   5608.282     134600    783.000    10.0765    10.0797   3.913684   3.914160   48.25768  -10.14756     4.3457     4.5365    774.948    35.6383    35.6400 0.0000e+00
   5609.057     134618    782.000    10.0772    10.0798   3.913704   3.914122   48.25768  -10.14756     4.3453     4.5364    773.960    35.6383    35.6400 0.0000e+00
   5609.838     134637    781.000    10.0775    10.0798   3.913691   3.914080   48.25768  -10.14755     4.3447     4.5366    772.972    35.6383    35.6400 0.0000e+00
   5610.650     134657    780.000    10.0777    10.0800   3.913663   3.914038   48.25768  -10.14755     4.3446     4.5361    771.984    35.6383    35.6398 0.0000e+00
   5611.511     134677    779.000    10.0778    10.0802   3.913629   3.914001   48.25768  -10.14755     4.3442     4.5365    770.996    35.6382    35.6397 0.0000e+00
   5612.442     134700    778.000    10.0779    10.0805   3.913592   3.913972   48.25768  -10.14755     4.3443     4.5366    770.008    35.6382    35.6395 0.0000e+00
   5613.496     134725    777.000    10.0779    10.0809   3.913549   3.913948   48.25768  -10.14755     4.3453     4.5364    769.020    35.6382    35.6393 0.0000e+00
   5614.804     134756    776.000    10.0776    10.0814   3.913491   3.913937   48.25768  -10.14756     4.3468     4.5370    768.033    35.6383    35.6392 0.0000e+00
   5616.314     134793    775.000    10.0784    10.0831   3.913465   3.913974   48.25768  -10.14756     4.3468     4.5377    767.045    35.6378    35.6383 0.0000e+00
   5617.449     134820    774.000    10.0807    10.0870   3.913532   3.914120   48.25768  -10.14756     4.3464     4.5368    766.057    35.6366    35.6365 0.0000e+00
   5618.238     134839    773.000    10.0841    10.0929   3.913668   3.914395   48.25768  -10.14756     4.3453     4.5354    765.069    35.6351    35.6339 0.0000e+00
   5618.885     134854    772.000    10.0888    10.0994   3.913887   3.914793   48.25768  -10.14756     4.3457     4.5342    764.081    35.6332    35.6321 0.0000e+00
   5619.472     134868    771.000    10.0941    10.1034   3.914217   3.915203   48.25768  -10.14755     4.3460     4.5340    763.093    35.6318    35.6327 0.0000e+00
   5620.045     134882    770.000    10.0981    10.1056   3.914575   3.915441   48.25768  -10.14755     4.3456     4.5348    762.105    35.6320    35.6335 0.0000e+00
   5620.652     134897    769.000    10.0999    10.1066   3.914813   3.915559   48.25768  -10.14754     4.3450     4.5367    761.117    35.6332    35.6342 0.0000e+00
   5621.377     134914    768.000    10.0991    10.1072   3.914854   3.915607   48.25768  -10.14754     4.3447     4.5394    760.129    35.6347    35.6345 0.0000e+00
   5622.568     134943    767.000    10.0958    10.1075   3.914579   3.915624   48.25768  -10.14754     4.3457     4.5400    759.141    35.6356    35.6348 0.0000e+00
   5624.598     134991    766.000    10.0958    10.1078   3.914427   3.915602   48.25768  -10.14755     4.3496     4.5373    758.153    35.6345    35.6347 0.0000e+00
