Data_example/SBE_Data_Processed/DY130/SeaBird/Data/Processed/DY130_007cfaldb.cnv
* Sea-Bird SBE 9 Data File:
* FileName = C:\Users\sandm\Documents\Cruises\DY130\Data\Raw Data\DY130_007.hex
* Software Version Seasave V 7.26.7.121
* Temperature SN = 03P-5494
* Conductivity SN = 04C-3768
* Number of Bytes Per Scan = 45
* Number of Voltage Words = 4
* Number of Scans Averaged by the Deck Unit = 1
* NMEA Latitude = 49 04.68 N
* NMEA Longitude = 016 30.90 W
* NMEA UTC (Time) = Apr 04 2021  09:05:22
* NMEA baud rate = 9600
** Ship: RRS Discovery
** Cruise: DY130
** Cast: DY130_007
** Station: 046
** Julian Day: 094
** Date: 04/04/21
** Time (GMT): 09:05
** Latitude: 49 04.66 N
** Longitude: 16 30.89 W
** Depth (uncorrected m): 4808
** Principal Scientist: Sue Hart
** Operator: BP/PH BP/PH
# nquan = 15
# nvalues = 2022                        
# units = specified
# name 0 = timeS: Time, Elapsed [seconds]
# name 1 = scan: Scan Count
# name 2 = prDM: Pressure, Digiquartz [db]
# name 3 = t090C: Temperature [ITS-90, deg C]
# name 4 = t190C: Temperature, 2 [ITS-90, deg C]
# name 5 = c0S/m: Conductivity [S/m]
# name 6 = c1S/m: Conductivity, 2 [S/m]
# name 7 = latitude: Latitude [deg]
# name 8 = longitude: Longitude [deg]
# name 9 = sbeox0ML/L: Oxygen, SBE 43 [ml/l]
# name 10 = sbeox1ML/L: Oxygen, SBE 43, 2 [ml/l]
# name 11 = depSM: Depth [salt water, m], lat = 49.078
# name 12 = sal00: Salinity, Practical [PSU]
# name 13 = sal11: Salinity, Practical, 2 [PSU]
# name 14 = flag: flag
# span 0 =    267.690,   5835.241       
# span 1 =       6426,     140047       
# span 2 =      2.000,   1013.000       
# span 3 =     6.9808,    11.6309       
# span 4 =     6.9790,    11.6323       
# span 5 =   3.589836,   4.064778       
# span 6 =   3.211971,   4.065249       
# span 7 =   49.07787,   49.93023       
# span 8 =  -16.80169,  -16.51487       
# span 9 =     4.4032,     6.3864       
# span 10 =     4.5862,     7.6248      
# span 11 =      1.983,   1001.956      
# span 12 =    34.1837,    36.1025      
# span 13 =    28.0695,    36.1058      
# span 14 = 0.0000e+00, 0.0000e+00      
# interval = decibars: 1                
# start_time = Apr 04 2021 09:05:23 [NMEA time, first data scan]
# bad_flag = -9.990e-29
*END*
[from data line 1350]
   2893.662      69449    674.000     9.5398     9.5703   3.822359   3.825828   49.07789  -16.51489     4.8802     5.1096    667.193    35.2768    35.2827 0.0000e+00
   2894.642      69472    673.000     9.5498     9.5747   3.823265   3.826351   49.07789  -16.51489     4.8868     5.1187    666.204    35.2768    35.2842 0.0000e+00
   2895.654      69497    672.000     9.5574     9.5772   3.824156   3.826644   49.07789  -16.51489     4.8976     5.1249    665.216    35.2790    35.2852 0.0000e+00
   2896.813      69525    671.000     9.5626     9.5781   3.824801   3.826741   49.07789  -16.51489     4.9081     5.1288    664.228    35.2809    35.2857 0.0000e+00
   2898.247      69559    670.000     9.5601     9.5790   3.824763   3.826747   49.07789  -16.51489     4.9125     5.1303    663.239    35.2834    35.2854 0.0000e+00
   2899.782      69596    669.000     9.5632     9.5812   3.824639   3.826842   49.07789  -16.51489     4.9098     5.1309    662.251    35.2797    35.2847 0.0000e+00
   2901.040      69626    668.000     9.5712     9.5842   3.825398   3.827072   49.07789  -16.51489     4.9106     5.1337    661.263    35.2801    35.2846 0.0000e+00
   2902.077      69651    667.000     9.5761     9.5870   3.825865   3.827294   49.07789  -16.51489     4.9186     5.1382    660.275    35.2805    35.2846 0.0000e+00
   2903.060      69674    666.000     9.5798     9.5909   3.826232   3.827588   49.07789  -16.51489     4.9236     5.1429    659.286    35.2811    35.2842 0.0000e+00
   2904.124      69700    665.000     9.5830     9.5955   3.826528   3.828059   49.07789  -16.51489     4.9267     5.1466    658.298    35.2815    35.2851 0.0000e+00
   2905.413      69731    664.000     9.5862     9.5983   3.826852   3.828426   49.07789  -16.51489     4.9319     5.1484    657.310    35.2821    35.2866 0.0000e+00
   2906.876      69766    663.000     9.5888     9.6007   3.827111   3.828643   49.07789  -16.51489     4.9378     5.1474    656.321    35.2828    35.2868 0.0000e+00
   2908.245      69799    662.000     9.5914     9.6048   3.827326   3.828912   49.07789  -16.51489     4.9405     5.1494    655.333    35.2828    35.2861 0.0000e+00
   2909.439      69828    661.000     9.5950     9.6087   3.827571   3.829297   49.07789  -16.51489     4.9420     5.1557    654.344    35.2823    35.2867 0.0000e+00
   2910.570      69855    660.000     9.5994     9.6106   3.827977   3.829493   49.07789  -16.51489     4.9448     5.1614    653.356    35.2827    35.2873 0.0000e+00
   2911.760      69883    659.000     9.6031     9.6125   3.828337   3.829629   49.07789  -16.51489     4.9499     5.1630    652.368    35.2832    35.2873 0.0000e+00
   2913.086      69915    658.000     9.6067     9.6164   3.828684   3.829898   49.07789  -16.51489     4.9511     5.1646    651.379    35.2837    35.2867 0.0000e+00
   2914.442      69948    657.000     9.6097     9.6203   3.828934   3.830243   49.07789  -16.51489     4.9512     5.1667    650.391    35.2838    35.2869 0.0000e+00
   2915.629      69976    656.000     9.6128     9.6241   3.829163   3.830508   49.07789  -16.51489     4.9537     5.1679    649.403    35.2836    35.2863 0.0000e+00
   2916.680      70001    655.000     9.6162     9.6294   3.829418   3.830914   49.07789  -16.51489     4.9582     5.1719    648.414    35.2833    35.2858 0.0000e+00
   2917.699      70026    654.000     9.6206     9.6345   3.829759   3.831368   49.07789  -16.51489     4.9630     5.1770    647.426    35.2829    35.2860 0.0000e+00
   2918.756      70051    653.000     9.6256     9.6395   3.830195   3.831842   49.07789  -16.51489     4.9667     5.1844    646.437    35.2830    35.2864 0.0000e+00
   2919.889      70078    652.000     9.6301     9.6433   3.830634   3.832253   49.07789  -16.51489     4.9724     5.1907    645.449    35.2835    35.2874 0.0000e+00
   2921.115      70108    651.000     9.6340     9.6458   3.831004   3.832514   49.07789  -16.51489     4.9788     5.1946    644.461    35.2841    35.2881 0.0000e+00
   2922.425      70139    650.000     9.6370     9.6479   3.831311   3.832701   49.07789  -16.51489     4.9808     5.1962    643.472    35.2847    35.2884 0.0000e+00
   2923.748      70171    649.000     9.6391     9.6511   3.831487   3.832916   49.07789  -16.51489     4.9803     5.1934    642.484    35.2850    35.2879 0.0000e+00
   2924.940      70200    648.000     9.6427     9.6577   3.831722   3.833362   49.07789  -16.51489     4.9790     5.1943    641.495    35.2842    35.2865 0.0000e+00
   2926.011      70225    647.000     9.6477     9.6653   3.832128   3.834035   49.07789  -16.51489     4.9782     5.2009    640.507    35.2840    35.2864 0.0000e+00
   2927.076      70251    646.000     9.6532     9.6728   3.832602   3.834728   49.07789  -16.51489     4.9843     5.2126    639.518    35.2839    35.2867 0.0000e+00
   2928.286      70280    645.000     9.6599     9.6803   3.833225   3.835471   49.07789  -16.51489     4.9927     5.2254    638.530    35.2843    35.2875 0.0000e+00
   2929.715      70314    644.000     9.6652     9.6908   3.833781   3.836402   49.07789  -16.51489     5.0003     5.2322    637.542    35.2853    35.2873 0.0000e+00
   2931.117      70348    643.000     9.6696     9.7049   3.834198   3.837661   49.07789  -16.51489     5.0050     5.2369    636.553    35.2858    35.2868 0.0000e+00
   2932.334      70377    642.000     9.6741     9.7182   3.834550   3.838995   49.07789  -16.51489     5.0084     5.2452    635.565    35.2854    35.2880 0.0000e+00
   2933.445      70404    641.000     9.6827     9.7291   3.835212   3.840139   49.07789  -16.51489     5.0138     5.2531    634.576    35.2843    35.2895 0.0000e+00
   2934.546      70430    640.000     9.6934     9.7383   3.836164   3.841110   49.07789  -16.51489     5.0191     5.2608    633.588    35.2840    35.2910 0.0000e+00
   2935.698      70458    639.000     9.7082     9.7480   3.837520   3.842027   49.07789  -16.51489     5.0286     5.2664    632.599    35.2839    35.2914 0.0000e+00
   2936.909      70487    638.000     9.7201     9.7626   3.838900   3.843261   49.07789  -16.51489     5.0390     5.2733    631.611    35.2870    35.2903 0.0000e+00
   2938.181      70517    637.000     9.7307     9.7890   3.839937   3.845489   49.07789  -16.51489     5.0470     5.2898    630.622    35.2878    35.2878 0.0000e+00
   2939.495      70549    636.000     9.7490     9.8162   3.841458   3.848574   49.07789  -16.51489     5.0551     5.3170    629.634    35.2860    35.2934 0.0000e+00
   2940.779      70580    635.000     9.7746     9.8284   3.843915   3.850239   49.07789  -16.51489     5.0709     5.3457    628.645    35.2866    35.2990 0.0000e+00
   2941.963      70608    634.000     9.7909     9.8345   3.845875   3.850936   49.07789  -16.51489     5.0914     5.3632    627.657    35.2913    35.3006 0.0000e+00
   2943.083      70635    633.000     9.8030     9.8411   3.847150   3.851526   49.07789  -16.51489     5.1092     5.3714    626.668    35.2929    35.3007 0.0000e+00
   2944.252      70663    632.000     9.8150     9.8483   3.848311   3.852287   49.07789  -16.51489     5.1233     5.3756    625.680    35.2936    35.3019 0.0000e+00
   2945.558      70694    631.000     9.8285     9.8539   3.849782   3.852966   49.07789  -16.51489     5.1364     5.3786    624.691    35.2960    35.3038 0.0000e+00
   2946.885      70726    630.000     9.8352     9.8577   3.850677   3.853387   49.07789  -16.51489     5.1451     5.3798    623.703    35.2990    35.3049 0.0000e+00
   2948.068      70755    629.000     9.8372     9.8614   3.850963   3.853715   49.07789  -16.51489     5.1497     5.3798    622.714    35.3005    35.3051 0.0000e+00
   2949.188      70782    628.000     9.8408     9.8657   3.851203   3.854130   49.07789  -16.51489     5.1524     5.3792    621.726    35.2999    35.3056 0.0000e+00
   2950.377      70810    627.000     9.8479     9.8687   3.851789   3.854527   49.07789  -16.51489     5.1529     5.3790    620.737    35.2994    35.3072 0.0000e+00
   2951.721      70842    626.000     9.8569     9.8701   3.852704   3.854709   49.07789  -16.51489     5.1560     5.3756    619.749    35.3005    35.3082 0.0000e+00
   2953.125      70876    625.000     9.8622     9.8702   3.853431   3.854734   49.07789  -16.51489     5.1640     5.3762    618.760    35.3032    35.3087 0.0000e+00
   2954.401      70907    624.000     9.8635     9.8698   3.853619   3.854644   49.07789  -16.51489     5.1682     5.3783    617.772    35.3043    35.3087 0.0000e+00
   2955.521      70933    623.000     9.8649     9.8701   3.853710   3.854601   49.07789  -16.51488     5.1671     5.3801    616.783    35.3043    35.3084 0.0000e+00
   2956.563      70959    622.000     9.8660     9.8713   3.853798   3.854637   49.07789  -16.51489     5.1643     5.3810    615.795    35.3047    35.3080 0.0000e+00
   2957.605      70984    621.000     9.8670     9.8742   3.853854   3.854816   49.07789  -16.51489     5.1636     5.3831    614.806    35.3047    35.3075 0.0000e+00
   2958.727      71010    620.000     9.8688     9.8790   3.853972   3.855246   49.07789  -16.51489     5.1641     5.3864    613.818    35.3046    35.3077 0.0000e+00
   2960.006      71041    619.000     9.8719     9.8835   3.854232   3.855746   49.07789  -16.51489     5.1615     5.3897    612.829    35.3046    35.3089 0.0000e+00
   2961.399      71075    618.000     9.8767     9.8880   3.854652   3.856187   49.07789  -16.51489     5.1629     5.3914    611.841    35.3047    35.3094 0.0000e+00
   2962.711      71106    617.000     9.8799     9.8916   3.855044   3.856571   49.07789  -16.51489     5.1665     5.3941    610.852    35.3060    35.3102 0.0000e+00
   2963.888      71134    616.000     9.8826     9.8952   3.855291   3.856869   49.07789  -16.51489     5.1676     5.3958    609.863    35.3064    35.3103 0.0000e+00
   2965.001      71161    615.000     9.8851     9.8996   3.855514   3.857268   49.07789  -16.51489     5.1715     5.3968    608.875    35.3067    35.3106 0.0000e+00
   2966.103      71187    614.000     9.8889     9.9037   3.855820   3.857657   49.07789  -16.51489     5.1754     5.3989    607.886    35.3066    35.3110 0.0000e+00
   2967.221      71214    613.000     9.8922     9.9079   3.856202   3.858098   49.07789  -16.51489     5.1781     5.4027    606.898    35.3077    35.3119 0.0000e+00
   2968.413      71243    612.000     9.8955     9.9103   3.856481   3.858402   49.07789  -16.51489     5.1809     5.4084    605.909    35.3078    35.3130 0.0000e+00
   2969.838      71277    611.000     9.8982     9.9128   3.856813   3.858653   49.07789  -16.51489     5.1855     5.4144    604.920    35.3090    35.3136 0.0000e+00
   2971.626      71320    610.000     9.9009     9.9153   3.856999   3.858940   49.07789  -16.51489     5.1909     5.4162    603.932    35.3087    35.3145 0.0000e+00
   3006.326      72153    609.000     9.9052     9.9158   3.857657   3.859115   49.07790  -16.51489     5.1949     5.4175    602.943    35.3117    35.3164 0.0000e+00
   3195.990      76705    608.000     9.9348     9.9369   3.860735   3.861163   49.07795  -16.51489     5.2208     5.4353    601.955    35.3148    35.3172 0.0000e+00
   3189.430      76547    607.000     9.9346     9.9407   3.860644   3.861494   49.07795  -16.51489     5.2182     5.4367    600.966    35.3145    35.3173 0.0000e+00
   3191.258      76591    606.000     9.9359     9.9444   3.860740   3.861887   49.07795  -16.51489     5.2188     5.4433    599.977    35.3147    35.3181 0.0000e+00
   3193.074      76635    605.000     9.9382     9.9487   3.860887   3.862276   49.07795  -16.51489     5.2224     5.4453    598.989    35.3144    35.3184 0.0000e+00
   3194.403      76667    604.000     9.9419     9.9531   3.861175   3.862603   49.07795  -16.51489     5.2239     5.4479    598.000    35.3142    35.3179 0.0000e+00
   3195.467      76692    603.000     9.9461     9.9578   3.861551   3.863035   49.07795  -16.51489     5.2277     5.4508    597.011    35.3144    35.3181 0.0000e+00
   3196.462      76716    602.000     9.9495     9.9617   3.861899   3.863436   49.07795  -16.51489     5.2317     5.4553    596.023    35.3151    35.3189 0.0000e+00
   3197.508      76741    601.000     9.9521     9.9649   3.862182   3.863798   49.07795  -16.51489     5.2334     5.4592    595.034    35.3159    35.3200 0.0000e+00
   3198.677      76769    600.000     9.9554     9.9676   3.862463   3.864074   49.07795  -16.51489     5.2343     5.4601    594.046    35.3161    35.3205 0.0000e+00
   3199.959      76800    599.000     9.9577     9.9719   3.862735   3.864427   49.07795  -16.51489     5.2354     5.4612    593.057    35.3170    35.3204 0.0000e+00
   3201.223      76830    598.000     9.9599     9.9764   3.862877   3.864874   49.07795  -16.51489     5.2370     5.4642    592.068    35.3168    35.3211 0.0000e+00
   3202.394      76858    597.000     9.9620     9.9805   3.863117   3.865232   49.07795  -16.51489     5.2401     5.4717    591.080    35.3177    35.3212 0.0000e+00
   3203.558      76886    596.000     9.9639     9.9840   3.863237   3.865593   49.07795  -16.51489     5.2424     5.4837    590.091    35.3174    35.3219 0.0000e+00
   3204.815      76917    595.000     9.9677     9.9868   3.863538   3.865864   49.07795  -16.51489     5.2478     5.4931    589.102    35.3173    35.3224 0.0000e+00
   3206.173      76949    594.000     9.9729     9.9909   3.863991   3.866211   49.07795  -16.51489     5.2565     5.4982    588.114    35.3173    35.3224 0.0000e+00
   3207.519      76981    593.000     9.9778     9.9971   3.864533   3.866718   49.07795  -16.51489     5.2647     5.5005    587.125    35.3185    35.3220 0.0000e+00
   3208.796      77012    592.000     9.9805    10.0060   3.864798   3.867527   49.07795  -16.51489     5.2704     5.5072    586.136    35.3190    35.3221 0.0000e+00
   3210.005      77041    591.000     9.9855    10.0123   3.865155   3.868274   49.07795  -16.51489     5.2742     5.5156    585.147    35.3182    35.3240 0.0000e+00
   3211.167      77069    590.000     9.9929    10.0167   3.865800   3.868722   49.07795  -16.51490     5.2788     5.5219    584.159    35.3181    35.3247 0.0000e+00
   3212.317      77097    589.000     9.9991    10.0230   3.866506   3.869230   49.07795  -16.51490     5.2839     5.5266    583.170    35.3197    35.3243 0.0000e+00
   3213.519      77125    588.000    10.0049    10.0314   3.867058   3.870073   49.07795  -16.51491     5.2907     5.5335    582.181    35.3201    35.3252 0.0000e+00
   3214.833      77157    587.000    10.0127    10.0378   3.867790   3.870840   49.07795  -16.51491     5.2987     5.5371    581.193    35.3205    35.3271 0.0000e+00
   3216.179      77189    586.000    10.0199    10.0443   3.868617   3.871457   49.07795  -16.51491     5.3049     5.5375    580.204    35.3223    35.3276 0.0000e+00
   3217.387      77218    585.000    10.0244    10.0515   3.869054   3.872136   49.07795  -16.51491     5.3101     5.5374    579.215    35.3228    35.3279 0.0000e+00
   3218.457      77244    584.000    10.0309    10.0591   3.869616   3.872841   49.07795  -16.51491     5.3131     5.5387    578.227    35.3227    35.3282 0.0000e+00
   3219.498      77269    583.000    10.0389    10.0664   3.870377   3.873629   49.07795  -16.51491     5.3134     5.5432    577.238    35.3232    35.3295 0.0000e+00
   3220.629      77296    582.000    10.0470    10.0720   3.871219   3.874264   49.07795  -16.51491     5.3154     5.5527    576.249    35.3243    35.3311 0.0000e+00
   3221.921      77327    581.000    10.0563    10.0789   3.872195   3.874935   49.07795  -16.51491     5.3234     5.5652    575.260    35.3257    35.3316 0.0000e+00
   3223.269      77359    580.000    10.0629    10.0841   3.872958   3.875562   49.07795  -16.51493     5.3338     5.5754    574.272    35.3275    35.3334 0.0000e+00
