Data_example/SBE_Data_Processed/DY130/SeaBird/Data/Processed/DY130_003cfaldb.cnv
* Sea-Bird SBE 9 Data File:
* FileName = C:\Users\sandm\Documents\Cruises\DY130\Data\Raw Data\DY130_003.hex
* Software Version Seasave V 7.26.7.121
* Temperature SN = 03P-5494
* Conductivity SN = 04C-3768
* Number of Bytes Per Scan = 45
* Number of Voltage Words = 4
* Number of Scans Averaged by the Deck Unit = 1
* NMEA Latitude = 48 56.15 N
* NMEA Longitude = 016 26.53 W
* NMEA UTC (Time) = Mar 31 2021  06:44:02
* NMEA baud rate = 9600
** Ship: RRS Discovery
** Cruise: DY130
** Cast: DY130_003
** Station: 021
** Julian Day: 090
** Date: 31st March 2021
** Time (GMT): 06:43
** Latitude: 48 56.14 N
** Longitude: 16 26.52 W
** Depth (uncorrected m): 4834
** Principal Scientist: Sue Hart
** Operator: BP/PH
# nquan = 15
# nvalues = 9708                        
# units = specified
# name 0 = timeS: Time, Elapsed [seconds]
# name 1 = scan: Scan Count
# name 2 = prDM: Pressure, Digiquartz [db]
# name 3 = t090C: Temperature [ITS-90, deg C]
# name 4 = t190C: Temperature, 2 [ITS-90, deg C]
# name 5 = c0S/m: Conductivity [S/m]
# name 6 = c1S/m: Conductivity, 2 [S/m]
# name 7 = latitude: Latitude [deg]
# name 8 = longitude: Longitude [deg]
# name 9 = sbeox0ML/L: Oxygen, SBE 43 [ml/l]
# name 10 = sbeox1ML/L: Oxygen, SBE 43, 2 [ml/l]
# name 11 = depSM: Depth [salt water, m], lat = 48.9358
# name 12 = sal00: Salinity, Practical [PSU]
# name 13 = sal11: Salinity, Practical, 2 [PSU]
# name 14 = flag: flag
# span 0 =    220.143,  14710.513       
# span 1 =       5284,     353053       
# span 2 =      1.000,   4855.000       
# span 3 =     2.5325,    11.7870       
# span 4 =     2.5354,    11.8119       
# span 5 =   2.910735,   4.033066       
# span 6 =   3.272134,   4.036460       
# span 7 =   48.93573,   48.93582       
# span 8 =  -16.44216,  -16.44210       
# span 9 =     4.3535,     6.1969       
# span 10 =     4.5414,     6.4993      
# span 11 =      0.992,   4759.738      
# span 12 =    24.6680,    35.5900      
# span 13 =    32.1141,    35.5524      
# span 14 = 0.0000e+00, 0.0000e+00      
# interval = decibars: 1                
# start_time = Mar 31 2021 06:44:03 [NMEA time, first data scan]
# bad_flag = -9.990e-29
*END*
[from data line 6169]
   7349.245     176383   3539.000     2.6407     2.6445   3.273025   3.273501   48.93580  -16.44213     5.5468     5.8465   3479.889    34.9198    34.9214 0.0000e+00
   7350.092     176403   3538.000     2.6412     2.6448   3.273040   3.273495   48.93579  -16.44213     5.5474     5.8442   3478.914    34.9199    34.9216 0.0000e+00
   7350.963     176424   3537.000     2.6416     2.6448   3.273046   3.273476   48.93579  -16.44213     5.5487     5.8407   3477.939    34.9199    34.9217 0.0000e+00
   7351.880     176446   3536.000     2.6420     2.6448   3.273050   3.273448   48.93579  -16.44213     5.5487     5.8396   3476.963    34.9201    34.9218 0.0000e+00
   7352.870     176470   3535.000     2.6422     2.6448   3.273045   3.273417   48.93579  -16.44214     5.5475     5.8408   3475.988    34.9202    34.9219 0.0000e+00
   7353.956     176496   3534.000     2.6423     2.6449   3.273029   3.273390   48.93579  -16.44214     5.5477     5.8413   3475.013    34.9203    34.9218 0.0000e+00
   7355.094     176523   3533.000     2.6424     2.6451   3.273003   3.273367   48.93579  -16.44214     5.5476     5.8450   3474.037    34.9203    34.9218 0.0000e+00
   7356.170     176549   3532.000     2.6425     2.6452   3.272969   3.273339   48.93579  -16.44214     5.5459     5.8464   3473.062    34.9202    34.9218 0.0000e+00
   7357.127     176572   3531.000     2.6427     2.6454   3.272945   3.273317   48.93579  -16.44213     5.5452     5.8443   3472.086    34.9202    34.9218 0.0000e+00
   7357.990     176593   3530.000     2.6428     2.6455   3.272923   3.273290   48.93579  -16.44213     5.5458     5.8415   3471.111    34.9202    34.9218 0.0000e+00
   7358.799     176612   3529.000     2.6429     2.6456   3.272903   3.273262   48.93579  -16.44213     5.5459     5.8398   3470.136    34.9203    34.9218 0.0000e+00
   7359.584     176631   3528.000     2.6430     2.6457   3.272876   3.273234   48.93579  -16.44213     5.5483     5.8390   3469.160    34.9203    34.9218 0.0000e+00
   7360.372     176650   3527.000     2.6431     2.6457   3.272848   3.273207   48.93579  -16.44213     5.5517     5.8389   3468.185    34.9203    34.9218 0.0000e+00
   7361.191     176670   3526.000     2.6431     2.6457   3.272821   3.273177   48.93579  -16.44213     5.5538     5.8408   3467.209    34.9204    34.9219 0.0000e+00
   7362.073     176691   3525.000     2.6431     2.6456   3.272790   3.273142   48.93579  -16.44213     5.5535     5.8455   3466.234    34.9205    34.9220 0.0000e+00
   7363.056     176714   3524.000     2.6432     2.6456   3.272759   3.273103   48.93579  -16.44213     5.5508     5.8493   3465.259    34.9204    34.9220 0.0000e+00
   7364.163     176741   3523.000     2.6432     2.6455   3.272731   3.273069   48.93579  -16.44213     5.5499     5.8490   3464.283    34.9205    34.9221 0.0000e+00
   7365.357     176770   3522.000     2.6432     2.6454   3.272700   3.273023   48.93579  -16.44213     5.5511     5.8435   3463.308    34.9206    34.9222 0.0000e+00
   7366.546     176798   3521.000     2.6431     2.6453   3.272659   3.272979   48.93579  -16.44213     5.5514     5.8404   3462.332    34.9206    34.9221 0.0000e+00
   7367.653     176825   3520.000     2.6431     2.6456   3.272616   3.272954   48.93579  -16.44213     5.5502     5.8387   3461.357    34.9205    34.9219 0.0000e+00
   7368.650     176849   3519.000     2.6432     2.6461   3.272579   3.272950   48.93579  -16.44213     5.5509     5.8389   3460.382    34.9205    34.9218 0.0000e+00
   7369.546     176870   3518.000     2.6434     2.6466   3.272556   3.272955   48.93579  -16.44213     5.5515     5.8408   3459.406    34.9204    34.9218 0.0000e+00
   7370.371     176890   3517.000     2.6437     2.6469   3.272543   3.272954   48.93579  -16.44213     5.5520     5.8424   3458.431    34.9204    34.9218 0.0000e+00
   7371.156     176909   3516.000     2.6440     2.6473   3.272537   3.272949   48.93579  -16.44213     5.5523     5.8448   3457.455    34.9204    34.9218 0.0000e+00
   7371.929     176927   3515.000     2.6443     2.6475   3.272533   3.272939   48.93579  -16.44213     5.5523     5.8498   3456.480    34.9204    34.9219 0.0000e+00
   7372.719     176946   3514.000     2.6446     2.6477   3.272528   3.272924   48.93579  -16.44213     5.5523     5.8512   3455.504    34.9205    34.9220 0.0000e+00
   7373.563     176967   3513.000     2.6449     2.6479   3.272523   3.272913   48.93579  -16.44213     5.5537     5.8476   3454.529    34.9206    34.9220 0.0000e+00
   7374.512     176989   3512.000     2.6451     2.6481   3.272510   3.272904   48.93579  -16.44213     5.5543     5.8440   3453.553    34.9206    34.9222 0.0000e+00
   7375.642     177016   3511.000     2.6451     2.6482   3.272488   3.272891   48.93579  -16.44213     5.5542     5.8438   3452.578    34.9207    34.9223 0.0000e+00
   7376.941     177048   3510.000     2.6453     2.6482   3.272462   3.272866   48.93579  -16.44213     5.5529     5.8439   3451.602    34.9207    34.9224 0.0000e+00
   7378.172     177077   3509.000     2.6455     2.6483   3.272447   3.272832   48.93579  -16.44213     5.5504     5.8454   3450.627    34.9208    34.9224 0.0000e+00
   7379.199     177102   3508.000     2.6456     2.6485   3.272420   3.272803   48.93579  -16.44213     5.5519     5.8484   3449.651    34.9207    34.9223 0.0000e+00
   7380.080     177123   3507.000     2.6458     2.6486   3.272402   3.272778   48.93579  -16.44213     5.5537     5.8496   3448.676    34.9207    34.9222 0.0000e+00
   7380.889     177142   3506.000     2.6460     2.6487   3.272381   3.272751   48.93579  -16.44213     5.5554     5.8492   3447.701    34.9207    34.9222 0.0000e+00
   7381.676     177161   3505.000     2.6461     2.6489   3.272357   3.272725   48.93579  -16.44213     5.5580     5.8472   3446.725    34.9208    34.9222 0.0000e+00
   7382.480     177181   3504.000     2.6462     2.6491   3.272330   3.272706   48.93579  -16.44213     5.5590     5.8453   3445.750    34.9208    34.9222 0.0000e+00
   7383.334     177201   3503.000     2.6462     2.6492   3.272302   3.272691   48.93579  -16.44213     5.5577     5.8444   3444.774    34.9208    34.9223 0.0000e+00
   7384.265     177223   3502.000     2.6463     2.6493   3.272276   3.272673   48.93579  -16.44213     5.5544     5.8442   3443.799    34.9209    34.9224 0.0000e+00
   7385.278     177248   3501.000     2.6464     2.6494   3.272251   3.272651   48.93579  -16.44213     5.5510     5.8447   3442.823    34.9209    34.9224 0.0000e+00
   7386.353     177273   3500.000     2.6466     2.6496   3.272235   3.272631   48.93579  -16.44213     5.5504     5.8471   3441.847    34.9209    34.9225 0.0000e+00
   7387.466     177300   3499.000     2.6469     2.6498   3.272221   3.272613   48.93579  -16.44214     5.5536     5.8470   3440.872    34.9209    34.9225 0.0000e+00
   7388.565     177327   3498.000     2.6471     2.6502   3.272205   3.272606   48.93579  -16.44214     5.5529     5.8461   3439.896    34.9208    34.9225 0.0000e+00
   7389.592     177351   3497.000     2.6475     2.6504   3.272201   3.272597   48.93579  -16.44214     5.5546     5.8459   3438.921    34.9208    34.9225 0.0000e+00
   7390.532     177374   3496.000     2.6477     2.6507   3.272192   3.272580   48.93579  -16.44214     5.5566     5.8460   3437.945    34.9209    34.9224 0.0000e+00
   7391.419     177395   3495.000     2.6479     2.6509   3.272173   3.272562   48.93579  -16.44213     5.5553     5.8471   3436.970    34.9210    34.9224 0.0000e+00
   7392.299     177416   3494.000     2.6480     2.6512   3.272152   3.272555   48.93579  -16.44213     5.5552     5.8486   3435.994    34.9210    34.9224 0.0000e+00
   7393.208     177438   3493.000     2.6482     2.6514   3.272129   3.272548   48.93579  -16.44214     5.5546     5.8494   3435.019    34.9210    34.9226 0.0000e+00
   7394.159     177461   3492.000     2.6484     2.6516   3.272111   3.272531   48.93579  -16.44214     5.5554     5.8494   3434.043    34.9210    34.9227 0.0000e+00
   7395.127     177484   3491.000     2.6486     2.6516   3.272096   3.272505   48.93579  -16.44214     5.5584     5.8500   3433.068    34.9210    34.9227 0.0000e+00
   7396.072     177507   3490.000     2.6488     2.6516   3.272078   3.272472   48.93579  -16.44214     5.5609     5.8495   3432.092    34.9210    34.9228 0.0000e+00
   7396.976     177528   3489.000     2.6491     2.6517   3.272066   3.272442   48.93579  -16.44214     5.5608     5.8496   3431.117    34.9210    34.9227 0.0000e+00
   7397.853     177549   3488.000     2.6491     2.6518   3.272048   3.272416   48.93579  -16.44214     5.5581     5.8501   3430.141    34.9212    34.9227 0.0000e+00
   7398.730     177571   3487.000     2.6492     2.6519   3.272021   3.272389   48.93579  -16.44214     5.5580     5.8495   3429.165    34.9212    34.9227 0.0000e+00
   7399.632     177592   3486.000     2.6492     2.6522   3.271990   3.272367   48.93579  -16.44214     5.5580     5.8508   3428.190    34.9212    34.9227 0.0000e+00
   7400.585     177615   3485.000     2.6493     2.6526   3.271962   3.272367   48.93579  -16.44214     5.5581     5.8531   3427.214    34.9212    34.9226 0.0000e+00
   7401.598     177639   3484.000     2.6495     2.6531   3.271940   3.272386   48.93579  -16.44214     5.5597     5.8519   3426.238    34.9212    34.9227 0.0000e+00
   7402.652     177665   3483.000     2.6499     2.6534   3.271933   3.272388   48.93579  -16.44214     5.5602     5.8514   3425.263    34.9212    34.9229 0.0000e+00
   7403.706     177690   3482.000     2.6503     2.6536   3.271938   3.272372   48.93579  -16.44214     5.5604     5.8498   3424.287    34.9212    34.9229 0.0000e+00
   7404.738     177715   3481.000     2.6505     2.6537   3.271927   3.272346   48.93579  -16.44214     5.5588     5.8497   3423.312    34.9213    34.9229 0.0000e+00
   7405.734     177739   3480.000     2.6508     2.6539   3.271912   3.272319   48.93579  -16.44214     5.5576     5.8489   3422.336    34.9213    34.9229 0.0000e+00
   7406.677     177761   3479.000     2.6511     2.6541   3.271910   3.272301   48.93579  -16.44214     5.5578     5.8480   3421.361    34.9213    34.9228 0.0000e+00
   7407.557     177782   3478.000     2.6514     2.6545   3.271901   3.272289   48.93579  -16.44213     5.5584     5.8497   3420.385    34.9213    34.9227 0.0000e+00
   7408.376     177802   3477.000     2.6517     2.6549   3.271893   3.272286   48.93579  -16.44213     5.5595     5.8533   3419.409    34.9214    34.9227 0.0000e+00
   7409.156     177821   3476.000     2.6519     2.6553   3.271881   3.272289   48.93579  -16.44213     5.5604     5.8559   3418.434    34.9214    34.9228 0.0000e+00
   7409.933     177839   3475.000     2.6521     2.6556   3.271868   3.272292   48.93579  -16.44213     5.5617     5.8561   3417.458    34.9215    34.9229 0.0000e+00
   7410.752     177859   3474.000     2.6522     2.6560   3.271850   3.272297   48.93579  -16.44213     5.5640     5.8570   3416.483    34.9216    34.9230 0.0000e+00
   7411.693     177882   3473.000     2.6522     2.6562   3.271817   3.272300   48.93579  -16.44214     5.5624     5.8537   3415.507    34.9217    34.9232 0.0000e+00
   7412.877     177910   3472.000     2.6519     2.6563   3.271768   3.272286   48.93579  -16.44214     5.5593     5.8489   3414.531    34.9218    34.9234 0.0000e+00
   7414.249     177943   3471.000     2.6521     2.6564   3.271724   3.272258   48.93579  -16.44214     5.5593     5.8477   3413.556    34.9215    34.9234 0.0000e+00
   7415.454     177972   3470.000     2.6528     2.6567   3.271738   3.272233   48.93579  -16.44214     5.5590     5.8496   3412.580    34.9214    34.9231 0.0000e+00
   7416.450     177996   3469.000     2.6532     2.6572   3.271747   3.272235   48.93579  -16.44214     5.5576     5.8548   3411.604    34.9215    34.9231 0.0000e+00
   7417.327     178017   3468.000     2.6537     2.6575   3.271748   3.272232   48.93579  -16.44214     5.5609     5.8565   3410.629    34.9214    34.9231 0.0000e+00
   7418.137     178036   3467.000     2.6544     2.6578   3.271772   3.272221   48.93579  -16.44213     5.5633     5.8564   3409.653    34.9214    34.9232 0.0000e+00
   7418.916     178055   3466.000     2.6549     2.6579   3.271792   3.272202   48.93579  -16.44213     5.5608     5.8566   3408.677    34.9216    34.9232 0.0000e+00
   7419.698     178074   3465.000     2.6551     2.6581   3.271789   3.272182   48.93579  -16.44213     5.5580     5.8555   3407.702    34.9217    34.9233 0.0000e+00
   7420.530     178094   3464.000     2.6553     2.6583   3.271775   3.272169   48.93579  -16.44213     5.5584     5.8537   3406.726    34.9218    34.9233 0.0000e+00
   7421.481     178117   3463.000     2.6554     2.6586   3.271754   3.272165   48.93579  -16.44213     5.5585     5.8526   3405.750    34.9219    34.9233 0.0000e+00
   7422.612     178144   3462.000     2.6556     2.6594   3.271732   3.272187   48.93579  -16.44213     5.5577     5.8541   3404.775    34.9218    34.9232 0.0000e+00
   7423.815     178173   3461.000     2.6561     2.6604   3.271734   3.272243   48.93579  -16.44213     5.5597     5.8552   3403.799    34.9217    34.9233 0.0000e+00
   7424.891     178198   3460.000     2.6570     2.6617   3.271769   3.272303   48.93579  -16.44213     5.5613     5.8552   3402.823    34.9216    34.9231 0.0000e+00
   7425.841     178221   3459.000     2.6579     2.6629   3.271813   3.272380   48.93579  -16.44213     5.5622     5.8565   3401.848    34.9216    34.9231 0.0000e+00
   7426.733     178243   3458.000     2.6590     2.6638   3.271870   3.272440   48.93579  -16.44213     5.5609     5.8565   3400.872    34.9216    34.9234 0.0000e+00
   7427.619     178264   3457.000     2.6596     2.6641   3.271919   3.272461   48.93579  -16.44213     5.5625     5.8540   3399.896    34.9219    34.9238 0.0000e+00
   7428.532     178286   3456.000     2.6602     2.6641   3.271933   3.272440   48.93579  -16.44214     5.5638     5.8526   3398.920    34.9219    34.9239 0.0000e+00
   7429.477     178308   3455.000     2.6607     2.6639   3.271949   3.272397   48.93579  -16.44214     5.5651     5.8552   3397.945    34.9220    34.9240 0.0000e+00
   7430.426     178331   3454.000     2.6611     2.6637   3.271958   3.272347   48.93579  -16.44214     5.5662     5.8586   3396.969    34.9221    34.9241 0.0000e+00
   7431.345     178353   3453.000     2.6613     2.6636   3.271945   3.272297   48.93579  -16.44214     5.5639     5.8598   3395.993    34.9223    34.9241 0.0000e+00
   7432.226     178374   3452.000     2.6612     2.6635   3.271915   3.272251   48.93579  -16.44214     5.5634     5.8610   3395.018    34.9224    34.9240 0.0000e+00
   7433.082     178395   3451.000     2.6611     2.6636   3.271875   3.272213   48.93579  -16.44213     5.5649     5.8591   3394.042    34.9224    34.9239 0.0000e+00
   7433.941     178416   3450.000     2.6611     2.6640   3.271835   3.272196   48.93579  -16.44213     5.5645     5.8560   3393.066    34.9224    34.9237 0.0000e+00
   7434.832     178437   3449.000     2.6612     2.6646   3.271802   3.272210   48.93579  -16.44213     5.5635     5.8556   3392.090    34.9224    34.9236 0.0000e+00
   7435.785     178460   3448.000     2.6614     2.6652   3.271781   3.272246   48.93579  -16.44213     5.5648     5.8585   3391.115    34.9223    34.9238 0.0000e+00
   7436.833     178485   3447.000     2.6617     2.6656   3.271772   3.272262   48.93579  -16.44213     5.5648     5.8630   3390.139    34.9223    34.9241 0.0000e+00
   7437.967     178512   3446.000     2.6622     2.6658   3.271775   3.272252   48.93579  -16.44213     5.5642     5.8644   3389.163    34.9223    34.9242 0.0000e+00
   7439.091     178539   3445.000     2.6625     2.6662   3.271781   3.272240   48.93579  -16.44213     5.5688     5.8621   3388.187    34.9224    34.9240 0.0000e+00
   7440.142     178564   3444.000     2.6630     2.6671   3.271782   3.272260   48.93579  -16.44213     5.5689     5.8579   3387.211    34.9224    34.9238 0.0000e+00
