Data_example/SBE_Data_Processed/DY130/SeaBird/Data/Processed/DY130_009cfaldb.cnv
* Sea-Bird SBE 9 Data File:
* FileName = C:\Users\sandm\Documents\Cruises\DY130\Data\Raw Data\DY130_009.hex
* Software Version Seasave V 7.26.7.121
* Temperature SN = 03P-5494
* Conductivity SN = 04C-3768
* Number of Bytes Per Scan = 45
* Number of Voltage Words = 4
* Number of Scans Averaged by the Deck Unit = 1
* NMEA Latitude = 48 56.12 N
* NMEA Longitude = 016 26.57 W
* NMEA UTC (Time) = Apr 06 2021  06:46:39
* NMEA baud rate = 9600
** Ship: RRS Discovery
** Cruise: DY130
** Cast: DY130_009
** Station: 057
** Julian Day: 096
** Date: 06/04/2021
** Time (GMT): 06:46
** Latitude: 48 56.11N
** Longitude: 16 26.57W
** Depth (uncorrected m): 4809
** Principal Scientist: Sue Hart
** Operator: BP/PH
# nquan = 15
# nvalues = 9700                        
# units = specified
# name 0 = timeS: Time, Elapsed [seconds]
# name 1 = scan: Scan Count
# name 2 = prDM: Pressure, Digiquartz [db]
# name 3 = t090C: Temperature [ITS-90, deg C]
# name 4 = t190C: Temperature, 2 [ITS-90, deg C]
# name 5 = c0S/m: Conductivity [S/m]
# name 6 = c1S/m: Conductivity, 2 [S/m]
# name 7 = latitude: Latitude [deg]
# name 8 = longitude: Longitude [deg]
# name 9 = sbeox0ML/L: Oxygen, SBE 43 [ml/l]
# name 10 = sbeox1ML/L: Oxygen, SBE 43, 2 [ml/l]
# name 11 = depSM: Depth [salt water, m], lat = 48.9353
# name 12 = sal00: Salinity, Practical [PSU]
# name 13 = sal11: Salinity, Practical, 2 [PSU]
# name 14 = flag: flag
# span 0 =    324.386,  13244.330       
# span 1 =       7786,     317865       
# span 2 =      2.000,   4852.000       
# span 3 =     2.5255,    11.5654       
# span 4 =     2.5282,    11.5668       
# span 5 =   3.151165,   4.013559       
# span 6 =   2.624274,   4.012283       
# span 7 =   48.85215,   48.93552       
# span 8 =  -16.44245,  -16.41441       
# span 9 =     4.4229,     6.3975       
# span 10 =     4.5960,     7.0202      
# span 11 =      1.983,   4756.829      
# span 12 =    27.3379,    35.5517      
# span 13 =    22.4369,    35.5132      
# span 14 = 0.0000e+00, 0.0000e+00      
# interval = decibars: 1                
# start_time = Apr 06 2021 06:46:40 [NMEA time, first data scan]
# bad_flag = -9.990e-29
*END*
[from data line 5109]
   5714.566     137151   4592.000     2.5266     2.5296   3.297485   3.297866   48.93550  -16.44243     5.4862     5.7458   4504.550    34.8984    34.8998 0.0000e+00
   5715.551     137174   4591.000     2.5266     2.5297   3.297451   3.297847   48.93551  -16.44243     5.4849     5.7428   4503.579    34.8984    34.8999 0.0000e+00
   5716.548     137198   4590.000     2.5267     2.5297   3.297421   3.297824   48.93551  -16.44243     5.4840     5.7441   4502.608    34.8983    34.8999 0.0000e+00
   5717.520     137221   4589.000     2.5267     2.5298   3.297393   3.297795   48.93551  -16.44243     5.4816     5.7486   4501.638    34.8983    34.8999 0.0000e+00
   5718.447     137244   4588.000     2.5268     2.5298   3.297370   3.297764   48.93552  -16.44243     5.4809     5.7492   4500.667    34.8984    34.8999 0.0000e+00
   5719.346     137265   4587.000     2.5269     2.5299   3.297345   3.297739   48.93551  -16.44243     5.4826     5.7479   4499.696    34.8984    34.8999 0.0000e+00
   5720.251     137287   4586.000     2.5270     2.5300   3.297320   3.297720   48.93551  -16.44243     5.4833     5.7501   4498.725    34.8984    34.9000 0.0000e+00
   5721.197     137310   4585.000     2.5271     2.5299   3.297296   3.297691   48.93550  -16.44243     5.4818     5.7512   4497.754    34.8984    34.9001 0.0000e+00
   5722.207     137334   4584.000     2.5271     2.5299   3.297274   3.297654   48.93550  -16.44243     5.4818     5.7529   4496.783    34.8985    34.9001 0.0000e+00
   5723.248     137359   4583.000     2.5271     2.5298   3.297243   3.297618   48.93550  -16.44243     5.4811     5.7504   4495.812    34.8985    34.9002 0.0000e+00
   5724.253     137383   4582.000     2.5270     2.5298   3.297209   3.297584   48.93550  -16.44243     5.4829     5.7462   4494.841    34.8986    34.9001 0.0000e+00
   5725.180     137405   4581.000     2.5270     2.5299   3.297172   3.297552   48.93550  -16.44243     5.4826     5.7445   4493.871    34.8986    34.9001 0.0000e+00
   5726.043     137426   4580.000     2.5270     2.5299   3.297140   3.297524   48.93550  -16.44243     5.4841     5.7462   4492.900    34.8986    34.9001 0.0000e+00
   5726.878     137446   4579.000     2.5270     2.5299   3.297109   3.297494   48.93550  -16.44243     5.4845     5.7474   4491.929    34.8986    34.9002 0.0000e+00
   5727.725     137466   4578.000     2.5270     2.5298   3.297078   3.297459   48.93550  -16.44243     5.4824     5.7452   4490.958    34.8986    34.9002 0.0000e+00
   5728.630     137488   4577.000     2.5270     2.5297   3.297046   3.297420   48.93550  -16.44243     5.4818     5.7429   4489.987    34.8986    34.9003 0.0000e+00
   5729.640     137512   4576.000     2.5270     2.5297   3.297012   3.297383   48.93550  -16.44243     5.4831     5.7420   4489.016    34.8986    34.9002 0.0000e+00
   5730.733     137539   4575.000     2.5269     2.5298   3.296975   3.297353   48.93550  -16.44244     5.4824     5.7430   4488.045    34.8987    34.9002 0.0000e+00
   5731.787     137564   4574.000     2.5269     2.5299   3.296938   3.297332   48.93550  -16.44244     5.4815     5.7433   4487.074    34.8986    34.9002 0.0000e+00
   5732.736     137587   4573.000     2.5269     2.5300   3.296908   3.297303   48.93550  -16.44245     5.4847     5.7425   4486.103    34.8987    34.9001 0.0000e+00
   5733.621     137608   4572.000     2.5270     2.5300   3.296878   3.297274   48.93550  -16.44245     5.4853     5.7459   4485.132    34.8986    34.9002 0.0000e+00
   5734.499     137629   4571.000     2.5270     2.5299   3.296849   3.297242   48.93550  -16.44245     5.4845     5.7509   4484.161    34.8987    34.9003 0.0000e+00
   5735.417     137651   4570.000     2.5270     2.5299   3.296819   3.297208   48.93550  -16.44245     5.4854     5.7540   4483.190    34.8987    34.9003 0.0000e+00
   5736.409     137675   4569.000     2.5270     2.5298   3.296787   3.297170   48.93550  -16.44245     5.4847     5.7536   4482.220    34.8987    34.9003 0.0000e+00
   5737.462     137700   4568.000     2.5270     2.5298   3.296755   3.297132   48.93550  -16.44245     5.4840     5.7496   4481.249    34.8987    34.9003 0.0000e+00
   5738.499     137725   4567.000     2.5270     2.5298   3.296725   3.297100   48.93550  -16.44245     5.4833     5.7456   4480.278    34.8988    34.9003 0.0000e+00
   5739.459     137748   4566.000     2.5270     2.5298   3.296693   3.297067   48.93550  -16.44245     5.4821     5.7460   4479.307    34.8988    34.9003 0.0000e+00
   5740.352     137769   4565.000     2.5270     2.5299   3.296658   3.297035   48.93550  -16.44245     5.4827     5.7473   4478.336    34.8988    34.9002 0.0000e+00
   5741.214     137790   4564.000     2.5270     2.5299   3.296628   3.297003   48.93550  -16.44245     5.4823     5.7454   4477.365    34.8988    34.9002 0.0000e+00
   5742.078     137811   4563.000     2.5270     2.5298   3.296597   3.296969   48.93550  -16.44245     5.4823     5.7436   4476.394    34.8988    34.9003 0.0000e+00
   5742.966     137832   4562.000     2.5270     2.5298   3.296564   3.296934   48.93550  -16.44245     5.4833     5.7425   4475.423    34.8988    34.9003 0.0000e+00
   5743.882     137854   4561.000     2.5269     2.5297   3.296528   3.296899   48.93550  -16.44245     5.4842     5.7407   4474.452    34.8989    34.9004 0.0000e+00
   5744.822     137877   4560.000     2.5269     2.5296   3.296491   3.296861   48.93550  -16.44245     5.4838     5.7414   4473.481    34.8988    34.9004 0.0000e+00
   5745.778     137900   4559.000     2.5268     2.5296   3.296452   3.296824   48.93550  -16.44245     5.4842     5.7445   4472.510    34.8989    34.9004 0.0000e+00
   5746.736     137923   4558.000     2.5268     2.5296   3.296414   3.296790   48.93550  -16.44245     5.4855     5.7484   4471.539    34.8988    34.9004 0.0000e+00
   5747.684     137945   4557.000     2.5268     2.5296   3.296380   3.296757   48.93550  -16.44245     5.4861     5.7508   4470.568    34.8988    34.9004 0.0000e+00
   5748.618     137968   4556.000     2.5268     2.5296   3.296347   3.296725   48.93550  -16.44245     5.4877     5.7488   4469.597    34.8988    34.9004 0.0000e+00
   5749.547     137990   4555.000     2.5268     2.5296   3.296316   3.296694   48.93550  -16.44245     5.4889     5.7479   4468.626    34.8988    34.9004 0.0000e+00
   5750.485     138013   4554.000     2.5268     2.5295   3.296286   3.296661   48.93550  -16.44245     5.4869     5.7521   4467.655    34.8989    34.9005 0.0000e+00
   5751.445     138036   4553.000     2.5268     2.5294   3.296254   3.296622   48.93550  -16.44245     5.4837     5.7518   4466.684    34.8989    34.9005 0.0000e+00
   5752.427     138059   4552.000     2.5267     2.5292   3.296215   3.296578   48.93550  -16.44245     5.4827     5.7484   4465.713    34.8989    34.9006 0.0000e+00
   5753.413     138083   4551.000     2.5266     2.5291   3.296172   3.296527   48.93551  -16.44245     5.4843     5.7464   4464.742    34.8989    34.9005 0.0000e+00
   5754.384     138106   4550.000     2.5265     2.5290   3.296130   3.296482   48.93551  -16.44245     5.4856     5.7442   4463.771    34.8989    34.9005 0.0000e+00
   5755.332     138129   4549.000     2.5264     2.5289   3.296089   3.296444   48.93550  -16.44245     5.4849     5.7422   4462.800    34.8989    34.9005 0.0000e+00
   5756.270     138151   4548.000     2.5263     2.5289   3.296050   3.296408   48.93550  -16.44245     5.4826     5.7417   4461.829    34.8989    34.9005 0.0000e+00
   5757.215     138174   4547.000     2.5262     2.5288   3.296013   3.296372   48.93550  -16.44245     5.4810     5.7432   4460.858    34.8990    34.9005 0.0000e+00
   5758.177     138197   4546.000     2.5262     2.5288   3.295975   3.296336   48.93550  -16.44245     5.4842     5.7482   4459.887    34.8990    34.9005 0.0000e+00
   5759.164     138221   4545.000     2.5261     2.5289   3.295937   3.296306   48.93550  -16.44245     5.4857     5.7511   4458.916    34.8990    34.9005 0.0000e+00
   5760.175     138245   4544.000     2.5261     2.5289   3.295903   3.296278   48.93550  -16.44245     5.4855     5.7511   4457.945    34.8990    34.9005 0.0000e+00
   5761.181     138269   4543.000     2.5261     2.5291   3.295870   3.296258   48.93550  -16.44245     5.4824     5.7533   4456.974    34.8990    34.9005 0.0000e+00
   5762.147     138293   4542.000     2.5261     2.5292   3.295836   3.296234   48.93551  -16.44244     5.4823     5.7528   4456.002    34.8990    34.9005 0.0000e+00
   5763.060     138314   4541.000     2.5261     2.5292   3.295804   3.296205   48.93551  -16.44244     5.4830     5.7499   4455.031    34.8990    34.9005 0.0000e+00
   5763.928     138335   4540.000     2.5262     2.5292   3.295777   3.296177   48.93552  -16.44244     5.4848     5.7494   4454.060    34.8989    34.9006 0.0000e+00
   5764.776     138356   4539.000     2.5263     2.5293   3.295752   3.296148   48.93552  -16.44244     5.4864     5.7483   4453.089    34.8990    34.9005 0.0000e+00
   5765.631     138376   4538.000     2.5264     2.5292   3.295727   3.296117   48.93552  -16.44245     5.4863     5.7464   4452.118    34.8990    34.9007 0.0000e+00
   5766.528     138398   4537.000     2.5264     2.5291   3.295701   3.296081   48.93551  -16.44245     5.4847     5.7455   4451.147    34.8990    34.9007 0.0000e+00
   5767.500     138421   4536.000     2.5264     2.5291   3.295669   3.296046   48.93550  -16.44245     5.4852     5.7460   4450.176    34.8991    34.9007 0.0000e+00
   5768.552     138446   4535.000     2.5263     2.5290   3.295634   3.296010   48.93550  -16.44245     5.4874     5.7447   4449.205    34.8991    34.9008 0.0000e+00
   5769.626     138472   4534.000     2.5263     2.5291   3.295597   3.295976   48.93550  -16.44244     5.4891     5.7431   4448.234    34.8991    34.9007 0.0000e+00
   5770.642     138496   4533.000     2.5263     2.5293   3.295565   3.295951   48.93551  -16.44244     5.4880     5.7448   4447.263    34.8991    34.9006 0.0000e+00
   5771.576     138519   4532.000     2.5264     2.5296   3.295538   3.295941   48.93551  -16.44243     5.4879     5.7505   4446.292    34.8991    34.9005 0.0000e+00
   5772.457     138540   4531.000     2.5266     2.5298   3.295522   3.295933   48.93551  -16.44243     5.4867     5.7574   4445.321    34.8991    34.9006 0.0000e+00
   5773.320     138561   4530.000     2.5267     2.5300   3.295507   3.295920   48.93552  -16.44243     5.4858     5.7587   4444.349    34.8991    34.9007 0.0000e+00
   5774.197     138582   4529.000     2.5269     2.5301   3.295491   3.295901   48.93552  -16.44243     5.4858     5.7567   4443.378    34.8992    34.9007 0.0000e+00
   5775.107     138604   4528.000     2.5270     2.5302   3.295469   3.295882   48.93552  -16.44243     5.4869     5.7520   4442.407    34.8992    34.9007 0.0000e+00
   5776.046     138626   4527.000     2.5271     2.5305   3.295446   3.295867   48.93552  -16.44243     5.4881     5.7470   4441.436    34.8992    34.9007 0.0000e+00
   5776.991     138649   4526.000     2.5274     2.5308   3.295432   3.295867   48.93551  -16.44243     5.4874     5.7449   4440.465    34.8992    34.9007 0.0000e+00
   5777.928     138671   4525.000     2.5277     2.5311   3.295429   3.295865   48.93550  -16.44243     5.4854     5.7434   4439.494    34.8992    34.9008 0.0000e+00
   5778.872     138694   4524.000     2.5278     2.5312   3.295417   3.295849   48.93550  -16.44243     5.4869     5.7427   4438.523    34.8993    34.9009 0.0000e+00
   5779.845     138717   4523.000     2.5280     2.5312   3.295401   3.295821   48.93551  -16.44243     5.4895     5.7435   4437.552    34.8993    34.9010 0.0000e+00
   5780.853     138741   4522.000     2.5281     2.5312   3.295385   3.295790   48.93551  -16.44243     5.4870     5.7467   4436.580    34.8994    34.9010 0.0000e+00
   5781.871     138766   4521.000     2.5282     2.5313   3.295359   3.295764   48.93552  -16.44243     5.4853     5.7493   4435.609    34.8994    34.9010 0.0000e+00
   5782.860     138790   4520.000     2.5283     2.5314   3.295333   3.295740   48.93551  -16.44243     5.4855     5.7520   4434.638    34.8994    34.9010 0.0000e+00
   5783.808     138812   4519.000     2.5284     2.5314   3.295309   3.295711   48.93551  -16.44243     5.4856     5.7558   4433.667    34.8994    34.9010 0.0000e+00
   5784.730     138835   4518.000     2.5285     2.5313   3.295286   3.295676   48.93550  -16.44243     5.4855     5.7539   4432.696    34.8994    34.9011 0.0000e+00
   5785.652     138857   4517.000     2.5285     2.5312   3.295258   3.295638   48.93550  -16.44243     5.4849     5.7521   4431.725    34.8995    34.9012 0.0000e+00
   5786.599     138879   4516.000     2.5285     2.5311   3.295226   3.295598   48.93550  -16.44243     5.4839     5.7513   4430.754    34.8995    34.9012 0.0000e+00
   5787.585     138903   4515.000     2.5285     2.5310   3.295192   3.295556   48.93550  -16.44242     5.4837     5.7495   4429.782    34.8995    34.9012 0.0000e+00
   5788.601     138927   4514.000     2.5284     2.5309   3.295155   3.295513   48.93550  -16.44242     5.4847     5.7487   4428.811    34.8996    34.9012 0.0000e+00
   5789.611     138952   4513.000     2.5282     2.5308   3.295112   3.295472   48.93551  -16.44242     5.4874     5.7468   4427.840    34.8996    34.9012 0.0000e+00
   5790.575     138975   4512.000     2.5281     2.5307   3.295070   3.295430   48.93551  -16.44243     5.4851     5.7470   4426.869    34.8996    34.9012 0.0000e+00
   5791.490     138997   4511.000     2.5280     2.5306   3.295030   3.295385   48.93551  -16.44243     5.4854     5.7472   4425.898    34.8996    34.9012 0.0000e+00
   5792.382     139018   4510.000     2.5280     2.5305   3.294991   3.295343   48.93552  -16.44243     5.4882     5.7474   4424.926    34.8996    34.9012 0.0000e+00
   5793.297     139040   4509.000     2.5279     2.5304   3.294952   3.295306   48.93551  -16.44242     5.4855     5.7538   4423.955    34.8996    34.9012 0.0000e+00
   5794.287     139064   4508.000     2.5279     2.5304   3.294914   3.295273   48.93551  -16.44241     5.4852     5.7540   4422.984    34.8996    34.9012 0.0000e+00
   5795.377     139090   4507.000     2.5278     2.5303   3.294872   3.295240   48.93550  -16.44241     5.4855     5.7492   4422.013    34.8996    34.9013 0.0000e+00
   5796.476     139116   4506.000     2.5277     2.5304   3.294834   3.295204   48.93550  -16.44241     5.4856     5.7476   4421.042    34.8996    34.9012 0.0000e+00
   5797.466     139140   4505.000     2.5277     2.5304   3.294798   3.295169   48.93550  -16.44241     5.4823     5.7472   4420.070    34.8996    34.9012 0.0000e+00
   5798.356     139162   4504.000     2.5277     2.5304   3.294762   3.295135   48.93550  -16.44241     5.4833     5.7493   4419.099    34.8995    34.9012 0.0000e+00
   5799.199     139182   4503.000     2.5276     2.5305   3.294728   3.295104   48.93551  -16.44241     5.4869     5.7516   4418.128    34.8996    34.9011 0.0000e+00
   5800.037     139202   4502.000     2.5276     2.5306   3.294694   3.295081   48.93551  -16.44241     5.4880     5.7514   4417.157    34.8996    34.9011 0.0000e+00
   5800.896     139222   4501.000     2.5276     2.5308   3.294662   3.295065   48.93551  -16.44241     5.4891     5.7501   4416.186    34.8996    34.9011 0.0000e+00
   5801.784     139244   4500.000     2.5277     2.5309   3.294630   3.295048   48.93551  -16.44241     5.4887     5.7482   4415.214    34.8996    34.9012 0.0000e+00
   5802.699     139266   4499.000     2.5278     2.5309   3.294608   3.295023   48.93550  -16.44242     5.4890     5.7462   4414.243    34.8996    34.9013 0.0000e+00
   5803.633     139288   4498.000     2.5279     2.5308   3.294590   3.294988   48.93550  -16.44243     5.4877     5.7456   4413.272    34.8997    34.9014 0.0000e+00
