Data_example/SBE_Data_Processed/DY130/SeaBird/Data/Processed/DY130_014cfaldb.cnv
* Sea-Bird SBE 9 Data File:
* FileName = C:\Users\sandm\Documents\Cruises\DY130\Data\Raw Data\DY130_014.hex
* Software Version Seasave V 7.26.7.121
* Temperature SN = 03P-5494
* Conductivity SN = 04C-3768
* Number of Bytes Per Scan = 45
* Number of Voltage Words = 4
* Number of Scans Averaged by the Deck Unit = 1
* NMEA Latitude = 49 15.62 N
* NMEA Longitude = 014 30.22 W
* NMEA UTC (Time) = Apr 12 2021  01:21:29
* NMEA baud rate = 9600
** Ship: RRS Discovery
** Cruise: DY130
** Cast: 014
** Station: 080
** Julian Day: 102
** Date: 12/04/2021
** Time (GMT): 01:21
** Latitude: 49 15.62N
** Longitude: 14 30.21W
** Depth (uncorrected m): 4493
** Principal Scientist: Sue Hart
** Operator: BP/PH
# nquan = 15
# nvalues = 2016                        
# units = specified
# name 0 = timeS: Time, Elapsed [seconds]
# name 1 = scan: Scan Count
# name 2 = prDM: Pressure, Digiquartz [db]
# name 3 = t090C: Temperature [ITS-90, deg C]
# name 4 = t190C: Temperature, 2 [ITS-90, deg C]
# name 5 = c0S/m: Conductivity [S/m]
# name 6 = c1S/m: Conductivity, 2 [S/m]
# name 7 = latitude: Latitude [deg]
# name 8 = longitude: Longitude [deg]
# name 9 = sbeox0ML/L: Oxygen, SBE 43 [ml/l]
# name 10 = sbeox1ML/L: Oxygen, SBE 43, 2 [ml/l]
# name 11 = depSM: Depth [salt water, m], lat = 49.2603
# name 12 = sal00: Salinity, Practical [PSU]
# name 13 = sal11: Salinity, Practical, 2 [PSU]
# name 14 = flag: flag
# span 0 =    325.923,   6037.058       
# span 1 =       7823,     144890       
# span 2 =      2.000,   1012.000       
# span 3 =     8.7439,    11.8504       
# span 4 =     8.7449,    11.8518       
# span 5 =   3.776405,   4.056676       
# span 6 =   3.667957,   4.057195       
# span 7 =   49.25804,   49.49553       
# span 8 =  -14.57132,  -14.50139       
# span 9 =     4.3853,     6.5486       
# span 10 =     4.5518,     6.9088      
# span 11 =      1.983,   1000.953      
# span 12 =    33.2566,    35.7308      
# span 13 =    32.0991,    35.7345      
# span 14 = 0.0000e+00, 0.0000e+00      
# interval = decibars: 1                
# start_time = Apr 12 2021 01:21:29 [NMEA time, first data scan]
# bad_flag = -9.990e-29
*END*
[from data line 386]
   1368.962      32856    388.000    10.9223    10.9235   3.959512   3.960032   49.26037  -14.50368     5.9130     6.1287    384.339    35.4549    35.4590 0.0000e+00
   1369.853      32877    389.000    10.9219    10.9231   3.959511   3.960033   49.26037  -14.50368     5.9104     6.1265    385.329    35.4549    35.4590 0.0000e+00
   1370.694      32898    390.000    10.9214    10.9226   3.959506   3.960031   49.26037  -14.50368     5.9099     6.1250    386.318    35.4549    35.4590 0.0000e+00
   1371.540      32918    391.000    10.9206    10.9218   3.959490   3.960008   49.26037  -14.50368     5.9096     6.1242    387.308    35.4550    35.4591 0.0000e+00
   1372.430      32939    392.000    10.9192    10.9203   3.959421   3.959929   49.26037  -14.50368     5.9066     6.1235    388.297    35.4552    35.4593 0.0000e+00
   1373.392      32962    393.000    10.9179    10.9189   3.959309   3.959809   49.26037  -14.50368     5.9043     6.1237    389.287    35.4549    35.4589 0.0000e+00
   1374.410      32987    394.000    10.9171    10.9182   3.959255   3.959766   49.26037  -14.50368     5.9055     6.1232    390.277    35.4547    35.4587 0.0000e+00
   1375.435      33011    395.000    10.9167    10.9178   3.959255   3.959773   49.26036  -14.50368     5.9062     6.1238    391.266    35.4546    35.4588 0.0000e+00
   1376.444      33036    396.000    10.9164    10.9173   3.959274   3.959780   49.26037  -14.50368     5.9060     6.1260    392.256    35.4547    35.4589 0.0000e+00
   1377.435      33059    397.000    10.9156    10.9165   3.959263   3.959758   49.26037  -14.50368     5.9072     6.1279    393.246    35.4549    35.4590 0.0000e+00
   1378.408      33083    398.000    10.9143    10.9151   3.959193   3.959675   49.26037  -14.50368     5.9095     6.1278    394.235    35.4550    35.4591 0.0000e+00
   1379.346      33105    399.000    10.9131    10.9137   3.959088   3.959561   49.26037  -14.50368     5.9081     6.1250    395.225    35.4547    35.4588 0.0000e+00
   1380.248      33127    400.000    10.9120    10.9126   3.959003   3.959469   49.26037  -14.50368     5.9016     6.1201    396.214    35.4544    35.4585 0.0000e+00
   1381.123      33148    401.000    10.9111    10.9120   3.958934   3.959411   49.26037  -14.50368     5.8956     6.1134    397.204    35.4541    35.4581 0.0000e+00
   1381.984      33169    402.000    10.9106    10.9116   3.958897   3.959398   49.26037  -14.50368     5.8923     6.1079    398.193    35.4539    35.4579 0.0000e+00
   1382.855      33190    403.000    10.9102    10.9111   3.958885   3.959394   49.26037  -14.50368     5.8921     6.1064    399.183    35.4537    35.4578 0.0000e+00
   1383.773      33212    404.000    10.9096    10.9105   3.958877   3.959381   49.26037  -14.50368     5.8921     6.1074    400.173    35.4537    35.4579 0.0000e+00
   1384.797      33236    405.000    10.9086    10.9094   3.958827   3.959323   49.26036  -14.50368     5.8897     6.1083    401.162    35.4537    35.4579 0.0000e+00
   1385.944      33264    406.000    10.9069    10.9076   3.958711   3.959195   49.26036  -14.50368     5.8886     6.1082    402.152    35.4538    35.4579 0.0000e+00
   1387.107      33292    407.000    10.9048    10.9057   3.958536   3.959030   49.26036  -14.50368     5.8862     6.1023    403.141    35.4536    35.4577 0.0000e+00
   1388.168      33317    408.000    10.9031    10.9039   3.958390   3.958891   49.26036  -14.50368     5.8829     6.0970    404.131    35.4534    35.4575 0.0000e+00
   1389.136      33340    409.000    10.9013    10.9020   3.958257   3.958746   49.26036  -14.50368     5.8784     6.0980    405.120    35.4533    35.4575 0.0000e+00
   1390.061      33362    410.000    10.8994    10.8999   3.958108   3.958576   49.26037  -14.50368     5.8745     6.0981    406.110    35.4532    35.4574 0.0000e+00
   1390.976      33384    411.000    10.8977    10.8984   3.957943   3.958416   49.26037  -14.50368     5.8704     6.0958    407.099    35.4528    35.4567 0.0000e+00
   1391.880      33406    412.000    10.8967    10.8975   3.957852   3.958337   49.26037  -14.50368     5.8688     6.0921    408.089    35.4523    35.4564 0.0000e+00
   1392.768      33427    413.000    10.8959    10.8968   3.957801   3.958287   49.26037  -14.50368     5.8714     6.0868    409.079    35.4521    35.4561 0.0000e+00
   1393.655      33449    414.000    10.8954    10.8964   3.957766   3.958267   49.26036  -14.50368     5.8732     6.0827    410.068    35.4518    35.4559 0.0000e+00
   1394.559      33470    415.000    10.8951    10.8961   3.957760   3.958269   49.26036  -14.50368     5.8721     6.0816    411.058    35.4516    35.4558 0.0000e+00
   1395.498      33493    416.000    10.8947    10.8957   3.957768   3.958273   49.26036  -14.50368     5.8689     6.0824    412.047    35.4516    35.4558 0.0000e+00
   1396.468      33516    417.000    10.8940    10.8949   3.957747   3.958250   49.26036  -14.50368     5.8658     6.0831    413.037    35.4517    35.4558 0.0000e+00
   1397.448      33540    418.000    10.8930    10.8939   3.957690   3.958190   49.26036  -14.50368     5.8637     6.0841    414.026    35.4516    35.4558 0.0000e+00
   1398.415      33563    419.000    10.8921    10.8929   3.957638   3.958126   49.26036  -14.50368     5.8616     6.0831    415.015    35.4515    35.4557 0.0000e+00
   1399.369      33586    420.000    10.8913    10.8920   3.957589   3.958073   49.26036  -14.50368     5.8621     6.0796    416.005    35.4513    35.4555 0.0000e+00
   1400.320      33609    421.000    10.8906    10.8913   3.957555   3.958029   49.26036  -14.50368     5.8629     6.0767    416.994    35.4512    35.4553 0.0000e+00
   1401.271      33631    422.000    10.8902    10.8910   3.957535   3.958017   49.26036  -14.50368     5.8610     6.0754    417.984    35.4510    35.4551 0.0000e+00
   1402.228      33654    423.000    10.8899    10.8907   3.957546   3.958025   49.26036  -14.50368     5.8600     6.0760    418.973    35.4509    35.4549 0.0000e+00
   1403.202      33678    424.000    10.8898    10.8906   3.957565   3.958048   49.26036  -14.50368     5.8607     6.0781    419.963    35.4508    35.4548 0.0000e+00
   1404.192      33702    425.000    10.8897    10.8907   3.957599   3.958092   49.26037  -14.50368     5.8595     6.0784    420.952    35.4508    35.4547 0.0000e+00
   1405.182      33725    426.000    10.8895    10.8907   3.957626   3.958140   49.26037  -14.50368     5.8588     6.0766    421.942    35.4508    35.4548 0.0000e+00
   1406.166      33749    427.000    10.8890    10.8905   3.957623   3.958172   49.26037  -14.50368     5.8589     6.0760    422.931    35.4508    35.4549 0.0000e+00
   1407.148      33773    428.000    10.8886    10.8899   3.957614   3.958173   49.26037  -14.50368     5.8573     6.0766    423.921    35.4507    35.4550 0.0000e+00
   1408.132      33796    429.000    10.8883    10.8893   3.957625   3.958159   49.26037  -14.50368     5.8580     6.0763    424.910    35.4506    35.4550 0.0000e+00
   1409.110      33820    430.000    10.8878    10.8887   3.957637   3.958148   49.26037  -14.50368     5.8617     6.0764    425.900    35.4508    35.4550 0.0000e+00
   1410.063      33843    431.000    10.8868    10.8877   3.957616   3.958119   49.26037  -14.50368     5.8604     6.0749    426.889    35.4511    35.4553 0.0000e+00
   1410.980      33865    432.000    10.8853    10.8861   3.957541   3.958031   49.26037  -14.50368     5.8571     6.0728    427.878    35.4513    35.4555 0.0000e+00
   1411.864      33886    433.000    10.8838    10.8846   3.957422   3.957912   49.26037  -14.50368     5.8583     6.0731    428.868    35.4512    35.4553 0.0000e+00
   1412.734      33907    434.000    10.8823    10.8831   3.957326   3.957819   49.26037  -14.50368     5.8606     6.0744    429.857    35.4512    35.4553 0.0000e+00
   1413.618      33928    435.000    10.8804    10.8811   3.957205   3.957684   49.26037  -14.50368     5.8610     6.0746    430.847    35.4514    35.4555 0.0000e+00
   1414.554      33950    436.000    10.8783    10.8792   3.957011   3.957498   49.26037  -14.50368     5.8603     6.0743    431.836    35.4510    35.4550 0.0000e+00
   1415.562      33974    437.000    10.8770    10.8781   3.956877   3.957393   49.26037  -14.50368     5.8584     6.0752    432.826    35.4505    35.4546 0.0000e+00
   1416.624      34000    438.000    10.8764    10.8774   3.956838   3.957349   49.26037  -14.50368     5.8536     6.0745    433.815    35.4502    35.4543 0.0000e+00
   1417.700      34026    439.000    10.8764    10.8776   3.956879   3.957389   49.26037  -14.50368     5.8517     6.0715    434.804    35.4501    35.4542 0.0000e+00
   1418.779      34052    440.000    10.8764    10.8776   3.956945   3.957468   49.26037  -14.50368     5.8501     6.0716    435.794    35.4504    35.4544 0.0000e+00
   1419.865      34078    441.000    10.8759    10.8771   3.956963   3.957492   49.26037  -14.50368     5.8472     6.0743    436.783    35.4506    35.4548 0.0000e+00
   1420.920      34103    442.000    10.8747    10.8758   3.956912   3.957438   49.26037  -14.50368     5.8471     6.0759    437.773    35.4508    35.4550 0.0000e+00
   1421.885      34126    443.000    10.8734    10.8745   3.956816   3.957336   49.26037  -14.50368     5.8493     6.0744    438.762    35.4507    35.4548 0.0000e+00
   1422.748      34147    444.000    10.8723    10.8733   3.956735   3.957250   49.26037  -14.50368     5.8496     6.0710    439.751    35.4504    35.4546 0.0000e+00
   1423.542      34166    445.000    10.8715    10.8725   3.956681   3.957191   49.26037  -14.50368     5.8484     6.0692    440.741    35.4502    35.4544 0.0000e+00
   1424.304      34184    446.000    10.8708    10.8717   3.956641   3.957144   49.26037  -14.50368     5.8472     6.0674    441.730    35.4501    35.4543 0.0000e+00
   1425.068      34203    447.000    10.8700    10.8707   3.956596   3.957089   49.26037  -14.50368     5.8466     6.0645    442.719    35.4500    35.4542 0.0000e+00
   1425.874      34222    448.000    10.8690    10.8695   3.956540   3.957016   49.26037  -14.50368     5.8466     6.0611    443.709    35.4499    35.4541 0.0000e+00
   1426.770      34243    449.000    10.8675    10.8672   3.956443   3.956866   49.26037  -14.50368     5.8479     6.0570    444.698    35.4500    35.4545 0.0000e+00
   1427.813      34269    450.000    10.8654    10.8642   3.956262   3.956551   49.26037  -14.50368     5.8494     6.0525    445.687    35.4497    35.4538 0.0000e+00
   1429.024      34298    451.000    10.8627    10.8626   3.956004   3.956334   49.26037  -14.50368     5.8427     6.0490    446.677    35.4493    35.4527 0.0000e+00
   1430.309      34328    452.000    10.8611    10.8620   3.955818   3.956285   49.26037  -14.50368     5.8330     6.0478    447.666    35.4485    35.4524 0.0000e+00
   1431.518      34357    453.000    10.8600    10.8612   3.955721   3.956248   49.26037  -14.50368     5.8275     6.0462    448.655    35.4482    35.4523 0.0000e+00
   1432.587      34383    454.000    10.8595    10.8606   3.955689   3.956211   49.26037  -14.50368     5.8272     6.0422    449.645    35.4478    35.4520 0.0000e+00
   1433.549      34406    455.000    10.8595    10.8606   3.955714   3.956225   49.26037  -14.50368     5.8277     6.0405    450.634    35.4477    35.4517 0.0000e+00
   1434.453      34428    456.000    10.8597    10.8608   3.955774   3.956285   49.26037  -14.50368     5.8265     6.0419    451.623    35.4477    35.4517 0.0000e+00
   1435.323      34449    457.000    10.8595    10.8607   3.955820   3.956338   49.26037  -14.50368     5.8250     6.0450    452.613    35.4478    35.4519 0.0000e+00
   1436.170      34469    458.000    10.8589    10.8602   3.955832   3.956356   49.26037  -14.50368     5.8249     6.0470    453.602    35.4481    35.4521 0.0000e+00
   1437.010      34489    459.000    10.8579    10.8590   3.955790   3.956319   49.26037  -14.50368     5.8247     6.0463    454.591    35.4482    35.4525 0.0000e+00
   1437.866      34510    460.000    10.8570    10.8575   3.955715   3.956207   49.26037  -14.50368     5.8237     6.0427    455.581    35.4478    35.4523 0.0000e+00
   1438.755      34531    461.000    10.8564    10.8565   3.955691   3.956107   49.26037  -14.50368     5.8238     6.0382    456.570    35.4478    35.4519 0.0000e+00
   1439.675      34553    462.000    10.8554    10.8556   3.955637   3.956041   49.26037  -14.50368     5.8249     6.0357    457.559    35.4478    35.4516 0.0000e+00
   1440.604      34575    463.000    10.8544    10.8549   3.955554   3.955995   49.26037  -14.50368     5.8253     6.0365    458.549    35.4475    35.4514 0.0000e+00
   1441.522      34598    464.000    10.8533    10.8540   3.955486   3.955951   49.26037  -14.50368     5.8238     6.0378    459.538    35.4473    35.4514 0.0000e+00
   1442.445      34620    465.000    10.8523    10.8531   3.955405   3.955883   49.26037  -14.50368     5.8221     6.0361    460.527    35.4471    35.4511 0.0000e+00
   1443.402      34643    466.000    10.8515    10.8523   3.955352   3.955838   49.26037  -14.50368     5.8200     6.0313    461.516    35.4469    35.4510 0.0000e+00
   1444.427      34667    467.000    10.8507    10.8513   3.955310   3.955783   49.26037  -14.50368     5.8166     6.0289    462.506    35.4468    35.4509 0.0000e+00
   1445.538      34694    468.000    10.8498    10.8504   3.955252   3.955715   49.26037  -14.50368     5.8119     6.0285    463.495    35.4467    35.4507 0.0000e+00
   1446.693      34722    469.000    10.8492    10.8501   3.955209   3.955705   49.26037  -14.50368     5.8086     6.0263    464.484    35.4464    35.4504 0.0000e+00
   1447.789      34748    470.000    10.8489    10.8500   3.955216   3.955727   49.26037  -14.50368     5.8075     6.0256    465.473    35.4462    35.4503 0.0000e+00
   1448.776      34772    471.000    10.8488    10.8499   3.955244   3.955757   49.26037  -14.50368     5.8082     6.0270    466.463    35.4462    35.4503 0.0000e+00
   1449.676      34793    472.000    10.8487    10.8498   3.955275   3.955786   49.26037  -14.50368     5.8075     6.0274    467.452    35.4462    35.4502 0.0000e+00
   1450.527      34814    473.000    10.8486    10.8497   3.955308   3.955821   49.26037  -14.50368     5.8047     6.0258    468.441    35.4462    35.4502 0.0000e+00
   1451.360      34834    474.000    10.8484    10.8495   3.955339   3.955848   49.26037  -14.50368     5.8027     6.0257    469.430    35.4462    35.4502 0.0000e+00
   1452.193      34854    475.000    10.8483    10.8493   3.955372   3.955879   49.26037  -14.50368     5.8036     6.0267    470.420    35.4462    35.4502 0.0000e+00
   1453.044      34874    476.000    10.8481    10.8491   3.955403   3.955908   49.26037  -14.50368     5.8061     6.0262    471.409    35.4462    35.4503 0.0000e+00
   1453.931      34895    477.000    10.8476    10.8485   3.955408   3.955910   49.26037  -14.50368     5.8068     6.0247    472.398    35.4463    35.4505 0.0000e+00
   1454.869      34918    478.000    10.8464    10.8473   3.955360   3.955859   49.26037  -14.50368     5.8065     6.0240    473.387    35.4466    35.4506 0.0000e+00
   1455.852      34941    479.000    10.8443    10.8453   3.955221   3.955719   49.26037  -14.50368     5.8056     6.0220    474.376    35.4467    35.4508 0.0000e+00
   1456.841      34965    480.000    10.8418    10.8428   3.955001   3.955507   49.26037  -14.50368     5.8019     6.0167    475.366    35.4465    35.4506 0.0000e+00
   1457.806      34988    481.000    10.8394    10.8405   3.954787   3.955298   49.26037  -14.50368     5.7958     6.0113    476.355    35.4462    35.4503 0.0000e+00
   1458.753      35011    482.000    10.8376    10.8386   3.954612   3.955120   49.26037  -14.50368     5.7919     6.0064    477.344    35.4458    35.4499 0.0000e+00
