Data_example/SBE_Data_Processed/DY130/SeaBird/Data/Processed/DY130_005cfaldb.cnv
* Sea-Bird SBE 9 Data File:
* FileName = C:\Users\sandm\Documents\Cruises\DY130\Data\Raw Data\DY130_005.hex
* Software Version Seasave V 7.26.7.121
* Temperature SN = 03P-5494
* Conductivity SN = 04C-3768
* Number of Bytes Per Scan = 45
* Number of Voltage Words = 4
* Number of Scans Averaged by the Deck Unit = 1
* NMEA Latitude = 48 56.39 N
* NMEA Longitude = 016 27.89 W
* NMEA UTC (Time) = Apr 02 2021  07:00:27
* NMEA baud rate = 9600
** Ship: RRS Discovery
** Cruise: DY130
** Cast: DY130_005
** Station: 032
** Julian Day: 092
** Date: 02/04/21
** Time (GMT):
** Latitude: 48 56.38 N
** Longitude: 16 27.88 W
** Depth (uncorrected m): 4811
** Principal Scientist: Sue Hart
** Operator: BP/PH
# nquan = 15
# nvalues = 2022                        
# units = specified
# name 0 = timeS: Time, Elapsed [seconds]
# name 1 = scan: Scan Count
# name 2 = prDM: Pressure, Digiquartz [db]
# name 3 = t090C: Temperature [ITS-90, deg C]
# name 4 = t190C: Temperature, 2 [ITS-90, deg C]
# name 5 = c0S/m: Conductivity [S/m]
# name 6 = c1S/m: Conductivity, 2 [S/m]
# name 7 = latitude: Latitude [deg]
# name 8 = longitude: Longitude [deg]
# name 9 = sbeox0ML/L: Oxygen, SBE 43 [ml/l]
# name 10 = sbeox1ML/L: Oxygen, SBE 43, 2 [ml/l]
# name 11 = depSM: Depth [salt water, m], lat = 48.9398
# name 12 = sal00: Salinity, Practical [PSU]
# name 13 = sal11: Salinity, Practical, 2 [PSU]
# name 14 = flag: flag
# span 0 =    630.189,   8027.219       
# span 1 =      15126,     192654       
# span 2 =      2.000,   1013.000       
# span 3 =     6.9958,    11.6205       
# span 4 =     6.9945,    11.5904       
# span 5 =   3.413574,   4.010828       
# span 6 =   3.368235,   4.012449       
# span 7 =   48.93966,   48.99412       
# span 8 =  -16.48362,  -16.46506       
# span 9 =     4.4869,     6.3899       
# span 10 =     4.6644,     6.6109      
# span 11 =      1.983,   1001.969      
# span 12 =    29.7257,    35.5378      
# span 13 =    29.2989,    35.5430      
# span 14 = 0.0000e+00, 0.0000e+00      
# interval = decibars: 1                
# start_time = Apr 02 2021 07:00:27 [NMEA time, first data scan]
# bad_flag = -9.990e-29
*END*
[from data line 1350]
   4863.676     116729    674.000     9.5977     9.6528   3.827953   3.833503   48.93968  -16.46522     4.9644     5.1906    667.201    35.2777    35.2810 0.0000e+00
   4865.662     116777    673.000     9.6016     9.6616   3.828392   3.834888   48.93968  -16.46521     4.9680     5.2102    666.213    35.2789    35.2871 0.0000e+00
   4867.876     116830    672.000     9.6120     9.6625   3.829352   3.835070   48.93968  -16.46521     4.9736     5.2149    665.224    35.2791    35.2886 0.0000e+00
   4869.617     116872    671.000     9.6171     9.6693   3.829961   3.835504   48.93968  -16.46521     4.9790     5.2126    664.236    35.2808    35.2869 0.0000e+00
   4871.563     116919    670.000     9.6199     9.6728   3.830121   3.835985   48.93968  -16.46522     4.9795     5.2202    663.248    35.2801    35.2888 0.0000e+00
   4874.116     116980    669.000     9.6349     9.6740   3.831474   3.836131   48.93968  -16.46522     4.9865     5.2222    662.260    35.2799    35.2896 0.0000e+00
   4876.631     117040    668.000     9.6498     9.6717   3.833027   3.835856   48.93968  -16.46521     4.9975     5.2194    661.271    35.2817    35.2894 0.0000e+00
   4878.182     117077    667.000     9.6647     9.6792   3.834324   3.836268   48.93968  -16.46521     5.0041     5.2189    660.283    35.2810    35.2868 0.0000e+00
   4879.712     117114    666.000     9.6741     9.6887   3.835470   3.837210   48.93967  -16.46521     5.0129     5.2261    659.294    35.2841    35.2877 0.0000e+00
   4881.535     117158    665.000     9.6794     9.7001   3.836098   3.838312   48.93966  -16.46521     5.0210     5.2383    658.306    35.2857    35.2883 0.0000e+00
   4883.355     117202    664.000     9.6792     9.7075   3.836211   3.839233   48.93967  -16.46522     5.0238     5.2483    657.318    35.2875    35.2910 0.0000e+00
   4885.555     117254    663.000     9.6770     9.7092   3.835853   3.839465   48.93968  -16.46523     5.0210     5.2502    656.329    35.2865    35.2921 0.0000e+00
   4887.894     117310    662.000     9.6846     9.7111   3.836421   3.839608   48.93968  -16.46523     5.0209     5.2498    655.341    35.2853    35.2922 0.0000e+00
   4889.841     117357    661.000     9.6964     9.7224   3.837476   3.840435   48.93968  -16.46523     5.0274     5.2509    654.353    35.2852    35.2901 0.0000e+00
   4891.728     117402    660.000     9.7099     9.7323   3.838934   3.841690   48.93968  -16.46523     5.0391     5.2552    653.364    35.2874    35.2938 0.0000e+00
   4893.744     117451    659.000     9.7202     9.7400   3.840043   3.842425   48.93968  -16.46523     5.0477     5.2605    652.376    35.2891    35.2943 0.0000e+00
   4895.414     117491    658.000     9.7305     9.7455   3.841038   3.843042   48.93968  -16.46523     5.0515     5.2648    651.388    35.2898    35.2957 0.0000e+00
   4897.000     117529    657.000     9.7347     9.7488   3.841663   3.843421   48.93968  -16.46522     5.0533     5.2676    650.399    35.2925    35.2969 0.0000e+00
   4898.884     117574    656.000     9.7348     9.7516   3.841627   3.843688   48.93968  -16.46522     5.0522     5.2656    649.411    35.2925    35.2973 0.0000e+00
   4900.731     117619    655.000     9.7408     9.7573   3.842133   3.844139   48.93968  -16.46522     5.0526     5.2673    648.422    35.2923    35.2968 0.0000e+00
   4902.500     117661    654.000     9.7431     9.7711   3.842512   3.845412   48.93968  -16.46522     5.0559     5.2719    647.434    35.2944    35.2968 0.0000e+00
   4905.134     117724    653.000     9.7407     9.7836   3.842218   3.846914   48.93968  -16.46522     5.0564     5.2794    646.446    35.2941    35.3005 0.0000e+00
   4907.835     117789    652.000     9.7502     9.7894   3.842880   3.847702   48.93968  -16.46522     5.0559     5.2805    645.457    35.2921    35.3034 0.0000e+00
   4909.540     117830    651.000     9.7750     9.8073   3.844937   3.848488   48.93968  -16.46522     5.0618     5.2815    644.469    35.2895    35.2944 0.0000e+00
   4910.950     117864    650.000     9.8035     9.8498   3.847980   3.852675   48.93968  -16.46522     5.0731     5.2936    643.480    35.2934    35.2963 0.0000e+00
   4912.436     117899    649.000     9.8252     9.8838   3.850583   3.856899   48.93968  -16.46522     5.0893     5.3113    642.492    35.2993    35.3069 0.0000e+00
   4914.381     117946    648.000     9.8287     9.8968   3.851645   3.859071   48.93968  -16.46522     5.0965     5.3188    641.503    35.3072    35.3168 0.0000e+00
   4916.861     118006    647.000     9.8259     9.8962   3.851084   3.859285   48.93968  -16.46522     5.0906     5.3190    640.515    35.3047    35.3201 0.0000e+00
   4919.079     118059    646.000     9.8322     9.8955   3.851656   3.858814   48.93968  -16.46523     5.0893     5.3177    639.526    35.3048    35.3165 0.0000e+00
   4920.895     118102    645.000     9.8510     9.9079   3.853173   3.860095   48.93968  -16.46523     5.0938     5.3228    638.538    35.3024    35.3178 0.0000e+00
   4922.859     118150    644.000     9.8793     9.9162   3.856302   3.860958   48.93968  -16.46523     5.1034     5.3304    637.550    35.3074    35.3191 0.0000e+00
   4925.147     118205    643.000     9.8983     9.9272   3.858555   3.862074   48.93968  -16.46523     5.1133     5.3412    636.561    35.3124    35.3202 0.0000e+00
   4927.191     118254    642.000     9.9135     9.9364   3.860062   3.862841   48.93968  -16.46523     5.1195     5.3521    635.573    35.3135    35.3196 0.0000e+00
   4928.740     118291    641.000     9.9268     9.9520   3.861452   3.864216   48.93968  -16.46523     5.1305     5.3616    634.584    35.3151    35.3189 0.0000e+00
   4930.021     118321    640.000     9.9359     9.9652   3.862418   3.865655   48.93968  -16.46523     5.1423     5.3748    633.596    35.3166    35.3211 0.0000e+00
   4931.358     118354    639.000     9.9435     9.9732   3.863306   3.866693   48.93968  -16.46523     5.1559     5.3892    632.607    35.3187    35.3244 0.0000e+00
   4934.160     118421    638.000     9.9389     9.9803   3.863023   3.867518   48.93968  -16.46523     5.1553     5.3976    631.619    35.3208    35.3263 0.0000e+00
   4936.746     118483    637.000     9.9400     9.9926   3.862952   3.868532   48.93968  -16.46523     5.1497     5.4018    630.630    35.3193    35.3252 0.0000e+00
   4938.208     118518    636.000     9.9468    10.0034   3.863609   3.869662   48.93968  -16.46523     5.1554     5.4170    629.642    35.3199    35.3267 0.0000e+00
   4940.249     118567    635.000     9.9503    10.0093   3.863978   3.870414   48.93968  -16.46523     5.1608     5.4324    628.653    35.3207    35.3290 0.0000e+00
   4942.270     118615    634.000     9.9660    10.0197   3.865334   3.871267   48.93968  -16.46523     5.1685     5.4384    627.665    35.3197    35.3280 0.0000e+00
   4943.975     118656    633.000     9.9688    10.0291   3.866022   3.872364   48.93968  -16.46523     5.1832     5.4496    626.676    35.3245    35.3306 0.0000e+00
   4946.269     118711    632.000     9.9747    10.0325   3.866285   3.872796   48.93968  -16.46523     5.1868     5.4559    625.688    35.3219    35.3320 0.0000e+00
   4948.205     118758    631.000     9.9960    10.0344   3.868110   3.872990   48.93968  -16.46523     5.1962     5.4570    624.699    35.3203    35.3327 0.0000e+00
   4949.704     118794    630.000    10.0122    10.0387   3.869981   3.873292   48.93968  -16.46523     5.2137     5.4581    623.711    35.3241    35.3320 0.0000e+00
   4951.420     118835    629.000    10.0179    10.0411   3.870862   3.873611   48.93968  -16.46523     5.2323     5.4608    622.722    35.3280    35.3334 0.0000e+00
   4953.596     118887    628.000    10.0223    10.0415   3.871104   3.873643   48.93968  -16.46523     5.2335     5.4678    621.734    35.3266    35.3338 0.0000e+00
   4955.795     118940    627.000    10.0263    10.0411   3.871757   3.873544   48.93968  -16.46523     5.2356     5.4680    620.745    35.3298    35.3336 0.0000e+00
   4957.977     118992    626.000    10.0248    10.0445   3.871502   3.873684   48.93968  -16.46523     5.2396     5.4670    619.757    35.3290    35.3321 0.0000e+00
   4959.965     119040    625.000    10.0354    10.0533   3.872340   3.874404   48.93968  -16.46523     5.2467     5.4809    618.768    35.3278    35.3314 0.0000e+00
   4961.759     119083    624.000    10.0455    10.0614   3.873295   3.875205   48.93968  -16.46523     5.2622     5.4963    617.780    35.3281    35.3321 0.0000e+00
   4963.582     119127    623.000    10.0509    10.0721   3.873922   3.876213   48.93968  -16.46523     5.2744     5.5048    616.791    35.3297    35.3324 0.0000e+00
   4965.389     119170    622.000    10.0551    10.0817   3.874337   3.877185   48.93968  -16.46523     5.2793     5.5134    615.802    35.3303    35.3334 0.0000e+00
   4967.461     119220    621.000    10.0629    10.0931   3.875020   3.878297   48.93968  -16.46523     5.2826     5.5257    614.814    35.3301    35.3341 0.0000e+00
   4969.578     119271    620.000    10.0711    10.1024   3.875827   3.879333   48.93968  -16.46523     5.2886     5.5381    613.825    35.3308    35.3361 0.0000e+00
   4971.315     119313    619.000    10.0828    10.1076   3.876741   3.879788   48.93968  -16.46523     5.2960     5.5467    612.837    35.3292    35.3361 0.0000e+00
   4973.003     119353    618.000    10.0919    10.1117   3.877887   3.880231   48.93968  -16.46522     5.3091     5.5517    611.848    35.3324    35.3371 0.0000e+00
   4975.079     119403    617.000    10.0942    10.1139   3.878200   3.880485   48.93968  -16.46523     5.3180     5.5526    610.860    35.3339    35.3380 0.0000e+00
   4977.473     119460    616.000    10.0914    10.1136   3.877910   3.880462   48.93968  -16.46523     5.3195     5.5529    609.871    35.3340    35.3385 0.0000e+00
   4979.406     119507    615.000    10.0970    10.1167   3.878232   3.880579   48.93968  -16.46523     5.3172     5.5513    608.882    35.3323    35.3371 0.0000e+00
   4981.286     119552    614.000    10.1083    10.1235   3.879231   3.881219   48.93968  -16.46523     5.3231     5.5596    607.894    35.3320    35.3374 0.0000e+00
   4983.218     119598    613.000    10.1176    10.1353   3.880244   3.882291   48.93968  -16.46523     5.3359     5.5692    606.905    35.3337    35.3373 0.0000e+00
   4984.715     119634    612.000    10.1235    10.1454   3.880876   3.883423   48.93968  -16.46523     5.3419     5.5775    605.917    35.3348    35.3395 0.0000e+00
   4986.268     119671    611.000    10.1231    10.1499   3.881002   3.884108   48.93968  -16.46523     5.3435     5.5836    604.928    35.3370    35.3425 0.0000e+00
   4988.816     119733    610.000    10.1245    10.1544   3.881039   3.884525   48.93968  -16.46523     5.3411     5.5827    603.939    35.3364    35.3428 0.0000e+00
   4990.846     119781    609.000    10.1295    10.1664   3.881431   3.885539   48.93968  -16.46523     5.3469     5.5851    602.951    35.3360    35.3420 0.0000e+00
   4992.484     119821    608.000    10.1359    10.1816   3.882183   3.887228   48.93968  -16.46522     5.3525     5.5940    601.962    35.3379    35.3448 0.0000e+00
   4994.774     119876    607.000    10.1404    10.1917   3.882498   3.888327   48.93968  -16.46522     5.3557     5.6002    600.974    35.3372    35.3466 0.0000e+00
   4997.021     119930    606.000    10.1601    10.2046   3.884434   3.889719   48.93968  -16.46522     5.3630     5.6054    599.985    35.3382    35.3487 0.0000e+00
   4998.787     119972    605.000    10.1792    10.2254   3.886237   3.891632   48.93968  -16.46522     5.3693     5.6104    598.996    35.3384    35.3483 0.0000e+00
   5000.541     120014    604.000    10.2058    10.2485   3.889287   3.894108   48.93968  -16.46522     5.3787     5.6175    598.008    35.3441    35.3515 0.0000e+00
   5002.267     120055    603.000    10.2231    10.2704   3.891193   3.896638   48.93968  -16.46522     5.3885     5.6228    597.019    35.3470    35.3564 0.0000e+00
   5004.148     120101    602.000    10.2373    10.2867   3.892900   3.898612   48.93968  -16.46522     5.3957     5.6299    596.030    35.3510    35.3611 0.0000e+00
   5006.278     120152    601.000    10.2387    10.2914   3.893230   3.899473   48.93968  -16.46522     5.4012     5.6361    595.042    35.3534    35.3656 0.0000e+00
   5008.585     120207    600.000    10.2423    10.2897   3.893311   3.899223   48.93968  -16.46522     5.3969     5.6331    594.053    35.3512    35.3652 0.0000e+00
   5010.411     120251    599.000    10.2731    10.2975   3.896275   3.899854   48.93968  -16.46522     5.4028     5.6310    593.064    35.3519    35.3645 0.0000e+00
   5012.069     120291    598.000    10.2873    10.3029   3.898432   3.900531   48.93968  -16.46522     5.4106     5.6338    592.076    35.3604    35.3665 0.0000e+00
   5014.311     120344    597.000    10.2844    10.3069   3.898295   3.900971   48.93968  -16.46522     5.4117     5.6312    591.087    35.3623    35.3676 0.0000e+00
   5016.428     120395    596.000    10.2907    10.3097   3.898679   3.901282   48.93968  -16.46522     5.4069     5.6285    590.098    35.3605    35.3684 0.0000e+00
   5018.008     120433    595.000    10.3014    10.3139   3.899800   3.901595   48.93968  -16.46522     5.4072     5.6323    589.110    35.3620    35.3680 0.0000e+00
   5019.603     120471    594.000    10.3063    10.3180   3.900523   3.902017   48.93968  -16.46522     5.4101     5.6400    588.121    35.3650    35.3687 0.0000e+00
   5021.578     120519    593.000    10.3084    10.3203   3.900771   3.902294   48.93968  -16.46522     5.4148     5.6426    587.132    35.3659    35.3698 0.0000e+00
   5024.293     120584    592.000    10.3056    10.3189   3.900488   3.902185   48.93968  -16.46522     5.4198     5.6388    586.144    35.3661    35.3705 0.0000e+00
   5026.636     120640    591.000    10.3090    10.3194   3.900623   3.902056   48.93968  -16.46522     5.4187     5.6365    585.155    35.3647    35.3691 0.0000e+00
   5028.151     120677    590.000    10.3176    10.3275   3.901333   3.902597   48.93967  -16.46522     5.4187     5.6382    584.166    35.3639    35.3672 0.0000e+00
   5029.487     120709    589.000    10.3242    10.3359   3.902081   3.903459   48.93967  -16.46522     5.4181     5.6416    583.177    35.3656    35.3682 0.0000e+00
   5031.008     120745    588.000    10.3270    10.3392   3.902463   3.903923   48.93966  -16.46522     5.4164     5.6395    582.189    35.3672    35.3702 0.0000e+00
   5033.871     120814    587.000    10.3267    10.3403   3.902433   3.904024   48.93967  -16.46522     5.4175     5.6385    581.200    35.3677    35.3706 0.0000e+00
   5036.349     120873    586.000    10.3284    10.3422   3.902496   3.904111   48.93968  -16.46522     5.4200     5.6418    580.211    35.3670    35.3700 0.0000e+00
   5037.882     120910    585.000    10.3336    10.3482   3.902854   3.904514   48.93968  -16.46522     5.4217     5.6440    579.223    35.3661    35.3687 0.0000e+00
   5039.479     120949    584.000    10.3379    10.3520   3.903325   3.904922   48.93967  -16.46522     5.4217     5.6441    578.234    35.3672    35.3697 0.0000e+00
   5041.494     120997    583.000    10.3369    10.3529   3.903263   3.905052   48.93966  -16.46522     5.4228     5.6463    577.245    35.3679    35.3705 0.0000e+00
   5044.012     121057    582.000    10.3384    10.3532   3.903294   3.905046   48.93967  -16.46522     5.4263     5.6452    576.256    35.3672    35.3707 0.0000e+00
   5045.831     121101    581.000    10.3421    10.3538   3.903541   3.905007   48.93967  -16.46523     5.4229     5.6440    575.268    35.3666    35.3701 0.0000e+00
   5047.254     121135    580.000    10.3477    10.3571   3.903966   3.905227   48.93968  -16.46523     5.4204     5.6443    574.279    35.3659    35.3696 0.0000e+00
