Data_example/SBE_Data_Processed/DY130/SeaBird/Data/Processed/DY130_002cfaldb.cnv
* Sea-Bird SBE 9 Data File:
* FileName = C:\Users\sandm\Documents\Cruises\DY130\Data\Raw Data\DY130_002.hex
* Software Version Seasave V 7.26.7.121
* Temperature SN = 03P-5494
* Conductivity SN = 04C-3768
* Number of Bytes Per Scan = 45
* Number of Voltage Words = 4
* Number of Scans Averaged by the Deck Unit = 1
* NMEA Latitude = 48 49.03 N
* NMEA Longitude = 016 26.54 W
* NMEA UTC (Time) = Mar 30 2021  16:48:44
* NMEA baud rate = 9600
** Ship: RRS Discovery
** Cruise: DY130
** Cast: DY130_002
** Station: 019
** Julian Day: 089
** Date: 30/03/21
** Time (GMT): 16:48
** Latitude: 48 49.023 N
** Longitude: 16 26.539 W
** Depth (uncorrected m): 4809
** Principal Scientist: Sue Hartman
** Operator: BP/PH
# nquan = 15
# nvalues = 198                         
# units = specified
# name 0 = timeS: Time, Elapsed [seconds]
# name 1 = scan: Scan Count
# name 2 = prDM: Pressure, Digiquartz [db]
# name 3 = t090C: Temperature [ITS-90, deg C]
# name 4 = t190C: Temperature, 2 [ITS-90, deg C]
# name 5 = c0S/m: Conductivity [S/m]
# name 6 = c1S/m: Conductivity, 2 [S/m]
# name 7 = latitude: Latitude [deg]
# name 8 = longitude: Longitude [deg]
# name 9 = sbeox0ML/L: Oxygen, SBE 43 [ml/l]
# name 10 = sbeox1ML/L: Oxygen, SBE 43, 2 [ml/l]
# name 11 = depSM: Depth [salt water, m], lat = 48.8172
# name 12 = sal00: Salinity, Practical [PSU]
# name 13 = sal11: Salinity, Practical, 2 [PSU]
# name 14 = flag: flag
# span 0 =    144.622,   3098.005       
# span 1 =       3472,      74353       
# span 2 =      2.000,    101.000       
# span 3 =    11.3171,    11.8871       
# span 4 =    11.3185,    11.9267       
# span 5 =   2.880270,   4.064169       
# span 6 =   2.778472,   4.063748       
# span 7 =   48.78400,   48.81713       
# span 8 =  -16.44236,  -16.43120       
# span 9 =     4.5367,     6.6200       
# span 10 =     4.5539,     6.8717      
# span 11 =      1.983,    100.120      
# span 12 =    24.5316,    35.8519      
# span 13 =    23.5542,    35.9087      
# span 14 = 0.0000e+00, 0.0000e+00      
# interval = decibars: 1                
# start_time = Mar 30 2021 16:48:44 [NMEA time, first data scan]
# bad_flag = -9.990e-29
*END*
    144.622       3472      2.000    11.8402    11.9267   2.880270   2.778472   48.81711  -16.44234     6.0944     6.3361      1.983    24.5316    23.5542 0.0000e+00
    150.329       3609      3.000    11.7221    11.7350   3.894484   3.884539   48.81711  -16.44232     5.7059     5.5607      2.975    34.2737    34.1767 0.0000e+00
    152.387       3658      4.000    11.7033    11.7028   4.041478   4.042007   48.81711  -16.44233     5.4518     5.3508      3.966    35.6890    35.6946 0.0000e+00
    153.601       3687      5.000    11.7048    11.6995   4.047435   4.046070   48.81711  -16.44233     5.1598     5.2290      4.958    35.7458    35.7375 0.0000e+00
    155.213       3726      6.000    11.7227    11.6986   4.055707   4.051550   48.81711  -16.44234     4.8690     5.0240      5.949    35.8098    35.7920 0.0000e+00
    159.961       3840      7.000    11.7581    11.7091   4.063495   4.063748   48.81711  -16.44232     4.6365     4.7412      6.941    35.8519    35.9018 0.0000e+00
    162.570       3903      8.000    11.8309    11.6980   4.062275   4.063399   48.81711  -16.44232     4.5705     4.5539      7.932    35.7691    35.9087 0.0000e+00
    164.813       3957      9.000    11.7968    11.7052   4.064169   4.054960   48.81711  -16.44232     4.5367     4.5834      8.924    35.8203    35.8180 0.0000e+00
    168.241       4039     10.000    11.8708    11.7644   4.054574   4.056496   48.81711  -16.44232     4.7777     4.7603      9.915    35.6542    35.7754 0.0000e+00
    172.312       4136     11.000    11.8275    11.7405   4.047779   4.054865   48.81711  -16.44232     4.7314     4.8934     10.907    35.6285    35.7820 0.0000e+00
    174.309       4184     12.000    11.8871    11.8198   4.043834   4.055643   48.81711  -16.44232     4.6513     4.9513     11.898    35.5322    35.7128 0.0000e+00
    185.473       4452     13.000    11.7538    11.7098   4.030946   4.041930   48.81711  -16.44232     4.5592     5.2435     12.890    35.5325    35.6831 0.0000e+00
    210.019       5041     14.000    11.6967    11.6772   4.023864   4.026817   48.81711  -16.44233     5.6460     6.0499     13.881    35.5171    35.5649 0.0000e+00
    313.427       7523     15.000    11.6794    11.6779   4.021246   4.021374   48.81712  -16.44235     6.1861     6.4527     14.872    35.5073    35.5100 0.0000e+00
    367.464       8820     16.000    11.6810    11.6817   4.021452   4.021778   48.81712  -16.44236     6.1861     6.4497     15.864    35.5075    35.5100 0.0000e+00
    374.005       8977     17.000    11.6804    11.6819   4.021459   4.021842   48.81712  -16.44236     6.1883     6.4518     16.855    35.5076    35.5100 0.0000e+00
    378.082       9075     18.000    11.6807    11.6825   4.021506   4.021936   48.81711  -16.44235     6.1875     6.4512     17.847    35.5073    35.5098 0.0000e+00
    381.509       9157     19.000    11.6810    11.6843   4.021575   4.022105   48.81711  -16.44234     6.1823     6.4471     18.838    35.5073    35.5094 0.0000e+00
    382.835       9189     20.000    11.6828    11.6853   4.021736   4.022301   48.81712  -16.44235     6.1797     6.4490     19.830    35.5067    35.5098 0.0000e+00
    384.371       9226     21.000    11.6834    11.6839   4.021907   4.022272   48.81712  -16.44235     6.1830     6.4503     20.821    35.5073    35.5104 0.0000e+00
    392.608       9424     22.000    11.6822    11.6845   4.021861   4.022334   48.81711  -16.44234     6.1812     6.4503     21.813    35.5076    35.5100 0.0000e+00
    393.269       9439     23.000    11.6812    11.6837   4.021849   4.022346   48.81711  -16.44234     6.1816     6.4499     22.804    35.5080    35.5105 0.0000e+00
    394.098       9459     24.000    11.6796    11.6826   4.021772   4.022304   48.81712  -16.44234     6.1821     6.4511     23.795    35.5083    35.5107 0.0000e+00
    395.122       9484     25.000    11.6796    11.6810   4.021723   4.022227   48.81712  -16.44235     6.1831     6.4514     24.787    35.5074    35.5110 0.0000e+00
    401.604       9640     26.000    11.6791    11.6815   4.021738   4.022269   48.81712  -16.44234     6.1841     6.4525     25.778    35.5076    35.5105 0.0000e+00
    405.083       9723     27.000    11.6763    11.6809   4.021633   4.022292   48.81711  -16.44233     6.1830     6.4547     26.770    35.5087    35.5108 0.0000e+00
    406.233       9751     28.000    11.6731    11.6791   4.021370   4.022171   48.81711  -16.44234     6.1856     6.4532     27.761    35.5088    35.5109 0.0000e+00
    407.859       9790     29.000    11.6746    11.6764   4.021395   4.021959   48.81711  -16.44234     6.1875     6.4510     28.752    35.5072    35.5110 0.0000e+00
    414.516       9949     30.000    11.6756    11.6772   4.021668   4.022036   48.81711  -16.44234     6.1809     6.4485     29.744    35.5084    35.5105 0.0000e+00
    416.821      10005     31.000    11.6709    11.6747   4.021341   4.021941   48.81711  -16.44234     6.1783     6.4405     30.735    35.5093    35.5115 0.0000e+00
    417.970      10032     32.000    11.6695    11.6716   4.021150   4.021691   48.81711  -16.44234     6.1775     6.4423     31.727    35.5083    35.5116 0.0000e+00
    419.250      10063     33.000    11.6692    11.6699   4.021149   4.021515   48.81711  -16.44234     6.1812     6.4469     32.718    35.5080    35.5111 0.0000e+00
    423.647      10169     34.000    11.6686    11.6699   4.021173   4.021526   48.81713  -16.44234     6.1777     6.4474     33.709    35.5085    35.5106 0.0000e+00
    426.261      10231     35.000    11.6661    11.6676   4.021006   4.021439   48.81712  -16.44234     6.1703     6.4424     34.701    35.5088    35.5116 0.0000e+00
    427.704      10266     36.000    11.6640    11.6632   4.020872   4.021135   48.81711  -16.44234     6.1698     6.4420     35.692    35.5090    35.5123 0.0000e+00
    429.284      10304     37.000    11.6631    11.6609   4.020757   4.020841   48.81711  -16.44234     6.1742     6.4407     36.683    35.5082    35.5112 0.0000e+00
    435.129      10444     38.000    11.6600    11.6628   4.020724   4.021110   48.81711  -16.44234     6.1738     6.4436     37.675    35.5105    35.5116 0.0000e+00
    437.475      10500     39.000    11.6448    11.6537   4.019644   4.020624   48.81711  -16.44234     6.1632     6.4371     38.666    35.5140    35.5150 0.0000e+00
    438.858      10534     40.000    11.6389    11.6468   4.018724   4.019833   48.81711  -16.44234     6.1545     6.4262     39.658    35.5101    35.5134 0.0000e+00
    440.905      10583     41.000    11.6416    11.6451   4.018989   4.019600   48.81711  -16.44234     6.1599     6.4236     40.649    35.5096    35.5123 0.0000e+00
    444.299      10664     42.000    11.6387    11.6379   4.018715   4.018951   48.81711  -16.44234     6.1596     6.4224     41.640    35.5092    35.5123 0.0000e+00
    447.814      10749     43.000    11.6493    11.6411   4.019626   4.019068   48.81710  -16.44234     6.1595     6.4143     42.632    35.5077    35.5100 0.0000e+00
    450.263      10807     44.000    11.6558    11.6492   4.020351   4.020112   48.81711  -16.44232     6.1699     6.4296     43.623    35.5081    35.5121 0.0000e+00
    452.760      10867     45.000    11.6470    11.6281   4.019989   4.018618   48.81711  -16.44232     6.1671     6.4213     44.614    35.5126    35.5171 0.0000e+00
    455.665      10937     46.000    11.6341    11.6153   4.018544   4.017147   48.81711  -16.44234     6.1519     6.3967     45.605    35.5102    35.5144 0.0000e+00
    458.501      11005     47.000    11.6189    11.6133   4.017486   4.016928   48.81711  -16.44233     6.1404     6.3909     46.597    35.5139    35.5137 0.0000e+00
    460.088      11043     48.000    11.6131    11.6125   4.016754   4.016902   48.81711  -16.44232     6.1234     6.3896     47.588    35.5118    35.5137 0.0000e+00
    461.482      11077     49.000    11.6123    11.6120   4.016642   4.016877   48.81711  -16.44232     6.1241     6.3902     48.579    35.5109    35.5136 0.0000e+00
    464.331      11145     50.000    11.6132    11.6130   4.016736   4.016955   48.81711  -16.44233     6.1306     6.3929     49.571    35.5105    35.5130 0.0000e+00
    468.232      11239     51.000    11.6116    11.6155   4.016676   4.017249   48.81711  -16.44234     6.1289     6.3920     50.562    35.5111    35.5130 0.0000e+00
    469.927      11279     52.000    11.6111    11.6123   4.016624   4.017084   48.81711  -16.44233     6.1284     6.3891     51.553    35.5106    35.5140 0.0000e+00
    472.109      11332     53.000    11.6106    11.6109   4.016660   4.016917   48.81711  -16.44233     6.1239     6.3840     52.545    35.5110    35.5132 0.0000e+00
    474.190      11382     54.000    11.6100    11.6109   4.016627   4.016976   48.81711  -16.44234     6.1207     6.3813     53.536    35.5108    35.5133 0.0000e+00
    476.320      11433     55.000    11.6098    11.6109   4.016663   4.017021   48.81711  -16.44234     6.1191     6.3822     54.527    35.5109    35.5134 0.0000e+00
    478.730      11491     56.000    11.6087    11.6097   4.016630   4.016987   48.81711  -16.44234     6.1153     6.3782     55.518    35.5111    35.5137 0.0000e+00
    480.565      11535     57.000    11.6063    11.6070   4.016460   4.016799   48.81710  -16.44234     6.1109     6.3772     56.510    35.5113    35.5140 0.0000e+00
    481.943      11568     58.000    11.6042    11.6048   4.016247   4.016577   48.81710  -16.44234     6.1117     6.3741     57.501    35.5108    35.5135 0.0000e+00
    483.207      11598     59.000    11.6038    11.6043   4.016201   4.016519   48.81710  -16.44234     6.1109     6.3696     58.492    35.5102    35.5129 0.0000e+00
    485.040      11642     60.000    11.6049    11.6042   4.016316   4.016525   48.81711  -16.44234     6.1111     6.3697     59.483    35.5100    35.5126 0.0000e+00
    489.688      11754     61.000    11.6036    11.6039   4.016327   4.016561   48.81711  -16.44234     6.1077     6.3722     60.475    35.5108    35.5128 0.0000e+00
    490.991      11785     62.000    11.6001    11.6010   4.016042   4.016401   48.81710  -16.44234     6.1038     6.3675     61.466    35.5109    35.5135 0.0000e+00
    492.341      11817     63.000    11.5987    11.5985   4.015845   4.016136   48.81710  -16.44234     6.1028     6.3693     62.457    35.5099    35.5129 0.0000e+00
    494.203      11862     64.000    11.5995    11.5969   4.015953   4.015966   48.81709  -16.44234     6.1067     6.3714     63.448    35.5097    35.5123 0.0000e+00
    496.703      11922     65.000    11.5964    11.5964   4.015739   4.015925   48.81709  -16.44234     6.1113     6.3692     64.440    35.5101    35.5119 0.0000e+00
    498.969      11976     66.000    11.5950    11.5961   4.015590   4.015945   48.81709  -16.44234     6.1066     6.3714     65.431    35.5095    35.5119 0.0000e+00
    500.732      12019     67.000    11.5947    11.5955   4.015602   4.015951   48.81710  -16.44234     6.1060     6.3715     66.422    35.5095    35.5122 0.0000e+00
    502.341      12057     68.000    11.5943    11.5939   4.015597   4.015872   48.81710  -16.44234     6.1062     6.3670     67.413    35.5094    35.5125 0.0000e+00
    505.878      12142     69.000    11.5938    11.5930   4.015614   4.015784   48.81710  -16.44234     6.1057     6.3690     68.404    35.5096    35.5120 0.0000e+00
    509.143      12220     70.000    11.5879    11.5900   4.015191   4.015645   48.81710  -16.44233     6.1076     6.3736     69.396    35.5106    35.5131 0.0000e+00
    510.691      12258     71.000    11.5823    11.5829   4.014599   4.014987   48.81711  -16.44233     6.1128     6.3691     70.387    35.5097    35.5130 0.0000e+00
    512.231      12295     72.000    11.5794    11.5770   4.014261   4.014406   48.81711  -16.44232     6.1147     6.3669     71.378    35.5087    35.5124 0.0000e+00
    514.144      12340     73.000    11.5812    11.5715   4.014387   4.013814   48.81711  -16.44232     6.1130     6.3730     72.369    35.5077    35.5114 0.0000e+00
    517.081      12411     74.000    11.5708    11.5681   4.013734   4.013452   48.81710  -16.44234     6.1083     6.3727     73.360    35.5108    35.5106 0.0000e+00
    519.511      12469     75.000    11.5471    11.5474   4.011408   4.011977   48.81711  -16.44233     6.1107     6.3740     74.352    35.5102    35.5154 0.0000e+00
    521.684      12521     76.000    11.5420    11.5255   4.010447   4.009551   48.81711  -16.44232     6.1064     6.3754     75.343    35.5051    35.5121 0.0000e+00
    524.906      12599     77.000    11.5005    11.5004   4.007631   4.007295   48.81711  -16.44232     6.1090     6.3725     76.334    35.5165    35.5134 0.0000e+00
    526.880      12646     78.000    11.4343    11.4409   4.000719   4.002047   48.81711  -16.44232     6.0978     6.3600     77.325    35.5113    35.5181 0.0000e+00
    528.326      12681     79.000    11.4127    11.4141   3.997737   3.998292   48.81710  -16.44232     6.0972     6.3573     78.316    35.5020    35.5062 0.0000e+00
    529.827      12717     80.000    11.4024    11.4007   3.996431   3.996619   48.81710  -16.44232     6.0964     6.3575     79.307    35.4985    35.5021 0.0000e+00
    531.573      12759     81.000    11.4012    11.3922   3.995929   3.995574   48.81711  -16.44232     6.0936     6.3562     80.298    35.4942    35.4994 0.0000e+00
    534.759      12835     82.000    11.4100    11.3958   3.996786   3.995580   48.81711  -16.44232     6.1012     6.3608     81.290    35.4939    35.4955 0.0000e+00
    538.215      12918     83.000    11.3883    11.4054   3.995385   3.997096   48.81710  -16.44233     6.0984     6.3650     82.281    35.5003    35.5009 0.0000e+00
    539.553      12950     84.000    11.3684    11.3730   3.993267   3.994473   48.81710  -16.44233     6.0953     6.3563     83.272    35.4980    35.5056 0.0000e+00
    540.906      12983     85.000    11.3636    11.3579   3.992292   3.992355   48.81711  -16.44232     6.0962     6.3583     84.263    35.4925    35.4986 0.0000e+00
    543.127      13036     86.000    11.3706    11.3508   3.992992   3.991345   48.81711  -16.44233     6.0995     6.3630     85.254    35.4923    35.4950 0.0000e+00
    546.029      13106     87.000    11.3504    11.3443   3.991519   3.990823   48.81711  -16.44233     6.0994     6.3615     86.245    35.4966    35.4956 0.0000e+00
    547.676      13145     88.000    11.3289    11.3279   3.989256   3.989322   48.81711  -16.44233     6.0994     6.3541     87.236    35.4944    35.4960 0.0000e+00
    549.124      13180     89.000    11.3206    11.3212   3.988118   3.988384   48.81710  -16.44232     6.0950     6.3508     88.227    35.4906    35.4927 0.0000e+00
    550.833      13221     90.000    11.3189    11.3193   3.987810   3.988099   48.81709  -16.44232     6.0968     6.3555     89.219    35.4887    35.4913 0.0000e+00
    553.084      13275     91.000    11.3233    11.3190   3.988080   3.988060   48.81709  -16.44234     6.0962     6.3592     90.210    35.4868    35.4906 0.0000e+00
    558.743      13411     92.000    11.3271    11.3327   3.988848   3.989302   48.81709  -16.44233     6.0925     6.3555     91.201    35.4903    35.4894 0.0000e+00
    559.680      13433     93.000    11.3205    11.3264   3.988234   3.989323   48.81708  -16.44232     6.0895     6.3539     92.192    35.4901    35.4952 0.0000e+00
    560.581      13455     94.000    11.3185    11.3213   3.987969   3.988624   48.81708  -16.44232     6.0868     6.3534     93.183    35.4889    35.4928 0.0000e+00
    561.447      13476     95.000    11.3181    11.3193   3.987907   3.988347   48.81708  -16.44232     6.0847     6.3546     94.174    35.4882    35.4914 0.0000e+00
    562.500      13501     96.000    11.3193    11.3185   3.987991   3.988242   48.81709  -16.44232     6.0880     6.3568     95.165    35.4874    35.4907 0.0000e+00
    568.816      13653     97.000    11.3288    11.3193   3.989133   3.988275   48.81708  -16.44232     6.0920     6.3579     96.156    35.4892    35.4899 0.0000e+00
