Data_example/SBE_Data_Processed/DY103/SeaBird/Data/Raw/Original/CTD Raw Data/DY103_CTD09_met.ros
* Sea-Bird SBE 9 Data File:
* FileName = C:\Users\sandm\Documents\Cruises\DY103\Data\CTD Raw Data\DY103_CTD09.hex
* Software Version Seasave V 7.26.7.121
* Temperature SN = 03P-4814
* Conductivity SN = 04C-2165
* Number of Bytes Per Scan = 41
* Number of Voltage Words = 4
* Number of Scans Averaged by the Deck Unit = 1
* NMEA Latitude = 48 57.69 N
* NMEA Longitude = 016 22.45 W
* NMEA UTC (Time) = Jul 03 2019  15:13:00
** Ship: RRS Discovery
** Cruise: DY103
** Cast: 09
** Station:
** Julian Day: 184
** Date: 03/07/19
** Time: 15:20
** Latitude: 48 57.69'N
** Longitude: 16 22.45'W
** Depth (uncorr m): 4811
** Principal Scientist: S Hartman
** Operator: J Wynar/T Powell
# nquan = 12
# nvalues = 2662                                  
# units = specified
# name 0 = timeS: Time, Elapsed [seconds]
# name 1 = depSM: Depth [salt water, m]
# name 2 = prDM: Pressure, Digiquartz [db]
# name 3 = t090C: Temperature [ITS-90, deg C]
# name 4 = t190C: Temperature, 2 [ITS-90, deg C]
# name 5 = c0S/m: Conductivity [S/m]
# name 6 = c1S/m: Conductivity, 2 [S/m]
# name 7 = sal00: Salinity, Practical [PSU]
# name 8 = sal11: Salinity, Practical, 2 [PSU]
# name 9 = scan: Scan Count
# name 10 = nbf: Bottles Fired
# name 11 = flag:  0.000e+00
# interval = seconds: 0.0416667
# start_time = Jul 03 2019 15:13:01 [System UTC, first data scan.]
# bad_flag = -9.990e-29
*END*
[from data line 121]
    579.500    101.433    102.325    12.0788    12.0561   4.067753   4.065176    35.5432    35.5397      13909          2  0.000e+00
    579.542    101.285    102.177    12.0790    12.0564   4.067696   4.065189    35.5426    35.5395      13910          2  0.000e+00
    579.583    101.354    102.246    12.0802    12.0572   4.067708   4.065268    35.5414    35.5395      13911          2  0.000e+00
    579.625    101.315    102.207    12.0804    12.0579   4.067644   4.065320    35.5407    35.5394      13912          2  0.000e+00
    579.667    101.285    102.177    12.0792    12.0582   4.067638   4.065300    35.5417    35.5389      13913          2  0.000e+00
    579.708    101.285    102.177    12.0807    12.0581   4.067638   4.065274    35.5403    35.5388      13914          2  0.000e+00
    579.750    101.354    102.246    12.0814    12.0579   4.067670   4.065287    35.5400    35.5390      13915          2  0.000e+00
    579.792    101.285    102.177    12.0809    12.0579   4.067657   4.065320    35.5403    35.5394      13916          2  0.000e+00
    579.833    101.315    102.207    12.0802    12.0576   4.067625   4.065307    35.5406    35.5396      13917          2  0.000e+00
    579.875    101.285    102.177    12.0792    12.0571   4.067561   4.065268    35.5410    35.5397      13918          2  0.000e+00
    579.917    101.285    102.177    12.0785    12.0572   4.067490   4.065287    35.5410    35.5397      13919          2  0.000e+00
    579.958    101.354    102.246    12.0781    12.0576   4.067445   4.065346    35.5409    35.5399      13920          2  0.000e+00
    580.000    101.285    102.177    12.0765    12.0581   4.067413   4.065340    35.5421    35.5394      13921          2  0.000e+00
    580.042    101.315    102.207    12.0758    12.0582   4.067374   4.065333    35.5424    35.5392      13922          2  0.000e+00
    580.083    101.285    102.177    12.0761    12.0582   4.067419   4.065274    35.5425    35.5386      13923          2  0.000e+00
    580.125    101.285    102.177    12.0770    12.0577   4.067400   4.065340    35.5416    35.5398      13924          2  0.000e+00
    580.167    101.354    102.246    12.0775    12.0577   4.067400   4.065418    35.5410    35.5405      13925          2  0.000e+00
    580.208    101.285    102.177    12.0780    12.0576   4.067426   4.065438    35.5409    35.5409      13926          2  0.000e+00
    580.250    101.315    102.207    12.0783    12.0572   4.067439   4.065412    35.5407    35.5409      13927          2  0.000e+00
    580.292    101.285    102.177    12.0781    12.0574   4.067413   4.065372    35.5406    35.5404      13928          2  0.000e+00
    580.333    101.285    102.177    12.0787    12.0576   4.067407   4.065392    35.5400    35.5404      13929          2  0.000e+00
    580.375    101.354    102.246    12.0791    12.0574   4.067458   4.065425    35.5401    35.5408      13930          2  0.000e+00
    580.417    101.285    102.177    12.0783    12.0577   4.067445   4.065412    35.5408    35.5405      13931          2  0.000e+00
    580.458    101.285    102.177    12.0776    12.0577   4.067439   4.065451    35.5413    35.5408      13932          2  0.000e+00
    580.500    101.246    102.137    12.0778    12.0581   4.067439   4.065451    35.5412    35.5405      13933          2  0.000e+00
    580.542    101.354    102.246    12.0778    12.0584   4.067426   4.065438    35.5410    35.5400      13934          2  0.000e+00
    580.583    101.285    102.177    12.0775    12.0586   4.067432   4.065490    35.5414    35.5404      13935          2  0.000e+00
    580.625    101.285    102.177    12.0776    12.0586   4.067464   4.065484    35.5416    35.5403      13936          2  0.000e+00
    580.667    101.285    102.177    12.0776    12.0586   4.067419   4.065497    35.5411    35.5405      13937          2  0.000e+00
    580.708    101.315    102.207    12.0778    12.0587   4.067407   4.065484    35.5408    35.5402      13938          2  0.000e+00
    580.750    101.285    102.177    12.0770    12.0587   4.067349   4.065471    35.5410    35.5401      13939          2  0.000e+00
    580.792    101.285    102.177    12.0765    12.0591   4.067355   4.065523    35.5416    35.5403      13940          2  0.000e+00
    580.833    101.354    102.246    12.0765    12.0591   4.067291   4.065523    35.5409    35.5402      13941          2  0.000e+00
    580.875    101.285    102.177    12.0760    12.0592   4.067233   4.065510    35.5409    35.5400      13942          2  0.000e+00
    580.917    101.315    102.207    12.0760    12.0592   4.067252   4.065536    35.5410    35.5402      13943          2  0.000e+00
    580.958    101.285    102.177    12.0750    12.0594   4.067227   4.065517    35.5417    35.5399      13944          2  0.000e+00
    581.000    101.354    102.246    12.0733    12.0597   4.067175   4.065484    35.5428    35.5392      13945          2  0.000e+00
    581.042    101.285    102.177    12.0725    12.0597   4.067182   4.065471    35.5437    35.5391      13946          2  0.000e+00
    581.083    101.285    102.177    12.0732    12.0596   4.067195   4.065471    35.5432    35.5393      13947          2  0.000e+00
    581.125    101.315    102.207    12.0738    12.0594   4.067169   4.065471    35.5423    35.5394      13948          2  0.000e+00
    581.167    101.285    102.177    12.0740    12.0596   4.067182   4.065471    35.5422    35.5393      13949          2  0.000e+00
    581.208    101.354    102.246    12.0742    12.0595   4.067169   4.065530    35.5419    35.5399      13950          2  0.000e+00
    581.250    101.285    102.177    12.0748    12.0595   4.067182   4.065543    35.5415    35.5400      13951          2  0.000e+00
    581.292    101.354    102.246    12.0750    12.0599   4.067169   4.065543    35.5411    35.5396      13952          2  0.000e+00
    581.333    101.285    102.177    12.0748    12.0606   4.067143   4.065575    35.5411    35.5394      13953          2  0.000e+00
    581.375    101.393    102.286    12.0741    12.0604   4.067182   4.065530    35.5421    35.5390      13954          2  0.000e+00
    581.417    101.217    102.107    12.0743    12.0606   4.067169   4.065458    35.5419    35.5383      13955          2  0.000e+00
    581.458    101.354    102.246    12.0747    12.0594   4.067182   4.065327    35.5416    35.5380      13956          2  0.000e+00
    581.500    101.354    102.246    12.0742    12.0591   4.067195   4.065242    35.5422    35.5375      13957          2  0.000e+00
    581.542    101.285    102.177    12.0742    12.0581   4.067195   4.065143    35.5422    35.5375      13958          2  0.000e+00
    581.583    101.315    102.207    12.0738    12.0561   4.067137   4.065058    35.5420    35.5386      13959          2  0.000e+00
    581.625    101.354    102.246    12.0737    12.0543   4.067150   4.065045    35.5422    35.5402      13960          2  0.000e+00
    581.667    101.285    102.177    12.0740    12.0536   4.067130   4.064934    35.5417    35.5397      13961          2  0.000e+00
    581.708    101.433    102.325    12.0750    12.0516   4.067188   4.064927    35.5413    35.5415      13962          2  0.000e+00
    581.750    101.354    102.246    12.0748    12.0511   4.067195   4.064908    35.5416    35.5418      13963          2  0.000e+00
    581.792    101.246    102.137    12.0755    12.0522   4.067195   4.064901    35.5410    35.5407      13964          2  0.000e+00
    581.833    101.433    102.325    12.0751    12.0530   4.067195   4.064849    35.5412    35.5394      13965          2  0.000e+00
    581.875    101.285    102.177    12.0748    12.0531   4.067195   4.064829    35.5416    35.5392      13966          2  0.000e+00
    581.917    101.354    102.246    12.0751    12.0533   4.067169   4.064829    35.5410    35.5390      13967          2  0.000e+00
    581.958    101.285    102.177    12.0751    12.0543   4.067162   4.064855    35.5410    35.5383      13968          2  0.000e+00
    582.000    101.315    102.207    12.0755    12.0554   4.067182   4.064895    35.5408    35.5376      13969          2  0.000e+00
    582.042    101.433    102.325    12.0758    12.0553   4.067214   4.064849    35.5408    35.5372      13970          2  0.000e+00
    582.083    101.354    102.246    12.0763    12.0541   4.067278   4.064829    35.5410    35.5382      13971          2  0.000e+00
    582.125    101.354    102.246    12.0766    12.0531   4.067336   4.064855    35.5412    35.5394      13972          2  0.000e+00
    582.167    101.354    102.246    12.0765    12.0536   4.067362   4.064868    35.5416    35.5391      13973          2  0.000e+00
    582.208    101.354    102.246    12.0766    12.0548   4.067368   4.064921    35.5415    35.5385      13974          2  0.000e+00
    582.250    101.393    102.286    12.0761    12.0563   4.067310   4.064881    35.5414    35.5366      13975          2  0.000e+00
    582.292    101.285    102.177    12.0765    12.0554   4.067297   4.064790    35.5410    35.5366      13976          2  0.000e+00
    582.333    101.433    102.325    12.0765    12.0535   4.067323   4.064652    35.5412    35.5370      13977          2  0.000e+00
    582.375    101.354    102.246    12.0757    12.0517   4.067336   4.064541    35.5421    35.5376      13978          2  0.000e+00
    582.417    101.354    102.246    12.0758    12.0505   4.067278   4.064377    35.5415    35.5372      13979          2  0.000e+00
    582.458    101.393    102.286    12.0756    12.0496   4.067285   4.064332    35.5416    35.5376      13980          2  0.000e+00
    582.500    101.354    102.246    12.0765    12.0493   4.067285   4.064273    35.5409    35.5374      13981          2  0.000e+00
    582.542    101.354    102.246    12.0770    12.0491   4.067323   4.064259    35.5408    35.5374      13982          2  0.000e+00
    582.583    101.354    102.246    12.0773    12.0488   4.067387   4.064259    35.5411    35.5377      13983          2  0.000e+00
    582.625    101.433    102.325    12.0775    12.0483   4.067374   4.064286    35.5408    35.5384      13984          2  0.000e+00
    582.667    101.315    102.207    12.0775    12.0481   4.067368   4.064240    35.5408    35.5382      13985          2  0.000e+00
    582.708    101.433    102.325    12.0775    12.0483   4.067394   4.064305    35.5410    35.5386      13986          2  0.000e+00
    582.750    101.354    102.246    12.0775    12.0488   4.067323   4.064332    35.5403    35.5384      13987          2  0.000e+00
    582.792    101.354    102.246    12.0776    12.0491   4.067272   4.064332    35.5397    35.5381      13988          2  0.000e+00
    582.833    101.354    102.246    12.0775    12.0490   4.067285   4.064332    35.5399    35.5382      13989          2  0.000e+00
    582.875    101.462    102.355    12.0763    12.0488   4.067272   4.064305    35.5409    35.5381      13990          2  0.000e+00
    582.917    101.354    102.246    12.0745    12.0486   4.067246   4.064299    35.5424    35.5382      13991          2  0.000e+00
    582.958    101.354    102.246    12.0742    12.0483   4.067259   4.064273    35.5428    35.5383      13992          2  0.000e+00
    583.000    101.433    102.325    12.0742    12.0486   4.067233   4.064286    35.5425    35.5381      13993          2  0.000e+00
    583.042    101.354    102.246    12.0728    12.0486   4.067175   4.064299    35.5433    35.5383      13994          2  0.000e+00
    583.083    101.393    102.286    12.0720    12.0485   4.067182   4.064266    35.5441    35.5380      13995          2  0.000e+00
    583.125    101.354    102.246    12.0714    12.0488   4.067169   4.064286    35.5446    35.5379      13996          2  0.000e+00
    583.167    101.433    102.325    12.0720    12.0486   4.067163   4.064299    35.5439    35.5382      13997          2  0.000e+00
    583.208    101.354    102.246    12.0742    12.0486   4.067105   4.064351    35.5413    35.5387      13998          2  0.000e+00
    583.250    101.433    102.325    12.0751    12.0484   4.067060   4.064312    35.5399    35.5385      13999          2  0.000e+00
    583.292    101.354    102.246    12.0747    12.0486   4.067118   4.064318    35.5410    35.5384      14000          2  0.000e+00
    583.333    101.393    102.286    12.0748    12.0488   4.067156   4.064332    35.5412    35.5384      14001          2  0.000e+00
    583.375    101.354    102.246    12.0757    12.0491   4.067240   4.064332    35.5412    35.5381      14002          2  0.000e+00
    583.417    101.354    102.246    12.0761    12.0491   4.067285   4.064332    35.5412    35.5381      14003          2  0.000e+00
    583.458    101.433    102.325    12.0773    12.0491   4.067323   4.064332    35.5404    35.5381      14004          2  0.000e+00
    583.500    101.354    102.246    12.0778    12.0493   4.067336   4.064305    35.5401    35.5376      14005          2  0.000e+00
    583.542    101.393    102.286    12.0773    12.0491   4.067336   4.064318    35.5406    35.5380      14006          2  0.000e+00
    583.583    101.354    102.246    12.0766    12.0493   4.067336   4.064332    35.5412    35.5379      14007          2  0.000e+00
    583.625    101.354    102.246    12.0755    12.0493   4.067278   4.064358    35.5417    35.5382      14008          2  0.000e+00
    583.667    101.433    102.325    12.0748    12.0493   4.067208   4.064390    35.5417    35.5384      14009          2  0.000e+00
    583.708    101.354    102.246    12.0723    12.0495   4.067208   4.064377    35.5441    35.5382      14010          2  0.000e+00
    583.750    101.315    102.207    12.0707    12.0498   4.067143   4.064390    35.5450    35.5380      14011          2  0.000e+00
    583.792    101.433    102.325    12.0699    12.0495   4.067098   4.064377    35.5453    35.5382      14012          2  0.000e+00
    583.833    101.354    102.246    12.0696    12.0494   4.067034   4.064338    35.5450    35.5379      14013          2  0.000e+00
    583.875    101.354    102.246    12.0694    12.0491   4.066989   4.064436    35.5447    35.5391      14014          2  0.000e+00
    583.917    101.354    102.246    12.0694    12.0491   4.066957   4.064528    35.5444    35.5400      14015          2  0.000e+00
    583.958    101.393    102.286    12.0696    12.0493   4.066970   4.064548    35.5444    35.5400      14016          2  0.000e+00
    584.000    101.354    102.246    12.0714    12.0499   4.066925   4.064567    35.5422    35.5396      14017          2  0.000e+00
    584.042    101.285    102.177    12.0725    12.0503   4.066912   4.064580    35.5410    35.5394      14018          2  0.000e+00
    584.083    101.433    102.325    12.0723    12.0505   4.066874   4.064580    35.5408    35.5392      14019          2  0.000e+00
    584.125    101.354    102.246    12.0710    12.0506   4.066797   4.064502    35.5413    35.5383      14020          2  0.000e+00
    584.167    101.285    102.177    12.0704    12.0503   4.066719   4.064502    35.5412    35.5387      14021          2  0.000e+00
    584.208    101.393    102.286    12.0698    12.0501   4.066675   4.064456    35.5413    35.5384      14022          2  0.000e+00
    584.250    101.354    102.246    12.0691    12.0498   4.066668   4.064462    35.5419    35.5387      14023          2  0.000e+00
    584.292    101.354    102.246    12.0686    12.0494   4.066642   4.064476    35.5421    35.5392      14024          2  0.000e+00
    584.333    101.285    102.177    12.0686    12.0496   4.066636   4.064476    35.5421    35.5390      14025          2  0.000e+00
    584.375    101.354    102.246    12.0686    12.0506   4.066636   4.064502    35.5421    35.5383      14026          2  0.000e+00
    584.417    101.315    102.207    12.0689    12.0509   4.066617   4.064515    35.5416    35.5382      14027          2  0.000e+00
