Data_example/SBE_Data_Processed/DY103/SeaBird/Data/Raw/Original/CTD Raw Data/DY103_CTD09_met.ros
* Sea-Bird SBE 9 Data File:
* FileName = C:\Users\sandm\Documents\Cruises\DY103\Data\CTD Raw Data\DY103_CTD09.hex
* Software Version Seasave V 7.26.7.121
* Temperature SN = 03P-4814
* Conductivity SN = 04C-2165
* Number of Bytes Per Scan = 41
* Number of Voltage Words = 4
* Number of Scans Averaged by the Deck Unit = 1
* NMEA Latitude = 48 57.69 N
* NMEA Longitude = 016 22.45 W
* NMEA UTC (Time) = Jul 03 2019  15:13:00
** Ship: RRS Discovery
** Cruise: DY103
** Cast: 09
** Station:
** Julian Day: 184
** Date: 03/07/19
** Time: 15:20
** Latitude: 48 57.69'N
** Longitude: 16 22.45'W
** Depth (uncorr m): 4811
** Principal Scientist: S Hartman
** Operator: J Wynar/T Powell
# nquan = 12
# nvalues = 2662                                  
# units = specified
# name 0 = timeS: Time, Elapsed [seconds]
# name 1 = depSM: Depth [salt water, m]
# name 2 = prDM: Pressure, Digiquartz [db]
# name 3 = t090C: Temperature [ITS-90, deg C]
# name 4 = t190C: Temperature, 2 [ITS-90, deg C]
# name 5 = c0S/m: Conductivity [S/m]
# name 6 = c1S/m: Conductivity, 2 [S/m]
# name 7 = sal00: Salinity, Practical [PSU]
# name 8 = sal11: Salinity, Practical, 2 [PSU]
# name 9 = scan: Scan Count
# name 10 = nbf: Bottles Fired
# name 11 = flag:  0.000e+00
# interval = seconds: 0.0416667
# start_time = Jul 03 2019 15:13:01 [System UTC, first data scan.]
# bad_flag = -9.990e-29
*END*
[from data line 1083]
   1002.625     81.024     81.733    12.4666    12.4964   4.110587   4.113773    35.6002    35.6027      24064          9  0.000e+00
   1002.667     81.024     81.733    12.4697    12.4961   4.110871   4.113681    35.6000    35.6022      24065          9  0.000e+00
   1002.708     81.093     81.803    12.4710    12.4951   4.110916   4.113608    35.5991    35.6024      24066          9  0.000e+00
   1002.750     81.093     81.803    12.4707    12.4941   4.110852   4.113503    35.5988    35.6023      24067          9  0.000e+00
   1002.792     81.024     81.733    12.4689    12.4929   4.110703   4.113417    35.5991    35.6026      24068          9  0.000e+00
   1002.833     81.123     81.833    12.4674    12.4926   4.110523   4.113404    35.5987    35.6028      24069          9  0.000e+00
   1024.333     81.535     82.249    12.4813    12.5031   4.112180   4.114773    35.6015    35.6059      24585         10  0.000e+00
   1024.375     81.535     82.249    12.4809    12.5034   4.112155   4.114806    35.6015    35.6059      24586         10  0.000e+00
   1024.417     81.535     82.249    12.4804    12.5034   4.112090   4.114806    35.6014    35.6059      24587         10  0.000e+00
   1024.458     81.604     82.318    12.4803    12.5036   4.112045   4.114780    35.6010    35.6054      24588         10  0.000e+00
   1024.500     81.456     82.169    12.4803    12.5036   4.112103   4.114786    35.6017    35.6056      24589         10  0.000e+00
   1024.542     81.476     82.189    12.4804    12.5038   4.112090   4.114799    35.6014    35.6055      24590         10  0.000e+00
   1024.583     81.535     82.249    12.4801    12.5039   4.112019   4.114779    35.6010    35.6051      24591         10  0.000e+00
   1024.625     81.388     82.100    12.4796    12.5038   4.112006   4.114773    35.6014    35.6053      24592         10  0.000e+00
   1024.667     81.535     82.249    12.4789    12.5038   4.111922   4.114740    35.6011    35.6049      24593         10  0.000e+00
   1024.708     81.388     82.100    12.4783    12.5036   4.111819   4.114720    35.6008    35.6049      24594         10  0.000e+00
   1024.750     81.456     82.169    12.4773    12.5034   4.111761   4.114727    35.6012    35.6051      24595         10  0.000e+00
   1024.792     81.388     82.100    12.4770    12.5034   4.111677   4.114760    35.6007    35.6055      24596         10  0.000e+00
   1024.833     81.339     82.051    12.4760    12.5034   4.111619   4.114773    35.6011    35.6057      24597         10  0.000e+00
   1024.875     81.535     82.249    12.4752    12.5034   4.111535   4.114740    35.6010    35.6052      24598         10  0.000e+00
   1024.917     81.388     82.100    12.4750    12.5034   4.111477   4.114733    35.6007    35.6052      24599         10  0.000e+00
   1024.958     81.388     82.100    12.4744    12.5034   4.111445   4.114747    35.6009    35.6053      24600         10  0.000e+00
   1025.000     81.309     82.021    12.4736    12.5038   4.111329   4.114733    35.6005    35.6049      24601         10  0.000e+00
   1025.042     81.388     82.100    12.4738    12.5034   4.111348   4.114733    35.6005    35.6052      24602         10  0.000e+00
   1025.083     81.309     82.021    12.4738    12.5034   4.111368   4.114707    35.6007    35.6050      24603         10  0.000e+00
   1025.125     81.388     82.100    12.4738    12.5036   4.111335   4.114700    35.6004    35.6048      24604         10  0.000e+00
   1025.167     81.260     81.971    12.4733    12.5034   4.111329   4.114740    35.6008    35.6053      24605         10  0.000e+00
   1025.208     81.309     82.021    12.4733    12.5034   4.111271   4.114766    35.6003    35.6056      24606         10  0.000e+00
   1025.250     81.309     82.021    12.4730    12.5034   4.111284   4.114740    35.6007    35.6053      24607         10  0.000e+00
   1025.292     81.240     81.951    12.4730    12.5034   4.111264   4.114760    35.6005    35.6055      24608         10  0.000e+00
   1025.333     81.309     82.021    12.4725    12.5036   4.111200   4.114773    35.6004    35.6055      24609         10  0.000e+00
   1025.375     81.240     81.951    12.4722    12.5039   4.111187   4.114812    35.6006    35.6056      24610         10  0.000e+00
   1025.417     81.240     81.951    12.4717    12.5041   4.111129   4.114865    35.6004    35.6059      24611         10  0.000e+00
   1025.458     81.339     82.051    12.4715    12.5043   4.111065   4.114878    35.6000    35.6058      24612         10  0.000e+00
   1025.500     81.172     81.882    12.4713    12.5044   4.111071   4.114852    35.6003    35.6055      24613         10  0.000e+00
   1025.542     81.240     81.951    12.4711    12.5044   4.111058   4.114845    35.6004    35.6054      24614         10  0.000e+00
   1025.583     81.240     81.951    12.4710    12.5046   4.111019   4.114806    35.6000    35.6049      24615         10  0.000e+00
   1025.625     81.172     81.882    12.4710    12.5043   4.111013   4.114773    35.6000    35.6049      24616         10  0.000e+00
   1025.667     81.172     81.882    12.4708    12.5044   4.111013   4.114740    35.6002    35.6044      24617         10  0.000e+00
   1025.708     81.240     81.951    12.4706    12.5038   4.111039   4.114733    35.6006    35.6050      24618         10  0.000e+00
   1025.750     81.191     81.902    12.4707    12.5039   4.111019   4.114760    35.6004    35.6051      24619         10  0.000e+00
   1025.792     81.240     81.951    12.4707    12.5039   4.111039   4.114733    35.6006    35.6048      24620         10  0.000e+00
   1025.833     81.093     81.803    12.4715    12.5039   4.111071   4.114760    35.6001    35.6051      24621         10  0.000e+00
   1025.875     81.172     81.882    12.4719    12.5039   4.111135   4.114793    35.6004    35.6055      24622         10  0.000e+00
   1025.917     81.172     81.882    12.4724    12.5039   4.111206   4.114746    35.6006    35.6050      24623         10  0.000e+00
   1025.958     81.240     81.951    12.4733    12.5043   4.111245   4.114760    35.6000    35.6047      24624         10  0.000e+00
   1026.000     81.093     81.803    12.4736    12.5039   4.111284   4.114786    35.6002    35.6054      24625         10  0.000e+00
   1026.042     81.191     81.902    12.4733    12.5043   4.111316   4.114799    35.6007    35.6051      24626         10  0.000e+00
   1026.083     81.093     81.803    12.4743    12.5038   4.111432   4.114727    35.6010    35.6050      24627         10  0.000e+00
   1026.125     81.172     81.882    12.4760    12.5039   4.111606   4.114720    35.6010    35.6047      24628         10  0.000e+00
   1026.167     81.093     81.803    12.4778    12.5034   4.111832   4.114760    35.6015    35.6056      24629         10  0.000e+00
   1026.208     81.172     81.882    12.4799    12.5034   4.111922   4.114733    35.6004    35.6053      24630         10  0.000e+00
   1026.250     81.093     81.803    12.4813    12.5034   4.112013   4.114674    35.6000    35.6048      24631         10  0.000e+00
   1026.292     81.172     81.882    12.4799    12.5034   4.112064   4.114635    35.6017    35.6044      24632         10  0.000e+00
   1026.333     81.123     81.833    12.4796    12.5028   4.112077   4.114595    35.6022    35.6046      24633         10  0.000e+00
   1026.375     81.093     81.803    12.4811    12.5024   4.112129   4.114529    35.6013    35.6043      24634         10  0.000e+00
   1026.417     81.093     81.803    12.4814    12.5021   4.112090   4.114450    35.6006    35.6039      24635         10  0.000e+00
   1026.458     81.093     81.803    12.4808    12.5019   4.112019   4.114391    35.6005    35.6035      24636         10  0.000e+00
   1026.500     81.172     81.882    12.4793    12.5023   4.111813   4.114378    35.5999    35.6030      24637         10  0.000e+00
   1026.542     81.093     81.803    12.4770    12.5026   4.111568   4.114457    35.5998    35.6035      24638         10  0.000e+00
   1026.583     81.093     81.803    12.4735    12.5028   4.111290   4.114483    35.6003    35.6035      24639         10  0.000e+00
   1026.625     81.191     81.902    12.4707    12.5036   4.111064   4.114549    35.6008    35.6034      24640         10  0.000e+00
   1026.667     81.093     81.803    12.4697    12.5031   4.110903   4.114529    35.6002    35.6037      24641         10  0.000e+00
   1026.708     81.093     81.803    12.4692    12.5006   4.110794   4.114542    35.5996    35.6062      24642         10  0.000e+00
   1026.750     81.172     81.882    12.4683    12.5009   4.110736   4.114523    35.5999    35.6056      24643         10  0.000e+00
   1026.792     81.024     81.734    12.4680    12.5016   4.110755   4.114411    35.6004    35.6040      24644         10  0.000e+00
   1026.833     81.172     81.882    12.4682    12.5001   4.110981   4.114089    35.6024    35.6023      24645         10  0.000e+00
   1026.875     81.044     81.753    12.4724    12.4944   4.111419   4.113871    35.6027    35.6056      24646         10  0.000e+00
   1026.917     81.240     81.951    12.4780    12.4916   4.111909   4.113937    35.6021    35.6088      24647         10  0.000e+00
   1026.958     81.172     81.882    12.4811    12.4943   4.112303   4.114003    35.6029    35.6069      24648         10  0.000e+00
   1027.000     81.172     81.882    12.4838    12.4968   4.112496   4.114069    35.6023    35.6052      24649         10  0.000e+00
   1027.042     81.093     81.803    12.4857    12.4978   4.112638   4.114016    35.6019    35.6038      24650         10  0.000e+00
   1027.083     81.172     81.882    12.4864    12.4974   4.112780   4.113819    35.6026    35.6022      24651         10  0.000e+00
   1027.125     81.172     81.882    12.4874    12.4959   4.112787   4.113602    35.6017    35.6015      24652         10  0.000e+00
   1027.167     81.191     81.902    12.4877    12.4948   4.112806   4.113352    35.6016    35.6001      24653         10  0.000e+00
   1027.208     81.172     81.882    12.4875    12.4934   4.112787   4.113352    35.6016    35.6014      24654         10  0.000e+00
   1027.250     81.172     81.882    12.4866    12.4939   4.112709   4.113582    35.6017    35.6032      24655         10  0.000e+00
   1027.292     81.172     81.882    12.4861    12.4948   4.112651   4.113760    35.6016    35.6041      24656         10  0.000e+00
   1027.333     81.240     81.951    12.4855    12.4954   4.112613   4.113878    35.6017    35.6046      24657         10  0.000e+00
   1027.375     81.172     81.882    12.4850    12.4958   4.112574   4.113845    35.6018    35.6040      24658         10  0.000e+00
   1027.417     81.240     81.951    12.4843    12.4953   4.112406   4.113595    35.6009    35.6020      24659         10  0.000e+00
   1027.458     81.191     81.902    12.4826    12.4939   4.112245   4.113621    35.6010    35.6036      24660         10  0.000e+00
   1027.500     81.240     81.951    12.4806    12.4936   4.112077   4.113654    35.6012    35.6042      24661         10  0.000e+00
   1027.542     81.309     82.021    12.4804    12.4931   4.112064   4.113812    35.6012    35.6062      24662         10  0.000e+00
   1027.583     81.172     81.882    12.4804    12.4946   4.112045   4.114069    35.6011    35.6073      24663         10  0.000e+00
   1027.625     81.309     82.021    12.4806    12.4969   4.112064   4.114319    35.6010    35.6074      24664         10  0.000e+00
   1027.667     81.309     82.021    12.4809    12.4986   4.112097   4.114457    35.6011    35.6072      24665         10  0.000e+00
   1027.708     81.240     81.951    12.4804    12.5001   4.112084   4.114562    35.6014    35.6068      24666         10  0.000e+00
   1027.750     81.123     81.833    12.4801    12.5008   4.112019   4.114562    35.6012    35.6062      24667         10  0.000e+00
   1027.792     81.456     82.169    12.4796    12.5014   4.111974   4.114569    35.6011    35.6055      24668         10  0.000e+00
   1027.833     81.388     82.100    12.4804    12.5016   4.112045   4.114503    35.6010    35.6047      24669         10  0.000e+00
   1027.875     81.240     81.951    12.4813    12.5013   4.112174   4.114457    35.6015    35.6046      24670         10  0.000e+00
   1027.917     81.388     82.100    12.4827    12.5011   4.112316   4.114286    35.6014    35.6031      24671         10  0.000e+00
   1027.958     81.309     82.021    12.4832    12.4994   4.112406   4.114069    35.6019    35.6026      24672         10  0.000e+00
   1028.000     81.388     82.100    12.4842    12.4983   4.112477   4.113970    35.6016    35.6027      24673         10  0.000e+00
   1028.042     81.388     82.100    12.4845    12.4974   4.112522   4.113891    35.6017    35.6028      24674         10  0.000e+00
   1028.083     81.339     82.050    12.4843    12.4969   4.112503   4.113977    35.6018    35.6041      24675         10  0.000e+00
   1028.125     81.456     82.169    12.4836    12.4971   4.112419   4.114122    35.6016    35.6053      24676         10  0.000e+00
   1028.167     81.388     82.100    12.4829    12.4986   4.112309   4.114378    35.6012    35.6064      24677         10  0.000e+00
   1028.208     81.388     82.100    12.4816    12.5001   4.112148   4.114569    35.6009    35.6068      24678         10  0.000e+00
   1028.250     81.456     82.169    12.4804    12.5016   4.112109   4.114753    35.6016    35.6071      24679         10  0.000e+00
   1028.292     81.456     82.169    12.4813    12.5026   4.112238   4.114885    35.6020    35.6075      24680         10  0.000e+00
   1028.333     81.388     82.100    12.4831    12.5039   4.112361   4.114918    35.6015    35.6065      24681         10  0.000e+00
   1028.375     81.555     82.268    12.4836    12.5048   4.112393   4.114937    35.6013    35.6058      24682         10  0.000e+00
   1028.417     81.456     82.169    12.4837    12.5052   4.112413   4.114964    35.6014    35.6057      24683         10  0.000e+00
   1028.458     81.456     82.169    12.4839    12.5056   4.112477   4.115010    35.6018    35.6058      24684         10  0.000e+00
   1028.500     81.535     82.249    12.4844    12.5057   4.112509   4.115049    35.6017    35.6060      24685         10  0.000e+00
   1028.542     81.456     82.169    12.4848    12.5057   4.112529   4.115029    35.6015    35.6059      24686         10  0.000e+00
   1028.583     81.535     82.249    12.4849    12.5059   4.112535   4.114997    35.6014    35.6053      24687         10  0.000e+00
   1028.625     81.535     82.249    12.4849    12.5062   4.112555   4.115003    35.6016    35.6051      24688         10  0.000e+00
   1028.667     81.555     82.268    12.4850    12.5060   4.112567   4.115016    35.6016    35.6054      24689         10  0.000e+00
   1028.708     81.535     82.249    12.4853    12.5059   4.112567   4.114997    35.6013    35.6053      24690         10  0.000e+00
   1028.750     81.604     82.318    12.4844    12.5059   4.112542   4.114957    35.6019    35.6049      24691         10  0.000e+00
   1028.792     81.535     82.249    12.4844    12.5056   4.112535   4.114924    35.6019    35.6050      24692         10  0.000e+00
   1028.833     81.604     82.318    12.4848    12.5052   4.112587   4.114937    35.6020    35.6054      24693         10  0.000e+00
   1028.875     81.604     82.318    12.4847    12.5052   4.112522   4.114937    35.6014    35.6054      24694         10  0.000e+00
   1028.917     81.604     82.318    12.4844    12.5049   4.112497   4.114891    35.6015    35.6052      24695         10  0.000e+00
   1028.958     81.623     82.338    12.4841    12.5048   4.112439   4.114878    35.6013    35.6052      24696         10  0.000e+00
   1029.000     81.604     82.318    12.4834    12.5048   4.112368   4.114878    35.6012    35.6052      24697         10  0.000e+00
   1029.042     81.672     82.387    12.4834    12.5048   4.112355   4.114878    35.6010    35.6052      24698         10  0.000e+00
