Data_example/SBE_Data_Processed/DY103/SeaBird/Data/Raw/Original/CTD Raw Data/DY103_CTD09_met.ros
* Sea-Bird SBE 9 Data File:
* FileName = C:\Users\sandm\Documents\Cruises\DY103\Data\CTD Raw Data\DY103_CTD09.hex
* Software Version Seasave V 7.26.7.121
* Temperature SN = 03P-4814
* Conductivity SN = 04C-2165
* Number of Bytes Per Scan = 41
* Number of Voltage Words = 4
* Number of Scans Averaged by the Deck Unit = 1
* NMEA Latitude = 48 57.69 N
* NMEA Longitude = 016 22.45 W
* NMEA UTC (Time) = Jul 03 2019  15:13:00
** Ship: RRS Discovery
** Cruise: DY103
** Cast: 09
** Station:
** Julian Day: 184
** Date: 03/07/19
** Time: 15:20
** Latitude: 48 57.69'N
** Longitude: 16 22.45'W
** Depth (uncorr m): 4811
** Principal Scientist: S Hartman
** Operator: J Wynar/T Powell
# nquan = 12
# nvalues = 2662                                  
# units = specified
# name 0 = timeS: Time, Elapsed [seconds]
# name 1 = depSM: Depth [salt water, m]
# name 2 = prDM: Pressure, Digiquartz [db]
# name 3 = t090C: Temperature [ITS-90, deg C]
# name 4 = t190C: Temperature, 2 [ITS-90, deg C]
# name 5 = c0S/m: Conductivity [S/m]
# name 6 = c1S/m: Conductivity, 2 [S/m]
# name 7 = sal00: Salinity, Practical [PSU]
# name 8 = sal11: Salinity, Practical, 2 [PSU]
# name 9 = scan: Scan Count
# name 10 = nbf: Bottles Fired
# name 11 = flag:  0.000e+00
# interval = seconds: 0.0416667
# start_time = Jul 03 2019 15:13:01 [System UTC, first data scan.]
# bad_flag = -9.990e-29
*END*
[from data line 2286]
   1829.167      9.957     10.042    16.3308    16.3234   4.480328   4.479728    35.5023    35.5036      43901         19  0.000e+00
   1829.208      9.986     10.072    16.3308    16.3236   4.480382   4.479728    35.5028    35.5035      43902         19  0.000e+00
   1829.250      9.986     10.072    16.3310    16.3239   4.480368   4.479728    35.5025    35.5032      43903         19  0.000e+00
   1829.292     10.025     10.111    16.3312    16.3239   4.480362   4.479810    35.5023    35.5039      43904         19  0.000e+00
   1829.333      9.908      9.993    16.3315    16.3242   4.480382   4.479810    35.5022    35.5037      43905         19  0.000e+00
   1829.375     10.055     10.141    16.3317    16.3243   4.480395   4.479769    35.5021    35.5032      43906         19  0.000e+00
   1829.417      9.957     10.042    16.3319    16.3244   4.480422   4.479844    35.5022    35.5037      43907         19  0.000e+00
   1829.458      9.908      9.993    16.3319    16.3244   4.480375   4.479817    35.5018    35.5035      43908         19  0.000e+00
   1829.500     10.055     10.141    16.3315    16.3248   4.480415   4.479830    35.5025    35.5033      43909         19  0.000e+00
   1829.542      9.878      9.963    16.3319    16.3250   4.480402   4.479864    35.5021    35.5035      43910         19  0.000e+00
   1829.583      9.986     10.072    16.3319    16.3247   4.480395   4.479878    35.5020    35.5038      43911         19  0.000e+00
   1829.625      9.986     10.072    16.3317    16.3250   4.480368   4.479851    35.5019    35.5033      43912         19  0.000e+00
   1829.667      9.957     10.042    16.3315    16.3250   4.480362   4.479844    35.5020    35.5033      43913         19  0.000e+00
   1840.208     10.339     10.428    16.3208    16.3108   4.479293   4.478489    35.5020    35.5037      44166         20  0.000e+00
   1840.250     10.339     10.428    16.3205    16.3100   4.479266   4.478489    35.5019    35.5045      44167         20  0.000e+00
   1840.292     10.388     10.477    16.3200    16.3108   4.479259   4.478435    35.5023    35.5032      44168         20  0.000e+00
   1840.333     10.339     10.428    16.3192    16.3096   4.479226   4.478469    35.5027    35.5046      44169         20  0.000e+00
   1840.375     10.339     10.428    16.3185    16.3091   4.479186   4.478489    35.5030    35.5052      44170         20  0.000e+00
   1840.417     10.310     10.398    16.3187    16.3085   4.479206   4.478605    35.5030    35.5069      44171         20  0.000e+00
   1840.458     10.417     10.507    16.3190    16.3078   4.479219   4.478666    35.5029    35.5079      44172         20  0.000e+00
   1840.500     10.339     10.428    16.3195    16.3082   4.479253   4.478714    35.5027    35.5080      44173         20  0.000e+00
   1840.542     10.388     10.477    16.3197    16.3093   4.479286   4.478639    35.5028    35.5064      44174         20  0.000e+00
   1840.583     10.339     10.428    16.3200    16.3107   4.479293   4.478605    35.5026    35.5049      44175         20  0.000e+00
   1840.625     10.339     10.428    16.3200    16.3122   4.479266   4.478632    35.5024    35.5037      44176         20  0.000e+00
   1840.667     10.310     10.398    16.3199    16.3119   4.479313   4.478700    35.5029    35.5047      44177         20  0.000e+00
   1840.708     10.339     10.428    16.3203    16.3123   4.479300   4.478837    35.5024    35.5054      44178         20  0.000e+00
   1840.750     10.417     10.507    16.3204    16.3151   4.479293   4.479082    35.5023    35.5051      44179         20  0.000e+00
   1840.792     10.241     10.329    16.3200    16.3176   4.479320   4.479347    35.5029    35.5053      44180         20  0.000e+00
   1840.833     10.417     10.507    16.3207    16.3200   4.479333   4.479531    35.5024    35.5047      44181         20  0.000e+00
   1840.875     10.339     10.428    16.3216    16.3214   4.479333   4.479633    35.5016    35.5044      44182         20  0.000e+00
   1840.917     10.172     10.259    16.3219    16.3222   4.479413   4.479674    35.5021    35.5041      44183         20  0.000e+00
   1840.958     10.417     10.507    16.3221    16.3228   4.479413   4.479715    35.5018    35.5039      44184         20  0.000e+00
   1841.000     10.339     10.428    16.3221    16.3229   4.479433   4.479749    35.5021    35.5041      44185         20  0.000e+00
   1841.042     10.270     10.358    16.3222    16.3229   4.479413   4.479762    35.5018    35.5042      44186         20  0.000e+00
   1841.083     10.310     10.398    16.3221    16.3234   4.479380   4.479790    35.5016    35.5040      44187         20  0.000e+00
   1841.125     10.270     10.358    16.3221    16.3238   4.479400   4.479803    35.5018    35.5038      44188         20  0.000e+00
   1841.167     10.339     10.428    16.3216    16.3240   4.479380   4.479830    35.5020    35.5039      44189         20  0.000e+00
   1841.208     10.241     10.329    16.3214    16.3241   4.479373   4.479864    35.5022    35.5041      44190         20  0.000e+00
   1841.250     10.270     10.358    16.3221    16.3244   4.479426   4.479878    35.5020    35.5039      44191         20  0.000e+00
   1841.292     10.270     10.358    16.3217    16.3244   4.479386   4.479851    35.5020    35.5037      44192         20  0.000e+00
   1841.333     10.310     10.398    16.3212    16.3244   4.479373   4.479810    35.5023    35.5033      44193         20  0.000e+00
   1841.375     10.270     10.358    16.3207    16.3244   4.479313   4.479769    35.5023    35.5029      44194         20  0.000e+00
   1841.417     10.202     10.289    16.3203    16.3242   4.479206   4.479790    35.5017    35.5034      44195         20  0.000e+00
   1841.458     10.241     10.329    16.3198    16.3241   4.479213   4.479742    35.5021    35.5030      44196         20  0.000e+00
   1841.500     10.270     10.358    16.3190    16.3238   4.479079   4.479728    35.5016    35.5032      44197         20  0.000e+00
   1841.542     10.202     10.289    16.3190    16.3234   4.479052   4.479606    35.5015    35.5024      44198         20  0.000e+00
   1841.583     10.241     10.329    16.3187    16.3229   4.479066   4.479538    35.5019    35.5022      44199         20  0.000e+00
   1841.625     10.123     10.210    16.3179    16.3226   4.479039   4.479504    35.5024    35.5023      44200         20  0.000e+00
   1841.667     10.202     10.289    16.3178    16.3214   4.479032   4.479463    35.5023    35.5029      44201         20  0.000e+00
   1841.708     10.172     10.259    16.3180    16.3209   4.479032   4.479483    35.5022    35.5036      44202         20  0.000e+00
   1841.750     10.202     10.289    16.3182    16.3210   4.479086   4.479463    35.5025    35.5033      44203         20  0.000e+00
   1841.792     10.202     10.289    16.3185    16.3210   4.479052   4.479517    35.5019    35.5038      44204         20  0.000e+00
   1841.833     10.094     10.180    16.3189    16.3212   4.479086   4.479531    35.5019    35.5038      44205         20  0.000e+00
   1841.875     10.202     10.289    16.3190    16.3214   4.479106   4.479531    35.5019    35.5036      44206         20  0.000e+00
   1841.917     10.054     10.141    16.3195    16.3216   4.479219   4.479538    35.5025    35.5035      44207         20  0.000e+00
   1841.958     10.202     10.289    16.3199    16.3216   4.479259   4.479592    35.5025    35.5040      44208         20  0.000e+00
   1842.000     10.094     10.180    16.3205    16.3217   4.479313   4.479612    35.5024    35.5040      44209         20  0.000e+00
   1842.042     10.054     10.141    16.3212    16.3219   4.479386   4.479667    35.5025    35.5044      44210         20  0.000e+00
   1842.083     10.054     10.141    16.3216    16.3222   4.479386   4.479626    35.5022    35.5037      44211         20  0.000e+00
   1842.125     10.172     10.259    16.3221    16.3221   4.479426   4.479613    35.5021    35.5037      44212         20  0.000e+00
   1842.167     10.054     10.141    16.3224    16.3221   4.479473   4.479612    35.5022    35.5037      44213         20  0.000e+00
   1842.208     10.054     10.141    16.3224    16.3222   4.479453   4.479612    35.5021    35.5036      44214         20  0.000e+00
   1842.250     10.094     10.180    16.3224    16.3227   4.479473   4.479612    35.5022    35.5031      44215         20  0.000e+00
   1842.292      9.986     10.071    16.3224    16.3224   4.479486   4.479578    35.5023    35.5032      44216         20  0.000e+00
   1842.333     10.054     10.141    16.3224    16.3224   4.479453   4.479544    35.5021    35.5028      44217         20  0.000e+00
   1842.375     10.025     10.111    16.3222    16.3219   4.479473   4.479531    35.5024    35.5032      44218         20  0.000e+00
   1842.417      9.986     10.071    16.3224    16.3217   4.479460   4.479531    35.5021    35.5033      44219         20  0.000e+00
   1842.458     10.054     10.141    16.3224    16.3219   4.479446   4.479538    35.5020    35.5032      44220         20  0.000e+00
   1842.500      9.956     10.042    16.3224    16.3212   4.479413   4.479326    35.5017    35.5020      44221         20  0.000e+00
   1842.542      9.986     10.071    16.3226    16.3193   4.479466   4.479088    35.5020    35.5016      44222         20  0.000e+00
   1842.583      9.986     10.071    16.3228    16.3173   4.479513   4.479034    35.5023    35.5029      44223         20  0.000e+00
   1842.625      9.878      9.962    16.3232    16.3166   4.479547   4.479177    35.5022    35.5048      44224         20  0.000e+00
   1842.667     10.054     10.141    16.3237    16.3175   4.479560   4.479340    35.5018    35.5054      44225         20  0.000e+00
   1842.708      9.986     10.071    16.3238    16.3190   4.479620   4.479497    35.5023    35.5055      44226         20  0.000e+00
   1842.750      9.878      9.962    16.3237    16.3204   4.479580   4.479619    35.5020    35.5054      44227         20  0.000e+00
   1842.792      9.907      9.992    16.3239    16.3212   4.479587   4.479674    35.5019    35.5051      44228         20  0.000e+00
   1842.833      9.907      9.992    16.3235    16.3223   4.479567   4.479626    35.5021    35.5038      44229         20  0.000e+00
   1842.875      9.956     10.042    16.3239    16.3222   4.479560   4.479578    35.5017    35.5034      44230         20  0.000e+00
   1842.917      9.907      9.992    16.3238    16.3217   4.479587   4.479599    35.5021    35.5040      44231         20  0.000e+00
   1842.958      9.838      9.923    16.3241    16.3214   4.479567   4.479578    35.5017    35.5042      44232         20  0.000e+00
   1843.000      9.878      9.962    16.3234    16.3216   4.479593   4.479687    35.5025    35.5049      44233         20  0.000e+00
   1843.042      9.907      9.992    16.3235    16.3221   4.479567   4.479749    35.5021    35.5050      44234         20  0.000e+00
   1843.083      9.907      9.992    16.3237    16.3229   4.479587   4.479646    35.5021    35.5033      44235         20  0.000e+00
   1843.125      9.809      9.893    16.3238    16.3231   4.479653   4.479490    35.5027    35.5019      44236         20  0.000e+00
   1843.167      9.907      9.992    16.3237    16.3221   4.479613   4.479483    35.5023    35.5027      44237         20  0.000e+00
   1843.208      9.838      9.923    16.3243    16.3212   4.479653   4.479497    35.5022    35.5036      44238         20  0.000e+00
   1843.250      9.878      9.962    16.3244    16.3210   4.479673   4.479497    35.5023    35.5037      44239         20  0.000e+00
   1843.292      9.838      9.923    16.3248    16.3212   4.479707   4.479524    35.5023    35.5038      44240         20  0.000e+00
   1843.333      9.838      9.923    16.3254    16.3221   4.479740   4.479592    35.5020    35.5037      44241         20  0.000e+00
   1843.375      9.809      9.893    16.3258    16.3224   4.479774   4.479578    35.5020    35.5032      44242         20  0.000e+00
   1843.417      9.907      9.992    16.3260    16.3226   4.479814   4.479572    35.5021    35.5030      44243         20  0.000e+00
   1843.458      9.691      9.774    16.3263    16.3222   4.479854   4.479599    35.5023    35.5036      44244         20  0.000e+00
   1843.500      9.907      9.992    16.3268    16.3219   4.479867   4.479578    35.5019    35.5037      44245         20  0.000e+00
   1843.542      9.809      9.893    16.3263    16.3221   4.479834   4.479633    35.5021    35.5040      44246         20  0.000e+00
   1843.583      9.907      9.992    16.3261    16.3217   4.479827   4.479653    35.5021    35.5045      44247         20  0.000e+00
   1843.625      9.770      9.854    16.3266    16.3219   4.479827   4.479674    35.5017    35.5046      44248         20  0.000e+00
   1843.667      9.809      9.893    16.3266    16.3227   4.479794   4.479714    35.5014    35.5042      44249         20  0.000e+00
   1843.708      9.838      9.923    16.3263    16.3231   4.479787   4.479749    35.5016    35.5042      44250         20  0.000e+00
   1843.750      9.770      9.854    16.3260    16.3236   4.479727   4.479762    35.5014    35.5038      44251         20  0.000e+00
   1843.792      9.878      9.962    16.3253    16.3242   4.479714   4.479735    35.5019    35.5030      44252         20  0.000e+00
   1843.833      9.770      9.853    16.3248    16.3243   4.479680   4.479783    35.5021    35.5034      44253         20  0.000e+00
   1843.875      9.770      9.853    16.3244    16.3246   4.479647   4.479769    35.5021    35.5030      44254         20  0.000e+00
   1843.917      9.878      9.962    16.3249    16.3246   4.479660   4.479823    35.5017    35.5034      44255         20  0.000e+00
   1843.958      9.838      9.923    16.3246    16.3246   4.479647   4.479810    35.5019    35.5033      44256         20  0.000e+00
   1844.000      9.838      9.923    16.3246    16.3246   4.479640   4.479803    35.5019    35.5032      44257         20  0.000e+00
   1844.042      9.809      9.893    16.3243    16.3250   4.479693   4.479769    35.5026    35.5027      44258         20  0.000e+00
   1844.083      9.770      9.853    16.3251    16.3251   4.479713   4.479762    35.5021    35.5024      44259         20  0.000e+00
   1844.125      9.838      9.923    16.3259    16.3255   4.479767   4.479762    35.5018    35.5021      44260         20  0.000e+00
   1844.167      9.809      9.893    16.3280    16.3256   4.479907   4.479762    35.5012    35.5020      44261         20  0.000e+00
   1844.208      9.838      9.923    16.3297    16.3258   4.479994   4.479762    35.5004    35.5018      44262         20  0.000e+00
   1844.250      9.838      9.923    16.3300    16.3250   4.480074   4.479762    35.5009    35.5026      44263         20  0.000e+00
   1844.292      9.878      9.962    16.3302    16.3250   4.480148   4.479789    35.5013    35.5028      44264         20  0.000e+00
   1844.333      9.770      9.853    16.3301    16.3250   4.480134   4.479830    35.5013    35.5032      44265         20  0.000e+00
   1844.375      9.838      9.923    16.3300    16.3250   4.480128   4.479864    35.5013    35.5035      44266         20  0.000e+00
   1844.417      9.878      9.962    16.3297    16.3253   4.480101   4.479966    35.5014    35.5041      44267         20  0.000e+00
   1844.458      9.838      9.923    16.3298    16.3255   4.480094   4.479966    35.5012    35.5039      44268         20  0.000e+00
   1844.500      9.907      9.992    16.3290    16.3258   4.480007   4.480041    35.5012    35.5043      44269         20  0.000e+00
   1844.542      9.809      9.893    16.3278    16.3260   4.479807   4.480041    35.5004    35.5042      44270         20  0.000e+00
   1844.583      9.838      9.923    16.3263    16.3267   4.479486   4.480116    35.4990    35.5042      44271         20  0.000e+00
   1844.625      9.907      9.992    16.3232    16.3269   4.479119   4.480150    35.4984    35.5043      44272         20  0.000e+00
