Data_example/SBE_Data_Processed/DY103/SeaBird/Data/Raw/Original/CTD Raw Data/DY103_CTD09_met.ros
* Sea-Bird SBE 9 Data File:
* FileName = C:\Users\sandm\Documents\Cruises\DY103\Data\CTD Raw Data\DY103_CTD09.hex
* Software Version Seasave V 7.26.7.121
* Temperature SN = 03P-4814
* Conductivity SN = 04C-2165
* Number of Bytes Per Scan = 41
* Number of Voltage Words = 4
* Number of Scans Averaged by the Deck Unit = 1
* NMEA Latitude = 48 57.69 N
* NMEA Longitude = 016 22.45 W
* NMEA UTC (Time) = Jul 03 2019  15:13:00
** Ship: RRS Discovery
** Cruise: DY103
** Cast: 09
** Station:
** Julian Day: 184
** Date: 03/07/19
** Time: 15:20
** Latitude: 48 57.69'N
** Longitude: 16 22.45'W
** Depth (uncorr m): 4811
** Principal Scientist: S Hartman
** Operator: J Wynar/T Powell
# nquan = 12
# nvalues = 2662                                  
# units = specified
# name 0 = timeS: Time, Elapsed [seconds]
# name 1 = depSM: Depth [salt water, m]
# name 2 = prDM: Pressure, Digiquartz [db]
# name 3 = t090C: Temperature [ITS-90, deg C]
# name 4 = t190C: Temperature, 2 [ITS-90, deg C]
# name 5 = c0S/m: Conductivity [S/m]
# name 6 = c1S/m: Conductivity, 2 [S/m]
# name 7 = sal00: Salinity, Practical [PSU]
# name 8 = sal11: Salinity, Practical, 2 [PSU]
# name 9 = scan: Scan Count
# name 10 = nbf: Bottles Fired
# name 11 = flag:  0.000e+00
# interval = seconds: 0.0416667
# start_time = Jul 03 2019 15:13:01 [System UTC, first data scan.]
# bad_flag = -9.990e-29
*END*
[from data line 361]
    600.167    101.570    102.464    12.0682    12.0571   4.066431   4.065307    35.5403    35.5399      14405          3  0.000e+00
    600.208    101.433    102.326    12.0681    12.0574   4.066431   4.065281    35.5405    35.5394      14406          3  0.000e+00
    619.500    101.570    102.464    12.0735    12.0677   4.067034   4.066394    35.5411    35.5404      14869          4  0.000e+00
    619.542    101.718    102.613    12.0740    12.0677   4.067054   4.066374    35.5408    35.5402      14870          4  0.000e+00
    619.583    101.570    102.464    12.0737    12.0672   4.067053   4.066237    35.5412    35.5394      14871          4  0.000e+00
    619.625    101.570    102.464    12.0737    12.0664   4.067041   4.066054    35.5411    35.5383      14872          4  0.000e+00
    619.667    101.678    102.573    12.0738    12.0652   4.067021   4.065929    35.5407    35.5382      14873          4  0.000e+00
    619.708    101.570    102.464    12.0740    12.0639   4.067073   4.065739    35.5411    35.5377      14874          4  0.000e+00
    619.750    101.570    102.464    12.0742    12.0624   4.067034   4.065576    35.5405    35.5375      14875          4  0.000e+00
    619.792    101.570    102.464    12.0738    12.0607   4.066989   4.065386    35.5404    35.5372      14876          4  0.000e+00
    619.833    101.570    102.464    12.0732    12.0596   4.066957   4.065274    35.5407    35.5372      14877          4  0.000e+00
    619.875    101.462    102.355    12.0725    12.0591   4.066867   4.065366    35.5405    35.5386      14878          4  0.000e+00
    619.917    101.570    102.464    12.0720    12.0589   4.066842   4.065484    35.5407    35.5399      14879          4  0.000e+00
    619.958    101.502    102.395    12.0715    12.0597   4.066842   4.065589    35.5412    35.5402      14880          4  0.000e+00
    620.000    101.502    102.395    12.0716    12.0604   4.066829   4.065615    35.5410    35.5398      14881          4  0.000e+00
    620.042    101.502    102.395    12.0717    12.0601   4.066809   4.065504    35.5407    35.5390      14882          4  0.000e+00
    620.083    101.462    102.355    12.0715    12.0595   4.066784   4.065451    35.5406    35.5390      14883          4  0.000e+00
    620.125    101.502    102.395    12.0717    12.0597   4.066822   4.065490    35.5408    35.5392      14884          4  0.000e+00
    620.167    101.433    102.326    12.0717    12.0597   4.066816   4.065484    35.5408    35.5392      14885          4  0.000e+00
    620.208    101.502    102.395    12.0718    12.0595   4.066829   4.065497    35.5408    35.5395      14886          4  0.000e+00
    620.250    101.354    102.246    12.0723    12.0596   4.066893   4.065510    35.5410    35.5396      14887          4  0.000e+00
    620.292    101.462    102.355    12.0723    12.0597   4.066912   4.065569    35.5411    35.5400      14888          4  0.000e+00
    620.333    101.354    102.246    12.0725    12.0599   4.066899   4.065634    35.5409    35.5405      14889          4  0.000e+00
    620.375    101.354    102.246    12.0723    12.0604   4.066906   4.065765    35.5411    35.5413      14890          4  0.000e+00
    620.417    101.433    102.326    12.0725    12.0609   4.066886   4.065765    35.5407    35.5408      14891          4  0.000e+00
    620.458    101.354    102.246    12.0725    12.0614   4.066899   4.065792    35.5409    35.5406      14892          4  0.000e+00
    620.500    101.315    102.207    12.0732    12.0614   4.066963   4.065792    35.5409    35.5407      14893          4  0.000e+00
    620.542    101.354    102.246    12.0742    12.0621   4.067085   4.065844    35.5411    35.5405      14894          4  0.000e+00
    620.583    101.354    102.246    12.0748    12.0621   4.067150   4.065896    35.5411    35.5410      14895          4  0.000e+00
    620.625    101.354    102.246    12.0748    12.0627   4.067130   4.065929    35.5410    35.5407      14896          4  0.000e+00
    620.667    101.286    102.177    12.0753    12.0628   4.067201   4.065936    35.5412    35.5408      14897          4  0.000e+00
    620.708    101.286    102.177    12.0753    12.0632   4.067214   4.065988    35.5413    35.5409      14898          4  0.000e+00
    620.750    101.246    102.137    12.0758    12.0632   4.067252   4.065929    35.5413    35.5403      14899          4  0.000e+00
    620.792    101.286    102.177    12.0760    12.0629   4.067285   4.065877    35.5414    35.5401      14900          4  0.000e+00
    620.833    101.286    102.177    12.0761    12.0631   4.067323   4.065811    35.5416    35.5393      14901          4  0.000e+00
    620.875    101.217    102.108    12.0762    12.0629   4.067252   4.065824    35.5409    35.5396      14902          4  0.000e+00
    620.917    101.286    102.177    12.0761    12.0629   4.067278   4.065883    35.5412    35.5401      14903          4  0.000e+00
    620.958    101.178    102.068    12.0763    12.0632   4.067272   4.066008    35.5410    35.5411      14904          4  0.000e+00
    621.000    101.286    102.177    12.0761    12.0641   4.067265   4.066158    35.5410    35.5417      14905          4  0.000e+00
    621.042    101.138    102.029    12.0763    12.0650   4.067265   4.066217    35.5410    35.5414      14906          4  0.000e+00
    621.083    101.217    102.108    12.0763    12.0654   4.067284   4.066256    35.5411    35.5415      14907          4  0.000e+00
    621.125    101.217    102.108    12.0768    12.0657   4.067310   4.066289    35.5409    35.5414      14908          4  0.000e+00
    621.167    101.178    102.068    12.0768    12.0662   4.067329   4.066315    35.5411    35.5413      14909          4  0.000e+00
    621.208    101.217    102.108    12.0770    12.0667   4.067387   4.066283    35.5415    35.5404      14910          4  0.000e+00
    621.250    101.138    102.029    12.0771    12.0665   4.067406   4.066289    35.5415    35.5407      14911          4  0.000e+00
    621.292    101.217    102.108    12.0776    12.0667   4.067426   4.066276    35.5412    35.5404      14912          4  0.000e+00
    621.333    101.138    102.029    12.0778    12.0669   4.067464   4.066289    35.5415    35.5403      14913          4  0.000e+00
    621.375    101.099    101.989    12.0780    12.0668   4.067445   4.066237    35.5411    35.5399      14914          4  0.000e+00
    621.417    101.217    102.108    12.0778    12.0667   4.067439   4.066256    35.5412    35.5402      14915          4  0.000e+00
    621.458    101.138    102.029    12.0781    12.0664   4.067439   4.066230    35.5409    35.5402      14916          4  0.000e+00
    621.500    101.138    102.029    12.0778    12.0665   4.067439   4.066224    35.5412    35.5401      14917          4  0.000e+00
    621.542    101.138    102.029    12.0775    12.0664   4.067426   4.066250    35.5414    35.5404      14918          4  0.000e+00
    621.583    101.070    101.959    12.0776    12.0665   4.067406   4.066283    35.5411    35.5407      14919          4  0.000e+00
    621.625    101.178    102.068    12.0771    12.0665   4.067406   4.066243    35.5415    35.5402      14920          4  0.000e+00
    621.667    101.070    101.959    12.0770    12.0666   4.067426   4.066250    35.5419    35.5403      14921          4  0.000e+00
    621.708    101.138    102.029    12.0766    12.0667   4.067439   4.066263    35.5423    35.5403      14922          4  0.000e+00
    621.750    101.138    102.029    12.0766    12.0667   4.067381   4.066256    35.5418    35.5402      14923          4  0.000e+00
    621.792    101.138    102.029    12.0768    12.0667   4.067368   4.066230    35.5415    35.5399      14924          4  0.000e+00
    621.833    101.099    101.989    12.0770    12.0667   4.067368   4.066256    35.5413    35.5403      14925          4  0.000e+00
    621.875    101.138    102.029    12.0771    12.0664   4.067368   4.066256    35.5412    35.5405      14926          4  0.000e+00
    621.917    101.138    102.029    12.0775    12.0667   4.067355   4.066263    35.5407    35.5403      14927          4  0.000e+00
    621.958    101.070    101.959    12.0775    12.0667   4.067361   4.066256    35.5408    35.5403      14928          4  0.000e+00
    622.000    101.138    102.029    12.0770    12.0667   4.067368   4.066230    35.5413    35.5399      14929          4  0.000e+00
    622.042    101.030    101.920    12.0772    12.0663   4.067394   4.066256    35.5414    35.5406      14930          4  0.000e+00
    622.083    101.138    102.029    12.0771    12.0665   4.067323   4.066230    35.5407    35.5401      14931          4  0.000e+00
    622.125    101.138    102.029    12.0768    12.0666   4.067272   4.066204    35.5405    35.5398      14932          4  0.000e+00
    622.167    101.138    102.029    12.0756    12.0665   4.067130   4.066237    35.5403    35.5402      14933          4  0.000e+00
    622.208    101.138    102.029    12.0745    12.0664   4.067034   4.066230    35.5404    35.5402      14934          4  0.000e+00
    622.250    101.138    102.029    12.0733    12.0662   4.066912   4.066204    35.5403    35.5402      14935          4  0.000e+00
    622.292    101.178    102.068    12.0723    12.0663   4.066848   4.066237    35.5406    35.5404      14936          4  0.000e+00
    622.333    101.138    102.029    12.0717    12.0661   4.066777   4.066178    35.5406    35.5400      14937          4  0.000e+00
    622.375    101.070    101.959    12.0712    12.0657   4.066771   4.066073    35.5410    35.5394      14938          4  0.000e+00
    622.417    101.217    102.108    12.0709    12.0654   4.066745   4.066014    35.5410    35.5391      14939          4  0.000e+00
    622.458    101.138    102.029    12.0710    12.0647   4.066713   4.066008    35.5406    35.5397      14940          4  0.000e+00
    622.500    101.178    102.068    12.0709    12.0645   4.066726   4.066008    35.5408    35.5399      14941          4  0.000e+00
    622.542    101.138    102.029    12.0710    12.0643   4.066764   4.065988    35.5411    35.5399      14942          4  0.000e+00
    622.583    101.217    102.108    12.0715    12.0639   4.066796   4.065975    35.5409    35.5401      14943          4  0.000e+00
    622.625    101.217    102.108    12.0715    12.0637   4.066784   4.065994    35.5407    35.5405      14944          4  0.000e+00
    622.667    101.138    102.029    12.0715    12.0636   4.066784   4.066008    35.5408    35.5408      14945          4  0.000e+00
    622.708    101.246    102.138    12.0715    12.0645   4.066829   4.066112    35.5412    35.5408      14946          4  0.000e+00
    622.750    101.217    102.108    12.0725    12.0647   4.066867   4.066073    35.5406    35.5403      14947          4  0.000e+00
    622.792    101.138    102.029    12.0725    12.0647   4.066880   4.066093    35.5408    35.5406      14948          4  0.000e+00
    622.833    101.286    102.177    12.0718    12.0644   4.066848   4.066034    35.5411    35.5402      14949          4  0.000e+00
    622.875    101.217    102.108    12.0719    12.0646   4.066867   4.066040    35.5412    35.5401      14950          4  0.000e+00
    622.917    101.286    102.177    12.0718    12.0642   4.066880   4.066047    35.5414    35.5405      14951          4  0.000e+00
    622.958    101.246    102.138    12.0718    12.0644   4.066848   4.066073    35.5411    35.5406      14952          4  0.000e+00
    623.000    101.286    102.177    12.0715    12.0646   4.066790   4.066053    35.5408    35.5402      14953          4  0.000e+00
    623.042    101.286    102.177    12.0710    12.0642   4.066758   4.066047    35.5409    35.5405      14954          4  0.000e+00
    623.083    101.286    102.177    12.0707    12.0636   4.066771   4.066021    35.5414    35.5408      14955          4  0.000e+00
    623.125    101.286    102.177    12.0709    12.0637   4.066719   4.065955    35.5407    35.5401      14956          4  0.000e+00
    623.167    101.315    102.207    12.0709    12.0629   4.066726   4.065883    35.5407    35.5402      14957          4  0.000e+00
    623.208    101.286    102.177    12.0714    12.0628   4.066816   4.065837    35.5412    35.5398      14958          4  0.000e+00
    623.250    101.354    102.247    12.0720    12.0624   4.066893   4.065720    35.5413    35.5390      14959          4  0.000e+00
    623.292    101.354    102.247    12.0728    12.0616   4.066938   4.065634    35.5410    35.5389      14960          4  0.000e+00
    623.333    101.354    102.247    12.0730    12.0607   4.066951   4.065589    35.5409    35.5393      14961          4  0.000e+00
    623.375    101.394    102.286    12.0733    12.0599   4.066989   4.065503    35.5410    35.5392      14962          4  0.000e+00
    623.417    101.354    102.247    12.0735    12.0592   4.067015   4.065497    35.5411    35.5398      14963          4  0.000e+00
    623.458    101.354    102.247    12.0737    12.0587   4.067021   4.065484    35.5410    35.5402      14964          4  0.000e+00
    623.500    101.433    102.326    12.0740    12.0589   4.067073   4.065497    35.5411    35.5401      14965          4  0.000e+00
    623.542    101.433    102.326    12.0743    12.0589   4.067060   4.065510    35.5407    35.5403      14966          4  0.000e+00
    623.583    101.463    102.356    12.0740    12.0592   4.067028   4.065536    35.5407    35.5402      14967          4  0.000e+00
    623.625    101.433    102.326    12.0740    12.0596   4.066989   4.065569    35.5403    35.5402      14968          4  0.000e+00
    623.667    101.433    102.326    12.0735    12.0600   4.066957   4.065608    35.5405    35.5401      14969          4  0.000e+00
    623.708    101.502    102.395    12.0732    12.0599   4.066951   4.065667    35.5406    35.5408      14970          4  0.000e+00
    623.750    101.502    102.395    12.0735    12.0600   4.066931   4.065661    35.5402    35.5406      14971          4  0.000e+00
    623.792    101.502    102.395    12.0735    12.0606   4.066970   4.065680    35.5405    35.5403      14972          4  0.000e+00
    623.833    101.463    102.356    12.0735    12.0608   4.067008   4.065739    35.5409    35.5407      14973          4  0.000e+00
    623.875    101.571    102.465    12.0737    12.0609   4.066989   4.065739    35.5406    35.5405      14974          4  0.000e+00
    623.917    101.502    102.395    12.0738    12.0611   4.067034   4.065752    35.5409    35.5405      14975          4  0.000e+00
    623.958    101.571    102.465    12.0742    12.0616   4.067105   4.065792    35.5412    35.5404      14976          4  0.000e+00
    624.000    101.502    102.395    12.0745    12.0614   4.067175   4.065792    35.5416    35.5406      14977          4  0.000e+00
    624.042    101.610    102.504    12.0750    12.0613   4.067195   4.065765    35.5413    35.5404      14978          4  0.000e+00
    624.083    101.571    102.465    12.0748    12.0612   4.067169   4.065739    35.5412    35.5402      14979          4  0.000e+00
    624.125    101.649    102.544    12.0748    12.0611   4.067169   4.065772    35.5412    35.5406      14980          4  0.000e+00
    624.167    101.571    102.465    12.0750    12.0611   4.067137   4.065693    35.5407    35.5399      14981          4  0.000e+00
    624.208    101.649    102.544    12.0750    12.0607   4.067201   4.065654    35.5413    35.5398      14982          4  0.000e+00
    624.250    101.610    102.504    12.0750    12.0606   4.067124   4.065595    35.5406    35.5394      14983          4  0.000e+00
    624.292    101.649    102.544    12.0742    12.0603   4.067034   4.065530    35.5405    35.5391      14984          4  0.000e+00
    624.333    101.649    102.544    12.0732    12.0594   4.066887   4.065477    35.5400    35.5393      14985          4  0.000e+00
    624.375    101.718    102.613    12.0723    12.0592   4.066816   4.065504    35.5401    35.5397      14986          4  0.000e+00
