Data_example/SBE_Data_Processed/DY103/SeaBird/Data/Batch/DY103_CTD12cfaldb.cnv
* Sea-Bird SBE 9 Data File:
* FileName = C:\Users\sandm\Documents\Cruises\DY103\Data\CTD Raw Data\DY103_CTD12.hex
* Software Version Seasave V 7.26.7.121
* Temperature SN = 03P-4814
* Conductivity SN = 04C-2165
* Number of Bytes Per Scan = 41
* Number of Voltage Words = 4
* Number of Scans Averaged by the Deck Unit = 1
* NMEA Latitude = 49 00.00 N
* NMEA Longitude = 016 30.00 W
* NMEA UTC (Time) = Jul 05 2019  12:57:09
** Ship: RRS Discovery
** Cruise: DY103
** Cast: 12
** Station:
** Julian Day: 186
** Date: 05/07/19
** Time: 13:00
** Latitude: 49 00.02'N
** Longitude: 16 30.02'W
** Depth (uncorr m): 4807
** Principal Scientist: S Hartman
** Operator: J Wynar/T Powell
# nquan = 15
# nvalues = 4922                        
# units = specified
# name 0 = timeS: Time, Elapsed [seconds]
# name 1 = scan: Scan Count
# name 2 = prDM: Pressure, Digiquartz [db]
# name 3 = t090C: Temperature [ITS-90, deg C]
# name 4 = t190C: Temperature, 2 [ITS-90, deg C]
# name 5 = c0S/m: Conductivity [S/m]
# name 6 = c1S/m: Conductivity, 2 [S/m]
# name 7 = latitude: Latitude [deg]
# name 8 = longitude: Longitude [deg]
# name 9 = sbeox0ML/L: Oxygen, SBE 43 [ml/l]
# name 10 = sbeox0ML/L: Oxygen, SBE 43 [ml/l]
# name 11 = sal00: Salinity, Practical [PSU]
# name 12 = sal11: Salinity, Practical, 2 [PSU]
# name 13 = depSM: Depth [salt water, m], lat = 49
# name 14 = flag: flag
# span 0 =    328.584,   5695.538       
# span 1 =       7887,     136694       
# span 2 =      1.000,   4927.000       
# span 3 =     2.5229,    16.5652       
# span 4 =     2.5228,    18.0953       
# span 5 =   3.136125,   4.499820       
# span 6 =   3.272228,   4.870076       
# span 7 =   48.82630,   49.00002       
# span 8 =  -16.49997,  -16.44145       
# span 9 =     3.3913,     6.1040       
# span 10 =     3.3913,     6.1040      
# span 11 =    23.9737,    35.5867      
# span 12 =    28.6055,    39.0068      
# span 13 =      0.992,   4829.520      
# span 14 = 0.0000e+00, 0.0000e+00      
# interval = decibars: 1                
# start_time = Jul 05 2019 12:57:09 [System UTC, first data scan.]
# bad_flag = -9.990e-29
*END*
[from data line 2025]
   2723.618      65368   2030.000     3.7208     3.7214   3.313190   3.313498   49.00002  -16.49995     5.9081     5.9081    34.9418    34.9448   2003.063 0.0000e+00
   2724.574      65391   2031.000     3.7193     3.7202   3.313102   3.313448   49.00002  -16.49995     5.9072     5.9072    34.9418    34.9449   2004.045 0.0000e+00
   2725.469      65412   2032.000     3.7191     3.7201   3.313131   3.313501   49.00002  -16.49995     5.9051     5.9051    34.9419    34.9452   2005.027 0.0000e+00
   2726.355      65434   2033.000     3.7201     3.7213   3.313295   3.313691   49.00002  -16.49995     5.9015     5.9015    34.9423    34.9458   2006.009 0.0000e+00
   2727.268      65455   2034.000     3.7227     3.7240   3.313626   3.314049   49.00002  -16.49995     5.8981     5.8981    34.9430    34.9466   2006.991 0.0000e+00
   2728.215      65478   2035.000     3.7261     3.7273   3.314039   3.314447   49.00002  -16.49995     5.8944     5.8944    34.9438    34.9474   2007.973 0.0000e+00
   2729.168      65501   2036.000     3.7285     3.7296   3.314346   3.314742   49.00002  -16.49995     5.8919     5.8919    34.9445    34.9479   2008.955 0.0000e+00
   2730.109      65524   2037.000     3.7300     3.7310   3.314551   3.314925   49.00002  -16.49995     5.8923     5.8923    34.9448    34.9482   2009.937 0.0000e+00
   2731.037      65546   2038.000     3.7311     3.7319   3.314704   3.315062   49.00002  -16.49995     5.8917     5.8917    34.9450    34.9484   2010.919 0.0000e+00
   2731.957      65568   2039.000     3.7319     3.7326   3.314829   3.315181   49.00002  -16.49995     5.8921     5.8921    34.9452    34.9486   2011.901 0.0000e+00
   2732.873      65590   2040.000     3.7322     3.7330   3.314910   3.315270   49.00002  -16.49995     5.8936     5.8936    34.9453    34.9487   2012.883 0.0000e+00
   2733.801      65612   2041.000     3.7318     3.7328   3.314930   3.315296   49.00002  -16.49995     5.8935     5.8935    34.9455    34.9488   2013.865 0.0000e+00
   2734.770      65635   2042.000     3.7314     3.7323   3.314938   3.315306   49.00002  -16.49995     5.8946     5.8946    34.9456    34.9489   2014.847 0.0000e+00
   2735.813      65661   2043.000     3.7310     3.7319   3.314954   3.315326   49.00002  -16.49995     5.8943     5.8943    34.9457    34.9491   2015.829 0.0000e+00
   2736.925      65687   2044.000     3.7312     3.7321   3.315022   3.315403   49.00002  -16.49995     5.8924     5.8924    34.9458    34.9493   2016.811 0.0000e+00
   2738.024      65714   2045.000     3.7316     3.7326   3.315130   3.315512   49.00002  -16.49995     5.8909     5.8909    34.9462    34.9496   2017.793 0.0000e+00
   2739.028      65738   2046.000     3.7306     3.7316   3.315098   3.315464   49.00002  -16.49995     5.8923     5.8923    34.9463    34.9496   2018.775 0.0000e+00
   2739.928      65759   2047.000     3.7287     3.7297   3.314959   3.315314   49.00002  -16.49995     5.8950     5.8950    34.9462    34.9494   2019.757 0.0000e+00
   2740.756      65779   2048.000     3.7263     3.7273   3.314770   3.315120   49.00002  -16.49995     5.8960     5.8960    34.9461    34.9492   2020.739 0.0000e+00
   2741.553      65798   2049.000     3.7236     3.7246   3.314545   3.314889   49.00002  -16.49995     5.8959     5.8959    34.9458    34.9488   2021.721 0.0000e+00
   2742.365      65818   2050.000     3.7204     3.7212   3.314270   3.314597   49.00002  -16.49995     5.8962     5.8962    34.9455    34.9484   2022.702 0.0000e+00
   2743.249      65839   2051.000     3.7171     3.7179   3.313990   3.314316   49.00002  -16.49995     5.8989     5.8989    34.9451    34.9481   2023.684 0.0000e+00
   2744.259      65863   2052.000     3.7142     3.7149   3.313733   3.314065   49.00002  -16.49996     5.9017     5.9017    34.9447    34.9478   2024.666 0.0000e+00
   2745.363      65890   2053.000     3.7108     3.7122   3.313441   3.313830   49.00002  -16.49996     5.9034     5.9034    34.9443    34.9475   2025.648 0.0000e+00
   2746.419      65915   2054.000     3.7068     3.7090   3.313083   3.313553   49.00002  -16.49996     5.9052     5.9052    34.9438    34.9470   2026.630 0.0000e+00
   2747.379      65938   2055.000     3.7033     3.7053   3.312774   3.313220   49.00002  -16.49995     5.9055     5.9055    34.9434    34.9465   2027.612 0.0000e+00
   2748.304      65960   2056.000     3.7007     3.7021   3.312557   3.312939   49.00002  -16.49995     5.9067     5.9067    34.9431    34.9461   2028.594 0.0000e+00
   2749.261      65983   2057.000     3.6984     3.6994   3.312367   3.312719   49.00002  -16.49995     5.9055     5.9055    34.9428    34.9459   2029.576 0.0000e+00
   2750.284      66008   2058.000     3.6965     3.6975   3.312233   3.312587   49.00002  -16.49995     5.9061     5.9061    34.9427    34.9459   2030.558 0.0000e+00
   2751.312      66032   2059.000     3.6959     3.6968   3.312221   3.312568   49.00002  -16.49995     5.9067     5.9067    34.9427    34.9460   2031.540 0.0000e+00
   2752.256      66055   2060.000     3.6955     3.6963   3.312223   3.312570   49.00002  -16.49995     5.9061     5.9061    34.9427    34.9460   2032.522 0.0000e+00
   2753.103      66075   2061.000     3.6949     3.6958   3.312201   3.312558   49.00002  -16.49995     5.9073     5.9073    34.9427    34.9459   2033.504 0.0000e+00
   2753.889      66094   2062.000     3.6942     3.6951   3.312172   3.312528   49.00002  -16.49995     5.9086     5.9086    34.9426    34.9458   2034.486 0.0000e+00
   2754.662      66113   2063.000     3.6935     3.6944   3.312142   3.312496   49.00002  -16.49995     5.9091     5.9091    34.9425    34.9458   2035.467 0.0000e+00
   2755.476      66132   2064.000     3.6929     3.6938   3.312127   3.312490   49.00002  -16.49995     5.9091     5.9091    34.9424    34.9458   2036.449 0.0000e+00
   2756.410      66155   2065.000     3.6928     3.6937   3.312148   3.312518   49.00002  -16.49995     5.9082     5.9082    34.9424    34.9458   2037.431 0.0000e+00
   2757.538      66182   2066.000     3.6931     3.6940   3.312220   3.312594   49.00002  -16.49995     5.9055     5.9055    34.9424    34.9459   2038.413 0.0000e+00
   2758.765      66211   2067.000     3.6942     3.6950   3.312379   3.312751   49.00002  -16.49995     5.8998     5.8998    34.9426    34.9462   2039.395 0.0000e+00
   2759.873      66238   2068.000     3.6957     3.6964   3.312581   3.312954   49.00002  -16.49995     5.8947     5.8947    34.9430    34.9466   2040.377 0.0000e+00
   2760.838      66261   2069.000     3.6965     3.6975   3.312728   3.313111   49.00002  -16.49995     5.8936     5.8936    34.9434    34.9469   2041.359 0.0000e+00
   2761.730      66283   2070.000     3.6957     3.6968   3.312717   3.313098   49.00002  -16.49995     5.8953     5.8953    34.9436    34.9469   2042.341 0.0000e+00
   2762.597      66303   2071.000     3.6941     3.6951   3.312623   3.312993   49.00002  -16.49995     5.8955     5.8955    34.9438    34.9471   2043.322 0.0000e+00
   2763.467      66324   2072.000     3.6930     3.6938   3.312573   3.312931   49.00002  -16.49995     5.8935     5.8935    34.9439    34.9472   2044.304 0.0000e+00
   2764.352      66345   2073.000     3.6921     3.6930   3.312550   3.312908   49.00002  -16.49995     5.8910     5.8910    34.9440    34.9473   2045.286 0.0000e+00
   2765.250      66367   2074.000     3.6926     3.6937   3.312661   3.313052   49.00002  -16.49995     5.8883     5.8883    34.9443    34.9478   2046.268 0.0000e+00
   2766.164      66389   2075.000     3.6947     3.6958   3.312933   3.313345   49.00002  -16.49995     5.8866     5.8866    34.9449    34.9485   2047.250 0.0000e+00
   2767.096      66411   2076.000     3.6964     3.6975   3.313175   3.313574   49.00002  -16.49995     5.8881     5.8881    34.9455    34.9490   2048.232 0.0000e+00
   2768.057      66434   2077.000     3.6968     3.6977   3.313287   3.313656   49.00002  -16.49995     5.8867     5.8867    34.9459    34.9493   2049.213 0.0000e+00
   2769.058      66458   2078.000     3.6961     3.6968   3.313280   3.313627   49.00002  -16.49995     5.8842     5.8842    34.9461    34.9494   2050.195 0.0000e+00
   2770.086      66483   2079.000     3.6955     3.6962   3.313284   3.313635   49.00002  -16.49995     5.8832     5.8832    34.9463    34.9497   2051.177 0.0000e+00
   2771.098      66507   2080.000     3.6956     3.6963   3.313347   3.313696   49.00002  -16.49995     5.8826     5.8826    34.9464    34.9498   2052.159 0.0000e+00
   2772.055      66530   2081.000     3.6961     3.6968   3.313439   3.313800   49.00002  -16.49995     5.8823     5.8823    34.9465    34.9500   2053.141 0.0000e+00
   2772.960      66552   2082.000     3.6973     3.6982   3.313602   3.313987   49.00002  -16.49995     5.8807     5.8807    34.9468    34.9503   2054.122 0.0000e+00
   2773.837      66573   2083.000     3.6990     3.7002   3.313823   3.314238   49.00002  -16.49995     5.8778     5.8778    34.9471    34.9507   2055.104 0.0000e+00
   2774.723      66594   2084.000     3.7008     3.7021   3.314051   3.314479   49.00002  -16.49995     5.8775     5.8775    34.9475    34.9511   2056.086 0.0000e+00
   2775.657      66617   2085.000     3.7025     3.7035   3.314280   3.314676   49.00002  -16.49995     5.8772     5.8772    34.9479    34.9515   2057.068 0.0000e+00
   2776.663      66641   2086.000     3.7039     3.7044   3.314482   3.314823   49.00002  -16.49995     5.8759     5.8759    34.9483    34.9518   2058.050 0.0000e+00
   2777.720      66666   2087.000     3.7031     3.7027   3.314479   3.314715   49.00002  -16.49995     5.8766     5.8766    34.9486    34.9518   2059.031 0.0000e+00
   2778.774      66692   2088.000     3.7010     3.7008   3.314332   3.314593   49.00002  -16.49995     5.8761     5.8761    34.9486    34.9519   2060.013 0.0000e+00
   2779.788      66716   2089.000     3.7000     3.7005   3.314293   3.314624   49.00002  -16.49995     5.8729     5.8729    34.9487    34.9521   2060.995 0.0000e+00
   2780.749      66739   2090.000     3.7003     3.7010   3.314372   3.314728   49.00002  -16.49995     5.8702     5.8702    34.9489    34.9524   2061.977 0.0000e+00
   2781.663      66761   2091.000     3.7010     3.7018   3.314509   3.314873   49.00002  -16.49995     5.8670     5.8670    34.9493    34.9527   2062.958 0.0000e+00
   2782.554      66782   2092.000     3.7016     3.7025   3.314626   3.314993   49.00002  -16.49995     5.8669     5.8669    34.9495    34.9530   2063.940 0.0000e+00
   2783.444      66804   2093.000     3.7019     3.7029   3.314705   3.315082   49.00002  -16.49995     5.8687     5.8687    34.9497    34.9532   2064.922 0.0000e+00
   2784.341      66825   2094.000     3.7016     3.7025   3.314723   3.315097   49.00002  -16.49995     5.8701     5.8701    34.9498    34.9532   2065.904 0.0000e+00
   2785.238      66847   2095.000     3.7001     3.7010   3.314636   3.314996   49.00002  -16.49995     5.8728     5.8728    34.9498    34.9531   2066.886 0.0000e+00
   2786.124      66868   2096.000     3.6980     3.6988   3.314481   3.314835   49.00002  -16.49995     5.8756     5.8756    34.9498    34.9531   2067.867 0.0000e+00
   2787.008      66889   2097.000     3.6958     3.6965   3.314324   3.314665   49.00002  -16.49995     5.8783     5.8783    34.9497    34.9530   2068.849 0.0000e+00
   2787.923      66911   2098.000     3.6928     3.6934   3.314077   3.314399   49.00002  -16.49995     5.8813     5.8813    34.9495    34.9526   2069.831 0.0000e+00
   2788.899      66935   2099.000     3.6878     3.6883   3.313638   3.313937   49.00002  -16.49995     5.8823     5.8823    34.9491    34.9521   2070.812 0.0000e+00
   2789.939      66960   2100.000     3.6831     3.6836   3.313215   3.313530   49.00002  -16.49995     5.8827     5.8827    34.9486    34.9518   2071.794 0.0000e+00
   2791.012      66985   2101.000     3.6800     3.6809   3.312950   3.313315   49.00002  -16.49995     5.8832     5.8832    34.9483    34.9516   2072.776 0.0000e+00
   2792.089      67011   2102.000     3.6777     3.6788   3.312763   3.313147   49.00002  -16.49995     5.8831     5.8831    34.9480    34.9513   2073.758 0.0000e+00
   2793.134      67036   2103.000     3.6757     3.6767   3.312607   3.312982   49.00002  -16.49995     5.8825     5.8825    34.9478    34.9511   2074.739 0.0000e+00
   2794.130      67060   2104.000     3.6741     3.6749   3.312487   3.312844   49.00002  -16.49995     5.8812     5.8812    34.9476    34.9509   2075.721 0.0000e+00
   2795.082      67083   2105.000     3.6728     3.6736   3.312402   3.312759   49.00002  -16.49995     5.8796     5.8796    34.9475    34.9508   2076.703 0.0000e+00
   2796.014      67105   2106.000     3.6719     3.6727   3.312355   3.312717   49.00002  -16.49995     5.8800     5.8800    34.9474    34.9508   2077.684 0.0000e+00
   2796.940      67128   2107.000     3.6710     3.6719   3.312319   3.312674   49.00002  -16.49995     5.8812     5.8812    34.9474    34.9507   2078.666 0.0000e+00
   2797.853      67149   2108.000     3.6699     3.6706   3.312252   3.312598   49.00002  -16.49995     5.8822     5.8822    34.9474    34.9506   2079.648 0.0000e+00
   2798.748      67171   2109.000     3.6683     3.6690   3.312153   3.312485   49.00002  -16.49995     5.8824     5.8824    34.9473    34.9505   2080.629 0.0000e+00
   2799.627      67192   2110.000     3.6664     3.6671   3.312011   3.312342   49.00002  -16.49995     5.8815     5.8815    34.9473    34.9504   2081.611 0.0000e+00
   2800.507      67213   2111.000     3.6639     3.6647   3.311821   3.312158   49.00002  -16.49995     5.8816     5.8816    34.9472    34.9503   2082.593 0.0000e+00
   2801.402      67235   2112.000     3.6611     3.6618   3.311598   3.311932   49.00002  -16.49995     5.8837     5.8837    34.9470    34.9501   2083.574 0.0000e+00
   2802.329      67257   2113.000     3.6585     3.6593   3.311400   3.311738   49.00002  -16.49995     5.8846     5.8846    34.9469    34.9501   2084.556 0.0000e+00
   2803.292      67280   2114.000     3.6559     3.6567   3.311199   3.311534   49.00002  -16.49995     5.8843     5.8843    34.9468    34.9499   2085.538 0.0000e+00
   2804.285      67304   2115.000     3.6534     3.6542   3.311005   3.311347   49.00002  -16.49995     5.8844     5.8844    34.9467    34.9499   2086.519 0.0000e+00
   2805.301      67328   2116.000     3.6512     3.6520   3.310842   3.311190   49.00002  -16.49995     5.8845     5.8845    34.9466    34.9499   2087.501 0.0000e+00
   2806.328      67353   2117.000     3.6495     3.6502   3.310726   3.311064   49.00002  -16.49995     5.8843     5.8843    34.9466    34.9498   2088.483 0.0000e+00
   2807.349      67377   2118.000     3.6481     3.6486   3.310637   3.310952   49.00002  -16.49995     5.8833     5.8833    34.9465    34.9497   2089.464 0.0000e+00
   2808.337      67401   2119.000     3.6468     3.6471   3.310548   3.310854   49.00002  -16.49995     5.8818     5.8818    34.9463    34.9497   2090.446 0.0000e+00
   2809.281      67424   2120.000     3.6457     3.6461   3.310480   3.310802   49.00002  -16.49995     5.8823     5.8823    34.9462    34.9496   2091.428 0.0000e+00
   2810.191      67446   2121.000     3.6448     3.6454   3.310428   3.310769   49.00002  -16.49995     5.8835     5.8835    34.9461    34.9495   2092.409 0.0000e+00
   2811.101      67467   2122.000     3.6438     3.6445   3.310370   3.310719   49.00002  -16.49995     5.8848     5.8848    34.9460    34.9494   2093.391 0.0000e+00
   2812.046      67490   2123.000     3.6427     3.6434   3.310308   3.310665   49.00002  -16.49995     5.8850     5.8850    34.9459    34.9494   2094.372 0.0000e+00
   2813.042      67514   2124.000     3.6416     3.6424   3.310251   3.310618   49.00002  -16.49995     5.8839     5.8839    34.9459    34.9494   2095.354 0.0000e+00
