Data_example/SBE_Data_Processed/DY103/SeaBird/Data/Batch/DY103_CTD09c.cnv
* Sea-Bird SBE 9 Data File:
* FileName = C:\Users\sandm\Documents\Cruises\DY103\Data\CTD Raw Data\DY103_CTD09.hex
* Software Version Seasave V 7.26.7.121
* Temperature SN = 03P-4814
* Conductivity SN = 04C-2165
* Number of Bytes Per Scan = 41
* Number of Voltage Words = 4
* Number of Scans Averaged by the Deck Unit = 1
* NMEA Latitude = 48 57.69 N
* NMEA Longitude = 016 22.45 W
* NMEA UTC (Time) = Jul 03 2019  15:13:00
** Ship: RRS Discovery
** Cruise: DY103
** Cast: 09
** Station:
** Julian Day: 184
** Date: 03/07/19
** Time: 15:20
** Latitude: 48 57.69'N
** Longitude: 16 22.45'W
** Depth (uncorr m): 4811
** Principal Scientist: S Hartman
** Operator: J Wynar/T Powell
# nquan = 12
# nvalues = 12004                                 
# units = specified
# name 0 = timeS: Time, Elapsed [seconds]
# name 1 = scan: Scan Count
# name 2 = prDM: Pressure, Digiquartz [db]
# name 3 = t090C: Temperature [ITS-90, deg C]
# name 4 = t190C: Temperature, 2 [ITS-90, deg C]
# name 5 = c0S/m: Conductivity [S/m]
# name 6 = c1S/m: Conductivity, 2 [S/m]
# name 7 = latitude: Latitude [deg]
# name 8 = longitude: Longitude [deg]
# name 9 = sbeox0ML/L: Oxygen, SBE 43 [ml/l]
# name 10 = sbeox0ML/L: Oxygen, SBE 43 [ml/l]
# name 11 = flag:  0.000e+00
# span 0 =     12.500,    512.625                 
# span 1 =        301,      12304                 
# span 2 =      0.441,    102.861                 
# span 3 =    12.0559,    17.1965                 
# span 4 =    12.0529,    19.1691                 
# span 5 =   0.004120,   4.488774                 
# span 6 =   0.000637,   4.489949                 
# span 7 =   48.96148,   48.96150                 
# span 8 =  -16.37420,  -16.37416                 
# span 9 =     3.8072,     7.1350                 
# span 10 =     3.8072,     7.1350                
# span 11 = 0.0000e+00, 0.0000e+00                
# interval = seconds: 0.0416667
# start_time = Jul 03 2019 15:13:01 [System UTC, first data scan.]
# bad_flag = -9.990e-29
*END*
[from data line 4933]
    218.042       5234     12.071    16.1563    16.2073   4.344272   4.436206   48.96148  -16.37420     4.0537     4.0537  0.000e+00
    218.083       5235     12.032    16.1575    16.2120   4.343969   4.436124   48.96148  -16.37420     4.0659     4.0659  0.000e+00
    218.125       5236     12.101    16.1585    16.2163   4.343731   4.436104   48.96148  -16.37420     4.0752     4.0752  0.000e+00
    218.167       5237     12.071    16.1597    16.2208   4.343619   4.436110   48.96148  -16.37420     4.0878     4.0878  0.000e+00
    218.208       5238     12.032    16.1602    16.2241   4.343460   4.436131   48.96148  -16.37420     4.1011     4.1011  0.000e+00
    218.250       5239     12.032    16.1609    16.2274   4.343335   4.436117   48.96150  -16.37416     4.1146     4.1146  0.000e+00
    218.292       5240     12.032    16.1614    16.2303   4.343170   4.436110   48.96150  -16.37416     4.1288     4.1288  0.000e+00
    218.333       5241     12.002    16.1619    16.2334   4.343065   4.436158   48.96150  -16.37416     4.1431     4.1431  0.000e+00
    218.375       5242     12.032    16.1622    16.2362   4.342966   4.436158   48.96150  -16.37416     4.1546     4.1546  0.000e+00
    218.417       5243     12.032    16.1619    16.2389   4.342906   4.436137   48.96148  -16.37420     4.1728     4.1728  0.000e+00
    218.458       5244     11.933    16.1612    16.2415   4.342761   4.436117   48.96148  -16.37420     4.1879     4.1879  0.000e+00
    218.500       5245     12.032    16.1602    16.2431   4.342715   4.436110   48.96148  -16.37420     4.2036     4.2036  0.000e+00
    218.542       5246     11.952    16.1579    16.2440   4.342656   4.436042   48.96148  -16.37420     4.2228     4.2228  0.000e+00
    218.583       5247     11.952    16.1535    16.2447   4.342662   4.436002   48.96148  -16.37420     4.2393     4.2393  0.000e+00
    218.625       5248     12.071    16.1471    16.2451   4.342649   4.435934   48.96148  -16.37420     4.2560     4.2560  0.000e+00
    218.667       5249     11.883    16.1388    16.2459   4.342722   4.435879   48.96148  -16.37420     4.2726     4.2726  0.000e+00
    218.708       5250     11.952    16.1257    16.2481   4.342775   4.435818   48.96148  -16.37420     4.2930     4.2930  0.000e+00
    218.750       5251     11.933    16.1075    16.2508   4.342953   4.435717   48.96148  -16.37420     4.3104     4.3104  0.000e+00
    218.792       5252     12.032    16.0884    16.2538   4.343204   4.435737   48.96148  -16.37420     4.3278     4.3278  0.000e+00
    218.833       5253     11.952    16.0724    16.2563   4.343521   4.435676   48.96148  -16.37420     4.3484     4.3484  0.000e+00
    218.875       5254     11.883    16.0609    16.2590   4.343937   4.435669   48.96148  -16.37420     4.3653     4.3653  0.000e+00
    218.917       5255     11.933    16.0520    16.2614   4.344465   4.435683   48.96148  -16.37420     4.3852     4.3852  0.000e+00
    218.958       5256     11.883    16.0450    16.2637   4.345349   4.435716   48.96148  -16.37420     4.4049     4.4049  0.000e+00
    219.000       5257     11.952    16.0396    16.2663   4.346405   4.435750   48.96148  -16.37420     4.4209     4.4209  0.000e+00
    219.042       5258     11.853    16.0351    16.2687   4.347593   4.435818   48.96148  -16.37420     4.4401     4.4401  0.000e+00
    219.083       5259     11.952    16.0297    16.2711   4.348893   4.435866   48.96148  -16.37420     4.4555     4.4555  0.000e+00
    219.125       5260     11.883    16.0246    16.2733   4.350477   4.435927   48.96148  -16.37420     4.4737     4.4737  0.000e+00
    219.167       5261     11.853    16.0190    16.2752   4.352201   4.436008   48.96148  -16.37420     4.4885     4.4885  0.000e+00
    219.208       5262     11.952    16.0112    16.2768   4.353971   4.436083   48.96148  -16.37420     4.5033     4.5033  0.000e+00
    219.250       5263     11.814    15.9996    16.2787   4.355694   4.436164   48.96150  -16.37416     4.5210     4.5210  0.000e+00
    219.292       5264     11.883    15.9881    16.2807   4.357399   4.436211   48.96150  -16.37416     4.5350     4.5350  0.000e+00
    219.333       5265     11.853    15.9797    16.2822   4.359163   4.436272   48.96150  -16.37416     4.5515     4.5515  0.000e+00
    219.375       5266     11.883    15.9738    16.2841   4.361139   4.436381   48.96150  -16.37416     4.5642     4.5642  0.000e+00
    219.417       5267     11.814    15.9698    16.2852   4.363174   4.436415   48.96148  -16.37420     4.5759     4.5759  0.000e+00
    219.458       5268     11.933    15.9681    16.2867   4.365223   4.436462   48.96148  -16.37420     4.5871     4.5871  0.000e+00
    219.500       5269     11.814    15.9656    16.2881   4.367299   4.436543   48.96148  -16.37420     4.6013     4.6013  0.000e+00
    219.542       5270     11.814    15.9600    16.2891   4.369528   4.436652   48.96148  -16.37420     4.6088     4.6088  0.000e+00
    219.583       5271     11.883    15.9522    16.2904   4.371684   4.436679   48.96148  -16.37420     4.6190     4.6190  0.000e+00
    219.625       5272     11.853    15.9450    16.2915   4.373748   4.436679   48.96148  -16.37420     4.6285     4.6285  0.000e+00
    219.667       5273     11.814    15.9389    16.2928   4.375568   4.436767   48.96148  -16.37420     4.6377     4.6377  0.000e+00
    219.708       5274     11.883    15.9337    16.2940   4.376905   4.436760   48.96148  -16.37420     4.6468     4.6468  0.000e+00
    219.750       5275     11.784    15.9295    16.2952   4.377692   4.436815   48.96148  -16.37420     4.6520     4.6520  0.000e+00
    219.792       5276     11.814    15.9241    16.2967   4.377990   4.436828   48.96148  -16.37420     4.6606     4.6606  0.000e+00
    219.833       5277     11.814    15.9184    16.2981   4.377878   4.436808   48.96148  -16.37420     4.6653     4.6653  0.000e+00
    219.875       5278     11.853    15.9150    16.2999   4.377481   4.436855   48.96148  -16.37420     4.6726     4.6726  0.000e+00
    219.917       5279     11.814    15.9139    16.3017   4.377170   4.436869   48.96148  -16.37420     4.6760     4.6760  0.000e+00
    219.958       5280     11.814    15.9125    16.3032   4.376945   4.436903   48.96148  -16.37420     4.6790     4.6790  0.000e+00
    220.000       5281     11.814    15.9103    16.3044   4.376726   4.436882   48.96148  -16.37420     4.6815     4.6815  0.000e+00
    220.042       5282     11.784    15.9075    16.3047   4.376515   4.436869   48.96148  -16.37420     4.6836     4.6836  0.000e+00
    220.083       5283     11.814    15.9061    16.3019   4.376449   4.436869   48.96148  -16.37420     4.6850     4.6850  0.000e+00
    220.125       5284     11.814    15.9097    16.2916   4.376462   4.436842   48.96148  -16.37420     4.6856     4.6856  0.000e+00
    220.167       5285     11.853    15.9160    16.2733   4.376422   4.436829   48.96148  -16.37420     4.6855     4.6855  0.000e+00
    220.208       5286     11.814    15.9175    16.2465   4.376296   4.436829   48.96148  -16.37420     4.6854     4.6854  0.000e+00
    220.250       5287     11.814    15.9137    16.2161   4.376078   4.436721   48.96150  -16.37416     4.6854     4.6854  0.000e+00
    220.292       5288     11.814    15.9095    16.1861   4.375946   4.436647   48.96150  -16.37416     4.6818     4.6818  0.000e+00
    220.333       5289     11.784    15.9066    16.1613   4.375787   4.436532   48.96150  -16.37416     4.6775     4.6775  0.000e+00
    220.375       5290     11.814    15.9051    16.1425   4.375469   4.436437   48.96150  -16.37416     4.6761     4.6761  0.000e+00
    220.417       5291     11.814    15.9043    16.1288   4.374920   4.436356   48.96148  -16.37420     4.6707     4.6707  0.000e+00
    220.458       5292     11.853    15.9039    16.1202   4.374192   4.436281   48.96148  -16.37420     4.6685     4.6685  0.000e+00
    220.500       5293     11.735    15.9034    16.1159   4.373464   4.436180   48.96148  -16.37420     4.6627     4.6627  0.000e+00
    220.542       5294     11.814    15.9041    16.1167   4.372816   4.436085   48.96148  -16.37420     4.6564     4.6564  0.000e+00
    220.583       5295     11.853    15.9051    16.1179   4.372379   4.436044   48.96148  -16.37420     4.6499     4.6499  0.000e+00
    220.625       5296     11.814    15.9078    16.1159   4.372088   4.436024   48.96148  -16.37420     4.6462     4.6462  0.000e+00
    220.667       5297     11.883    15.9124    16.1125   4.371804   4.435976   48.96148  -16.37420     4.6356     4.6356  0.000e+00
    220.708       5298     11.814    15.9150    16.1098   4.371592   4.436044   48.96148  -16.37420     4.6311     4.6311  0.000e+00
    220.750       5299     11.853    15.9164    16.1088   4.371546   4.436119   48.96148  -16.37420     4.6203     4.6203  0.000e+00
    220.792       5300     11.735    15.9196    16.1079   4.371685   4.436180   48.96148  -16.37420     4.6120     4.6120  0.000e+00
    220.833       5301     11.883    15.9248    16.1069   4.371810   4.436275   48.96148  -16.37420     4.6069     4.6069  0.000e+00
    220.875       5302     11.853    15.9285    16.1035   4.371982   4.436349   48.96148  -16.37420     4.5953     4.5953  0.000e+00
    220.917       5303     11.814    15.9294    16.0957   4.372167   4.436465   48.96148  -16.37420     4.5869     4.5869  0.000e+00
    220.958       5304     11.883    15.9283    16.0851   4.372518   4.436519   48.96148  -16.37420     4.5787     4.5787  0.000e+00
    221.000       5305     11.784    15.9231    16.0748   4.373008   4.436641   48.96148  -16.37420     4.5709     4.5709  0.000e+00
    221.042       5306     11.952    15.9175    16.0655   4.373650   4.436771   48.96148  -16.37420     4.5598     4.5598  0.000e+00
    221.083       5307     11.883    15.9137    16.0550   4.374424   4.436906   48.96148  -16.37420     4.5551     4.5551  0.000e+00
    221.125       5308     11.883    15.9124    16.0464   4.375158   4.437035   48.96148  -16.37420     4.5438     4.5438  0.000e+00
    221.167       5309     11.853    15.9111    16.0420   4.375959   4.437185   48.96148  -16.37420     4.5324     4.5324  0.000e+00
    221.208       5310     11.883    15.9096    16.0370   4.376687   4.437307   48.96148  -16.37420     4.5243     4.5243  0.000e+00
    221.250       5311     11.952    15.9058    16.0324   4.377402   4.437395   48.96150  -16.37416     4.5165     4.5165  0.000e+00
    221.292       5312     11.853    15.9014    16.0285   4.378130   4.437497   48.96150  -16.37416     4.5090     4.5090  0.000e+00
    221.333       5313     11.952    15.8970    16.0251   4.378865   4.437639   48.96150  -16.37416     4.4984     4.4984  0.000e+00
    221.375       5314     11.883    15.8910    16.0212   4.379520   4.437761   48.96150  -16.37416     4.4914     4.4914  0.000e+00
    221.417       5315     11.952    15.8831    16.0139   4.380209   4.437795   48.96148  -16.37420     4.4815     4.4815  0.000e+00
    221.458       5316     11.933    15.8750    16.0078   4.380804   4.437877   48.96148  -16.37420     4.4748     4.4748  0.000e+00
    221.500       5317     11.883    15.8644    16.0036   4.381394   4.437965   48.96148  -16.37420     4.4686     4.4686  0.000e+00
    221.542       5318     12.032    15.8527    16.0017   4.382050   4.438067   48.96148  -16.37420     4.4598     4.4598  0.000e+00
    221.583       5319     11.933    15.8416    16.0005   4.382606   4.438162   48.96148  -16.37420     4.4540     4.4540  0.000e+00
    221.625       5320     12.032    15.8352    15.9975   4.383156   4.438203   48.96148  -16.37420     4.4484     4.4484  0.000e+00
    221.667       5321     11.952    15.8310    15.9924   4.383685   4.438332   48.96148  -16.37420     4.4395     4.4395  0.000e+00
    221.708       5322     12.032    15.8291    15.9837   4.384096   4.438373   48.96148  -16.37420     4.4342     4.4342  0.000e+00
    221.750       5323     12.002    15.8283    15.9756   4.384447   4.438393   48.96148  -16.37420     4.4258     4.4258  0.000e+00
    221.792       5324     12.032    15.8287    15.9688   4.384772   4.438495   48.96148  -16.37420     4.4207     4.4207  0.000e+00
    221.833       5325     11.952    15.8310    15.9633   4.385050   4.438495   48.96148  -16.37420     4.4159     4.4159  0.000e+00
    221.875       5326     12.071    15.8326    15.9591   4.385315   4.438509   48.96148  -16.37420     4.4081     4.4081  0.000e+00
    221.917       5327     12.032    15.8339    15.9545   4.385520   4.438495   48.96148  -16.37420     4.4039     4.4039  0.000e+00
    221.958       5328     12.101    15.8345    15.9498   4.385646   4.438543   48.96148  -16.37420     4.3967     4.3967  0.000e+00
    222.000       5329     12.002    15.8350    15.9462   4.385659   4.438502   48.96148  -16.37420     4.3929     4.3929  0.000e+00
    222.042       5330     12.170    15.8348    15.9435   4.385639   4.438488   48.96148  -16.37420     4.3862     4.3862  0.000e+00
    222.083       5331     12.032    15.8346    15.9410   4.385440   4.438427   48.96148  -16.37420     4.3828     4.3828  0.000e+00
    222.125       5332     12.101    15.8346    15.9389   4.384930   4.438414   48.96148  -16.37420     4.3799     4.3799  0.000e+00
    222.167       5333     12.150    15.8353    15.9362   4.384222   4.438353   48.96148  -16.37420     4.3740     4.3740  0.000e+00
    222.208       5334     12.101    15.8361    15.9340   4.383315   4.438333   48.96148  -16.37420     4.3716     4.3716  0.000e+00
    222.250       5335     12.101    15.8368    15.9320   4.382149   4.438244   48.96150  -16.37416     4.3663     4.3663  0.000e+00
    222.292       5336     12.150    15.8374    15.9290   4.380719   4.438129   48.96150  -16.37416     4.3646     4.3646  0.000e+00
    222.333       5337     12.101    15.8376    15.9261   4.379263   4.438075   48.96150  -16.37416     4.3596     4.3596  0.000e+00
    222.375       5338     12.170    15.8375    15.9219   4.377800   4.438089   48.96150  -16.37416     4.3545     4.3545  0.000e+00
    222.417       5339     12.101    15.8370    15.9179   4.376331   4.438068   48.96148  -16.37420     4.3529     4.3529  0.000e+00
    222.458       5340     12.220    15.8367    15.9144   4.374769   4.438089   48.96148  -16.37420     4.3482     4.3482  0.000e+00
    222.500       5341     12.170    15.8363    15.9113   4.373168   4.438102   48.96148  -16.37420     4.3436     4.3436  0.000e+00
    222.542       5342     12.249    15.8362    15.9083   4.371626   4.438157   48.96148  -16.37420     4.3424     4.3424  0.000e+00
    222.583       5343     12.150    15.8363    15.9029   4.370132   4.438238   48.96148  -16.37420     4.3378     4.3378  0.000e+00
    222.625       5344     12.170    15.8368    15.8987   4.368782   4.438340   48.96148  -16.37420     4.3332     4.3332  0.000e+00
    222.667       5345     12.249    15.8372    15.8946   4.367572   4.438374   48.96148  -16.37420     4.3254     4.3254  0.000e+00
    222.708       5346     12.249    15.8380    15.8880   4.366514   4.438455   48.96148  -16.37420     4.3236     4.3236  0.000e+00
    222.750       5347     12.220    15.8389    15.8817   4.365503   4.438517   48.96148  -16.37420     4.3190     4.3190  0.000e+00
    222.792       5348     12.319    15.8397    15.8772   4.364498   4.438612   48.96148  -16.37420     4.3175     4.3175  0.000e+00
    222.833       5349     12.249    15.8412    15.8734   4.363242   4.438639   48.96148  -16.37420     4.3094     4.3094  0.000e+00
    222.875       5350     12.220    15.8422    15.8691   4.361960   4.438666   48.96148  -16.37420     4.3082     4.3082  0.000e+00
    222.917       5351     12.319    15.8439    15.8636   4.361035   4.438707   48.96148  -16.37420     4.3001     4.3001  0.000e+00
    222.958       5352     12.249    15.8461    15.8619   4.360533   4.438741   48.96148  -16.37420     4.2982     4.2982  0.000e+00
