Data_example/SBE_Data_Processed/DY103/SeaBird/Data/Batch/DY103_CTD04cfal.cnv
* Sea-Bird SBE 9 Data File:
* FileName = C:\Users\sandm\Documents\Cruises\DY103\Data\CTD Raw Data\DY103_CTD04.hex
* Software Version Seasave V 7.26.7.121
* Temperature SN = 03P-4814
* Conductivity SN = 04C-2165
* Number of Bytes Per Scan = 41
* Number of Voltage Words = 4
* Number of Scans Averaged by the Deck Unit = 1
* NMEA Latitude = 48 56.57 N
* NMEA Longitude = 016 29.17 W
* NMEA UTC (Time) = Jun 29 2019  16:14:22
** Ship: RRS Discovery
** Cruise: DY103
** Cast: 04
** Station:
** Julian Day: 180
** Date: 29/06/19
** Time: 16:15
** Latitude: 48 56.57'N
** Longitude: 16 29.18'W
** Depth (uncorr m): 4809
** Principal Scientist: S Hartman
** Operator: J Wynar/T Powell
# nquan = 12
# nvalues = 28823                       
# units = specified
# name 0 = timeS: Time, Elapsed [seconds]
# name 1 = scan: Scan Count
# name 2 = prDM: Pressure, Digiquartz [db]
# name 3 = t090C: Temperature [ITS-90, deg C]
# name 4 = t190C: Temperature, 2 [ITS-90, deg C]
# name 5 = c0S/m: Conductivity [S/m]
# name 6 = c1S/m: Conductivity, 2 [S/m]
# name 7 = latitude: Latitude [deg]
# name 8 = longitude: Longitude [deg]
# name 9 = sbeox0ML/L: Oxygen, SBE 43 [ml/l]
# name 10 = sbeox0ML/L: Oxygen, SBE 43 [ml/l]
# name 11 = flag:  0.000e+00
# span 0 =     12.500,   1213.417       
# span 1 =        301,      29123       
# span 2 =      0.423,    105.209       
# span 3 =    11.6067,    17.2235       
# span 4 =    11.6071,    17.3806       
# span 5 =   0.057467,   4.457633       
# span 6 =   0.015279,   4.474470       
# span 7 =   48.94282,   48.94284       
# span 8 =  -16.48623,  -16.48621       
# span 9 =     3.7222,     6.2528       
# span 10 =     3.7222,     6.2528      
# span 11 = 0.0000e+00, 0.0000e+00      
# interval = seconds: 0.0416667
# start_time = Jun 29 2019 16:14:23 [System UTC, first data scan.]
# bad_flag = -9.990e-29
*END*
[from data line 7098]
    308.250       7399      6.328    15.5010    15.5683   4.390987   4.397706   48.94284  -16.48621     5.8922     5.8922 -9.990e-29
    308.292       7400      6.337    15.5014    15.5685   4.391032   4.397729   48.94284  -16.48621     5.8922     5.8922 -9.990e-29
    308.333       7401      6.345    15.5019    15.5687   4.391080   4.397752   48.94284  -16.48621     5.8923     5.8923 -9.990e-29
    308.375       7402      6.353    15.5024    15.5689   4.391131   4.397775   48.94284  -16.48621     5.8923     5.8923 -9.990e-29
    308.417       7403      6.362    15.5030    15.5692   4.391185   4.397797   48.94284  -16.48621     5.8923     5.8923 -9.990e-29
    308.458       7404      6.370    15.5036    15.5694   4.391243   4.397819   48.94284  -16.48621     5.8923     5.8923 -9.990e-29
    308.500       7405      6.378    15.5042    15.5696   4.391303   4.397840   48.94284  -16.48621     5.8922     5.8922 -9.990e-29
    308.542       7406      6.387    15.5049    15.5698   4.391367   4.397862   48.94284  -16.48621     5.8922     5.8922 -9.990e-29
    308.583       7407      6.395    15.5055    15.5700   4.391435   4.397884   48.94284  -16.48621     5.8921     5.8921 -9.990e-29
    308.625       7408      6.404    15.5063    15.5702   4.391506   4.397907   48.94284  -16.48621     5.8920     5.8920 -9.990e-29
    308.667       7409      6.413    15.5070    15.5704   4.391581   4.397931   48.94284  -16.48621     5.8919     5.8919 -9.990e-29
    308.708       7410      6.421    15.5079    15.5706   4.391661   4.397956   48.94284  -16.48621     5.8918     5.8918 -9.990e-29
    308.750       7411      6.430    15.5087    15.5708   4.391744   4.397981   48.94284  -16.48621     5.8917     5.8917 -9.990e-29
    308.792       7412      6.439    15.5096    15.5711   4.391831   4.398006   48.94284  -16.48621     5.8915     5.8915 -9.990e-29
    308.833       7413      6.448    15.5105    15.5713   4.391921   4.398029   48.94284  -16.48621     5.8914     5.8914 -9.990e-29
    308.875       7414      6.457    15.5115    15.5715   4.392017   4.398052   48.94284  -16.48621     5.8912     5.8912 -9.990e-29
    308.917       7415      6.466    15.5125    15.5717   4.392116   4.398073   48.94284  -16.48621     5.8910     5.8910 -9.990e-29
    308.958       7416      6.475    15.5136    15.5719   4.392220   4.398091   48.94284  -16.48621     5.8908     5.8908 -9.990e-29
    309.000       7417      6.484    15.5147    15.5721   4.392328   4.398107   48.94284  -16.48621     5.8906     5.8906 -9.990e-29
    309.042       7418      6.494    15.5159    15.5723   4.392440   4.398120   48.94284  -16.48621     5.8903     5.8903 -9.990e-29
    309.083       7419      6.503    15.5170    15.5724   4.392555   4.398131   48.94284  -16.48621     5.8901     5.8901 -9.990e-29
    309.125       7420      6.513    15.5183    15.5725   4.392673   4.398140   48.94284  -16.48621     5.8898     5.8898 -9.990e-29
    309.167       7421      6.522    15.5195    15.5726   4.392795   4.398147   48.94284  -16.48621     5.8896     5.8896 -9.990e-29
    309.208       7422      6.532    15.5208    15.5727   4.392919   4.398152   48.94284  -16.48621     5.8893     5.8893 -9.990e-29
    309.250       7423      6.542    15.5221    15.5727   4.393045   4.398155   48.94284  -16.48621     5.8890     5.8890 -9.990e-29
    309.292       7424      6.552    15.5234    15.5727   4.393173   4.398155   48.94284  -16.48621     5.8887     5.8887 -9.990e-29
    309.333       7425      6.562    15.5247    15.5727   4.393303   4.398153   48.94284  -16.48621     5.8884     5.8884 -9.990e-29
    309.375       7426      6.572    15.5261    15.5727   4.393434   4.398148   48.94284  -16.48621     5.8881     5.8881 -9.990e-29
    309.417       7427      6.583    15.5274    15.5726   4.393565   4.398140   48.94284  -16.48621     5.8878     5.8878 -9.990e-29
    309.458       7428      6.593    15.5288    15.5726   4.393696   4.398129   48.94284  -16.48621     5.8875     5.8875 -9.990e-29
    309.500       7429      6.604    15.5301    15.5724   4.393827   4.398114   48.94284  -16.48621     5.8872     5.8872 -9.990e-29
    309.542       7430      6.615    15.5315    15.5723   4.393958   4.398095   48.94284  -16.48621     5.8869     5.8869 -9.990e-29
    309.583       7431      6.626    15.5328    15.5721   4.394088   4.398072   48.94284  -16.48621     5.8866     5.8866 -9.990e-29
    309.625       7432      6.637    15.5341    15.5719   4.394219   4.398043   48.94284  -16.48621     5.8863     5.8863 -9.990e-29
    309.667       7433      6.648    15.5355    15.5716   4.394350   4.398010   48.94284  -16.48621     5.8860     5.8860 -9.990e-29
    309.708       7434      6.659    15.5368    15.5713   4.394480   4.397972   48.94284  -16.48621     5.8858     5.8858 -9.990e-29
    309.750       7435      6.671    15.5381    15.5709   4.394610   4.397928   48.94284  -16.48621     5.8855     5.8855 -9.990e-29
    309.792       7436      6.682    15.5394    15.5704   4.394740   4.397877   48.94284  -16.48621     5.8852     5.8852 -9.990e-29
    309.833       7437      6.694    15.5408    15.5699   4.394869   4.397819   48.94284  -16.48621     5.8849     5.8849 -9.990e-29
    309.875       7438      6.706    15.5421    15.5693   4.394999   4.397754   48.94284  -16.48621     5.8847     5.8847 -9.990e-29
    309.917       7439      6.718    15.5434    15.5687   4.395130   4.397682   48.94284  -16.48621     5.8844     5.8844 -9.990e-29
    309.958       7440      6.730    15.5448    15.5680   4.395261   4.397605   48.94284  -16.48621     5.8842     5.8842 -9.990e-29
    310.000       7441      6.742    15.5461    15.5672   4.395394   4.397525   48.94284  -16.48621     5.8840     5.8840 -9.990e-29
    310.042       7442      6.755    15.5475    15.5664   4.395529   4.397443   48.94284  -16.48621     5.8838     5.8838 -9.990e-29
    310.083       7443      6.767    15.5488    15.5656   4.395666   4.397361   48.94284  -16.48621     5.8836     5.8836 -9.990e-29
    310.125       7444      6.780    15.5503    15.5647   4.395806   4.397281   48.94284  -16.48621     5.8834     5.8834 -9.990e-29
    310.167       7445      6.792    15.5517    15.5639   4.395948   4.397200   48.94284  -16.48621     5.8833     5.8833 -9.990e-29
    310.208       7446      6.805    15.5532    15.5631   4.396093   4.397118   48.94284  -16.48621     5.8831     5.8831 -9.990e-29
    310.250       7447      6.818    15.5547    15.5623   4.396241   4.397032   48.94284  -16.48621     5.8830     5.8830 -9.990e-29
    310.292       7448      6.831    15.5562    15.5614   4.396391   4.396942   48.94284  -16.48621     5.8829     5.8829 -9.990e-29
    310.333       7449      6.844    15.5577    15.5605   4.396543   4.396848   48.94284  -16.48621     5.8828     5.8828 -9.990e-29
    310.375       7450      6.857    15.5593    15.5595   4.396696   4.396748   48.94284  -16.48621     5.8827     5.8827 -9.990e-29
    310.417       7451      6.870    15.5609    15.5585   4.396852   4.396643   48.94284  -16.48621     5.8827     5.8827 -9.990e-29
    310.458       7452      6.884    15.5624    15.5574   4.397009   4.396533   48.94284  -16.48621     5.8826     5.8826 -9.990e-29
    310.500       7453      6.897    15.5641    15.5563   4.397168   4.396423   48.94284  -16.48621     5.8826     5.8826 -9.990e-29
    310.542       7454      6.911    15.5657    15.5552   4.397329   4.396315   48.94284  -16.48621     5.8826     5.8826 -9.990e-29
    310.583       7455      6.924    15.5673    15.5541   4.397491   4.396212   48.94284  -16.48621     5.8826     5.8826 -9.990e-29
    310.625       7456      6.938    15.5690    15.5530   4.397655   4.396116   48.94284  -16.48621     5.8826     5.8826 -9.990e-29
    310.667       7457      6.952    15.5707    15.5520   4.397819   4.396027   48.94284  -16.48621     5.8826     5.8826 -9.990e-29
    310.708       7458      6.965    15.5723    15.5510   4.397982   4.395945   48.94284  -16.48621     5.8826     5.8826 -9.990e-29
    310.750       7459      6.979    15.5740    15.5502   4.398144   4.395870   48.94284  -16.48621     5.8826     5.8826 -9.990e-29
    310.792       7460      6.993    15.5756    15.5494   4.398305   4.395802   48.94284  -16.48621     5.8827     5.8827 -9.990e-29
    310.833       7461      7.008    15.5772    15.5486   4.398465   4.395741   48.94284  -16.48621     5.8827     5.8827 -9.990e-29
    310.875       7462      7.022    15.5789    15.5480   4.398628   4.395689   48.94284  -16.48621     5.8828     5.8828 -9.990e-29
    310.917       7463      7.036    15.5805    15.5474   4.398793   4.395644   48.94284  -16.48621     5.8828     5.8828 -9.990e-29
    310.958       7464      7.050    15.5823    15.5469   4.398961   4.395608   48.94284  -16.48621     5.8829     5.8829 -9.990e-29
    311.000       7465      7.065    15.5840    15.5465   4.399134   4.395580   48.94284  -16.48621     5.8829     5.8829 -9.990e-29
    311.042       7466      7.080    15.5858    15.5462   4.399310   4.395561   48.94284  -16.48621     5.8830     5.8830 -9.990e-29
    311.083       7467      7.094    15.5876    15.5460   4.399489   4.395548   48.94284  -16.48621     5.8831     5.8831 -9.990e-29
    311.125       7468      7.109    15.5894    15.5458   4.399670   4.395543   48.94284  -16.48621     5.8831     5.8831 -9.990e-29
    311.167       7469      7.124    15.5913    15.5457   4.399852   4.395543   48.94284  -16.48621     5.8832     5.8832 -9.990e-29
    311.208       7470      7.139    15.5931    15.5457   4.400034   4.395549   48.94284  -16.48621     5.8833     5.8833 -9.990e-29
    311.250       7471      7.154    15.5950    15.5458   4.400214   4.395562   48.94284  -16.48621     5.8834     5.8834 -9.990e-29
    311.292       7472      7.169    15.5968    15.5459   4.400391   4.395581   48.94284  -16.48621     5.8834     5.8834 -9.990e-29
    311.333       7473      7.185    15.5985    15.5460   4.400563   4.395606   48.94284  -16.48621     5.8835     5.8835 -9.990e-29
    311.375       7474      7.200    15.6002    15.5463   4.400730   4.395639   48.94284  -16.48621     5.8836     5.8836 -9.990e-29
    311.417       7475      7.215    15.6018    15.5466   4.400890   4.395678   48.94284  -16.48621     5.8837     5.8837 -9.990e-29
    311.458       7476      7.231    15.6034    15.5470   4.401042   4.395725   48.94284  -16.48621     5.8838     5.8838 -9.990e-29
    311.500       7477      7.247    15.6049    15.5474   4.401187   4.395779   48.94284  -16.48621     5.8840     5.8840 -9.990e-29
    311.542       7478      7.262    15.6063    15.5480   4.401324   4.395842   48.94284  -16.48621     5.8841     5.8841 -9.990e-29
    311.583       7479      7.278    15.6076    15.5486   4.401454   4.395912   48.94284  -16.48621     5.8842     5.8842 -9.990e-29
    311.625       7480      7.294    15.6088    15.5493   4.401575   4.395991   48.94284  -16.48621     5.8844     5.8844 -9.990e-29
    311.667       7481      7.310    15.6100    15.5501   4.401690   4.396077   48.94284  -16.48621     5.8845     5.8845 -9.990e-29
    311.708       7482      7.326    15.6111    15.5510   4.401797   4.396173   48.94284  -16.48621     5.8847     5.8847 -9.990e-29
    311.750       7483      7.342    15.6121    15.5519   4.401897   4.396278   48.94284  -16.48621     5.8848     5.8848 -9.990e-29
    311.792       7484      7.359    15.6130    15.5530   4.401992   4.396393   48.94284  -16.48621     5.8850     5.8850 -9.990e-29
    311.833       7485      7.375    15.6139    15.5542   4.402081   4.396518   48.94284  -16.48621     5.8851     5.8851 -9.990e-29
    311.875       7486      7.391    15.6147    15.5554   4.402165   4.396652   48.94284  -16.48621     5.8853     5.8853 -9.990e-29
    311.917       7487      7.408    15.6155    15.5568   4.402244   4.396794   48.94284  -16.48621     5.8855     5.8855 -9.990e-29
    311.958       7488      7.424    15.6162    15.5582   4.402317   4.396943   48.94284  -16.48621     5.8856     5.8856 -9.990e-29
    312.000       7489      7.441    15.6169    15.5597   4.402385   4.397095   48.94284  -16.48621     5.8858     5.8858 -9.990e-29
    312.042       7490      7.458    15.6175    15.5613   4.402446   4.397247   48.94284  -16.48621     5.8860     5.8860 -9.990e-29
    312.083       7491      7.474    15.6181    15.5628   4.402502   4.397395   48.94284  -16.48621     5.8862     5.8862 -9.990e-29
    312.125       7492      7.491    15.6185    15.5643   4.402552   4.397537   48.94284  -16.48621     5.8863     5.8863 -9.990e-29
    312.167       7493      7.508    15.6189    15.5658   4.402594   4.397671   48.94284  -16.48621     5.8865     5.8865 -9.990e-29
    312.208       7494      7.525    15.6193    15.5671   4.402628   4.397797   48.94284  -16.48621     5.8867     5.8867 -9.990e-29
    312.250       7495      7.542    15.6195    15.5684   4.402655   4.397915   48.94284  -16.48621     5.8869     5.8869 -9.990e-29
    312.292       7496      7.559    15.6197    15.5696   4.402673   4.398024   48.94284  -16.48621     5.8871     5.8871 -9.990e-29
    312.333       7497      7.577    15.6197    15.5708   4.402682   4.398125   48.94284  -16.48621     5.8873     5.8873 -9.990e-29
    312.375       7498      7.594    15.6197    15.5718   4.402682   4.398218   48.94284  -16.48621     5.8875     5.8875 -9.990e-29
    312.417       7499      7.611    15.6196    15.5728   4.402674   4.398303   48.94284  -16.48621     5.8877     5.8877 -9.990e-29
    312.458       7500      7.629    15.6194    15.5736   4.402658   4.398380   48.94284  -16.48621     5.8879     5.8879 -9.990e-29
    312.500       7501      7.646    15.6191    15.5744   4.402636   4.398448   48.94284  -16.48621     5.8882     5.8882 -9.990e-29
    312.542       7502      7.664    15.6188    15.5751   4.402608   4.398508   48.94284  -16.48621     5.8884     5.8884 -9.990e-29
    312.583       7503      7.682    15.6185    15.5758   4.402579   4.398562   48.94284  -16.48621     5.8886     5.8886 -9.990e-29
    312.625       7504      7.699    15.6181    15.5763   4.402549   4.398610   48.94284  -16.48621     5.8888     5.8888 -9.990e-29
    312.667       7505      7.717    15.6178    15.5768   4.402521   4.398652   48.94284  -16.48621     5.8891     5.8891 -9.990e-29
    312.708       7506      7.735    15.6175    15.5772   4.402495   4.398690   48.94284  -16.48621     5.8893     5.8893 -9.990e-29
    312.750       7507      7.753    15.6172    15.5776   4.402471   4.398723   48.94284  -16.48621     5.8896     5.8896 -9.990e-29
    312.792       7508      7.771    15.6169    15.5780   4.402449   4.398752   48.94284  -16.48621     5.8898     5.8898 -9.990e-29
    312.833       7509      7.789    15.6167    15.5782   4.402427   4.398777   48.94284  -16.48621     5.8901     5.8901 -9.990e-29
    312.875       7510      7.807    15.6164    15.5785   4.402404   4.398798   48.94284  -16.48621     5.8904     5.8904 -9.990e-29
    312.917       7511      7.825    15.6161    15.5787   4.402380   4.398812   48.94284  -16.48621     5.8907     5.8907 -9.990e-29
    312.958       7512      7.844    15.6158    15.5788   4.402356   4.398821   48.94284  -16.48621     5.8909     5.8909 -9.990e-29
    313.000       7513      7.862    15.6155    15.5789   4.402330   4.398822   48.94284  -16.48621     5.8912     5.8912 -9.990e-29
    313.042       7514      7.881    15.6152    15.5789   4.402301   4.398815   48.94284  -16.48621     5.8915     5.8915 -9.990e-29
    313.083       7515      7.899    15.6149    15.5788   4.402267   4.398799   48.94284  -16.48621     5.8918     5.8918 -9.990e-29
    313.125       7516      7.917    15.6144    15.5786   4.402226   4.398773   48.94284  -16.48621     5.8921     5.8921 -9.990e-29
    313.167       7517      7.936    15.6139    15.5784   4.402177   4.398735   48.94284  -16.48621     5.8925     5.8925 -9.990e-29
    313.208       7518      7.955    15.6133    15.5780   4.402119   4.398686   48.94284  -16.48621     5.8928     5.8928 -9.990e-29
