Data_example/SBE_Data_Processed/DY103/SeaBird/Data/Batch/DY103_CTD04c.cnv
* Sea-Bird SBE 9 Data File:
* FileName = C:\Users\sandm\Documents\Cruises\DY103\Data\CTD Raw Data\DY103_CTD04.hex
* Software Version Seasave V 7.26.7.121
* Temperature SN = 03P-4814
* Conductivity SN = 04C-2165
* Number of Bytes Per Scan = 41
* Number of Voltage Words = 4
* Number of Scans Averaged by the Deck Unit = 1
* NMEA Latitude = 48 56.57 N
* NMEA Longitude = 016 29.17 W
* NMEA UTC (Time) = Jun 29 2019  16:14:22
** Ship: RRS Discovery
** Cruise: DY103
** Cast: 04
** Station:
** Julian Day: 180
** Date: 29/06/19
** Time: 16:15
** Latitude: 48 56.57'N
** Longitude: 16 29.18'W
** Depth (uncorr m): 4809
** Principal Scientist: S Hartman
** Operator: J Wynar/T Powell
# nquan = 12
# nvalues = 28823                                 
# units = specified
# name 0 = timeS: Time, Elapsed [seconds]
# name 1 = scan: Scan Count
# name 2 = prDM: Pressure, Digiquartz [db]
# name 3 = t090C: Temperature [ITS-90, deg C]
# name 4 = t190C: Temperature, 2 [ITS-90, deg C]
# name 5 = c0S/m: Conductivity [S/m]
# name 6 = c1S/m: Conductivity, 2 [S/m]
# name 7 = latitude: Latitude [deg]
# name 8 = longitude: Longitude [deg]
# name 9 = sbeox0ML/L: Oxygen, SBE 43 [ml/l]
# name 10 = sbeox0ML/L: Oxygen, SBE 43 [ml/l]
# name 11 = flag:  0.000e+00
# span 0 =     12.500,   1213.417                 
# span 1 =        301,      29123                 
# span 2 =      0.297,    105.552                 
# span 3 =    11.6005,    17.2336                 
# span 4 =    11.6010,    17.3950                 
# span 5 =   0.026311,   4.459184                 
# span 6 =   0.014756,   4.476526                 
# span 7 =   48.94282,   48.94284                 
# span 8 =  -16.48624,  -16.48616                 
# span 9 =     3.6809,     6.4016                 
# span 10 =     3.6809,     6.4016                
# span 11 = 0.0000e+00, 0.0000e+00                
# interval = seconds: 0.0416667
# start_time = Jun 29 2019 16:14:23 [System UTC, first data scan.]
# bad_flag = -9.990e-29
*END*
[from data line 22858]
    964.917      23159    104.467    11.6200    11.6203   4.016587   4.016803   48.94284  -16.48616     5.6638     5.6638  0.000e+00
    964.958      23160    104.497    11.6199    11.6207   4.016613   4.016770   48.94284  -16.48616     5.6637     5.6637  0.000e+00
    965.000      23161    104.536    11.6197    11.6204   4.016568   4.016763   48.94284  -16.48616     5.6635     5.6635  0.000e+00
    965.042      23162    104.536    11.6199    11.6204   4.016607   4.016744   48.94284  -16.48616     5.6633     5.6633  0.000e+00
    965.083      23163    104.536    11.6198    11.6204   4.016594   4.016731   48.94284  -16.48622     5.6630     5.6630  0.000e+00
    965.125      23164    104.497    11.6199    11.6204   4.016606   4.016750   48.94284  -16.48622     5.6627     5.6627  0.000e+00
    965.167      23165    104.536    11.6198    11.6203   4.016594   4.016744   48.94284  -16.48622     5.6625     5.6625  0.000e+00
    965.208      23166    104.536    11.6197    11.6202   4.016613   4.016757   48.94284  -16.48622     5.6622     5.6622  0.000e+00
    965.250      23167    104.606    11.6198    11.6202   4.016619   4.016770   48.94284  -16.48622     5.6619     5.6619  0.000e+00
    965.292      23168    104.536    11.6197    11.6202   4.016619   4.016737   48.94284  -16.48622     5.6616     5.6616  0.000e+00
    965.333      23169    104.566    11.6202    11.6201   4.016568   4.016750   48.94284  -16.48622     5.6616     5.6616  0.000e+00
    965.375      23170    104.606    11.6197    11.6201   4.016575   4.016744   48.94284  -16.48622     5.6614     5.6614  0.000e+00
    965.417      23171    104.685    11.6200    11.6201   4.016562   4.016731   48.94284  -16.48622     5.6610     5.6610  0.000e+00
    965.458      23172    104.606    11.6199    11.6202   4.016600   4.016750   48.94284  -16.48622     5.6572     5.6572  0.000e+00
    965.500      23173    104.566    11.6197    11.6201   4.016619   4.016718   48.94284  -16.48622     5.6568     5.6568  0.000e+00
    965.542      23174    104.685    11.6198    11.6201   4.016594   4.016724   48.94284  -16.48622     5.6604     5.6604  0.000e+00
    965.583      23175    104.685    11.6196    11.6201   4.016613   4.016711   48.94284  -16.48622     5.6567     5.6567  0.000e+00
    965.625      23176    104.685    11.6200    11.6201   4.016594   4.016744   48.94284  -16.48622     5.6563     5.6563  0.000e+00
    965.667      23177    104.606    11.6199    11.6201   4.016638   4.016711   48.94284  -16.48622     5.6560     5.6560  0.000e+00
    965.708      23178    104.715    11.6197    11.6201   4.016600   4.016757   48.94284  -16.48622     5.6592     5.6592  0.000e+00
    965.750      23179    104.754    11.6199    11.6199   4.016587   4.016737   48.94284  -16.48622     5.6555     5.6555  0.000e+00
    965.792      23180    104.685    11.6198    11.6201   4.016587   4.016750   48.94284  -16.48622     5.6552     5.6552  0.000e+00
    965.833      23181    104.754    11.6197    11.6201   4.016587   4.016718   48.94284  -16.48622     5.6550     5.6550  0.000e+00
    965.875      23182    104.715    11.6200    11.6202   4.016587   4.016724   48.94284  -16.48622     5.6547     5.6547  0.000e+00
    965.917      23183    104.754    11.6199    11.6199   4.016613   4.016750   48.94284  -16.48616     5.6583     5.6583  0.000e+00
    965.958      23184    104.824    11.6198    11.6201   4.016594   4.016718   48.94284  -16.48616     5.6548     5.6548  0.000e+00
    966.000      23185    104.754    11.6199    11.6199   4.016587   4.016744   48.94284  -16.48616     5.6545     5.6545  0.000e+00
    966.042      23186    104.715    11.6198    11.6199   4.016562   4.016744   48.94284  -16.48616     5.6543     5.6543  0.000e+00
    966.083      23187    104.824    11.6197    11.6201   4.016575   4.016731   48.94284  -16.48622     5.6542     5.6542  0.000e+00
    966.125      23188    104.754    11.6197    11.6201   4.016587   4.016731   48.94284  -16.48622     5.6540     5.6540  0.000e+00
    966.167      23189    104.824    11.6198    11.6201   4.016587   4.016790   48.94284  -16.48622     5.6539     5.6539  0.000e+00
    966.208      23190    104.824    11.6196    11.6201   4.016613   4.016724   48.94284  -16.48622     5.6538     5.6538  0.000e+00
    966.250      23191    104.784    11.6198    11.6201   4.016594   4.016718   48.94284  -16.48622     5.6575     5.6575  0.000e+00
    966.292      23192    104.824    11.6197    11.6201   4.016607   4.016711   48.94284  -16.48622     5.6540     5.6540  0.000e+00
    966.333      23193    104.903    11.6198    11.6202   4.016594   4.016744   48.94284  -16.48622     5.6539     5.6539  0.000e+00
    966.375      23194    104.824    11.6197    11.6201   4.016556   4.016744   48.94284  -16.48622     5.6538     5.6538  0.000e+00
    966.417      23195    104.863    11.6197    11.6199   4.016575   4.016731   48.94284  -16.48622     5.6576     5.6576  0.000e+00
    966.458      23196    104.903    11.6196    11.6201   4.016562   4.016731   48.94284  -16.48622     5.6542     5.6542  0.000e+00
    966.500      23197    104.824    11.6197    11.6201   4.016600   4.016731   48.94284  -16.48622     5.6541     5.6541  0.000e+00
    966.542      23198    104.903    11.6194    11.6201   4.016619   4.016705   48.94284  -16.48622     5.6542     5.6542  0.000e+00
    966.583      23199    104.754    11.6197    11.6201   4.016594   4.016718   48.94284  -16.48622     5.6540     5.6540  0.000e+00
    966.625      23200    105.002    11.6197    11.6201   4.016588   4.016764   48.94284  -16.48622     5.6542     5.6542  0.000e+00
    966.667      23201    104.824    11.6195    11.6197   4.016562   4.016737   48.94284  -16.48622     5.6537     5.6537  0.000e+00
    966.708      23202    104.972    11.6197    11.6201   4.016575   4.016731   48.94284  -16.48622     5.6539     5.6539  0.000e+00
    966.750      23203    104.824    11.6196    11.6196   4.016613   4.016711   48.94284  -16.48622     5.6576     5.6576  0.000e+00
    966.792      23204    104.933    11.6197    11.6201   4.016626   4.016744   48.94284  -16.48622     5.6582     5.6582  0.000e+00
    966.833      23205    104.903    11.6194    11.6197   4.016594   4.016718   48.94284  -16.48622     5.6548     5.6548  0.000e+00
    966.875      23206    104.903    11.6195    11.6197   4.016562   4.016744   48.94284  -16.48622     5.6587     5.6587  0.000e+00
    966.917      23207    104.903    11.6197    11.6201   4.016600   4.016738   48.94284  -16.48616     5.6549     5.6549  0.000e+00
    966.958      23208    104.933    11.6197    11.6199   4.016619   4.016731   48.94284  -16.48616     5.6588     5.6588  0.000e+00
    967.000      23209    104.903    11.6197    11.6201   4.016568   4.016731   48.94284  -16.48616     5.6555     5.6555  0.000e+00
    967.042      23210    104.903    11.6197    11.6199   4.016575   4.016731   48.94284  -16.48616     5.6556     5.6556  0.000e+00
    967.083      23211    104.972    11.6196    11.6199   4.016588   4.016731   48.94284  -16.48622     5.6557     5.6557  0.000e+00
    967.125      23212    104.754    11.6198    11.6201   4.016607   4.016731   48.94284  -16.48622     5.6557     5.6557  0.000e+00
    967.167      23213    105.002    11.6197    11.6199   4.016619   4.016705   48.94284  -16.48622     5.6560     5.6560  0.000e+00
    967.208      23214    104.903    11.6198    11.6199   4.016626   4.016724   48.94284  -16.48622     5.6561     5.6561  0.000e+00
    967.250      23215    104.972    11.6198    11.6201   4.016619   4.016731   48.94284  -16.48622     5.6563     5.6563  0.000e+00
    967.292      23216    104.903    11.6197    11.6201   4.016619   4.016711   48.94284  -16.48622     5.6564     5.6564  0.000e+00
    967.333      23217    104.863    11.6197    11.6199   4.016619   4.016724   48.94284  -16.48622     5.6566     5.6566  0.000e+00
    967.375      23218    104.903    11.6199    11.6202   4.016645   4.016705   48.94284  -16.48622     5.6607     5.6607  0.000e+00
    967.417      23219    104.903    11.6195    11.6201   4.016632   4.016698   48.94284  -16.48622     5.6614     5.6614  0.000e+00
    967.458      23220    104.903    11.6197    11.6202   4.016594   4.016724   48.94284  -16.48622     5.6620     5.6620  0.000e+00
    967.500      23221    104.863    11.6197    11.6201   4.016587   4.016731   48.94284  -16.48622     5.6622     5.6622  0.000e+00
    967.542      23222    104.903    11.6199    11.6201   4.016607   4.016731   48.94284  -16.48622     5.6624     5.6624  0.000e+00
    967.583      23223    104.903    11.6198    11.6201   4.016568   4.016731   48.94284  -16.48622     5.6630     5.6630  0.000e+00
    967.625      23224    104.903    11.6197    11.6199   4.016607   4.016711   48.94284  -16.48622     5.6632     5.6632  0.000e+00
    967.667      23225    104.754    11.6198    11.6201   4.016594   4.016698   48.94284  -16.48622     5.6632     5.6632  0.000e+00
    967.708      23226    105.002    11.6197    11.6201   4.016588   4.016698   48.94284  -16.48622     5.6635     5.6635  0.000e+00
    967.750      23227    104.824    11.6198    11.6202   4.016587   4.016724   48.94284  -16.48622     5.6640     5.6640  0.000e+00
    967.792      23228    104.903    11.6198    11.6201   4.016607   4.016705   48.94284  -16.48622     5.6641     5.6641  0.000e+00
    967.833      23229    104.824    11.6196    11.6201   4.016619   4.016718   48.94284  -16.48622     5.6642     5.6642  0.000e+00
    967.875      23230    104.933    11.6200    11.6199   4.016619   4.016711   48.94284  -16.48622     5.6643     5.6643  0.000e+00
    967.917      23231    104.754    11.6197    11.6202   4.016594   4.016724   48.94284  -16.48616     5.6643     5.6643  0.000e+00
    967.958      23232    104.903    11.6200    11.6201   4.016613   4.016731   48.94284  -16.48616     5.6649     5.6649  0.000e+00
    968.000      23233    104.824    11.6199    11.6201   4.016645   4.016764   48.94284  -16.48616     5.6649     5.6649  0.000e+00
    968.042      23234    104.863    11.6200    11.6202   4.016600   4.016718   48.94284  -16.48616     5.6649     5.6649  0.000e+00
    968.083      23235    104.824    11.6201    11.6202   4.016587   4.016724   48.94284  -16.48622     5.6649     5.6649  0.000e+00
    968.125      23236    104.824    11.6197    11.6204   4.016587   4.016731   48.94284  -16.48622     5.6611     5.6611  0.000e+00
    968.167      23237    104.824    11.6199    11.6202   4.016639   4.016751   48.94284  -16.48622     5.6645     5.6645  0.000e+00
    968.208      23238    104.754    11.6200    11.6202   4.016600   4.016744   48.94284  -16.48622     5.6644     5.6644  0.000e+00
    968.250      23239    104.863    11.6199    11.6202   4.016587   4.016757   48.94284  -16.48622     5.6645     5.6645  0.000e+00
    968.292      23240    104.754    11.6198    11.6199   4.016587   4.016711   48.94284  -16.48622     5.6648     5.6648  0.000e+00
    968.333      23241    104.824    11.6201    11.6203   4.016613   4.016724   48.94284  -16.48622     5.6648     5.6648  0.000e+00
    968.375      23242    104.754    11.6198    11.6202   4.016626   4.016731   48.94284  -16.48622     5.6647     5.6647  0.000e+00
    968.417      23243    104.784    11.6198    11.6199   4.016619   4.016731   48.94284  -16.48622     5.6646     5.6646  0.000e+00
    968.458      23244    104.754    11.6199    11.6202   4.016594   4.016731   48.94284  -16.48622     5.6649     5.6649  0.000e+00
    968.500      23245    104.754    11.6198    11.6202   4.016607   4.016750   48.94284  -16.48622     5.6648     5.6648  0.000e+00
    968.542      23246    104.824    11.6197    11.6201   4.016594   4.016770   48.94284  -16.48622     5.6648     5.6648  0.000e+00
    968.583      23247    104.715    11.6198    11.6201   4.016587   4.016763   48.94284  -16.48622     5.6645     5.6645  0.000e+00
    968.625      23248    104.754    11.6199    11.6201   4.016607   4.016737   48.94284  -16.48622     5.6644     5.6644  0.000e+00
    968.667      23249    104.754    11.6198    11.6201   4.016594   4.016731   48.94284  -16.48622     5.6642     5.6642  0.000e+00
    968.708      23250    104.754    11.6197    11.6201   4.016607   4.016757   48.94284  -16.48622     5.6640     5.6640  0.000e+00
    968.750      23251    104.685    11.6198    11.6201   4.016594   4.016737   48.94284  -16.48622     5.6638     5.6638  0.000e+00
    968.792      23252    104.784    11.6197    11.6201   4.016587   4.016731   48.94284  -16.48622     5.6641     5.6641  0.000e+00
    968.833      23253    104.754    11.6200    11.6201   4.016607   4.016731   48.94284  -16.48622     5.6642     5.6642  0.000e+00
    968.875      23254    104.685    11.6197    11.6202   4.016619   4.016731   48.94284  -16.48622     5.6601     5.6601  0.000e+00
    968.917      23255    104.754    11.6198    11.6202   4.016594   4.016731   48.94284  -16.48616     5.6638     5.6638  0.000e+00
    968.958      23256    104.715    11.6198    11.6201   4.016555   4.016705   48.94284  -16.48616     5.6597     5.6597  0.000e+00
    969.000      23257    104.685    11.6197    11.6201   4.016607   4.016724   48.94284  -16.48616     5.6595     5.6595  0.000e+00
    969.042      23258    104.754    11.6197    11.6201   4.016619   4.016757   48.94284  -16.48616     5.6628     5.6628  0.000e+00
    969.083      23259    104.685    11.6199    11.6201   4.016594   4.016711   48.94284  -16.48622     5.6586     5.6586  0.000e+00
    969.125      23260    104.715    11.6198    11.6202   4.016587   4.016724   48.94284  -16.48622     5.6619     5.6619  0.000e+00
    969.167      23261    104.685    11.6199    11.6201   4.016639   4.016731   48.94284  -16.48622     5.6577     5.6577  0.000e+00
    969.208      23262    104.685    11.6200    11.6201   4.016632   4.016731   48.94284  -16.48622     5.6571     5.6571  0.000e+00
    969.250      23263    104.754    11.6197    11.6201   4.016619   4.016731   48.94284  -16.48622     5.6565     5.6565  0.000e+00
    969.292      23264    104.685    11.6198    11.6199   4.016568   4.016757   48.94284  -16.48622     5.6596     5.6596  0.000e+00
    969.333      23265    104.715    11.6197    11.6201   4.016607   4.016744   48.94284  -16.48622     5.6594     5.6594  0.000e+00
    969.375      23266    104.685    11.6198    11.6199   4.016594   4.016731   48.94284  -16.48622     5.6552     5.6552  0.000e+00
    969.417      23267    104.685    11.6199    11.6199   4.016613   4.016731   48.94284  -16.48622     5.6511     5.6511  0.000e+00
    969.458      23268    104.754    11.6200    11.6201   4.016568   4.016731   48.94284  -16.48622     5.6544     5.6544  0.000e+00
    969.500      23269    104.645    11.6199    11.6201   4.016575   4.016731   48.94284  -16.48622     5.6541     5.6541  0.000e+00
    969.542      23270    104.685    11.6200    11.6201   4.016613   4.016731   48.94284  -16.48622     5.6501     5.6501  0.000e+00
    969.583      23271    104.685    11.6198    11.6201   4.016568   4.016711   48.94284  -16.48622     5.6495     5.6495  0.000e+00
    969.625      23272    104.754    11.6199    11.6201   4.016549   4.016724   48.94284  -16.48622     5.6490     5.6490  0.000e+00
    969.667      23273    104.685    11.6198    11.6201   4.016575   4.016711   48.94284  -16.48622     5.6523     5.6523  0.000e+00
    969.708      23274    104.715    11.6201    11.6201   4.016613   4.016698   48.94284  -16.48622     5.6522     5.6522  0.000e+00
    969.750      23275    104.754    11.6200    11.6201   4.016594   4.016744   48.94284  -16.48622     5.6522     5.6522  0.000e+00
    969.792      23276    104.685    11.6199    11.6204   4.016587   4.016770   48.94284  -16.48622     5.6483     5.6483  0.000e+00
    969.833      23277    104.685    11.6198    11.6201   4.016587   4.016737   48.94284  -16.48622     5.6479     5.6479  0.000e+00
