Data_example/SBE_Data_Processed/DY103/SeaBird/Data/Batch/DY103_CTD09cf.cnv
* Sea-Bird SBE 9 Data File:
* FileName = C:\Users\sandm\Documents\Cruises\DY103\Data\CTD Raw Data\DY103_CTD09.hex
* Software Version Seasave V 7.26.7.121
* Temperature SN = 03P-4814
* Conductivity SN = 04C-2165
* Number of Bytes Per Scan = 41
* Number of Voltage Words = 4
* Number of Scans Averaged by the Deck Unit = 1
* NMEA Latitude = 48 57.69 N
* NMEA Longitude = 016 22.45 W
* NMEA UTC (Time) = Jul 03 2019  15:13:00
** Ship: RRS Discovery
** Cruise: DY103
** Cast: 09
** Station:
** Julian Day: 184
** Date: 03/07/19
** Time: 15:20
** Latitude: 48 57.69'N
** Longitude: 16 22.45'W
** Depth (uncorr m): 4811
** Principal Scientist: S Hartman
** Operator: J Wynar/T Powell
# nquan = 12
# nvalues = 12004                       
# units = specified
# name 0 = timeS: Time, Elapsed [seconds]
# name 1 = scan: Scan Count
# name 2 = prDM: Pressure, Digiquartz [db]
# name 3 = t090C: Temperature [ITS-90, deg C]
# name 4 = t190C: Temperature, 2 [ITS-90, deg C]
# name 5 = c0S/m: Conductivity [S/m]
# name 6 = c1S/m: Conductivity, 2 [S/m]
# name 7 = latitude: Latitude [deg]
# name 8 = longitude: Longitude [deg]
# name 9 = sbeox0ML/L: Oxygen, SBE 43 [ml/l]
# name 10 = sbeox0ML/L: Oxygen, SBE 43 [ml/l]
# name 11 = flag:  0.000e+00
# span 0 =     12.500,    512.625       
# span 1 =        301,      12304       
# span 2 =      0.618,    102.617       
# span 3 =    12.0859,    17.1790       
# span 4 =    12.0854,    19.1483       
# span 5 =   0.004298,   4.483840       
# span 6 =   0.000657,   4.487550       
# span 7 =   48.96148,   48.96148       
# span 8 =  -16.37420,  -16.37419       
# span 9 =     3.8839,     7.1089       
# span 10 =     3.8839,     7.1089      
# span 11 = 0.0000e+00, 0.0000e+00      
# interval = seconds: 0.0416667
# start_time = Jul 03 2019 15:13:01 [System UTC, first data scan.]
# bad_flag = -9.990e-29
*END*
[from data line 843]
     47.625       1144      0.707    16.6063    19.1249   0.004533   0.002861   48.96148  -16.37419     6.5586     6.5586 0.0000e+00
     47.667       1145      0.707    16.6075    19.1252   0.004538   0.002955   48.96148  -16.37419     6.5598     6.5598 0.0000e+00
     47.708       1146      0.707    16.6088    19.1255   0.004544   0.003052   48.96148  -16.37419     6.5609     6.5609 0.0000e+00
     47.750       1147      0.707    16.6100    19.1258   0.004549   0.003154   48.96148  -16.37419     6.5620     6.5620 0.0000e+00
     47.792       1148      0.707    16.6113    19.1261   0.004555   0.003260   48.96148  -16.37419     6.5631     6.5631 0.0000e+00
     47.833       1149      0.707    16.6126    19.1263   0.004560   0.003370   48.96148  -16.37419     6.5641     6.5641 0.0000e+00
     47.875       1150      0.707    16.6139    19.1266   0.004566   0.003486   48.96148  -16.37419     6.5651     6.5651 0.0000e+00
     47.917       1151      0.707    16.6153    19.1268   0.004573   0.003606   48.96148  -16.37419     6.5661     6.5661 0.0000e+00
     47.958       1152      0.706    16.6166    19.1270   0.004579   0.003731   48.96148  -16.37419     6.5671     6.5671 0.0000e+00
     48.000       1153      0.706    16.6180    19.1273   0.004586   0.003861   48.96148  -16.37419     6.5680     6.5680 0.0000e+00
     48.042       1154      0.706    16.6194    19.1275   0.004593   0.003997   48.96148  -16.37419     6.5689     6.5689 0.0000e+00
     48.083       1155      0.706    16.6208    19.1277   0.004600   0.004137   48.96148  -16.37419     6.5698     6.5698 0.0000e+00
     48.125       1156      0.706    16.6223    19.1279   0.004607   0.004276   48.96148  -16.37419     6.5707     6.5707 0.0000e+00
     48.167       1157      0.706    16.6237    19.1280   0.004612   0.004410   48.96148  -16.37419     6.5715     6.5715 0.0000e+00
     48.208       1158      0.706    16.6252    19.1282   0.004617   0.004539   48.96148  -16.37419     6.5723     6.5723 0.0000e+00
     48.250       1159      0.706    16.6267    19.1283   0.004621   0.004663   48.96148  -16.37419     6.5731     6.5731 0.0000e+00
     48.292       1160      0.705    16.6282    19.1285   0.004624   0.004781   48.96148  -16.37419     6.5738     6.5738 0.0000e+00
     48.333       1161      0.705    16.6297    19.1286   0.004626   0.004894   48.96148  -16.37419     6.5746     6.5746 0.0000e+00
     48.375       1162      0.705    16.6313    19.1287   0.004628   0.005002   48.96148  -16.37419     6.5753     6.5753 0.0000e+00
     48.417       1163      0.705    16.6328    19.1288   0.004630   0.005105   48.96148  -16.37419     6.5760     6.5760 0.0000e+00
     48.458       1164      0.705    16.6343    19.1289   0.004632   0.005203   48.96148  -16.37419     6.5767     6.5767 0.0000e+00
     48.500       1165      0.705    16.6359    19.1290   0.004634   0.005297   48.96148  -16.37419     6.5774     6.5774 0.0000e+00
     48.542       1166      0.705    16.6374    19.1291   0.004636   0.005386   48.96148  -16.37419     6.5780     6.5780 0.0000e+00
     48.583       1167      0.705    16.6390    19.1292   0.004638   0.005470   48.96148  -16.37419     6.5786     6.5786 0.0000e+00
     48.625       1168      0.705    16.6406    19.1292   0.004640   0.005549   48.96148  -16.37419     6.5792     6.5792 0.0000e+00
     48.667       1169      0.705    16.6421    19.1293   0.004642   0.005621   48.96148  -16.37419     6.5798     6.5798 0.0000e+00
     48.708       1170      0.705    16.6437    19.1293   0.004645   0.005686   48.96148  -16.37419     6.5803     6.5803 0.0000e+00
     48.750       1171      0.705    16.6452    19.1293   0.004647   0.005745   48.96148  -16.37419     6.5808     6.5808 0.0000e+00
     48.792       1172      0.704    16.6467    19.1293   0.004650   0.005797   48.96148  -16.37419     6.5813     6.5813 0.0000e+00
     48.833       1173      0.704    16.6483    19.1293   0.004653   0.005843   48.96148  -16.37419     6.5818     6.5818 0.0000e+00
     48.875       1174      0.704    16.6498    19.1292   0.004656   0.005882   48.96148  -16.37419     6.5823     6.5823 0.0000e+00
     48.917       1175      0.704    16.6513    19.1292   0.004659   0.005917   48.96148  -16.37419     6.5827     6.5827 0.0000e+00
     48.958       1176      0.704    16.6527    19.1291   0.004662   0.005945   48.96148  -16.37419     6.5832     6.5832 0.0000e+00
     49.000       1177      0.704    16.6542    19.1290   0.004665   0.005969   48.96148  -16.37419     6.5836     6.5836 0.0000e+00
     49.042       1178      0.703    16.6556    19.1288   0.004668   0.005989   48.96148  -16.37419     6.5841     6.5841 0.0000e+00
     49.083       1179      0.703    16.6570    19.1286   0.004672   0.006004   48.96148  -16.37419     6.5846     6.5846 0.0000e+00
     49.125       1180      0.703    16.6584    19.1284   0.004675   0.006015   48.96148  -16.37419     6.5850     6.5850 0.0000e+00
     49.167       1181      0.703    16.6598    19.1282   0.004678   0.006022   48.96148  -16.37419     6.5855     6.5855 0.0000e+00
     49.208       1182      0.703    16.6611    19.1279   0.004682   0.006023   48.96148  -16.37419     6.5861     6.5861 0.0000e+00
     49.250       1183      0.703    16.6624    19.1276   0.004685   0.006016   48.96148  -16.37419     6.5866     6.5866 0.0000e+00
     49.292       1184      0.702    16.6637    19.1273   0.004689   0.005998   48.96148  -16.37419     6.5872     6.5872 0.0000e+00
     49.333       1185      0.702    16.6650    19.1269   0.004692   0.005968   48.96148  -16.37419     6.5879     6.5879 0.0000e+00
     49.375       1186      0.702    16.6662    19.1265   0.004696   0.005923   48.96148  -16.37419     6.5886     6.5886 0.0000e+00
     49.417       1187      0.702    16.6673    19.1260   0.004699   0.005864   48.96148  -16.37419     6.5893     6.5893 0.0000e+00
     49.458       1188      0.702    16.6685    19.1255   0.004702   0.005790   48.96148  -16.37419     6.5900     6.5900 0.0000e+00
     49.500       1189      0.702    16.6695    19.1250   0.004705   0.005703   48.96148  -16.37419     6.5907     6.5907 0.0000e+00
     49.542       1190      0.702    16.6706    19.1244   0.004708   0.005607   48.96148  -16.37419     6.5915     6.5915 0.0000e+00
     49.583       1191      0.702    16.6716    19.1238   0.004711   0.005502   48.96148  -16.37419     6.5922     6.5922 0.0000e+00
     49.625       1192      0.702    16.6726    19.1231   0.004713   0.005390   48.96148  -16.37419     6.5929     6.5929 0.0000e+00
     49.667       1193      0.701    16.6735    19.1223   0.004715   0.005274   48.96148  -16.37419     6.5936     6.5936 0.0000e+00
     49.708       1194      0.701    16.6743    19.1215   0.004716   0.005154   48.96148  -16.37419     6.5942     6.5942 0.0000e+00
     49.750       1195      0.701    16.6752    19.1207   0.004718   0.005033   48.96148  -16.37419     6.5948     6.5948 0.0000e+00
     49.792       1196      0.701    16.6759    19.1198   0.004719   0.004911   48.96148  -16.37419     6.5954     6.5954 0.0000e+00
     49.833       1197      0.701    16.6767    19.1188   0.004719   0.004789   48.96148  -16.37419     6.5959     6.5959 0.0000e+00
     49.875       1198      0.700    16.6773    19.1178   0.004719   0.004668   48.96148  -16.37419     6.5964     6.5964 0.0000e+00
     49.917       1199      0.700    16.6780    19.1168   0.004719   0.004549   48.96148  -16.37419     6.5968     6.5968 0.0000e+00
     49.958       1200      0.700    16.6786    19.1156   0.004719   0.004430   48.96148  -16.37419     6.5972     6.5972 0.0000e+00
     50.000       1201      0.700    16.6791    19.1145   0.004718   0.004314   48.96148  -16.37419     6.5976     6.5976 0.0000e+00
     50.042       1202      0.700    16.6796    19.1133   0.004716   0.004199   48.96148  -16.37419     6.5978     6.5978 0.0000e+00
     50.083       1203      0.699    16.6800    19.1120   0.004715   0.004086   48.96148  -16.37419     6.5981     6.5981 0.0000e+00
     50.125       1204      0.699    16.6804    19.1107   0.004713   0.003975   48.96148  -16.37419     6.5982     6.5982 0.0000e+00
     50.167       1205      0.699    16.6808    19.1094   0.004711   0.003866   48.96148  -16.37419     6.5983     6.5983 0.0000e+00
     50.208       1206      0.699    16.6811    19.1080   0.004709   0.003760   48.96148  -16.37419     6.5983     6.5983 0.0000e+00
     50.250       1207      0.699    16.6813    19.1066   0.004707   0.003658   48.96148  -16.37419     6.5983     6.5983 0.0000e+00
     50.292       1208      0.698    16.6816    19.1052   0.004704   0.003558   48.96148  -16.37419     6.5981     6.5981 0.0000e+00
     50.333       1209      0.698    16.6817    19.1037   0.004702   0.003463   48.96148  -16.37419     6.5979     6.5979 0.0000e+00
     50.375       1210      0.698    16.6819    19.1022   0.004699   0.003371   48.96148  -16.37419     6.5976     6.5976 0.0000e+00
     50.417       1211      0.698    16.6819    19.1007   0.004696   0.003282   48.96148  -16.37419     6.5972     6.5972 0.0000e+00
     50.458       1212      0.698    16.6820    19.0991   0.004692   0.003198   48.96148  -16.37419     6.5967     6.5967 0.0000e+00
     50.500       1213      0.698    16.6820    19.0976   0.004688   0.003117   48.96148  -16.37419     6.5962     6.5962 0.0000e+00
     50.542       1214      0.697    16.6819    19.0961   0.004684   0.003040   48.96148  -16.37419     6.5955     6.5955 0.0000e+00
     50.583       1215      0.697    16.6818    19.0945   0.004679   0.002968   48.96148  -16.37419     6.5947     6.5947 0.0000e+00
     50.625       1216      0.697    16.6817    19.0930   0.004674   0.002899   48.96148  -16.37419     6.5939     6.5939 0.0000e+00
     50.667       1217      0.697    16.6815    19.0916   0.004669   0.002834   48.96148  -16.37419     6.5929     6.5929 0.0000e+00
     50.708       1218      0.697    16.6813    19.0902   0.004664   0.002772   48.96148  -16.37419     6.5918     6.5918 0.0000e+00
     50.750       1219      0.696    16.6810    19.0888   0.004659   0.002713   48.96148  -16.37419     6.5906     6.5906 0.0000e+00
     50.792       1220      0.696    16.6807    19.0876   0.004654   0.002658   48.96148  -16.37419     6.5893     6.5893 0.0000e+00
     50.833       1221      0.696    16.6804    19.0864   0.004648   0.002604   48.96148  -16.37419     6.5879     6.5879 0.0000e+00
     50.875       1222      0.696    16.6800    19.0853   0.004643   0.002553   48.96148  -16.37419     6.5864     6.5864 0.0000e+00
     50.917       1223      0.696    16.6795    19.0843   0.004637   0.002503   48.96148  -16.37419     6.5848     6.5848 0.0000e+00
     50.958       1224      0.696    16.6790    19.0833   0.004631   0.002455   48.96148  -16.37419     6.5831     6.5831 0.0000e+00
     51.000       1225      0.696    16.6785    19.0825   0.004625   0.002409   48.96148  -16.37419     6.5812     6.5812 0.0000e+00
     51.042       1226      0.695    16.6779    19.0817   0.004619   0.002364   48.96148  -16.37419     6.5793     6.5793 0.0000e+00
     51.083       1227      0.695    16.6773    19.0810   0.004612   0.002321   48.96148  -16.37419     6.5772     6.5772 0.0000e+00
     51.125       1228      0.695    16.6766    19.0803   0.004605   0.002281   48.96148  -16.37419     6.5750     6.5750 0.0000e+00
     51.167       1229      0.695    16.6759    19.0796   0.004598   0.002241   48.96148  -16.37419     6.5728     6.5728 0.0000e+00
     51.208       1230      0.695    16.6752    19.0790   0.004591   0.002204   48.96148  -16.37419     6.5704     6.5704 0.0000e+00
     51.250       1231      0.695    16.6744    19.0785   0.004583   0.002168   48.96148  -16.37419     6.5679     6.5679 0.0000e+00
     51.292       1232      0.695    16.6736    19.0779   0.004576   0.002134   48.96148  -16.37419     6.5653     6.5653 0.0000e+00
     51.333       1233      0.695    16.6727    19.0774   0.004569   0.002101   48.96148  -16.37419     6.5627     6.5627 0.0000e+00
     51.375       1234      0.694    16.6719    19.0769   0.004562   0.002069   48.96148  -16.37419     6.5599     6.5599 0.0000e+00
     51.417       1235      0.694    16.6709    19.0764   0.004555   0.002038   48.96148  -16.37419     6.5571     6.5571 0.0000e+00
     51.458       1236      0.694    16.6700    19.0759   0.004548   0.002008   48.96148  -16.37419     6.5542     6.5542 0.0000e+00
     51.500       1237      0.694    16.6690    19.0755   0.004542   0.001978   48.96148  -16.37419     6.5513     6.5513 0.0000e+00
     51.542       1238      0.694    16.6679    19.0750   0.004535   0.001950   48.96148  -16.37419     6.5483     6.5483 0.0000e+00
     51.583       1239      0.694    16.6669    19.0746   0.004529   0.001922   48.96148  -16.37419     6.5452     6.5452 0.0000e+00
     51.625       1240      0.694    16.6658    19.0741   0.004522   0.001896   48.96148  -16.37419     6.5421     6.5421 0.0000e+00
     51.667       1241      0.694    16.6647    19.0737   0.004516   0.001871   48.96148  -16.37419     6.5389     6.5389 0.0000e+00
     51.708       1242      0.693    16.6636    19.0734   0.004510   0.001847   48.96148  -16.37419     6.5357     6.5357 0.0000e+00
     51.750       1243      0.693    16.6624    19.0730   0.004504   0.001823   48.96148  -16.37419     6.5324     6.5324 0.0000e+00
     51.792       1244      0.693    16.6613    19.0727   0.004499   0.001801   48.96148  -16.37419     6.5291     6.5291 0.0000e+00
     51.833       1245      0.693    16.6601    19.0725   0.004493   0.001780   48.96148  -16.37419     6.5257     6.5257 0.0000e+00
     51.875       1246      0.693    16.6590    19.0723   0.004487   0.001759   48.96148  -16.37419     6.5223     6.5223 0.0000e+00
     51.917       1247      0.693    16.6578    19.0721   0.004482   0.001740   48.96148  -16.37419     6.5188     6.5188 0.0000e+00
     51.958       1248      0.693    16.6567    19.0720   0.004477   0.001723   48.96148  -16.37419     6.5153     6.5153 0.0000e+00
     52.000       1249      0.693    16.6555    19.0720   0.004471   0.001707   48.96148  -16.37419     6.5118     6.5118 0.0000e+00
     52.042       1250      0.693    16.6544    19.0720   0.004466   0.001692   48.96148  -16.37419     6.5083     6.5083 0.0000e+00
     52.083       1251      0.693    16.6533    19.0721   0.004461   0.001678   48.96148  -16.37419     6.5047     6.5047 0.0000e+00
     52.125       1252      0.693    16.6522    19.0722   0.004456   0.001664   48.96148  -16.37419     6.5011     6.5011 0.0000e+00
     52.167       1253      0.693    16.6512    19.0723   0.004451   0.001649   48.96148  -16.37419     6.4975     6.4975 0.0000e+00
     52.208       1254      0.693    16.6502    19.0725   0.004446   0.001633   48.96148  -16.37419     6.4939     6.4939 0.0000e+00
     52.250       1255      0.693    16.6492    19.0728   0.004441   0.001615   48.96148  -16.37419     6.4902     6.4902 0.0000e+00
     52.292       1256      0.693    16.6482    19.0731   0.004436   0.001594   48.96148  -16.37419     6.4866     6.4866 0.0000e+00
     52.333       1257      0.693    16.6473    19.0734   0.004430   0.001572   48.96148  -16.37419     6.4830     6.4830 0.0000e+00
     52.375       1258      0.692    16.6465    19.0738   0.004425   0.001549   48.96148  -16.37419     6.4794     6.4794 0.0000e+00
     52.417       1259      0.692    16.6457    19.0742   0.004419   0.001525   48.96148  -16.37419     6.4757     6.4757 0.0000e+00
     52.458       1260      0.692    16.6450    19.0746   0.004414   0.001500   48.96148  -16.37419     6.4722     6.4722 0.0000e+00
     52.500       1261      0.692    16.6443    19.0751   0.004408   0.001475   48.96148  -16.37419     6.4686     6.4686 0.0000e+00
     52.542       1262      0.692    16.6437    19.0756   0.004402   0.001449   48.96148  -16.37419     6.4650     6.4650 0.0000e+00
