Data_example/SBE_Data_Processed/DY103/SeaBird/Data/Batch/DY103_CTD10cfaldb.cnv
* Sea-Bird SBE 9 Data File:
* FileName = C:\Users\sandm\Documents\Cruises\DY103\Data\CTD Raw Data\DY103_CTD10.hex
* Software Version Seasave V 7.26.7.121
* Temperature SN = 03P-4814
* Conductivity SN = 04C-2165
* Number of Bytes Per Scan = 41
* Number of Voltage Words = 4
* Number of Scans Averaged by the Deck Unit = 1
* NMEA Latitude = 49 00.00 N
* NMEA Longitude = 016 30.02 W
* NMEA UTC (Time) = Jul 04 2019  08:26:11
** Ship: RRS Discovery
** Cruise: DY103
** Cast: 10
** Station:
** Julian Day: 185
** Date: 04/07/19
** Time: 08:25
** Latitude: 48 59.99'N
** Longitude: 16 30.01'W
** Depth (uncorr m): 4807
** Principal Scientist: S Hartman
** Operator: J Wynar/T Powell
# nquan = 15
# nvalues = 4923                        
# units = specified
# name 0 = timeS: Time, Elapsed [seconds]
# name 1 = scan: Scan Count
# name 2 = prDM: Pressure, Digiquartz [db]
# name 3 = t090C: Temperature [ITS-90, deg C]
# name 4 = t190C: Temperature, 2 [ITS-90, deg C]
# name 5 = c0S/m: Conductivity [S/m]
# name 6 = c1S/m: Conductivity, 2 [S/m]
# name 7 = latitude: Latitude [deg]
# name 8 = longitude: Longitude [deg]
# name 9 = sbeox0ML/L: Oxygen, SBE 43 [ml/l]
# name 10 = sbeox0ML/L: Oxygen, SBE 43 [ml/l]
# name 11 = sal00: Salinity, Practical [PSU]
# name 12 = sal11: Salinity, Practical, 2 [PSU]
# name 13 = depSM: Depth [salt water, m], lat = 49
# name 14 = flag: flag
# span 0 =     90.254,   5545.194       
# span 1 =       2167,     133086       
# span 2 =      1.000,   4922.000       
# span 3 =     2.5252,    16.2274       
# span 4 =     2.5249,    16.2423       
# span 5 =   3.272610,   4.466184       
# span 6 =   3.272959,   4.467132       
# span 7 =   48.99998,   49.00007       
# span 8 =  -16.50040,  -16.50031       
# span 9 =     3.8025,     6.0460       
# span 10 =     3.8025,     6.0460      
# span 11 =    34.1818,    35.5664      
# span 12 =    32.8275,    35.5687      
# span 13 =      0.992,   4824.673      
# span 14 = 0.0000e+00, 0.0000e+00      
# interval = decibars: 1                
# start_time = Jul 04 2019 08:26:12 [System UTC, first data scan.]
# bad_flag = -9.990e-29
*END*
[from data line 3085]
   3446.180      82709   3086.000     2.8275     2.8278   3.274614   3.274955   48.99998  -16.50032     5.4460     5.4460    34.9398    34.9436   3037.591 0.0000e+00
   3447.156      82733   3087.000     2.8276     2.8278   3.274654   3.274988   48.99998  -16.50032     5.4472     5.4472    34.9397    34.9435   3038.569 0.0000e+00
   3448.147      82757   3088.000     2.8276     2.8278   3.274693   3.275021   48.99998  -16.50032     5.4453     5.4453    34.9398    34.9435   3039.546 0.0000e+00
   3449.141      82780   3089.000     2.8275     2.8276   3.274721   3.275047   48.99998  -16.50032     5.4431     5.4431    34.9397    34.9435   3040.523 0.0000e+00
   3450.120      82804   3090.000     2.8273     2.8275   3.274742   3.275073   48.99998  -16.50032     5.4433     5.4433    34.9397    34.9435   3041.501 0.0000e+00
   3451.066      82827   3091.000     2.8271     2.8274   3.274755   3.275097   48.99998  -16.50032     5.4440     5.4440    34.9397    34.9435   3042.478 0.0000e+00
   3451.972      82848   3092.000     2.8266     2.8271   3.274751   3.275101   48.99998  -16.50032     5.4447     5.4447    34.9397    34.9434   3043.455 0.0000e+00
   3452.852      82869   3093.000     2.8258     2.8263   3.274710   3.275068   48.99998  -16.50032     5.4455     5.4455    34.9397    34.9433   3044.432 0.0000e+00
   3453.735      82891   3094.000     2.8250     2.8255   3.274676   3.275031   48.99998  -16.50032     5.4451     5.4451    34.9396    34.9433   3045.410 0.0000e+00
   3454.662      82913   3095.000     2.8246     2.8250   3.274679   3.275027   48.99998  -16.50032     5.4431     5.4431    34.9396    34.9433   3046.387 0.0000e+00
   3455.664      82937   3096.000     2.8245     2.8249   3.274702   3.275045   48.99998  -16.50032     5.4410     5.4410    34.9396    34.9433   3047.364 0.0000e+00
   3456.712      82962   3097.000     2.8245     2.8248   3.274736   3.275077   48.99998  -16.50032     5.4407     5.4407    34.9395    34.9433   3048.342 0.0000e+00
   3457.713      82986   3098.000     2.8245     2.8248   3.274767   3.275109   48.99998  -16.50032     5.4419     5.4419    34.9395    34.9433   3049.319 0.0000e+00
   3458.631      83008   3099.000     2.8243     2.8246   3.274788   3.275127   48.99998  -16.50032     5.4448     5.4448    34.9395    34.9432   3050.296 0.0000e+00
   3459.494      83029   3100.000     2.8240     2.8243   3.274802   3.275136   48.99998  -16.50032     5.4464     5.4464    34.9395    34.9432   3051.273 0.0000e+00
   3460.348      83049   3101.000     2.8238     2.8240   3.274813   3.275144   48.99998  -16.50032     5.4462     5.4462    34.9395    34.9432   3052.251 0.0000e+00
   3461.236      83071   3102.000     2.8235     2.8237   3.274825   3.275157   48.99998  -16.50032     5.4445     5.4445    34.9395    34.9432   3053.228 0.0000e+00
   3462.198      83094   3103.000     2.8233     2.8235   3.274843   3.275170   48.99998  -16.50032     5.4430     5.4430    34.9394    34.9432   3054.205 0.0000e+00
   3463.221      83118   3104.000     2.8232     2.8232   3.274869   3.275186   48.99998  -16.50032     5.4427     5.4427    34.9394    34.9431   3055.182 0.0000e+00
   3464.228      83142   3105.000     2.8230     2.8232   3.274891   3.275216   48.99998  -16.50032     5.4432     5.4432    34.9394    34.9431   3056.160 0.0000e+00
   3465.177      83165   3106.000     2.8229     2.8231   3.274912   3.275245   48.99998  -16.50032     5.4434     5.4434    34.9394    34.9431   3057.137 0.0000e+00
   3466.089      83187   3107.000     2.8227     2.8230   3.274933   3.275274   48.99998  -16.50032     5.4421     5.4421    34.9394    34.9431   3058.114 0.0000e+00
   3467.021      83209   3108.000     2.8225     2.8229   3.274951   3.275301   48.99998  -16.50032     5.4392     5.4392    34.9394    34.9431   3059.092 0.0000e+00
   3468.028      83234   3109.000     2.8222     2.8227   3.274965   3.275320   48.99998  -16.50032     5.4381     5.4381    34.9394    34.9431   3060.069 0.0000e+00
   3469.097      83259   3110.000     2.8220     2.8224   3.274979   3.275322   48.99998  -16.50032     5.4381     5.4381    34.9393    34.9430   3061.046 0.0000e+00
   3470.115      83284   3111.000     2.8217     2.8219   3.274988   3.275318   48.99998  -16.50032     5.4384     5.4384    34.9393    34.9430   3062.023 0.0000e+00
   3471.032      83306   3112.000     2.8214     2.8216   3.274998   3.275328   48.99998  -16.50032     5.4405     5.4405    34.9393    34.9430   3063.000 0.0000e+00
   3471.887      83326   3113.000     2.8212     2.8215   3.275014   3.275348   48.99998  -16.50032     5.4415     5.4415    34.9392    34.9430   3063.977 0.0000e+00
   3472.732      83347   3114.000     2.8210     2.8213   3.275033   3.275367   48.99998  -16.50032     5.4411     5.4411    34.9392    34.9429   3064.955 0.0000e+00
   3473.610      83368   3115.000     2.8208     2.8210   3.275054   3.275384   48.99998  -16.50032     5.4393     5.4393    34.9392    34.9430   3065.932 0.0000e+00
   3474.531      83390   3116.000     2.8206     2.8209   3.275073   3.275406   48.99998  -16.50032     5.4381     5.4381    34.9392    34.9430   3066.909 0.0000e+00
   3475.471      83412   3117.000     2.8204     2.8206   3.275093   3.275423   48.99998  -16.50032     5.4377     5.4377    34.9392    34.9429   3067.886 0.0000e+00
   3476.417      83435   3118.000     2.8202     2.8204   3.275108   3.275437   48.99998  -16.50032     5.4394     5.4394    34.9392    34.9429   3068.863 0.0000e+00
   3477.388      83458   3119.000     2.8198     2.8201   3.275113   3.275441   48.99998  -16.50032     5.4417     5.4417    34.9392    34.9429   3069.841 0.0000e+00
   3478.410      83483   3120.000     2.8196     2.8198   3.275123   3.275454   48.99998  -16.50032     5.4437     5.4437    34.9392    34.9429   3070.818 0.0000e+00
   3479.457      83508   3121.000     2.8193     2.8196   3.275132   3.275467   48.99998  -16.50032     5.4427     5.4427    34.9392    34.9428   3071.795 0.0000e+00
   3480.450      83532   3122.000     2.8187     2.8191   3.275116   3.275457   48.99998  -16.50032     5.4389     5.4389    34.9391    34.9428   3072.772 0.0000e+00
   3481.361      83554   3123.000     2.8181     2.8184   3.275095   3.275439   48.99998  -16.50032     5.4354     5.4354    34.9391    34.9428   3073.749 0.0000e+00
   3482.231      83575   3124.000     2.8177     2.8181   3.275100   3.275441   48.99998  -16.50032     5.4347     5.4347    34.9391    34.9428   3074.726 0.0000e+00
   3483.108      83596   3125.000     2.8175     2.8178   3.275123   3.275455   48.99998  -16.50032     5.4371     5.4371    34.9391    34.9427   3075.704 0.0000e+00
   3484.031      83618   3126.000     2.8174     2.8177   3.275152   3.275475   48.99998  -16.50032     5.4397     5.4397    34.9391    34.9427   3076.680 0.0000e+00
   3485.008      83641   3127.000     2.8174     2.8176   3.275182   3.275502   48.99998  -16.50032     5.4405     5.4405    34.9391    34.9427   3077.658 0.0000e+00
   3486.001      83665   3128.000     2.8173     2.8175   3.275210   3.275531   48.99999  -16.50032     5.4388     5.4388    34.9391    34.9427   3078.635 0.0000e+00
   3486.974      83688   3129.000     2.8172     2.8174   3.275237   3.275561   48.99999  -16.50032     5.4378     5.4378    34.9390    34.9426   3079.612 0.0000e+00
   3487.921      83711   3130.000     2.8171     2.8172   3.275255   3.275577   48.99999  -16.50032     5.4376     5.4376    34.9390    34.9426   3080.589 0.0000e+00
   3488.865      83734   3131.000     2.8167     2.8168   3.275256   3.275574   48.99998  -16.50032     5.4371     5.4371    34.9389    34.9426   3081.566 0.0000e+00
   3489.832      83757   3132.000     2.8163     2.8164   3.275261   3.275577   48.99998  -16.50032     5.4373     5.4373    34.9389    34.9426   3082.543 0.0000e+00
   3490.820      83781   3133.000     2.8161     2.8162   3.275273   3.275595   48.99998  -16.50032     5.4367     5.4367    34.9389    34.9425   3083.521 0.0000e+00
   3491.794      83804   3134.000     2.8159     2.8161   3.275286   3.275616   48.99998  -16.50032     5.4360     5.4360    34.9388    34.9426   3084.498 0.0000e+00
   3492.717      83826   3135.000     2.8157     2.8159   3.275302   3.275635   48.99998  -16.50032     5.4363     5.4363    34.9388    34.9426   3085.475 0.0000e+00
   3493.598      83847   3136.000     2.8154     2.8155   3.275313   3.275644   48.99998  -16.50032     5.4362     5.4362    34.9388    34.9425   3086.452 0.0000e+00
   3494.475      83868   3137.000     2.8151     2.8153   3.275324   3.275657   48.99999  -16.50032     5.4349     5.4349    34.9388    34.9425   3087.429 0.0000e+00
   3495.393      83890   3138.000     2.8149     2.8150   3.275341   3.275665   48.99999  -16.50032     5.4328     5.4328    34.9388    34.9425   3088.406 0.0000e+00
   3496.380      83914   3139.000     2.8146     2.8147   3.275354   3.275670   49.00000  -16.50032     5.4313     5.4313    34.9388    34.9424   3089.383 0.0000e+00
   3497.398      83939   3140.000     2.8142     2.8142   3.275356   3.275665   49.00000  -16.50032     5.4313     5.4313    34.9387    34.9424   3090.360 0.0000e+00
   3498.370      83962   3141.000     2.8137     2.8135   3.275339   3.275634   49.00000  -16.50032     5.4323     5.4323    34.9387    34.9424   3091.337 0.0000e+00
   3499.285      83984   3142.000     2.8129     2.8126   3.275306   3.275586   48.99999  -16.50032     5.4339     5.4339    34.9387    34.9423   3092.315 0.0000e+00
   3500.179      84005   3143.000     2.8120     2.8119   3.275263   3.275565   48.99999  -16.50032     5.4357     5.4357    34.9387    34.9423   3093.291 0.0000e+00
   3501.108      84028   3144.000     2.8112     2.8114   3.275228   3.275556   48.99998  -16.50032     5.4351     5.4351    34.9387    34.9423   3094.268 0.0000e+00
   3502.105      84052   3145.000     2.8106     2.8109   3.275216   3.275551   48.99998  -16.50032     5.4321     5.4321    34.9386    34.9423   3095.246 0.0000e+00
   3503.137      84076   3146.000     2.8100     2.8101   3.275188   3.275509   48.99999  -16.50032     5.4302     5.4302    34.9386    34.9422   3096.223 0.0000e+00
   3504.132      84100   3147.000     2.8089     2.8090   3.275122   3.275447   48.99999  -16.50032     5.4302     5.4302    34.9385    34.9422   3097.200 0.0000e+00
   3505.078      84123   3148.000     2.8079     2.8081   3.275069   3.275403   48.99998  -16.50032     5.4301     5.4301    34.9384    34.9422   3098.177 0.0000e+00
   3506.007      84145   3149.000     2.8072     2.8073   3.275037   3.275362   48.99998  -16.50032     5.4315     5.4315    34.9384    34.9421   3099.154 0.0000e+00
   3506.938      84168   3150.000     2.8062     2.8063   3.274984   3.275307   48.99998  -16.50032     5.4306     5.4306    34.9383    34.9420   3100.131 0.0000e+00
   3507.861      84190   3151.000     2.8052     2.8054   3.274928   3.275255   48.99998  -16.50032     5.4261     5.4261    34.9382    34.9420   3101.108 0.0000e+00
   3508.758      84211   3152.000     2.8045     2.8047   3.274897   3.275223   48.99999  -16.50032     5.4239     5.4239    34.9382    34.9419   3102.085 0.0000e+00
   3509.645      84232   3153.000     2.8039     2.8041   3.274876   3.275205   49.00000  -16.50032     5.4252     5.4252    34.9382    34.9418   3103.062 0.0000e+00
   3510.565      84255   3154.000     2.8034     2.8036   3.274868   3.275196   49.00000  -16.50032     5.4257     5.4257    34.9381    34.9418   3104.039 0.0000e+00
   3511.566      84279   3155.000     2.8031     2.8033   3.274877   3.275206   49.00000  -16.50032     5.4245     5.4245    34.9381    34.9418   3105.016 0.0000e+00
   3512.633      84304   3156.000     2.8029     2.8031   3.274893   3.275224   49.00000  -16.50032     5.4246     5.4246    34.9381    34.9418   3105.993 0.0000e+00
   3513.657      84329   3157.000     2.8026     2.8029   3.274905   3.275235   48.99999  -16.50032     5.4252     5.4252    34.9380    34.9418   3106.970 0.0000e+00
   3514.577      84351   3158.000     2.8024     2.8025   3.274914   3.275245   48.99999  -16.50032     5.4239     5.4239    34.9380    34.9418   3107.947 0.0000e+00
   3515.429      84371   3159.000     2.8020     2.8022   3.274920   3.275248   48.99999  -16.50032     5.4225     5.4225    34.9380    34.9417   3108.924 0.0000e+00
   3516.266      84391   3160.000     2.8016     2.8017   3.274912   3.275242   48.99998  -16.50032     5.4196     5.4196    34.9379    34.9417   3109.901 0.0000e+00
   3517.139      84412   3161.000     2.8010     2.8012   3.274899   3.275234   48.99998  -16.50032     5.4190     5.4190    34.9379    34.9417   3110.878 0.0000e+00
   3518.094      84435   3162.000     2.8007     2.8009   3.274905   3.275241   48.99999  -16.50032     5.4203     5.4203    34.9379    34.9417   3111.855 0.0000e+00
   3519.133      84460   3163.000     2.8006     2.8008   3.274926   3.275261   48.99999  -16.50032     5.4223     5.4223    34.9378    34.9416   3112.832 0.0000e+00
   3520.180      84485   3164.000     2.8005     2.8007   3.274956   3.275293   49.00000  -16.50032     5.4234     5.4234    34.9378    34.9416   3113.809 0.0000e+00
   3521.164      84509   3165.000     2.8005     2.8007   3.274984   3.275328   49.00000  -16.50032     5.4218     5.4218    34.9378    34.9416   3114.786 0.0000e+00
   3522.103      84531   3166.000     2.8003     2.8006   3.275004   3.275353   49.00000  -16.50032     5.4190     5.4190    34.9378    34.9416   3115.763 0.0000e+00
   3523.038      84554   3167.000     2.8001     2.8004   3.275022   3.275370   48.99999  -16.50032     5.4206     5.4206    34.9378    34.9416   3116.740 0.0000e+00
   3523.996      84577   3168.000     2.7999     2.8002   3.275045   3.275388   48.99999  -16.50032     5.4241     5.4241    34.9377    34.9416   3117.717 0.0000e+00
   3524.958      84600   3169.000     2.7998     2.8000   3.275068   3.275406   48.99998  -16.50032     5.4257     5.4257    34.9377    34.9415   3118.694 0.0000e+00
   3525.879      84622   3170.000     2.7996     2.7998   3.275088   3.275426   48.99998  -16.50032     5.4258     5.4258    34.9377    34.9415   3119.671 0.0000e+00
   3526.750      84643   3171.000     2.7993     2.7995   3.275097   3.275437   48.99998  -16.50032     5.4254     5.4254    34.9377    34.9415   3120.648 0.0000e+00
   3527.603      84663   3172.000     2.7989     2.7992   3.275100   3.275442   48.99999  -16.50032     5.4245     5.4245    34.9377    34.9414   3121.625 0.0000e+00
   3528.494      84685   3173.000     2.7986     2.7989   3.275106   3.275448   49.00000  -16.50032     5.4224     5.4224    34.9377    34.9414   3122.602 0.0000e+00
   3529.487      84709   3174.000     2.7982     2.7985   3.275113   3.275445   49.00000  -16.50032     5.4211     5.4211    34.9377    34.9414   3123.579 0.0000e+00
   3530.597      84735   3175.000     2.7977     2.7978   3.275103   3.275419   49.00000  -16.50032     5.4220     5.4220    34.9376    34.9413   3124.556 0.0000e+00
   3531.693      84762   3176.000     2.7969     2.7970   3.275060   3.275380   48.99999  -16.50032     5.4215     5.4215    34.9376    34.9413   3125.533 0.0000e+00
   3532.669      84785   3177.000     2.7958     2.7960   3.274997   3.275324   48.99999  -16.50032     5.4195     5.4195    34.9375    34.9412   3126.510 0.0000e+00
   3533.555      84806   3178.000     2.7947     2.7949   3.274931   3.275267   48.99998  -16.50032     5.4170     5.4170    34.9374    34.9412   3127.486 0.0000e+00
   3534.408      84827   3179.000     2.7939     2.7941   3.274888   3.275226   48.99998  -16.50032     5.4167     5.4167    34.9374    34.9412   3128.463 0.0000e+00
   3535.283      84848   3180.000     2.7931     2.7933   3.274855   3.275184   48.99998  -16.50032     5.4168     5.4168    34.9374    34.9411   3129.440 0.0000e+00
