Data_example/SBE_Data_Processed/DY103/SeaBird/Data/Batch/DY103_CTD01cfaldb.cnv
* Sea-Bird SBE 9 Data File:
* FileName = C:\Users\sandm\Documents\Cruises\DY103\Data\CTD Raw Data\DY103_CTD01.hex
* Software Version Seasave V 7.26.7.121
* Temperature SN = 03P-4814
* Conductivity SN = 04C-2165
* Number of Bytes Per Scan = 41
* Number of Voltage Words = 4
* Number of Scans Averaged by the Deck Unit = 1
* NMEA Latitude = 49 08.27 N
* NMEA Longitude = 013 03.02 W
* NMEA UTC (Time) = Jun 23 2019  14:08:33
** Ship: RRS Discovery
** Cruise: DY103
** Cast: 01
** Station: Test
** Julian Day: 174
** Date: 23/06/19
** Time: 14:00
** Latitude: 49 08.30'N
** Longitude: 13 02.94'W
** Depth (uncorr m): 2156
** Principal Scientist: S Hartman
** Operator: J Wynar/T Powell
# nquan = 15
# nvalues = 1014                        
# units = specified
# name 0 = timeS: Time, Elapsed [seconds]
# name 1 = scan: Scan Count
# name 2 = prDM: Pressure, Digiquartz [db]
# name 3 = t090C: Temperature [ITS-90, deg C]
# name 4 = t190C: Temperature, 2 [ITS-90, deg C]
# name 5 = c0S/m: Conductivity [S/m]
# name 6 = c1S/m: Conductivity, 2 [S/m]
# name 7 = latitude: Latitude [deg]
# name 8 = longitude: Longitude [deg]
# name 9 = sbeox0ML/L: Oxygen, SBE 43 [ml/l]
# name 10 = sbeox0ML/L: Oxygen, SBE 43 [ml/l]
# name 11 = sal00: Salinity, Practical [PSU]
# name 12 = sal11: Salinity, Practical, 2 [PSU]
# name 13 = depSM: Depth [salt water, m], lat = 49.1378
# name 14 = flag: flag
# span 0 =    400.901,   1933.718       
# span 1 =       9623,      46410       
# span 2 =      1.000,   1013.000       
# span 3 =     8.6227,    15.2207       
# span 4 =     8.6207,    15.7608       
# span 5 =   3.440771,   4.377960       
# span 6 =   2.431909,   4.374907       
# span 7 =   49.13784,   49.13787       
# span 8 =  -13.05045,  -13.05037       
# span 9 =     3.9243,     5.8254       
# span 10 =     3.9243,     5.8254      
# span 11 =    27.5179,    35.8869      
# span 12 =    18.6464,    35.8521      
# span 13 =      0.992,   1001.951      
# span 14 = 0.0000e+00, 0.0000e+00      
# interval = decibars: 1                
# start_time = Jun 23 2019 14:08:34 [System UTC, first data scan.]
# bad_flag = -9.990e-29
*END*
[from data line 772]
   1683.042      40394    773.000     9.6792     9.6801   3.861458   3.861660   49.13784  -13.05039     4.2971     4.2971    35.4980    35.4991    765.007 0.0000e+00
   1683.826      40413    774.000     9.6749     9.6764   3.861124   3.861364   49.13785  -13.05039     4.2955     4.2955    35.4983    35.4993    765.995 0.0000e+00
   1684.603      40431    775.000     9.6683     9.6702   3.860588   3.860845   49.13785  -13.05039     4.2944     4.2944    35.4988    35.4996    766.983 0.0000e+00
   1685.436      40451    776.000     9.6605     9.6617   3.859952   3.860150   49.13785  -13.05039     4.2938     4.2938    35.4995    35.5004    767.971 0.0000e+00
   1686.383      40474    777.000     9.6530     9.6536   3.859361   3.859510   49.13786  -13.05039     4.2921     4.2921    35.5003    35.5013    768.958 0.0000e+00
   1687.441      40500    778.000     9.6465     9.6469   3.858859   3.858995   49.13786  -13.05039     4.2898     4.2898    35.5011    35.5021    769.946 0.0000e+00
   1688.512      40525    779.000     9.6414     9.6419   3.858482   3.858636   49.13786  -13.05039     4.2882     4.2882    35.5017    35.5029    770.934 0.0000e+00
   1689.524      40550    780.000     9.6382     9.6387   3.858273   3.858438   49.13785  -13.05039     4.2875     4.2875    35.5023    35.5035    771.922 0.0000e+00
   1690.490      40573    781.000     9.6355     9.6359   3.858096   3.858253   49.13785  -13.05039     4.2877     4.2877    35.5027    35.5039    772.910 0.0000e+00
   1691.454      40596    782.000     9.6325     9.6330   3.857887   3.858049   49.13785  -13.05039     4.2877     4.2877    35.5030    35.5043    773.897 0.0000e+00
   1692.463      40620    783.000     9.6295     9.6300   3.857657   3.857822   49.13785  -13.05039     4.2854     4.2854    35.5032    35.5044    774.885 0.0000e+00
   1693.535      40646    784.000     9.6264     9.6269   3.857419   3.857576   49.13786  -13.05039     4.2831     4.2831    35.5033    35.5045    775.873 0.0000e+00
   1694.575      40671    785.000     9.6223     9.6228   3.857087   3.857242   49.13786  -13.05039     4.2831     4.2831    35.5035    35.5045    776.861 0.0000e+00
   1695.482      40693    786.000     9.6163     9.6171   3.856602   3.856762   49.13786  -13.05039     4.2848     4.2848    35.5040    35.5048    777.849 0.0000e+00
   1696.270      40711    787.000     9.6098     9.6106   3.856085   3.856248   49.13786  -13.05039     4.2865     4.2865    35.5046    35.5054    778.836 0.0000e+00
   1697.003      40729    788.000     9.6039     9.6046   3.855636   3.855788   49.13786  -13.05039     4.2867     4.2867    35.5053    35.5062    779.824 0.0000e+00
   1697.750      40747    789.000     9.5991     9.5994   3.855273   3.855398   49.13786  -13.05039     4.2861     4.2861    35.5058    35.5068    780.812 0.0000e+00
   1698.611      40768    790.000     9.5962     9.5954   3.855057   3.855096   49.13786  -13.05039     4.2858     4.2858    35.5060    35.5071    781.800 0.0000e+00
   1699.792      40796    791.000     9.5965     9.5923   3.855103   3.854846   49.13786  -13.05039     4.2840     4.2840    35.5058    35.5072    782.787 0.0000e+00
   1701.310      40832    792.000     9.5941     9.5905   3.854924   3.854713   49.13786  -13.05039     4.2795     4.2795    35.5058    35.5072    783.775 0.0000e+00
   1702.637      40864    793.000     9.5897     9.5892   3.854560   3.854630   49.13786  -13.05039     4.2783     4.2783    35.5059    35.5071    784.763 0.0000e+00
   1703.641      40888    794.000     9.5878     9.5880   3.854415   3.854555   49.13786  -13.05039     4.2788     4.2788    35.5059    35.5071    785.750 0.0000e+00
   1704.460      40908    795.000     9.5864     9.5870   3.854326   3.854497   49.13786  -13.05039     4.2799     4.2799    35.5058    35.5070    786.738 0.0000e+00
   1705.186      40925    796.000     9.5849     9.5857   3.854221   3.854418   49.13786  -13.05039     4.2821     4.2821    35.5058    35.5070    787.726 0.0000e+00
   1705.870      40942    797.000     9.5833     9.5842   3.854118   3.854320   49.13786  -13.05039     4.2839     4.2839    35.5058    35.5070    788.714 0.0000e+00
   1706.556      40958    798.000     9.5819     9.5827   3.854024   3.854222   49.13786  -13.05039     4.2834     4.2834    35.5058    35.5070    789.701 0.0000e+00
   1707.301      40976    799.000     9.5805     9.5811   3.853932   3.854111   49.13786  -13.05039     4.2808     4.2808    35.5058    35.5071    790.689 0.0000e+00
   1708.226      40998    800.000     9.5796     9.5791   3.853891   3.853977   49.13786  -13.05039     4.2780     4.2780    35.5058    35.5071    791.677 0.0000e+00
   1709.500      41029    801.000     9.5790     9.5768   3.853883   3.853806   49.13786  -13.05039     4.2772     4.2772    35.5058    35.5072    792.664 0.0000e+00
   1710.860      41062    802.000     9.5726     9.5711   3.853391   3.853353   49.13786  -13.05039     4.2733     4.2733    35.5066    35.5077    793.652 0.0000e+00
   1711.939      41088    803.000     9.5600     9.5598   3.852393   3.852432   49.13786  -13.05039     4.2687     4.2687    35.5083    35.5089    794.640 0.0000e+00
   1712.855      41110    804.000     9.5480     9.5483   3.851461   3.851566   49.13786  -13.05039     4.2665     4.2665    35.5100    35.5108    795.628 0.0000e+00
   1713.735      41131    805.000     9.5417     9.5422   3.850989   3.851139   49.13786  -13.05039     4.2660     4.2660    35.5109    35.5120    796.615 0.0000e+00
   1714.644      41152    806.000     9.5385     9.5390   3.850766   3.850934   49.13786  -13.05039     4.2674     4.2674    35.5113    35.5126    797.603 0.0000e+00
   1715.572      41175    807.000     9.5368     9.5374   3.850668   3.850849   49.13786  -13.05039     4.2702     4.2702    35.5115    35.5128    798.591 0.0000e+00
   1716.439      41196    808.000     9.5358     9.5365   3.850627   3.850823   49.13786  -13.05039     4.2721     4.2721    35.5117    35.5130    799.578 0.0000e+00
   1717.234      41215    809.000     9.5349     9.5357   3.850597   3.850803   49.13786  -13.05039     4.2719     4.2719    35.5118    35.5131    800.566 0.0000e+00
   1717.996      41233    810.000     9.5339     9.5345   3.850563   3.850753   49.13786  -13.05039     4.2701     4.2701    35.5120    35.5133    801.554 0.0000e+00
   1718.797      41252    811.000     9.5327     9.5329   3.850510   3.850668   49.13786  -13.05039     4.2680     4.2680    35.5122    35.5136    802.541 0.0000e+00
   1719.773      41276    812.000     9.5317     9.5309   3.850475   3.850569   49.13786  -13.05039     4.2668     4.2668    35.5124    35.5141    803.529 0.0000e+00
   1721.052      41306    813.000     9.5313     9.5290   3.850489   3.850468   49.13786  -13.05039     4.2666     4.2666    35.5124    35.5145    804.517 0.0000e+00
   1722.307      41336    814.000     9.5273     9.5264   3.850255   3.850321   49.13786  -13.05039     4.2673     4.2673    35.5134    35.5150    805.504 0.0000e+00
   1723.318      41361    815.000     9.5236     9.5238   3.850037   3.850184   49.13786  -13.05039     4.2685     4.2685    35.5144    35.5158    806.492 0.0000e+00
   1724.205      41382    816.000     9.5212     9.5218   3.849905   3.850088   49.13786  -13.05039     4.2700     4.2700    35.5150    35.5163    807.479 0.0000e+00
   1725.061      41402    817.000     9.5193     9.5201   3.849807   3.850004   49.13786  -13.05039     4.2709     4.2709    35.5153    35.5166    808.467 0.0000e+00
   1725.944      41424    818.000     9.5179     9.5187   3.849736   3.849937   49.13786  -13.05039     4.2705     4.2705    35.5156    35.5169    809.455 0.0000e+00
   1726.864      41446    819.000     9.5167     9.5175   3.849679   3.849879   49.13786  -13.05039     4.2697     4.2697    35.5157    35.5170    810.442 0.0000e+00
   1727.796      41468    820.000     9.5154     9.5162   3.849620   3.849821   49.13786  -13.05039     4.2705     4.2705    35.5159    35.5172    811.430 0.0000e+00
   1728.739      41491    821.000     9.5134     9.5142   3.849513   3.849713   49.13786  -13.05039     4.2711     4.2711    35.5164    35.5177    812.417 0.0000e+00
   1729.711      41514    822.000     9.5094     9.5102   3.849276   3.849472   49.13786  -13.05039     4.2700     4.2700    35.5174    35.5186    813.405 0.0000e+00
   1730.715      41538    823.000     9.5026     9.5036   3.848799   3.848989   49.13786  -13.05039     4.2694     4.2694    35.5187    35.5197    814.393 0.0000e+00
   1731.705      41562    824.000     9.4934     9.4946   3.848071   3.848260   49.13786  -13.05039     4.2711     4.2711    35.5198    35.5206    815.380 0.0000e+00
   1732.651      41585    825.000     9.4860     9.4871   3.847464   3.847652   49.13786  -13.05039     4.2710     4.2710    35.5203    35.5213    816.368 0.0000e+00
   1733.568      41607    826.000     9.4812     9.4821   3.847045   3.847238   49.13786  -13.05039     4.2687     4.2687    35.5203    35.5214    817.355 0.0000e+00
   1734.506      41629    827.000     9.4764     9.4772   3.846606   3.846792   49.13786  -13.05039     4.2668     4.2668    35.5201    35.5212    818.343 0.0000e+00
   1735.511      41653    828.000     9.4708     9.4716   3.846083   3.846266   49.13786  -13.05039     4.2662     4.2662    35.5198    35.5209    819.331 0.0000e+00
   1736.568      41679    829.000     9.4649     9.4658   3.845522   3.845715   49.13786  -13.05039     4.2660     4.2660    35.5193    35.5204    820.318 0.0000e+00
   1737.606      41704    830.000     9.4594     9.4604   3.844982   3.845182   49.13786  -13.05039     4.2646     4.2646    35.5187    35.5198    821.306 0.0000e+00
   1738.575      41727    831.000     9.4547     9.4559   3.844537   3.844753   49.13786  -13.05039     4.2642     4.2642    35.5182    35.5194    822.293 0.0000e+00
   1739.473      41748    832.000     9.4510     9.4522   3.844193   3.844421   49.13786  -13.05039     4.2661     4.2661    35.5179    35.5191    823.281 0.0000e+00
   1740.324      41769    833.000     9.4478     9.4490   3.843912   3.844144   49.13786  -13.05039     4.2678     4.2678    35.5177    35.5189    824.268 0.0000e+00
   1741.161      41789    834.000     9.4447     9.4460   3.843657   3.843899   49.13786  -13.05039     4.2673     4.2673    35.5177    35.5189    825.256 0.0000e+00
   1742.022      41810    835.000     9.4413     9.4426   3.843405   3.843633   49.13786  -13.05039     4.2651     4.2651    35.5180    35.5191    826.244 0.0000e+00
   1742.950      41832    836.000     9.4372     9.4385   3.843099   3.843318   49.13786  -13.05039     4.2641     4.2641    35.5185    35.5194    827.231 0.0000e+00
   1743.979      41857    837.000     9.4307     9.4319   3.842547   3.842744   49.13786  -13.05039     4.2653     4.2653    35.5186    35.5195    828.219 0.0000e+00
   1745.073      41883    838.000     9.4248     9.4257   3.842043   3.842222   49.13786  -13.05039     4.2671     4.2671    35.5188    35.5198    829.206 0.0000e+00
   1746.161      41909    839.000     9.4231     9.4237   3.842032   3.842210   49.13786  -13.05039     4.2684     4.2684    35.5199    35.5211    830.194 0.0000e+00
   1747.228      41934    840.000     9.4256     9.4261   3.842576   3.842762   49.13786  -13.05039     4.2688     4.2688    35.5227    35.5241    831.181 0.0000e+00
   1748.286      41960    841.000     9.4282     9.4288   3.843133   3.843323   49.13786  -13.05039     4.2682     4.2682    35.5254    35.5268    832.169 0.0000e+00
   1749.289      41984    842.000     9.4287     9.4292   3.843368   3.843546   49.13786  -13.05039     4.2665     4.2665    35.5269    35.5282    833.156 0.0000e+00
   1750.189      42006    843.000     9.4279     9.4281   3.843386   3.843530   49.13786  -13.05039     4.2640     4.2640    35.5274    35.5287    834.144 0.0000e+00
   1750.997      42025    844.000     9.4262     9.4257   3.843287   3.843358   49.13786  -13.05039     4.2627     4.2627    35.5276    35.5288    835.131 0.0000e+00
   1751.760      42043    845.000     9.4238     9.4233   3.843104   3.843160   49.13786  -13.05039     4.2623     4.2623    35.5276    35.5287    836.119 0.0000e+00
   1752.533      42062    846.000     9.4212     9.4213   3.842879   3.843009   49.13786  -13.05039     4.2633     4.2633    35.5274    35.5286    837.106 0.0000e+00
   1753.382      42082    847.000     9.4190     9.4197   3.842682   3.842883   49.13786  -13.05039     4.2652     4.2652    35.5271    35.5284    838.094 0.0000e+00
   1754.402      42107    848.000     9.4165     9.4180   3.842448   3.842731   49.13786  -13.05039     4.2674     4.2674    35.5267    35.5281    839.081 0.0000e+00
   1755.652      42137    849.000     9.4137     9.4161   3.842173   3.842563   49.13786  -13.05039     4.2675     4.2675    35.5262    35.5279    840.069 0.0000e+00
   1756.935      42167    850.000     9.4116     9.4142   3.841987   3.842400   49.13786  -13.05039     4.2649     4.2649    35.5259    35.5275    841.056 0.0000e+00
   1758.035      42194    851.000     9.4081     9.4098   3.841668   3.841946   49.13786  -13.05039     4.2642     4.2642    35.5255    35.5267    842.043 0.0000e+00
   1758.996      42217    852.000     9.4016     9.4010   3.841021   3.841012   49.13786  -13.05039     4.2644     4.2644    35.5248    35.5254    843.031 0.0000e+00
   1759.887      42238    853.000     9.3898     9.3865   3.839836   3.839508   49.13786  -13.05039     4.2640     4.2640    35.5237    35.5236    844.018 0.0000e+00
   1760.737      42259    854.000     9.3755     9.3716   3.838411   3.838032   49.13786  -13.05039     4.2654     4.2654    35.5227    35.5226    845.006 0.0000e+00
   1761.551      42278    855.000     9.3600     9.3579   3.836926   3.836738   49.13786  -13.05039     4.2680     4.2680    35.5221    35.5222    845.993 0.0000e+00
   1762.334      42297    856.000     9.3485     9.3480   3.835882   3.835891   49.13786  -13.05039     4.2687     4.2687    35.5222    35.5228    846.981 0.0000e+00
   1763.113      42316    857.000     9.3393     9.3392   3.835044   3.835099   49.13786  -13.05039     4.2667     4.2667    35.5222    35.5228    847.968 0.0000e+00
   1763.940      42336    858.000     9.3323     9.3308   3.834390   3.834322   49.13786  -13.05039     4.2649     4.2649    35.5219    35.5226    848.956 0.0000e+00
   1764.960      42360    859.000     9.3317     9.3245   3.834358   3.833771   49.13786  -13.05039     4.2641     4.2641    35.5216    35.5227    849.943 0.0000e+00
   1766.404      42395    860.000     9.3369     9.3208   3.834896   3.833483   49.13786  -13.05039     4.2622     4.2622    35.5216    35.5229    850.930 0.0000e+00
   1767.805      42428    861.000     9.3281     9.3203   3.834122   3.833492   49.13786  -13.05039     4.2619     4.2619    35.5219    35.5230    851.918 0.0000e+00
   1768.784      42452    862.000     9.3213     9.3192   3.833538   3.833437   49.13786  -13.05039     4.2640     4.2640    35.5221    35.5231    852.905 0.0000e+00
   1769.565      42471    863.000     9.3182     9.3177   3.833321   3.833369   49.13786  -13.05039     4.2660     4.2660    35.5224    35.5234    853.893 0.0000e+00
   1770.269      42487    864.000     9.3156     9.3158   3.833163   3.833277   49.13786  -13.05039     4.2676     4.2676    35.5229    35.5239    854.880 0.0000e+00
   1770.960      42504    865.000     9.3134     9.3137   3.833030   3.833173   49.13786  -13.05039     4.2689     4.2689    35.5233    35.5244    855.867 0.0000e+00
   1771.712      42522    866.000     9.3116     9.3118   3.832932   3.833067   49.13786  -13.05039     4.2690     4.2690    35.5235    35.5248    856.855 0.0000e+00
   1772.625      42544    867.000     9.3100     9.3098   3.832828   3.832933   49.13786  -13.05039     4.2685     4.2685    35.5236    35.5249    857.842 0.0000e+00
