Data_example/SBE_Data_Processed/DY103/SeaBird/Data/Batch/DY103_CTD08cfaldb.cnv
* Sea-Bird SBE 9 Data File:
* FileName = C:\Users\sandm\Documents\Cruises\DY103\Data\CTD Raw Data\DY103_CTD08.hex
* Software Version Seasave V 7.26.7.121
* Temperature SN = 03P-4814
* Conductivity SN = 04C-2165
* Number of Bytes Per Scan = 41
* Number of Voltage Words = 4
* Number of Scans Averaged by the Deck Unit = 1
* NMEA Latitude = 49 00.06 N
* NMEA Longitude = 016 30.07 W
* NMEA UTC (Time) = Jul 02 2019  09:46:03
** Ship: RRS Discovery
** Cruise: DY103
** Cast: 08
** Station: 025
** Julian Day: 183
** Date: 02/07/19
** Time: 09:45
** Latitude: 49 00.00'N
** Longitude: 16 30.07'W
** Depth (uncorr m): 4807
** Principal Scientist: S Hartman
** Operator: J Wynar/T Powell
# nquan = 15
# nvalues = 4922                        
# units = specified
# name 0 = timeS: Time, Elapsed [seconds]
# name 1 = scan: Scan Count
# name 2 = prDM: Pressure, Digiquartz [db]
# name 3 = t090C: Temperature [ITS-90, deg C]
# name 4 = t190C: Temperature, 2 [ITS-90, deg C]
# name 5 = c0S/m: Conductivity [S/m]
# name 6 = c1S/m: Conductivity, 2 [S/m]
# name 7 = latitude: Latitude [deg]
# name 8 = longitude: Longitude [deg]
# name 9 = sbeox0ML/L: Oxygen, SBE 43 [ml/l]
# name 10 = sbeox0ML/L: Oxygen, SBE 43 [ml/l]
# name 11 = sal00: Salinity, Practical [PSU]
# name 12 = sal11: Salinity, Practical, 2 [PSU]
# name 13 = depSM: Depth [salt water, m], lat = 49.001
# name 14 = flag: flag
# span 0 =    728.644,   6057.954       
# span 1 =      17488,     145392       
# span 2 =      1.000,   4924.000       
# span 3 =     2.5204,    15.8657       
# span 4 =     2.5202,    15.8452       
# span 5 =   2.993744,   4.414572       
# span 6 =   2.555727,   4.413718       
# span 7 =   48.89483,   48.99997       
# span 8 =  -16.50111,  -16.46542       
# span 9 =     3.7377,     5.9639       
# span 10 =     3.7377,     5.9639      
# span 11 =    23.3163,    35.6108      
# span 12 =    19.4932,    35.6084      
# span 13 =      0.992,   4826.611      
# span 14 = 0.0000e+00, 0.0000e+00      
# interval = decibars: 1                
# start_time = Jul 02 2019 09:46:04 [System UTC, first data scan.]
# bad_flag = -9.990e-29
*END*
[from data line 1061]
   2102.340      50457   1064.000     7.9559     7.9570   3.703349   3.703410   48.99984  -16.50034     4.5499     4.5499    35.4193    35.4188   1052.280 0.0000e+00
   2103.183      50477   1065.000     7.9482     7.9481   3.702608   3.702545   48.99984  -16.50034     4.5517     4.5517    35.4185    35.4180   1053.266 0.0000e+00
   2104.084      50499   1066.000     7.9404     7.9392   3.701832   3.701665   48.99984  -16.50034     4.5548     4.5548    35.4177    35.4171   1054.253 0.0000e+00
   2105.113      50524   1067.000     7.9337     7.9320   3.701167   3.700950   48.99984  -16.50034     4.5594     4.5594    35.4168    35.4162   1055.239 0.0000e+00
   2106.265      50551   1068.000     7.9282     7.9271   3.700596   3.700471   48.99984  -16.50034     4.5628     4.5628    35.4158    35.4155   1056.226 0.0000e+00
   2107.396      50578   1069.000     7.9233     7.9234   3.700103   3.700094   48.99984  -16.50034     4.5631     4.5631    35.4149    35.4148   1057.212 0.0000e+00
   2108.396      50602   1070.000     7.9177     7.9180   3.699531   3.699526   48.99984  -16.50034     4.5693     4.5693    35.4141    35.4137   1058.199 0.0000e+00
   2109.276      50624   1071.000     7.9084     7.9088   3.698580   3.698533   48.99984  -16.50034     4.5800     4.5800    35.4127    35.4118   1059.185 0.0000e+00
   2110.072      50643   1072.000     7.8934     7.8932   3.697019   3.696826   48.99984  -16.50034     4.5854     4.5854    35.4106    35.4088   1060.172 0.0000e+00
   2110.835      50661   1073.000     7.8677     7.8661   3.694324   3.693863   48.99984  -16.50034     4.5830     4.5830    35.4071    35.4038   1061.158 0.0000e+00
   2111.626      50680   1074.000     7.8354     7.8313   3.690931   3.690220   48.99984  -16.50034     4.5796     4.5796    35.4027    35.3993   1062.144 0.0000e+00
   2112.534      50702   1075.000     7.8125     7.8007   3.688513   3.687047   48.99984  -16.50034     4.5827     4.5827    35.3994    35.3956   1063.131 0.0000e+00
   2113.705      50730   1076.000     7.8084     7.7720   3.688072   3.684054   48.99984  -16.50034     4.5914     4.5914    35.3983    35.3918   1064.117 0.0000e+00
   2115.040      50762   1077.000     7.7926     7.7480   3.686406   3.681587   48.99984  -16.50034     4.6001     4.6001    35.3959    35.3890   1065.104 0.0000e+00
   2116.169      50789   1078.000     7.7508     7.7349   3.682081   3.680270   48.99984  -16.50034     4.6055     4.6055    35.3910    35.3875   1066.090 0.0000e+00
   2117.082      50811   1079.000     7.7302     7.7250   3.679957   3.679279   48.99984  -16.50034     4.6087     4.6087    35.3885    35.3865   1067.076 0.0000e+00
   2117.891      50830   1080.000     7.7184     7.7169   3.678762   3.678512   48.99984  -16.50034     4.6104     4.6104    35.3871    35.3859   1068.063 0.0000e+00
   2118.680      50849   1081.000     7.7114     7.7118   3.678090   3.678064   48.99984  -16.50034     4.6104     4.6104    35.3864    35.3858   1069.049 0.0000e+00
   2119.534      50870   1082.000     7.7082     7.7098   3.677818   3.677972   48.99984  -16.50034     4.6102     4.6102    35.3863    35.3863   1070.036 0.0000e+00
   2120.572      50895   1083.000     7.7081     7.7097   3.677873   3.678058   48.99984  -16.50034     4.6108     4.6108    35.3865    35.3868   1071.022 0.0000e+00
   2121.849      50925   1084.000     7.7067     7.7069   3.677793   3.677811   48.99984  -16.50034     4.6137     4.6137    35.3866    35.3865   1072.008 0.0000e+00
   2123.117      50956   1085.000     7.6987     7.6977   3.677016   3.676857   48.99984  -16.50035     4.6172     4.6172    35.3858    35.3851   1072.995 0.0000e+00
   2124.189      50982   1086.000     7.6856     7.6855   3.675671   3.675545   48.99984  -16.50035     4.6202     4.6202    35.3840    35.3829   1073.981 0.0000e+00
   2125.090      51003   1087.000     7.6687     7.6688   3.673906   3.673765   48.99984  -16.50036     4.6225     4.6225    35.3816    35.3800   1074.968 0.0000e+00
   2125.884      51022   1088.000     7.6526     7.6538   3.672217   3.672216   48.99984  -16.50036     4.6243     4.6243    35.3792    35.3780   1075.954 0.0000e+00
   2126.629      51040   1089.000     7.6410     7.6425   3.671004   3.671049   48.99984  -16.50036     4.6261     4.6261    35.3773    35.3764   1076.940 0.0000e+00
   2127.367      51058   1090.000     7.6318     7.6327   3.670045   3.670038   48.99984  -16.50036     4.6262     4.6262    35.3758    35.3749   1077.927 0.0000e+00
   2128.154      51077   1091.000     7.6229     7.6230   3.669125   3.669047   48.99984  -16.50036     4.6256     4.6256    35.3744    35.3735   1078.913 0.0000e+00
   2129.069      51099   1092.000     7.6144     7.6143   3.668252   3.668186   48.99984  -16.50036     4.6283     4.6283    35.3732    35.3725   1079.899 0.0000e+00
   2130.176      51125   1093.000     7.6075     7.6077   3.667570   3.667556   48.99984  -16.50036     4.6346     4.6346    35.3723    35.3719   1080.886 0.0000e+00
   2131.351      51153   1094.000     7.6024     7.6032   3.667091   3.667141   48.99984  -16.50036     4.6443     4.6443    35.3718    35.3715   1081.872 0.0000e+00
   2132.402      51179   1095.000     7.5967     7.5979   3.666568   3.666627   48.99984  -16.50036     4.6525     4.6525    35.3714    35.3709   1082.858 0.0000e+00
   2133.328      51201   1096.000     7.5871     7.5881   3.665650   3.665637   48.99984  -16.50036     4.6554     4.6554    35.3707    35.3696   1083.845 0.0000e+00
   2134.201      51222   1097.000     7.5716     7.5716   3.664066   3.663910   48.99984  -16.50036     4.6599     4.6599    35.3688    35.3672   1084.831 0.0000e+00
   2135.099      51243   1098.000     7.5556     7.5549   3.662380   3.662184   48.99984  -16.50036     4.6684     4.6684    35.3664    35.3649   1085.817 0.0000e+00
   2136.097      51267   1099.000     7.5397     7.5360   3.660706   3.660154   48.99984  -16.50036     4.6741     4.6741    35.3638    35.3616   1086.804 0.0000e+00
   2137.202      51294   1100.000     7.5097     7.5004   3.657560   3.656306   48.99984  -16.50036     4.6756     4.6756    35.3596    35.3555   1087.790 0.0000e+00
   2138.280      51320   1101.000     7.4660     7.4586   3.653041   3.652057   48.99984  -16.50035     4.6805     4.6805    35.3545    35.3513   1088.776 0.0000e+00
   2139.230      51343   1102.000     7.4443     7.4420   3.650851   3.650507   48.99984  -16.50034     4.6856     4.6856    35.3522    35.3509   1089.763 0.0000e+00
   2140.070      51363   1103.000     7.4347     7.4345   3.649932   3.649810   48.99984  -16.50034     4.6875     4.6875    35.3515    35.3504   1090.749 0.0000e+00
   2140.853      51381   1104.000     7.4260     7.4268   3.649059   3.649067   48.99984  -16.50034     4.6893     4.6893    35.3504    35.3496   1091.735 0.0000e+00
   2141.632      51400   1105.000     7.4216     7.4232   3.648647   3.648800   48.99984  -16.50034     4.6916     4.6916    35.3499    35.3499   1092.722 0.0000e+00
   2142.463      51420   1106.000     7.4238     7.4258   3.648957   3.649202   48.99984  -16.50034     4.6942     4.6942    35.3506    35.3512   1093.708 0.0000e+00
   2143.415      51443   1107.000     7.4284     7.4295   3.649560   3.649689   48.99984  -16.50034     4.6960     4.6960    35.3520    35.3523   1094.694 0.0000e+00
   2144.536      51470   1108.000     7.4267     7.4261   3.649486   3.649377   48.99984  -16.50034     4.7010     4.7010    35.3524    35.3519   1095.680 0.0000e+00
   2145.731      51499   1109.000     7.4145     7.4133   3.648283   3.648040   48.99984  -16.50034     4.7106     4.7106    35.3512    35.3498   1096.667 0.0000e+00
   2146.821      51525   1110.000     7.3912     7.3906   3.645899   3.645640   48.99984  -16.50034     4.7200     4.7200    35.3486    35.3464   1097.653 0.0000e+00
   2147.759      51547   1111.000     7.3595     7.3598   3.642667   3.642433   48.99984  -16.50034     4.7239     4.7239    35.3451    35.3423   1098.639 0.0000e+00
   2148.579      51567   1112.000     7.3329     7.3336   3.639988   3.639871   48.99984  -16.50034     4.7248     4.7248    35.3424    35.3405   1099.625 0.0000e+00
   2149.338      51585   1113.000     7.3202     7.3206   3.638736   3.638676   48.99984  -16.50034     4.7259     4.7259    35.3413    35.3402   1100.612 0.0000e+00
   2150.095      51603   1114.000     7.3147     7.3143   3.638260   3.638171   48.99984  -16.50034     4.7261     4.7261    35.3412    35.3406   1101.598 0.0000e+00
   2150.932      51623   1115.000     7.3118     7.3096   3.638026   3.637779   48.99984  -16.50034     4.7268     4.7268    35.3412    35.3407   1102.584 0.0000e+00
   2151.986      51649   1116.000     7.3115     7.3041   3.638005   3.637269   48.99984  -16.50034     4.7307     4.7307    35.3407    35.3402   1103.570 0.0000e+00
   2153.260      51679   1117.000     7.3089     7.2964   3.637724   3.636485   48.99984  -16.50034     4.7354     4.7354    35.3398    35.3390   1104.557 0.0000e+00
   2154.414      51707   1118.000     7.2923     7.2869   3.636107   3.635506   48.99984  -16.50034     4.7400     4.7400    35.3386    35.3375   1105.543 0.0000e+00
   2155.366      51730   1119.000     7.2790     7.2775   3.634773   3.634528   48.99984  -16.50034     4.7455     4.7455    35.3371    35.3360   1106.529 0.0000e+00
   2156.215      51750   1120.000     7.2668     7.2664   3.633526   3.633370   48.99984  -16.50034     4.7510     4.7510    35.3354    35.3341   1107.515 0.0000e+00
   2157.038      51770   1121.000     7.2540     7.2538   3.632208   3.632073   48.99984  -16.50034     4.7554     4.7554    35.3337    35.3323   1108.502 0.0000e+00
   2157.915      51791   1122.000     7.2419     7.2418   3.630989   3.630866   48.99984  -16.50034     4.7582     4.7582    35.3321    35.3310   1109.488 0.0000e+00
   2158.894      51814   1123.000     7.2299     7.2291   3.629796   3.629609   48.99984  -16.50034     4.7617     4.7617    35.3308    35.3297   1110.474 0.0000e+00
   2159.937      51839   1124.000     7.2141     7.2133   3.628233   3.628024   48.99984  -16.50034     4.7662     4.7662    35.3294    35.3280   1111.460 0.0000e+00
   2160.927      51863   1125.000     7.1963     7.1962   3.626443   3.626289   48.99984  -16.50034     4.7707     4.7707    35.3275    35.3259   1112.446 0.0000e+00
   2161.829      51885   1126.000     7.1771     7.1780   3.624517   3.624446   48.99984  -16.50034     4.7762     4.7762    35.3255    35.3238   1113.433 0.0000e+00
   2162.676      51905   1127.000     7.1614     7.1628   3.622931   3.622929   48.99984  -16.50034     4.7781     4.7781    35.3237    35.3223   1114.419 0.0000e+00
   2163.521      51926   1128.000     7.1499     7.1505   3.621758   3.621708   48.99984  -16.50034     4.7781     4.7781    35.3221    35.3209   1115.405 0.0000e+00
   2164.456      51948   1129.000     7.1421     7.1411   3.620963   3.620784   48.99984  -16.50034     4.7799     4.7799    35.3209    35.3199   1116.391 0.0000e+00
   2165.627      51976   1130.000     7.1406     7.1353   3.620811   3.620204   48.99984  -16.50034     4.7830     4.7830    35.3202    35.3191   1117.377 0.0000e+00
   2166.957      52008   1131.000     7.1413     7.1314   3.620877   3.619818   48.99984  -16.50034     4.7888     4.7888    35.3198    35.3183   1118.363 0.0000e+00
   2168.069      52035   1132.000     7.1303     7.1269   3.619779   3.619359   48.99984  -16.50034     4.7964     4.7964    35.3185    35.3174   1119.350 0.0000e+00
   2168.956      52056   1133.000     7.1205     7.1194   3.618791   3.618569   48.99984  -16.50034     4.8027     4.8027    35.3172    35.3159   1120.336 0.0000e+00
   2169.732      52075   1134.000     7.1069     7.1070   3.617405   3.617254   48.99984  -16.50034     4.8074     4.8074    35.3154    35.3137   1121.322 0.0000e+00
   2170.476      52092   1135.000     7.0890     7.0898   3.615579   3.615459   48.99984  -16.50034     4.8109     4.8109    35.3132    35.3111   1122.308 0.0000e+00
   2171.255      52111   1136.000     7.0686     7.0693   3.613485   3.613346   48.99984  -16.50034     4.8146     4.8146    35.3106    35.3084   1123.294 0.0000e+00
   2172.147      52133   1137.000     7.0467     7.0466   3.611223   3.611040   48.99984  -16.50034     4.8188     4.8188    35.3077    35.3057   1124.280 0.0000e+00
   2173.214      52158   1138.000     7.0296     7.0295   3.609456   3.609327   48.99984  -16.50034     4.8236     4.8236    35.3052    35.3039   1125.267 0.0000e+00
   2174.328      52185   1139.000     7.0197     7.0192   3.608423   3.608281   48.99984  -16.50034     4.8275     4.8275    35.3035    35.3024   1126.253 0.0000e+00
   2175.336      52209   1140.000     7.0133     7.0121   3.607763   3.607545   48.99984  -16.50034     4.8302     4.8302    35.3023    35.3011   1127.239 0.0000e+00
   2176.263      52231   1141.000     7.0077     7.0038   3.607189   3.606678   48.99984  -16.50034     4.8364     4.8364    35.3012    35.2996   1128.225 0.0000e+00
   2177.196      52254   1142.000     6.9996     6.9919   3.606352   3.605418   48.99984  -16.50034     4.8428     4.8428    35.2999    35.2975   1129.211 0.0000e+00
   2178.243      52279   1143.000     6.9861     6.9718   3.604963   3.603304   48.99984  -16.50034     4.8490     4.8490    35.2979    35.2943   1130.197 0.0000e+00
   2179.461      52308   1144.000     6.9614     6.9502   3.602418   3.601095   48.99984  -16.50034     4.8546     4.8546    35.2946    35.2916   1131.183 0.0000e+00
   2180.647      52337   1145.000     6.9387     6.9343   3.600055   3.599442   48.99984  -16.50034     4.8607     4.8607    35.2914    35.2892   1132.169 0.0000e+00
   2181.623      52360   1146.000     6.9177     6.9151   3.597884   3.597389   48.99984  -16.50034     4.8730     4.8730    35.2884    35.2857   1133.155 0.0000e+00
   2182.428      52379   1147.000     6.8934     6.8917   3.595348   3.594906   48.99984  -16.50034     4.8847     4.8847    35.2850    35.2818   1134.141 0.0000e+00
   2183.137      52396   1148.000     6.8688     6.8662   3.592767   3.592171   48.99984  -16.50034     4.8899     4.8899    35.2812    35.2772   1135.128 0.0000e+00
   2183.804      52412   1149.000     6.8391     6.8342   3.589638   3.588723   48.99984  -16.50034     4.8883     4.8883    35.2766    35.2714   1136.114 0.0000e+00
   2184.490      52429   1150.000     6.8086     6.7980   3.586404   3.584915   48.99984  -16.50034     4.8843     4.8843    35.2716    35.2660   1137.100 0.0000e+00
   2185.288      52448   1151.000     6.7894     6.7649   3.584328   3.581449   48.99984  -16.50034     4.8832     4.8832    35.2679    35.2612   1138.086 0.0000e+00
   2186.450      52476   1152.000     6.7965     6.7316   3.585025   3.578065   48.99984  -16.50034     4.8901     4.8901    35.2679    35.2573   1139.072 0.0000e+00
   2188.053      52514   1153.000     6.7910     6.7166   3.584452   3.576524   48.99984  -16.50034     4.8995     4.8995    35.2667    35.2551   1140.058 0.0000e+00
   2189.284      52544   1154.000     6.7383     6.7132   3.578953   3.576088   48.99984  -16.50034     4.9044     4.9044    35.2593    35.2533   1141.044 0.0000e+00
   2190.186      52565   1155.000     6.7135     6.7046   3.576357   3.575220   48.99984  -16.50034     4.9070     4.9070    35.2556    35.2521   1142.030 0.0000e+00
   2190.967      52584   1156.000     6.7020     6.6988   3.575167   3.574682   48.99984  -16.50034     4.9086     4.9086    35.2537    35.2516   1143.016 0.0000e+00
   2191.706      52602   1157.000     6.6966     6.6960   3.574621   3.574458   48.99984  -16.50034     4.9109     4.9109    35.2528    35.2515   1144.002 0.0000e+00
   2192.456      52620   1158.000     6.6925     6.6931   3.574230   3.574166   48.99984  -16.50034     4.9120     4.9120    35.2521    35.2508   1144.988 0.0000e+00
