Data_example/SBE_Data_Processed/DY103/SeaBird/Data/Batch/DY103_CTD06c.cnv
* Sea-Bird SBE 9 Data File:
* FileName = C:\Users\sandm\Documents\Cruises\DY103\Data\CTD Raw Data\DY103_CTD06.hex
* Software Version Seasave V 7.26.7.121
* Temperature SN = 03P-4814
* Conductivity SN = 04C-2165
* Number of Bytes Per Scan = 41
* Number of Voltage Words = 4
* Number of Scans Averaged by the Deck Unit = 1
* NMEA Latitude = 48 56.60 N
* NMEA Longitude = 016 29.40 W
* NMEA UTC (Time) = Jul 01 2019  13:15:58
** Ship: RRS Discovery
** Cruise: DY103
** Cast: 06
** Station: 019
** Julian Day: 182
** Date: 01/07/19
** Time: 13:15
** Latitude: 48 56.60'N
** Longitude: 16 29.40'W
** Depth (uncorr m): 4810
** Principal Scientist: S Hartman
** Operator: J Wynar/T Powell
# nquan = 12
# nvalues = 18331                                 
# units = specified
# name 0 = timeS: Time, Elapsed [seconds]
# name 1 = scan: Scan Count
# name 2 = prDM: Pressure, Digiquartz [db]
# name 3 = t090C: Temperature [ITS-90, deg C]
# name 4 = t190C: Temperature, 2 [ITS-90, deg C]
# name 5 = c0S/m: Conductivity [S/m]
# name 6 = c1S/m: Conductivity, 2 [S/m]
# name 7 = latitude: Latitude [deg]
# name 8 = longitude: Longitude [deg]
# name 9 = sbeox0ML/L: Oxygen, SBE 43 [ml/l]
# name 10 = sbeox0ML/L: Oxygen, SBE 43 [ml/l]
# name 11 = flag:  0.000e+00
# span 0 =     12.500,    776.250                 
# span 1 =        301,      18631                 
# span 2 =      0.316,    105.884                 
# span 3 =    11.9283,    16.0605                 
# span 4 =    11.9287,    17.2318                 
# span 5 =   0.059856,   4.443353                 
# span 6 =   0.027634,   4.482659                 
# span 7 =   48.94334,   48.94342                 
# span 8 =  -16.49000,  -16.48996                 
# span 9 =     3.6567,     7.7065                 
# span 10 =     3.6567,     7.7065                
# span 11 = 0.0000e+00, 0.0000e+00                
# interval = seconds: 0.0416667
# start_time = Jul 01 2019 13:15:59 [System UTC, first data scan.]
# bad_flag = -9.990e-29
*END*
[from data line 6617]
    288.208       6918      0.536    15.1191    17.1391   0.161176   0.042295   48.94340  -16.48996     7.3094     7.3094  0.000e+00
    288.250       6919      0.576    15.1166    17.1378   0.160716   0.042659   48.94340  -16.48996     7.3139     7.3139  0.000e+00
    288.292       6920      0.536    15.1146    17.1366   0.160305   0.043048   48.94340  -16.48996     7.3101     7.3101  0.000e+00
    288.333       6921      0.506    15.1123    17.1349   0.160320   0.043333   48.94340  -16.48996     7.3101     7.3101  0.000e+00
    288.375       6922      0.536    15.1106    17.1339   0.160007   0.043637   48.94340  -16.48996     7.3105     7.3105  0.000e+00
    288.417       6923      0.576    15.1086    17.1323   0.159989   0.043810   48.94334  -16.49000     7.3105     7.3105  0.000e+00
    288.458       6924      0.536    15.1066    17.1313   0.159769   0.044108   48.94334  -16.49000     7.3104     7.3104  0.000e+00
    288.500       6925      0.576    15.1053    17.1303   0.159204   0.044166   48.94334  -16.49000     7.3109     7.3109  0.000e+00
    288.542       6926      0.467    15.1035    17.1291   0.159550   0.044229   48.94334  -16.49000     7.3105     7.3105  0.000e+00
    288.583       6927      0.576    15.1019    17.1277   0.160418   0.044239   48.94340  -16.48996     7.3106     7.3106  0.000e+00
    288.625       6928      0.536    15.1004    17.1265   0.160192   0.044418   48.94340  -16.48996     7.3105     7.3105  0.000e+00
    288.667       6929      0.506    15.0987    17.1255   0.160281   0.044503   48.94340  -16.48996     7.3107     7.3107  0.000e+00
    288.708       6930      0.615    15.0970    17.1244   0.159888   0.044658   48.94340  -16.48996     7.3111     7.3111  0.000e+00
    288.750       6931      0.506    15.0957    17.1238   0.160004   0.044740   48.94340  -16.48996     7.3112     7.3112  0.000e+00
    288.792       6932      0.467    15.0949    17.1229   0.160512   0.044925   48.94340  -16.48996     7.3107     7.3107  0.000e+00
    288.833       6933      0.576    15.0934    17.1216   0.159687   0.045017   48.94340  -16.48996     7.3112     7.3112  0.000e+00
    288.875       6934      0.576    15.0923    17.1203   0.158829   0.045080   48.94340  -16.48996     7.3116     7.3116  0.000e+00
    288.917       6935      0.536    15.0916    17.1196   0.158869   0.045087   48.94340  -16.48996     7.3117     7.3117  0.000e+00
    288.958       6936      0.576    15.0905    17.1187   0.159401   0.045229   48.94340  -16.48996     7.3117     7.3117  0.000e+00
    289.000       6937      0.536    15.0897    17.1182   0.159517   0.045251   48.94340  -16.48996     7.3117     7.3117  0.000e+00
    289.042       6938      0.507    15.0886    17.1171   0.159377   0.045412   48.94340  -16.48996     7.3076     7.3076  0.000e+00
    289.083       6939      0.615    15.0878    17.1163   0.159134   0.045357   48.94340  -16.48996     7.3117     7.3117  0.000e+00
    289.125       6940      0.427    15.0870    17.1150   0.159222   0.045421   48.94340  -16.48996     7.3074     7.3074  0.000e+00
    289.167       6941      0.615    15.0863    17.1144   0.159389   0.045457   48.94340  -16.48996     7.3072     7.3072  0.000e+00
    289.208       6942      0.576    15.0853    17.1138   0.159864   0.045473   48.94340  -16.48996     7.3064     7.3064  0.000e+00
    289.250       6943      0.536    15.0846    17.1130   0.160436   0.045506   48.94340  -16.48996     7.3016     7.3016  0.000e+00
    289.292       6944      0.507    15.0838    17.1126   0.160573   0.045673   48.94340  -16.48996     7.3010     7.3010  0.000e+00
    289.333       6945      0.536    15.0831    17.1120   0.159815   0.045898   48.94340  -16.48996     7.2963     7.2963  0.000e+00
    289.375       6946      0.576    15.0824    17.1115   0.158136   0.046136   48.94340  -16.48996     7.2959     7.2959  0.000e+00
    289.417       6947      0.536    15.0823    17.1114   0.157923   0.046230   48.94334  -16.49000     7.2950     7.2950  0.000e+00
    289.458       6948      0.507    15.0818    17.1106   0.159310   0.046251   48.94334  -16.49000     7.2894     7.2894  0.000e+00
    289.500       6949      0.536    15.0809    17.1105   0.159322   0.046494   48.94334  -16.49000     7.2882     7.2882  0.000e+00
    289.542       6950      0.576    15.0804    17.1103   0.158948   0.046592   48.94334  -16.49000     7.2830     7.2830  0.000e+00
    289.583       6951      0.536    15.0799    17.1098   0.158811   0.046796   48.94340  -16.48996     7.2772     7.2772  0.000e+00
    289.625       6952      0.507    15.0798    17.1093   0.157057   0.046853   48.94340  -16.48996     7.2759     7.2759  0.000e+00
    289.667       6953      0.536    15.0789    17.1091   0.159648   0.047091   48.94340  -16.48996     7.2693     7.2693  0.000e+00
    289.708       6954      0.507    15.0787    17.1087   0.161809   0.048049   48.94340  -16.48996     7.2667     7.2667  0.000e+00
    289.750       6955      0.536    15.0779    17.1082   0.157011   0.048661   48.94340  -16.48996     7.2621     7.2621  0.000e+00
    289.792       6956      0.507    15.0774    17.1078   0.156853   0.049489   48.94340  -16.48996     7.2600     7.2600  0.000e+00
    289.833       6957      0.685    15.0772    17.1074   0.160077   0.049069   48.94340  -16.48996     7.2487     7.2487  0.000e+00
    289.875       6958      0.427    15.0769    17.1073   0.158769   0.048947   48.94340  -16.48996     7.2462     7.2462  0.000e+00
    289.917       6959      0.576    15.0767    17.1074   0.158927   0.049261   48.94340  -16.48996     7.2400     7.2400  0.000e+00
    289.958       6960      0.467    15.0769    17.1079   0.159021   0.047821   48.94340  -16.48996     7.2329     7.2329  0.000e+00
    290.000       6961      0.645    15.0767    17.1081   0.159657   0.048037   48.94340  -16.48996     7.2300     7.2300  0.000e+00
    290.042       6962      0.536    15.0766    17.1079   0.160424   0.048850   48.94340  -16.48996     7.2185     7.2185  0.000e+00
    290.083       6963      0.507    15.0766    17.1072   0.158066   0.047836   48.94340  -16.48996     7.2159     7.2159  0.000e+00
    290.125       6964      0.615    15.0767    17.1066   0.158203   0.048071   48.94340  -16.48996     7.2090     7.2090  0.000e+00
    290.167       6965      0.427    15.0769    17.1064   0.158468   0.047781   48.94340  -16.48996     7.2013     7.2013  0.000e+00
    290.208       6966      0.615    15.0774    17.1057   0.158985   0.047462   48.94340  -16.48996     7.1937     7.1937  0.000e+00
    290.250       6967      0.645    15.0776    17.1057   0.158902   0.046972   48.94340  -16.48996     7.1861     7.1861  0.000e+00
    290.292       6968      0.536    15.0781    17.1053   0.155483   0.046625   48.94340  -16.48996     7.1838     7.1838  0.000e+00
    290.333       6969      0.576    15.0787    17.1045   0.154830   0.046111   48.94340  -16.48996     7.1722     7.1722  0.000e+00
    290.375       6970      0.615    15.0790    17.1038   0.156902   0.044518   48.94340  -16.48996     7.1680     7.1680  0.000e+00
    290.417       6971      0.576    15.0791    17.1024   0.156227   0.043907   48.94334  -16.49000     7.1606     7.1606  0.000e+00
    290.458       6972      0.536    15.0793    17.1011   0.155908   0.043285   48.94334  -16.49000     7.1529     7.1529  0.000e+00
    290.500       6973      0.576    15.0793    17.0999   0.156957   0.041581   48.94334  -16.49000     7.1493     7.1493  0.000e+00
    290.542       6974      0.615    15.0791    17.0984   0.158206   0.041421   48.94334  -16.49000     7.1417     7.1417  0.000e+00
    290.583       6975      0.507    15.0787    17.0963   0.158869   0.040923   48.94340  -16.48996     7.1341     7.1341  0.000e+00
    290.625       6976      0.536    15.0784    17.0948   0.159666   0.040040   48.94340  -16.48996     7.1266     7.1266  0.000e+00
    290.667       6977      0.645    15.0779    17.0925   0.159779   0.040234   48.94340  -16.48996     7.1237     7.1237  0.000e+00
    290.708       6978      0.467    15.0776    17.0905   0.162229   0.040137   48.94340  -16.48996     7.1160     7.1160  0.000e+00
    290.750       6979      0.507    15.0771    17.0884   0.161998   0.040695   48.94340  -16.48996     7.1136     7.1136  0.000e+00
    290.792       6980      0.615    15.0767    17.0863   0.159636   0.041342   48.94340  -16.48996     7.1080     7.1080  0.000e+00
    290.833       6981      0.576    15.0766    17.0841   0.160345   0.042000   48.94340  -16.48996     7.1014     7.1014  0.000e+00
    290.875       6982      0.467    15.0762    17.0818   0.161681   0.042535   48.94340  -16.48996     7.0989     7.0989  0.000e+00
    290.917       6983      0.576    15.0758    17.0799   0.161949   0.042811   48.94340  -16.48996     7.0932     7.0932  0.000e+00
    290.958       6984      0.576    15.0754    17.0781   0.161727   0.043446   48.94340  -16.48996     7.0918     7.0918  0.000e+00
    291.000       6985      0.467    15.0753    17.0763   0.161776   0.043722   48.94340  -16.48996     7.0907     7.0907  0.000e+00
    291.042       6986      0.645    15.0750    17.0747   0.161712   0.044071   48.94340  -16.48996     7.0861     7.0861  0.000e+00
    291.083       6987      0.467    15.0750    17.0733   0.161255   0.045296   48.94340  -16.48996     7.0852     7.0852  0.000e+00
    291.125       6988      0.645    15.0754    17.0716   0.160342   0.045561   48.94340  -16.48996     7.0856     7.0856  0.000e+00
    291.167       6989      0.536    15.0761    17.0700   0.159134   0.046516   48.94340  -16.48996     7.0816     7.0816  0.000e+00
    291.208       6990      0.576    15.0764    17.0688   0.157631   0.047468   48.94340  -16.48996     7.0779     7.0779  0.000e+00
    291.250       6991      0.616    15.0777    17.0676   0.156960   0.047562   48.94340  -16.48996     7.0783     7.0783  0.000e+00
    291.292       6992      0.576    15.0786    17.0660   0.156139   0.048229   48.94340  -16.48996     7.0788     7.0788  0.000e+00
    291.333       6993      0.616    15.0799    17.0649   0.154681   0.048585   48.94340  -16.48996     7.0800     7.0800  0.000e+00
    291.375       6994      0.576    15.0812    17.0634   0.153746   0.048253   48.94340  -16.48996     7.0768     7.0768  0.000e+00
    291.417       6995      0.616    15.0826    17.0619   0.152806   0.048655   48.94334  -16.49000     7.0737     7.0737  0.000e+00
    291.458       6996      0.576    15.0839    17.0606   0.151659   0.048454   48.94334  -16.49000     7.0750     7.0750  0.000e+00
    291.500       6997      0.616    15.0854    17.0591   0.150308   0.048302   48.94334  -16.49000     7.0723     7.0723  0.000e+00
    291.542       6998      0.576    15.0866    17.0579   0.149408   0.048670   48.94334  -16.49000     7.0738     7.0738  0.000e+00
    291.583       6999      0.616    15.0876    17.0561   0.149674   0.048573   48.94340  -16.48996     7.0708     7.0708  0.000e+00
    291.625       7000      0.645    15.0890    17.0549   0.150471   0.048807   48.94340  -16.48996     7.0717     7.0717  0.000e+00
    291.667       7001      0.536    15.0900    17.0536   0.149580   0.049249   48.94340  -16.48996     7.0691     7.0691  0.000e+00
    291.708       7002      0.576    15.0910    17.0523   0.148820   0.049429   48.94340  -16.48996     7.0664     7.0664  0.000e+00
    291.750       7003      0.616    15.0922    17.0508   0.149441   0.050236   48.94340  -16.48996     7.0676     7.0676  0.000e+00
    291.792       7004      0.576    15.0928    17.0496   0.150877   0.051019   48.94340  -16.48996     7.0645     7.0645  0.000e+00
    291.833       7005      0.616    15.0937    17.0486   0.151317   0.051885   48.94340  -16.48996     7.0660     7.0660  0.000e+00
    291.875       7006      0.576    15.0949    17.0476   0.149902   0.052974   48.94340  -16.48996     7.0677     7.0677  0.000e+00
    291.917       7007      0.616    15.0958    17.0467   0.149762   0.053825   48.94340  -16.48996     7.0695     7.0695  0.000e+00
    291.958       7008      0.645    15.0970    17.0460   0.149926   0.054753   48.94340  -16.48996     7.0713     7.0713  0.000e+00
    292.000       7009      0.576    15.0982    17.0453   0.149477   0.055730   48.94340  -16.48996     7.0733     7.0733  0.000e+00
    292.042       7010      0.616    15.0995    17.0453   0.147664   0.055767   48.94340  -16.48996     7.0804     7.0804  0.000e+00
    292.083       7011      0.645    15.1009    17.0450   0.147110   0.055651   48.94340  -16.48996     7.0786     7.0786  0.000e+00
    292.125       7012      0.536    15.1022    17.0451   0.147304   0.055559   48.94340  -16.48996     7.0850     7.0850  0.000e+00
    292.167       7013      0.645    15.1036    17.0451   0.147222   0.056008   48.94340  -16.48996     7.0878     7.0878  0.000e+00
    292.208       7014      0.616    15.1049    17.0455   0.144920   0.056375   48.94340  -16.48996     7.0911     7.0911  0.000e+00
    292.250       7015      0.576    15.1064    17.0458   0.141163   0.056628   48.94340  -16.48996     7.0990     7.0990  0.000e+00
    292.292       7016      0.616    15.1081    17.0462   0.140224   0.055641   48.94340  -16.48996     7.1107     7.1107  0.000e+00
    292.333       7017      0.576    15.1094    17.0469   0.140780   0.054960   48.94340  -16.48996     7.1145     7.1145  0.000e+00
    292.375       7018      0.685    15.1105    17.0476   0.139154   0.053157   48.94340  -16.48996     7.1185     7.1185  0.000e+00
    292.417       7019      0.576    15.1114    17.0479   0.139697   0.052367   48.94334  -16.49000     7.1263     7.1263  0.000e+00
    292.458       7020      0.536    15.1123    17.0484   0.139902   0.051921   48.94334  -16.49000     7.1345     7.1345  0.000e+00
    292.500       7021      0.645    15.1133    17.0493   0.137258   0.051089   48.94334  -16.49000     7.1437     7.1437  0.000e+00
    292.542       7022      0.536    15.1138    17.0494   0.139694   0.051159   48.94334  -16.49000     7.1519     7.1519  0.000e+00
    292.583       7023      0.576    15.1145    17.0501   0.139884   0.050772   48.94340  -16.48996     7.1568     7.1568  0.000e+00
    292.625       7024      0.616    15.1149    17.0507   0.138114   0.050824   48.94340  -16.48996     7.1705     7.1705  0.000e+00
    292.667       7025      0.507    15.1153    17.0512   0.137219   0.050595   48.94340  -16.48996     7.1758     7.1758  0.000e+00
    292.708       7026      0.616    15.1155    17.0516   0.141933   0.049831   48.94340  -16.48996     7.1840     7.1840  0.000e+00
    292.750       7027      0.576    15.1155    17.0520   0.145232   0.050800   48.94340  -16.48996     7.1882     7.1882  0.000e+00
    292.792       7028      0.536    15.1153    17.0527   0.142102   0.051766   48.94340  -16.48996     7.2029     7.2029  0.000e+00
    292.833       7029      0.576    15.1155    17.0528   0.142875   0.051937   48.94340  -16.48996     7.2084     7.2084  0.000e+00
    292.875       7030      0.616    15.1158    17.0529   0.146456   0.051638   48.94340  -16.48996     7.2211     7.2211  0.000e+00
    292.917       7031      0.576    15.1158    17.0527   0.147331   0.052894   48.94340  -16.48996     7.2268     7.2268  0.000e+00
    292.958       7032      0.536    15.1158    17.0532   0.145274   0.053929   48.94340  -16.48996     7.2371     7.2371  0.000e+00
    293.000       7033      0.576    15.1160    17.0537   0.144932   0.054869   48.94340  -16.48996     7.2472     7.2472  0.000e+00
    293.042       7034      0.645    15.1161    17.0539   0.143482   0.055284   48.94340  -16.48996     7.2537     7.2537  0.000e+00
    293.083       7035      0.467    15.1158    17.0545   0.145658   0.054704   48.94340  -16.48996     7.2628     7.2628  0.000e+00
    293.125       7036      0.576    15.1155    17.0551   0.146944   0.054902   48.94340  -16.48996     7.2726     7.2726  0.000e+00
