Data_example/SBE_Data_Processed/DY103/SeaBird/Data/Batch/DY103_CTD02cfaldb.cnv
* Sea-Bird SBE 9 Data File:
* FileName = C:\Users\sandm\Documents\Cruises\DY103\Data\CTD Raw Data\DY103_CTD02.hex
* Software Version Seasave V 7.26.7.121
* Temperature SN = 03P-4814
* Conductivity SN = 04C-2165
* Number of Bytes Per Scan = 41
* Number of Voltage Words = 4
* Number of Scans Averaged by the Deck Unit = 1
* NMEA Latitude = 49 00.00 N
* NMEA Longitude = 016 30.03 W
* NMEA UTC (Time) = Jun 24 2019  05:23:35
** Ship: RRS Discovery
** Cruise: DY103
** Cast: 02
** Station: 002
** Julian Day: 175
** Date: 24/06/19
** Time: 05:15
** Latitude: 49 0.01'N
** Longitude: 16 30.02'W
** Depth (uncorr m): 3616
** Principal Scientist: S Hartman
** Operator: J Wynar/T Powell
# nquan = 15
# nvalues = 4926                        
# units = specified
# name 0 = timeS: Time, Elapsed [seconds]
# name 1 = scan: Scan Count
# name 2 = prDM: Pressure, Digiquartz [db]
# name 3 = t090C: Temperature [ITS-90, deg C]
# name 4 = t190C: Temperature, 2 [ITS-90, deg C]
# name 5 = c0S/m: Conductivity [S/m]
# name 6 = c1S/m: Conductivity, 2 [S/m]
# name 7 = latitude: Latitude [deg]
# name 8 = longitude: Longitude [deg]
# name 9 = sbeox0ML/L: Oxygen, SBE 43 [ml/l]
# name 10 = sbeox0ML/L: Oxygen, SBE 43 [ml/l]
# name 11 = sal00: Salinity, Practical [PSU]
# name 12 = sal11: Salinity, Practical, 2 [PSU]
# name 13 = depSM: Depth [salt water, m], lat = 49
# name 14 = flag: flag
# span 0 =    177.140,   5446.380       
# span 1 =       4252,     130714       
# span 2 =      1.000,   4927.000       
# span 3 =     2.5341,    15.1640       
# span 4 =     2.5337,    15.1963       
# span 5 =   3.272841,   4.374238       
# span 6 =   2.751841,   4.326173       
# span 7 =   48.97372,   49.00011       
# span 8 =  -16.50046,  -16.49156       
# span 9 =     3.9203,     6.1849       
# span 10 =     3.9203,     6.1849      
# span 11 =    26.3686,    35.6788      
# span 12 =    21.4776,    35.5010      
# span 13 =      0.992,   4829.520      
# span 14 = 0.0000e+00, 0.0000e+00      
# interval = decibars: 1                
# start_time = Jun 24 2019 05:23:36 [System UTC, first data scan.]
# bad_flag = -9.990e-29
*END*
[from data line 1735]
   2346.786      56324   1737.000     3.9811     3.9823   3.323894   3.324138   49.00009  -16.50043     6.0124     6.0124    34.9342    34.9358   1715.131 0.0000e+00
   2347.595      56343   1738.000     3.9818     3.9830   3.324019   3.324248   49.00009  -16.50043     6.0141     6.0141    34.9345    34.9359   1716.114 0.0000e+00
   2348.429      56363   1739.000     3.9817     3.9827   3.324057   3.324269   49.00009  -16.50043     6.0168     6.0168    34.9346    34.9360   1717.097 0.0000e+00
   2349.300      56384   1740.000     3.9807     3.9818   3.324014   3.324224   49.00009  -16.50043     6.0174     6.0174    34.9346    34.9359   1718.081 0.0000e+00
   2350.214      56406   1741.000     3.9797     3.9808   3.323957   3.324175   49.00009  -16.50043     6.0165     6.0165    34.9345    34.9359   1719.064 0.0000e+00
   2351.172      56429   1742.000     3.9787     3.9799   3.323913   3.324132   49.00009  -16.50043     6.0140     6.0140    34.9345    34.9359   1720.048 0.0000e+00
   2352.202      56454   1743.000     3.9780     3.9791   3.323890   3.324111   49.00009  -16.50044     6.0111     6.0111    34.9345    34.9360   1721.031 0.0000e+00
   2353.361      56482   1744.000     3.9783     3.9793   3.323970   3.324189   49.00009  -16.50044     6.0092     6.0092    34.9347    34.9362   1722.014 0.0000e+00
   2354.659      56513   1745.000     3.9791     3.9800   3.324110   3.324315   49.00009  -16.50045     6.0067     6.0067    34.9350    34.9365   1722.998 0.0000e+00
   2355.849      56541   1746.000     3.9798     3.9807   3.324235   3.324444   49.00010  -16.50044     6.0052     6.0052    34.9352    34.9367   1723.981 0.0000e+00
   2356.789      56564   1747.000     3.9805     3.9814   3.324352   3.324563   49.00010  -16.50044     6.0066     6.0066    34.9354    34.9369   1724.964 0.0000e+00
   2357.566      56583   1748.000     3.9806     3.9816   3.324408   3.324620   49.00010  -16.50044     6.0080     6.0080    34.9356    34.9370   1725.947 0.0000e+00
   2358.263      56599   1749.000     3.9805     3.9815   3.324457   3.324664   49.00010  -16.50044     6.0084     6.0084    34.9357    34.9371   1726.931 0.0000e+00
   2358.931      56615   1750.000     3.9805     3.9813   3.324512   3.324704   49.00010  -16.50044     6.0087     6.0087    34.9359    34.9373   1727.914 0.0000e+00
   2359.616      56632   1751.000     3.9803     3.9808   3.324548   3.324711   49.00009  -16.50045     6.0090     6.0090    34.9360    34.9373   1728.897 0.0000e+00
   2360.384      56650   1752.000     3.9797     3.9795   3.324536   3.324635   49.00009  -16.50045     6.0086     6.0086    34.9360    34.9373   1729.881 0.0000e+00
   2361.404      56675   1753.000     3.9789     3.9772   3.324502   3.324462   49.00009  -16.50045     6.0082     6.0082    34.9359    34.9372   1730.864 0.0000e+00
   2362.961      56712   1754.000     3.9787     3.9751   3.324513   3.324304   49.00009  -16.50045     6.0063     6.0063    34.9358    34.9371   1731.847 0.0000e+00
   2364.430      56747   1755.000     3.9759     3.9741   3.324296   3.324243   49.00009  -16.50045     6.0062     6.0062    34.9357    34.9371   1732.831 0.0000e+00
   2365.411      56771   1756.000     3.9734     3.9733   3.324106   3.324213   49.00009  -16.50045     6.0072     6.0072    34.9356    34.9370   1733.814 0.0000e+00
   2366.219      56790   1757.000     3.9723     3.9728   3.324040   3.324204   49.00009  -16.50045     6.0073     6.0073    34.9356    34.9370   1734.797 0.0000e+00
   2366.961      56808   1758.000     3.9716     3.9725   3.324018   3.324206   49.00009  -16.50045     6.0080     6.0080    34.9355    34.9369   1735.781 0.0000e+00
   2367.682      56825   1759.000     3.9711     3.9720   3.324002   3.324201   49.00009  -16.50045     6.0099     6.0099    34.9354    34.9368   1736.764 0.0000e+00
   2368.422      56843   1760.000     3.9704     3.9714   3.323980   3.324181   49.00009  -16.50045     6.0133     6.0133    34.9354    34.9367   1737.747 0.0000e+00
   2369.220      56862   1761.000     3.9695     3.9704   3.323928   3.324122   49.00009  -16.50045     6.0176     6.0176    34.9353    34.9366   1738.730 0.0000e+00
   2370.118      56884   1762.000     3.9679     3.9687   3.323817   3.323995   49.00009  -16.50045     6.0199     6.0199    34.9351    34.9364   1739.714 0.0000e+00
   2371.170      56909   1763.000     3.9651     3.9660   3.323583   3.323776   49.00009  -16.50045     6.0184     6.0184    34.9349    34.9361   1740.697 0.0000e+00
   2372.492      56941   1764.000     3.9624     3.9626   3.323357   3.323491   49.00009  -16.50045     6.0159     6.0159    34.9346    34.9359   1741.680 0.0000e+00
   2374.057      56978   1765.000     3.9621     3.9602   3.323360   3.323304   49.00010  -16.50045     6.0153     6.0153    34.9344    34.9357   1742.663 0.0000e+00
   2375.281      57008   1766.000     3.9588     3.9584   3.323085   3.323165   49.00010  -16.50045     6.0172     6.0172    34.9342    34.9355   1743.647 0.0000e+00
   2376.157      57029   1767.000     3.9558     3.9563   3.322832   3.322985   49.00011  -16.50045     6.0199     6.0199    34.9339    34.9352   1744.630 0.0000e+00
   2376.880      57046   1768.000     3.9535     3.9543   3.322647   3.322829   49.00011  -16.50045     6.0234     6.0234    34.9337    34.9350   1745.613 0.0000e+00
   2377.530      57062   1769.000     3.9519     3.9527   3.322532   3.322711   49.00010  -16.50045     6.0259     6.0259    34.9335    34.9348   1746.596 0.0000e+00
   2378.155      57077   1770.000     3.9503     3.9507   3.322413   3.322552   49.00010  -16.50045     6.0273     6.0273    34.9333    34.9345   1747.579 0.0000e+00
   2378.796      57092   1771.000     3.9483     3.9484   3.322257   3.322370   49.00010  -16.50045     6.0275     6.0275    34.9331    34.9343   1748.563 0.0000e+00
   2379.516      57109   1772.000     3.9464     3.9463   3.322112   3.322204   49.00009  -16.50045     6.0270     6.0270    34.9328    34.9340   1749.546 0.0000e+00
   2380.487      57133   1773.000     3.9465     3.9443   3.322140   3.322051   49.00009  -16.50045     6.0264     6.0264    34.9327    34.9338   1750.529 0.0000e+00
   2382.034      57170   1774.000     3.9489     3.9430   3.322419   3.321952   49.00010  -16.50045     6.0266     6.0266    34.9329    34.9336   1751.512 0.0000e+00
   2383.486      57205   1775.000     3.9471     3.9416   3.322283   3.321856   49.00010  -16.50045     6.0285     6.0285    34.9327    34.9334   1752.495 0.0000e+00
   2384.428      57227   1776.000     3.9420     3.9397   3.321834   3.321698   49.00010  -16.50045     6.0295     6.0295    34.9323    34.9332   1753.479 0.0000e+00
   2385.213      57246   1777.000     3.9381     3.9374   3.321493   3.321522   49.00010  -16.50045     6.0302     6.0302    34.9319    34.9330   1754.462 0.0000e+00
   2385.958      57264   1778.000     3.9356     3.9358   3.321291   3.321411   49.00010  -16.50045     6.0301     6.0301    34.9317    34.9329   1755.445 0.0000e+00
   2386.731      57283   1779.000     3.9337     3.9343   3.321142   3.321304   49.00009  -16.50045     6.0298     6.0298    34.9315    34.9327   1756.428 0.0000e+00
   2387.614      57304   1780.000     3.9319     3.9328   3.321009   3.321205   49.00009  -16.50045     6.0288     6.0288    34.9313    34.9326   1757.411 0.0000e+00
   2388.667      57329   1781.000     3.9306     3.9315   3.320916   3.321116   49.00009  -16.50045     6.0275     6.0275    34.9311    34.9325   1758.395 0.0000e+00
   2389.741      57355   1782.000     3.9292     3.9301   3.320826   3.321023   49.00009  -16.50045     6.0280     6.0280    34.9310    34.9324   1759.378 0.0000e+00
   2390.664      57377   1783.000     3.9273     3.9281   3.320687   3.320876   49.00010  -16.50045     6.0301     6.0301    34.9309    34.9323   1760.361 0.0000e+00
   2391.489      57397   1784.000     3.9250     3.9259   3.320527   3.320716   49.00009  -16.50045     6.0321     6.0321    34.9309    34.9323   1761.344 0.0000e+00
   2392.297      57416   1785.000     3.9232     3.9239   3.320400   3.320578   49.00010  -16.50045     6.0337     6.0337    34.9309    34.9323   1762.327 0.0000e+00
   2393.176      57437   1786.000     3.9212     3.9218   3.320260   3.320432   49.00009  -16.50045     6.0337     6.0337    34.9309    34.9322   1763.310 0.0000e+00
   2394.263      57463   1787.000     3.9200     3.9205   3.320201   3.320361   49.00009  -16.50045     6.0318     6.0318    34.9309    34.9324   1764.294 0.0000e+00
   2395.590      57495   1788.000     3.9195     3.9201   3.320202   3.320386   49.00009  -16.50045     6.0297     6.0297    34.9310    34.9326   1765.277 0.0000e+00
   2396.747      57523   1789.000     3.9184     3.9195   3.320152   3.320386   49.00009  -16.50045     6.0295     6.0295    34.9311    34.9327   1766.260 0.0000e+00
   2397.647      57545   1790.000     3.9175     3.9187   3.320113   3.320359   49.00009  -16.50044     6.0318     6.0318    34.9311    34.9327   1767.243 0.0000e+00
   2398.422      57563   1791.000     3.9169     3.9183   3.320101   3.320355   49.00009  -16.50044     6.0340     6.0340    34.9311    34.9326   1768.226 0.0000e+00
   2399.137      57580   1792.000     3.9165     3.9178   3.320108   3.320351   49.00009  -16.50044     6.0345     6.0345    34.9311    34.9326   1769.209 0.0000e+00
   2399.841      57597   1793.000     3.9161     3.9172   3.320111   3.320336   49.00010  -16.50044     6.0335     6.0335    34.9311    34.9326   1770.192 0.0000e+00
   2400.582      57615   1794.000     3.9153     3.9162   3.320085   3.320283   49.00010  -16.50044     6.0313     6.0313    34.9312    34.9325   1771.175 0.0000e+00
   2401.440      57636   1795.000     3.9141     3.9144   3.320020   3.320157   49.00010  -16.50045     6.0300     6.0300    34.9311    34.9324   1772.159 0.0000e+00
   2402.566      57663   1796.000     3.9129     3.9121   3.319938   3.319982   49.00010  -16.50045     6.0320     6.0320    34.9310    34.9323   1773.142 0.0000e+00
   2403.982      57697   1797.000     3.9118     3.9109   3.319874   3.319924   49.00009  -16.50045     6.0264     6.0264    34.9309    34.9324   1774.125 0.0000e+00
   2405.271      57728   1798.000     3.9115     3.9118   3.319899   3.320084   49.00009  -16.50045     6.0224     6.0224    34.9311    34.9329   1775.108 0.0000e+00
   2406.305      57752   1799.000     3.9135     3.9143   3.320171   3.320403   49.00009  -16.50044     6.0206     6.0206    34.9317    34.9336   1776.091 0.0000e+00
   2407.191      57774   1800.000     3.9156     3.9166   3.320453   3.320688   49.00010  -16.50044     6.0202     6.0202    34.9323    34.9340   1777.074 0.0000e+00
   2408.000      57793   1801.000     3.9163     3.9173   3.320582   3.320813   49.00010  -16.50044     6.0212     6.0212    34.9326    34.9342   1778.057 0.0000e+00
   2408.774      57812   1802.000     3.9163     3.9174   3.320641   3.320872   49.00010  -16.50044     6.0229     6.0229    34.9328    34.9344   1779.040 0.0000e+00
   2409.546      57830   1803.000     3.9161     3.9171   3.320670   3.320896   49.00010  -16.50044     6.0227     6.0227    34.9329    34.9345   1780.023 0.0000e+00
   2410.347      57849   1804.000     3.9151     3.9161   3.320629   3.320842   49.00010  -16.50044     6.0199     6.0199    34.9329    34.9344   1781.006 0.0000e+00
   2411.219      57870   1805.000     3.9135     3.9143   3.320516   3.320707   49.00009  -16.50044     6.0168     6.0168    34.9328    34.9343   1781.989 0.0000e+00
   2412.226      57894   1806.000     3.9114     3.9120   3.320350   3.320527   49.00009  -16.50044     6.0168     6.0168    34.9326    34.9340   1782.973 0.0000e+00
   2413.388      57922   1807.000     3.9094     3.9101   3.320191   3.320371   49.00009  -16.50044     6.0187     6.0187    34.9323    34.9338   1783.955 0.0000e+00
   2414.532      57950   1808.000     3.9069     3.9078   3.319985   3.320182   49.00009  -16.50043     6.0234     6.0234    34.9321    34.9335   1784.938 0.0000e+00
   2415.515      57973   1809.000     3.9039     3.9051   3.319728   3.319957   49.00009  -16.50043     6.0267     6.0267    34.9317    34.9332   1785.922 0.0000e+00
   2416.381      57994   1810.000     3.9007     3.9020   3.319463   3.319699   49.00009  -16.50043     6.0288     6.0288    34.9315    34.9328   1786.905 0.0000e+00
   2417.205      58014   1811.000     3.8975     3.8988   3.319194   3.319425   49.00009  -16.50043     6.0308     6.0308    34.9312    34.9326   1787.888 0.0000e+00
   2418.068      58035   1812.000     3.8951     3.8963   3.318995   3.319232   49.00010  -16.50044     6.0322     6.0322    34.9309    34.9324   1788.871 0.0000e+00
   2419.096      58059   1813.000     3.8936     3.8947   3.318890   3.319109   49.00010  -16.50044     6.0338     6.0338    34.9307    34.9322   1789.854 0.0000e+00
   2420.324      58089   1814.000     3.8922     3.8928   3.318790   3.318967   49.00009  -16.50043     6.0350     6.0350    34.9306    34.9320   1790.837 0.0000e+00
   2421.431      58115   1815.000     3.8897     3.8903   3.318589   3.318764   49.00009  -16.50043     6.0344     6.0344    34.9303    34.9318   1791.820 0.0000e+00
   2422.335      58137   1816.000     3.8877     3.8887   3.318434   3.318654   49.00009  -16.50043     6.0353     6.0353    34.9301    34.9317   1792.803 0.0000e+00
   2423.164      58157   1817.000     3.8861     3.8872   3.318319   3.318546   49.00010  -16.50044     6.0356     6.0356    34.9300    34.9315   1793.786 0.0000e+00
   2423.999      58177   1818.000     3.8845     3.8853   3.318214   3.318411   49.00010  -16.50044     6.0354     6.0354    34.9299    34.9314   1794.769 0.0000e+00
   2424.919      58199   1819.000     3.8830     3.8835   3.318109   3.318281   49.00010  -16.50044     6.0345     6.0345    34.9299    34.9313   1795.752 0.0000e+00
   2425.977      58224   1820.000     3.8815     3.8818   3.318004   3.318163   49.00010  -16.50044     6.0320     6.0320    34.9297    34.9312   1796.735 0.0000e+00
   2427.052      58250   1821.000     3.8801     3.8806   3.317924   3.318095   49.00009  -16.50043     6.0291     6.0291    34.9297    34.9312   1797.718 0.0000e+00
   2427.981      58273   1822.000     3.8795     3.8803   3.317923   3.318121   49.00010  -16.50044     6.0284     6.0284    34.9298    34.9314   1798.701 0.0000e+00
   2428.803      58292   1823.000     3.8792     3.8801   3.317956   3.318167   49.00010  -16.50044     6.0278     6.0278    34.9301    34.9317   1799.684 0.0000e+00
   2429.591      58311   1824.000     3.8788     3.8798   3.317974   3.318193   49.00010  -16.50044     6.0259     6.0259    34.9302    34.9318   1800.667 0.0000e+00
   2430.416      58331   1825.000     3.8783     3.8793   3.317973   3.318197   49.00010  -16.50044     6.0237     6.0237    34.9303    34.9319   1801.650 0.0000e+00
   2431.361      58354   1826.000     3.8768     3.8779   3.317887   3.318116   49.00010  -16.50044     6.0234     6.0234    34.9304    34.9319   1802.633 0.0000e+00
   2432.484      58381   1827.000     3.8763     3.8775   3.317893   3.318147   49.00010  -16.50044     6.0226     6.0226    34.9305    34.9322   1803.616 0.0000e+00
   2433.649      58409   1828.000     3.8781     3.8796   3.318135   3.318442   49.00010  -16.50044     6.0175     6.0175    34.9310    34.9330   1804.598 0.0000e+00
   2434.696      58434   1829.000     3.8804     3.8820   3.318432   3.318743   49.00009  -16.50043     6.0116     6.0116    34.9316    34.9335   1805.581 0.0000e+00
   2435.642      58456   1830.000     3.8827     3.8845   3.318727   3.319068   49.00010  -16.50044     6.0058     6.0058    34.9322    34.9343   1806.564 0.0000e+00
   2436.530      58478   1831.000     3.8861     3.8878   3.319141   3.319480   49.00010  -16.50044     6.0041     6.0041    34.9330    34.9351   1807.547 0.0000e+00
   2437.384      58498   1832.000     3.8893     3.8907   3.319527   3.319829   49.00010  -16.50044     6.0049     6.0049    34.9337    34.9358   1808.530 0.0000e+00
