Data_example/SBE_Data_Processed/DY103/SeaBird/Data/Batch/DY103_CTD04cfal.cnv
* Sea-Bird SBE 9 Data File:
* FileName = C:\Users\sandm\Documents\Cruises\DY103\Data\CTD Raw Data\DY103_CTD04.hex
* Software Version Seasave V 7.26.7.121
* Temperature SN = 03P-4814
* Conductivity SN = 04C-2165
* Number of Bytes Per Scan = 41
* Number of Voltage Words = 4
* Number of Scans Averaged by the Deck Unit = 1
* NMEA Latitude = 48 56.57 N
* NMEA Longitude = 016 29.17 W
* NMEA UTC (Time) = Jun 29 2019  16:14:22
** Ship: RRS Discovery
** Cruise: DY103
** Cast: 04
** Station:
** Julian Day: 180
** Date: 29/06/19
** Time: 16:15
** Latitude: 48 56.57'N
** Longitude: 16 29.18'W
** Depth (uncorr m): 4809
** Principal Scientist: S Hartman
** Operator: J Wynar/T Powell
# nquan = 12
# nvalues = 28823                       
# units = specified
# name 0 = timeS: Time, Elapsed [seconds]
# name 1 = scan: Scan Count
# name 2 = prDM: Pressure, Digiquartz [db]
# name 3 = t090C: Temperature [ITS-90, deg C]
# name 4 = t190C: Temperature, 2 [ITS-90, deg C]
# name 5 = c0S/m: Conductivity [S/m]
# name 6 = c1S/m: Conductivity, 2 [S/m]
# name 7 = latitude: Latitude [deg]
# name 8 = longitude: Longitude [deg]
# name 9 = sbeox0ML/L: Oxygen, SBE 43 [ml/l]
# name 10 = sbeox0ML/L: Oxygen, SBE 43 [ml/l]
# name 11 = flag:  0.000e+00
# span 0 =     12.500,   1213.417       
# span 1 =        301,      29123       
# span 2 =      0.423,    105.209       
# span 3 =    11.6067,    17.2235       
# span 4 =    11.6071,    17.3806       
# span 5 =   0.057467,   4.457633       
# span 6 =   0.015279,   4.474470       
# span 7 =   48.94282,   48.94284       
# span 8 =  -16.48623,  -16.48621       
# span 9 =     3.7222,     6.2528       
# span 10 =     3.7222,     6.2528      
# span 11 = 0.0000e+00, 0.0000e+00      
# interval = seconds: 0.0416667
# start_time = Jun 29 2019 16:14:23 [System UTC, first data scan.]
# bad_flag = -9.990e-29
*END*
[from data line 16482]
    699.250      16783    104.655    11.6322    11.6321   4.018328   4.018388   48.94284  -16.48621     5.6690     5.6690 -9.990e-29
    699.292      16784    104.656    11.6322    11.6321   4.018324   4.018387   48.94284  -16.48621     5.6690     5.6690 -9.990e-29
    699.333      16785    104.657    11.6321    11.6321   4.018319   4.018387   48.94284  -16.48621     5.6689     5.6689 -9.990e-29
    699.375      16786    104.658    11.6321    11.6321   4.018314   4.018386   48.94284  -16.48621     5.6689     5.6689 -9.990e-29
    699.417      16787    104.660    11.6321    11.6321   4.018310   4.018385   48.94284  -16.48621     5.6689     5.6689 -9.990e-29
    699.458      16788    104.661    11.6320    11.6321   4.018305   4.018384   48.94284  -16.48621     5.6689     5.6689 -9.990e-29
    699.500      16789    104.663    11.6320    11.6321   4.018300   4.018383   48.94284  -16.48621     5.6689     5.6689 -9.990e-29
    699.542      16790    104.664    11.6319    11.6321   4.018295   4.018381   48.94284  -16.48621     5.6689     5.6689 -9.990e-29
    699.583      16791    104.666    11.6319    11.6321   4.018291   4.018380   48.94284  -16.48621     5.6689     5.6689 -9.990e-29
    699.625      16792    104.668    11.6319    11.6321   4.018288   4.018379   48.94284  -16.48621     5.6689     5.6689 -9.990e-29
    699.667      16793    104.670    11.6319    11.6320   4.018286   4.018377   48.94284  -16.48621     5.6689     5.6689 -9.990e-29
    699.708      16794    104.672    11.6318    11.6320   4.018284   4.018376   48.94284  -16.48621     5.6689     5.6689 -9.990e-29
    699.750      16795    104.674    11.6318    11.6320   4.018283   4.018374   48.94284  -16.48621     5.6689     5.6689 -9.990e-29
    699.792      16796    104.676    11.6318    11.6320   4.018282   4.018373   48.94284  -16.48621     5.6690     5.6690 -9.990e-29
    699.833      16797    104.679    11.6318    11.6320   4.018281   4.018371   48.94284  -16.48621     5.6690     5.6690 -9.990e-29
    699.875      16798    104.681    11.6318    11.6320   4.018281   4.018369   48.94284  -16.48621     5.6690     5.6690 -9.990e-29
    699.917      16799    104.683    11.6318    11.6320   4.018281   4.018367   48.94284  -16.48621     5.6691     5.6691 -9.990e-29
    699.958      16800    104.686    11.6318    11.6320   4.018280   4.018366   48.94284  -16.48621     5.6691     5.6691 -9.990e-29
    700.000      16801    104.688    11.6318    11.6319   4.018280   4.018364   48.94284  -16.48621     5.6692     5.6692 -9.990e-29
    700.042      16802    104.691    11.6318    11.6319   4.018280   4.018362   48.94284  -16.48621     5.6692     5.6692 -9.990e-29
    700.083      16803    104.694    11.6318    11.6319   4.018280   4.018360   48.94284  -16.48621     5.6693     5.6693 -9.990e-29
    700.125      16804    104.696    11.6318    11.6319   4.018279   4.018358   48.94284  -16.48621     5.6694     5.6694 -9.990e-29
    700.167      16805    104.699    11.6318    11.6319   4.018279   4.018356   48.94284  -16.48621     5.6694     5.6694 -9.990e-29
    700.208      16806    104.701    11.6318    11.6319   4.018278   4.018355   48.94284  -16.48621     5.6695     5.6695 -9.990e-29
    700.250      16807    104.704    11.6317    11.6319   4.018277   4.018353   48.94284  -16.48621     5.6696     5.6696 -9.990e-29
    700.292      16808    104.707    11.6317    11.6318   4.018275   4.018351   48.94284  -16.48621     5.6697     5.6697 -9.990e-29
    700.333      16809    104.709    11.6317    11.6318   4.018274   4.018348   48.94284  -16.48621     5.6698     5.6698 -9.990e-29
    700.375      16810    104.712    11.6317    11.6318   4.018272   4.018346   48.94284  -16.48621     5.6699     5.6699 -9.990e-29
    700.417      16811    104.714    11.6317    11.6318   4.018270   4.018343   48.94284  -16.48621     5.6700     5.6700 -9.990e-29
    700.458      16812    104.717    11.6316    11.6318   4.018267   4.018341   48.94284  -16.48621     5.6701     5.6701 -9.990e-29
    700.500      16813    104.719    11.6316    11.6318   4.018264   4.018338   48.94284  -16.48621     5.6702     5.6702 -9.990e-29
    700.542      16814    104.722    11.6316    11.6317   4.018261   4.018335   48.94283  -16.48621     5.6703     5.6703 -9.990e-29
    700.583      16815    104.724    11.6315    11.6317   4.018258   4.018332   48.94283  -16.48621     5.6704     5.6704 -9.990e-29
    700.625      16816    104.727    11.6315    11.6317   4.018255   4.018329   48.94283  -16.48621     5.6706     5.6706 -9.990e-29
    700.667      16817    104.729    11.6315    11.6317   4.018251   4.018327   48.94283  -16.48621     5.6707     5.6707 -9.990e-29
    700.708      16818    104.731    11.6314    11.6317   4.018248   4.018324   48.94283  -16.48621     5.6708     5.6708 -9.990e-29
    700.750      16819    104.733    11.6314    11.6316   4.018245   4.018321   48.94283  -16.48621     5.6709     5.6709 -9.990e-29
    700.792      16820    104.736    11.6314    11.6316   4.018241   4.018319   48.94283  -16.48621     5.6710     5.6710 -9.990e-29
    700.833      16821    104.738    11.6313    11.6316   4.018237   4.018317   48.94283  -16.48621     5.6711     5.6711 -9.990e-29
    700.875      16822    104.740    11.6313    11.6316   4.018234   4.018315   48.94283  -16.48621     5.6712     5.6712 -9.990e-29
    700.917      16823    104.742    11.6313    11.6316   4.018230   4.018313   48.94283  -16.48621     5.6713     5.6713 -9.990e-29
    700.958      16824    104.743    11.6312    11.6315   4.018226   4.018311   48.94283  -16.48621     5.6713     5.6713 -9.990e-29
    701.000      16825    104.745    11.6312    11.6315   4.018223   4.018309   48.94283  -16.48621     5.6714     5.6714 -9.990e-29
    701.042      16826    104.747    11.6312    11.6315   4.018219   4.018307   48.94283  -16.48621     5.6715     5.6715 -9.990e-29
    701.083      16827    104.749    11.6311    11.6315   4.018216   4.018305   48.94283  -16.48621     5.6716     5.6716 -9.990e-29
    701.125      16828    104.750    11.6311    11.6315   4.018212   4.018303   48.94283  -16.48621     5.6716     5.6716 -9.990e-29
    701.167      16829    104.752    11.6311    11.6314   4.018209   4.018301   48.94283  -16.48621     5.6717     5.6717 -9.990e-29
    701.208      16830    104.753    11.6310    11.6314   4.018205   4.018299   48.94283  -16.48621     5.6717     5.6717 -9.990e-29
    701.250      16831    104.754    11.6310    11.6314   4.018202   4.018297   48.94283  -16.48621     5.6718     5.6718 -9.990e-29
    701.292      16832    104.756    11.6310    11.6314   4.018200   4.018295   48.94283  -16.48621     5.6718     5.6718 -9.990e-29
    701.333      16833    104.757    11.6310    11.6314   4.018197   4.018293   48.94283  -16.48621     5.6718     5.6718 -9.990e-29
    701.375      16834    104.758    11.6309    11.6313   4.018195   4.018291   48.94283  -16.48621     5.6719     5.6719 -9.990e-29
    701.417      16835    104.758    11.6309    11.6313   4.018193   4.018290   48.94283  -16.48621     5.6719     5.6719 -9.990e-29
    701.458      16836    104.759    11.6309    11.6313   4.018192   4.018288   48.94283  -16.48621     5.6719     5.6719 -9.990e-29
    701.500      16837    104.760    11.6309    11.6313   4.018190   4.018286   48.94283  -16.48621     5.6719     5.6719 -9.990e-29
    701.542      16838    104.761    11.6309    11.6313   4.018189   4.018284   48.94283  -16.48621     5.6719     5.6719 -9.990e-29
    701.583      16839    104.761    11.6309    11.6313   4.018189   4.018282   48.94283  -16.48621     5.6719     5.6719 -9.990e-29
    701.625      16840    104.761    11.6309    11.6312   4.018188   4.018280   48.94283  -16.48621     5.6719     5.6719 -9.990e-29
    701.667      16841    104.762    11.6309    11.6312   4.018188   4.018278   48.94283  -16.48621     5.6719     5.6719 -9.990e-29
    701.708      16842    104.762    11.6309    11.6312   4.018188   4.018277   48.94283  -16.48621     5.6719     5.6719 -9.990e-29
    701.750      16843    104.762    11.6309    11.6312   4.018188   4.018275   48.94283  -16.48621     5.6718     5.6718 -9.990e-29
    701.792      16844    104.762    11.6309    11.6312   4.018188   4.018273   48.94283  -16.48621     5.6718     5.6718 -9.990e-29
    701.833      16845    104.762    11.6309    11.6312   4.018189   4.018271   48.94283  -16.48621     5.6718     5.6718 -9.990e-29
    701.875      16846    104.762    11.6309    11.6312   4.018190   4.018269   48.94283  -16.48621     5.6717     5.6717 -9.990e-29
    701.917      16847    104.761    11.6309    11.6311   4.018191   4.018267   48.94283  -16.48621     5.6717     5.6717 -9.990e-29
    701.958      16848    104.761    11.6309    11.6311   4.018192   4.018265   48.94283  -16.48621     5.6717     5.6717 -9.990e-29
    702.000      16849    104.760    11.6309    11.6311   4.018194   4.018264   48.94283  -16.48621     5.6716     5.6716 -9.990e-29
    702.042      16850    104.760    11.6309    11.6311   4.018196   4.018262   48.94283  -16.48621     5.6716     5.6716 -9.990e-29
    702.083      16851    104.759    11.6310    11.6311   4.018198   4.018260   48.94283  -16.48621     5.6715     5.6715 -9.990e-29
    702.125      16852    104.758    11.6310    11.6311   4.018200   4.018258   48.94283  -16.48621     5.6715     5.6715 -9.990e-29
    702.167      16853    104.758    11.6310    11.6311   4.018203   4.018256   48.94283  -16.48621     5.6714     5.6714 -9.990e-29
    702.208      16854    104.757    11.6310    11.6310   4.018205   4.018255   48.94283  -16.48621     5.6714     5.6714 -9.990e-29
    702.250      16855    104.756    11.6311    11.6310   4.018208   4.018253   48.94283  -16.48621     5.6713     5.6713 -9.990e-29
    702.292      16856    104.755    11.6311    11.6310   4.018210   4.018252   48.94283  -16.48621     5.6712     5.6712 -9.990e-29
    702.333      16857    104.754    11.6311    11.6310   4.018213   4.018250   48.94283  -16.48621     5.6712     5.6712 -9.990e-29
    702.375      16858    104.753    11.6311    11.6310   4.018215   4.018249   48.94283  -16.48621     5.6711     5.6711 -9.990e-29
    702.417      16859    104.752    11.6312    11.6310   4.018218   4.018247   48.94283  -16.48621     5.6710     5.6710 -9.990e-29
    702.458      16860    104.751    11.6312    11.6310   4.018220   4.018246   48.94283  -16.48621     5.6710     5.6710 -9.990e-29
    702.500      16861    104.750    11.6312    11.6310   4.018223   4.018244   48.94283  -16.48621     5.6709     5.6709 -9.990e-29
    702.542      16862    104.749    11.6312    11.6310   4.018226   4.018243   48.94283  -16.48621     5.6708     5.6708 -9.990e-29
    702.583      16863    104.747    11.6313    11.6310   4.018228   4.018241   48.94283  -16.48621     5.6707     5.6707 -9.990e-29
    702.625      16864    104.746    11.6313    11.6310   4.018231   4.018240   48.94283  -16.48621     5.6707     5.6707 -9.990e-29
    702.667      16865    104.745    11.6313    11.6309   4.018234   4.018238   48.94283  -16.48621     5.6706     5.6706 -9.990e-29
    702.708      16866    104.744    11.6313    11.6309   4.018237   4.018236   48.94283  -16.48621     5.6705     5.6705 -9.990e-29
    702.750      16867    104.743    11.6314    11.6309   4.018239   4.018234   48.94283  -16.48621     5.6705     5.6705 -9.990e-29
    702.792      16868    104.741    11.6314    11.6309   4.018242   4.018232   48.94283  -16.48621     5.6704     5.6704 -9.990e-29
    702.833      16869    104.740    11.6314    11.6309   4.018245   4.018229   48.94283  -16.48621     5.6703     5.6703 -9.990e-29
    702.875      16870    104.739    11.6314    11.6309   4.018247   4.018226   48.94283  -16.48621     5.6702     5.6702 -9.990e-29
    702.917      16871    104.738    11.6315    11.6308   4.018250   4.018223   48.94283  -16.48621     5.6702     5.6702 -9.990e-29
    702.958      16872    104.737    11.6315    11.6308   4.018252   4.018220   48.94283  -16.48621     5.6701     5.6701 -9.990e-29
    703.000      16873    104.736    11.6315    11.6308   4.018255   4.018217   48.94283  -16.48621     5.6700     5.6700 -9.990e-29
    703.042      16874    104.735    11.6315    11.6308   4.018257   4.018213   48.94283  -16.48621     5.6700     5.6700 -9.990e-29
    703.083      16875    104.734    11.6315    11.6307   4.018259   4.018210   48.94283  -16.48621     5.6699     5.6699 -9.990e-29
    703.125      16876    104.733    11.6316    11.6307   4.018261   4.018206   48.94283  -16.48621     5.6699     5.6699 -9.990e-29
    703.167      16877    104.732    11.6316    11.6307   4.018263   4.018202   48.94283  -16.48621     5.6698     5.6698 -9.990e-29
    703.208      16878    104.731    11.6316    11.6307   4.018265   4.018198   48.94283  -16.48621     5.6697     5.6697 -9.990e-29
    703.250      16879    104.730    11.6316    11.6306   4.018267   4.018194   48.94283  -16.48621     5.6697     5.6697 -9.990e-29
    703.292      16880    104.730    11.6316    11.6306   4.018268   4.018190   48.94283  -16.48621     5.6696     5.6696 -9.990e-29
    703.333      16881    104.729    11.6316    11.6306   4.018269   4.018186   48.94282  -16.48621     5.6695     5.6695 -9.990e-29
    703.375      16882    104.729    11.6316    11.6305   4.018270   4.018182   48.94282  -16.48621     5.6695     5.6695 -9.990e-29
    703.417      16883    104.728    11.6316    11.6305   4.018271   4.018177   48.94283  -16.48621     5.6694     5.6694 -9.990e-29
    703.458      16884    104.728    11.6316    11.6305   4.018271   4.018173   48.94283  -16.48621     5.6694     5.6694 -9.990e-29
    703.500      16885    104.728    11.6316    11.6304   4.018271   4.018168   48.94283  -16.48621     5.6693     5.6693 -9.990e-29
    703.542      16886    104.728    11.6316    11.6304   4.018272   4.018163   48.94283  -16.48622     5.6692     5.6692 -9.990e-29
    703.583      16887    104.728    11.6316    11.6304   4.018271   4.018158   48.94283  -16.48622     5.6692     5.6692 -9.990e-29
    703.625      16888    104.728    11.6316    11.6303   4.018271   4.018154   48.94283  -16.48622     5.6691     5.6691 -9.990e-29
    703.667      16889    104.728    11.6316    11.6303   4.018271   4.018149   48.94283  -16.48622     5.6691     5.6691 -9.990e-29
    703.708      16890    104.729    11.6316    11.6303   4.018270   4.018144   48.94283  -16.48622     5.6690     5.6690 -9.990e-29
    703.750      16891    104.729    11.6316    11.6302   4.018269   4.018139   48.94283  -16.48622     5.6689     5.6689 -9.990e-29
    703.792      16892    104.730    11.6316    11.6302   4.018268   4.018135   48.94283  -16.48622     5.6689     5.6689 -9.990e-29
    703.833      16893    104.731    11.6316    11.6302   4.018267   4.018130   48.94283  -16.48622     5.6688     5.6688 -9.990e-29
    703.875      16894    104.732    11.6316    11.6301   4.018265   4.018125   48.94283  -16.48622     5.6687     5.6687 -9.990e-29
    703.917      16895    104.733    11.6316    11.6301   4.018264   4.018120   48.94283  -16.48622     5.6687     5.6687 -9.990e-29
    703.958      16896    104.734    11.6316    11.6301   4.018262   4.018115   48.94283  -16.48622     5.6686     5.6686 -9.990e-29
    704.000      16897    104.735    11.6316    11.6300   4.018260   4.018110   48.94283  -16.48622     5.6686     5.6686 -9.990e-29
    704.042      16898    104.737    11.6315    11.6300   4.018258   4.018104   48.94283  -16.48622     5.6685     5.6685 -9.990e-29
    704.083      16899    104.739    11.6315    11.6299   4.018256   4.018099   48.94283  -16.48622     5.6685     5.6685 -9.990e-29
    704.125      16900    104.741    11.6315    11.6299   4.018254   4.018094   48.94283  -16.48622     5.6684     5.6684 -9.990e-29
    704.167      16901    104.743    11.6315    11.6298   4.018252   4.018089   48.94283  -16.48622     5.6684     5.6684 -9.990e-29
