Data_example/SBE_Data_Processed/DY103/SeaBird/Data/Batch/DY103_CTD03cfaldb.cnv
* Sea-Bird SBE 9 Data File:
* FileName = C:\Users\sandm\Documents\Cruises\DY103\Data\CTD Raw Data\DY103_CTD03.hex
* Software Version Seasave V 7.26.7.121
* Temperature SN = 03P-4814
* Conductivity SN = 04C-2165
* Number of Bytes Per Scan = 41
* Number of Voltage Words = 4
* Number of Scans Averaged by the Deck Unit = 1
* NMEA Latitude = 48 58.31 N
* NMEA Longitude = 016 22.36 W
* NMEA UTC (Time) = Jun 25 2019  14:52:32
** Ship: RRS Discovery
** Cruise: DY103
** Cast: 03
** Station: 005
** Julian Day: 176
** Date: 25/06/19
** Time: 14:55
** Latitude: 49 58.31'N
** Longitude: 16 22.35'W
** Depth (uncorr m): 4810
** Principal Scientist: S Hartman
** Operator: J Wynar/T Powell
# nquan = 15
# nvalues = 203                         
# units = specified
# name 0 = timeS: Time, Elapsed [seconds]
# name 1 = scan: Scan Count
# name 2 = prDM: Pressure, Digiquartz [db]
# name 3 = t090C: Temperature [ITS-90, deg C]
# name 4 = t190C: Temperature, 2 [ITS-90, deg C]
# name 5 = c0S/m: Conductivity [S/m]
# name 6 = c1S/m: Conductivity, 2 [S/m]
# name 7 = latitude: Latitude [deg]
# name 8 = longitude: Longitude [deg]
# name 9 = sbeox0ML/L: Oxygen, SBE 43 [ml/l]
# name 10 = sbeox0ML/L: Oxygen, SBE 43 [ml/l]
# name 11 = sal00: Salinity, Practical [PSU]
# name 12 = sal11: Salinity, Practical, 2 [PSU]
# name 13 = depSM: Depth [salt water, m], lat = 48.9718
# name 14 = flag: flag
# span 0 =    350.304,   1743.512       
# span 1 =       8408,      41845       
# span 2 =      1.000,    203.000       
# span 3 =    11.5648,    15.3387       
# span 4 =    11.5647,    15.3553       
# span 5 =   3.723647,   4.373228       
# span 6 =   4.004081,   4.375770       
# span 7 =   48.97181,   48.97182       
# span 8 =  -16.37261,  -16.37259       
# span 9 =     4.0289,     6.1911       
# span 10 =     4.0289,     6.1911      
# span 11 =    29.6441,    35.5347      
# span 12 =    32.1263,    35.5352      
# span 13 =      0.991,    201.180      
# span 14 = 0.0000e+00, 0.0000e+00      
# interval = decibars: 1                
# start_time = Jun 25 2019 14:52:32 [System UTC, first data scan.]
# bad_flag = -9.990e-29
*END*
[from data line 97]
    836.544      20078     98.000    11.8595    11.8621   4.043906   4.044259   48.97182  -16.37261     5.6670     5.6670    35.5209    35.5218     97.146 0.0000e+00
    838.191      20118     99.000    11.8595    11.8592   4.044088   4.044028   48.97182  -16.37261     5.6708     5.6708    35.5222    35.5218     98.137 0.0000e+00
    839.789      20156    100.000    11.8507    11.8478   4.043208   4.042829   48.97182  -16.37261     5.6714     5.6714    35.5215    35.5206     99.128 0.0000e+00
    841.724      20202    101.000    11.8413    11.8398   4.042219   4.042013   48.97182  -16.37261     5.6667     5.6667    35.5203    35.5197    100.119 0.0000e+00
    844.084      20259    102.000    11.8387    11.8385   4.041924   4.041911   48.97182  -16.37261     5.6678     5.6678    35.5194    35.5195    101.110 0.0000e+00
    849.211      20382    103.000    11.8404    11.8455   4.042130   4.042605   48.97182  -16.37261     5.6652     5.6652    35.5195    35.5192    102.101 0.0000e+00
    918.859      22054    104.000    11.8388    11.8388   4.041923   4.041948   48.97181  -16.37261     5.6659     5.6659    35.5185    35.5187    103.092 0.0000e+00
    925.853      22221    105.000    11.8564    11.8648   4.044281   4.045486   48.97181  -16.37261     5.6640     5.6640    35.5244    35.5282    104.083 0.0000e+00
    930.794      22340    106.000    11.8805    11.8827   4.047547   4.047877   48.97181  -16.37261     5.6609     5.6609    35.5329    35.5341    105.074 0.0000e+00
    936.134      22468    107.000    11.8775    11.8832   4.047229   4.047995   48.97181  -16.37261     5.6515     5.6515    35.5322    35.5343    106.065 0.0000e+00
    940.699      22578    108.000    11.8814    11.8839   4.047788   4.048122   48.97181  -16.37261     5.6514     5.6514    35.5336    35.5345    107.056 0.0000e+00
    944.965      22680    109.000    11.8833    11.8852   4.048084   4.048354   48.97181  -16.37261     5.6563     5.6563    35.5342    35.5350    108.047 0.0000e+00
    947.525      22742    110.000    11.8846    11.8854   4.048303   4.048435   48.97181  -16.37260     5.6531     5.6531    35.5347    35.5352    109.038 0.0000e+00
    950.280      22808    111.000    11.8810    11.8825   4.047970   4.048162   48.97181  -16.37260     5.6555     5.6555    35.5344    35.5348    110.029 0.0000e+00
    952.681      22865    112.000    11.8699    11.8715   4.046862   4.047039   48.97181  -16.37261     5.6557     5.6557    35.5337    35.5339    111.020 0.0000e+00
    955.216      22926    113.000    11.8624    11.8621   4.046159   4.046148   48.97181  -16.37261     5.6579     5.6579    35.5335    35.5337    112.011 0.0000e+00
    957.541      22982    114.000    11.8510    11.8492   4.045019   4.044835   48.97182  -16.37261     5.6571     5.6571    35.5328    35.5327    113.002 0.0000e+00
    959.955      23040    115.000    11.8440    11.8413   4.044294   4.044012   48.97182  -16.37260     5.6567     5.6567    35.5319    35.5317    113.993 0.0000e+00
    962.280      23096    116.000    11.8377    11.8376   4.043622   4.043621   48.97182  -16.37261     5.6625     5.6625    35.5308    35.5310    114.984 0.0000e+00
    964.247      23143    117.000    11.8337    11.8348   4.043198   4.043335   48.97182  -16.37261     5.6634     5.6634    35.5301    35.5304    115.975 0.0000e+00
    965.991      23185    118.000    11.8290    11.8280   4.042717   4.042605   48.97182  -16.37261     5.6668     5.6668    35.5294    35.5293    116.966 0.0000e+00
    967.544      23222    119.000    11.8211    11.8200   4.041916   4.041810   48.97182  -16.37261     5.6661     5.6661    35.5286    35.5287    117.957 0.0000e+00
    969.071      23259    120.000    11.8181    11.8181   4.041671   4.041691   48.97182  -16.37261     5.6634     5.6634    35.5287    35.5289    118.948 0.0000e+00
    970.733      23299    121.000    11.8146    11.8145   4.041344   4.041349   48.97182  -16.37261     5.6596     5.6596    35.5283    35.5285    119.939 0.0000e+00
    972.510      23341    122.000    11.8103    11.8099   4.040907   4.040877   48.97182  -16.37261     5.6602     5.6602    35.5277    35.5278    120.930 0.0000e+00
    974.181      23381    123.000    11.8057    11.8052   4.040438   4.040406   48.97182  -16.37261     5.6643     5.6643    35.5271    35.5272    121.921 0.0000e+00
    975.657      23417    124.000    11.8001    11.7997   4.039872   4.039831   48.97182  -16.37261     5.6667     5.6667    35.5264    35.5264    122.912 0.0000e+00
    977.152      23453    125.000    11.7912    11.7899   4.038922   4.038772   48.97182  -16.37261     5.6694     5.6694    35.5251    35.5249    123.903 0.0000e+00
    978.837      23493    126.000    11.7812    11.7801   4.037845   4.037739   48.97182  -16.37261     5.6714     5.6714    35.5237    35.5237    124.893 0.0000e+00
    980.548      23534    127.000    11.7748    11.7747   4.037172   4.037169   48.97182  -16.37261     5.6754     5.6754    35.5227    35.5228    125.884 0.0000e+00
    982.103      23571    128.000    11.7673    11.7673   4.036349   4.036325   48.97182  -16.37261     5.6756     5.6756    35.5214    35.5211    126.875 0.0000e+00
    983.529      23606    129.000    11.7523    11.7519   4.034680   4.034546   48.97182  -16.37261     5.6751     5.6751    35.5188    35.5180    127.866 0.0000e+00
    984.903      23639    130.000    11.7328    11.7318   4.032484   4.032286   48.97182  -16.37261     5.6752     5.6752    35.5154    35.5145    128.857 0.0000e+00
    986.296      23672    131.000    11.7175    11.7164   4.030765   4.030602   48.97182  -16.37261     5.6749     5.6749    35.5128    35.5121    129.848 0.0000e+00
    987.575      23703    132.000    11.7076    11.7075   4.029702   4.029663   48.97182  -16.37261     5.6789     5.6789    35.5112    35.5110    130.839 0.0000e+00
    988.668      23729    133.000    11.7033    11.7035   4.029273   4.029298   48.97182  -16.37261     5.6806     5.6806    35.5108    35.5108    131.830 0.0000e+00
    989.690      23754    134.000    11.7016    11.7021   4.029142   4.029207   48.97182  -16.37261     5.6787     5.6787    35.5106    35.5108    132.821 0.0000e+00
    990.769      23779    135.000    11.7005    11.7012   4.029071   4.029169   48.97182  -16.37261     5.6753     5.6753    35.5105    35.5108    133.812 0.0000e+00
    992.042      23810    136.000    11.7002    11.7011   4.029091   4.029233   48.97182  -16.37261     5.6689     5.6689    35.5106    35.5111    134.802 0.0000e+00
    993.492      23845    137.000    11.7008    11.7018   4.029249   4.029423   48.97182  -16.37261     5.6661     5.6661    35.5111    35.5118    135.793 0.0000e+00
    994.799      23876    138.000    11.7013    11.7023   4.029454   4.029599   48.97182  -16.37261     5.6690     5.6690    35.5121    35.5127    136.784 0.0000e+00
    995.889      23902    139.000    11.7001    11.7012   4.029476   4.029629   48.97182  -16.37261     5.6727     5.6727    35.5131    35.5135    137.775 0.0000e+00
    996.912      23927    140.000    11.6977    11.6989   4.029332   4.029485   48.97182  -16.37261     5.6725     5.6725    35.5135    35.5139    138.766 0.0000e+00
    998.010      23953    141.000    11.6952    11.6962   4.029132   4.029282   48.97182  -16.37261     5.6697     5.6697    35.5136    35.5140    139.757 0.0000e+00
    999.332      23985    142.000    11.6940    11.6948   4.029071   4.029207   48.97182  -16.37261     5.6722     5.6722    35.5136    35.5142    140.747 0.0000e+00
   1000.808      24020    143.000    11.6928    11.6939   4.029014   4.029186   48.97182  -16.37261     5.6756     5.6756    35.5137    35.5144    141.738 0.0000e+00
   1002.092      24051    144.000    11.6903    11.6913   4.028798   4.028952   48.97182  -16.37261     5.6760     5.6760    35.5136    35.5141    142.729 0.0000e+00
   1003.161      24077    145.000    11.6871    11.6879   4.028512   4.028636   48.97182  -16.37261     5.6761     5.6761    35.5134    35.5138    143.720 0.0000e+00
   1004.161      24101    146.000    11.6840    11.6847   4.028231   4.028334   48.97182  -16.37261     5.6759     5.6759    35.5132    35.5135    144.711 0.0000e+00
   1005.216      24126    147.000    11.6816    11.6822   4.028029   4.028120   48.97182  -16.37261     5.6760     5.6760    35.5130    35.5134    145.702 0.0000e+00
   1006.463      24156    148.000    11.6804    11.6805   4.027938   4.027998   48.97182  -16.37261     5.6751     5.6751    35.5129    35.5133    146.692 0.0000e+00
   1007.893      24190    149.000    11.6795    11.6797   4.027898   4.027960   48.97182  -16.37261     5.6792     5.6792    35.5128    35.5133    147.683 0.0000e+00
   1009.180      24221    150.000    11.6793    11.6797   4.027933   4.028026   48.97182  -16.37261     5.6811     5.6811    35.5129    35.5134    148.674 0.0000e+00
   1010.248      24247    151.000    11.6800    11.6805   4.028063   4.028181   48.97182  -16.37261     5.6803     5.6803    35.5131    35.5138    149.665 0.0000e+00
   1011.254      24271    152.000    11.6812    11.6819   4.028265   4.028410   48.97182  -16.37261     5.6794     5.6794    35.5135    35.5142    150.656 0.0000e+00
   1012.344      24297    153.000    11.6825    11.6832   4.028485   4.028621   48.97182  -16.37261     5.6813     5.6813    35.5139    35.5147    151.646 0.0000e+00
   1013.637      24328    154.000    11.6832    11.6835   4.028629   4.028712   48.97182  -16.37261     5.6814     5.6814    35.5142    35.5148    152.637 0.0000e+00
   1015.113      24364    155.000    11.6827    11.6829   4.028633   4.028691   48.97182  -16.37261     5.6780     5.6780    35.5143    35.5147    153.628 0.0000e+00
   1016.540      24398    156.000    11.6809    11.6808   4.028466   4.028482   48.97182  -16.37261     5.6815     5.6815    35.5140    35.5142    154.619 0.0000e+00
   1017.726      24426    157.000    11.6774    11.6772   4.028104   4.028105   48.97182  -16.37261     5.6839     5.6839    35.5134    35.5135    155.609 0.0000e+00
   1018.727      24450    158.000    11.6717    11.6714   4.027497   4.027458   48.97182  -16.37261     5.6830     5.6830    35.5124    35.5122    156.600 0.0000e+00
   1019.702      24474    159.000    11.6652    11.6650   4.026798   4.026791   48.97182  -16.37261     5.6838     5.6838    35.5113    35.5113    157.591 0.0000e+00
   1020.847      24501    160.000    11.6618    11.6610   4.026458   4.026395   48.97182  -16.37261     5.6871     5.6871    35.5107    35.5108    158.582 0.0000e+00
   1022.291      24536    161.000    11.6591    11.6564   4.026198   4.025916   48.97182  -16.37261     5.6949     5.6949    35.5102    35.5100    159.573 0.0000e+00
   1023.671      24569    162.000    11.6495    11.6469   4.025165   4.024844   48.97182  -16.37261     5.6969     5.6969    35.5088    35.5081    160.563 0.0000e+00
   1024.779      24596    163.000    11.6350    11.6331   4.023564   4.023293   48.97182  -16.37261     5.6999     5.6999    35.5065    35.5056    161.554 0.0000e+00
   1025.803      24620    164.000    11.6222    11.6210   4.022135   4.021967   48.97182  -16.37261     5.7014     5.7014    35.5042    35.5037    162.545 0.0000e+00
   1026.926      24647    165.000    11.6140    11.6131   4.021227   4.021116   48.97182  -16.37261     5.6986     5.6986    35.5026    35.5024    163.535 0.0000e+00
   1028.260      24679    166.000    11.6094    11.6087   4.020724   4.020673   48.97182  -16.37261     5.6952     5.6952    35.5017    35.5019    164.526 0.0000e+00
   1029.669      24713    167.000    11.6081    11.6084   4.020643   4.020732   48.97182  -16.37261     5.6956     5.6956    35.5017    35.5023    165.517 0.0000e+00
   1030.927      24743    168.000    11.6099    11.6106   4.020927   4.021066   48.97182  -16.37261     5.6966     5.6966    35.5023    35.5030    166.508 0.0000e+00
   1032.021      24770    169.000    11.6115    11.6121   4.021172   4.021287   48.97182  -16.37261     5.6927     5.6927    35.5028    35.5033    167.498 0.0000e+00
   1033.039      24794    170.000    11.6122    11.6129   4.021304   4.021428   48.97182  -16.37261     5.6912     5.6912    35.5029    35.5035    168.489 0.0000e+00
   1034.082      24819    171.000    11.6126    11.6133   4.021396   4.021526   48.97182  -16.37261     5.6917     5.6917    35.5030    35.5036    169.480 0.0000e+00
   1035.252      24847    172.000    11.6119    11.6129   4.021358   4.021515   48.97182  -16.37261     5.6911     5.6911    35.5028    35.5035    170.470 0.0000e+00
   1036.642      24880    173.000    11.6098    11.6117   4.021152   4.021424   48.97182  -16.37261     5.6942     5.6942    35.5023    35.5032    171.461 0.0000e+00
   1038.132      24916    174.000    11.6081    11.6104   4.020992   4.021309   48.97182  -16.37261     5.7008     5.7008    35.5019    35.5029    172.452 0.0000e+00
   1039.375      24946    175.000    11.6077    11.6094   4.020991   4.021248   48.97182  -16.37261     5.7044     5.7044    35.5019    35.5028    173.442 0.0000e+00
   1040.358      24970    176.000    11.6080    11.6090   4.021088   4.021257   48.97182  -16.37261     5.7044     5.7044    35.5021    35.5029    174.433 0.0000e+00
   1041.270      24991    177.000    11.6079    11.6081   4.021131   4.021214   48.97182  -16.37261     5.7037     5.7037    35.5022    35.5028    175.424 0.0000e+00
   1042.324      25017    178.000    11.6068    11.6062   4.021063   4.021044   48.97182  -16.37261     5.7054     5.7054    35.5021    35.5026    176.415 0.0000e+00
   1043.810      25052    179.000    11.6067    11.6040   4.021075   4.020858   48.97182  -16.37261     5.7072     5.7072    35.5019    35.5023    177.405 0.0000e+00
   1045.350      25089    180.000    11.6036    11.6018   4.020781   4.020640   48.97182  -16.37261     5.7084     5.7084    35.5015    35.5018    178.396 0.0000e+00
   1046.490      25117    181.000    11.5991    11.5990   4.020324   4.020353   48.97182  -16.37261     5.7100     5.7100    35.5009    35.5012    179.387 0.0000e+00
   1047.509      25141    182.000    11.5942    11.5950   4.019813   4.019915   48.97182  -16.37261     5.7091     5.7091    35.5001    35.5004    180.377 0.0000e+00
   1048.611      25168    183.000    11.5888    11.5894   4.019232   4.019318   48.97182  -16.37261     5.7084     5.7084    35.4991    35.4994    181.368 0.0000e+00
   1049.899      25199    184.000    11.5855    11.5858   4.018885   4.018968   48.97182  -16.37261     5.7063     5.7063    35.4984    35.4989    182.358 0.0000e+00
   1051.223      25230    185.000    11.5833    11.5836   4.018679   4.018759   48.97182  -16.37261     5.7041     5.7041    35.4980    35.4985    183.349 0.0000e+00
   1052.395      25258    186.000    11.5810    11.5814   4.018468   4.018560   48.97182  -16.37261     5.7058     5.7058    35.4977    35.4982    184.340 0.0000e+00
   1053.478      25284    187.000    11.5793    11.5797   4.018318   4.018417   48.97182  -16.37261     5.7094     5.7094    35.4974    35.4979    185.330 0.0000e+00
   1054.610      25312    188.000    11.5781    11.5785   4.018225   4.018318   48.97182  -16.37261     5.7130     5.7130    35.4972    35.4977    186.321 0.0000e+00
   1055.884      25342    189.000    11.5771    11.5774   4.018162   4.018247   48.97182  -16.37261     5.7146     5.7146    35.4970    35.4976    187.312 0.0000e+00
   1057.227      25374    190.000    11.5758    11.5760   4.018065   4.018135   48.97182  -16.37261     5.7131     5.7131    35.4969    35.4974    188.302 0.0000e+00
   1058.492      25405    191.000    11.5740    11.5744   4.017921   4.018007   48.97182  -16.37261     5.7076     5.7076    35.4968    35.4972    189.293 0.0000e+00
   1059.688      25434    192.000    11.5724    11.5730   4.017796   4.017907   48.97182  -16.37261     5.7101     5.7101    35.4966    35.4971    190.283 0.0000e+00
