Data_example/SBE_Data_Processed/DY103/SeaBird/Data/Batch/DY103_CTD07cfaldb.cnv
* Sea-Bird SBE 9 Data File:
* FileName = C:\Users\sandm\Documents\Cruises\DY103\Data\CTD Raw Data\DY103_CTD07.hex
* Software Version Seasave V 7.26.7.121
* Temperature SN = 03P-4814
* Conductivity SN = 04C-2165
* Number of Bytes Per Scan = 41
* Number of Voltage Words = 4
* Number of Scans Averaged by the Deck Unit = 1
* NMEA Latitude = 48 59.98 N
* NMEA Longitude = 016 30.00 W
* NMEA UTC (Time) = Jul 01 2019  14:33:31
** Ship: RRS Discovery
** Cruise: DY103
** Cast: 07
** Station: 020
** Julian Day: 182
** Date: 01/07/19
** Time: 14:30
** Latitude: 49 00.00'N
** Longitude: 16 30.00'W
** Depth (uncorr m): 4810
** Principal Scientist: S Hartman
** Operator: J Wynar/T Powell
# nquan = 15
# nvalues = 4926                        
# units = specified
# name 0 = timeS: Time, Elapsed [seconds]
# name 1 = scan: Scan Count
# name 2 = prDM: Pressure, Digiquartz [db]
# name 3 = t090C: Temperature [ITS-90, deg C]
# name 4 = t190C: Temperature, 2 [ITS-90, deg C]
# name 5 = c0S/m: Conductivity [S/m]
# name 6 = c1S/m: Conductivity, 2 [S/m]
# name 7 = latitude: Latitude [deg]
# name 8 = longitude: Longitude [deg]
# name 9 = sbeox0ML/L: Oxygen, SBE 43 [ml/l]
# name 10 = sbeox0ML/L: Oxygen, SBE 43 [ml/l]
# name 11 = sal00: Salinity, Practical [PSU]
# name 12 = sal11: Salinity, Practical, 2 [PSU]
# name 13 = depSM: Depth [salt water, m], lat = 48.9997
# name 14 = flag: flag
# span 0 =    112.940,   5294.923       
# span 1 =       2712,     127079       
# span 2 =      1.000,   4925.000       
# span 3 =     2.5200,    16.2172       
# span 4 =     2.5198,    16.2340       
# span 5 =   3.271380,   4.442135       
# span 6 =   3.271704,   4.478179       
# span 7 =   48.99971,   48.99975       
# span 8 =  -16.49997,  -16.49995       
# span 9 =     3.8013,     6.0221       
# span 10 =     3.8013,     6.0221      
# span 11 =    27.5741,    35.6136      
# span 12 =    26.4189,    35.7227      
# span 13 =      0.992,   4827.581      
# span 14 = 0.0000e+00, 0.0000e+00      
# interval = decibars: 1                
# start_time = Jul 01 2019 14:33:31 [System UTC, first data scan.]
# bad_flag = -9.990e-29
*END*
[from data line 3663]
   3924.436      94187   3664.000     2.5872     2.5874   3.272673   3.273026   48.99973  -16.49997     5.2921     5.2921    34.9185    34.9225   3601.753 0.0000e+00
   3925.400      94211   3665.000     2.5870     2.5872   3.272690   3.273040   48.99973  -16.49997     5.2931     5.2931    34.9184    34.9224   3602.728 0.0000e+00
   3926.279      94232   3666.000     2.5869     2.5870   3.272710   3.273057   48.99973  -16.49997     5.2928     5.2928    34.9184    34.9224   3603.703 0.0000e+00
   3927.109      94252   3667.000     2.5867     2.5868   3.272731   3.273075   48.99973  -16.49997     5.2935     5.2935    34.9184    34.9224   3604.678 0.0000e+00
   3927.934      94271   3668.000     2.5865     2.5867   3.272748   3.273094   48.99973  -16.49997     5.2963     5.2963    34.9184    34.9224   3605.652 0.0000e+00
   3928.803      94292   3669.000     2.5863     2.5865   3.272764   3.273111   48.99973  -16.49997     5.2978     5.2978    34.9183    34.9223   3606.627 0.0000e+00
   3929.761      94315   3670.000     2.5863     2.5863   3.272789   3.273134   48.99973  -16.49997     5.2983     5.2983    34.9182    34.9223   3607.602 0.0000e+00
   3930.813      94341   3671.000     2.5863     2.5863   3.272821   3.273164   48.99973  -16.49997     5.2964     5.2964    34.9182    34.9223   3608.577 0.0000e+00
   3931.889      94366   3672.000     2.5863     2.5862   3.272852   3.273195   48.99973  -16.49997     5.2934     5.2934    34.9182    34.9223   3609.552 0.0000e+00
   3932.906      94391   3673.000     2.5862     2.5862   3.272881   3.273223   48.99973  -16.49997     5.2911     5.2911    34.9182    34.9223   3610.526 0.0000e+00
   3933.850      94413   3674.000     2.5860     2.5860   3.272900   3.273240   48.99973  -16.49997     5.2901     5.2901    34.9182    34.9223   3611.501 0.0000e+00
   3934.743      94435   3675.000     2.5857     2.5858   3.272910   3.273252   48.99973  -16.49997     5.2917     5.2917    34.9182    34.9222   3612.476 0.0000e+00
   3935.607      94456   3676.000     2.5855     2.5856   3.272924   3.273267   48.99973  -16.49997     5.2947     5.2947    34.9181    34.9222   3613.450 0.0000e+00
   3936.468      94476   3677.000     2.5854     2.5854   3.272945   3.273288   48.99973  -16.49997     5.2952     5.2952    34.9181    34.9221   3614.425 0.0000e+00
   3937.354      94497   3678.000     2.5853     2.5853   3.272972   3.273316   48.99973  -16.49997     5.2946     5.2946    34.9181    34.9222   3615.400 0.0000e+00
   3938.293      94520   3679.000     2.5853     2.5853   3.273004   3.273343   48.99973  -16.49997     5.2931     5.2931    34.9180    34.9221   3616.375 0.0000e+00
   3939.296      94544   3680.000     2.5852     2.5852   3.273034   3.273367   48.99973  -16.49997     5.2878     5.2878    34.9181    34.9221   3617.349 0.0000e+00
   3940.323      94569   3681.000     2.5849     2.5849   3.273044   3.273374   48.99973  -16.49997     5.2863     5.2863    34.9180    34.9220   3618.324 0.0000e+00
   3941.302      94592   3682.000     2.5846     2.5846   3.273048   3.273379   48.99973  -16.49997     5.2905     5.2905    34.9180    34.9219   3619.299 0.0000e+00
   3942.213      94614   3683.000     2.5844     2.5845   3.273066   3.273403   48.99973  -16.49997     5.2927     5.2927    34.9181    34.9219   3620.274 0.0000e+00
   3943.087      94635   3684.000     2.5843     2.5844   3.273087   3.273429   48.99973  -16.49997     5.2940     5.2940    34.9180    34.9219   3621.248 0.0000e+00
   3943.974      94656   3685.000     2.5841     2.5843   3.273106   3.273456   48.99973  -16.49997     5.2930     5.2930    34.9180    34.9219   3622.223 0.0000e+00
   3944.929      94679   3686.000     2.5840     2.5842   3.273134   3.273483   48.99973  -16.49997     5.2911     5.2911    34.9180    34.9219   3623.198 0.0000e+00
   3945.979      94704   3687.000     2.5841     2.5841   3.273170   3.273512   48.99973  -16.49997     5.2926     5.2926    34.9179    34.9220   3624.173 0.0000e+00
   3947.050      94730   3688.000     2.5841     2.5841   3.273204   3.273544   48.99973  -16.49997     5.2920     5.2920    34.9179    34.9219   3625.147 0.0000e+00
   3948.035      94754   3689.000     2.5841     2.5841   3.273238   3.273577   48.99973  -16.49997     5.2902     5.2902    34.9179    34.9219   3626.122 0.0000e+00
   3948.926      94775   3690.000     2.5840     2.5840   3.273261   3.273599   48.99973  -16.49997     5.2904     5.2904    34.9178    34.9218   3627.097 0.0000e+00
   3949.771      94795   3691.000     2.5837     2.5838   3.273274   3.273612   48.99973  -16.49997     5.2915     5.2915    34.9178    34.9218   3628.071 0.0000e+00
   3950.624      94816   3692.000     2.5834     2.5834   3.273280   3.273618   48.99973  -16.49997     5.2917     5.2917    34.9178    34.9218   3629.046 0.0000e+00
   3951.542      94838   3693.000     2.5830     2.5831   3.273279   3.273620   48.99973  -16.49997     5.2915     5.2915    34.9178    34.9218   3630.021 0.0000e+00
   3952.544      94862   3694.000     2.5827     2.5826   3.273282   3.273613   48.99973  -16.49997     5.2900     5.2900    34.9178    34.9217   3630.995 0.0000e+00
   3953.559      94886   3695.000     2.5823     2.5822   3.273284   3.273607   48.99973  -16.49997     5.2900     5.2900    34.9177    34.9217   3631.970 0.0000e+00
   3954.500      94909   3696.000     2.5820     2.5820   3.273290   3.273622   48.99973  -16.49997     5.2903     5.2903    34.9177    34.9216   3632.945 0.0000e+00
   3955.357      94930   3697.000     2.5820     2.5820   3.273315   3.273653   48.99973  -16.49997     5.2915     5.2915    34.9176    34.9216   3633.919 0.0000e+00
   3956.178      94949   3698.000     2.5820     2.5820   3.273347   3.273683   48.99973  -16.49997     5.2925     5.2925    34.9176    34.9216   3634.894 0.0000e+00
   3957.020      94969   3699.000     2.5818     2.5817   3.273365   3.273697   48.99973  -16.49997     5.2908     5.2908    34.9176    34.9216   3635.869 0.0000e+00
   3957.945      94992   3700.000     2.5815     2.5815   3.273377   3.273709   48.99973  -16.49997     5.2907     5.2907    34.9176    34.9215   3636.843 0.0000e+00
   3958.994      95017   3701.000     2.5814     2.5814   3.273398   3.273730   48.99973  -16.49997     5.2926     5.2926    34.9175    34.9215   3637.818 0.0000e+00
   3960.108      95044   3702.000     2.5813     2.5813   3.273419   3.273757   48.99973  -16.49997     5.2916     5.2916    34.9175    34.9215   3638.792 0.0000e+00
   3961.164      95069   3703.000     2.5810     2.5810   3.273429   3.273767   48.99973  -16.49997     5.2897     5.2897    34.9175    34.9215   3639.767 0.0000e+00
   3962.133      95092   3704.000     2.5807     2.5807   3.273439   3.273778   48.99973  -16.49997     5.2876     5.2876    34.9175    34.9215   3640.742 0.0000e+00
   3963.057      95114   3705.000     2.5805     2.5805   3.273457   3.273794   48.99973  -16.49997     5.2860     5.2860    34.9175    34.9215   3641.716 0.0000e+00
   3963.974      95136   3706.000     2.5803     2.5803   3.273472   3.273808   48.99973  -16.49997     5.2857     5.2857    34.9174    34.9214   3642.691 0.0000e+00
   3964.898      95159   3707.000     2.5801     2.5801   3.273483   3.273821   48.99973  -16.49997     5.2856     5.2856    34.9174    34.9214   3643.666 0.0000e+00
   3965.826      95181   3708.000     2.5798     2.5799   3.273497   3.273838   48.99973  -16.49997     5.2851     5.2851    34.9174    34.9213   3644.640 0.0000e+00
   3966.733      95203   3709.000     2.5797     2.5798   3.273520   3.273858   48.99973  -16.49997     5.2861     5.2861    34.9173    34.9213   3645.615 0.0000e+00
   3967.612      95224   3710.000     2.5796     2.5797   3.273546   3.273882   48.99973  -16.49997     5.2853     5.2853    34.9173    34.9213   3646.589 0.0000e+00
   3968.477      95244   3711.000     2.5796     2.5796   3.273572   3.273907   48.99973  -16.49997     5.2849     5.2849    34.9173    34.9212   3647.564 0.0000e+00
   3969.360      95266   3712.000     2.5795     2.5795   3.273599   3.273932   48.99973  -16.49997     5.2887     5.2887    34.9172    34.9213   3648.539 0.0000e+00
   3970.314      95289   3713.000     2.5793     2.5793   3.273617   3.273948   48.99973  -16.49997     5.2890     5.2890    34.9172    34.9212   3649.513 0.0000e+00
   3971.389      95314   3714.000     2.5790     2.5788   3.273621   3.273939   48.99973  -16.49997     5.2878     5.2878    34.9172    34.9212   3650.488 0.0000e+00
   3972.532      95342   3715.000     2.5784     2.5781   3.273604   3.273907   48.99973  -16.49997     5.2852     5.2852    34.9172    34.9211   3651.462 0.0000e+00
   3973.588      95367   3716.000     2.5779     2.5776   3.273589   3.273902   48.99973  -16.49997     5.2809     5.2809    34.9171    34.9211   3652.437 0.0000e+00
   3974.504      95389   3717.000     2.5776     2.5775   3.273591   3.273921   48.99973  -16.49997     5.2820     5.2820    34.9171    34.9211   3653.412 0.0000e+00
   3975.336      95409   3718.000     2.5774     2.5774   3.273612   3.273949   48.99973  -16.49997     5.2853     5.2853    34.9170    34.9211   3654.386 0.0000e+00
   3976.134      95428   3719.000     2.5774     2.5774   3.273637   3.273978   48.99973  -16.49997     5.2888     5.2888    34.9170    34.9210   3655.361 0.0000e+00
   3976.943      95448   3720.000     2.5773     2.5773   3.273669   3.274008   48.99973  -16.49997     5.2894     5.2894    34.9170    34.9211   3656.335 0.0000e+00
   3977.811      95468   3721.000     2.5773     2.5773   3.273702   3.274038   48.99973  -16.49997     5.2888     5.2888    34.9170    34.9210   3657.310 0.0000e+00
   3978.780      95492   3722.000     2.5772     2.5772   3.273730   3.274064   48.99973  -16.49997     5.2891     5.2891    34.9170    34.9210   3658.284 0.0000e+00
   3979.874      95518   3723.000     2.5771     2.5771   3.273753   3.274089   48.99973  -16.49997     5.2882     5.2882    34.9169    34.9210   3659.259 0.0000e+00
   3981.045      95546   3724.000     2.5769     2.5770   3.273768   3.274110   48.99973  -16.49997     5.2847     5.2847    34.9169    34.9209   3660.233 0.0000e+00
   3982.161      95573   3725.000     2.5767     2.5768   3.273785   3.274132   48.99973  -16.49997     5.2792     5.2792    34.9169    34.9209   3661.208 0.0000e+00
   3983.151      95597   3726.000     2.5767     2.5768   3.273820   3.274162   48.99973  -16.49997     5.2795     5.2795    34.9169    34.9209   3662.182 0.0000e+00
   3984.024      95618   3727.000     2.5768     2.5768   3.273858   3.274198   48.99973  -16.49997     5.2830     5.2830    34.9168    34.9209   3663.157 0.0000e+00
   3984.827      95637   3728.000     2.5768     2.5768   3.273893   3.274233   48.99973  -16.49997     5.2855     5.2855    34.9168    34.9209   3664.132 0.0000e+00
   3985.612      95656   3729.000     2.5767     2.5768   3.273924   3.274270   48.99973  -16.49997     5.2854     5.2854    34.9169    34.9209   3665.106 0.0000e+00
   3986.428      95675   3730.000     2.5767     2.5768   3.273954   3.274303   48.99973  -16.49997     5.2847     5.2847    34.9168    34.9209   3666.081 0.0000e+00
   3987.342      95697   3731.000     2.5767     2.5767   3.273989   3.274328   48.99973  -16.49997     5.2836     5.2836    34.9168    34.9209   3667.055 0.0000e+00
   3988.404      95723   3732.000     2.5767     2.5766   3.274024   3.274355   48.99972  -16.49997     5.2797     5.2797    34.9168    34.9209   3668.030 0.0000e+00
   3989.537      95750   3733.000     2.5767     2.5766   3.274055   3.274388   48.99972  -16.49997     5.2782     5.2782    34.9168    34.9208   3669.004 0.0000e+00
   3990.574      95775   3734.000     2.5766     2.5766   3.274086   3.274421   48.99971  -16.49997     5.2817     5.2817    34.9168    34.9208   3669.979 0.0000e+00
   3991.486      95797   3735.000     2.5765     2.5766   3.274113   3.274453   48.99971  -16.49997     5.2836     5.2836    34.9168    34.9208   3670.953 0.0000e+00
   3992.327      95817   3736.000     2.5765     2.5765   3.274139   3.274483   48.99971  -16.49997     5.2828     5.2828    34.9167    34.9208   3671.928 0.0000e+00
   3993.140      95836   3737.000     2.5763     2.5763   3.274161   3.274504   48.99971  -16.49997     5.2814     5.2814    34.9167    34.9208   3672.902 0.0000e+00
   3993.974      95856   3738.000     2.5762     2.5762   3.274182   3.274522   48.99971  -16.49997     5.2796     5.2796    34.9167    34.9208   3673.877 0.0000e+00
   3994.876      95878   3739.000     2.5760     2.5759   3.274199   3.274535   48.99971  -16.49997     5.2784     5.2784    34.9166    34.9207   3674.851 0.0000e+00
   3995.903      95903   3740.000     2.5758     2.5757   3.274212   3.274551   48.99971  -16.49997     5.2802     5.2802    34.9166    34.9207   3675.826 0.0000e+00
   3997.069      95931   3741.000     2.5756     2.5756   3.274235   3.274574   48.99971  -16.49997     5.2805     5.2805    34.9166    34.9207   3676.800 0.0000e+00
   3998.249      95959   3742.000     2.5756     2.5756   3.274266   3.274605   48.99971  -16.49997     5.2823     5.2823    34.9166    34.9207   3677.775 0.0000e+00
   3999.293      95984   3743.000     2.5756     2.5756   3.274303   3.274643   48.99971  -16.49997     5.2831     5.2831    34.9167    34.9207   3678.749 0.0000e+00
   4000.205      96006   3744.000     2.5756     2.5757   3.274339   3.274680   48.99971  -16.49997     5.2821     5.2821    34.9167    34.9206   3679.723 0.0000e+00
   4001.041      96026   3745.000     2.5756     2.5757   3.274369   3.274710   48.99971  -16.49997     5.2809     5.2809    34.9166    34.9206   3680.698 0.0000e+00
   4001.845      96045   3746.000     2.5754     2.5755   3.274386   3.274727   48.99971  -16.49997     5.2797     5.2797    34.9166    34.9206   3681.672 0.0000e+00
   4002.658      96065   3747.000     2.5752     2.5752   3.274396   3.274732   48.99971  -16.49997     5.2774     5.2774    34.9165    34.9206   3682.647 0.0000e+00
   4003.513      96085   3748.000     2.5750     2.5749   3.274409   3.274747   48.99971  -16.49997     5.2784     5.2784    34.9165    34.9205   3683.621 0.0000e+00
   4004.434      96107   3749.000     2.5748     2.5748   3.274426   3.274767   48.99971  -16.49997     5.2812     5.2812    34.9165    34.9205   3684.596 0.0000e+00
   4005.426      96131   3750.000     2.5746     2.5747   3.274444   3.274787   48.99971  -16.49997     5.2825     5.2825    34.9165    34.9205   3685.570 0.0000e+00
   4006.462      96156   3751.000     2.5745     2.5746   3.274470   3.274815   48.99971  -16.49997     5.2832     5.2832    34.9164    34.9204   3686.545 0.0000e+00
   4007.481      96181   3752.000     2.5745     2.5745   3.274502   3.274843   48.99971  -16.49997     5.2831     5.2831    34.9164    34.9205   3687.519 0.0000e+00
   4008.439      96204   3753.000     2.5744     2.5744   3.274531   3.274869   48.99971  -16.49997     5.2835     5.2835    34.9164    34.9205   3688.493 0.0000e+00
   4009.339      96225   3754.000     2.5744     2.5743   3.274558   3.274888   48.99971  -16.49997     5.2830     5.2830    34.9164    34.9204   3689.468 0.0000e+00
   4010.217      96246   3755.000     2.5742     2.5740   3.274578   3.274897   48.99971  -16.49997     5.2795     5.2795    34.9164    34.9204   3690.442 0.0000e+00
   4011.108      96268   3756.000     2.5739     2.5737   3.274583   3.274906   48.99971  -16.49997     5.2780     5.2780    34.9163    34.9204   3691.417 0.0000e+00
   4012.039      96290   3757.000     2.5736     2.5735   3.274586   3.274916   48.99971  -16.49997     5.2797     5.2797    34.9162    34.9203   3692.391 0.0000e+00
   4013.019      96313   3758.000     2.5734     2.5732   3.274598   3.274921   48.99971  -16.49997     5.2791     5.2791    34.9162    34.9202   3693.365 0.0000e+00
   4014.028      96338   3759.000     2.5732     2.5728   3.274611   3.274926   48.99972  -16.49997     5.2805     5.2805    34.9161    34.9202   3694.340 0.0000e+00
