Data_example/SBE_Data_Processed/DY103/SeaBird/Data/Batch/DY103_CTD06cf.cnv
* Sea-Bird SBE 9 Data File:
* FileName = C:\Users\sandm\Documents\Cruises\DY103\Data\CTD Raw Data\DY103_CTD06.hex
* Software Version Seasave V 7.26.7.121
* Temperature SN = 03P-4814
* Conductivity SN = 04C-2165
* Number of Bytes Per Scan = 41
* Number of Voltage Words = 4
* Number of Scans Averaged by the Deck Unit = 1
* NMEA Latitude = 48 56.60 N
* NMEA Longitude = 016 29.40 W
* NMEA UTC (Time) = Jul 01 2019  13:15:58
** Ship: RRS Discovery
** Cruise: DY103
** Cast: 06
** Station: 019
** Julian Day: 182
** Date: 01/07/19
** Time: 13:15
** Latitude: 48 56.60'N
** Longitude: 16 29.40'W
** Depth (uncorr m): 4810
** Principal Scientist: S Hartman
** Operator: J Wynar/T Powell
# nquan = 12
# nvalues = 18331                       
# units = specified
# name 0 = timeS: Time, Elapsed [seconds]
# name 1 = scan: Scan Count
# name 2 = prDM: Pressure, Digiquartz [db]
# name 3 = t090C: Temperature [ITS-90, deg C]
# name 4 = t190C: Temperature, 2 [ITS-90, deg C]
# name 5 = c0S/m: Conductivity [S/m]
# name 6 = c1S/m: Conductivity, 2 [S/m]
# name 7 = latitude: Latitude [deg]
# name 8 = longitude: Longitude [deg]
# name 9 = sbeox0ML/L: Oxygen, SBE 43 [ml/l]
# name 10 = sbeox0ML/L: Oxygen, SBE 43 [ml/l]
# name 11 = flag:  0.000e+00
# span 0 =     12.500,    776.250       
# span 1 =        301,      18631       
# span 2 =      0.525,    105.514       
# span 3 =    11.9318,    16.0393       
# span 4 =    11.9306,    17.2252       
# span 5 =   0.137873,   4.442360       
# span 6 =   0.038800,   4.476560       
# span 7 =   48.94337,   48.94341       
# span 8 =  -16.48999,  -16.48997       
# span 9 =     3.7122,     7.3715       
# span 10 =     3.7122,     7.3715      
# span 11 = 0.0000e+00, 0.0000e+00      
# interval = seconds: 0.0416667
# start_time = Jul 01 2019 13:15:59 [System UTC, first data scan.]
# bad_flag = -9.990e-29
*END*
[from data line 843]
     47.625       1144      0.568    15.1334    17.0792   0.173155   0.040477   48.94339  -16.48997     6.5550     6.5550 0.0000e+00
     47.667       1145      0.568    15.1330    17.0793   0.173112   0.040489   48.94339  -16.48997     6.5420     6.5420 0.0000e+00
     47.708       1146      0.568    15.1326    17.0794   0.173060   0.040502   48.94339  -16.48997     6.5291     6.5291 0.0000e+00
     47.750       1147      0.568    15.1322    17.0795   0.173001   0.040516   48.94339  -16.48997     6.5163     6.5163 0.0000e+00
     47.792       1148      0.568    15.1319    17.0796   0.172934   0.040532   48.94339  -16.48997     6.5038     6.5038 0.0000e+00
     47.833       1149      0.568    15.1316    17.0797   0.172860   0.040548   48.94339  -16.48997     6.4914     6.4914 0.0000e+00
     47.875       1150      0.567    15.1313    17.0799   0.172778   0.040565   48.94339  -16.48997     6.4793     6.4793 0.0000e+00
     47.917       1151      0.567    15.1311    17.0800   0.172689   0.040584   48.94339  -16.48997     6.4674     6.4674 0.0000e+00
     47.958       1152      0.567    15.1309    17.0801   0.172593   0.040603   48.94339  -16.48997     6.4558     6.4558 0.0000e+00
     48.000       1153      0.567    15.1307    17.0802   0.172490   0.040623   48.94339  -16.48997     6.4444     6.4444 0.0000e+00
     48.042       1154      0.568    15.1306    17.0803   0.172382   0.040644   48.94339  -16.48997     6.4332     6.4332 0.0000e+00
     48.083       1155      0.568    15.1305    17.0805   0.172267   0.040665   48.94339  -16.48997     6.4223     6.4223 0.0000e+00
     48.125       1156      0.568    15.1305    17.0806   0.172146   0.040688   48.94339  -16.48997     6.4118     6.4118 0.0000e+00
     48.167       1157      0.568    15.1304    17.0807   0.172020   0.040711   48.94339  -16.48997     6.4015     6.4015 0.0000e+00
     48.208       1158      0.568    15.1304    17.0808   0.171889   0.040736   48.94339  -16.48997     6.3915     6.3915 0.0000e+00
     48.250       1159      0.568    15.1304    17.0809   0.171752   0.040760   48.94339  -16.48997     6.3818     6.3818 0.0000e+00
     48.292       1160      0.568    15.1305    17.0810   0.171610   0.040786   48.94339  -16.48997     6.3725     6.3725 0.0000e+00
     48.333       1161      0.568    15.1306    17.0811   0.171464   0.040812   48.94339  -16.48997     6.3635     6.3635 0.0000e+00
     48.375       1162      0.568    15.1307    17.0812   0.171313   0.040839   48.94339  -16.48997     6.3549     6.3549 0.0000e+00
     48.417       1163      0.568    15.1309    17.0813   0.171158   0.040867   48.94339  -16.48997     6.3466     6.3466 0.0000e+00
     48.458       1164      0.568    15.1310    17.0814   0.171000   0.040895   48.94339  -16.48997     6.3387     6.3387 0.0000e+00
     48.500       1165      0.568    15.1312    17.0815   0.170837   0.040924   48.94339  -16.48997     6.3311     6.3311 0.0000e+00
     48.542       1166      0.568    15.1315    17.0816   0.170671   0.040954   48.94339  -16.48997     6.3240     6.3240 0.0000e+00
     48.583       1167      0.568    15.1317    17.0817   0.170502   0.040984   48.94339  -16.48997     6.3173     6.3173 0.0000e+00
     48.625       1168      0.568    15.1320    17.0817   0.170330   0.041014   48.94339  -16.48997     6.3109     6.3109 0.0000e+00
     48.667       1169      0.568    15.1323    17.0818   0.170155   0.041045   48.94339  -16.48997     6.3050     6.3050 0.0000e+00
     48.708       1170      0.569    15.1326    17.0818   0.169977   0.041077   48.94339  -16.48997     6.2994     6.2994 0.0000e+00
     48.750       1171      0.569    15.1330    17.0819   0.169798   0.041109   48.94339  -16.48997     6.2943     6.2943 0.0000e+00
     48.792       1172      0.569    15.1333    17.0819   0.169615   0.041141   48.94339  -16.48997     6.2896     6.2896 0.0000e+00
     48.833       1173      0.569    15.1337    17.0819   0.169431   0.041174   48.94339  -16.48997     6.2854     6.2854 0.0000e+00
     48.875       1174      0.569    15.1341    17.0819   0.169246   0.041208   48.94339  -16.48997     6.2816     6.2816 0.0000e+00
     48.917       1175      0.569    15.1346    17.0819   0.169058   0.041241   48.94339  -16.48997     6.2782     6.2782 0.0000e+00
     48.958       1176      0.569    15.1350    17.0819   0.168870   0.041276   48.94339  -16.48997     6.2753     6.2753 0.0000e+00
     49.000       1177      0.570    15.1355    17.0819   0.168680   0.041310   48.94339  -16.48997     6.2728     6.2728 0.0000e+00
     49.042       1178      0.570    15.1360    17.0819   0.168489   0.041345   48.94339  -16.48997     6.2708     6.2708 0.0000e+00
     49.083       1179      0.570    15.1365    17.0818   0.168298   0.041380   48.94339  -16.48997     6.2693     6.2693 0.0000e+00
     49.125       1180      0.570    15.1370    17.0817   0.168107   0.041415   48.94339  -16.48997     6.2681     6.2681 0.0000e+00
     49.167       1181      0.570    15.1376    17.0816   0.167915   0.041451   48.94339  -16.48997     6.2675     6.2675 0.0000e+00
     49.208       1182      0.570    15.1381    17.0815   0.167723   0.041487   48.94339  -16.48997     6.2673     6.2673 0.0000e+00
     49.250       1183      0.571    15.1387    17.0814   0.167531   0.041523   48.94339  -16.48997     6.2675     6.2675 0.0000e+00
     49.292       1184      0.571    15.1393    17.0813   0.167339   0.041559   48.94339  -16.48997     6.2683     6.2683 0.0000e+00
     49.333       1185      0.571    15.1399    17.0811   0.167148   0.041596   48.94339  -16.48997     6.2694     6.2694 0.0000e+00
     49.375       1186      0.571    15.1405    17.0809   0.166957   0.041633   48.94339  -16.48997     6.2710     6.2710 0.0000e+00
     49.417       1187      0.571    15.1411    17.0807   0.166766   0.041669   48.94339  -16.48997     6.2731     6.2731 0.0000e+00
     49.458       1188      0.571    15.1417    17.0805   0.166577   0.041706   48.94339  -16.48997     6.2756     6.2756 0.0000e+00
     49.500       1189      0.571    15.1424    17.0803   0.166389   0.041743   48.94339  -16.48997     6.2785     6.2785 0.0000e+00
     49.542       1190      0.572    15.1430    17.0800   0.166203   0.041780   48.94339  -16.48997     6.2819     6.2819 0.0000e+00
     49.583       1191      0.572    15.1437    17.0797   0.166018   0.041817   48.94339  -16.48997     6.2857     6.2857 0.0000e+00
     49.625       1192      0.572    15.1444    17.0794   0.165834   0.041854   48.94339  -16.48997     6.2899     6.2899 0.0000e+00
     49.667       1193      0.572    15.1450    17.0790   0.165653   0.041892   48.94339  -16.48997     6.2946     6.2946 0.0000e+00
     49.708       1194      0.572    15.1457    17.0786   0.165473   0.041929   48.94339  -16.48997     6.2997     6.2997 0.0000e+00
     49.750       1195      0.572    15.1464    17.0782   0.165295   0.041966   48.94339  -16.48997     6.3052     6.3052 0.0000e+00
     49.792       1196      0.573    15.1471    17.0778   0.165119   0.042002   48.94339  -16.48997     6.3110     6.3110 0.0000e+00
     49.833       1197      0.573    15.1478    17.0774   0.164946   0.042039   48.94339  -16.48997     6.3173     6.3173 0.0000e+00
     49.875       1198      0.573    15.1485    17.0771   0.164774   0.042076   48.94339  -16.48997     6.3240     6.3240 0.0000e+00
     49.917       1199      0.573    15.1492    17.0767   0.164605   0.042112   48.94339  -16.48997     6.3310     6.3310 0.0000e+00
     49.958       1200      0.573    15.1499    17.0763   0.164438   0.042149   48.94339  -16.48997     6.3384     6.3384 0.0000e+00
     50.000       1201      0.574    15.1506    17.0760   0.164274   0.042185   48.94339  -16.48997     6.3461     6.3461 0.0000e+00
     50.042       1202      0.574    15.1513    17.0758   0.164112   0.042221   48.94339  -16.48997     6.3542     6.3542 0.0000e+00
     50.083       1203      0.574    15.1520    17.0755   0.163953   0.042256   48.94339  -16.48997     6.3626     6.3626 0.0000e+00
     50.125       1204      0.574    15.1527    17.0753   0.163797   0.042292   48.94339  -16.48997     6.3714     6.3714 0.0000e+00
     50.167       1205      0.574    15.1534    17.0751   0.163643   0.042327   48.94339  -16.48997     6.3804     6.3804 0.0000e+00
     50.208       1206      0.574    15.1541    17.0749   0.163492   0.042362   48.94339  -16.48997     6.3898     6.3898 0.0000e+00
     50.250       1207      0.575    15.1548    17.0748   0.163344   0.042397   48.94339  -16.48997     6.3994     6.3994 0.0000e+00
     50.292       1208      0.575    15.1555    17.0747   0.163199   0.042431   48.94339  -16.48997     6.4093     6.4093 0.0000e+00
     50.333       1209      0.575    15.1561    17.0747   0.163057   0.042466   48.94339  -16.48997     6.4194     6.4194 0.0000e+00
     50.375       1210      0.575    15.1568    17.0746   0.162917   0.042500   48.94339  -16.48997     6.4298     6.4298 0.0000e+00
     50.417       1211      0.575    15.1575    17.0746   0.162780   0.042534   48.94339  -16.48997     6.4405     6.4405 0.0000e+00
     50.458       1212      0.575    15.1582    17.0746   0.162645   0.042567   48.94339  -16.48997     6.4513     6.4513 0.0000e+00
     50.500       1213      0.575    15.1589    17.0746   0.162514   0.042600   48.94339  -16.48997     6.4623     6.4623 0.0000e+00
     50.542       1214      0.576    15.1596    17.0746   0.162386   0.042633   48.94339  -16.48997     6.4736     6.4736 0.0000e+00
     50.583       1215      0.576    15.1602    17.0747   0.162261   0.042666   48.94339  -16.48997     6.4849     6.4849 0.0000e+00
     50.625       1216      0.576    15.1609    17.0748   0.162139   0.042699   48.94339  -16.48997     6.4965     6.4965 0.0000e+00
     50.667       1217      0.576    15.1616    17.0748   0.162020   0.042731   48.94339  -16.48997     6.5082     6.5082 0.0000e+00
     50.708       1218      0.576    15.1622    17.0749   0.161904   0.042763   48.94339  -16.48997     6.5199     6.5199 0.0000e+00
     50.750       1219      0.576    15.1629    17.0750   0.161791   0.042794   48.94339  -16.48997     6.5318     6.5318 0.0000e+00
     50.792       1220      0.576    15.1635    17.0752   0.161681   0.042826   48.94339  -16.48997     6.5438     6.5438 0.0000e+00
     50.833       1221      0.576    15.1641    17.0753   0.161573   0.042857   48.94339  -16.48997     6.5559     6.5559 0.0000e+00
     50.875       1222      0.576    15.1648    17.0754   0.161468   0.042888   48.94339  -16.48997     6.5680     6.5680 0.0000e+00
     50.917       1223      0.577    15.1654    17.0755   0.161366   0.042919   48.94339  -16.48997     6.5801     6.5801 0.0000e+00
     50.958       1224      0.577    15.1660    17.0757   0.161268   0.042949   48.94339  -16.48997     6.5923     6.5923 0.0000e+00
     51.000       1225      0.577    15.1666    17.0758   0.161172   0.042979   48.94339  -16.48997     6.6045     6.6045 0.0000e+00
     51.042       1226      0.577    15.1672    17.0759   0.161078   0.043009   48.94339  -16.48997     6.6167     6.6167 0.0000e+00
     51.083       1227      0.577    15.1678    17.0761   0.160988   0.043038   48.94339  -16.48997     6.6289     6.6289 0.0000e+00
     51.125       1228      0.577    15.1684    17.0762   0.160901   0.043068   48.94339  -16.48997     6.6411     6.6411 0.0000e+00
     51.167       1229      0.578    15.1689    17.0763   0.160816   0.043097   48.94339  -16.48997     6.6532     6.6532 0.0000e+00
     51.208       1230      0.578    15.1695    17.0765   0.160734   0.043125   48.94339  -16.48997     6.6653     6.6653 0.0000e+00
     51.250       1231      0.578    15.1701    17.0766   0.160654   0.043154   48.94339  -16.48997     6.6773     6.6773 0.0000e+00
     51.292       1232      0.578    15.1706    17.0767   0.160578   0.043182   48.94339  -16.48997     6.6893     6.6893 0.0000e+00
     51.333       1233      0.578    15.1712    17.0768   0.160504   0.043210   48.94339  -16.48997     6.7011     6.7011 0.0000e+00
     51.375       1234      0.578    15.1717    17.0770   0.160433   0.043237   48.94339  -16.48997     6.7128     6.7128 0.0000e+00
     51.417       1235      0.578    15.1722    17.0771   0.160365   0.043264   48.94339  -16.48997     6.7245     6.7245 0.0000e+00
     51.458       1236      0.578    15.1727    17.0772   0.160300   0.043291   48.94339  -16.48997     6.7360     6.7360 0.0000e+00
     51.500       1237      0.578    15.1732    17.0773   0.160237   0.043317   48.94339  -16.48997     6.7473     6.7473 0.0000e+00
     51.542       1238      0.579    15.1737    17.0774   0.160177   0.043343   48.94339  -16.48997     6.7586     6.7586 0.0000e+00
     51.583       1239      0.579    15.1742    17.0776   0.160119   0.043369   48.94339  -16.48997     6.7696     6.7696 0.0000e+00
     51.625       1240      0.579    15.1747    17.0777   0.160065   0.043394   48.94339  -16.48997     6.7806     6.7806 0.0000e+00
     51.667       1241      0.579    15.1751    17.0779   0.160012   0.043418   48.94339  -16.48997     6.7913     6.7913 0.0000e+00
     51.708       1242      0.579    15.1756    17.0781   0.159963   0.043442   48.94339  -16.48997     6.8019     6.8019 0.0000e+00
     51.750       1243      0.579    15.1760    17.0783   0.159916   0.043466   48.94339  -16.48997     6.8123     6.8123 0.0000e+00
     51.792       1244      0.579    15.1765    17.0784   0.159871   0.043489   48.94339  -16.48997     6.8225     6.8225 0.0000e+00
     51.833       1245      0.579    15.1769    17.0786   0.159830   0.043511   48.94339  -16.48997     6.8325     6.8325 0.0000e+00
     51.875       1246      0.579    15.1773    17.0788   0.159792   0.043533   48.94339  -16.48997     6.8424     6.8424 0.0000e+00
     51.917       1247      0.579    15.1777    17.0790   0.159756   0.043554   48.94339  -16.48997     6.8520     6.8520 0.0000e+00
     51.958       1248      0.579    15.1781    17.0792   0.159724   0.043574   48.94339  -16.48997     6.8614     6.8614 0.0000e+00
     52.000       1249      0.579    15.1785    17.0794   0.159694   0.043594   48.94339  -16.48997     6.8706     6.8706 0.0000e+00
     52.042       1250      0.579    15.1788    17.0796   0.159668   0.043613   48.94339  -16.48997     6.8796     6.8796 0.0000e+00
     52.083       1251      0.579    15.1792    17.0798   0.159645   0.043631   48.94339  -16.48997     6.8884     6.8884 0.0000e+00
     52.125       1252      0.579    15.1795    17.0800   0.159625   0.043648   48.94339  -16.48997     6.8969     6.8969 0.0000e+00
     52.167       1253      0.579    15.1799    17.0802   0.159609   0.043664   48.94339  -16.48997     6.9053     6.9053 0.0000e+00
     52.208       1254      0.580    15.1802    17.0804   0.159596   0.043679   48.94339  -16.48997     6.9134     6.9134 0.0000e+00
     52.250       1255      0.580    15.1805    17.0805   0.159586   0.043693   48.94339  -16.48997     6.9213     6.9213 0.0000e+00
     52.292       1256      0.580    15.1808    17.0807   0.159579   0.043706   48.94339  -16.48997     6.9290     6.9290 0.0000e+00
     52.333       1257      0.580    15.1811    17.0809   0.159576   0.043718   48.94339  -16.48997     6.9364     6.9364 0.0000e+00
     52.375       1258      0.580    15.1814    17.0810   0.159577   0.043728   48.94339  -16.48997     6.9436     6.9436 0.0000e+00
     52.417       1259      0.579    15.1816    17.0812   0.159580   0.043738   48.94339  -16.48997     6.9506     6.9506 0.0000e+00
     52.458       1260      0.579    15.1819    17.0813   0.159588   0.043746   48.94339  -16.48997     6.9574     6.9574 0.0000e+00
     52.500       1261      0.579    15.1821    17.0815   0.159599   0.043752   48.94339  -16.48997     6.9639     6.9639 0.0000e+00
     52.542       1262      0.579    15.1823    17.0816   0.159613   0.043757   48.94339  -16.48997     6.9702     6.9702 0.0000e+00
