Data_example/SBE_Data_Processed/DY103/SeaBird/Data/Batch/DY103_CTD09cf.cnv
* Sea-Bird SBE 9 Data File:
* FileName = C:\Users\sandm\Documents\Cruises\DY103\Data\CTD Raw Data\DY103_CTD09.hex
* Software Version Seasave V 7.26.7.121
* Temperature SN = 03P-4814
* Conductivity SN = 04C-2165
* Number of Bytes Per Scan = 41
* Number of Voltage Words = 4
* Number of Scans Averaged by the Deck Unit = 1
* NMEA Latitude = 48 57.69 N
* NMEA Longitude = 016 22.45 W
* NMEA UTC (Time) = Jul 03 2019  15:13:00
** Ship: RRS Discovery
** Cruise: DY103
** Cast: 09
** Station:
** Julian Day: 184
** Date: 03/07/19
** Time: 15:20
** Latitude: 48 57.69'N
** Longitude: 16 22.45'W
** Depth (uncorr m): 4811
** Principal Scientist: S Hartman
** Operator: J Wynar/T Powell
# nquan = 12
# nvalues = 12004                       
# units = specified
# name 0 = timeS: Time, Elapsed [seconds]
# name 1 = scan: Scan Count
# name 2 = prDM: Pressure, Digiquartz [db]
# name 3 = t090C: Temperature [ITS-90, deg C]
# name 4 = t190C: Temperature, 2 [ITS-90, deg C]
# name 5 = c0S/m: Conductivity [S/m]
# name 6 = c1S/m: Conductivity, 2 [S/m]
# name 7 = latitude: Latitude [deg]
# name 8 = longitude: Longitude [deg]
# name 9 = sbeox0ML/L: Oxygen, SBE 43 [ml/l]
# name 10 = sbeox0ML/L: Oxygen, SBE 43 [ml/l]
# name 11 = flag:  0.000e+00
# span 0 =     12.500,    512.625       
# span 1 =        301,      12304       
# span 2 =      0.618,    102.617       
# span 3 =    12.0859,    17.1790       
# span 4 =    12.0854,    19.1483       
# span 5 =   0.004298,   4.483840       
# span 6 =   0.000657,   4.487550       
# span 7 =   48.96148,   48.96148       
# span 8 =  -16.37420,  -16.37419       
# span 9 =     3.8839,     7.1089       
# span 10 =     3.8839,     7.1089      
# span 11 = 0.0000e+00, 0.0000e+00      
# interval = seconds: 0.0416667
# start_time = Jul 03 2019 15:13:01 [System UTC, first data scan.]
# bad_flag = -9.990e-29
*END*
[from data line 9985]
    428.542      10286     48.551    12.9853    12.9576   4.162164   4.159042   48.96148  -16.37419     5.6810     5.6810 0.0000e+00
    428.583      10287     48.581    12.9831    12.9563   4.161948   4.158920   48.96148  -16.37419     5.6803     5.6803 0.0000e+00
    428.625      10288     48.612    12.9809    12.9550   4.161736   4.158800   48.96148  -16.37419     5.6796     5.6796 0.0000e+00
    428.667      10289     48.643    12.9788    12.9538   4.161527   4.158681   48.96148  -16.37419     5.6788     5.6788 0.0000e+00
    428.708      10290     48.674    12.9766    12.9525   4.161322   4.158564   48.96148  -16.37419     5.6781     5.6781 0.0000e+00
    428.750      10291     48.705    12.9745    12.9513   4.161120   4.158447   48.96148  -16.37419     5.6773     5.6773 0.0000e+00
    428.792      10292     48.737    12.9725    12.9501   4.160920   4.158332   48.96148  -16.37419     5.6765     5.6765 0.0000e+00
    428.833      10293     48.770    12.9705    12.9489   4.160724   4.158219   48.96148  -16.37419     5.6757     5.6757 0.0000e+00
    428.875      10294     48.802    12.9685    12.9477   4.160531   4.158107   48.96148  -16.37419     5.6749     5.6749 0.0000e+00
    428.917      10295     48.835    12.9665    12.9465   4.160341   4.157997   48.96148  -16.37419     5.6741     5.6741 0.0000e+00
    428.958      10296     48.868    12.9646    12.9453   4.160155   4.157888   48.96148  -16.37419     5.6732     5.6732 0.0000e+00
    429.000      10297     48.902    12.9627    12.9442   4.159972   4.157781   48.96148  -16.37419     5.6724     5.6724 0.0000e+00
    429.042      10298     48.936    12.9608    12.9431   4.159792   4.157675   48.96148  -16.37419     5.6715     5.6715 0.0000e+00
    429.083      10299     48.970    12.9590    12.9419   4.159617   4.157571   48.96148  -16.37419     5.6706     5.6706 0.0000e+00
    429.125      10300     49.005    12.9572    12.9408   4.159445   4.157469   48.96148  -16.37419     5.6697     5.6697 0.0000e+00
    429.167      10301     49.040    12.9554    12.9397   4.159277   4.157368   48.96148  -16.37419     5.6688     5.6688 0.0000e+00
    429.208      10302     49.075    12.9537    12.9387   4.159114   4.157270   48.96148  -16.37419     5.6678     5.6678 0.0000e+00
    429.250      10303     49.111    12.9521    12.9376   4.158954   4.157173   48.96148  -16.37419     5.6669     5.6669 0.0000e+00
    429.292      10304     49.147    12.9504    12.9366   4.158798   4.157078   48.96148  -16.37419     5.6659     5.6659 0.0000e+00
    429.333      10305     49.184    12.9489    12.9356   4.158647   4.156985   48.96148  -16.37419     5.6649     5.6649 0.0000e+00
    429.375      10306     49.220    12.9473    12.9346   4.158499   4.156893   48.96148  -16.37419     5.6639     5.6639 0.0000e+00
    429.417      10307     49.257    12.9458    12.9336   4.158355   4.156803   48.96148  -16.37419     5.6629     5.6629 0.0000e+00
    429.458      10308     49.295    12.9443    12.9326   4.158216   4.156715   48.96148  -16.37419     5.6619     5.6619 0.0000e+00
    429.500      10309     49.332    12.9429    12.9316   4.158079   4.156628   48.96148  -16.37419     5.6609     5.6609 0.0000e+00
    429.542      10310     49.370    12.9415    12.9307   4.157947   4.156543   48.96148  -16.37419     5.6599     5.6599 0.0000e+00
    429.583      10311     49.409    12.9402    12.9298   4.157817   4.156459   48.96148  -16.37419     5.6589     5.6589 0.0000e+00
    429.625      10312     49.447    12.9388    12.9288   4.157691   4.156377   48.96148  -16.37419     5.6579     5.6579 0.0000e+00
    429.667      10313     49.486    12.9375    12.9279   4.157569   4.156296   48.96148  -16.37419     5.6569     5.6569 0.0000e+00
    429.708      10314     49.525    12.9363    12.9271   4.157449   4.156217   48.96148  -16.37419     5.6559     5.6559 0.0000e+00
    429.750      10315     49.565    12.9351    12.9262   4.157333   4.156140   48.96148  -16.37419     5.6549     5.6549 0.0000e+00
    429.792      10316     49.605    12.9339    12.9253   4.157220   4.156064   48.96148  -16.37419     5.6539     5.6539 0.0000e+00
    429.833      10317     49.645    12.9327    12.9245   4.157110   4.155990   48.96148  -16.37419     5.6530     5.6530 0.0000e+00
    429.875      10318     49.685    12.9316    12.9237   4.157003   4.155918   48.96148  -16.37419     5.6520     5.6520 0.0000e+00
    429.917      10319     49.726    12.9305    12.9229   4.156899   4.155847   48.96148  -16.37419     5.6510     5.6510 0.0000e+00
    429.958      10320     49.767    12.9294    12.9221   4.156798   4.155779   48.96148  -16.37419     5.6501     5.6501 0.0000e+00
    430.000      10321     49.808    12.9283    12.9213   4.156700   4.155712   48.96148  -16.37419     5.6491     5.6491 0.0000e+00
    430.042      10322     49.849    12.9273    12.9206   4.156605   4.155647   48.96148  -16.37419     5.6482     5.6482 0.0000e+00
    430.083      10323     49.890    12.9264    12.9199   4.156514   4.155584   48.96148  -16.37419     5.6473     5.6473 0.0000e+00
    430.125      10324     49.932    12.9254    12.9192   4.156425   4.155522   48.96148  -16.37419     5.6464     5.6464 0.0000e+00
    430.167      10325     49.974    12.9245    12.9185   4.156340   4.155463   48.96148  -16.37419     5.6455     5.6455 0.0000e+00
    430.208      10326     50.017    12.9236    12.9178   4.156257   4.155404   48.96148  -16.37419     5.6446     5.6446 0.0000e+00
    430.250      10327     50.059    12.9228    12.9172   4.156177   4.155347   48.96148  -16.37419     5.6438     5.6438 0.0000e+00
    430.292      10328     50.102    12.9219    12.9165   4.156099   4.155292   48.96148  -16.37419     5.6429     5.6429 0.0000e+00
    430.333      10329     50.145    12.9211    12.9159   4.156024   4.155238   48.96148  -16.37419     5.6421     5.6421 0.0000e+00
    430.375      10330     50.188    12.9203    12.9153   4.155951   4.155185   48.96148  -16.37419     5.6413     5.6413 0.0000e+00
    430.417      10331     50.231    12.9196    12.9147   4.155881   4.155133   48.96148  -16.37419     5.6405     5.6405 0.0000e+00
    430.458      10332     50.275    12.9189    12.9141   4.155812   4.155082   48.96148  -16.37419     5.6397     5.6397 0.0000e+00
    430.500      10333     50.318    12.9181    12.9135   4.155746   4.155032   48.96148  -16.37419     5.6389     5.6389 0.0000e+00
    430.542      10334     50.362    12.9175    12.9130   4.155682   4.154983   48.96148  -16.37419     5.6381     5.6381 0.0000e+00
    430.583      10335     50.406    12.9168    12.9124   4.155619   4.154934   48.96148  -16.37419     5.6374     5.6374 0.0000e+00
    430.625      10336     50.450    12.9161    12.9118   4.155559   4.154887   48.96148  -16.37419     5.6366     5.6366 0.0000e+00
    430.667      10337     50.494    12.9155    12.9113   4.155500   4.154840   48.96148  -16.37419     5.6359     5.6359 0.0000e+00
    430.708      10338     50.539    12.9149    12.9108   4.155442   4.154794   48.96148  -16.37419     5.6352     5.6352 0.0000e+00
    430.750      10339     50.583    12.9143    12.9103   4.155387   4.154749   48.96148  -16.37419     5.6345     5.6345 0.0000e+00
    430.792      10340     50.628    12.9137    12.9097   4.155332   4.154704   48.96148  -16.37419     5.6338     5.6338 0.0000e+00
    430.833      10341     50.672    12.9131    12.9092   4.155280   4.154660   48.96148  -16.37419     5.6331     5.6331 0.0000e+00
    430.875      10342     50.717    12.9125    12.9087   4.155228   4.154617   48.96148  -16.37419     5.6324     5.6324 0.0000e+00
    430.917      10343     50.762    12.9120    12.9082   4.155178   4.154573   48.96148  -16.37419     5.6317     5.6317 0.0000e+00
    430.958      10344     50.806    12.9115    12.9077   4.155129   4.154531   48.96148  -16.37419     5.6311     5.6311 0.0000e+00
    431.000      10345     50.851    12.9109    12.9072   4.155081   4.154488   48.96148  -16.37419     5.6304     5.6304 0.0000e+00
    431.042      10346     50.896    12.9104    12.9067   4.155034   4.154446   48.96148  -16.37419     5.6297     5.6297 0.0000e+00
    431.083      10347     50.941    12.9099    12.9063   4.154988   4.154404   48.96148  -16.37419     5.6291     5.6291 0.0000e+00
    431.125      10348     50.985    12.9094    12.9058   4.154943   4.154363   48.96148  -16.37419     5.6285     5.6285 0.0000e+00
    431.167      10349     51.030    12.9090    12.9053   4.154899   4.154322   48.96148  -16.37419     5.6278     5.6278 0.0000e+00
    431.208      10350     51.075    12.9085    12.9048   4.154856   4.154280   48.96148  -16.37419     5.6272     5.6272 0.0000e+00
    431.250      10351     51.119    12.9080    12.9044   4.154814   4.154239   48.96148  -16.37419     5.6265     5.6265 0.0000e+00
    431.292      10352     51.164    12.9076    12.9039   4.154772   4.154198   48.96148  -16.37419     5.6259     5.6259 0.0000e+00
    431.333      10353     51.208    12.9071    12.9034   4.154731   4.154158   48.96148  -16.37419     5.6253     5.6253 0.0000e+00
    431.375      10354     51.253    12.9067    12.9029   4.154692   4.154117   48.96148  -16.37419     5.6246     5.6246 0.0000e+00
    431.417      10355     51.297    12.9062    12.9025   4.154653   4.154077   48.96148  -16.37419     5.6240     5.6240 0.0000e+00
    431.458      10356     51.341    12.9058    12.9020   4.154615   4.154036   48.96148  -16.37419     5.6234     5.6234 0.0000e+00
    431.500      10357     51.385    12.9054    12.9015   4.154578   4.153996   48.96148  -16.37419     5.6228     5.6228 0.0000e+00
    431.542      10358     51.428    12.9050    12.9011   4.154541   4.153956   48.96148  -16.37419     5.6221     5.6221 0.0000e+00
    431.583      10359     51.472    12.9046    12.9006   4.154505   4.153917   48.96148  -16.37419     5.6215     5.6215 0.0000e+00
    431.625      10360     51.515    12.9042    12.9002   4.154470   4.153877   48.96148  -16.37419     5.6209     5.6209 0.0000e+00
    431.667      10361     51.557    12.9038    12.8997   4.154436   4.153837   48.96148  -16.37419     5.6202     5.6202 0.0000e+00
    431.708      10362     51.600    12.9034    12.8992   4.154402   4.153797   48.96148  -16.37419     5.6196     5.6196 0.0000e+00
    431.750      10363     51.642    12.9030    12.8988   4.154369   4.153757   48.96148  -16.37419     5.6190     5.6190 0.0000e+00
    431.792      10364     51.684    12.9027    12.8983   4.154337   4.153718   48.96148  -16.37419     5.6183     5.6183 0.0000e+00
    431.833      10365     51.726    12.9023    12.8978   4.154305   4.153678   48.96148  -16.37419     5.6177     5.6177 0.0000e+00
    431.875      10366     51.767    12.9020    12.8974   4.154274   4.153637   48.96148  -16.37419     5.6171     5.6171 0.0000e+00
    431.917      10367     51.808    12.9016    12.8969   4.154244   4.153597   48.96148  -16.37419     5.6164     5.6164 0.0000e+00
    431.958      10368     51.849    12.9013    12.8964   4.154214   4.153557   48.96148  -16.37419     5.6158     5.6158 0.0000e+00
    432.000      10369     51.890    12.9009    12.8960   4.154185   4.153516   48.96148  -16.37419     5.6152     5.6152 0.0000e+00
    432.042      10370     51.930    12.9006    12.8955   4.154156   4.153476   48.96148  -16.37419     5.6145     5.6145 0.0000e+00
    432.083      10371     51.970    12.9003    12.8950   4.154128   4.153435   48.96148  -16.37419     5.6139     5.6139 0.0000e+00
    432.125      10372     52.009    12.9000    12.8946   4.154101   4.153394   48.96148  -16.37419     5.6132     5.6132 0.0000e+00
    432.167      10373     52.048    12.8997    12.8941   4.154074   4.153353   48.96148  -16.37419     5.6126     5.6126 0.0000e+00
    432.208      10374     52.087    12.8994    12.8936   4.154048   4.153312   48.96148  -16.37419     5.6119     5.6119 0.0000e+00
    432.250      10375     52.125    12.8991    12.8931   4.154023   4.153270   48.96148  -16.37419     5.6112     5.6112 0.0000e+00
    432.292      10376     52.163    12.8988    12.8926   4.153998   4.153228   48.96148  -16.37419     5.6106     5.6106 0.0000e+00
    432.333      10377     52.201    12.8985    12.8921   4.153974   4.153186   48.96148  -16.37419     5.6099     5.6099 0.0000e+00
    432.375      10378     52.238    12.8982    12.8917   4.153950   4.153144   48.96148  -16.37419     5.6093     5.6093 0.0000e+00
    432.417      10379     52.275    12.8979    12.8912   4.153928   4.153101   48.96148  -16.37419     5.6086     5.6086 0.0000e+00
    432.458      10380     52.311    12.8977    12.8907   4.153906   4.153058   48.96148  -16.37419     5.6080     5.6080 0.0000e+00
    432.500      10381     52.347    12.8974    12.8902   4.153884   4.153015   48.96148  -16.37419     5.6073     5.6073 0.0000e+00
    432.542      10382     52.383    12.8972    12.8897   4.153863   4.152971   48.96148  -16.37419     5.6067     5.6067 0.0000e+00
    432.583      10383     52.418    12.8969    12.8891   4.153843   4.152927   48.96148  -16.37419     5.6061     5.6061 0.0000e+00
    432.625      10384     52.453    12.8967    12.8886   4.153823   4.152883   48.96148  -16.37419     5.6054     5.6054 0.0000e+00
    432.667      10385     52.487    12.8964    12.8881   4.153804   4.152839   48.96148  -16.37419     5.6048     5.6048 0.0000e+00
    432.708      10386     52.521    12.8962    12.8876   4.153786   4.152795   48.96148  -16.37419     5.6042     5.6042 0.0000e+00
    432.750      10387     52.554    12.8960    12.8871   4.153768   4.152751   48.96148  -16.37419     5.6036     5.6036 0.0000e+00
    432.792      10388     52.587    12.8958    12.8866   4.153751   4.152707   48.96148  -16.37419     5.6030     5.6030 0.0000e+00
    432.833      10389     52.620    12.8956    12.8861   4.153735   4.152663   48.96148  -16.37419     5.6024     5.6024 0.0000e+00
    432.875      10390     52.653    12.8954    12.8856   4.153720   4.152620   48.96148  -16.37419     5.6018     5.6018 0.0000e+00
    432.917      10391     52.685    12.8952    12.8851   4.153706   4.152576   48.96148  -16.37419     5.6012     5.6012 0.0000e+00
    432.958      10392     52.716    12.8950    12.8845   4.153693   4.152533   48.96148  -16.37419     5.6006     5.6006 0.0000e+00
    433.000      10393     52.747    12.8948    12.8840   4.153681   4.152490   48.96148  -16.37419     5.6001     5.6001 0.0000e+00
    433.042      10394     52.778    12.8947    12.8835   4.153669   4.152448   48.96148  -16.37419     5.5995     5.5995 0.0000e+00
    433.083      10395     52.809    12.8945    12.8830   4.153659   4.152406   48.96148  -16.37419     5.5990     5.5990 0.0000e+00
    433.125      10396     52.839    12.8944    12.8825   4.153651   4.152364   48.96148  -16.37419     5.5984     5.5984 0.0000e+00
    433.167      10397     52.869    12.8943    12.8821   4.153644   4.152323   48.96148  -16.37419     5.5979     5.5979 0.0000e+00
    433.208      10398     52.898    12.8942    12.8816   4.153638   4.152282   48.96148  -16.37419     5.5974     5.5974 0.0000e+00
    433.250      10399     52.928    12.8941    12.8811   4.153634   4.152241   48.96148  -16.37419     5.5969     5.5969 0.0000e+00
    433.292      10400     52.957    12.8940    12.8806   4.153631   4.152201   48.96148  -16.37419     5.5964     5.5964 0.0000e+00
    433.333      10401     52.985    12.8940    12.8802   4.153630   4.152160   48.96148  -16.37419     5.5960     5.5960 0.0000e+00
    433.375      10402     53.013    12.8939    12.8797   4.153631   4.152120   48.96148  -16.37419     5.5955     5.5955 0.0000e+00
    433.417      10403     53.041    12.8939    12.8792   4.153634   4.152080   48.96148  -16.37419     5.5950     5.5950 0.0000e+00
    433.458      10404     53.069    12.8939    12.8788   4.153638   4.152040   48.96148  -16.37419     5.5946     5.5946 0.0000e+00
    433.500      10405     53.097    12.8939    12.8783   4.153644   4.152000   48.96148  -16.37419     5.5942     5.5942 0.0000e+00
