Data_example/SBE_Data_Processed/DY103/SeaBird/Data/Batch/DY103_CTD06cfaldb.cnv
* Sea-Bird SBE 9 Data File:
* FileName = C:\Users\sandm\Documents\Cruises\DY103\Data\CTD Raw Data\DY103_CTD06.hex
* Software Version Seasave V 7.26.7.121
* Temperature SN = 03P-4814
* Conductivity SN = 04C-2165
* Number of Bytes Per Scan = 41
* Number of Voltage Words = 4
* Number of Scans Averaged by the Deck Unit = 1
* NMEA Latitude = 48 56.60 N
* NMEA Longitude = 016 29.40 W
* NMEA UTC (Time) = Jul 01 2019  13:15:58
** Ship: RRS Discovery
** Cruise: DY103
** Cast: 06
** Station: 019
** Julian Day: 182
** Date: 01/07/19
** Time: 13:15
** Latitude: 48 56.60'N
** Longitude: 16 29.40'W
** Depth (uncorr m): 4810
** Principal Scientist: S Hartman
** Operator: J Wynar/T Powell
# nquan = 15
# nvalues = 101                         
# units = specified
# name 0 = timeS: Time, Elapsed [seconds]
# name 1 = scan: Scan Count
# name 2 = prDM: Pressure, Digiquartz [db]
# name 3 = t090C: Temperature [ITS-90, deg C]
# name 4 = t190C: Temperature, 2 [ITS-90, deg C]
# name 5 = c0S/m: Conductivity [S/m]
# name 6 = c1S/m: Conductivity, 2 [S/m]
# name 7 = latitude: Latitude [deg]
# name 8 = longitude: Longitude [deg]
# name 9 = sbeox0ML/L: Oxygen, SBE 43 [ml/l]
# name 10 = sbeox0ML/L: Oxygen, SBE 43 [ml/l]
# name 11 = sal00: Salinity, Practical [PSU]
# name 12 = sal11: Salinity, Practical, 2 [PSU]
# name 13 = depSM: Depth [salt water, m], lat = 48.9433
# name 14 = flag: flag
# span 0 =    353.131,    756.989       
# span 1 =       8476,      18169       
# span 2 =      1.000,    105.000       
# span 3 =    11.9322,    16.0232       
# span 4 =    11.9311,    16.0834       
# span 5 =   4.052764,   4.440989       
# span 6 =   4.052725,   4.472330       
# span 7 =   46.84797,   48.94340       
# span 8 =  -16.48998,  -15.78399       
# span 9 =     3.6405,     6.0235       
# span 10 =     3.6405,     6.0235      
# span 11 =    33.8820,    35.5577      
# span 12 =    34.2317,    35.8456      
# span 13 =      0.992,    104.083      
# span 14 = 0.0000e+00, 0.0000e+00      
# interval = decibars: 1                
# start_time = Jul 01 2019 13:15:59 [System UTC, first data scan.]
# bad_flag = -9.990e-29
*END*
    353.131       8476      1.000    16.0068    16.0191   4.367027   4.326137   48.94339  -16.48998     5.0546     5.0546    34.7844    34.4094      0.992 0.0000e+00
    356.280       8552      2.000    16.0051    16.0562   4.439788   4.450662   48.94339  -16.48998     4.4509     4.4509    35.4354    35.4867      1.983 0.0000e+00
    361.467       8676      3.000    16.0131    16.0834   4.439504   4.459617   48.94339  -16.48998     4.2699     4.2699    35.4253    35.5420      2.975 0.0000e+00
    364.962       8760      4.000    16.0232    16.0273   4.440989   4.467007   48.94339  -16.48997     4.1531     4.1531    35.4291    35.6581      3.966 0.0000e+00
    361.079       8667      6.000    15.3129    15.3139   4.245135   4.284317   46.84797  -15.78399     3.6405     3.6405    33.8820    34.2317      5.949 0.0000e+00
    379.750       9115      7.000    16.0099    15.9896   4.433967   4.471388   48.94339  -16.48996     3.7895     3.7895    35.3770    35.7301      6.941 0.0000e+00
    385.132       9244      8.000    15.9560    15.8708   4.434409   4.472330   48.94339  -16.48998     3.9839     3.9839    35.4288    35.8456      7.932 0.0000e+00
    393.393       9442     10.000    15.7043    15.6914   4.404577   4.444385   48.65673  -16.39340     3.7269     3.7269    35.3280    35.6977      9.915 0.0000e+00
    518.698      12450     13.000    15.3269    15.3353   4.324115   4.328486   48.06370  -16.19359     5.8596     5.8596    34.8226    34.8545     12.889 0.0000e+00
    599.882      14398     14.000    15.4823    15.5198   4.390074   4.393570   48.94340  -16.48998     5.9527     5.9527    35.4534    35.4512     13.881 0.0000e+00
    602.655      14465     15.000    15.3264    15.3382   4.374646   4.375767   48.94340  -16.48998     5.9606     5.9606    35.4541    35.4536     14.872 0.0000e+00
    606.080      14547     16.000    15.3546    15.3534   4.377250   4.377160   48.94339  -16.48998     5.9933     5.9933    35.4518    35.4521     15.864 0.0000e+00
    609.456      14628     17.000    15.3135    15.2647   4.373377   4.368026   48.94339  -16.48998     6.0183     6.0183    35.4535    35.4490     16.855 0.0000e+00
    613.194      14718     18.000    15.0889    15.0546   4.350981   4.347536   48.94339  -16.48998     6.0235     6.0235    35.4528    35.4524     17.847 0.0000e+00
    616.727      14802     19.000    14.9326    14.8198   4.335607   4.324924   48.94339  -16.48998     6.0032     6.0032    35.4539    35.4588     18.838 0.0000e+00
    619.323      14865     20.000    14.7549    14.7872   4.318359   4.322097   48.94339  -16.48998     6.0152     6.0152    35.4572    35.4621     19.829 0.0000e+00
    621.941      14928     21.000    14.7097    14.6900   4.314135   4.313130   48.94339  -16.48998     5.9513     5.9513    35.4593    35.4680     20.821 0.0000e+00
    624.805      14996     22.000    14.4895    14.3722   4.293433   4.282675   48.94339  -16.48998     5.9406     5.9406    35.4693    35.4774     21.812 0.0000e+00
    627.031      15050     23.000    14.3018    14.2432   4.275960   4.270383   48.94339  -16.48997     5.9446     5.9446    35.4793    35.4814     22.804 0.0000e+00
    630.102      15123     24.000    14.2927    14.1495   4.274846   4.261717   48.94339  -16.48998     5.9058     5.9058    35.4770    35.4867     23.795 0.0000e+00
    632.726      15186     25.000    14.1381    14.0965   4.260502   4.256233   48.94339  -16.48997     5.9003     5.9003    35.4855    35.4840     24.787 0.0000e+00
    634.677      15233     26.000    14.0484    14.0357   4.252139   4.250653   48.94339  -16.48997     5.8999     5.8999    35.4898    35.4876     25.778 0.0000e+00
    637.352      15297     27.000    14.0306    14.0030   4.250431   4.247622   48.94339  -16.48997     5.8967     5.8967    35.4898    35.4891     26.769 0.0000e+00
    640.013      15361     28.000    13.9918    13.9804   4.246689   4.245515   48.94339  -16.48997     5.8904     5.8904    35.4902    35.4898     27.761 0.0000e+00
    642.685      15425     29.000    13.9381    13.9016   4.241709   4.238168   48.94339  -16.48997     5.8688     5.8688    35.4929    35.4935     28.752 0.0000e+00
    645.103      15483     30.000    13.7947    13.7790   4.228700   4.227001   48.94339  -16.48997     5.8571     5.8571    35.5033    35.5018     29.744 0.0000e+00
    647.713      15546     31.000    13.7160    13.6872   4.221862   4.218911   48.94339  -16.48997     5.8295     5.8295    35.5116    35.5105     30.735 0.0000e+00
    650.346      15609     32.000    13.6456    13.6271   4.216040   4.214243   48.94339  -16.48997     5.8290     5.8290    35.5218    35.5220     31.726 0.0000e+00
    652.479      15660     33.000    13.5967    13.5925   4.212323   4.211846   48.94339  -16.48997     5.8261     5.8261    35.5318    35.5312     32.718 0.0000e+00
    655.031      15722     34.000    13.5529    13.5402   4.208387   4.207098   48.94339  -16.48997     5.8179     5.8179    35.5350    35.5346     33.709 0.0000e+00
    657.270      15775     35.000    13.4458    13.4393   4.198297   4.197433   48.94339  -16.48997     5.8006     5.8006    35.5389    35.5368     34.700 0.0000e+00
    659.624      15832     36.000    13.3199    13.2964   4.186693   4.183965   48.94339  -16.48997     5.7860     5.7860    35.5461    35.5422     35.692 0.0000e+00
    661.790      15884     37.000    13.0975    13.0787   4.164737   4.162130   48.94339  -16.48997     5.7818     5.7818    35.5449    35.5377     36.683 0.0000e+00
    663.686      15929     38.000    12.9492    12.9467   4.150258   4.149728   48.94339  -16.48997     5.7668     5.7668    35.5454    35.5427     37.674 0.0000e+00
    665.983      15985     39.000    12.9156    12.9100   4.147636   4.147096   48.94339  -16.48997     5.7487     5.7487    35.5515    35.5516     38.666 0.0000e+00
    667.987      16033     40.000    12.8678    12.8652   4.143471   4.142882   48.94339  -16.48997     5.7365     5.7365    35.5561    35.5530     39.657 0.0000e+00
    669.473      16068     41.000    12.7775    12.7731   4.134815   4.133907   48.94339  -16.48997     5.7430     5.7430    35.5577    35.5531     40.648 0.0000e+00
    670.903      16103     42.000    12.6941    12.6765   4.126464   4.123991   48.94339  -16.48997     5.7482     5.7482    35.5556    35.5484     41.640 0.0000e+00
    672.489      16141     43.000    12.5633    12.5381   4.112388   4.109210   48.94339  -16.48997     5.7429     5.7429    35.5430    35.5361     42.631 0.0000e+00
    674.168      16181     44.000    12.4712    12.4624   4.102472   4.101251   48.94339  -16.48997     5.7259     5.7259    35.5338    35.5303     43.622 0.0000e+00
    675.758      16219     45.000    12.4399    12.4373   4.099305   4.098839   48.94339  -16.48997     5.7097     5.7097    35.5323    35.5303     44.614 0.0000e+00
    677.239      16255     46.000    12.4262    12.4246   4.098302   4.097980   48.94339  -16.48997     5.6963     5.6963    35.5352    35.5336     45.605 0.0000e+00
    678.660      16289     47.000    12.4136    12.4124   4.097338   4.097064   48.94339  -16.48997     5.7010     5.7010    35.5373    35.5359     46.596 0.0000e+00
    680.111      16324     48.000    12.3906    12.3854   4.095102   4.094247   48.94339  -16.48997     5.7032     5.7032    35.5370    35.5336     47.588 0.0000e+00
    681.772      16364     49.000    12.3481    12.3417   4.090478   4.089473   48.94339  -16.48997     5.6862     5.6862    35.5320    35.5283     48.579 0.0000e+00
    683.741      16411     50.000    12.3295    12.3242   4.088540   4.087752   48.94339  -16.48998     5.6420     5.6420    35.5304    35.5278     49.570 0.0000e+00
    685.384      16450     51.000    12.3479    12.3485   4.091053   4.091316   48.94339  -16.48997     5.6324     5.6324    35.5369    35.5389     50.561 0.0000e+00
    686.604      16480     52.000    12.3862    12.3868   4.096161   4.096408   48.94339  -16.48997     5.6413     5.6413    35.5497    35.5515     51.553 0.0000e+00
    687.739      16507     53.000    12.3993    12.3982   4.097976   4.097953   48.94339  -16.48997     5.6477     5.6477    35.5544    35.5553     52.544 0.0000e+00
    689.169      16541     54.000    12.3985    12.3963   4.097903   4.097993   48.94339  -16.48997     5.6409     5.6409    35.5540    35.5570     53.535 0.0000e+00
    691.287      16592     55.000    12.3915    12.3888   4.096997   4.097302   48.94339  -16.48997     5.6403     5.6403    35.5515    35.5570     54.526 0.0000e+00
    692.880      16630     56.000    12.3715    12.3687   4.095216   4.094943   48.94339  -16.48997     5.6564     5.6564    35.5527    35.5527     55.518 0.0000e+00
    693.945      16656     57.000    12.3406    12.3389   4.091875   4.091474   48.94339  -16.48997     5.6597     5.6597    35.5492    35.5469     56.509 0.0000e+00
    694.926      16679     58.000    12.3027    12.3004   4.087622   4.087039   48.94339  -16.48997     5.6573     5.6573    35.5434    35.5399     57.500 0.0000e+00
    696.002      16705     59.000    12.2625    12.2584   4.083031   4.082300   48.94339  -16.48997     5.6505     5.6505    35.5365    35.5333     58.491 0.0000e+00
    697.351      16737     60.000    12.2311    12.2275   4.079447   4.079005   48.94339  -16.48997     5.6399     5.6399    35.5311    35.5301     59.483 0.0000e+00
    699.011      16777     61.000    12.2146    12.2135   4.077855   4.077810   48.94339  -16.48997     5.6334     5.6334    35.5308    35.5314     60.474 0.0000e+00
    700.661      16817     62.000    12.2002    12.1970   4.076606   4.076182   48.94339  -16.48997     5.6267     5.6267    35.5318    35.5308     61.465 0.0000e+00
    701.985      16849     63.000    12.1833    12.1823   4.074951   4.074782   48.94339  -16.48997     5.6195     5.6195    35.5314    35.5307     62.456 0.0000e+00
    703.067      16875     64.000    12.1813    12.1814   4.075025   4.075062   48.94339  -16.48997     5.6172     5.6172    35.5336    35.5338     63.448 0.0000e+00
    704.036      16898     65.000    12.1923    12.1927   4.076664   4.076840   48.94339  -16.48997     5.6194     5.6194    35.5386    35.5399     64.439 0.0000e+00
    704.987      16921     66.000    12.2115    12.2125   4.079312   4.079569   48.94339  -16.48997     5.6196     5.6196    35.5457    35.5472     65.430 0.0000e+00
    705.987      16945     67.000    12.2219    12.2230   4.080844   4.081008   48.94339  -16.48997     5.6185     5.6185    35.5503    35.5509     66.421 0.0000e+00
    707.072      16971     68.000    12.2170    12.2177   4.080472   4.080462   48.94339  -16.48997     5.6235     5.6235    35.5509    35.5501     67.412 0.0000e+00
    708.211      16998     69.000    12.1934    12.1940   4.077828   4.077697   48.94339  -16.48997     5.6306     5.6306    35.5471    35.5453     68.404 0.0000e+00
    709.338      17025     70.000    12.1553    12.1555   4.073449   4.073148   48.94339  -16.48997     5.6321     5.6321    35.5402    35.5371     69.395 0.0000e+00
    710.420      17051     71.000    12.1078    12.1083   4.067955   4.067717   48.94339  -16.48997     5.6298     5.6298    35.5314    35.5286     70.386 0.0000e+00
    711.434      17075     72.000    12.0769    12.0777   4.064473   4.064377   48.94339  -16.48997     5.6254     5.6254    35.5264    35.5247     71.377 0.0000e+00
    712.380      17098     73.000    12.0633    12.0640   4.063052   4.063040   48.94339  -16.48997     5.6207     5.6207    35.5251    35.5242     72.368 0.0000e+00
    713.293      17120     74.000    12.0576    12.0584   4.062600   4.062634   48.94339  -16.48997     5.6201     5.6201    35.5256    35.5252     73.360 0.0000e+00
    714.229      17142     75.000    12.0561    12.0570   4.062658   4.062749   48.94339  -16.48997     5.6206     5.6206    35.5272    35.5272     74.351 0.0000e+00
    715.260      17167     76.000    12.0579    12.0588   4.063136   4.063254   48.94339  -16.48998     5.6187     5.6187    35.5297    35.5300     75.342 0.0000e+00
    716.466      17196     77.000    12.0596    12.0606   4.063574   4.063737   48.94339  -16.48998     5.6159     5.6159    35.5319    35.5325     76.333 0.0000e+00
    717.809      17228     78.000    12.0609    12.0615   4.064013   4.064155   48.94339  -16.48998     5.6110     5.6110    35.5345    35.5353     77.324 0.0000e+00
    719.121      17260     79.000    12.0602    12.0608   4.064251   4.064332   48.94339  -16.48998     5.6101     5.6101    35.5370    35.5373     78.315 0.0000e+00
    720.330      17289     80.000    12.0583    12.0587   4.064287   4.064310   48.94339  -16.48998     5.6138     5.6138    35.5387    35.5386     79.306 0.0000e+00
    721.498      17317     81.000    12.0530    12.0527   4.063850   4.063748   48.94339  -16.48998     5.6151     5.6151    35.5391    35.5383     80.298 0.0000e+00
    722.654      17345     82.000    12.0428    12.0423   4.062792   4.062654   48.94339  -16.48998     5.6132     5.6132    35.5380    35.5371     81.289 0.0000e+00
    723.802      17372     83.000    12.0324    12.0324   4.061727   4.061668   48.94339  -16.48998     5.6130     5.6130    35.5371    35.5365     82.280 0.0000e+00
    724.924      17399     84.000    12.0269    12.0273   4.061223   4.061223   48.94339  -16.48998     5.6165     5.6165    35.5369    35.5365     83.271 0.0000e+00
    726.020      17425     85.000    12.0240    12.0244   4.060980   4.060987   48.94339  -16.48998     5.6187     5.6187    35.5369    35.5366     84.262 0.0000e+00
    727.150      17453     86.000    12.0210    12.0212   4.060755   4.060747   48.94339  -16.48998     5.6169     5.6169    35.5371    35.5368     85.253 0.0000e+00
    728.430      17483     87.000    12.0172    12.0170   4.060447   4.060385   48.94339  -16.48998     5.6164     5.6164    35.5373    35.5369     86.244 0.0000e+00
    729.862      17518     88.000    12.0115    12.0108   4.059900   4.059783   48.94339  -16.48998     5.6218     5.6218    35.5370    35.5365     87.235 0.0000e+00
    731.103      17547     89.000    12.0023    12.0021   4.058986   4.058888   48.94339  -16.48998     5.6222     5.6222    35.5363    35.5356     88.226 0.0000e+00
    732.079      17571     90.000    11.9908    11.9912   4.057808   4.057748   48.94339  -16.48998     5.6219     5.6219    35.5353    35.5344     89.218 0.0000e+00
    732.944      17592     91.000    11.9795    11.9799   4.056664   4.056624   48.94339  -16.48998     5.6248     5.6248    35.5345    35.5336     90.209 0.0000e+00
    733.800      17612     92.000    11.9708    11.9711   4.055814   4.055784   48.94339  -16.48998     5.6262     5.6262    35.5340    35.5334     91.200 0.0000e+00
    734.745      17635     93.000    11.9642    11.9641   4.055203   4.055149   48.94339  -16.48998     5.6279     5.6279    35.5339    35.5335     92.191 0.0000e+00
    735.886      17662     94.000    11.9587    11.9584   4.054717   4.054662   48.94339  -16.48998     5.6338     5.6338    35.5339    35.5336     93.182 0.0000e+00
    737.226      17694     95.000    11.9547    11.9544   4.054384   4.054323   48.94339  -16.48998     5.6357     5.6357    35.5340    35.5337     94.173 0.0000e+00
    738.552      17726     96.000    11.9507    11.9505   4.054053   4.054007   48.94339  -16.48998     5.6324     5.6324    35.5341    35.5339     95.164 0.0000e+00
    739.692      17754     97.000    11.9476    11.9479   4.053815   4.053829   48.94339  -16.48998     5.6298     5.6298    35.5343    35.5342     96.155 0.0000e+00
    740.677      17777     98.000    11.9451    11.9456   4.053656   4.053679   48.94339  -16.48998     5.6310     5.6310    35.5347    35.5345     97.146 0.0000e+00
    741.586      17799     99.000    11.9417    11.9421   4.053423   4.053432   48.94339  -16.48998     5.6345     5.6345    35.5352    35.5350     98.137 0.0000e+00
    742.483      17821    100.000    11.9373    11.9379   4.053109   4.053143   48.94339  -16.48997     5.6341     5.6341    35.5359    35.5356     99.128 0.0000e+00
