Data_example/SBE_Data_Processed/DY103/SeaBird/Data/Batch/DY103_CTD06c.cnv
* Sea-Bird SBE 9 Data File:
* FileName = C:\Users\sandm\Documents\Cruises\DY103\Data\CTD Raw Data\DY103_CTD06.hex
* Software Version Seasave V 7.26.7.121
* Temperature SN = 03P-4814
* Conductivity SN = 04C-2165
* Number of Bytes Per Scan = 41
* Number of Voltage Words = 4
* Number of Scans Averaged by the Deck Unit = 1
* NMEA Latitude = 48 56.60 N
* NMEA Longitude = 016 29.40 W
* NMEA UTC (Time) = Jul 01 2019  13:15:58
** Ship: RRS Discovery
** Cruise: DY103
** Cast: 06
** Station: 019
** Julian Day: 182
** Date: 01/07/19
** Time: 13:15
** Latitude: 48 56.60'N
** Longitude: 16 29.40'W
** Depth (uncorr m): 4810
** Principal Scientist: S Hartman
** Operator: J Wynar/T Powell
# nquan = 12
# nvalues = 18331                                 
# units = specified
# name 0 = timeS: Time, Elapsed [seconds]
# name 1 = scan: Scan Count
# name 2 = prDM: Pressure, Digiquartz [db]
# name 3 = t090C: Temperature [ITS-90, deg C]
# name 4 = t190C: Temperature, 2 [ITS-90, deg C]
# name 5 = c0S/m: Conductivity [S/m]
# name 6 = c1S/m: Conductivity, 2 [S/m]
# name 7 = latitude: Latitude [deg]
# name 8 = longitude: Longitude [deg]
# name 9 = sbeox0ML/L: Oxygen, SBE 43 [ml/l]
# name 10 = sbeox0ML/L: Oxygen, SBE 43 [ml/l]
# name 11 = flag:  0.000e+00
# span 0 =     12.500,    776.250                 
# span 1 =        301,      18631                 
# span 2 =      0.316,    105.884                 
# span 3 =    11.9283,    16.0605                 
# span 4 =    11.9287,    17.2318                 
# span 5 =   0.059856,   4.443353                 
# span 6 =   0.027634,   4.482659                 
# span 7 =   48.94334,   48.94342                 
# span 8 =  -16.49000,  -16.48996                 
# span 9 =     3.6567,     7.7065                 
# span 10 =     3.6567,     7.7065                
# span 11 = 0.0000e+00, 0.0000e+00                
# interval = seconds: 0.0416667
# start_time = Jul 01 2019 13:15:59 [System UTC, first data scan.]
# bad_flag = -9.990e-29
*END*
[from data line 4211]
    187.958       4512      0.533    15.1931    17.0066   0.154945   0.071426   48.94340  -16.48996     6.2678     6.2678  0.000e+00
    188.000       4513      0.503    15.1942    17.0049   0.154736   0.074353   48.94340  -16.48996     6.2811     6.2811  0.000e+00
    188.042       4514      0.612    15.1959    17.0034   0.154493   0.075600   48.94340  -16.48996     6.2949     6.2949  0.000e+00
    188.083       4515      0.503    15.1973    17.0039   0.154308   0.075422   48.94340  -16.48996     6.3129     6.3129  0.000e+00
    188.125       4516      0.533    15.1984    17.0040   0.153995   0.074667   48.94340  -16.48996     6.3314     6.3314  0.000e+00
    188.167       4517      0.572    15.1999    17.0039   0.153664   0.073229   48.94340  -16.48996     6.3506     6.3506  0.000e+00
    188.208       4518      0.533    15.2015    17.0042   0.153300   0.071042   48.94340  -16.48996     6.3701     6.3701  0.000e+00
    188.250       4519      0.503    15.2027    17.0060   0.152873   0.068248   48.94340  -16.48996     6.3944     6.3944  0.000e+00
    188.292       4520      0.612    15.2043    17.0078   0.152590   0.064510   48.94340  -16.48996     6.4154     6.4154  0.000e+00
    188.333       4521      0.503    15.2054    17.0100   0.152436   0.060065   48.94340  -16.48996     6.4407     6.4407  0.000e+00
    188.375       4522      0.533    15.2066    17.0123   0.152248   0.055107   48.94340  -16.48996     6.4621     6.4621  0.000e+00
    188.417       4523      0.572    15.2082    17.0145   0.152048   0.050784   48.94334  -16.49000     6.4878     6.4878  0.000e+00
    188.458       4524      0.533    15.2095    17.0165   0.151775   0.047979   48.94334  -16.49000     6.5140     6.5140  0.000e+00
    188.500       4525      0.572    15.2109    17.0185   0.151511   0.046577   48.94334  -16.49000     6.5405     6.5405  0.000e+00
    188.542       4526      0.533    15.2122    17.0205   0.151165   0.046053   48.94334  -16.49000     6.5717     6.5717  0.000e+00
    188.583       4527      0.503    15.2134    17.0220   0.150886   0.046154   48.94340  -16.48996     6.5991     6.5991  0.000e+00
    188.625       4528      0.612    15.2149    17.0236   0.150532   0.046805   48.94340  -16.48996     6.6312     6.6312  0.000e+00
    188.667       4529      0.503    15.2163    17.0253   0.150168   0.047891   48.94340  -16.48996     6.6595     6.6595  0.000e+00
    188.708       4530      0.533    15.2173    17.0267   0.149929   0.049118   48.94340  -16.48996     6.6920     6.6920  0.000e+00
    188.750       4531      0.572    15.2186    17.0282   0.149638   0.050138   48.94340  -16.48996     6.7249     6.7249  0.000e+00
    188.792       4532      0.533    15.2196    17.0297   0.149284   0.051086   48.94340  -16.48996     6.7497     6.7497  0.000e+00
    188.833       4533      0.572    15.2211    17.0311   0.149175   0.051848   48.94340  -16.48996     6.7783     6.7783  0.000e+00
    188.875       4534      0.394    15.2223    17.0324   0.149029   0.052727   48.94340  -16.48996     6.8067     6.8067  0.000e+00
    188.917       4535      0.721    15.2232    17.0339   0.148726   0.053639   48.94340  -16.48996     6.8354     6.8354  0.000e+00
    188.958       4536      0.503    15.2245    17.0350   0.148545   0.054554   48.94340  -16.48996     6.8633     6.8633  0.000e+00
    189.000       4537      0.533    15.2255    17.0365   0.148396   0.055715   48.94340  -16.48996     6.8911     6.8911  0.000e+00
    189.042       4538      0.572    15.2266    17.0376   0.148184   0.056900   48.94340  -16.48996     6.9191     6.9191  0.000e+00
    189.083       4539      0.533    15.2278    17.0388   0.148148   0.057985   48.94340  -16.48996     6.9464     6.9464  0.000e+00
    189.125       4540      0.572    15.2289    17.0400   0.148072   0.058609   48.94340  -16.48996     6.9739     6.9739  0.000e+00
    189.167       4541      0.533    15.2300    17.0411   0.147882   0.058471   48.94340  -16.48996     7.0007     7.0007  0.000e+00
    189.208       4542      0.572    15.2307    17.0422   0.147857   0.057300   48.94340  -16.48996     7.0313     7.0313  0.000e+00
    189.250       4543      0.533    15.2320    17.0431   0.147927   0.055226   48.94340  -16.48996     7.0576     7.0576  0.000e+00
    189.292       4544      0.572    15.2327    17.0443   0.148057   0.052568   48.94340  -16.48996     7.0880     7.0880  0.000e+00
    189.333       4545      0.533    15.2337    17.0451   0.148218   0.050342   48.94340  -16.48996     7.1136     7.1136  0.000e+00
    189.375       4546      0.503    15.2343    17.0465   0.148327   0.049033   48.94340  -16.48996     7.1426     7.1426  0.000e+00
    189.417       4547      0.533    15.2352    17.0472   0.147694   0.047614   48.94334  -16.49000     7.1714     7.1714  0.000e+00
    189.458       4548      0.572    15.2362    17.0482   0.147304   0.046987   48.94334  -16.49000     7.1952     7.1952  0.000e+00
    189.500       4549      0.533    15.2367    17.0491   0.147379   0.046866   48.94334  -16.49000     7.2182     7.2182  0.000e+00
    189.542       4550      0.572    15.2378    17.0499   0.147331   0.046796   48.94334  -16.49000     7.2448     7.2448  0.000e+00
    189.583       4551      0.533    15.2383    17.0507   0.147310   0.046747   48.94340  -16.48996     7.2710     7.2710  0.000e+00
    189.625       4552      0.572    15.2390    17.0517   0.147416   0.046631   48.94340  -16.48996     7.2929     7.2929  0.000e+00
    189.667       4553      0.533    15.2395    17.0523   0.147413   0.046574   48.94340  -16.48996     7.3181     7.3181  0.000e+00
    189.708       4554      0.503    15.2404    17.0532   0.147425   0.046494   48.94340  -16.48996     7.3347     7.3347  0.000e+00
    189.750       4555      0.533    15.2410    17.0542   0.147534   0.046361   48.94340  -16.48996     7.3542     7.3542  0.000e+00
    189.792       4556      0.572    15.2414    17.0548   0.147531   0.046303   48.94340  -16.48996     7.3685     7.3685  0.000e+00
    189.833       4557      0.533    15.2417    17.0554   0.147591   0.046175   48.94340  -16.48996     7.3860     7.3860  0.000e+00
    189.875       4558      0.572    15.2423    17.0562   0.147794   0.046063   48.94340  -16.48996     7.4028     7.4028  0.000e+00
    189.917       4559      0.533    15.2425    17.0570   0.147876   0.045920   48.94340  -16.48996     7.4193     7.4193  0.000e+00
    189.958       4560      0.572    15.2432    17.0575   0.147975   0.045777   48.94340  -16.48996     7.4308     7.4308  0.000e+00
    190.000       4561      0.503    15.2434    17.0581   0.148166   0.045631   48.94340  -16.48996     7.4412     7.4412  0.000e+00
    190.042       4562      0.612    15.2435    17.0587   0.148330   0.045476   48.94340  -16.48996     7.4548     7.4548  0.000e+00
    190.083       4563      0.503    15.2440    17.0595   0.148424   0.045339   48.94340  -16.48996     7.4632     7.4632  0.000e+00
    190.125       4564      0.533    15.2441    17.0597   0.148632   0.045144   48.94340  -16.48996     7.4752     7.4752  0.000e+00
    190.167       4565      0.503    15.2442    17.0601   0.148829   0.045001   48.94340  -16.48996     7.4825     7.4825  0.000e+00
    190.208       4566      0.612    15.2443    17.0608   0.149020   0.044810   48.94340  -16.48996     7.4892     7.4892  0.000e+00
    190.250       4567      0.503    15.2442    17.0611   0.149259   0.044655   48.94340  -16.48996     7.4991     7.4991  0.000e+00
    190.292       4568      0.612    15.2444    17.0614   0.149556   0.044482   48.94340  -16.48996     7.5006     7.5006  0.000e+00
    190.333       4569      0.572    15.2443    17.0620   0.149759   0.044299   48.94340  -16.48996     7.5094     7.5094  0.000e+00
    190.375       4570      0.463    15.2439    17.0619   0.149992   0.044135   48.94340  -16.48996     7.5139     7.5139  0.000e+00
    190.417       4571      0.572    15.2439    17.0622   0.150292   0.043920   48.94334  -16.49000     7.5178     7.5178  0.000e+00
    190.458       4572      0.533    15.2437    17.0621   0.150559   0.043765   48.94334  -16.49000     7.5169     7.5169  0.000e+00
    190.500       4573      0.572    15.2432    17.0626   0.150905   0.043549   48.94334  -16.49000     7.5196     7.5196  0.000e+00
    190.542       4574      0.533    15.2432    17.0625   0.151280   0.043367   48.94334  -16.49000     7.5176     7.5176  0.000e+00
    190.583       4575      0.503    15.2427    17.0628   0.151547   0.043197   48.94340  -16.48996     7.5197     7.5197  0.000e+00
    190.625       4576      0.533    15.2424    17.0631   0.151884   0.042981   48.94340  -16.48996     7.5216     7.5216  0.000e+00
    190.667       4577      0.572    15.2418    17.0630   0.152275   0.042808   48.94340  -16.48996     7.5194     7.5194  0.000e+00
    190.708       4578      0.533    15.2412    17.0635   0.152609   0.042638   48.94340  -16.48996     7.5208     7.5208  0.000e+00
    190.750       4579      0.503    15.2407    17.0634   0.152976   0.042459   48.94340  -16.48996     7.5181     7.5181  0.000e+00
    190.792       4580      0.533    15.2399    17.0635   0.153449   0.042270   48.94340  -16.48996     7.5154     7.5154  0.000e+00
    190.833       4581      0.572    15.2394    17.0637   0.153844   0.042122   48.94340  -16.48996     7.5119     7.5119  0.000e+00
    190.875       4582      0.533    15.2384    17.0636   0.154211   0.041952   48.94340  -16.48996     7.5079     7.5079  0.000e+00
    190.917       4583      0.503    15.2375    17.0639   0.154581   0.041794   48.94340  -16.48996     7.5034     7.5034  0.000e+00
    190.958       4584      0.533    15.2367    17.0637   0.155043   0.041639   48.94340  -16.48996     7.4986     7.4986  0.000e+00
    191.000       4585      0.572    15.2359    17.0637   0.155480   0.041481   48.94340  -16.48996     7.4977     7.4977  0.000e+00
    191.042       4586      0.503    15.2349    17.0639   0.155881   0.041414   48.94340  -16.48996     7.4883     7.4883  0.000e+00
    191.083       4587      0.533    15.2340    17.0641   0.156391   0.041326   48.94340  -16.48996     7.4824     7.4824  0.000e+00
    191.125       4588      0.572    15.2327    17.0639   0.156877   0.041181   48.94340  -16.48996     7.4764     7.4764  0.000e+00
    191.167       4589      0.463    15.2316    17.0639   0.157285   0.041053   48.94340  -16.48996     7.4700     7.4700  0.000e+00
    191.208       4590      0.572    15.2307    17.0639   0.157747   0.040886   48.94340  -16.48996     7.4594     7.4594  0.000e+00
    191.250       4591      0.533    15.2291    17.0639   0.158373   0.040759   48.94340  -16.48996     7.4485     7.4485  0.000e+00
    191.292       4592      0.503    15.2282    17.0634   0.158781   0.040610   48.94340  -16.48996     7.4414     7.4414  0.000e+00
    191.333       4593      0.533    15.2266    17.0633   0.159176   0.040480   48.94340  -16.48996     7.4305     7.4305  0.000e+00
    191.375       4594      0.503    15.2257    17.0629   0.159779   0.040359   48.94340  -16.48996     7.4190     7.4190  0.000e+00
    191.417       4595      0.612    15.2240    17.0626   0.160272   0.040268   48.94334  -16.49000     7.4079     7.4079  0.000e+00
    191.458       4596      0.503    15.2224    17.0623   0.160676   0.040168   48.94334  -16.49000     7.3968     7.3968  0.000e+00
    191.500       4597      0.533    15.2213    17.0622   0.161170   0.040107   48.94334  -16.49000     7.3855     7.3855  0.000e+00
    191.542       4598      0.503    15.2198    17.0619   0.161733   0.040028   48.94334  -16.49000     7.3740     7.3740  0.000e+00
    191.583       4599      0.533    15.2183    17.0620   0.162153   0.039961   48.94340  -16.48996     7.3629     7.3629  0.000e+00
    191.625       4600      0.572    15.2166    17.0614   0.162622   0.039910   48.94340  -16.48996     7.3480     7.3480  0.000e+00
    191.667       4601      0.463    15.2149    17.0613   0.163253   0.039834   48.94340  -16.48996     7.3368     7.3368  0.000e+00
    191.708       4602      0.572    15.2135    17.0613   0.163783   0.039773   48.94340  -16.48996     7.3263     7.3263  0.000e+00
    191.750       4603      0.533    15.2119    17.0611   0.164335   0.039728   48.94340  -16.48996     7.3069     7.3069  0.000e+00
    191.792       4604      0.503    15.2104    17.0608   0.164875   0.039670   48.94340  -16.48996     7.2954     7.2954  0.000e+00
    191.833       4605      0.533    15.2086    17.0605   0.165296   0.039655   48.94340  -16.48996     7.2840     7.2840  0.000e+00
    191.875       4606      0.503    15.2068    17.0602   0.165808   0.039637   48.94340  -16.48996     7.2685     7.2685  0.000e+00
    191.917       4607      0.533    15.2051    17.0600   0.166352   0.039591   48.94340  -16.48996     7.2531     7.2531  0.000e+00
    191.958       4608      0.503    15.2035    17.0595   0.166757   0.039564   48.94340  -16.48996     7.2377     7.2377  0.000e+00
    192.000       4609      0.533    15.2017    17.0592   0.167200   0.039537   48.94340  -16.48996     7.2220     7.2220  0.000e+00
    192.042       4610      0.503    15.2001    17.0589   0.167704   0.039461   48.94340  -16.48996     7.2060     7.2060  0.000e+00
    192.083       4611      0.533    15.1984    17.0589   0.168177   0.039409   48.94340  -16.48996     7.1860     7.1860  0.000e+00
    192.125       4612      0.503    15.1964    17.0585   0.168547   0.039343   48.94340  -16.48996     7.1698     7.1698  0.000e+00
    192.167       4613      0.572    15.1947    17.0583   0.168947   0.039243   48.94340  -16.48996     7.1497     7.1497  0.000e+00
    192.208       4614      0.533    15.1931    17.0580   0.169329   0.039161   48.94340  -16.48996     7.1334     7.1334  0.000e+00
    192.250       4615      0.503    15.1915    17.0578   0.169708   0.039140   48.94340  -16.48996     7.1172     7.1172  0.000e+00
    192.292       4616      0.463    15.1897    17.0573   0.170013   0.039064   48.94340  -16.48996     7.0972     7.0972  0.000e+00
    192.333       4617      0.572    15.1881    17.0570   0.170243   0.039015   48.94340  -16.48996     7.0768     7.0768  0.000e+00
    192.375       4618      0.533    15.1864    17.0567   0.170509   0.039018   48.94340  -16.48996     7.0565     7.0565  0.000e+00
    192.417       4619      0.503    15.1850    17.0565   0.170665   0.038985   48.94334  -16.49000     7.0361     7.0361  0.000e+00
    192.458       4620      0.533    15.1834    17.0561   0.170793   0.038967   48.94334  -16.49000     7.0159     7.0159  0.000e+00
    192.500       4621      0.503    15.1820    17.0556   0.170992   0.038976   48.94334  -16.49000     6.9951     6.9951  0.000e+00
    192.542       4622      0.533    15.1804    17.0551   0.171252   0.038961   48.94334  -16.49000     6.9746     6.9746  0.000e+00
    192.583       4623      0.503    15.1791    17.0546   0.171411   0.038964   48.94340  -16.48996     6.9495     6.9495  0.000e+00
    192.625       4624      0.533    15.1778    17.0544   0.171444   0.038970   48.94340  -16.48996     6.9286     6.9286  0.000e+00
    192.667       4625      0.503    15.1765    17.0539   0.171524   0.039006   48.94340  -16.48996     6.9079     6.9079  0.000e+00
    192.708       4626      0.533    15.1752    17.0537   0.171539   0.038979   48.94340  -16.48996     6.8873     6.8873  0.000e+00
    192.750       4627      0.503    15.1742    17.0532   0.171499   0.039021   48.94340  -16.48996     6.8627     6.8627  0.000e+00
    192.792       4628      0.533    15.1730    17.0529   0.171451   0.039046   48.94340  -16.48996     6.8422     6.8422  0.000e+00
    192.833       4629      0.503    15.1722    17.0518   0.171423   0.039024   48.94340  -16.48996     6.8175     6.8175  0.000e+00
    192.875       4630      0.533    15.1712    17.0507   0.171295   0.039055   48.94340  -16.48996     6.7927     6.7927  0.000e+00
