Data_example/SBE_Data_Processed/DY103/SeaBird/Data/Batch/DY103_CTD12cfaldb.cnv
* Sea-Bird SBE 9 Data File:
* FileName = C:\Users\sandm\Documents\Cruises\DY103\Data\CTD Raw Data\DY103_CTD12.hex
* Software Version Seasave V 7.26.7.121
* Temperature SN = 03P-4814
* Conductivity SN = 04C-2165
* Number of Bytes Per Scan = 41
* Number of Voltage Words = 4
* Number of Scans Averaged by the Deck Unit = 1
* NMEA Latitude = 49 00.00 N
* NMEA Longitude = 016 30.00 W
* NMEA UTC (Time) = Jul 05 2019  12:57:09
** Ship: RRS Discovery
** Cruise: DY103
** Cast: 12
** Station:
** Julian Day: 186
** Date: 05/07/19
** Time: 13:00
** Latitude: 49 00.02'N
** Longitude: 16 30.02'W
** Depth (uncorr m): 4807
** Principal Scientist: S Hartman
** Operator: J Wynar/T Powell
# nquan = 15
# nvalues = 4922                        
# units = specified
# name 0 = timeS: Time, Elapsed [seconds]
# name 1 = scan: Scan Count
# name 2 = prDM: Pressure, Digiquartz [db]
# name 3 = t090C: Temperature [ITS-90, deg C]
# name 4 = t190C: Temperature, 2 [ITS-90, deg C]
# name 5 = c0S/m: Conductivity [S/m]
# name 6 = c1S/m: Conductivity, 2 [S/m]
# name 7 = latitude: Latitude [deg]
# name 8 = longitude: Longitude [deg]
# name 9 = sbeox0ML/L: Oxygen, SBE 43 [ml/l]
# name 10 = sbeox0ML/L: Oxygen, SBE 43 [ml/l]
# name 11 = sal00: Salinity, Practical [PSU]
# name 12 = sal11: Salinity, Practical, 2 [PSU]
# name 13 = depSM: Depth [salt water, m], lat = 49
# name 14 = flag: flag
# span 0 =    328.584,   5695.538       
# span 1 =       7887,     136694       
# span 2 =      1.000,   4927.000       
# span 3 =     2.5229,    16.5652       
# span 4 =     2.5228,    18.0953       
# span 5 =   3.136125,   4.499820       
# span 6 =   3.272228,   4.870076       
# span 7 =   48.82630,   49.00002       
# span 8 =  -16.49997,  -16.44145       
# span 9 =     3.3913,     6.1040       
# span 10 =     3.3913,     6.1040      
# span 11 =    23.9737,    35.5867      
# span 12 =    28.6055,    39.0068      
# span 13 =      0.992,   4829.520      
# span 14 = 0.0000e+00, 0.0000e+00      
# interval = decibars: 1                
# start_time = Jul 05 2019 12:57:09 [System UTC, first data scan.]
# bad_flag = -9.990e-29
*END*
[from data line 193]
    939.799      22556    198.000    11.5853    11.5860   4.019929   4.020170   49.00002  -16.49995     5.6702     5.6702    35.5026    35.5043    196.226 0.0000e+00
    940.863      22582    199.000    11.5852    11.5859   4.019956   4.020207   49.00002  -16.49995     5.6709     5.6709    35.5026    35.5044    197.217 0.0000e+00
    941.977      22608    200.000    11.5851    11.5859   4.019992   4.020247   49.00002  -16.49995     5.6721     5.6721    35.5026    35.5043    198.208 0.0000e+00
    943.102      22635    201.000    11.5852    11.5860   4.020051   4.020310   49.00002  -16.49995     5.6704     5.6704    35.5026    35.5044    199.198 0.0000e+00
    944.212      22662    202.000    11.5857    11.5866   4.020176   4.020448   49.00002  -16.49995     5.6675     5.6675    35.5029    35.5047    200.189 0.0000e+00
    945.360      22690    203.000    11.5877    11.5888   4.020488   4.020803   49.00002  -16.49995     5.6688     5.6688    35.5037    35.5057    201.179 0.0000e+00
    946.609      22720    204.000    11.5907    11.5917   4.020947   4.021245   49.00002  -16.49995     5.6679     5.6679    35.5049    35.5069    202.170 0.0000e+00
    947.942      22752    205.000    11.5929    11.5937   4.021302   4.021562   49.00002  -16.49995     5.6681     5.6681    35.5058    35.5076    203.160 0.0000e+00
    949.281      22784    206.000    11.5937    11.5944   4.021451   4.021705   49.00002  -16.49995     5.6744     5.6744    35.5061    35.5079    204.151 0.0000e+00
    950.574      22815    207.000    11.5936    11.5944   4.021512   4.021773   49.00002  -16.49995     5.6743     5.6743    35.5063    35.5081    205.141 0.0000e+00
    951.818      22845    208.000    11.5937    11.5945   4.021591   4.021846   49.00002  -16.49995     5.6758     5.6758    35.5065    35.5083    206.132 0.0000e+00
    952.988      22873    209.000    11.5933    11.5939   4.021602   4.021836   49.00002  -16.49995     5.6797     5.6797    35.5066    35.5083    207.122 0.0000e+00
    954.096      22899    210.000    11.5919    11.5924   4.021502   4.021715   49.00002  -16.49995     5.6821     5.6821    35.5065    35.5081    208.113 0.0000e+00
    955.196      22926    211.000    11.5899    11.5901   4.021312   4.021493   49.00002  -16.49995     5.6828     5.6828    35.5061    35.5077    209.103 0.0000e+00
    956.357      22954    212.000    11.5879    11.5882   4.021131   4.021324   49.00002  -16.49995     5.6839     5.6839    35.5058    35.5074    210.094 0.0000e+00
    957.605      22984    213.000    11.5864    11.5868   4.021008   4.021215   49.00002  -16.49995     5.6848     5.6848    35.5056    35.5072    211.084 0.0000e+00
    958.883      23014    214.000    11.5850    11.5856   4.020899   4.021126   49.00002  -16.49995     5.6826     5.6826    35.5053    35.5070    212.075 0.0000e+00
    960.133      23044    215.000    11.5835    11.5841   4.020766   4.021006   49.00002  -16.49995     5.6781     5.6781    35.5051    35.5068    213.065 0.0000e+00
    961.377      23074    216.000    11.5814    11.5821   4.020582   4.020821   49.00002  -16.49995     5.6779     5.6779    35.5048    35.5065    214.056 0.0000e+00
    962.612      23104    217.000    11.5774    11.5781   4.020191   4.020405   49.00002  -16.49995     5.6834     5.6834    35.5043    35.5058    215.046 0.0000e+00
    963.784      23132    218.000    11.5692    11.5697   4.019307   4.019476   49.00002  -16.49995     5.6854     5.6854    35.5030    35.5042    216.037 0.0000e+00
    964.878      23158    219.000    11.5620    11.5623   4.018533   4.018684   49.00002  -16.49995     5.6828     5.6828    35.5018    35.5031    217.027 0.0000e+00
    965.956      23184    220.000    11.5561    11.5560   4.017896   4.018006   49.00002  -16.49995     5.6786     5.6786    35.5008    35.5019    218.018 0.0000e+00
    967.101      23211    221.000    11.5488    11.5484   4.017103   4.017169   49.00002  -16.49995     5.6747     5.6747    35.4994    35.5005    219.008 0.0000e+00
    968.363      23242    222.000    11.5384    11.5385   4.015926   4.016064   49.00002  -16.49995     5.6725     5.6725    35.4974    35.4986    219.999 0.0000e+00
    969.730      23275    223.000    11.5277    11.5290   4.014705   4.014985   49.00002  -16.49995     5.6735     5.6735    35.4951    35.4966    220.989 0.0000e+00
    971.049      23306    224.000    11.5165    11.5194   4.013421   4.013866   49.00002  -16.49995     5.6739     5.6739    35.4927    35.4943    221.980 0.0000e+00
    972.236      23335    225.000    11.4966    11.5008   4.011170   4.011686   49.00002  -16.49995     5.6730     5.6730    35.4891    35.4901    222.970 0.0000e+00
    973.397      23363    226.000    11.4794    11.4821   4.009209   4.009591   49.00002  -16.49995     5.6731     5.6731    35.4857    35.4869    223.961 0.0000e+00
    974.642      23392    227.000    11.4721    11.4718   4.008377   4.008450   49.00002  -16.49995     5.6723     5.6723    35.4841    35.4851    224.951 0.0000e+00
    975.934      23423    228.000    11.4677    11.4669   4.007889   4.007930   49.00002  -16.49995     5.6680     5.6680    35.4830    35.4841    225.941 0.0000e+00
    977.115      23452    229.000    11.4628    11.4634   4.007346   4.007550   49.00002  -16.49995     5.6683     5.6683    35.4819    35.4833    226.932 0.0000e+00
    978.153      23477    230.000    11.4564    11.4576   4.006636   4.006875   49.00002  -16.49995     5.6701     5.6701    35.4806    35.4818    227.922 0.0000e+00
    979.140      23500    231.000    11.4480    11.4475   4.005692   4.005698   49.00002  -16.49995     5.6712     5.6712    35.4788    35.4793    228.912 0.0000e+00
    980.221      23526    232.000    11.4382    11.4327   4.004599   4.003956   49.00002  -16.49995     5.6741     5.6741    35.4769    35.4759    229.903 0.0000e+00
    981.587      23559    233.000    11.4207    11.4046   4.002652   4.000698   49.00002  -16.49995     5.6786     5.6786    35.4741    35.4701    230.893 0.0000e+00
    983.101      23595    234.000    11.3845    11.3692   3.998432   3.996583   49.00002  -16.49995     5.6814     5.6814    35.4666    35.4629    231.884 0.0000e+00
    984.368      23626    235.000    11.3415    11.3354   3.993469   3.992653   49.00002  -16.49995     5.6816     5.6816    35.4582    35.4559    232.874 0.0000e+00
    985.443      23652    236.000    11.3088    11.3066   3.989729   3.989431   49.00002  -16.49995     5.6814     5.6814    35.4520    35.4511    233.864 0.0000e+00
    986.470      23676    237.000    11.2911    11.2907   3.987704   3.987700   49.00002  -16.49995     5.6812     5.6812    35.4484    35.4487    234.855 0.0000e+00
    987.567      23703    238.000    11.2829    11.2833   3.986754   3.986898   49.00002  -16.49995     5.6776     5.6776    35.4464    35.4474    235.845 0.0000e+00
    988.837      23733    239.000    11.2787    11.2795   3.986263   3.986472   49.00002  -16.49995     5.6740     5.6740    35.4451    35.4464    236.836 0.0000e+00
    990.287      23768    240.000    11.2747    11.2754   3.985800   3.986000   49.00002  -16.49995     5.6724     5.6724    35.4439    35.4452    237.826 0.0000e+00
    991.698      23802    241.000    11.2702    11.2706   3.985305   3.985467   49.00002  -16.49995     5.6697     5.6697    35.4429    35.4441    238.816 0.0000e+00
    992.915      23831    242.000    11.2676    11.2684   3.985042   3.985268   49.00002  -16.49995     5.6675     5.6675    35.4423    35.4437    239.807 0.0000e+00
    993.985      23857    243.000    11.2674    11.2682   3.985063   3.985297   49.00002  -16.49995     5.6657     5.6657    35.4422    35.4438    240.797 0.0000e+00
    994.988      23881    244.000    11.2676    11.2682   3.985147   3.985363   49.00002  -16.49995     5.6622     5.6622    35.4424    35.4440    241.787 0.0000e+00
    996.028      23906    245.000    11.2676    11.2679   3.985204   3.985393   49.00002  -16.49995     5.6604     5.6604    35.4426    35.4441    242.778 0.0000e+00
    997.213      23934    246.000    11.2668    11.2670   3.985179   3.985348   49.00002  -16.49995     5.6602     5.6602    35.4426    35.4441    243.768 0.0000e+00
    998.558      23966    247.000    11.2654    11.2655   3.985069   3.985234   49.00002  -16.49995     5.6579     5.6579    35.4425    35.4440    244.758 0.0000e+00
    999.892      23998    248.000    11.2643    11.2649   3.984997   3.985216   49.00002  -16.49995     5.6537     5.6537    35.4423    35.4439    245.749 0.0000e+00
   1001.115      24028    249.000    11.2645    11.2655   3.985056   3.985331   49.00002  -16.49995     5.6516     5.6516    35.4423    35.4440    246.739 0.0000e+00
   1002.258      24055    250.000    11.2653    11.2664   3.985196   3.985478   49.00002  -16.49995     5.6480     5.6480    35.4424    35.4442    247.729 0.0000e+00
   1003.368      24082    251.000    11.2669    11.2676   3.985428   3.985664   49.00002  -16.49995     5.6460     5.6460    35.4427    35.4445    248.720 0.0000e+00
   1004.497      24109    252.000    11.2704    11.2710   3.985881   3.986137   49.00002  -16.49995     5.6454     5.6454    35.4435    35.4454    249.710 0.0000e+00
   1005.700      24138    253.000    11.2776    11.2786   3.986799   3.987131   49.00002  -16.49995     5.6391     5.6391    35.4452    35.4476    250.700 0.0000e+00
   1006.966      24168    254.000    11.2892    11.2919   3.988264   3.988838   49.00002  -16.49995     5.6329     5.6329    35.4482    35.4513    251.691 0.0000e+00
   1008.204      24198    255.000    11.3051    11.3081   3.990250   3.990889   49.00002  -16.49995     5.6321     5.6321    35.4522    35.4557    252.681 0.0000e+00
   1009.405      24227    256.000    11.3234    11.3276   3.992562   3.993346   49.00002  -16.49995     5.6319     5.6319    35.4571    35.4609    253.671 0.0000e+00
   1010.652      24257    257.000    11.3369    11.3407   3.994278   3.994953   49.00002  -16.49995     5.6310     5.6310    35.4607    35.4638    254.662 0.0000e+00
   1011.951      24288    258.000    11.3451    11.3461   3.995335   3.995659   49.00002  -16.49995     5.6313     5.6313    35.4629    35.4652    255.652 0.0000e+00
   1013.194      24318    259.000    11.3498    11.3500   3.995956   3.996198   49.00002  -16.49995     5.6297     5.6297    35.4642    35.4663    256.642 0.0000e+00
   1014.303      24344    260.000    11.3527    11.3531   3.996372   3.996614   49.00002  -16.49995     5.6279     5.6279    35.4650    35.4671    257.632 0.0000e+00
   1015.317      24369    261.000    11.3534    11.3539   3.996527   3.996760   49.00002  -16.49995     5.6306     5.6306    35.4654    35.4673    258.623 0.0000e+00
   1016.351      24393    262.000    11.3525    11.3527   3.996472   3.996678   49.00002  -16.49995     5.6331     5.6331    35.4654    35.4672    259.613 0.0000e+00
   1017.565      24423    263.000    11.3504    11.3499   3.996296   3.996416   49.00002  -16.49995     5.6318     5.6318    35.4652    35.4668    260.603 0.0000e+00
   1019.040      24458    264.000    11.3470    11.3448   3.995963   3.995873   49.00002  -16.49995     5.6320     5.6320    35.4647    35.4659    261.593 0.0000e+00
   1020.434      24491    265.000    11.3404    11.3388   3.995263   3.995240   49.00002  -16.49995     5.6329     5.6329    35.4636    35.4649    262.584 0.0000e+00
   1021.575      24519    266.000    11.3337    11.3335   3.994545   3.994671   49.00002  -16.49995     5.6298     5.6298    35.4624    35.4639    263.574 0.0000e+00
   1022.609      24544    267.000    11.3285    11.3284   3.993981   3.994118   49.00002  -16.49995     5.6320     5.6320    35.4614    35.4628    264.564 0.0000e+00
   1023.671      24569    268.000    11.3234    11.3232   3.993438   3.993553   49.00002  -16.49995     5.6353     5.6353    35.4605    35.4618    265.554 0.0000e+00
   1024.847      24597    269.000    11.3179    11.3166   3.992842   3.992830   49.00002  -16.49995     5.6370     5.6370    35.4594    35.4605    266.545 0.0000e+00
   1026.166      24629    270.000    11.3084    11.3060   3.991802   3.991632   49.00002  -16.49995     5.6418     5.6418    35.4577    35.4584    267.535 0.0000e+00
   1027.581      24663    271.000    11.2850    11.2798   3.989166   3.988585   49.00002  -16.49995     5.6447     5.6447    35.4536    35.4528    268.525 0.0000e+00
   1028.954      24696    272.000    11.2381    11.2346   3.983913   3.983492   49.00002  -16.49995     5.6477     5.6477    35.4460    35.4452    269.515 0.0000e+00
   1030.146      24725    273.000    11.2084    11.2083   3.980583   3.980620   49.00002  -16.49995     5.6502     5.6502    35.4410    35.4414    270.506 0.0000e+00
   1031.180      24749    274.000    11.1947    11.1960   3.979035   3.979258   49.00002  -16.49995     5.6508     5.6508    35.4383    35.4393    271.496 0.0000e+00
   1032.158      24773    275.000    11.1848    11.1861   3.977911   3.978159   49.00002  -16.49995     5.6521     5.6521    35.4362    35.4374    272.486 0.0000e+00
   1033.195      24798    276.000    11.1757    11.1773   3.976878   3.977183   49.00002  -16.49995     5.6560     5.6560    35.4342    35.4357    273.476 0.0000e+00
   1034.441      24828    277.000    11.1677    11.1688   3.975928   3.976248   49.00002  -16.49995     5.6599     5.6599    35.4320    35.4341    274.466 0.0000e+00
   1035.908      24863    278.000    11.1610    11.1601   3.975221   3.975290   49.00002  -16.49995     5.6614     5.6614    35.4309    35.4325    275.457 0.0000e+00
   1037.269      24895    279.000    11.1516    11.1509   3.974258   3.974296   49.00002  -16.49995     5.6630     5.6630    35.4300    35.4311    276.447 0.0000e+00
   1038.441      24924    280.000    11.1421    11.1420   3.973254   3.973341   49.00002  -16.49995     5.6620     5.6620    35.4286    35.4296    277.437 0.0000e+00
   1039.555      24950    281.000    11.1341    11.1342   3.972394   3.972508   49.00002  -16.49995     5.6639     5.6639    35.4273    35.4284    278.427 0.0000e+00
   1040.734      24979    282.000    11.1241    11.1240   3.971279   3.971354   49.00002  -16.49995     5.6691     5.6691    35.4254    35.4262    279.417 0.0000e+00
   1041.991      25009    283.000    11.1054    11.1046   3.969194   3.969161   49.00002  -16.49995     5.6732     5.6732    35.4221    35.4226    280.407 0.0000e+00
   1043.213      25038    284.000    11.0918    11.0908   3.967713   3.967726   49.00002  -16.49995     5.6737     5.6737    35.4201    35.4211    281.398 0.0000e+00
   1044.346      25065    285.000    11.0941    11.0923   3.968122   3.968084   49.00002  -16.49995     5.6732     5.6732    35.4214    35.4228    282.388 0.0000e+00
   1045.459      25092    286.000    11.1029    11.1013   3.969327   3.969333   49.00002  -16.49995     5.6717     5.6717    35.4245    35.4262    283.378 0.0000e+00
   1046.640      25120    287.000    11.1068    11.1070   3.969968   3.970166   49.00002  -16.49995     5.6726     5.6726    35.4267    35.4286    284.368 0.0000e+00
   1047.888      25150    288.000    11.1096    11.1103   3.970417   3.970677   49.00002  -16.49995     5.6779     5.6779    35.4281    35.4300    285.358 0.0000e+00
   1049.108      25180    289.000    11.1128    11.1136   3.970891   3.971172   49.00002  -16.49995     5.6871     5.6871    35.4293    35.4313    286.348 0.0000e+00
   1050.272      25208    290.000    11.1161    11.1168   3.971380   3.971634   49.00002  -16.49995     5.6945     5.6945    35.4305    35.4324    287.338 0.0000e+00
   1051.483      25237    291.000    11.1171    11.1173   3.971565   3.971738   49.00002  -16.49995     5.6937     5.6937    35.4310    35.4325    288.329 0.0000e+00
   1052.813      25269    292.000    11.1140    11.1142   3.971258   3.971416   49.00002  -16.49995     5.6968     5.6968    35.4304    35.4318    289.319 0.0000e+00
   1054.106      25300    293.000    11.1048    11.1050   3.970235   3.970352   49.00002  -16.49995     5.7032     5.7032    35.4287    35.4296    290.309 0.0000e+00
