Data_example/SBE_Data_Processed/DY103/SeaBird/Data/Batch/DY103_CTD10cfaldb.cnv
* Sea-Bird SBE 9 Data File:
* FileName = C:\Users\sandm\Documents\Cruises\DY103\Data\CTD Raw Data\DY103_CTD10.hex
* Software Version Seasave V 7.26.7.121
* Temperature SN = 03P-4814
* Conductivity SN = 04C-2165
* Number of Bytes Per Scan = 41
* Number of Voltage Words = 4
* Number of Scans Averaged by the Deck Unit = 1
* NMEA Latitude = 49 00.00 N
* NMEA Longitude = 016 30.02 W
* NMEA UTC (Time) = Jul 04 2019  08:26:11
** Ship: RRS Discovery
** Cruise: DY103
** Cast: 10
** Station:
** Julian Day: 185
** Date: 04/07/19
** Time: 08:25
** Latitude: 48 59.99'N
** Longitude: 16 30.01'W
** Depth (uncorr m): 4807
** Principal Scientist: S Hartman
** Operator: J Wynar/T Powell
# nquan = 15
# nvalues = 4923                        
# units = specified
# name 0 = timeS: Time, Elapsed [seconds]
# name 1 = scan: Scan Count
# name 2 = prDM: Pressure, Digiquartz [db]
# name 3 = t090C: Temperature [ITS-90, deg C]
# name 4 = t190C: Temperature, 2 [ITS-90, deg C]
# name 5 = c0S/m: Conductivity [S/m]
# name 6 = c1S/m: Conductivity, 2 [S/m]
# name 7 = latitude: Latitude [deg]
# name 8 = longitude: Longitude [deg]
# name 9 = sbeox0ML/L: Oxygen, SBE 43 [ml/l]
# name 10 = sbeox0ML/L: Oxygen, SBE 43 [ml/l]
# name 11 = sal00: Salinity, Practical [PSU]
# name 12 = sal11: Salinity, Practical, 2 [PSU]
# name 13 = depSM: Depth [salt water, m], lat = 49
# name 14 = flag: flag
# span 0 =     90.254,   5545.194       
# span 1 =       2167,     133086       
# span 2 =      1.000,   4922.000       
# span 3 =     2.5252,    16.2274       
# span 4 =     2.5249,    16.2423       
# span 5 =   3.272610,   4.466184       
# span 6 =   3.272959,   4.467132       
# span 7 =   48.99998,   49.00007       
# span 8 =  -16.50040,  -16.50031       
# span 9 =     3.8025,     6.0460       
# span 10 =     3.8025,     6.0460      
# span 11 =    34.1818,    35.5664      
# span 12 =    32.8275,    35.5687      
# span 13 =      0.992,   4824.673      
# span 14 = 0.0000e+00, 0.0000e+00      
# interval = decibars: 1                
# start_time = Jul 04 2019 08:26:12 [System UTC, first data scan.]
# bad_flag = -9.990e-29
*END*
[from data line 675]
   1148.091      27555    676.000    10.0563    10.0571   3.880960   3.881127   48.99998  -16.50032     4.6518     4.6518    35.3725    35.3734    669.174 0.0000e+00
   1149.090      27579    677.000    10.0566    10.0581   3.881068   3.881320   48.99998  -16.50032     4.6395     4.6395    35.3728    35.3740    670.162 0.0000e+00
   1150.040      27602    678.000    10.0574    10.0596   3.881262   3.881605   48.99998  -16.50032     4.6280     4.6280    35.3736    35.3750    671.151 0.0000e+00
   1150.932      27623    679.000    10.0528    10.0549   3.880912   3.881156   48.99998  -16.50032     4.6182     4.6182    35.3740    35.3745    672.139 0.0000e+00
   1151.803      27644    680.000    10.0332    10.0345   3.878921   3.878964   48.99998  -16.50032     4.6114     4.6114    35.3724    35.3715    673.127 0.0000e+00
   1152.700      27666    681.000    10.0077    10.0091   3.876253   3.876317   48.99998  -16.50032     4.6060     4.6060    35.3695    35.3688    674.115 0.0000e+00
   1153.645      27688    682.000     9.9867     9.9885   3.874098   3.874227   48.99998  -16.50032     4.6010     4.6010    35.3675    35.3672    675.104 0.0000e+00
   1154.619      27712    683.000     9.9725     9.9741   3.872664   3.872828   48.99998  -16.50032     4.5967     4.5967    35.3663    35.3664    676.092 0.0000e+00
   1155.600      27735    684.000     9.9628     9.9644   3.871709   3.871896   48.99998  -16.50032     4.5940     4.5940    35.3655    35.3659    677.080 0.0000e+00
   1156.598      27759    685.000     9.9554     9.9571   3.870986   3.871199   48.99998  -16.50032     4.5925     4.5925    35.3650    35.3655    678.069 0.0000e+00
   1157.617      27784    686.000     9.9485     9.9505   3.870325   3.870591   48.99998  -16.50032     4.5903     4.5903    35.3645    35.3653    679.057 0.0000e+00
   1158.624      27808    687.000     9.9438     9.9471   3.869920   3.870390   48.99998  -16.50032     4.5864     4.5864    35.3645    35.3660    680.045 0.0000e+00
   1159.584      27831    688.000     9.9432     9.9466   3.869965   3.870430   48.99998  -16.50032     4.5805     4.5805    35.3651    35.3665    681.033 0.0000e+00
   1160.496      27853    689.000     9.9399     9.9416   3.869711   3.869942   48.99998  -16.50032     4.5750     4.5750    35.3652    35.3660    682.022 0.0000e+00
   1161.381      27874    690.000     9.9330     9.9349   3.869023   3.869273   48.99998  -16.50032     4.5720     4.5720    35.3645    35.3652    683.010 0.0000e+00
   1162.285      27896    691.000     9.9261     9.9282   3.868331   3.868604   48.99998  -16.50032     4.5692     4.5692    35.3638    35.3645    683.998 0.0000e+00
   1163.254      27919    692.000     9.9204     9.9224   3.867799   3.868071   48.99998  -16.50032     4.5643     4.5643    35.3634    35.3642    684.986 0.0000e+00
   1164.307      27944    693.000     9.9162     9.9184   3.867436   3.867785   48.99998  -16.50032     4.5602     4.5602    35.3634    35.3648    685.974 0.0000e+00
   1165.410      27971    694.000     9.9163     9.9199   3.867577   3.868140   48.99998  -16.50032     4.5583     4.5583    35.3642    35.3665    686.963 0.0000e+00
   1166.461      27996    695.000     9.9218     9.9256   3.868355   3.868960   48.99998  -16.50032     4.5583     4.5583    35.3664    35.3689    687.951 0.0000e+00
   1167.401      28019    696.000     9.9287     9.9319   3.869312   3.869830   48.99998  -16.50032     4.5602     4.5602    35.3690    35.3711    688.939 0.0000e+00
   1168.257      28039    697.000     9.9335     9.9366   3.870000   3.870481   48.99998  -16.50032     4.5629     4.5629    35.3708    35.3728    689.927 0.0000e+00
   1169.074      28059    698.000     9.9377     9.9405   3.870579   3.871035   48.99998  -16.50032     4.5645     4.5645    35.3723    35.3741    690.916 0.0000e+00
   1169.924      28079    699.000     9.9408     9.9432   3.871038   3.871443   48.99998  -16.50032     4.5644     4.5644    35.3735    35.3753    691.904 0.0000e+00
   1170.878      28102    700.000     9.9429     9.9445   3.871386   3.871699   48.99998  -16.50032     4.5611     4.5611    35.3745    35.3761    692.892 0.0000e+00
   1171.958      28128    701.000     9.9431     9.9441   3.871513   3.871735   48.99998  -16.50032     4.5541     4.5541    35.3752    35.3764    693.880 0.0000e+00
   1173.044      28154    702.000     9.9416     9.9428   3.871436   3.871664   48.99998  -16.50032     4.5518     4.5518    35.3754    35.3766    694.868 0.0000e+00
   1174.027      28178    703.000     9.9400     9.9415   3.871330   3.871583   48.99998  -16.50032     4.5559     4.5559    35.3754    35.3766    695.856 0.0000e+00
   1174.922      28199    704.000     9.9382     9.9398   3.871176   3.871438   48.99998  -16.50032     4.5584     4.5584    35.3752    35.3763    696.845 0.0000e+00
   1175.790      28220    705.000     9.9350     9.9367   3.870860   3.871112   48.99998  -16.50032     4.5569     4.5569    35.3746    35.3755    697.833 0.0000e+00
   1176.693      28242    706.000     9.9295     9.9314   3.870279   3.870536   48.99998  -16.50032     4.5536     4.5536    35.3736    35.3744    698.821 0.0000e+00
   1177.669      28265    707.000     9.9238     9.9255   3.869668   3.869910   48.99998  -16.50032     4.5499     4.5499    35.3725    35.3732    699.809 0.0000e+00
   1178.686      28289    708.000     9.9176     9.9194   3.869011   3.869263   48.99998  -16.50032     4.5447     4.5447    35.3714    35.3722    700.797 0.0000e+00
   1179.682      28313    709.000     9.9080     9.9108   3.868014   3.868336   48.99998  -16.50032     4.5392     4.5392    35.3701    35.3706    701.785 0.0000e+00
   1180.641      28336    710.000     9.8940     9.8966   3.866579   3.866833   48.99998  -16.50032     4.5346     4.5346    35.3686    35.3687    702.773 0.0000e+00
   1181.593      28359    711.000     9.8814     9.8831   3.865297   3.865491   48.99998  -16.50032     4.5314     4.5314    35.3674    35.3677    703.762 0.0000e+00
   1182.574      28383    712.000     9.8737     9.8750   3.864528   3.864717   48.99998  -16.50032     4.5265     4.5265    35.3666    35.3672    704.750 0.0000e+00
   1183.586      28407    713.000     9.8678     9.8688   3.863954   3.864105   48.99998  -16.50032     4.5193     4.5193    35.3660    35.3666    705.738 0.0000e+00
   1184.585      28431    714.000     9.8604     9.8609   3.863230   3.863307   48.99998  -16.50032     4.5136     4.5136    35.3653    35.3656    706.726 0.0000e+00
   1185.542      28454    715.000     9.8506     9.8514   3.862228   3.862337   48.99998  -16.50032     4.5099     4.5099    35.3642    35.3645    707.714 0.0000e+00
   1186.463      28476    716.000     9.8380     9.8389   3.860906   3.860981   48.99998  -16.50032     4.5061     4.5061    35.3625    35.3624    708.702 0.0000e+00
   1187.365      28498    717.000     9.8201     9.8210   3.858978   3.859028   48.99998  -16.50032     4.5049     4.5049    35.3598    35.3594    709.690 0.0000e+00
   1188.263      28519    718.000     9.8030     9.8047   3.857155   3.857305   48.99998  -16.50032     4.5057     4.5057    35.3574    35.3572    710.678 0.0000e+00
   1189.185      28541    719.000     9.7916     9.7932   3.855969   3.856167   48.99998  -16.50032     4.5057     4.5057    35.3559    35.3563    711.667 0.0000e+00
   1190.171      28565    720.000     9.7877     9.7889   3.855639   3.855854   48.99998  -16.50032     4.5048     4.5048    35.3559    35.3569    712.655 0.0000e+00
   1191.212      28590    721.000     9.7916     9.7930   3.856265   3.856595   48.99998  -16.50032     4.5007     4.5007    35.3580    35.3600    713.643 0.0000e+00
   1192.226      28614    722.000     9.8043     9.8056   3.857990   3.858335   48.99998  -16.50032     4.4949     4.4949    35.3628    35.3651    714.631 0.0000e+00
   1193.164      28637    723.000     9.8133     9.8136   3.859232   3.859396   48.99998  -16.50032     4.4917     4.4917    35.3663    35.3678    715.619 0.0000e+00
   1194.051      28658    724.000     9.8158     9.8145   3.859697   3.859619   48.99998  -16.50032     4.4926     4.4926    35.3682    35.3687    716.607 0.0000e+00
   1194.931      28679    725.000     9.8097     9.8060   3.859155   3.858737   48.99998  -16.50032     4.4950     4.4950    35.3682    35.3675    717.595 0.0000e+00
   1195.869      28702    726.000     9.7976     9.7945   3.857929   3.857598   48.99998  -16.50032     4.4962     4.4962    35.3670    35.3667    718.583 0.0000e+00
   1196.888      28726    727.000     9.7930     9.7919   3.857527   3.857471   48.99998  -16.50032     4.4972     4.4972    35.3669    35.3674    719.571 0.0000e+00
   1197.919      28751    728.000     9.7970     9.7975   3.858109   3.858290   48.99998  -16.50032     4.4955     4.4955    35.3685    35.3699    720.559 0.0000e+00
   1198.892      28774    729.000     9.8028     9.8046   3.858893   3.859208   48.99998  -16.50032     4.4897     4.4897    35.3705    35.3719    721.547 0.0000e+00
   1199.833      28797    730.000     9.8036     9.8054   3.859114   3.859369   48.99998  -16.50032     4.4843     4.4843    35.3714    35.3724    722.535 0.0000e+00
   1200.797      28820    731.000     9.7969     9.7977   3.858474   3.858557   48.99998  -16.50032     4.4808     4.4808    35.3710    35.3711    723.523 0.0000e+00
   1201.794      28844    732.000     9.7815     9.7815   3.856848   3.856782   48.99998  -16.50032     4.4819     4.4819    35.3689    35.3682    724.511 0.0000e+00
   1202.775      28868    733.000     9.7569     9.7569   3.854205   3.854097   48.99998  -16.50032     4.4860     4.4860    35.3655    35.3643    725.499 0.0000e+00
   1203.708      28890    734.000     9.7353     9.7361   3.851934   3.852014   48.99998  -16.50032     4.4892     4.4892    35.3627    35.3628    726.487 0.0000e+00
   1204.623      28912    735.000     9.7316     9.7337   3.851616   3.851982   48.99998  -16.50032     4.4896     4.4896    35.3627    35.3644    727.475 0.0000e+00
   1205.562      28934    736.000     9.7404     9.7439   3.852726   3.853322   48.99998  -16.50032     4.4852     4.4852    35.3650    35.3677    728.463 0.0000e+00
   1206.524      28958    737.000     9.7525     9.7549   3.854203   3.854631   48.99998  -16.50032     4.4779     4.4779    35.3679    35.3700    729.451 0.0000e+00
   1207.471      28980    738.000     9.7582     9.7597   3.854967   3.855241   48.99998  -16.50032     4.4722     4.4722    35.3697    35.3711    730.439 0.0000e+00
   1208.386      29002    739.000     9.7557     9.7574   3.854820   3.855041   48.99998  -16.50032     4.4675     4.4675    35.3703    35.3708    731.427 0.0000e+00
   1209.300      29024    740.000     9.7426     9.7450   3.853513   3.853748   48.99998  -16.50032     4.4603     4.4603    35.3692    35.3692    732.415 0.0000e+00
   1210.266      29047    741.000     9.7290     9.7308   3.852105   3.852290   48.99998  -16.50032     4.4505     4.4505    35.3676    35.3677    733.404 0.0000e+00
   1211.306      29072    742.000     9.7165     9.7174   3.850796   3.850885   48.99998  -16.50032     4.4400     4.4400    35.3659    35.3659    734.391 0.0000e+00
   1212.360      29098    743.000     9.7029     9.7033   3.849342   3.849360   48.99998  -16.50032     4.4325     4.4325    35.3638    35.3636    735.379 0.0000e+00
   1213.358      29122    744.000     9.6857     9.6859   3.847494   3.847469   48.99998  -16.50032     4.4308     4.4308    35.3612    35.3607    736.367 0.0000e+00
   1214.287      29144    745.000     9.6681     9.6685   3.845601   3.845601   48.99998  -16.50032     4.4303     4.4303    35.3585    35.3581    737.355 0.0000e+00
   1215.168      29165    746.000     9.6534     9.6540   3.844044   3.844062   48.99998  -16.50032     4.4283     4.4283    35.3564    35.3561    738.343 0.0000e+00
   1216.041      29186    747.000     9.6400     9.6405   3.842625   3.842641   48.99998  -16.50032     4.4255     4.4255    35.3545    35.3542    739.331 0.0000e+00
   1216.955      29208    748.000     9.6275     9.6273   3.841315   3.841261   48.99998  -16.50032     4.4246     4.4246    35.3528    35.3524    740.319 0.0000e+00
   1217.952      29232    749.000     9.6140     9.6137   3.839929   3.839882   48.99998  -16.50032     4.4236     4.4236    35.3513    35.3511    741.307 0.0000e+00
   1219.023      29258    750.000     9.6050     9.6049   3.839043   3.839051   48.99998  -16.50032     4.4179     4.4179    35.3505    35.3507    742.295 0.0000e+00
   1220.098      29283    751.000     9.5998     9.5995   3.838536   3.838537   48.99998  -16.50032     4.4113     4.4113    35.3499    35.3502    743.283 0.0000e+00
   1221.104      29308    752.000     9.5950     9.5957   3.838069   3.838189   48.99998  -16.50032     4.4080     4.4080    35.3494    35.3499    744.271 0.0000e+00
   1222.031      29330    753.000     9.5906     9.5922   3.837651   3.837863   48.99998  -16.50032     4.4070     4.4070    35.3490    35.3496    745.259 0.0000e+00
   1222.904      29351    754.000     9.5843     9.5866   3.837026   3.837291   48.99998  -16.50032     4.4060     4.4060    35.3483    35.3488    746.247 0.0000e+00
   1223.758      29371    755.000     9.5768     9.5795   3.836274   3.836580   48.99998  -16.50032     4.4030     4.4030    35.3474    35.3479    747.235 0.0000e+00
   1224.639      29392    756.000     9.5708     9.5728   3.835669   3.835897   48.99998  -16.50031     4.3988     4.3988    35.3466    35.3470    748.223 0.0000e+00
   1225.580      29415    757.000     9.5637     9.5646   3.834931   3.835032   48.99998  -16.50031     4.3973     4.3973    35.3456    35.3456    749.211 0.0000e+00
   1226.579      29439    758.000     9.5533     9.5537   3.833848   3.833878   48.99998  -16.50032     4.3962     4.3962    35.3441    35.3440    750.199 0.0000e+00
   1227.594      29463    759.000     9.5401     9.5401   3.832468   3.832430   48.99998  -16.50032     4.3921     4.3921    35.3424    35.3420    751.187 0.0000e+00
   1228.596      29487    760.000     9.5230     9.5233   3.830674   3.830643   48.99998  -16.50032     4.3879     4.3879    35.3402    35.3395    752.175 0.0000e+00
   1229.598      29511    761.000     9.5036     9.5031   3.828647   3.828534   48.99998  -16.50032     4.3859     4.3859    35.3378    35.3371    753.163 0.0000e+00
   1230.601      29535    762.000     9.4858     9.4854   3.826804   3.826688   48.99998  -16.50032     4.3861     4.3861    35.3358    35.3350    754.150 0.0000e+00
   1231.574      29559    763.000     9.4640     9.4634   3.824556   3.824374   48.99998  -16.50031     4.3861     4.3861    35.3334    35.3322    755.138 0.0000e+00
   1232.498      29581    764.000     9.4413     9.4409   3.822190   3.822061   48.99998  -16.50031     4.3852     4.3852    35.3309    35.3299    756.126 0.0000e+00
   1233.396      29602    765.000     9.4252     9.4255   3.820510   3.820484   48.99998  -16.50031     4.3837     4.3837    35.3288    35.3283    757.114 0.0000e+00
   1234.316      29625    766.000     9.4112     9.4108   3.819051   3.818931   48.99998  -16.50031     4.3817     4.3817    35.3270    35.3262    758.102 0.0000e+00
   1235.300      29648    767.000     9.3941     9.3934   3.817269   3.817136   48.99998  -16.50031     4.3779     4.3779    35.3250    35.3243    759.090 0.0000e+00
   1236.324      29673    768.000     9.3795     9.3794   3.815778   3.815734   48.99998  -16.50032     4.3714     4.3714    35.3234    35.3231    760.077 0.0000e+00
   1237.319      29697    769.000     9.3685     9.3685   3.814653   3.814620   48.99998  -16.50032     4.3655     4.3655    35.3221    35.3218    761.065 0.0000e+00
   1238.269      29719    770.000     9.3578     9.3577   3.813574   3.813530   48.99998  -16.50031     4.3632     4.3632    35.3210    35.3207    762.053 0.0000e+00
   1239.197      29742    771.000     9.3472     9.3472   3.812539   3.812528   48.99998  -16.50031     4.3613     4.3613    35.3202    35.3201    763.041 0.0000e+00
