Data_example/SBE_Data_Processed/DY103/SeaBird/Data/Batch/DY103_CTD02cfaldb.cnv
* Sea-Bird SBE 9 Data File:
* FileName = C:\Users\sandm\Documents\Cruises\DY103\Data\CTD Raw Data\DY103_CTD02.hex
* Software Version Seasave V 7.26.7.121
* Temperature SN = 03P-4814
* Conductivity SN = 04C-2165
* Number of Bytes Per Scan = 41
* Number of Voltage Words = 4
* Number of Scans Averaged by the Deck Unit = 1
* NMEA Latitude = 49 00.00 N
* NMEA Longitude = 016 30.03 W
* NMEA UTC (Time) = Jun 24 2019  05:23:35
** Ship: RRS Discovery
** Cruise: DY103
** Cast: 02
** Station: 002
** Julian Day: 175
** Date: 24/06/19
** Time: 05:15
** Latitude: 49 0.01'N
** Longitude: 16 30.02'W
** Depth (uncorr m): 3616
** Principal Scientist: S Hartman
** Operator: J Wynar/T Powell
# nquan = 15
# nvalues = 4926                        
# units = specified
# name 0 = timeS: Time, Elapsed [seconds]
# name 1 = scan: Scan Count
# name 2 = prDM: Pressure, Digiquartz [db]
# name 3 = t090C: Temperature [ITS-90, deg C]
# name 4 = t190C: Temperature, 2 [ITS-90, deg C]
# name 5 = c0S/m: Conductivity [S/m]
# name 6 = c1S/m: Conductivity, 2 [S/m]
# name 7 = latitude: Latitude [deg]
# name 8 = longitude: Longitude [deg]
# name 9 = sbeox0ML/L: Oxygen, SBE 43 [ml/l]
# name 10 = sbeox0ML/L: Oxygen, SBE 43 [ml/l]
# name 11 = sal00: Salinity, Practical [PSU]
# name 12 = sal11: Salinity, Practical, 2 [PSU]
# name 13 = depSM: Depth [salt water, m], lat = 49
# name 14 = flag: flag
# span 0 =    177.140,   5446.380       
# span 1 =       4252,     130714       
# span 2 =      1.000,   4927.000       
# span 3 =     2.5341,    15.1640       
# span 4 =     2.5337,    15.1963       
# span 5 =   3.272841,   4.374238       
# span 6 =   2.751841,   4.326173       
# span 7 =   48.97372,   49.00011       
# span 8 =  -16.50046,  -16.49156       
# span 9 =     3.9203,     6.1849       
# span 10 =     3.9203,     6.1849      
# span 11 =    26.3686,    35.6788      
# span 12 =    21.4776,    35.5010      
# span 13 =      0.992,   4829.520      
# span 14 = 0.0000e+00, 0.0000e+00      
# interval = decibars: 1                
# start_time = Jun 24 2019 05:23:36 [System UTC, first data scan.]
# bad_flag = -9.990e-29
*END*
[from data line 4627]
   5085.665     122057   4629.000     2.5380     2.5376   3.300040   3.300394   49.00009  -16.50045     5.2148     5.2148    34.9024    34.9070   4540.442 0.0000e+00
   5086.508     122077   4630.000     2.5381     2.5377   3.300083   3.300437   49.00009  -16.50045     5.2161     5.2161    34.9024    34.9069   4541.412 0.0000e+00
   5087.329     122097   4631.000     2.5382     2.5378   3.300127   3.300479   49.00009  -16.50045     5.2166     5.2166    34.9024    34.9069   4542.383 0.0000e+00
   5088.145     122116   4632.000     2.5383     2.5379   3.300172   3.300520   49.00009  -16.50045     5.2203     5.2203    34.9024    34.9069   4543.354 0.0000e+00
   5088.975     122136   4633.000     2.5385     2.5380   3.300215   3.300558   49.00009  -16.50045     5.2227     5.2227    34.9024    34.9069   4544.324 0.0000e+00
   5089.837     122157   4634.000     2.5385     2.5381   3.300251   3.300595   49.00008  -16.50045     5.2211     5.2211    34.9024    34.9069   4545.295 0.0000e+00
   5090.773     122180   4635.000     2.5385     2.5381   3.300283   3.300629   49.00008  -16.50045     5.2214     5.2214    34.9024    34.9069   4546.266 0.0000e+00
   5091.845     122205   4636.000     2.5385     2.5381   3.300315   3.300661   49.00009  -16.50045     5.2230     5.2230    34.9023    34.9069   4547.236 0.0000e+00
   5093.092     122235   4637.000     2.5385     2.5381   3.300349   3.300693   49.00009  -16.50045     5.2230     5.2230    34.9024    34.9069   4548.207 0.0000e+00
   5094.319     122265   4638.000     2.5385     2.5381   3.300383   3.300726   49.00009  -16.50045     5.2176     5.2176    34.9024    34.9069   4549.178 0.0000e+00
   5095.314     122289   4639.000     2.5386     2.5382   3.300421   3.300769   49.00009  -16.50045     5.2105     5.2105    34.9023    34.9068   4550.148 0.0000e+00
   5096.136     122308   4640.000     2.5387     2.5384   3.300461   3.300812   49.00009  -16.50045     5.2100     5.2100    34.9023    34.9068   4551.119 0.0000e+00
   5096.875     122326   4641.000     2.5388     2.5385   3.300500   3.300850   49.00008  -16.50045     5.2147     5.2147    34.9023    34.9068   4552.090 0.0000e+00
   5097.591     122343   4642.000     2.5388     2.5385   3.300536   3.300886   49.00007  -16.50045     5.2173     5.2173    34.9023    34.9068   4553.060 0.0000e+00
   5098.336     122361   4643.000     2.5388     2.5385   3.300567   3.300916   49.00007  -16.50045     5.2177     5.2177    34.9023    34.9068   4554.031 0.0000e+00
   5099.173     122381   4644.000     2.5388     2.5384   3.300594   3.300941   49.00007  -16.50045     5.2168     5.2168    34.9023    34.9068   4555.002 0.0000e+00
   5100.179     122405   4645.000     2.5387     2.5384   3.300623   3.300968   49.00007  -16.50045     5.2166     5.2166    34.9023    34.9067   4555.972 0.0000e+00
   5101.334     122433   4646.000     2.5388     2.5384   3.300656   3.300998   49.00007  -16.50045     5.2176     5.2176    34.9022    34.9067   4556.943 0.0000e+00
   5102.434     122459   4647.000     2.5388     2.5384   3.300694   3.301040   49.00007  -16.50045     5.2145     5.2145    34.9022    34.9067   4557.913 0.0000e+00
   5103.395     122482   4648.000     2.5390     2.5386   3.300742   3.301088   49.00007  -16.50045     5.2139     5.2139    34.9022    34.9067   4558.884 0.0000e+00
   5104.273     122504   4649.000     2.5391     2.5387   3.300787   3.301134   49.00007  -16.50045     5.2205     5.2205    34.9022    34.9067   4559.855 0.0000e+00
   5105.125     122524   4650.000     2.5393     2.5389   3.300829   3.301176   49.00007  -16.50045     5.2199     5.2199    34.9022    34.9067   4560.825 0.0000e+00
   5105.997     122545   4651.000     2.5394     2.5390   3.300867   3.301217   49.00007  -16.50045     5.2174     5.2174    34.9021    34.9067   4561.796 0.0000e+00
   5106.924     122567   4652.000     2.5394     2.5390   3.300904   3.301255   49.00007  -16.50045     5.2162     5.2162    34.9022    34.9067   4562.766 0.0000e+00
   5107.908     122591   4653.000     2.5394     2.5390   3.300938   3.301290   49.00007  -16.50045     5.2173     5.2173    34.9022    34.9067   4563.737 0.0000e+00
   5108.909     122615   4654.000     2.5395     2.5391   3.300975   3.301326   49.00007  -16.50044     5.2201     5.2201    34.9021    34.9067   4564.708 0.0000e+00
   5109.876     122638   4655.000     2.5395     2.5392   3.301011   3.301364   49.00008  -16.50044     5.2201     5.2201    34.9021    34.9067   4565.678 0.0000e+00
   5110.795     122660   4656.000     2.5396     2.5392   3.301047   3.301403   49.00007  -16.50044     5.2180     5.2180    34.9021    34.9067   4566.649 0.0000e+00
   5111.670     122681   4657.000     2.5396     2.5393   3.301084   3.301439   49.00007  -16.50044     5.2177     5.2177    34.9021    34.9067   4567.619 0.0000e+00
   5112.517     122701   4658.000     2.5396     2.5393   3.301120   3.301470   49.00007  -16.50044     5.2182     5.2182    34.9022    34.9066   4568.590 0.0000e+00
   5113.363     122722   4659.000     2.5396     2.5393   3.301153   3.301500   49.00007  -16.50044     5.2143     5.2143    34.9022    34.9066   4569.560 0.0000e+00
   5114.251     122743   4660.000     2.5396     2.5392   3.301188   3.301531   49.00007  -16.50044     5.2177     5.2177    34.9022    34.9067   4570.531 0.0000e+00
   5115.246     122767   4661.000     2.5396     2.5392   3.301221   3.301563   49.00007  -16.50044     5.2211     5.2211    34.9022    34.9067   4571.502 0.0000e+00
   5116.408     122795   4662.000     2.5397     2.5393   3.301256   3.301601   49.00007  -16.50043     5.2167     5.2167    34.9021    34.9067   4572.472 0.0000e+00
   5117.639     122824   4663.000     2.5398     2.5394   3.301295   3.301642   49.00008  -16.50043     5.2152     5.2152    34.9021    34.9066   4573.442 0.0000e+00
   5118.711     122850   4664.000     2.5399     2.5396   3.301339   3.301691   49.00008  -16.50043     5.2187     5.2187    34.9021    34.9066   4574.413 0.0000e+00
   5119.604     122871   4665.000     2.5401     2.5397   3.301386   3.301740   49.00008  -16.50043     5.2210     5.2210    34.9020    34.9066   4575.384 0.0000e+00
   5120.391     122890   4666.000     2.5403     2.5399   3.301432   3.301786   49.00007  -16.50043     5.2209     5.2209    34.9021    34.9066   4576.354 0.0000e+00
   5121.133     122908   4667.000     2.5404     2.5400   3.301477   3.301827   49.00007  -16.50043     5.2208     5.2208    34.9021    34.9066   4577.325 0.0000e+00
   5121.877     122926   4668.000     2.5405     2.5401   3.301517   3.301865   49.00007  -16.50043     5.2214     5.2214    34.9021    34.9066   4578.295 0.0000e+00
   5122.671     122945   4669.000     2.5405     2.5401   3.301552   3.301900   49.00007  -16.50043     5.2208     5.2208    34.9021    34.9066   4579.266 0.0000e+00
   5123.588     122967   4670.000     2.5405     2.5400   3.301585   3.301931   49.00007  -16.50043     5.2197     5.2197    34.9021    34.9067   4580.236 0.0000e+00
   5124.721     122994   4671.000     2.5405     2.5400   3.301619   3.301961   49.00008  -16.50043     5.2156     5.2156    34.9021    34.9067   4581.207 0.0000e+00
   5125.979     123024   4672.000     2.5406     2.5401   3.301659   3.301999   49.00009  -16.50043     5.2147     5.2147    34.9021    34.9066   4582.177 0.0000e+00
   5127.069     123051   4673.000     2.5407     2.5403   3.301701   3.302042   49.00009  -16.50043     5.2162     5.2162    34.9021    34.9066   4583.148 0.0000e+00
   5127.988     123073   4674.000     2.5408     2.5404   3.301746   3.302088   49.00008  -16.50043     5.2174     5.2174    34.9021    34.9066   4584.118 0.0000e+00
   5128.829     123093   4675.000     2.5409     2.5406   3.301788   3.302133   49.00007  -16.50043     5.2192     5.2192    34.9021    34.9066   4585.089 0.0000e+00
   5129.663     123113   4676.000     2.5410     2.5407   3.301827   3.302175   49.00007  -16.50043     5.2198     5.2198    34.9021    34.9066   4586.059 0.0000e+00
   5130.547     123134   4677.000     2.5411     2.5407   3.301863   3.302214   49.00008  -16.50043     5.2210     5.2210    34.9020    34.9066   4587.030 0.0000e+00
   5131.515     123157   4678.000     2.5411     2.5407   3.301895   3.302247   49.00009  -16.50043     5.2213     5.2213    34.9020    34.9066   4588.000 0.0000e+00
   5132.546     123182   4679.000     2.5411     2.5408   3.301928   3.302280   49.00009  -16.50043     5.2187     5.2187    34.9020    34.9065   4588.971 0.0000e+00
   5133.544     123206   4680.000     2.5412     2.5408   3.301967   3.302319   49.00009  -16.50043     5.2150     5.2150    34.9020    34.9065   4589.941 0.0000e+00
   5134.458     123228   4681.000     2.5413     2.5409   3.302007   3.302360   49.00009  -16.50043     5.2122     5.2122    34.9020    34.9066   4590.912 0.0000e+00
   5135.304     123248   4682.000     2.5414     2.5410   3.302045   3.302398   49.00009  -16.50044     5.2148     5.2148    34.9019    34.9065   4591.882 0.0000e+00
   5136.122     123268   4683.000     2.5414     2.5410   3.302078   3.302432   49.00009  -16.50044     5.2165     5.2165    34.9019    34.9065   4592.853 0.0000e+00
   5136.958     123288   4684.000     2.5413     2.5410   3.302107   3.302460   49.00009  -16.50045     5.2157     5.2157    34.9020    34.9065   4593.823 0.0000e+00
   5137.877     123310   4685.000     2.5412     2.5409   3.302131   3.302483   49.00009  -16.50045     5.2163     5.2163    34.9020    34.9065   4594.794 0.0000e+00
   5138.969     123336   4686.000     2.5411     2.5408   3.302157   3.302507   49.00009  -16.50045     5.2193     5.2193    34.9020    34.9065   4595.764 0.0000e+00
   5140.222     123366   4687.000     2.5412     2.5408   3.302192   3.302539   49.00009  -16.50044     5.2181     5.2181    34.9019    34.9064   4596.735 0.0000e+00
   5141.359     123394   4688.000     2.5413     2.5409   3.302233   3.302582   49.00009  -16.50044     5.2158     5.2158    34.9019    34.9064   4597.705 0.0000e+00
   5142.273     123416   4689.000     2.5414     2.5411   3.302278   3.302627   49.00009  -16.50044     5.2131     5.2131    34.9019    34.9065   4598.675 0.0000e+00
   5143.058     123434   4690.000     2.5416     2.5412   3.302322   3.302672   49.00009  -16.50044     5.2131     5.2131    34.9019    34.9065   4599.646 0.0000e+00
   5143.786     123452   4691.000     2.5417     2.5413   3.302362   3.302715   49.00009  -16.50044     5.2138     5.2138    34.9019    34.9065   4600.616 0.0000e+00
   5144.513     123469   4692.000     2.5417     2.5414   3.302397   3.302751   49.00009  -16.50045     5.2161     5.2161    34.9019    34.9064   4601.587 0.0000e+00
   5145.297     123488   4693.000     2.5417     2.5414   3.302431   3.302782   49.00009  -16.50045     5.2179     5.2179    34.9019    34.9064   4602.557 0.0000e+00
   5146.248     123511   4694.000     2.5418     2.5413   3.302465   3.302808   49.00009  -16.50045     5.2153     5.2153    34.9018    34.9064   4603.527 0.0000e+00
   5147.538     123542   4695.000     2.5419     2.5413   3.302505   3.302840   49.00009  -16.50045     5.2167     5.2167    34.9018    34.9064   4604.498 0.0000e+00
   5148.888     123574   4696.000     2.5420     2.5415   3.302547   3.302888   49.00009  -16.50044     5.2190     5.2190    34.9018    34.9064   4605.468 0.0000e+00
   5149.880     123598   4697.000     2.5421     2.5417   3.302593   3.302944   49.00009  -16.50044     5.2181     5.2181    34.9018    34.9064   4606.439 0.0000e+00
   5150.684     123617   4698.000     2.5423     2.5419   3.302642   3.302993   49.00009  -16.50044     5.2179     5.2179    34.9019    34.9064   4607.409 0.0000e+00
   5151.416     123635   4699.000     2.5424     2.5420   3.302685   3.303036   49.00009  -16.50045     5.2168     5.2168    34.9019    34.9064   4608.379 0.0000e+00
   5152.138     123652   4700.000     2.5424     2.5421   3.302721   3.303070   49.00009  -16.50045     5.2139     5.2139    34.9019    34.9064   4609.350 0.0000e+00
   5152.902     123671   4701.000     2.5424     2.5420   3.302752   3.303099   49.00009  -16.50045     5.2112     5.2112    34.9019    34.9064   4610.320 0.0000e+00
   5153.757     123691   4702.000     2.5424     2.5420   3.302782   3.303126   49.00009  -16.50045     5.2114     5.2114    34.9019    34.9064   4611.291 0.0000e+00
   5154.736     123715   4703.000     2.5424     2.5420   3.302815   3.303158   49.00009  -16.50045     5.2127     5.2127    34.9019    34.9064   4612.261 0.0000e+00
   5155.800     123740   4704.000     2.5424     2.5420   3.302850   3.303196   49.00009  -16.50045     5.2158     5.2158    34.9019    34.9064   4613.231 0.0000e+00
   5156.853     123765   4705.000     2.5425     2.5421   3.302888   3.303233   49.00009  -16.50045     5.2184     5.2184    34.9018    34.9063   4614.202 0.0000e+00
   5157.850     123789   4706.000     2.5426     2.5422   3.302927   3.303274   49.00009  -16.50045     5.2195     5.2195    34.9018    34.9063   4615.172 0.0000e+00
   5158.806     123812   4707.000     2.5427     2.5423   3.302964   3.303314   49.00009  -16.50045     5.2191     5.2191    34.9018    34.9063   4616.142 0.0000e+00
   5159.753     123835   4708.000     2.5427     2.5424   3.303002   3.303354   49.00009  -16.50045     5.2167     5.2167    34.9018    34.9063   4617.113 0.0000e+00
   5160.713     123858   4709.000     2.5428     2.5424   3.303044   3.303390   49.00008  -16.50045     5.2167     5.2167    34.9018    34.9063   4618.083 0.0000e+00
   5161.685     123881   4710.000     2.5429     2.5425   3.303085   3.303426   49.00008  -16.50045     5.2160     5.2160    34.9018    34.9063   4619.054 0.0000e+00
   5162.646     123904   4711.000     2.5430     2.5426   3.303125   3.303467   49.00008  -16.50045     5.2138     5.2138    34.9018    34.9063   4620.024 0.0000e+00
   5163.582     123927   4712.000     2.5431     2.5427   3.303164   3.303513   49.00009  -16.50045     5.2147     5.2147    34.9018    34.9064   4620.994 0.0000e+00
   5164.496     123949   4713.000     2.5432     2.5428   3.303205   3.303558   49.00009  -16.50044     5.2136     5.2136    34.9017    34.9064   4621.965 0.0000e+00
   5165.397     123971   4714.000     2.5433     2.5429   3.303247   3.303602   49.00009  -16.50044     5.2158     5.2158    34.9017    34.9063   4622.935 0.0000e+00
   5166.287     123992   4715.000     2.5434     2.5431   3.303288   3.303642   49.00009  -16.50044     5.2195     5.2195    34.9017    34.9063   4623.905 0.0000e+00
   5167.165     124013   4716.000     2.5435     2.5431   3.303329   3.303681   49.00008  -16.50045     5.2181     5.2181    34.9018    34.9063   4624.876 0.0000e+00
   5168.035     124034   4717.000     2.5436     2.5432   3.303368   3.303719   49.00008  -16.50045     5.2149     5.2149    34.9017    34.9063   4625.846 0.0000e+00
   5168.909     124055   4718.000     2.5436     2.5432   3.303407   3.303757   49.00007  -16.50045     5.2155     5.2155    34.9018    34.9064   4626.816 0.0000e+00
   5169.812     124076   4719.000     2.5437     2.5433   3.303444   3.303794   49.00007  -16.50045     5.2174     5.2174    34.9018    34.9063   4627.786 0.0000e+00
   5170.781     124100   4720.000     2.5437     2.5433   3.303481   3.303829   49.00007  -16.50045     5.2164     5.2164    34.9018    34.9064   4628.757 0.0000e+00
   5171.829     124125   4721.000     2.5438     2.5434   3.303519   3.303866   49.00008  -16.50045     5.2194     5.2194    34.9018    34.9063   4629.727 0.0000e+00
   5172.888     124150   4722.000     2.5439     2.5435   3.303560   3.303909   49.00009  -16.50045     5.2170     5.2170    34.9018    34.9064   4630.697 0.0000e+00
   5173.864     124174   4723.000     2.5440     2.5436   3.303601   3.303952   49.00009  -16.50045     5.2119     5.2119    34.9017    34.9063   4631.668 0.0000e+00
