Data_example/SBE_Data_Processed/DY103/SeaBird/Data/Batch/DY103_CTD06c.cnv
* Sea-Bird SBE 9 Data File:
* FileName = C:\Users\sandm\Documents\Cruises\DY103\Data\CTD Raw Data\DY103_CTD06.hex
* Software Version Seasave V 7.26.7.121
* Temperature SN = 03P-4814
* Conductivity SN = 04C-2165
* Number of Bytes Per Scan = 41
* Number of Voltage Words = 4
* Number of Scans Averaged by the Deck Unit = 1
* NMEA Latitude = 48 56.60 N
* NMEA Longitude = 016 29.40 W
* NMEA UTC (Time) = Jul 01 2019  13:15:58
** Ship: RRS Discovery
** Cruise: DY103
** Cast: 06
** Station: 019
** Julian Day: 182
** Date: 01/07/19
** Time: 13:15
** Latitude: 48 56.60'N
** Longitude: 16 29.40'W
** Depth (uncorr m): 4810
** Principal Scientist: S Hartman
** Operator: J Wynar/T Powell
# nquan = 12
# nvalues = 18331                                 
# units = specified
# name 0 = timeS: Time, Elapsed [seconds]
# name 1 = scan: Scan Count
# name 2 = prDM: Pressure, Digiquartz [db]
# name 3 = t090C: Temperature [ITS-90, deg C]
# name 4 = t190C: Temperature, 2 [ITS-90, deg C]
# name 5 = c0S/m: Conductivity [S/m]
# name 6 = c1S/m: Conductivity, 2 [S/m]
# name 7 = latitude: Latitude [deg]
# name 8 = longitude: Longitude [deg]
# name 9 = sbeox0ML/L: Oxygen, SBE 43 [ml/l]
# name 10 = sbeox0ML/L: Oxygen, SBE 43 [ml/l]
# name 11 = flag:  0.000e+00
# span 0 =     12.500,    776.250                 
# span 1 =        301,      18631                 
# span 2 =      0.316,    105.884                 
# span 3 =    11.9283,    16.0605                 
# span 4 =    11.9287,    17.2318                 
# span 5 =   0.059856,   4.443353                 
# span 6 =   0.027634,   4.482659                 
# span 7 =   48.94334,   48.94342                 
# span 8 =  -16.49000,  -16.48996                 
# span 9 =     3.6567,     7.7065                 
# span 10 =     3.6567,     7.7065                
# span 11 = 0.0000e+00, 0.0000e+00                
# interval = seconds: 0.0416667
# start_time = Jul 01 2019 13:15:59 [System UTC, first data scan.]
# bad_flag = -9.990e-29
*END*
[from data line 3369]
    152.875       3670      0.503    15.0923    17.0360   0.172690   0.039861   48.94340  -16.48996     6.0231     6.0231  0.000e+00
    152.917       3671      0.532    15.0937    17.0359   0.172032   0.039958   48.94340  -16.48996     6.0088     6.0088  0.000e+00
    152.958       3672      0.572    15.0956    17.0361   0.170799   0.040283   48.94340  -16.48996     5.9873     5.9873  0.000e+00
    153.000       3673      0.532    15.0972    17.0364   0.170078   0.040234   48.94340  -16.48996     5.9742     5.9742  0.000e+00
    153.042       3674      0.503    15.0990    17.0368   0.169338   0.040346   48.94340  -16.48996     5.9578     5.9578  0.000e+00
    153.083       3675      0.532    15.1009    17.0369   0.167945   0.040683   48.94340  -16.48996     5.9464     5.9464  0.000e+00
    153.125       3676      0.572    15.1030    17.0375   0.167328   0.040668   48.94340  -16.48996     5.9310     5.9310  0.000e+00
    153.167       3677      0.532    15.1053    17.0378   0.166825   0.040871   48.94340  -16.48996     5.9161     5.9161  0.000e+00
    153.208       3678      0.572    15.1074    17.0383   0.165589   0.041157   48.94340  -16.48996     5.9058     5.9058  0.000e+00
    153.250       3679      0.463    15.1095    17.0388   0.164524   0.041217   48.94340  -16.48996     5.8961     5.8961  0.000e+00
    153.292       3680      0.572    15.1120    17.0392   0.163881   0.041524   48.94340  -16.48996     5.8873     5.8873  0.000e+00
    153.333       3681      0.612    15.1145    17.0400   0.162869   0.041736   48.94340  -16.48996     5.8752     5.8752  0.000e+00
    153.375       3682      0.503    15.1166    17.0405   0.161992   0.041870   48.94340  -16.48996     5.8758     5.8758  0.000e+00
    153.417       3683      0.532    15.1195    17.0411   0.160914   0.042198   48.94334  -16.49000     5.8649     5.8649  0.000e+00
    153.458       3684      0.503    15.1219    17.0414   0.159782   0.042374   48.94334  -16.49000     5.8628     5.8628  0.000e+00
    153.500       3685      0.612    15.1247    17.0416   0.159267   0.042601   48.94334  -16.49000     5.8573     5.8573  0.000e+00
    153.542       3686      0.503    15.1274    17.0412   0.158391   0.042914   48.94334  -16.49000     5.8561     5.8561  0.000e+00
    153.583       3687      0.572    15.1301    17.0399   0.157659   0.043109   48.94340  -16.48996     5.8518     5.8518  0.000e+00
    153.625       3688      0.612    15.1328    17.0390   0.156789   0.043309   48.94340  -16.48996     5.8522     5.8522  0.000e+00
    153.667       3689      0.503    15.1356    17.0388   0.155623   0.043686   48.94340  -16.48996     5.8531     5.8531  0.000e+00
    153.708       3690      0.532    15.1386    17.0389   0.154672   0.043950   48.94340  -16.48996     5.8592     5.8592  0.000e+00
    153.750       3691      0.572    15.1413    17.0391   0.154059   0.044169   48.94340  -16.48996     5.8618     5.8618  0.000e+00
    153.792       3692      0.532    15.1441    17.0393   0.153394   0.044546   48.94340  -16.48996     5.8691     5.8691  0.000e+00
    153.833       3693      0.572    15.1472    17.0395   0.152484   0.044780   48.94340  -16.48996     5.8772     5.8772  0.000e+00
    153.875       3694      0.532    15.1497    17.0398   0.151987   0.045017   48.94340  -16.48996     5.8858     5.8858  0.000e+00
    153.917       3695      0.572    15.1526    17.0400   0.151462   0.045384   48.94340  -16.48996     5.8956     5.8956  0.000e+00
    153.958       3696      0.532    15.1556    17.0405   0.150877   0.045640   48.94340  -16.48996     5.9060     5.9060  0.000e+00
    154.000       3697      0.572    15.1583    17.0409   0.150365   0.045856   48.94340  -16.48996     5.9212     5.9212  0.000e+00
    154.042       3698      0.532    15.1610    17.0412   0.149696   0.046169   48.94340  -16.48996     5.9373     5.9373  0.000e+00
    154.083       3699      0.572    15.1640    17.0419   0.149144   0.046443   48.94340  -16.48996     5.9543     5.9543  0.000e+00
    154.125       3700      0.532    15.1668    17.0426   0.148599   0.046689   48.94340  -16.48996     5.9762     5.9762  0.000e+00
    154.167       3701      0.572    15.1695    17.0431   0.147809   0.047030   48.94340  -16.48996     5.9951     5.9951  0.000e+00
    154.208       3702      0.532    15.1725    17.0436   0.147228   0.047243   48.94340  -16.48996     6.0183     6.0183  0.000e+00
    154.250       3703      0.572    15.1748    17.0440   0.146901   0.047483   48.94340  -16.48996     6.0425     6.0425  0.000e+00
    154.292       3704      0.612    15.1778    17.0433   0.146466   0.047818   48.94340  -16.48996     6.0722     6.0722  0.000e+00
    154.333       3705      0.503    15.1807    17.0429   0.145800   0.048016   48.94340  -16.48996     6.1025     6.1025  0.000e+00
    154.375       3706      0.612    15.1831    17.0423   0.145259   0.048281   48.94340  -16.48996     6.1298     6.1298  0.000e+00
    154.417       3707      0.503    15.1858    17.0416   0.144654   0.048479   48.94334  -16.49000     6.1617     6.1617  0.000e+00
    154.458       3708      0.532    15.1884    17.0409   0.144473   0.048640   48.94334  -16.49000     6.1987     6.1987  0.000e+00
    154.500       3709      0.572    15.1910    17.0399   0.144201   0.048838   48.94334  -16.49000     6.2326     6.2326  0.000e+00
    154.542       3710      0.612    15.1934    17.0381   0.143594   0.049020   48.94334  -16.49000     6.2716     6.2716  0.000e+00
    154.583       3711      0.572    15.1959    17.0361   0.143301   0.049167   48.94340  -16.48996     6.3113     6.3113  0.000e+00
    154.625       3712      0.572    15.1982    17.0344   0.143171   0.049346   48.94340  -16.48996     6.3513     6.3513  0.000e+00
    154.667       3713      0.532    15.2006    17.0328   0.142856   0.049496   48.94340  -16.48996     6.3925     6.3925  0.000e+00
    154.708       3714      0.572    15.2031    17.0315   0.142633   0.049578   48.94340  -16.48996     6.4338     6.4338  0.000e+00
    154.750       3715      0.532    15.2051    17.0310   0.142310   0.049712   48.94340  -16.48996     6.4803     6.4803  0.000e+00
    154.792       3716      0.572    15.2073    17.0310   0.142014   0.049776   48.94340  -16.48996     6.5228     6.5228  0.000e+00
    154.833       3717      0.532    15.2095    17.0321   0.141606   0.049889   48.94340  -16.48996     6.5702     6.5702  0.000e+00
    154.875       3718      0.572    15.2118    17.0333   0.141163   0.049858   48.94340  -16.48996     6.6181     6.6181  0.000e+00
    154.917       3719      0.612    15.2139    17.0347   0.141003   0.049892   48.94340  -16.48996     6.6620     6.6620  0.000e+00
    154.958       3720      0.572    15.2158    17.0359   0.140979   0.049885   48.94340  -16.48996     6.7103     6.7103  0.000e+00
    155.000       3721      0.532    15.2177    17.0368   0.141021   0.049885   48.94340  -16.48996     6.7541     6.7541  0.000e+00
    155.042       3722      0.572    15.2198    17.0369   0.140930   0.049968   48.94340  -16.48996     6.8021     6.8021  0.000e+00
    155.083       3723      0.532    15.2215    17.0366   0.140436   0.049879   48.94340  -16.48996     6.8502     6.8502  0.000e+00
    155.125       3724      0.572    15.2232    17.0364   0.140288   0.049758   48.94340  -16.48996     6.8941     6.8941  0.000e+00
    155.167       3725      0.612    15.2251    17.0364   0.140378   0.049590   48.94340  -16.48996     6.9414     6.9414  0.000e+00
    155.208       3726      0.572    15.2266    17.0371   0.140200   0.049444   48.94340  -16.48996     6.9840     6.9840  0.000e+00
    155.250       3727      0.532    15.2283    17.0371   0.140430   0.049377   48.94340  -16.48996     7.0344     7.0344  0.000e+00
    155.292       3728      0.572    15.2299    17.0375   0.140746   0.049124   48.94340  -16.48996     7.0764     7.0764  0.000e+00
    155.333       3729      0.532    15.2312    17.0378   0.140173   0.049249   48.94340  -16.48996     7.1178     7.1178  0.000e+00
    155.375       3730      0.572    15.2328    17.0380   0.139712   0.048966   48.94340  -16.48996     7.1621     7.1621  0.000e+00
    155.417       3731      0.532    15.2342    17.0385   0.140620   0.048576   48.94334  -16.49000     7.2019     7.2019  0.000e+00
    155.458       3732      0.572    15.2353    17.0381   0.140810   0.048637   48.94334  -16.49000     7.2405     7.2405  0.000e+00
    155.500       3733      0.532    15.2367    17.0368   0.140526   0.048299   48.94334  -16.49000     7.2782     7.2782  0.000e+00
    155.542       3734      0.572    15.2380    17.0345   0.140849   0.047949   48.94334  -16.49000     7.3146     7.3146  0.000e+00
    155.583       3735      0.612    15.2390    17.0299   0.140653   0.047991   48.94340  -16.48996     7.3502     7.3502  0.000e+00
    155.625       3736      0.503    15.2399    17.0258   0.140583   0.047444   48.94340  -16.48996     7.3842     7.3842  0.000e+00
    155.667       3737      0.572    15.2410    17.0229   0.140906   0.047091   48.94340  -16.48996     7.4127     7.4127  0.000e+00
    155.708       3738      0.612    15.2420    17.0203   0.140939   0.047045   48.94340  -16.48996     7.4354     7.4354  0.000e+00
    155.750       3739      0.503    15.2430    17.0169   0.141121   0.046540   48.94340  -16.48996     7.4691     7.4691  0.000e+00
    155.792       3740      0.612    15.2439    17.0148   0.141416   0.046205   48.94340  -16.48996     7.4934     7.4934  0.000e+00
    155.833       3741      0.572    15.2443    17.0126   0.141395   0.046102   48.94340  -16.48996     7.5206     7.5206  0.000e+00
    155.875       3742      0.533    15.2450    17.0107   0.142041   0.045488   48.94340  -16.48996     7.5422     7.5422  0.000e+00
    155.917       3743      0.572    15.2456    17.0099   0.142621   0.045220   48.94340  -16.48996     7.5582     7.5582  0.000e+00
    155.958       3744      0.533    15.2458    17.0092   0.142899   0.044953   48.94340  -16.48996     7.5807     7.5807  0.000e+00
    156.000       3745      0.572    15.2467    17.0094   0.142875   0.044491   48.94340  -16.48996     7.5978     7.5978  0.000e+00
    156.042       3746      0.533    15.2469    17.0094   0.143349   0.044217   48.94340  -16.48996     7.6093     7.6093  0.000e+00
    156.083       3747      0.572    15.2470    17.0099   0.143304   0.043847   48.94340  -16.48996     7.6237     7.6237  0.000e+00
    156.125       3748      0.533    15.2472    17.0100   0.144131   0.043370   48.94340  -16.48996     7.6320     7.6320  0.000e+00
    156.167       3749      0.572    15.2475    17.0100   0.144361   0.043084   48.94340  -16.48996     7.6436     7.6436  0.000e+00
    156.208       3750      0.533    15.2475    17.0106   0.144953   0.042759   48.94340  -16.48996     7.6494     7.6494  0.000e+00
    156.250       3751      0.503    15.2475    17.0109   0.145836   0.042213   48.94340  -16.48996     7.6538     7.6538  0.000e+00
    156.292       3752      0.681    15.2474    17.0109   0.145906   0.041970   48.94340  -16.48996     7.6616     7.6616  0.000e+00
    156.333       3753      0.503    15.2474    17.0116   0.145637   0.041773   48.94340  -16.48996     7.6642     7.6642  0.000e+00
    156.375       3754      0.533    15.2471    17.0123   0.146438   0.041260   48.94340  -16.48996     7.6659     7.6659  0.000e+00
    156.417       3755      0.572    15.2467    17.0126   0.147098   0.041093   48.94334  -16.49000     7.6663     7.6663  0.000e+00
    156.458       3756      0.533    15.2462    17.0131   0.147715   0.040799   48.94334  -16.49000     7.6657     7.6657  0.000e+00
    156.500       3757      0.503    15.2459    17.0143   0.148481   0.040392   48.94334  -16.49000     7.6645     7.6645  0.000e+00
    156.542       3758      0.533    15.2452    17.0147   0.148990   0.040213   48.94334  -16.49000     7.6584     7.6584  0.000e+00
    156.583       3759      0.572    15.2447    17.0155   0.149184   0.039995   48.94340  -16.48996     7.6559     7.6559  0.000e+00
    156.625       3760      0.533    15.2439    17.0162   0.150295   0.039658   48.94340  -16.48996     7.6525     7.6525  0.000e+00
    156.667       3761      0.572    15.2433    17.0165   0.151053   0.039512   48.94340  -16.48996     7.6447     7.6447  0.000e+00
    156.708       3762      0.503    15.2422    17.0171   0.151286   0.039331   48.94340  -16.48996     7.6406     7.6406  0.000e+00
    156.750       3763      0.612    15.2416    17.0178   0.151484   0.039049   48.94340  -16.48996     7.6321     7.6321  0.000e+00
    156.792       3764      0.503    15.2403    17.0181   0.152384   0.038955   48.94340  -16.48996     7.6273     7.6273  0.000e+00
    156.833       3765      0.533    15.2394    17.0189   0.153349   0.038788   48.94340  -16.48996     7.6180     7.6180  0.000e+00
    156.875       3766      0.572    15.2380    17.0189   0.154174   0.038600   48.94340  -16.48996     7.6088     7.6088  0.000e+00
    156.917       3767      0.533    15.2369    17.0191   0.154906   0.038558   48.94340  -16.48996     7.5994     7.5994  0.000e+00
    156.958       3768      0.572    15.2355    17.0193   0.155601   0.038351   48.94340  -16.48996     7.5940     7.5940  0.000e+00
    157.000       3769      0.533    15.2342    17.0193   0.156157   0.038318   48.94340  -16.48996     7.5847     7.5847  0.000e+00
    157.042       3770      0.503    15.2327    17.0194   0.156817   0.038176   48.94340  -16.48996     7.5708     7.5708  0.000e+00
    157.083       3771      0.533    15.2315    17.0198   0.157406   0.038082   48.94340  -16.48996     7.5653     7.5653  0.000e+00
    157.125       3772      0.572    15.2299    17.0196   0.158084   0.038012   48.94340  -16.48996     7.5519     7.5519  0.000e+00
    157.167       3773      0.533    15.2283    17.0196   0.158671   0.037930   48.94340  -16.48996     7.5422     7.5422  0.000e+00
    157.208       3774      0.503    15.2266    17.0194   0.159283   0.037821   48.94340  -16.48996     7.5328     7.5328  0.000e+00
    157.250       3775      0.533    15.2250    17.0194   0.159535   0.037821   48.94340  -16.48996     7.5194     7.5194  0.000e+00
    157.292       3776      0.503    15.2233    17.0194   0.160165   0.037721   48.94340  -16.48996     7.5063     7.5063  0.000e+00
    157.333       3777      0.612    15.2215    17.0193   0.160926   0.037676   48.94340  -16.48996     7.5015     7.5015  0.000e+00
    157.375       3778      0.503    15.2196    17.0189   0.161562   0.037688   48.94340  -16.48996     7.4802     7.4802  0.000e+00
    157.417       3779      0.533    15.2181    17.0189   0.161998   0.037636   48.94334  -16.49000     7.4713     7.4713  0.000e+00
    157.458       3780      0.503    15.2161    17.0186   0.162574   0.037536   48.94334  -16.49000     7.4585     7.4585  0.000e+00
    157.500       3781      0.533    15.2141    17.0186   0.162842   0.037624   48.94334  -16.49000     7.4416     7.4416  0.000e+00
    157.542       3782      0.503    15.2121    17.0183   0.163195   0.037561   48.94334  -16.49000     7.4328     7.4328  0.000e+00
    157.583       3783      0.533    15.2104    17.0181   0.163884   0.037576   48.94340  -16.48996     7.4161     7.4161  0.000e+00
    157.625       3784      0.572    15.2086    17.0178   0.164473   0.037536   48.94340  -16.48996     7.4034     7.4034  0.000e+00
    157.667       3785      0.463    15.2063    17.0176   0.164744   0.037564   48.94340  -16.48996     7.3911     7.3911  0.000e+00
    157.708       3786      0.572    15.2046    17.0172   0.165250   0.037542   48.94340  -16.48996     7.3703     7.3703  0.000e+00
    157.750       3787      0.533    15.2026    17.0171   0.165900   0.037533   48.94340  -16.48996     7.3567     7.3567  0.000e+00
    157.792       3788      0.503    15.2004    17.0169   0.166242   0.037585   48.94340  -16.48996     7.3399     7.3399  0.000e+00
