Data_example/SBE_Data_Processed/DY103/SeaBird/Data/Batch/DY103_CTD06c.cnv
* Sea-Bird SBE 9 Data File:
* FileName = C:\Users\sandm\Documents\Cruises\DY103\Data\CTD Raw Data\DY103_CTD06.hex
* Software Version Seasave V 7.26.7.121
* Temperature SN = 03P-4814
* Conductivity SN = 04C-2165
* Number of Bytes Per Scan = 41
* Number of Voltage Words = 4
* Number of Scans Averaged by the Deck Unit = 1
* NMEA Latitude = 48 56.60 N
* NMEA Longitude = 016 29.40 W
* NMEA UTC (Time) = Jul 01 2019  13:15:58
** Ship: RRS Discovery
** Cruise: DY103
** Cast: 06
** Station: 019
** Julian Day: 182
** Date: 01/07/19
** Time: 13:15
** Latitude: 48 56.60'N
** Longitude: 16 29.40'W
** Depth (uncorr m): 4810
** Principal Scientist: S Hartman
** Operator: J Wynar/T Powell
# nquan = 12
# nvalues = 18331                                 
# units = specified
# name 0 = timeS: Time, Elapsed [seconds]
# name 1 = scan: Scan Count
# name 2 = prDM: Pressure, Digiquartz [db]
# name 3 = t090C: Temperature [ITS-90, deg C]
# name 4 = t190C: Temperature, 2 [ITS-90, deg C]
# name 5 = c0S/m: Conductivity [S/m]
# name 6 = c1S/m: Conductivity, 2 [S/m]
# name 7 = latitude: Latitude [deg]
# name 8 = longitude: Longitude [deg]
# name 9 = sbeox0ML/L: Oxygen, SBE 43 [ml/l]
# name 10 = sbeox0ML/L: Oxygen, SBE 43 [ml/l]
# name 11 = flag:  0.000e+00
# span 0 =     12.500,    776.250                 
# span 1 =        301,      18631                 
# span 2 =      0.316,    105.884                 
# span 3 =    11.9283,    16.0605                 
# span 4 =    11.9287,    17.2318                 
# span 5 =   0.059856,   4.443353                 
# span 6 =   0.027634,   4.482659                 
# span 7 =   48.94334,   48.94342                 
# span 8 =  -16.49000,  -16.48996                 
# span 9 =     3.6567,     7.7065                 
# span 10 =     3.6567,     7.7065                
# span 11 = 0.0000e+00, 0.0000e+00                
# interval = seconds: 0.0416667
# start_time = Jul 01 2019 13:15:59 [System UTC, first data scan.]
# bad_flag = -9.990e-29
*END*
[from data line 4692]
    208.000       4993      0.503    15.2367    17.0994   0.153834   0.043780   48.94340  -16.48998     7.1996     7.1996  0.000e+00
    208.042       4994      0.533    15.2363    17.0995   0.154050   0.043746   48.94340  -16.48998     7.1960     7.1960  0.000e+00
    208.083       4995      0.503    15.2358    17.0994   0.154229   0.043692   48.94340  -16.48998     7.1967     7.1967  0.000e+00
    208.125       4996      0.533    15.2355    17.0995   0.154414   0.043649   48.94340  -16.48998     7.1975     7.1975  0.000e+00
    208.167       4997      0.572    15.2349    17.0997   0.154533   0.043604   48.94340  -16.48998     7.1945     7.1945  0.000e+00
    208.208       4998      0.533    15.2343    17.0994   0.154678   0.043567   48.94340  -16.48998     7.1911     7.1911  0.000e+00
    208.250       4999      0.573    15.2341    17.0997   0.154867   0.043516   48.94340  -16.48998     7.1874     7.1874  0.000e+00
    208.292       5000      0.503    15.2337    17.0995   0.154964   0.043473   48.94340  -16.48998     7.1834     7.1834  0.000e+00
    208.333       5001      0.533    15.2328    17.0997   0.155134   0.043440   48.94340  -16.48998     7.1792     7.1792  0.000e+00
    208.375       5002      0.503    15.2324    17.0997   0.155310   0.043403   48.94340  -16.48998     7.1793     7.1793  0.000e+00
    208.417       5003      0.612    15.2318    17.0995   0.155401   0.043355   48.94334  -16.49000     7.1755     7.1755  0.000e+00
    208.458       5004      0.503    15.2312    17.0997   0.155556   0.043315   48.94334  -16.49000     7.1669     7.1669  0.000e+00
    208.500       5005      0.533    15.2308    17.0997   0.155811   0.043309   48.94334  -16.49000     7.1664     7.1664  0.000e+00
    208.542       5006      0.573    15.2300    17.0992   0.155984   0.043263   48.94334  -16.49000     7.1623     7.1623  0.000e+00
    208.583       5007      0.533    15.2295    17.0990   0.155981   0.043242   48.94340  -16.48996     7.1580     7.1580  0.000e+00
    208.625       5008      0.503    15.2288    17.0982   0.156027   0.043230   48.94340  -16.48996     7.1493     7.1493  0.000e+00
    208.667       5009      0.533    15.2282    17.0973   0.156334   0.043191   48.94340  -16.48996     7.1443     7.1443  0.000e+00
    208.708       5010      0.573    15.2276    17.0965   0.156668   0.043172   48.94340  -16.48996     7.1396     7.1396  0.000e+00
    208.750       5011      0.464    15.2270    17.0955   0.156701   0.043163   48.94340  -16.48996     7.1348     7.1348  0.000e+00
    208.792       5012      0.573    15.2263    17.0947   0.156722   0.043145   48.94340  -16.48996     7.1302     7.1302  0.000e+00
    208.833       5013      0.533    15.2258    17.0941   0.156835   0.043124   48.94340  -16.48996     7.1257     7.1257  0.000e+00
    208.875       5014      0.503    15.2253    17.0933   0.156969   0.043105   48.94340  -16.48996     7.1166     7.1166  0.000e+00
    208.917       5015      0.612    15.2247    17.0930   0.157166   0.043109   48.94340  -16.48996     7.1115     7.1115  0.000e+00
    208.958       5016      0.503    15.2243    17.0927   0.157364   0.043093   48.94340  -16.48996     7.1066     7.1066  0.000e+00
    209.000       5017      0.533    15.2235    17.0923   0.157181   0.043105   48.94340  -16.48996     7.1021     7.1021  0.000e+00
    209.042       5018      0.503    15.2230    17.0921   0.157133   0.043127   48.94340  -16.48996     7.0933     7.0933  0.000e+00
    209.083       5019      0.612    15.2226    17.0918   0.157355   0.043090   48.94340  -16.48996     7.0884     7.0884  0.000e+00
    209.125       5020      0.503    15.2218    17.0917   0.157516   0.043096   48.94340  -16.48996     7.0836     7.0836  0.000e+00
    209.167       5021      0.533    15.2215    17.0913   0.157668   0.043124   48.94340  -16.48996     7.0747     7.0747  0.000e+00
    209.208       5022      0.503    15.2208    17.0908   0.157741   0.043090   48.94340  -16.48996     7.0699     7.0699  0.000e+00
    209.250       5023      0.533    15.2203    17.0904   0.157719   0.043087   48.94340  -16.48996     7.0611     7.0611  0.000e+00
    209.292       5024      0.573    15.2198    17.0898   0.157656   0.043133   48.94340  -16.48996     7.0564     7.0564  0.000e+00
    209.333       5025      0.503    15.2195    17.0892   0.157811   0.043121   48.94340  -16.48996     7.0475     7.0475  0.000e+00
    209.375       5026      0.533    15.2188    17.0886   0.157887   0.043115   48.94340  -16.48996     7.0386     7.0386  0.000e+00
    209.417       5027      0.503    15.2184    17.0880   0.157838   0.043124   48.94334  -16.49000     7.0339     7.0339  0.000e+00
    209.458       5028      0.612    15.2179    17.0872   0.157896   0.043142   48.94334  -16.49000     7.0296     7.0296  0.000e+00
    209.500       5029      0.503    15.2174    17.0868   0.157978   0.043130   48.94334  -16.49000     7.0169     7.0169  0.000e+00
    209.542       5030      0.533    15.2171    17.0863   0.157941   0.043163   48.94334  -16.49000     7.0125     7.0125  0.000e+00
    209.583       5031      0.573    15.2166    17.0858   0.157981   0.043178   48.94340  -16.48996     7.0038     7.0038  0.000e+00
    209.625       5032      0.533    15.2162    17.0854   0.158148   0.043139   48.94340  -16.48996     6.9951     6.9951  0.000e+00
    209.667       5033      0.503    15.2159    17.0849   0.158218   0.043163   48.94340  -16.48996     6.9907     6.9907  0.000e+00
    209.708       5034      0.533    15.2154    17.0843   0.158157   0.043172   48.94340  -16.48996     6.9822     6.9822  0.000e+00
    209.750       5035      0.503    15.2153    17.0832   0.158154   0.043148   48.94340  -16.48996     6.9779     6.9779  0.000e+00
    209.792       5036      0.533    15.2148    17.0813   0.158166   0.043157   48.94340  -16.48996     6.9654     6.9654  0.000e+00
    209.833       5037      0.573    15.2146    17.0793   0.158093   0.043191   48.94340  -16.48996     6.9606     6.9606  0.000e+00
    209.875       5038      0.533    15.2141    17.0777   0.158273   0.043148   48.94340  -16.48996     6.9525     6.9525  0.000e+00
    209.917       5039      0.573    15.2137    17.0762   0.158382   0.043151   48.94340  -16.48996     6.9485     6.9485  0.000e+00
    209.958       5040      0.464    15.2134    17.0748   0.158370   0.043172   48.94340  -16.48996     6.9403     6.9403  0.000e+00
    210.000       5041      0.573    15.2132    17.0734   0.158245   0.043142   48.94340  -16.48996     6.9325     6.9325  0.000e+00
    210.042       5042      0.533    15.2128    17.0721   0.158309   0.043142   48.94340  -16.48996     6.9287     6.9287  0.000e+00
    210.083       5043      0.573    15.2125    17.0699   0.158391   0.043136   48.94340  -16.48996     6.9209     6.9209  0.000e+00
    210.125       5044      0.464    15.2123    17.0673   0.158388   0.043121   48.94340  -16.48996     6.9132     6.9132  0.000e+00
    210.167       5045      0.573    15.2120    17.0649   0.158401   0.043081   48.94340  -16.48996     6.9061     6.9061  0.000e+00
    210.208       5046      0.533    15.2118    17.0641   0.158355   0.043081   48.94340  -16.48996     6.9029     6.9029  0.000e+00
    210.250       5047      0.503    15.2116    17.0633   0.158270   0.043057   48.94340  -16.48996     6.8959     6.8959  0.000e+00
    210.292       5048      0.533    15.2113    17.0629   0.158300   0.043030   48.94340  -16.48996     6.8888     6.8888  0.000e+00
    210.333       5049      0.573    15.2112    17.0618   0.158349   0.043027   48.94340  -16.48996     6.8816     6.8816  0.000e+00
    210.375       5050      0.464    15.2111    17.0608   0.158425   0.042990   48.94340  -16.48996     6.8785     6.8785  0.000e+00
    210.417       5051      0.573    15.2106    17.0602   0.158516   0.042966   48.94334  -16.49000     6.8722     6.8722  0.000e+00
    210.458       5052      0.573    15.2107    17.0604   0.158522   0.042957   48.94334  -16.49000     6.8657     6.8657  0.000e+00
    210.500       5053      0.464    15.2103    17.0613   0.158437   0.042920   48.94334  -16.49000     6.8589     6.8589  0.000e+00
    210.542       5054      0.573    15.2100    17.0622   0.158401   0.042881   48.94334  -16.49000     6.8526     6.8526  0.000e+00
    210.583       5055      0.533    15.2098    17.0630   0.158528   0.042872   48.94340  -16.48996     6.8504     6.8504  0.000e+00
    210.625       5056      0.503    15.2099    17.0637   0.158601   0.042814   48.94340  -16.48996     6.8444     6.8444  0.000e+00
    210.667       5057      0.533    15.2096    17.0642   0.158489   0.042784   48.94340  -16.48996     6.8382     6.8382  0.000e+00
    210.708       5058      0.503    15.2093    17.0649   0.158519   0.042765   48.94340  -16.48996     6.8363     6.8363  0.000e+00
    210.750       5059      0.612    15.2091    17.0654   0.158629   0.042708   48.94340  -16.48996     6.8306     6.8306  0.000e+00
    210.792       5060      0.503    15.2090    17.0662   0.158677   0.042692   48.94340  -16.48996     6.8291     6.8291  0.000e+00
    210.833       5061      0.533    15.2089    17.0665   0.158626   0.042641   48.94340  -16.48996     6.8197     6.8197  0.000e+00
    210.875       5062      0.503    15.2085    17.0669   0.158638   0.042614   48.94340  -16.48996     6.8185     6.8185  0.000e+00
    210.917       5063      0.612    15.2086    17.0668   0.158686   0.042574   48.94340  -16.48996     6.8132     6.8132  0.000e+00
    210.958       5064      0.503    15.2082    17.0663   0.158735   0.042556   48.94340  -16.48996     6.8079     6.8079  0.000e+00
    211.000       5065      0.533    15.2082    17.0660   0.158799   0.042486   48.94340  -16.48996     6.8070     6.8070  0.000e+00
    211.042       5066      0.503    15.2080    17.0665   0.158902   0.042453   48.94340  -16.48996     6.8023     6.8023  0.000e+00
    211.083       5067      0.533    15.2079    17.0666   0.158939   0.042431   48.94340  -16.48996     6.7975     6.7975  0.000e+00
    211.125       5068      0.503    15.2077    17.0671   0.158966   0.042386   48.94340  -16.48996     6.7927     6.7927  0.000e+00
    211.167       5069      0.533    15.2076    17.0675   0.158997   0.042331   48.94340  -16.48996     6.7925     6.7925  0.000e+00
    211.208       5070      0.503    15.2074    17.0678   0.158975   0.042310   48.94340  -16.48996     6.7880     6.7880  0.000e+00
    211.250       5071      0.612    15.2073    17.0685   0.159036   0.042286   48.94340  -16.48996     6.7881     6.7881  0.000e+00
    211.292       5072      0.503    15.2072    17.0686   0.159173   0.042213   48.94340  -16.48996     6.7839     6.7839  0.000e+00
    211.333       5073      0.533    15.2069    17.0690   0.159140   0.042176   48.94340  -16.48996     6.7800     6.7800  0.000e+00
    211.375       5074      0.503    15.2066    17.0694   0.159173   0.042158   48.94340  -16.48996     6.7801     6.7801  0.000e+00
    211.417       5075      0.533    15.2067    17.0697   0.159289   0.042079   48.94334  -16.49000     6.7761     6.7761  0.000e+00
    211.458       5076      0.503    15.2065    17.0699   0.159283   0.042094   48.94334  -16.49000     6.7722     6.7722  0.000e+00
    211.500       5077      0.573    15.2061    17.0705   0.159249   0.042052   48.94334  -16.49000     6.7686     6.7686  0.000e+00
    211.542       5078      0.533    15.2060    17.0709   0.159319   0.041991   48.94334  -16.49000     6.7686     6.7686  0.000e+00
    211.583       5079      0.503    15.2059    17.0714   0.159371   0.041973   48.94340  -16.48998     6.7648     6.7648  0.000e+00
    211.625       5080      0.533    15.2057    17.0719   0.159322   0.041955   48.94340  -16.48998     6.7609     6.7609  0.000e+00
    211.667       5081      0.503    15.2058    17.0723   0.159380   0.041918   48.94340  -16.48998     6.7609     6.7609  0.000e+00
    211.708       5082      0.533    15.2056    17.0726   0.159420   0.041867   48.94340  -16.48998     6.7572     6.7572  0.000e+00
    211.750       5083      0.503    15.2053    17.0729   0.159435   0.041891   48.94340  -16.48998     6.7534     6.7534  0.000e+00
    211.792       5084      0.612    15.2053    17.0733   0.159532   0.041861   48.94340  -16.48998     6.7540     6.7540  0.000e+00
    211.833       5085      0.503    15.2051    17.0736   0.159499   0.041818   48.94340  -16.48998     6.7457     6.7457  0.000e+00
    211.875       5086      0.533    15.2049    17.0736   0.159413   0.041833   48.94340  -16.48998     6.7459     6.7459  0.000e+00
    211.917       5087      0.503    15.2048    17.0741   0.159377   0.041788   48.94340  -16.48998     6.7462     6.7462  0.000e+00
    211.958       5088      0.533    15.2048    17.0743   0.159523   0.041785   48.94340  -16.48998     6.7384     6.7384  0.000e+00
    212.000       5089      0.503    15.2045    17.0747   0.159547   0.041763   48.94340  -16.48998     6.7387     6.7387  0.000e+00
    212.042       5090      0.533    15.2044    17.0750   0.159523   0.041773   48.94340  -16.48998     6.7348     6.7348  0.000e+00
    212.083       5091      0.503    15.2041    17.0752   0.159563   0.041712   48.94340  -16.48998     6.7311     6.7311  0.000e+00
    212.125       5092      0.533    15.2044    17.0753   0.159462   0.041730   48.94340  -16.48998     6.7315     6.7315  0.000e+00
    212.167       5093      0.573    15.2041    17.0755   0.159383   0.041751   48.94340  -16.48998     6.7278     6.7278  0.000e+00
    212.208       5094      0.533    15.2039    17.0758   0.159453   0.041694   48.94340  -16.48998     6.7238     6.7238  0.000e+00
    212.250       5095      0.503    15.2038    17.0763   0.159480   0.041718   48.94340  -16.48998     6.7200     6.7200  0.000e+00
    212.292       5096      0.533    15.2038    17.0765   0.159444   0.041715   48.94340  -16.48998     6.7160     6.7160  0.000e+00
    212.333       5097      0.503    15.2036    17.0765   0.159468   0.041703   48.94340  -16.48998     6.7118     6.7118  0.000e+00
    212.375       5098      0.533    15.2038    17.0769   0.159401   0.041679   48.94340  -16.48998     6.7074     6.7074  0.000e+00
    212.417       5099      0.573    15.2038    17.0772   0.159273   0.041694   48.94334  -16.49000     6.7074     6.7074  0.000e+00
    212.458       5100      0.464    15.2036    17.0774   0.159270   0.041685   48.94334  -16.49000     6.7033     6.7033  0.000e+00
    212.500       5101      0.573    15.2035    17.0777   0.159325   0.041672   48.94334  -16.49000     6.6991     6.6991  0.000e+00
    212.542       5102      0.395    15.2036    17.0781   0.159292   0.041727   48.94334  -16.49000     6.6945     6.6945  0.000e+00
    212.583       5103      0.642    15.2035    17.0786   0.159231   0.041660   48.94340  -16.48998     6.6943     6.6943  0.000e+00
    212.625       5104      0.503    15.2034    17.0787   0.159140   0.041703   48.94340  -16.48998     6.6901     6.6901  0.000e+00
    212.667       5105      0.533    15.2036    17.0793   0.159079   0.041727   48.94340  -16.48998     6.6857     6.6857  0.000e+00
    212.708       5106      0.573    15.2034    17.0792   0.159097   0.041688   48.94340  -16.48998     6.6855     6.6855  0.000e+00
    212.750       5107      0.533    15.2036    17.0799   0.159100   0.041712   48.94340  -16.48998     6.6772     6.6772  0.000e+00
    212.792       5108      0.503    15.2036    17.0801   0.158978   0.041742   48.94340  -16.48998     6.6769     6.6769  0.000e+00
    212.833       5109      0.533    15.2035    17.0805   0.158911   0.041724   48.94340  -16.48998     6.6730     6.6730  0.000e+00
    212.875       5110      0.503    15.2039    17.0808   0.158835   0.041727   48.94340  -16.48998     6.6683     6.6683  0.000e+00
    212.917       5111      0.533    15.2036    17.0813   0.158775   0.041779   48.94340  -16.48998     6.6683     6.6683  0.000e+00
    212.958       5112      0.503    15.2038    17.0819   0.158720   0.041776   48.94340  -16.48998     6.6598     6.6598  0.000e+00
