Data_example/SBE_Data_Processed/DY103/SeaBird/Data/Batch/DY103_CTD10cfaldb.cnv
* Sea-Bird SBE 9 Data File:
* FileName = C:\Users\sandm\Documents\Cruises\DY103\Data\CTD Raw Data\DY103_CTD10.hex
* Software Version Seasave V 7.26.7.121
* Temperature SN = 03P-4814
* Conductivity SN = 04C-2165
* Number of Bytes Per Scan = 41
* Number of Voltage Words = 4
* Number of Scans Averaged by the Deck Unit = 1
* NMEA Latitude = 49 00.00 N
* NMEA Longitude = 016 30.02 W
* NMEA UTC (Time) = Jul 04 2019  08:26:11
** Ship: RRS Discovery
** Cruise: DY103
** Cast: 10
** Station:
** Julian Day: 185
** Date: 04/07/19
** Time: 08:25
** Latitude: 48 59.99'N
** Longitude: 16 30.01'W
** Depth (uncorr m): 4807
** Principal Scientist: S Hartman
** Operator: J Wynar/T Powell
# nquan = 15
# nvalues = 4923                        
# units = specified
# name 0 = timeS: Time, Elapsed [seconds]
# name 1 = scan: Scan Count
# name 2 = prDM: Pressure, Digiquartz [db]
# name 3 = t090C: Temperature [ITS-90, deg C]
# name 4 = t190C: Temperature, 2 [ITS-90, deg C]
# name 5 = c0S/m: Conductivity [S/m]
# name 6 = c1S/m: Conductivity, 2 [S/m]
# name 7 = latitude: Latitude [deg]
# name 8 = longitude: Longitude [deg]
# name 9 = sbeox0ML/L: Oxygen, SBE 43 [ml/l]
# name 10 = sbeox0ML/L: Oxygen, SBE 43 [ml/l]
# name 11 = sal00: Salinity, Practical [PSU]
# name 12 = sal11: Salinity, Practical, 2 [PSU]
# name 13 = depSM: Depth [salt water, m], lat = 49
# name 14 = flag: flag
# span 0 =     90.254,   5545.194       
# span 1 =       2167,     133086       
# span 2 =      1.000,   4922.000       
# span 3 =     2.5252,    16.2274       
# span 4 =     2.5249,    16.2423       
# span 5 =   3.272610,   4.466184       
# span 6 =   3.272959,   4.467132       
# span 7 =   48.99998,   49.00007       
# span 8 =  -16.50040,  -16.50031       
# span 9 =     3.8025,     6.0460       
# span 10 =     3.8025,     6.0460      
# span 11 =    34.1818,    35.5664      
# span 12 =    32.8275,    35.5687      
# span 13 =      0.992,   4824.673      
# span 14 = 0.0000e+00, 0.0000e+00      
# interval = decibars: 1                
# start_time = Jul 04 2019 08:26:12 [System UTC, first data scan.]
# bad_flag = -9.990e-29
*END*
[from data line 1446]
   1886.600      45279   1447.000     4.9172     4.9185   3.405390   3.405552   48.99998  -16.50032     5.6166     5.6166    35.0424    35.0428   1429.760 0.0000e+00
   1887.465      45300   1448.000     4.9137     4.9150   3.405084   3.405232   48.99998  -16.50032     5.6200     5.6200    35.0419    35.0423   1430.745 0.0000e+00
   1888.305      45320   1449.000     4.9095     4.9107   3.404698   3.404830   48.99998  -16.50032     5.6217     5.6217    35.0414    35.0417   1431.730 0.0000e+00
   1889.171      45341   1450.000     4.9050     4.9062   3.404284   3.404410   48.99998  -16.50031     5.6233     5.6233    35.0409    35.0411   1432.715 0.0000e+00
   1890.138      45364   1451.000     4.9008     4.9016   3.403897   3.403988   48.99998  -16.50031     5.6244     5.6244    35.0403    35.0406   1433.699 0.0000e+00
   1891.227      45390   1452.000     4.8971     4.8975   3.403552   3.403623   48.99998  -16.50032     5.6245     5.6245    35.0397    35.0401   1434.684 0.0000e+00
   1892.302      45416   1453.000     4.8935     4.8942   3.403222   3.403329   48.99998  -16.50032     5.6242     5.6242    35.0392    35.0397   1435.669 0.0000e+00
   1893.261      45439   1454.000     4.8900     4.8912   3.402911   3.403061   48.99998  -16.50032     5.6226     5.6226    35.0387    35.0392   1436.653 0.0000e+00
   1894.138      45460   1455.000     4.8870     4.8885   3.402645   3.402831   48.99998  -16.50032     5.6225     5.6225    35.0384    35.0389   1437.638 0.0000e+00
   1894.989      45481   1456.000     4.8847     4.8862   3.402450   3.402632   48.99998  -16.50032     5.6232     5.6232    35.0380    35.0386   1438.623 0.0000e+00
   1895.877      45502   1457.000     4.8824     4.8838   3.402257   3.402439   48.99998  -16.50032     5.6232     5.6232    35.0377    35.0383   1439.607 0.0000e+00
   1896.876      45526   1458.000     4.8803     4.8816   3.402083   3.402256   48.99998  -16.50032     5.6235     5.6235    35.0374    35.0380   1440.592 0.0000e+00
   1898.035      45554   1459.000     4.8787     4.8798   3.401954   3.402110   48.99998  -16.50032     5.6231     5.6231    35.0371    35.0378   1441.576 0.0000e+00
   1899.212      45582   1460.000     4.8774     4.8784   3.401863   3.402014   48.99998  -16.50032     5.6248     5.6248    35.0369    35.0376   1442.561 0.0000e+00
   1900.216      45606   1461.000     4.8757     4.8767   3.401740   3.401878   48.99998  -16.50032     5.6303     5.6303    35.0368    35.0374   1443.546 0.0000e+00
   1901.063      45627   1462.000     4.8730     4.8742   3.401518   3.401675   48.99998  -16.50032     5.6338     5.6338    35.0366    35.0372   1444.530 0.0000e+00
   1901.836      45645   1463.000     4.8696     4.8712   3.401243   3.401427   48.99998  -16.50032     5.6345     5.6345    35.0364    35.0369   1445.515 0.0000e+00
   1902.602      45663   1464.000     4.8672     4.8682   3.401047   3.401193   48.99998  -16.50032     5.6339     5.6339    35.0363    35.0368   1446.500 0.0000e+00
   1903.458      45684   1465.000     4.8670     4.8675   3.401077   3.401199   48.99998  -16.50032     5.6322     5.6322    35.0363    35.0372   1447.484 0.0000e+00
   1904.550      45710   1466.000     4.8687     4.8700   3.401286   3.401535   48.99998  -16.50032     5.6310     5.6310    35.0365    35.0380   1448.469 0.0000e+00
   1905.807      45740   1467.000     4.8700     4.8717   3.401483   3.401763   48.99998  -16.50032     5.6349     5.6349    35.0369    35.0383   1449.454 0.0000e+00
   1906.877      45766   1468.000     4.8689     4.8700   3.401462   3.401638   48.99998  -16.50032     5.6403     5.6403    35.0373    35.0382   1450.438 0.0000e+00
   1907.780      45788   1469.000     4.8651     4.8657   3.401143   3.401238   48.99998  -16.50032     5.6431     5.6431    35.0371    35.0376   1451.423 0.0000e+00
   1908.621      45808   1470.000     4.8587     4.8591   3.400560   3.400607   48.99998  -16.50032     5.6443     5.6443    35.0366    35.0368   1452.407 0.0000e+00
   1909.493      45829   1471.000     4.8513     4.8517   3.399867   3.399928   48.99998  -16.50032     5.6452     5.6452    35.0358    35.0361   1453.392 0.0000e+00
   1910.462      45852   1472.000     4.8445     4.8459   3.399229   3.399404   48.99998  -16.50032     5.6470     5.6470    35.0351    35.0356   1454.377 0.0000e+00
   1911.510      45877   1473.000     4.8397     4.8413   3.398785   3.398981   48.99998  -16.50032     5.6492     5.6492    35.0345    35.0351   1455.361 0.0000e+00
   1912.506      45901   1474.000     4.8360     4.8374   3.398458   3.398640   48.99998  -16.50032     5.6504     5.6504    35.0341    35.0347   1456.346 0.0000e+00
   1913.397      45923   1475.000     4.8330     4.8345   3.398196   3.398390   48.99998  -16.50032     5.6483     5.6483    35.0338    35.0344   1457.330 0.0000e+00
   1914.223      45942   1476.000     4.8310     4.8323   3.398038   3.398222   48.99998  -16.50032     5.6453     5.6453    35.0336    35.0343   1458.315 0.0000e+00
   1915.055      45962   1477.000     4.8295     4.8305   3.397940   3.398087   48.99998  -16.50032     5.6453     5.6453    35.0334    35.0341   1459.299 0.0000e+00
   1915.978      45984   1478.000     4.8281     4.8289   3.397837   3.397980   48.99998  -16.50032     5.6480     5.6480    35.0332    35.0340   1460.284 0.0000e+00
   1917.067      46011   1479.000     4.8269     4.8279   3.397750   3.397913   48.99998  -16.50032     5.6507     5.6507    35.0330    35.0339   1461.269 0.0000e+00
   1918.220      46038   1480.000     4.8258     4.8268   3.397679   3.397841   48.99998  -16.50032     5.6536     5.6536    35.0329    35.0337   1462.253 0.0000e+00
   1919.258      46063   1481.000     4.8242     4.8253   3.397566   3.397733   48.99998  -16.50032     5.6562     5.6562    35.0328    35.0336   1463.238 0.0000e+00
   1920.182      46085   1482.000     4.8231     4.8245   3.397512   3.397714   48.99998  -16.50032     5.6563     5.6563    35.0327    35.0337   1464.222 0.0000e+00
   1921.063      46107   1483.000     4.8232     4.8245   3.397561   3.397765   48.99998  -16.50032     5.6570     5.6570    35.0328    35.0338   1465.207 0.0000e+00
   1921.953      46128   1484.000     4.8228     4.8240   3.397567   3.397761   48.99998  -16.50032     5.6586     5.6586    35.0328    35.0337   1466.191 0.0000e+00
   1922.874      46150   1485.000     4.8206     4.8219   3.397398   3.397583   48.99998  -16.50032     5.6599     5.6599    35.0326    35.0334   1467.176 0.0000e+00
   1923.813      46173   1486.000     4.8157     4.8172   3.396947   3.397134   48.99998  -16.50032     5.6612     5.6612    35.0321    35.0326   1468.160 0.0000e+00
   1924.753      46195   1487.000     4.8090     4.8111   3.396317   3.396550   48.99998  -16.50032     5.6625     5.6625    35.0313    35.0318   1469.145 0.0000e+00
   1925.698      46218   1488.000     4.8030     4.8050   3.395753   3.395988   48.99998  -16.50032     5.6651     5.6651    35.0306    35.0312   1470.129 0.0000e+00
   1926.657      46241   1489.000     4.7989     4.8005   3.395381   3.395591   48.99998  -16.50032     5.6690     5.6690    35.0301    35.0308   1471.114 0.0000e+00
   1927.617      46264   1490.000     4.7962     4.7974   3.395144   3.395321   48.99998  -16.50032     5.6724     5.6724    35.0297    35.0304   1472.098 0.0000e+00
   1928.561      46286   1491.000     4.7933     4.7945   3.394898   3.395054   48.99998  -16.50032     5.6749     5.6749    35.0293    35.0300   1473.083 0.0000e+00
   1929.484      46309   1492.000     4.7882     4.7893   3.394425   3.394552   48.99998  -16.50032     5.6773     5.6773    35.0287    35.0290   1474.067 0.0000e+00
   1930.407      46331   1493.000     4.7798     4.7807   3.393626   3.393711   48.99998  -16.50032     5.6800     5.6800    35.0278    35.0278   1475.052 0.0000e+00
   1931.357      46354   1494.000     4.7691     4.7695   3.392598   3.392608   48.99998  -16.50032     5.6837     5.6837    35.0266    35.0263   1476.036 0.0000e+00
   1932.345      46377   1495.000     4.7570     4.7571   3.391423   3.391420   48.99998  -16.50032     5.6872     5.6872    35.0252    35.0250   1477.021 0.0000e+00
   1933.369      46402   1496.000     4.7477     4.7480   3.390519   3.390565   48.99998  -16.50032     5.6897     5.6897    35.0239    35.0242   1478.005 0.0000e+00
   1934.404      46427   1497.000     4.7419     4.7422   3.389967   3.390026   48.99998  -16.50032     5.6935     5.6935    35.0231    35.0235   1478.990 0.0000e+00
   1935.403      46451   1498.000     4.7374     4.7374   3.389537   3.389574   48.99998  -16.50032     5.6958     5.6958    35.0224    35.0228   1479.974 0.0000e+00
   1936.345      46473   1499.000     4.7331     4.7334   3.389132   3.389202   48.99998  -16.50032     5.6959     5.6959    35.0218    35.0223   1480.959 0.0000e+00
   1937.249      46495   1500.000     4.7300     4.7308   3.388857   3.388981   48.99998  -16.50032     5.6982     5.6982    35.0212    35.0219   1481.943 0.0000e+00
   1938.148      46517   1501.000     4.7281     4.7290   3.388693   3.388838   48.99998  -16.50032     5.7004     5.7004    35.0209    35.0217   1482.928 0.0000e+00
   1939.067      46539   1502.000     4.7267     4.7277   3.388593   3.388748   48.99998  -16.50032     5.6989     5.6989    35.0207    35.0215   1483.912 0.0000e+00
   1940.004      46561   1503.000     4.7257     4.7267   3.388529   3.388687   48.99998  -16.50032     5.6955     5.6955    35.0205    35.0213   1484.897 0.0000e+00
   1940.937      46583   1504.000     4.7251     4.7260   3.388499   3.388662   48.99998  -16.50032     5.6925     5.6925    35.0203    35.0212   1485.881 0.0000e+00
   1941.864      46606   1505.000     4.7247     4.7257   3.388500   3.388669   48.99998  -16.50032     5.6906     5.6906    35.0202    35.0212   1486.865 0.0000e+00
   1942.815      46629   1506.000     4.7243     4.7254   3.388496   3.388674   48.99998  -16.50032     5.6896     5.6896    35.0202    35.0211   1487.850 0.0000e+00
   1943.829      46653   1507.000     4.7237     4.7250   3.388469   3.388675   48.99998  -16.50032     5.6901     5.6901    35.0200    35.0210   1488.834 0.0000e+00
   1944.878      46678   1508.000     4.7230     4.7245   3.388429   3.388657   48.99998  -16.50032     5.6934     5.6934    35.0198    35.0209   1489.819 0.0000e+00
   1945.855      46702   1509.000     4.7220     4.7233   3.388378   3.388571   48.99998  -16.50032     5.6975     5.6975    35.0197    35.0207   1490.803 0.0000e+00
   1946.730      46723   1510.000     4.7200     4.7212   3.388229   3.388405   48.99998  -16.50032     5.6999     5.6999    35.0196    35.0204   1491.788 0.0000e+00
   1947.555      46742   1511.000     4.7172     4.7184   3.387996   3.388162   48.99998  -16.50032     5.7007     5.7007    35.0194    35.0201   1492.772 0.0000e+00
   1948.398      46763   1512.000     4.7137     4.7147   3.387701   3.387829   48.99998  -16.50032     5.7001     5.7001    35.0191    35.0196   1493.756 0.0000e+00
   1949.349      46785   1513.000     4.7095     4.7100   3.387329   3.387409   48.99998  -16.50032     5.7019     5.7019    35.0188    35.0191   1494.741 0.0000e+00
   1950.467      46812   1514.000     4.7052     4.7054   3.386944   3.386998   48.99998  -16.50032     5.7054     5.7054    35.0183    35.0188   1495.725 0.0000e+00
   1951.600      46839   1515.000     4.7015     4.7021   3.386615   3.386730   48.99998  -16.50032     5.7066     5.7066    35.0179    35.0186   1496.709 0.0000e+00
   1952.582      46863   1516.000     4.6983     4.6993   3.386347   3.386504   48.99998  -16.50032     5.7096     5.7096    35.0176    35.0184   1497.694 0.0000e+00
   1953.442      46884   1517.000     4.6960     4.6972   3.386163   3.386353   48.99998  -16.50032     5.7128     5.7128    35.0175    35.0184   1498.678 0.0000e+00
   1954.259      46903   1518.000     4.6952     4.6964   3.386136   3.386329   48.99998  -16.50032     5.7133     5.7133    35.0175    35.0185   1499.663 0.0000e+00
   1955.120      46924   1519.000     4.6945     4.6955   3.386118   3.386288   48.99998  -16.50032     5.7117     5.7117    35.0175    35.0184   1500.647 0.0000e+00
   1956.116      46948   1520.000     4.6928     4.6935   3.386004   3.386137   48.99998  -16.50032     5.7115     5.7115    35.0174    35.0183   1501.631 0.0000e+00
   1957.246      46975   1521.000     4.6898     4.6901   3.385750   3.385842   48.99998  -16.50032     5.7146     5.7146    35.0172    35.0179   1502.616 0.0000e+00
   1958.315      47001   1522.000     4.6844     4.6850   3.385275   3.385370   48.99998  -16.50032     5.7201     5.7201    35.0168    35.0173   1503.600 0.0000e+00
   1959.254      47023   1523.000     4.6764     4.6770   3.384543   3.384605   48.99998  -16.50032     5.7253     5.7253    35.0162    35.0164   1504.584 0.0000e+00
   1960.123      47044   1524.000     4.6674     4.6678   3.383696   3.383737   48.99998  -16.50032     5.7266     5.7266    35.0153    35.0154   1505.569 0.0000e+00
   1960.986      47065   1525.000     4.6592     4.6598   3.382912   3.382986   48.99998  -16.50032     5.7252     5.7252    35.0144    35.0146   1506.553 0.0000e+00
   1961.899      47087   1526.000     4.6536     4.6544   3.382384   3.382501   48.99998  -16.50032     5.7230     5.7230    35.0136    35.0141   1507.537 0.0000e+00
   1962.885      47110   1527.000     4.6502     4.6508   3.382076   3.382175   48.99998  -16.50032     5.7241     5.7241    35.0131    35.0137   1508.522 0.0000e+00
   1963.896      47135   1528.000     4.6467     4.6469   3.381752   3.381811   48.99998  -16.50032     5.7295     5.7295    35.0126    35.0131   1509.506 0.0000e+00
   1964.849      47157   1529.000     4.6418     4.6420   3.381308   3.381372   48.99998  -16.50032     5.7327     5.7327    35.0120    35.0125   1510.490 0.0000e+00
   1965.732      47179   1530.000     4.6369     4.6373   3.380861   3.380942   48.99998  -16.50032     5.7341     5.7341    35.0115    35.0120   1511.475 0.0000e+00
   1966.592      47199   1531.000     4.6328     4.6333   3.380490   3.380595   48.99998  -16.50032     5.7355     5.7355    35.0111    35.0117   1512.459 0.0000e+00
   1967.501      47221   1532.000     4.6301     4.6307   3.380264   3.380382   48.99998  -16.50032     5.7364     5.7364    35.0107    35.0115   1513.443 0.0000e+00
   1968.552      47246   1533.000     4.6280     4.6282   3.380096   3.380171   48.99998  -16.50032     5.7341     5.7341    35.0105    35.0111   1514.428 0.0000e+00
   1969.761      47275   1534.000     4.6251     4.6254   3.379840   3.379913   48.99998  -16.50032     5.7343     5.7343    35.0101    35.0107   1515.412 0.0000e+00
   1970.921      47303   1535.000     4.6218     4.6224   3.379536   3.379647   48.99998  -16.50032     5.7366     5.7366    35.0096    35.0102   1516.396 0.0000e+00
   1971.896      47327   1536.000     4.6190     4.6204   3.379288   3.379490   48.99998  -16.50032     5.7377     5.7377    35.0091    35.0100   1517.381 0.0000e+00
   1972.750      47347   1537.000     4.6161     4.6185   3.379032   3.379327   48.99998  -16.50032     5.7386     5.7386    35.0087    35.0096   1518.365 0.0000e+00
   1973.546      47366   1538.000     4.6134     4.6159   3.378789   3.379107   48.99998  -16.50032     5.7397     5.7397    35.0082    35.0092   1519.349 0.0000e+00
   1974.345      47385   1539.000     4.6119     4.6141   3.378673   3.378970   48.99998  -16.50032     5.7406     5.7406    35.0080    35.0091   1520.334 0.0000e+00
   1975.202      47406   1540.000     4.6120     4.6137   3.378729   3.378971   48.99998  -16.50032     5.7416     5.7416    35.0080    35.0091   1521.318 0.0000e+00
   1976.170      47429   1541.000     4.6119     4.6135   3.378749   3.378988   48.99998  -16.50032     5.7438     5.7438    35.0079    35.0090   1522.302 0.0000e+00
   1977.226      47454   1542.000     4.6106     4.6121   3.378670   3.378883   48.99998  -16.50032     5.7462     5.7462    35.0078    35.0087   1523.286 0.0000e+00
