Data_example/SBE_Data_Processed/DY103/SeaBird/Data/Batch/DY103_CTD09cf.cnv
* Sea-Bird SBE 9 Data File:
* FileName = C:\Users\sandm\Documents\Cruises\DY103\Data\CTD Raw Data\DY103_CTD09.hex
* Software Version Seasave V 7.26.7.121
* Temperature SN = 03P-4814
* Conductivity SN = 04C-2165
* Number of Bytes Per Scan = 41
* Number of Voltage Words = 4
* Number of Scans Averaged by the Deck Unit = 1
* NMEA Latitude = 48 57.69 N
* NMEA Longitude = 016 22.45 W
* NMEA UTC (Time) = Jul 03 2019  15:13:00
** Ship: RRS Discovery
** Cruise: DY103
** Cast: 09
** Station:
** Julian Day: 184
** Date: 03/07/19
** Time: 15:20
** Latitude: 48 57.69'N
** Longitude: 16 22.45'W
** Depth (uncorr m): 4811
** Principal Scientist: S Hartman
** Operator: J Wynar/T Powell
# nquan = 12
# nvalues = 12004                       
# units = specified
# name 0 = timeS: Time, Elapsed [seconds]
# name 1 = scan: Scan Count
# name 2 = prDM: Pressure, Digiquartz [db]
# name 3 = t090C: Temperature [ITS-90, deg C]
# name 4 = t190C: Temperature, 2 [ITS-90, deg C]
# name 5 = c0S/m: Conductivity [S/m]
# name 6 = c1S/m: Conductivity, 2 [S/m]
# name 7 = latitude: Latitude [deg]
# name 8 = longitude: Longitude [deg]
# name 9 = sbeox0ML/L: Oxygen, SBE 43 [ml/l]
# name 10 = sbeox0ML/L: Oxygen, SBE 43 [ml/l]
# name 11 = flag:  0.000e+00
# span 0 =     12.500,    512.625       
# span 1 =        301,      12304       
# span 2 =      0.618,    102.617       
# span 3 =    12.0859,    17.1790       
# span 4 =    12.0854,    19.1483       
# span 5 =   0.004298,   4.483840       
# span 6 =   0.000657,   4.487550       
# span 7 =   48.96148,   48.96148       
# span 8 =  -16.37420,  -16.37419       
# span 9 =     3.8839,     7.1089       
# span 10 =     3.8839,     7.1089      
# span 11 = 0.0000e+00, 0.0000e+00      
# interval = seconds: 0.0416667
# start_time = Jul 03 2019 15:13:01 [System UTC, first data scan.]
# bad_flag = -9.990e-29
*END*
[from data line 4091]
    182.958       4392      6.020    16.1275    16.0976   4.454564   4.479693   48.96148  -16.37419     4.2388     4.2388 0.0000e+00
    183.000       4393      6.038    16.1271    16.0949   4.454486   4.479794   48.96148  -16.37419     4.2380     4.2380 0.0000e+00
    183.042       4394      6.056    16.1268    16.0922   4.454407   4.479881   48.96148  -16.37419     4.2372     4.2372 0.0000e+00
    183.083       4395      6.074    16.1264    16.0895   4.454329   4.479953   48.96148  -16.37419     4.2364     4.2364 0.0000e+00
    183.125       4396      6.092    16.1262    16.0869   4.454252   4.480012   48.96148  -16.37419     4.2355     4.2355 0.0000e+00
    183.167       4397      6.110    16.1259    16.0843   4.454175   4.480056   48.96148  -16.37419     4.2347     4.2347 0.0000e+00
    183.208       4398      6.129    16.1257    16.0818   4.454099   4.480087   48.96148  -16.37419     4.2339     4.2339 0.0000e+00
    183.250       4399      6.147    16.1256    16.0793   4.454023   4.480104   48.96148  -16.37419     4.2331     4.2331 0.0000e+00
    183.292       4400      6.165    16.1255    16.0769   4.453949   4.480109   48.96148  -16.37419     4.2323     4.2323 0.0000e+00
    183.333       4401      6.184    16.1254    16.0745   4.453875   4.480101   48.96148  -16.37419     4.2315     4.2315 0.0000e+00
    183.375       4402      6.203    16.1254    16.0722   4.453802   4.480080   48.96148  -16.37419     4.2307     4.2307 0.0000e+00
    183.417       4403      6.221    16.1254    16.0700   4.453729   4.480046   48.96148  -16.37419     4.2299     4.2299 0.0000e+00
    183.458       4404      6.240    16.1255    16.0678   4.453657   4.479998   48.96148  -16.37419     4.2291     4.2291 0.0000e+00
    183.500       4405      6.259    16.1256    16.0656   4.453586   4.479937   48.96148  -16.37419     4.2283     4.2283 0.0000e+00
    183.542       4406      6.278    16.1257    16.0635   4.453515   4.479862   48.96148  -16.37419     4.2275     4.2275 0.0000e+00
    183.583       4407      6.297    16.1258    16.0614   4.453445   4.479775   48.96148  -16.37419     4.2268     4.2268 0.0000e+00
    183.625       4408      6.317    16.1259    16.0593   4.453375   4.479675   48.96148  -16.37419     4.2260     4.2260 0.0000e+00
    183.667       4409      6.336    16.1260    16.0573   4.453304   4.479564   48.96148  -16.37419     4.2253     4.2253 0.0000e+00
    183.708       4410      6.355    16.1262    16.0553   4.453234   4.479442   48.96148  -16.37419     4.2245     4.2245 0.0000e+00
    183.750       4411      6.375    16.1264    16.0534   4.453164   4.479311   48.96148  -16.37419     4.2238     4.2238 0.0000e+00
    183.792       4412      6.395    16.1267    16.0514   4.453094   4.479170   48.96148  -16.37419     4.2231     4.2231 0.0000e+00
    183.833       4413      6.415    16.1270    16.0495   4.453024   4.479021   48.96148  -16.37419     4.2224     4.2224 0.0000e+00
    183.875       4414      6.434    16.1274    16.0476   4.452953   4.478864   48.96148  -16.37419     4.2216     4.2216 0.0000e+00
    183.917       4415      6.455    16.1278    16.0457   4.452883   4.478698   48.96148  -16.37419     4.2209     4.2209 0.0000e+00
    183.958       4416      6.475    16.1283    16.0438   4.452813   4.478525   48.96148  -16.37419     4.2202     4.2202 0.0000e+00
    184.000       4417      6.495    16.1289    16.0419   4.452743   4.478345   48.96148  -16.37419     4.2194     4.2194 0.0000e+00
    184.042       4418      6.515    16.1295    16.0401   4.452673   4.478159   48.96148  -16.37419     4.2187     4.2187 0.0000e+00
    184.083       4419      6.536    16.1302    16.0383   4.452603   4.477968   48.96148  -16.37419     4.2179     4.2179 0.0000e+00
    184.125       4420      6.556    16.1309    16.0365   4.452534   4.477772   48.96148  -16.37419     4.2171     4.2171 0.0000e+00
    184.167       4421      6.576    16.1317    16.0347   4.452466   4.477572   48.96148  -16.37419     4.2163     4.2163 0.0000e+00
    184.208       4422      6.597    16.1326    16.0329   4.452397   4.477368   48.96148  -16.37419     4.2154     4.2154 0.0000e+00
    184.250       4423      6.617    16.1336    16.0312   4.452330   4.477162   48.96148  -16.37419     4.2146     4.2146 0.0000e+00
    184.292       4424      6.638    16.1346    16.0295   4.452263   4.476953   48.96148  -16.37419     4.2137     4.2137 0.0000e+00
    184.333       4425      6.659    16.1357    16.0278   4.452196   4.476742   48.96148  -16.37419     4.2127     4.2127 0.0000e+00
    184.375       4426      6.679    16.1370    16.0261   4.452131   4.476530   48.96148  -16.37419     4.2117     4.2117 0.0000e+00
    184.417       4427      6.700    16.1383    16.0246   4.452066   4.476316   48.96148  -16.37419     4.2107     4.2107 0.0000e+00
    184.458       4428      6.720    16.1397    16.0230   4.452001   4.476103   48.96148  -16.37419     4.2097     4.2097 0.0000e+00
    184.500       4429      6.741    16.1411    16.0215   4.451937   4.475889   48.96148  -16.37419     4.2086     4.2086 0.0000e+00
    184.542       4430      6.762    16.1427    16.0201   4.451873   4.475677   48.96148  -16.37419     4.2074     4.2074 0.0000e+00
    184.583       4431      6.782    16.1443    16.0188   4.451809   4.475466   48.96148  -16.37419     4.2063     4.2063 0.0000e+00
    184.625       4432      6.803    16.1459    16.0175   4.451746   4.475256   48.96148  -16.37419     4.2050     4.2050 0.0000e+00
    184.667       4433      6.824    16.1475    16.0163   4.451684   4.475048   48.96148  -16.37419     4.2038     4.2038 0.0000e+00
    184.708       4434      6.844    16.1492    16.0151   4.451621   4.474842   48.96148  -16.37419     4.2025     4.2025 0.0000e+00
    184.750       4435      6.864    16.1508    16.0141   4.451560   4.474639   48.96148  -16.37419     4.2011     4.2011 0.0000e+00
    184.792       4436      6.885    16.1525    16.0131   4.451498   4.474439   48.96148  -16.37419     4.1997     4.1997 0.0000e+00
    184.833       4437      6.905    16.1542    16.0122   4.451438   4.474244   48.96148  -16.37419     4.1983     4.1983 0.0000e+00
    184.875       4438      6.925    16.1558    16.0114   4.451378   4.474053   48.96148  -16.37419     4.1969     4.1969 0.0000e+00
    184.917       4439      6.945    16.1575    16.0107   4.451319   4.473866   48.96148  -16.37419     4.1954     4.1954 0.0000e+00
    184.958       4440      6.965    16.1591    16.0100   4.451261   4.473685   48.96148  -16.37419     4.1939     4.1939 0.0000e+00
    185.000       4441      6.985    16.1607    16.0093   4.451204   4.473509   48.96148  -16.37419     4.1924     4.1924 0.0000e+00
    185.042       4442      7.005    16.1622    16.0087   4.451147   4.473339   48.96148  -16.37419     4.1908     4.1908 0.0000e+00
    185.083       4443      7.024    16.1638    16.0082   4.451091   4.473175   48.96148  -16.37419     4.1892     4.1892 0.0000e+00
    185.125       4444      7.044    16.1653    16.0077   4.451035   4.473018   48.96148  -16.37419     4.1877     4.1877 0.0000e+00
    185.167       4445      7.063    16.1668    16.0073   4.450980   4.472868   48.96148  -16.37419     4.1861     4.1861 0.0000e+00
    185.208       4446      7.082    16.1683    16.0069   4.450925   4.472724   48.96148  -16.37419     4.1845     4.1845 0.0000e+00
    185.250       4447      7.101    16.1697    16.0066   4.450870   4.472587   48.96148  -16.37419     4.1829     4.1829 0.0000e+00
    185.292       4448      7.120    16.1711    16.0062   4.450815   4.472456   48.96148  -16.37419     4.1813     4.1813 0.0000e+00
    185.333       4449      7.139    16.1725    16.0059   4.450760   4.472332   48.96148  -16.37419     4.1797     4.1797 0.0000e+00
    185.375       4450      7.157    16.1738    16.0057   4.450705   4.472215   48.96148  -16.37419     4.1782     4.1782 0.0000e+00
    185.417       4451      7.175    16.1751    16.0054   4.450650   4.472104   48.96148  -16.37419     4.1767     4.1767 0.0000e+00
    185.458       4452      7.193    16.1763    16.0051   4.450595   4.472001   48.96148  -16.37419     4.1752     4.1752 0.0000e+00
    185.500       4453      7.211    16.1775    16.0049   4.450540   4.471905   48.96148  -16.37419     4.1738     4.1738 0.0000e+00
    185.542       4454      7.229    16.1786    16.0046   4.450486   4.471816   48.96148  -16.37419     4.1724     4.1724 0.0000e+00
    185.583       4455      7.247    16.1796    16.0044   4.450432   4.471734   48.96148  -16.37419     4.1710     4.1710 0.0000e+00
    185.625       4456      7.264    16.1806    16.0041   4.450378   4.471659   48.96148  -16.37419     4.1698     4.1698 0.0000e+00
    185.667       4457      7.281    16.1815    16.0039   4.450326   4.471591   48.96148  -16.37419     4.1685     4.1685 0.0000e+00
    185.708       4458      7.298    16.1824    16.0036   4.450274   4.471530   48.96148  -16.37419     4.1674     4.1674 0.0000e+00
    185.750       4459      7.314    16.1831    16.0033   4.450222   4.471474   48.96148  -16.37419     4.1664     4.1664 0.0000e+00
    185.792       4460      7.331    16.1838    16.0031   4.450172   4.471425   48.96148  -16.37419     4.1654     4.1654 0.0000e+00
    185.833       4461      7.347    16.1844    16.0028   4.450122   4.471382   48.96148  -16.37419     4.1645     4.1645 0.0000e+00
    185.875       4462      7.363    16.1849    16.0025   4.450074   4.471346   48.96148  -16.37419     4.1637     4.1637 0.0000e+00
    185.917       4463      7.379    16.1854    16.0022   4.450026   4.471314   48.96148  -16.37419     4.1631     4.1631 0.0000e+00
    185.958       4464      7.395    16.1857    16.0019   4.449979   4.471289   48.96148  -16.37419     4.1625     4.1625 0.0000e+00
    186.000       4465      7.410    16.1860    16.0015   4.449933   4.471268   48.96148  -16.37419     4.1620     4.1620 0.0000e+00
    186.042       4466      7.426    16.1863    16.0012   4.449888   4.471252   48.96148  -16.37419     4.1616     4.1616 0.0000e+00
    186.083       4467      7.441    16.1864    16.0009   4.449844   4.471240   48.96148  -16.37419     4.1614     4.1614 0.0000e+00
    186.125       4468      7.455    16.1865    16.0006   4.449801   4.471232   48.96148  -16.37419     4.1612     4.1612 0.0000e+00
    186.167       4469      7.470    16.1865    16.0003   4.449759   4.471227   48.96148  -16.37419     4.1612     4.1612 0.0000e+00
    186.208       4470      7.485    16.1865    15.9999   4.449717   4.471224   48.96148  -16.37419     4.1613     4.1613 0.0000e+00
    186.250       4471      7.499    16.1864    15.9996   4.449676   4.471224   48.96148  -16.37419     4.1614     4.1614 0.0000e+00
    186.292       4472      7.513    16.1862    15.9992   4.449637   4.471226   48.96148  -16.37419     4.1617     4.1617 0.0000e+00
    186.333       4473      7.527    16.1860    15.9989   4.449598   4.471230   48.96148  -16.37419     4.1621     4.1621 0.0000e+00
    186.375       4474      7.541    16.1857    15.9985   4.449561   4.471235   48.96148  -16.37419     4.1627     4.1627 0.0000e+00
    186.417       4475      7.555    16.1854    15.9982   4.449525   4.471241   48.96148  -16.37419     4.1633     4.1633 0.0000e+00
    186.458       4476      7.568    16.1850    15.9978   4.449490   4.471248   48.96148  -16.37419     4.1640     4.1640 0.0000e+00
    186.500       4477      7.582    16.1846    15.9974   4.449456   4.471256   48.96148  -16.37419     4.1648     4.1648 0.0000e+00
    186.542       4478      7.595    16.1842    15.9970   4.449424   4.471264   48.96148  -16.37419     4.1657     4.1657 0.0000e+00
    186.583       4479      7.608    16.1837    15.9967   4.449392   4.471273   48.96148  -16.37419     4.1667     4.1667 0.0000e+00
    186.625       4480      7.621    16.1832    15.9963   4.449361   4.471281   48.96148  -16.37419     4.1678     4.1678 0.0000e+00
    186.667       4481      7.634    16.1827    15.9959   4.449331   4.471289   48.96148  -16.37419     4.1690     4.1690 0.0000e+00
    186.708       4482      7.647    16.1822    15.9954   4.449303   4.471297   48.96148  -16.37419     4.1702     4.1702 0.0000e+00
    186.750       4483      7.660    16.1816    15.9950   4.449276   4.471304   48.96148  -16.37419     4.1716     4.1716 0.0000e+00
    186.792       4484      7.672    16.1810    15.9946   4.449250   4.471311   48.96148  -16.37419     4.1730     4.1730 0.0000e+00
    186.833       4485      7.685    16.1804    15.9942   4.449225   4.471318   48.96148  -16.37419     4.1745     4.1745 0.0000e+00
    186.875       4486      7.697    16.1798    15.9938   4.449202   4.471324   48.96148  -16.37419     4.1761     4.1761 0.0000e+00
    186.917       4487      7.710    16.1792    15.9933   4.449181   4.471330   48.96148  -16.37419     4.1777     4.1777 0.0000e+00
    186.958       4488      7.722    16.1786    15.9929   4.449160   4.471335   48.96148  -16.37419     4.1794     4.1794 0.0000e+00
    187.000       4489      7.735    16.1780    15.9925   4.449141   4.471340   48.96148  -16.37419     4.1812     4.1812 0.0000e+00
    187.042       4490      7.747    16.1773    15.9921   4.449123   4.471345   48.96148  -16.37419     4.1830     4.1830 0.0000e+00
    187.083       4491      7.759    16.1766    15.9918   4.449106   4.471349   48.96148  -16.37419     4.1849     4.1849 0.0000e+00
    187.125       4492      7.771    16.1760    15.9914   4.449090   4.471352   48.96148  -16.37419     4.1869     4.1869 0.0000e+00
    187.167       4493      7.784    16.1753    15.9911   4.449074   4.471354   48.96148  -16.37419     4.1889     4.1889 0.0000e+00
    187.208       4494      7.796    16.1746    15.9907   4.449059   4.471355   48.96148  -16.37419     4.1909     4.1909 0.0000e+00
    187.250       4495      7.808    16.1739    15.9904   4.449045   4.471354   48.96148  -16.37419     4.1930     4.1930 0.0000e+00
    187.292       4496      7.820    16.1731    15.9901   4.449032   4.471352   48.96148  -16.37419     4.1951     4.1951 0.0000e+00
    187.333       4497      7.833    16.1724    15.9898   4.449019   4.471347   48.96148  -16.37419     4.1973     4.1973 0.0000e+00
    187.375       4498      7.845    16.1716    15.9896   4.449007   4.471340   48.96148  -16.37419     4.1995     4.1995 0.0000e+00
    187.417       4499      7.857    16.1708    15.9893   4.448995   4.471329   48.96148  -16.37419     4.2017     4.2017 0.0000e+00
    187.458       4500      7.870    16.1700    15.9891   4.448984   4.471315   48.96148  -16.37419     4.2039     4.2039 0.0000e+00
    187.500       4501      7.882    16.1691    15.9888   4.448973   4.471298   48.96148  -16.37419     4.2062     4.2062 0.0000e+00
    187.542       4502      7.895    16.1682    15.9886   4.448964   4.471276   48.96148  -16.37419     4.2085     4.2085 0.0000e+00
    187.583       4503      7.907    16.1673    15.9884   4.448955   4.471251   48.96148  -16.37419     4.2107     4.2107 0.0000e+00
    187.625       4504      7.920    16.1664    15.9882   4.448947   4.471221   48.96148  -16.37419     4.2130     4.2130 0.0000e+00
    187.667       4505      7.933    16.1655    15.9881   4.448940   4.471187   48.96148  -16.37419     4.2153     4.2153 0.0000e+00
    187.708       4506      7.946    16.1645    15.9880   4.448933   4.471149   48.96148  -16.37419     4.2175     4.2175 0.0000e+00
    187.750       4507      7.959    16.1634    15.9878   4.448928   4.471107   48.96148  -16.37419     4.2197     4.2197 0.0000e+00
    187.792       4508      7.972    16.1624    15.9878   4.448923   4.471061   48.96148  -16.37419     4.2219     4.2219 0.0000e+00
    187.833       4509      7.985    16.1613    15.9877   4.448919   4.471012   48.96148  -16.37419     4.2241     4.2241 0.0000e+00
    187.875       4510      7.998    16.1602    15.9877   4.448916   4.470958   48.96148  -16.37419     4.2262     4.2262 0.0000e+00
