Data_example/SBE_Data_Processed/DY103/SeaBird/Data/Batch/DY103_CTD04cfaldb.cnv
* Sea-Bird SBE 9 Data File:
* FileName = C:\Users\sandm\Documents\Cruises\DY103\Data\CTD Raw Data\DY103_CTD04.hex
* Software Version Seasave V 7.26.7.121
* Temperature SN = 03P-4814
* Conductivity SN = 04C-2165
* Number of Bytes Per Scan = 41
* Number of Voltage Words = 4
* Number of Scans Averaged by the Deck Unit = 1
* NMEA Latitude = 48 56.57 N
* NMEA Longitude = 016 29.17 W
* NMEA UTC (Time) = Jun 29 2019  16:14:22
** Ship: RRS Discovery
** Cruise: DY103
** Cast: 04
** Station:
** Julian Day: 180
** Date: 29/06/19
** Time: 16:15
** Latitude: 48 56.57'N
** Longitude: 16 29.18'W
** Depth (uncorr m): 4809
** Principal Scientist: S Hartman
** Operator: J Wynar/T Powell
# nquan = 15
# nvalues = 105                         
# units = specified
# name 0 = timeS: Time, Elapsed [seconds]
# name 1 = scan: Scan Count
# name 2 = prDM: Pressure, Digiquartz [db]
# name 3 = t090C: Temperature [ITS-90, deg C]
# name 4 = t190C: Temperature, 2 [ITS-90, deg C]
# name 5 = c0S/m: Conductivity [S/m]
# name 6 = c1S/m: Conductivity, 2 [S/m]
# name 7 = latitude: Latitude [deg]
# name 8 = longitude: Longitude [deg]
# name 9 = sbeox0ML/L: Oxygen, SBE 43 [ml/l]
# name 10 = sbeox0ML/L: Oxygen, SBE 43 [ml/l]
# name 11 = sal00: Salinity, Practical [PSU]
# name 12 = sal11: Salinity, Practical, 2 [PSU]
# name 13 = depSM: Depth [salt water, m], lat = 48.9428
# name 14 = flag: flag
# span 0 =    160.897,    820.188       
# span 1 =       3863,      19686       
# span 2 =      1.000,    105.000       
# span 3 =    11.6077,    15.8731       
# span 4 =    11.6093,    15.9632       
# span 5 =   3.399161,   4.457185       
# span 6 =   3.364297,   4.473646       
# span 7 =   48.94282,   48.94284       
# span 8 =  -16.48622,  -16.48621       
# span 9 =     3.7331,     6.0885       
# span 10 =     3.7331,     6.0885      
# span 11 =    26.4579,    35.9624      
# span 12 =    26.1052,    36.1546      
# span 13 =      0.992,    104.083      
# span 14 = 0.0000e+00, 0.0000e+00      
# interval = decibars: 1                
# start_time = Jun 29 2019 16:14:23 [System UTC, first data scan.]
# bad_flag = -9.990e-29
*END*
    160.897       3863      1.000    15.8731    15.9632   3.399161   3.364297   48.94284  -16.48621     5.0925     5.0925    26.4579    26.1052      0.992 0.0000e+00
    164.573       3951      2.000    15.6654    15.7093   4.320417   4.327730   48.94284  -16.48622     4.5752     4.5752    34.6871    34.7167      1.983 0.0000e+00
    166.807       4004      3.000    15.6195    15.6764   4.418100   4.432581   48.94284  -16.48622     4.3419     4.3419    35.5872    35.6662      2.975 0.0000e+00
    169.926       4079      4.000    15.6074    15.6482   4.429198   4.440014   48.94284  -16.48622     4.1625     4.1625    35.6978    35.7585      3.966 0.0000e+00
    172.301       4136      5.000    15.6017    15.6164   4.434522   4.444530   48.94284  -16.48622     4.2132     4.2132    35.7506    35.8277      4.958 0.0000e+00
    174.581       4191      6.000    15.6757    15.5929   4.441120   4.454929   48.94284  -16.48622     4.1290     4.1290    35.7427    35.9427      5.949 0.0000e+00
    177.490       4261      7.000    15.6280    15.5710   4.447659   4.464841   48.94284  -16.48622     3.8899     3.8899    35.8446    36.0520      6.941 0.0000e+00
    180.181       4325      8.000    15.6070    15.5745   4.452412   4.467420   48.94284  -16.48622     3.7555     3.7555    35.9063    36.0717      7.932 0.0000e+00
    182.562       4382      9.000    15.6115    15.5571   4.455398   4.471225   48.94284  -16.48622     3.7502     3.7502    35.9287    36.1218      8.924 0.0000e+00
    184.967       4440     10.000    15.5919    15.5448   4.457185   4.473646   48.94284  -16.48622     3.7331     3.7331    35.9624    36.1546      9.915 0.0000e+00
    187.977       4512     11.000    15.6048    15.5416   4.456351   4.460043   48.94284  -16.48622     3.9365     3.9365    35.9426    36.0339     10.906 0.0000e+00
    190.267       4567     12.000    15.5637    15.5499   4.452660   4.441373   48.94284  -16.48622     4.3884     4.3884    35.9464    35.8569     11.898 0.0000e+00
    192.163       4613     13.000    15.6205    15.5285   4.450653   4.437987   48.94284  -16.48622     4.4733     4.4733    35.8761    35.8453     12.889 0.0000e+00
    245.965       5904     14.000    15.5305    15.5270   4.415322   4.426212   48.94283  -16.48622     4.8735     4.8735    35.6380    35.7396     13.881 0.0000e+00
    330.197       7926     15.000    15.4369    15.4382   4.384864   4.384738   48.94282  -16.48622     5.9853     5.9853    35.4468    35.4445     14.872 0.0000e+00
    330.914       7943     16.000    15.3766    15.3796   4.379244   4.379431   48.94282  -16.48622     5.9960     5.9960    35.4500    35.4490     15.864 0.0000e+00
    333.490       8005     17.000    15.3083    15.2991   4.372455   4.371487   48.94282  -16.48622     6.0518     6.0518    35.4498    35.4493     16.855 0.0000e+00
    336.079       8067     18.000    15.1900    15.1818   4.360731   4.359557   48.94282  -16.48622     6.0880     6.0880    35.4499    35.4466     17.847 0.0000e+00
    338.060       8114     19.000    15.0109    15.0056   4.343091   4.341992   48.94282  -16.48622     6.0713     6.0713    35.4512    35.4459     18.838 0.0000e+00
    340.283       8168     20.000    14.9474    14.8651   4.336750   4.328518   48.94282  -16.48622     6.0842     6.0842    35.4505    35.4500     19.829 0.0000e+00
    343.079       8235     21.000    14.9112    14.8186   4.333032   4.323912   48.94282  -16.48622     6.0885     6.0885    35.4490    35.4497     20.821 0.0000e+00
    345.295       8288     22.000    14.8126    14.8032   4.323476   4.322376   48.94282  -16.48622     6.0764     6.0764    35.4507    35.4492     21.812 0.0000e+00
    347.413       8339     23.000    14.7932    14.7923   4.321561   4.321352   48.94282  -16.48622     6.0658     6.0658    35.4505    35.4494     22.804 0.0000e+00
    349.305       8384     24.000    14.7858    14.7851   4.320838   4.320692   48.94282  -16.48622     6.0691     6.0691    35.4502    35.4495     23.795 0.0000e+00
    350.923       8423     25.000    14.7817    14.7758   4.320448   4.319835   48.94282  -16.48622     6.0587     6.0587    35.4499    35.4497     24.787 0.0000e+00
    353.140       8476     26.000    14.7831    14.7608   4.320584   4.318522   48.94282  -16.48622     6.0141     6.0141    35.4494    35.4509     25.778 0.0000e+00
    355.438       8532     27.000    14.7474    14.7465   4.317250   4.317018   48.94282  -16.48622     6.0153     6.0153    35.4510    35.4497     26.769 0.0000e+00
    356.953       8568     28.000    14.7066    14.6948   4.313397   4.312063   48.94282  -16.48622     6.0170     6.0170    35.4524    35.4509     27.761 0.0000e+00
    359.155       8621     29.000    14.6884    14.6407   4.311648   4.307093   48.94282  -16.48622     5.9551     5.9551    35.4525    35.4541     28.752 0.0000e+00
    361.525       8678     30.000    14.5688    14.5795   4.300457   4.300814   48.94282  -16.48622     5.9607     5.9607    35.4583    35.4517     29.744 0.0000e+00
    362.895       8710     31.000    14.3854    14.3823   4.283478   4.281954   48.94282  -16.48622     5.9488     5.9488    35.4690    35.4577     30.735 0.0000e+00
    364.441       8748     32.000    14.3050    14.1861   4.276235   4.264776   48.94282  -16.48622     5.8923     5.8923    35.4752    35.4781     31.726 0.0000e+00
    366.604       8799     33.000    14.1608    14.1058   4.262881   4.257073   48.94282  -16.48622     5.8547     5.8547    35.4833    35.4799     32.718 0.0000e+00
    368.575       8847     34.000    13.7203    13.7818   4.222208   4.225346   48.94282  -16.48622     5.8525     5.8525    35.5095    35.4820     33.709 0.0000e+00
    370.380       8890     35.000    13.4442    13.4505   4.195962   4.194886   48.94282  -16.48622     5.8402     5.8402    35.5183    35.5022     34.700 0.0000e+00
    372.520       8941     36.000    13.3225    13.2822   4.184394   4.179041   48.94283  -16.48621     5.8363     5.8363    35.5218    35.5086     35.692 0.0000e+00
    374.627       8992     37.000    13.2014    13.1864   4.171920   4.169563   48.94284  -16.48621     5.8553     5.8553    35.5160    35.5076     36.683 0.0000e+00
    376.354       9033     38.000    13.1422    13.1234   4.165749   4.163374   48.94284  -16.48621     5.8499     5.8499    35.5123    35.5072     37.674 0.0000e+00
    378.429       9083     39.000    13.1194    13.0615   4.163380   4.157237   48.94284  -16.48621     5.8148     5.8148    35.5106    35.5063     38.666 0.0000e+00
    380.772       9140     40.000    12.9241    12.9219   4.144383   4.142829   48.94284  -16.48621     5.7948     5.7948    35.5119    35.4990     39.657 0.0000e+00
    382.754       9187     41.000    12.6565    12.6611   4.118461   4.117737   48.94284  -16.48621     5.7902     5.7902    35.5144    35.5031     40.648 0.0000e+00
    384.409       9227     42.000    12.5552    12.5525   4.108594   4.107698   48.94284  -16.48621     5.7813     5.7813    35.5144    35.5083     41.640 0.0000e+00
    386.061       9266     43.000    12.4917    12.4721   4.102488   4.099856   48.94284  -16.48621     5.7599     5.7599    35.5150    35.5080     42.631 0.0000e+00
    388.019       9313     44.000    12.4258    12.3740   4.096266   4.090432   48.94284  -16.48621     5.7520     5.7520    35.5167    35.5092     43.622 0.0000e+00
    389.861       9358     45.000    12.3369    12.3220   4.087417   4.085445   48.94284  -16.48621     5.7487     5.7487    35.5146    35.5096     44.614 0.0000e+00
    391.340       9393     46.000    12.2939    12.2901   4.083148   4.082381   48.94284  -16.48621     5.7424     5.7424    35.5136    35.5098     45.605 0.0000e+00
    392.786       9428     47.000    12.2726    12.2696   4.081001   4.080414   48.94284  -16.48621     5.7457     5.7457    35.5125    35.5096     46.596 0.0000e+00
    394.405       9467     48.000    12.2582    12.2553   4.079553   4.079004   48.94284  -16.48621     5.7413     5.7413    35.5116    35.5090     47.588 0.0000e+00
    396.342       9513     49.000    12.2456    12.2419   4.078298   4.077655   48.94284  -16.48621     5.7223     5.7223    35.5109    35.5081     48.579 0.0000e+00
    398.160       9557     50.000    12.2258    12.2237   4.076319   4.075823   48.94284  -16.48621     5.7198     5.7198    35.5100    35.5072     49.570 0.0000e+00
    399.602       9591     51.000    12.1950    12.1910   4.073413   4.072670   48.94284  -16.48621     5.7148     5.7148    35.5105    35.5072     50.561 0.0000e+00
    401.124       9628     52.000    12.1724    12.1547   4.071314   4.069248   48.94284  -16.48621     5.6971     5.6971    35.5111    35.5078     51.553 0.0000e+00
    403.021       9673     53.000    12.1630    12.1264   4.070392   4.066553   48.94283  -16.48621     5.6733     5.6733    35.5106    35.5080     52.544 0.0000e+00
    404.621       9712     54.000    12.1182    12.1052   4.066105   4.064569   48.94284  -16.48621     5.6713     5.6713    35.5110    35.5084     53.535 0.0000e+00
    405.918       9743     55.000    12.0898    12.0858   4.063523   4.062926   48.94284  -16.48621     5.6766     5.6766    35.5124    35.5103     54.526 0.0000e+00
    407.430       9779     56.000    12.0821    12.0773   4.062804   4.062229   48.94284  -16.48621     5.6734     5.6734    35.5123    35.5112     55.518 0.0000e+00
    409.475       9828     57.000    12.0842    12.0740   4.062908   4.061938   48.94284  -16.48621     5.6600     5.6600    35.5108    35.5110     56.509 0.0000e+00
    411.320       9873     58.000    12.0740    12.0708   4.062037   4.061645   48.94284  -16.48621     5.6467     5.6467    35.5116    35.5108     57.500 0.0000e+00
    412.787       9908     59.000    12.0641    12.0631   4.061195   4.060987   48.94284  -16.48621     5.6437     5.6437    35.5124    35.5112     58.492 0.0000e+00
    414.195       9942     60.000    12.0551    12.0544   4.060473   4.060301   48.94284  -16.48622     5.6467     5.6467    35.5134    35.5124     59.483 0.0000e+00
    415.830       9981     61.000    12.0480    12.0455   4.059940   4.059638   48.94284  -16.48622     5.6426     5.6426    35.5145    35.5139     60.474 0.0000e+00
    417.776      10028     62.000    12.0369    12.0323   4.059060   4.058540   48.94284  -16.48622     5.6430     5.6430    35.5161    35.5154     61.465 0.0000e+00
    419.450      10068     63.000    12.0182    12.0161   4.057390   4.057044   48.94284  -16.48622     5.6454     5.6454    35.5171    35.5157     62.456 0.0000e+00
    420.905      10103     64.000    11.9973    11.9956   4.055438   4.055109   48.94283  -16.48622     5.6420     5.6420    35.5174    35.5159     63.448 0.0000e+00
    422.427      10139     65.000    11.9813    11.9803   4.053925   4.053719   48.94283  -16.48622     5.6459     5.6459    35.5175    35.5164     64.439 0.0000e+00
    424.146      10181     66.000    11.9735    11.9729   4.053264   4.053128   48.94282  -16.48622     5.6465     5.6465    35.5180    35.5172     65.430 0.0000e+00
    426.092      10227     67.000    11.9665    11.9649   4.052616   4.052359   48.94282  -16.48622     5.6493     5.6493    35.5179    35.5169     66.421 0.0000e+00
    427.954      10272     68.000    11.9570    11.9555   4.051616   4.051341   48.94282  -16.48622     5.6567     5.6567    35.5168    35.5155     67.412 0.0000e+00
    429.498      10309     69.000    11.9443    11.9434   4.050268   4.050027   48.94282  -16.48622     5.6590     5.6590    35.5152    35.5137     68.404 0.0000e+00
    430.969      10344     70.000    11.9295    11.9285   4.048728   4.048491   48.94282  -16.48622     5.6574     5.6574    35.5138    35.5124     69.395 0.0000e+00
    432.582      10383     71.000    11.9160    11.9148   4.047384   4.047182   48.94282  -16.48622     5.6541     5.6541    35.5131    35.5122     70.386 0.0000e+00
    434.476      10428     72.000    11.9075    11.9056   4.046658   4.046423   48.94282  -16.48622     5.6569     5.6569    35.5136    35.5130     71.377 0.0000e+00
    436.294      10472     73.000    11.8996    11.8990   4.046005   4.045879   48.94282  -16.48622     5.6572     5.6572    35.5143    35.5136     72.368 0.0000e+00
    437.784      10508     74.000    11.8899    11.8893   4.045139   4.044963   48.94282  -16.48622     5.6548     5.6548    35.5146    35.5135     73.360 0.0000e+00
    439.280      10544     75.000    11.8774    11.8766   4.043936   4.043753   48.94282  -16.48622     5.6568     5.6568    35.5143    35.5133     74.351 0.0000e+00
    441.046      10586     76.000    11.8707    11.8703   4.043265   4.043147   48.94282  -16.48622     5.6599     5.6599    35.5137    35.5129     75.342 0.0000e+00
    442.898      10631     77.000    11.8677    11.8677   4.042969   4.042901   48.94283  -16.48622     5.6583     5.6583    35.5131    35.5125     76.333 0.0000e+00
    444.430      10667     78.000    11.8641    11.8639   4.042625   4.042515   48.94284  -16.48621     5.6550     5.6550    35.5127    35.5119     77.324 0.0000e+00
    445.778      10700     79.000    11.8582    11.8577   4.042054   4.041916   48.94284  -16.48621     5.6540     5.6540    35.5123    35.5115     78.315 0.0000e+00
    447.346      10737     80.000    11.8538    11.8523   4.041671   4.041430   48.94284  -16.48621     5.6515     5.6515    35.5124    35.5114     79.306 0.0000e+00
    449.418      10787     81.000    11.8516    11.8475   4.041509   4.041012   48.94284  -16.48622     5.6567     5.6567    35.5124    35.5115     80.298 0.0000e+00
    451.330      10833     82.000    11.8426    11.8406   4.040625   4.040320   48.94284  -16.48621     5.6572     5.6572    35.5119    35.5108     81.289 0.0000e+00
    452.852      10869     83.000    11.8274    11.8261   4.039080   4.038811   48.94284  -16.48621     5.6500     5.6500    35.5108    35.5094     82.280 0.0000e+00
    454.279      10904     84.000    11.8161    11.8151   4.037910   4.037694   48.94284  -16.48621     5.6484     5.6484    35.5096    35.5085     83.271 0.0000e+00
    455.815      10941     85.000    11.8068    11.8053   4.036945   4.036702   48.94284  -16.48621     5.6503     5.6503    35.5087    35.5077     84.262 0.0000e+00
    457.527      10982     86.000    11.8006    11.8004   4.036414   4.036339   48.94284  -16.48621     5.6492     5.6492    35.5089    35.5083     85.253 0.0000e+00
    459.396      11027     87.000    11.8002    11.8005   4.036468   4.036461   48.94284  -16.48621     5.6520     5.6520    35.5094    35.5090     86.244 0.0000e+00
    461.109      11068     88.000    11.8011    11.8015   4.036644   4.036649   48.94284  -16.48621     5.6595     5.6595    35.5098    35.5094     87.235 0.0000e+00
    462.650      11105     89.000    11.8025    11.8030   4.036870   4.036908   48.94284  -16.48621     5.6588     5.6588    35.5103    35.5101     88.226 0.0000e+00
    464.404      11147     90.000    11.8043    11.8053   4.037170   4.037279   48.94284  -16.48621     5.6515     5.6515    35.5110    35.5111     89.218 0.0000e+00
    466.303      11192     91.000    11.8023    11.8030   4.037048   4.037077   48.94284  -16.48621     5.6564     5.6564    35.5112    35.5109     90.209 0.0000e+00
    467.863      11230     92.000    11.7895    11.7904   4.035663   4.035622   48.94284  -16.48621     5.6596     5.6596    35.5094    35.5082     91.200 0.0000e+00
    469.333      11265     93.000    11.7716    11.7715   4.033664   4.033512   48.94284  -16.48621     5.6551     5.6551    35.5064    35.5051     92.191 0.0000e+00
    471.101      11307     94.000    11.7584    11.7560   4.032203   4.031803   48.94284  -16.48621     5.6599     5.6599    35.5042    35.5026     93.182 0.0000e+00
    472.977      11352     95.000    11.7411    11.7379   4.030249   4.029731   48.94284  -16.48621     5.6671     5.6671    35.5011    35.4991     94.173 0.0000e+00
    474.487      11389     96.000    11.7149    11.7120   4.027330   4.026820   48.94284  -16.48621     5.6647     5.6647    35.4970    35.4948     95.164 0.0000e+00
