Data_example/SBE_Data_Processed/DY103/SeaBird/Data/Batch/DY103_CTD04c.cnv
* Sea-Bird SBE 9 Data File:
* FileName = C:\Users\sandm\Documents\Cruises\DY103\Data\CTD Raw Data\DY103_CTD04.hex
* Software Version Seasave V 7.26.7.121
* Temperature SN = 03P-4814
* Conductivity SN = 04C-2165
* Number of Bytes Per Scan = 41
* Number of Voltage Words = 4
* Number of Scans Averaged by the Deck Unit = 1
* NMEA Latitude = 48 56.57 N
* NMEA Longitude = 016 29.17 W
* NMEA UTC (Time) = Jun 29 2019  16:14:22
** Ship: RRS Discovery
** Cruise: DY103
** Cast: 04
** Station:
** Julian Day: 180
** Date: 29/06/19
** Time: 16:15
** Latitude: 48 56.57'N
** Longitude: 16 29.18'W
** Depth (uncorr m): 4809
** Principal Scientist: S Hartman
** Operator: J Wynar/T Powell
# nquan = 12
# nvalues = 28823                                 
# units = specified
# name 0 = timeS: Time, Elapsed [seconds]
# name 1 = scan: Scan Count
# name 2 = prDM: Pressure, Digiquartz [db]
# name 3 = t090C: Temperature [ITS-90, deg C]
# name 4 = t190C: Temperature, 2 [ITS-90, deg C]
# name 5 = c0S/m: Conductivity [S/m]
# name 6 = c1S/m: Conductivity, 2 [S/m]
# name 7 = latitude: Latitude [deg]
# name 8 = longitude: Longitude [deg]
# name 9 = sbeox0ML/L: Oxygen, SBE 43 [ml/l]
# name 10 = sbeox0ML/L: Oxygen, SBE 43 [ml/l]
# name 11 = flag:  0.000e+00
# span 0 =     12.500,   1213.417                 
# span 1 =        301,      29123                 
# span 2 =      0.297,    105.552                 
# span 3 =    11.6005,    17.2336                 
# span 4 =    11.6010,    17.3950                 
# span 5 =   0.026311,   4.459184                 
# span 6 =   0.014756,   4.476526                 
# span 7 =   48.94282,   48.94284                 
# span 8 =  -16.48624,  -16.48616                 
# span 9 =     3.6809,     6.4016                 
# span 10 =     3.6809,     6.4016                
# span 11 = 0.0000e+00, 0.0000e+00                
# interval = seconds: 0.0416667
# start_time = Jun 29 2019 16:14:23 [System UTC, first data scan.]
# bad_flag = -9.990e-29
*END*
[from data line 10948]
    468.667      11249     92.583    11.7760    11.7759   4.034187   4.034159   48.94284  -16.48622     5.6637     5.6637  0.000e+00
    468.708      11250     92.662    11.7758    11.7762   4.034200   4.034087   48.94284  -16.48622     5.6638     5.6638  0.000e+00
    468.750      11251     92.662    11.7755    11.7759   4.034143   4.034087   48.94284  -16.48622     5.6597     5.6597  0.000e+00
    468.792      11252     92.731    11.7755    11.7757   4.034130   4.033989   48.94284  -16.48622     5.6628     5.6628  0.000e+00
    468.833      11253     92.771    11.7750    11.7751   4.034053   4.033865   48.94284  -16.48622     5.6629     5.6629  0.000e+00
    468.875      11254     92.731    11.7741    11.7739   4.033944   4.033761   48.94284  -16.48616     5.6626     5.6626  0.000e+00
    468.917      11255     92.801    11.7734    11.7732   4.033861   4.033630   48.94284  -16.48616     5.6628     5.6628  0.000e+00
    468.958      11256     92.801    11.7729    11.7724   4.033797   4.033572   48.94284  -16.48616     5.6624     5.6624  0.000e+00
    469.000      11257     92.880    11.7722    11.7716   4.033727   4.033474   48.94284  -16.48616     5.6626     5.6626  0.000e+00
    469.042      11258     92.880    11.7716    11.7707   4.033656   4.033350   48.94284  -16.48616     5.6622     5.6622  0.000e+00
    469.083      11259     92.949    11.7706    11.7699   4.033535   4.033317   48.94284  -16.48622     5.6624     5.6624  0.000e+00
    469.125      11260     92.949    11.7699    11.7694   4.033503   4.033258   48.94284  -16.48622     5.6586     5.6586  0.000e+00
    469.167      11261     92.949    11.7694    11.7687   4.033445   4.033245   48.94284  -16.48622     5.6621     5.6621  0.000e+00
    469.208      11262     93.098    11.7688    11.7688   4.033375   4.033154   48.94284  -16.48622     5.6585     5.6585  0.000e+00
    469.250      11263     93.019    11.7688    11.7680   4.033362   4.033082   48.94284  -16.48622     5.6618     5.6618  0.000e+00
    469.292      11264     93.098    11.7681    11.7674   4.033285   4.033043   48.94284  -16.48622     5.6582     5.6582  0.000e+00
    469.333      11265     93.019    11.7676    11.7668   4.033202   4.032978   48.94284  -16.48622     5.6578     5.6578  0.000e+00
    469.375      11266     93.167    11.7667    11.7666   4.033112   4.032945   48.94284  -16.48622     5.6577     5.6577  0.000e+00
    469.417      11267     93.167    11.7660    11.7661   4.033029   4.032873   48.94284  -16.48622     5.6574     5.6574  0.000e+00
    469.458      11268     93.167    11.7654    11.7655   4.032940   4.032854   48.94284  -16.48622     5.6534     5.6534  0.000e+00
    469.500      11269     93.237    11.7647    11.7653   4.032856   4.032828   48.94284  -16.48622     5.6528     5.6528  0.000e+00
    469.542      11270     93.237    11.7645    11.7649   4.032786   4.032743   48.94284  -16.48622     5.6560     5.6560  0.000e+00
    469.583      11271     93.237    11.7637    11.7642   4.032773   4.032697   48.94284  -16.48622     5.6520     5.6520  0.000e+00
    469.625      11272     93.316    11.7634    11.7640   4.032690   4.032625   48.94284  -16.48622     5.6515     5.6515  0.000e+00
    469.667      11273     93.316    11.7632    11.7634   4.032664   4.032606   48.94284  -16.48622     5.6509     5.6509  0.000e+00
    469.708      11274     93.385    11.7632    11.7631   4.032703   4.032580   48.94284  -16.48622     5.6509     5.6509  0.000e+00
    469.750      11275     93.316    11.7630    11.7629   4.032703   4.032554   48.94284  -16.48622     5.6541     5.6541  0.000e+00
    469.792      11276     93.385    11.7627    11.7626   4.032645   4.032567   48.94284  -16.48622     5.6504     5.6504  0.000e+00
    469.833      11277     93.455    11.7624    11.7621   4.032556   4.032495   48.94284  -16.48622     5.6500     5.6500  0.000e+00
    469.875      11278     93.455    11.7621    11.7621   4.032581   4.032521   48.94284  -16.48616     5.6496     5.6496  0.000e+00
    469.917      11279     93.316    11.7619    11.7621   4.032517   4.032501   48.94284  -16.48616     5.6454     5.6454  0.000e+00
    469.958      11280     93.643    11.7616    11.7618   4.032492   4.032528   48.94284  -16.48616     5.6487     5.6487  0.000e+00
    470.000      11281     93.534    11.7617    11.7619   4.032517   4.032482   48.94284  -16.48616     5.6449     5.6449  0.000e+00
    470.042      11282     93.534    11.7616    11.7615   4.032530   4.032436   48.94284  -16.48616     5.6443     5.6443  0.000e+00
    470.083      11283     93.603    11.7614    11.7613   4.032530   4.032417   48.94284  -16.48622     5.6438     5.6438  0.000e+00
    470.125      11284     93.534    11.7614    11.7612   4.032498   4.032423   48.94284  -16.48622     5.6432     5.6432  0.000e+00
    470.167      11285     93.603    11.7611    11.7610   4.032492   4.032404   48.94284  -16.48622     5.6428     5.6428  0.000e+00
    470.208      11286     93.673    11.7611    11.7611   4.032492   4.032365   48.94284  -16.48622     5.6424     5.6424  0.000e+00
    470.250      11287     93.673    11.7614    11.7608   4.032492   4.032371   48.94284  -16.48622     5.6420     5.6420  0.000e+00
    470.292      11288     93.673    11.7611    11.7605   4.032466   4.032358   48.94284  -16.48622     5.6418     5.6418  0.000e+00
    470.333      11289     93.673    11.7611    11.7604   4.032460   4.032384   48.94284  -16.48622     5.6415     5.6415  0.000e+00
    470.375      11290     93.673    11.7606    11.7605   4.032428   4.032365   48.94284  -16.48622     5.6413     5.6413  0.000e+00
    470.417      11291     93.752    11.7607    11.7607   4.032447   4.032332   48.94284  -16.48622     5.6412     5.6412  0.000e+00
    470.458      11292     93.821    11.7607    11.7607   4.032428   4.032365   48.94284  -16.48622     5.6411     5.6411  0.000e+00
    470.500      11293     93.752    11.7606    11.7605   4.032421   4.032358   48.94284  -16.48622     5.6410     5.6410  0.000e+00
    470.542      11294     93.821    11.7602    11.7605   4.032370   4.032332   48.94284  -16.48622     5.6411     5.6411  0.000e+00
    470.583      11295     93.821    11.7602    11.7606   4.032357   4.032325   48.94284  -16.48622     5.6411     5.6411  0.000e+00
    470.625      11296     93.821    11.7599    11.7602   4.032357   4.032306   48.94284  -16.48622     5.6412     5.6412  0.000e+00
    470.667      11297     93.821    11.7597    11.7601   4.032357   4.032293   48.94284  -16.48622     5.6414     5.6414  0.000e+00
    470.708      11298     93.891    11.7599    11.7600   4.032377   4.032260   48.94284  -16.48622     5.6416     5.6416  0.000e+00
    470.750      11299     93.891    11.7597    11.7600   4.032364   4.032254   48.94284  -16.48622     5.6419     5.6419  0.000e+00
    470.792      11300     93.891    11.7596    11.7598   4.032300   4.032215   48.94284  -16.48622     5.6418     5.6418  0.000e+00
    470.833      11301     94.010    11.7596    11.7595   4.032364   4.032182   48.94284  -16.48622     5.6422     5.6422  0.000e+00
    470.875      11302     93.891    11.7594    11.7592   4.032364   4.032123   48.94284  -16.48616     5.6425     5.6425  0.000e+00
    470.917      11303     93.970    11.7594    11.7588   4.032326   4.032110   48.94284  -16.48616     5.6430     5.6430  0.000e+00
    470.958      11304     93.970    11.7592    11.7585   4.032319   4.032097   48.94284  -16.48616     5.6435     5.6435  0.000e+00
    471.000      11305     94.039    11.7592    11.7580   4.032319   4.032025   48.94284  -16.48616     5.6441     5.6441  0.000e+00
    471.042      11306     93.970    11.7592    11.7574   4.032345   4.031895   48.94284  -16.48616     5.6446     5.6446  0.000e+00
    471.083      11307     94.039    11.7594    11.7569   4.032358   4.031862   48.94284  -16.48622     5.6452     5.6452  0.000e+00
    471.125      11308     94.039    11.7588    11.7563   4.032326   4.031823   48.94284  -16.48622     5.6460     5.6460  0.000e+00
    471.167      11309     94.109    11.7590    11.7560   4.032262   4.031771   48.94284  -16.48622     5.6464     5.6464  0.000e+00
    471.208      11310     94.039    11.7588    11.7557   4.032300   4.031758   48.94284  -16.48622     5.6471     5.6471  0.000e+00
    471.250      11311     94.109    11.7590    11.7553   4.032345   4.031758   48.94284  -16.48622     5.6475     5.6475  0.000e+00
    471.292      11312     94.109    11.7586    11.7551   4.032300   4.031738   48.94284  -16.48622     5.6484     5.6484  0.000e+00
    471.333      11313     94.188    11.7590    11.7549   4.032287   4.031751   48.94284  -16.48622     5.6489     5.6489  0.000e+00
    471.375      11314     94.109    11.7588    11.7549   4.032287   4.031758   48.94284  -16.48622     5.6494     5.6494  0.000e+00
    471.417      11315     94.188    11.7588    11.7547   4.032230   4.031680   48.94284  -16.48622     5.6500     5.6500  0.000e+00
    471.458      11316     94.188    11.7590    11.7544   4.032236   4.031556   48.94284  -16.48622     5.6506     5.6506  0.000e+00
    471.500      11317     94.188    11.7590    11.7535   4.032249   4.031510   48.94284  -16.48622     5.6508     5.6508  0.000e+00
    471.542      11318     94.188    11.7591    11.7526   4.032249   4.031432   48.94284  -16.48622     5.6510     5.6510  0.000e+00
    471.583      11319     94.228    11.7591    11.7523   4.032274   4.031386   48.94284  -16.48622     5.6516     5.6516  0.000e+00
    471.625      11320     94.257    11.7590    11.7521   4.032306   4.031347   48.94284  -16.48622     5.6557     5.6557  0.000e+00
    471.667      11321     94.257    11.7588    11.7514   4.032319   4.031275   48.94284  -16.48622     5.6564     5.6564  0.000e+00
    471.708      11322     94.257    11.7586    11.7513   4.032370   4.031288   48.94284  -16.48622     5.6533     5.6533  0.000e+00
    471.750      11323     94.257    11.7583    11.7509   4.032313   4.031308   48.94284  -16.48622     5.6536     5.6536  0.000e+00
    471.792      11324     94.337    11.7581    11.7508   4.032230   4.031301   48.94284  -16.48622     5.6544     5.6544  0.000e+00
    471.833      11325     94.337    11.7581    11.7511   4.032159   4.031321   48.94284  -16.48622     5.6548     5.6548  0.000e+00
    471.875      11326     94.337    11.7576    11.7514   4.032166   4.031334   48.94284  -16.48616     5.6551     5.6551  0.000e+00
    471.917      11327     94.337    11.7575    11.7513   4.032153   4.031314   48.94284  -16.48616     5.6555     5.6555  0.000e+00
    471.958      11328     94.406    11.7573    11.7508   4.032115   4.031249   48.94284  -16.48616     5.6555     5.6555  0.000e+00
    472.000      11329     94.406    11.7571    11.7501   4.032108   4.031145   48.94284  -16.48616     5.6559     5.6559  0.000e+00
    472.042      11330     94.406    11.7570    11.7499   4.032108   4.031158   48.94284  -16.48616     5.6597     5.6597  0.000e+00
    472.083      11331     94.475    11.7575    11.7500   4.032108   4.031210   48.94284  -16.48622     5.6563     5.6563  0.000e+00
    472.125      11332     94.406    11.7576    11.7499   4.032083   4.031197   48.94284  -16.48622     5.6562     5.6562  0.000e+00
    472.167      11333     94.475    11.7571    11.7503   4.032051   4.031216   48.94284  -16.48622     5.6562     5.6562  0.000e+00
    472.208      11334     94.475    11.7562    11.7503   4.031987   4.031210   48.94284  -16.48622     5.6563     5.6563  0.000e+00
    472.250      11335     94.475    11.7558    11.7503   4.031891   4.031223   48.94284  -16.48622     5.6563     5.6563  0.000e+00
    472.292      11336     94.555    11.7550    11.7504   4.031839   4.031145   48.94284  -16.48622     5.6564     5.6564  0.000e+00
    472.333      11337     94.515    11.7547    11.7501   4.031775   4.031118   48.94284  -16.48622     5.6602     5.6602  0.000e+00
    472.375      11338     94.555    11.7545    11.7499   4.031737   4.031099   48.94284  -16.48622     5.6568     5.6568  0.000e+00
    472.417      11339     94.624    11.7547    11.7494   4.031731   4.031008   48.94284  -16.48622     5.6567     5.6567  0.000e+00
    472.458      11340     94.624    11.7542    11.7488   4.031750   4.030949   48.94284  -16.48622     5.6567     5.6567  0.000e+00
    472.500      11341     94.555    11.7537    11.7484   4.031654   4.030897   48.94284  -16.48622     5.6567     5.6567  0.000e+00
    472.542      11342     94.693    11.7530    11.7481   4.031564   4.030903   48.94284  -16.48622     5.6606     5.6606  0.000e+00
    472.583      11343     94.624    11.7527    11.7478   4.031475   4.030877   48.94284  -16.48622     5.6609     5.6609  0.000e+00
    472.625      11344     94.693    11.7523    11.7478   4.031424   4.030844   48.94284  -16.48622     5.6613     5.6613  0.000e+00
    472.667      11345     94.693    11.7522    11.7474   4.031436   4.030844   48.94284  -16.48622     5.6616     5.6616  0.000e+00
    472.708      11346     94.693    11.7520    11.7473   4.031424   4.030864   48.94284  -16.48622     5.6619     5.6619  0.000e+00
    472.750      11347     94.773    11.7513    11.7473   4.031334   4.030871   48.94284  -16.48622     5.6624     5.6624  0.000e+00
    472.792      11348     94.773    11.7508    11.7474   4.031283   4.030897   48.94284  -16.48622     5.6627     5.6627  0.000e+00
    472.833      11349     94.842    11.7498    11.7474   4.031200   4.030890   48.94284  -16.48622     5.6630     5.6630  0.000e+00
    472.875      11350     94.773    11.7496    11.7473   4.031174   4.030825   48.94284  -16.48616     5.6632     5.6632  0.000e+00
    472.917      11351     94.842    11.7494    11.7469   4.031117   4.030773   48.94284  -16.48616     5.6635     5.6635  0.000e+00
    472.958      11352     94.882    11.7489    11.7466   4.031104   4.030721   48.94284  -16.48616     5.6638     5.6638  0.000e+00
    473.000      11353     94.842    11.7489    11.7465   4.031046   4.030779   48.94284  -16.48616     5.6639     5.6639  0.000e+00
    473.042      11354     94.990    11.7481    11.7464   4.030976   4.030773   48.94284  -16.48616     5.6642     5.6642  0.000e+00
    473.083      11355     94.911    11.7473    11.7461   4.030937   4.030708   48.94284  -16.48622     5.6606     5.6606  0.000e+00
    473.125      11356     94.991    11.7470    11.7458   4.030873   4.030701   48.94284  -16.48622     5.6642     5.6642  0.000e+00
    473.167      11357     94.991    11.7463    11.7458   4.030803   4.030642   48.94284  -16.48622     5.6644     5.6644  0.000e+00
    473.208      11358     95.060    11.7461    11.7455   4.030809   4.030571   48.94284  -16.48622     5.6645     5.6645  0.000e+00
    473.250      11359     94.991    11.7461    11.7445   4.030784   4.030453   48.94284  -16.48622     5.6646     5.6646  0.000e+00
    473.292      11360     95.129    11.7458    11.7440   4.030752   4.030440   48.94284  -16.48622     5.6648     5.6648  0.000e+00
    473.333      11361     95.060    11.7460    11.7438   4.030777   4.030388   48.94284  -16.48622     5.6647     5.6647  0.000e+00
    473.375      11362     95.129    11.7458    11.7430   4.030758   4.030238   48.94284  -16.48622     5.6648     5.6648  0.000e+00
    473.417      11363     95.208    11.7455    11.7421   4.030726   4.030075   48.94284  -16.48622     5.6687     5.6687  0.000e+00
    473.458      11364     95.129    11.7445    11.7406   4.030611   4.029918   48.94284  -16.48622     5.6654     5.6654  0.000e+00
    473.500      11365     95.278    11.7442    11.7394   4.030554   4.029742   48.94284  -16.48622     5.6655     5.6655  0.000e+00
    473.542      11366     95.208    11.7432    11.7382   4.030438   4.029624   48.94284  -16.48622     5.6655     5.6655  0.000e+00
    473.583      11367     95.248    11.7419    11.7369   4.030247   4.029435   48.94284  -16.48622     5.6656     5.6656  0.000e+00
