Data_example/SBE_Data_Processed/DY103/SeaBird/Data/Batch/DY103_CTD06cf.cnv
* Sea-Bird SBE 9 Data File:
* FileName = C:\Users\sandm\Documents\Cruises\DY103\Data\CTD Raw Data\DY103_CTD06.hex
* Software Version Seasave V 7.26.7.121
* Temperature SN = 03P-4814
* Conductivity SN = 04C-2165
* Number of Bytes Per Scan = 41
* Number of Voltage Words = 4
* Number of Scans Averaged by the Deck Unit = 1
* NMEA Latitude = 48 56.60 N
* NMEA Longitude = 016 29.40 W
* NMEA UTC (Time) = Jul 01 2019  13:15:58
** Ship: RRS Discovery
** Cruise: DY103
** Cast: 06
** Station: 019
** Julian Day: 182
** Date: 01/07/19
** Time: 13:15
** Latitude: 48 56.60'N
** Longitude: 16 29.40'W
** Depth (uncorr m): 4810
** Principal Scientist: S Hartman
** Operator: J Wynar/T Powell
# nquan = 12
# nvalues = 18331                       
# units = specified
# name 0 = timeS: Time, Elapsed [seconds]
# name 1 = scan: Scan Count
# name 2 = prDM: Pressure, Digiquartz [db]
# name 3 = t090C: Temperature [ITS-90, deg C]
# name 4 = t190C: Temperature, 2 [ITS-90, deg C]
# name 5 = c0S/m: Conductivity [S/m]
# name 6 = c1S/m: Conductivity, 2 [S/m]
# name 7 = latitude: Latitude [deg]
# name 8 = longitude: Longitude [deg]
# name 9 = sbeox0ML/L: Oxygen, SBE 43 [ml/l]
# name 10 = sbeox0ML/L: Oxygen, SBE 43 [ml/l]
# name 11 = flag:  0.000e+00
# span 0 =     12.500,    776.250       
# span 1 =        301,      18631       
# span 2 =      0.525,    105.514       
# span 3 =    11.9318,    16.0393       
# span 4 =    11.9306,    17.2252       
# span 5 =   0.137873,   4.442360       
# span 6 =   0.038800,   4.476560       
# span 7 =   48.94337,   48.94341       
# span 8 =  -16.48999,  -16.48997       
# span 9 =     3.7122,     7.3715       
# span 10 =     3.7122,     7.3715      
# span 11 = 0.0000e+00, 0.0000e+00      
# interval = seconds: 0.0416667
# start_time = Jul 01 2019 13:15:59 [System UTC, first data scan.]
# bad_flag = -9.990e-29
*END*
[from data line 18286]
    774.417      18587    105.151    11.9465    11.9376   4.054391   4.053466   48.94339  -16.48997     5.6267     5.6267 0.0000e+00
    774.458      18588    105.164    11.9465    11.9376   4.054401   4.053473   48.94339  -16.48997     5.6266     5.6266 0.0000e+00
    774.500      18589    105.177    11.9466    11.9376   4.054412   4.053481   48.94339  -16.48997     5.6266     5.6266 0.0000e+00
    774.542      18590    105.190    11.9466    11.9376   4.054422   4.053489   48.94339  -16.48997     5.6265     5.6265 0.0000e+00
    774.583      18591    105.203    11.9467    11.9376   4.054433   4.053498   48.94339  -16.48997     5.6264     5.6264 0.0000e+00
    774.625      18592    105.215    11.9468    11.9376   4.054444   4.053508   48.94339  -16.48997     5.6263     5.6263 0.0000e+00
    774.667      18593    105.228    11.9468    11.9377   4.054456   4.053519   48.94339  -16.48997     5.6263     5.6263 0.0000e+00
    774.708      18594    105.240    11.9469    11.9377   4.054467   4.053530   48.94339  -16.48997     5.6262     5.6262 0.0000e+00
    774.750      18595    105.253    11.9470    11.9377   4.054479   4.053543   48.94339  -16.48997     5.6261     5.6261 0.0000e+00
    774.792      18596    105.265    11.9470    11.9378   4.054491   4.053557   48.94339  -16.48997     5.6261     5.6261 0.0000e+00
    774.833      18597    105.277    11.9471    11.9378   4.054503   4.053572   48.94339  -16.48997     5.6260     5.6260 0.0000e+00
    774.875      18598    105.289    11.9472    11.9379   4.054515   4.053587   48.94339  -16.48997     5.6260     5.6260 0.0000e+00
    774.917      18599    105.301    11.9472    11.9380   4.054527   4.053603   48.94339  -16.48997     5.6259     5.6259 0.0000e+00
    774.958      18600    105.312    11.9473    11.9380   4.054539   4.053618   48.94339  -16.48997     5.6259     5.6259 0.0000e+00
    775.000      18601    105.324    11.9474    11.9381   4.054551   4.053634   48.94339  -16.48997     5.6258     5.6258 0.0000e+00
    775.042      18602    105.335    11.9474    11.9382   4.054562   4.053650   48.94339  -16.48997     5.6258     5.6258 0.0000e+00
    775.083      18603    105.346    11.9475    11.9383   4.054572   4.053665   48.94339  -16.48997     5.6257     5.6257 0.0000e+00
    775.125      18604    105.357    11.9475    11.9384   4.054583   4.053680   48.94339  -16.48997     5.6257     5.6257 0.0000e+00
    775.167      18605    105.367    11.9476    11.9384   4.054593   4.053694   48.94339  -16.48997     5.6256     5.6256 0.0000e+00
    775.208      18606    105.377    11.9476    11.9385   4.054602   4.053708   48.94339  -16.48997     5.6256     5.6256 0.0000e+00
    775.250      18607    105.387    11.9477    11.9386   4.054611   4.053721   48.94339  -16.48997     5.6255     5.6255 0.0000e+00
    775.292      18608    105.397    11.9477    11.9387   4.054619   4.053733   48.94339  -16.48997     5.6255     5.6255 0.0000e+00
    775.333      18609    105.406    11.9478    11.9387   4.054627   4.053745   48.94339  -16.48997     5.6254     5.6254 0.0000e+00
    775.375      18610    105.415    11.9478    11.9388   4.054634   4.053756   48.94339  -16.48997     5.6254     5.6254 0.0000e+00
    775.417      18611    105.424    11.9479    11.9389   4.054641   4.053767   48.94339  -16.48997     5.6254     5.6254 0.0000e+00
    775.458      18612    105.432    11.9479    11.9389   4.054648   4.053777   48.94339  -16.48997     5.6253     5.6253 0.0000e+00
    775.500      18613    105.440    11.9479    11.9390   4.054655   4.053786   48.94339  -16.48997     5.6253     5.6253 0.0000e+00
    775.542      18614    105.448    11.9480    11.9391   4.054661   4.053794   48.94339  -16.48997     5.6252     5.6252 0.0000e+00
    775.583      18615    105.455    11.9480    11.9391   4.054666   4.053802   48.94339  -16.48997     5.6252     5.6252 0.0000e+00
    775.625      18616    105.462    11.9480    11.9392   4.054672   4.053809   48.94339  -16.48997     5.6251     5.6251 0.0000e+00
    775.667      18617    105.468    11.9480    11.9392   4.054677   4.053815   48.94339  -16.48997     5.6251     5.6251 0.0000e+00
    775.708      18618    105.474    11.9481    11.9392   4.054681   4.053821   48.94339  -16.48997     5.6250     5.6250 0.0000e+00
    775.750      18619    105.480    11.9481    11.9393   4.054685   4.053826   48.94339  -16.48997     5.6250     5.6250 0.0000e+00
    775.792      18620    105.485    11.9481    11.9393   4.054689   4.053830   48.94339  -16.48997     5.6249     5.6249 0.0000e+00
    775.833      18621    105.490    11.9481    11.9394   4.054693   4.053834   48.94339  -16.48997     5.6249     5.6249 0.0000e+00
    775.875      18622    105.495    11.9481    11.9394   4.054695   4.053838   48.94339  -16.48997     5.6248     5.6248 0.0000e+00
    775.917      18623    105.499    11.9482    11.9394   4.054698   4.053840   48.94339  -16.48997     5.6248     5.6248 0.0000e+00
    775.958      18624    105.502    11.9482    11.9394   4.054700   4.053843   48.94339  -16.48997     5.6248     5.6248 0.0000e+00
    776.000      18625    105.505    11.9482    11.9395   4.054702   4.053845   48.94339  -16.48997     5.6247     5.6247 0.0000e+00
    776.042      18626    105.508    11.9482    11.9395   4.054704   4.053846   48.94339  -16.48997     5.6247     5.6247 0.0000e+00
    776.083      18627    105.510    11.9482    11.9395   4.054705   4.053847   48.94339  -16.48997     5.6247     5.6247 0.0000e+00
    776.125      18628    105.512    11.9482    11.9395   4.054706   4.053847   48.94339  -16.48997     5.6246     5.6246 0.0000e+00
    776.167      18629    105.513    11.9482    11.9395   4.054706   4.053847   48.94339  -16.48997     5.6246     5.6246 0.0000e+00
    776.208      18630    105.514    11.9482    11.9395   4.054707   4.053847   48.94339  -16.48997     5.6246     5.6246 0.0000e+00
    776.250      18631    105.514    11.9482    11.9395   4.054707   4.053847   48.94339  -16.48997     5.6246     5.6246 0.0000e+00
