Data_example/SBE_Data_Processed/DY103/SeaBird/Data/Batch/DY103_CTD09cfaldb.cnv
* Sea-Bird SBE 9 Data File:
* FileName = C:\Users\sandm\Documents\Cruises\DY103\Data\CTD Raw Data\DY103_CTD09.hex
* Software Version Seasave V 7.26.7.121
* Temperature SN = 03P-4814
* Conductivity SN = 04C-2165
* Number of Bytes Per Scan = 41
* Number of Voltage Words = 4
* Number of Scans Averaged by the Deck Unit = 1
* NMEA Latitude = 48 57.69 N
* NMEA Longitude = 016 22.45 W
* NMEA UTC (Time) = Jul 03 2019  15:13:00
** Ship: RRS Discovery
** Cruise: DY103
** Cast: 09
** Station:
** Julian Day: 184
** Date: 03/07/19
** Time: 15:20
** Latitude: 48 57.69'N
** Longitude: 16 22.45'W
** Depth (uncorr m): 4811
** Principal Scientist: S Hartman
** Operator: J Wynar/T Powell
# nquan = 15
# nvalues = 102                         
# units = specified
# name 0 = timeS: Time, Elapsed [seconds]
# name 1 = scan: Scan Count
# name 2 = prDM: Pressure, Digiquartz [db]
# name 3 = t090C: Temperature [ITS-90, deg C]
# name 4 = t190C: Temperature, 2 [ITS-90, deg C]
# name 5 = c0S/m: Conductivity [S/m]
# name 6 = c1S/m: Conductivity, 2 [S/m]
# name 7 = latitude: Latitude [deg]
# name 8 = longitude: Longitude [deg]
# name 9 = sbeox0ML/L: Oxygen, SBE 43 [ml/l]
# name 10 = sbeox0ML/L: Oxygen, SBE 43 [ml/l]
# name 11 = sal00: Salinity, Practical [PSU]
# name 12 = sal11: Salinity, Practical, 2 [PSU]
# name 13 = depSM: Depth [salt water, m], lat = 48.9615
# name 14 = flag: flag
# span 0 =    170.153,    501.757       
# span 1 =       4085,      12043       
# span 2 =      1.000,    102.000       
# span 3 =    12.0902,    16.2903       
# span 4 =    12.0890,    16.3276       
# span 5 =   4.069429,   4.468943       
# span 6 =   4.068891,   4.477834       
# span 7 =   48.96148,   48.96148       
# span 8 =  -16.37419,  -16.37419       
# span 9 =     3.8993,     5.9648       
# span 10 =     3.8993,     5.9648      
# span 11 =    33.2954,    35.6266      
# span 12 =    32.3760,    35.7281      
# span 13 =      0.991,    101.110      
# span 14 = 0.0000e+00, 0.0000e+00      
# interval = decibars: 1                
# start_time = Jul 03 2019 15:13:01 [System UTC, first data scan.]
# bad_flag = -9.990e-29
*END*
    170.153       4085      1.000    16.2369    16.3276   4.221352   4.125417   48.96148  -16.37419     5.1758     5.1758    33.2954    32.3760      0.991 0.0000e+00
    172.358       4138      2.000    16.2903    16.2982   4.418870   4.376630   48.96148  -16.37419     4.7033     4.7033    34.9963    34.6157      1.983 0.0000e+00
    175.168       4205      3.000    16.2366    16.2729   4.468943   4.465702   48.96148  -16.37419     4.2735     4.2735    35.4880    35.4268      2.975 0.0000e+00
    177.370       4258      4.000    16.2233    16.1450   4.461998   4.477555   48.96148  -16.37419     4.2316     4.2316    35.4377    35.6465      3.966 0.0000e+00
    180.229       4326      5.000    16.1966    16.1508   4.457132   4.470378   48.96148  -16.37419     4.1791     4.1791    35.4178    35.5769      4.958 0.0000e+00
    182.898       4391      6.000    16.1316    16.1039   4.454689   4.477834   48.96148  -16.37419     4.2254     4.2254    35.4537    35.6851      5.949 0.0000e+00
    185.066       4443      7.000    16.1618    16.0153   4.451187   4.473757   48.96148  -16.37419     4.0576     4.0576    35.3952    35.7281      6.941 0.0000e+00
    187.812       4508      8.000    16.1620    15.9910   4.448927   4.470444   48.96148  -16.37419     3.9621     3.9621    35.3745    35.7200      7.932 0.0000e+00
    190.276       4568      9.000    16.1490    15.9732   4.447664   4.469068   48.96148  -16.37419     3.8993     3.8993    35.3743    35.7233      8.924 0.0000e+00
    192.700       4626     10.000    16.1645    15.8929   4.446322   4.461475   48.96148  -16.37419     3.9964     3.9964    35.3482    35.7273      9.915 0.0000e+00
    195.806       4700     11.000    16.1118    15.9519   4.445215   4.458814   48.96148  -16.37419     4.3168     4.3168    35.3850    35.6499     10.906 0.0000e+00
    291.754       7003     12.000    15.8482    15.7607   4.425762   4.431015   48.96148  -16.37419     5.2653     5.2653    35.4465    35.5720     11.898 0.0000e+00
    362.808       8708     13.000    15.6447    15.5380   4.410563   4.399373   48.96148  -16.37419     5.8810     5.8810    35.4924    35.4876     12.889 0.0000e+00
    364.435       8747     14.000    15.5492    15.3956   4.401206   4.385379   48.96148  -16.37419     5.8788     5.8788    35.4936    35.4893     13.881 0.0000e+00
    367.103       8811     15.000    15.4609    15.3093   4.392274   4.377225   48.96148  -16.37419     5.8847     5.8847    35.4923    35.4930     14.872 0.0000e+00
    369.846       8877     16.000    15.3573    15.3493   4.382282   4.381128   48.96148  -16.37419     5.8777     5.8777    35.4950    35.4917     15.864 0.0000e+00
    371.925       8927     17.000    15.4418    15.4668   4.390141   4.393026   48.96148  -16.37419     5.8932     5.8932    35.4893    35.4929     16.855 0.0000e+00
    373.860       8974     18.000    15.4299    15.5016   4.389031   4.396135   48.96148  -16.37419     5.9056     5.9056    35.4896    35.4891     17.847 0.0000e+00
    376.371       9034     19.000    15.3732    15.4563   4.383629   4.391736   48.96148  -16.37419     5.9344     5.9344    35.4916    35.4899     18.838 0.0000e+00
    379.078       9099     20.000    15.1961    15.3125   4.366385   4.377251   48.96148  -16.37419     5.9448     5.9448    35.4951    35.4883     19.829 0.0000e+00
    381.051       9146     21.000    15.0841    15.1873   4.355279   4.364912   48.96148  -16.37419     5.9502     5.9502    35.4951    35.4892     20.821 0.0000e+00
    382.985       9193     22.000    15.0488    14.9711   4.351939   4.343657   48.96148  -16.37419     5.9512     5.9512    35.4963    35.4913     21.812 0.0000e+00
    385.468       9252     23.000    15.0049    14.8747   4.347430   4.334550   48.96148  -16.37419     5.9644     5.9644    35.4946    35.4953     22.804 0.0000e+00
    387.766       9307     24.000    14.8790    14.8613   4.334999   4.333085   48.96148  -16.37419     5.9648     5.9648    35.4951    35.4937     23.795 0.0000e+00
    389.680       9353     25.000    14.8535    14.8507   4.332386   4.332030   48.96148  -16.37419     5.9604     5.9604    35.4940    35.4933     24.787 0.0000e+00
    391.798       9404     26.000    14.8435    14.8408   4.331429   4.331064   48.96148  -16.37419     5.9559     5.9559    35.4940    35.4930     25.778 0.0000e+00
    394.305       9464     27.000    14.8310    14.8261   4.330206   4.329614   48.96148  -16.37419     5.9490     5.9490    35.4937    35.4927     26.769 0.0000e+00
    396.375       9514     28.000    14.7954    14.7954   4.326738   4.326621   48.96148  -16.37419     5.9541     5.9541    35.4939    35.4929     27.761 0.0000e+00
    398.087       9555     29.000    14.7639    14.7569   4.323771   4.322970   48.96148  -16.37419     5.9456     5.9456    35.4950    35.4941     28.752 0.0000e+00
    400.093       9603     30.000    14.7354    14.6946   4.321222   4.317005   48.96148  -16.37419     5.9109     5.9109    35.4973    35.4958     29.743 0.0000e+00
    402.446       9660     31.000    14.6356    14.5890   4.311772   4.307011   48.96148  -16.37419     5.8923     5.8923    35.5011    35.4999     30.735 0.0000e+00
    404.503       9709     32.000    14.5163    14.5054   4.300563   4.299343   48.96148  -16.37419     5.8910     5.8910    35.5065    35.5052     31.726 0.0000e+00
    406.267       9751     33.000    14.4686    14.4633   4.296097   4.295491   48.96148  -16.37419     5.8788     5.8788    35.5086    35.5078     32.718 0.0000e+00
    408.002       9793     34.000    14.4217    14.4130   4.291804   4.290844   48.96148  -16.37419     5.8416     5.8416    35.5114    35.5106     33.709 0.0000e+00
    409.812       9836     35.000    14.3344    14.3222   4.283689   4.282158   48.96148  -16.37419     5.8110     5.8110    35.5161    35.5131     34.700 0.0000e+00
    411.544       9878     36.000    14.1747    14.1524   4.268547   4.265698   48.96148  -16.37419     5.7947     5.7947    35.5220    35.5160     35.692 0.0000e+00
    412.999       9913     37.000    14.0052    13.9969   4.253602   4.252352   48.96148  -16.37419     5.7831     5.7831    35.5387    35.5347     36.683 0.0000e+00
    414.290       9944     38.000    13.9171    13.9140   4.246666   4.245984   48.96148  -16.37419     5.7773     5.7773    35.5550    35.5514     37.674 0.0000e+00
    415.636       9976     39.000    13.8241    13.8199   4.238910   4.238078   48.96148  -16.37419     5.7699     5.7699    35.5681    35.5642     38.666 0.0000e+00
    417.138      10012     40.000    13.7364    13.7308   4.231148   4.230347   48.96148  -16.37419     5.7541     5.7541    35.5762    35.5738     39.657 0.0000e+00
    418.764      10051     41.000    13.6697    13.6610   4.225193   4.224120   48.96148  -16.37419     5.7369     5.7369    35.5817    35.5797     40.648 0.0000e+00
    420.277      10088     42.000    13.5737    13.5679   4.216662   4.215708   48.96148  -16.37419     5.7200     5.7200    35.5903    35.5867     41.640 0.0000e+00
    421.501      10117     43.000    13.4732    13.4732   4.207577   4.207026   48.96148  -16.37419     5.6980     5.6980    35.5978    35.5926     42.631 0.0000e+00
    422.553      10142     44.000    13.3958    13.3955   4.200473   4.199908   48.96148  -16.37419     5.6805     5.6805    35.6024    35.5973     43.622 0.0000e+00
    423.566      10167     45.000    13.3237    13.3197   4.193759   4.192782   48.96148  -16.37419     5.6593     5.6593    35.6058    35.6003     44.614 0.0000e+00
    424.664      10193     46.000    13.2392    13.2248   4.185794   4.183756   48.96148  -16.37419     5.6364     5.6364    35.6088    35.6030     45.605 0.0000e+00
    426.019      10225     47.000    13.1381    13.0998   4.176520   4.172150   48.96148  -16.37419     5.6148     5.6148    35.6149    35.6092     46.596 0.0000e+00
    427.681      10265     48.000    13.0364    12.9888   4.167164   4.161982   48.96148  -16.37419     5.5932     5.5932    35.6208    35.6161     47.587 0.0000e+00
    429.109      10300     49.000    12.9589    12.9416   4.159612   4.157548   48.96148  -16.37419     5.5886     5.5886    35.6211    35.6176     48.579 0.0000e+00
    430.187      10325     50.000    12.9248    12.9186   4.156365   4.155470   48.96148  -16.37419     5.5904     5.5904    35.6218    35.6190     49.570 0.0000e+00
    431.139      10348     51.000    12.9095    12.9057   4.154950   4.154354   48.96148  -16.37419     5.5874     5.5874    35.6221    35.6200     50.561 0.0000e+00
    432.127      10372     52.000    12.9002    12.8945   4.154121   4.153386   48.96148  -16.37419     5.5802     5.5802    35.6225    35.6209     51.553 0.0000e+00
    433.382      10402     53.000    12.8949    12.8797   4.153723   4.152119   48.96148  -16.37419     5.5699     5.5699    35.6233    35.6222     52.544 0.0000e+00
    434.977      10440     54.000    12.8841    12.8616   4.152920   4.150538   48.96148  -16.37419     5.5630     5.5630    35.6253    35.6237     53.535 0.0000e+00
    436.398      10475     55.000    12.8519    12.8432   4.149910   4.148886   48.96148  -16.37419     5.5664     5.5664    35.6264    35.6248     54.526 0.0000e+00
    437.524      10502     56.000    12.8237    12.8218   4.147205   4.146765   48.96148  -16.37419     5.5664     5.5664    35.6266    35.6241     55.518 0.0000e+00
    438.537      10526     57.000    12.7960    12.7959   4.144444   4.144188   48.96148  -16.37419     5.5668     5.5668    35.6258    35.6234     56.509 0.0000e+00
    439.572      10551     58.000    12.7791    12.7794   4.142702   4.142548   48.96148  -16.37419     5.5667     5.5667    35.6246    35.6228     57.500 0.0000e+00
    440.707      10578     59.000    12.7694    12.7695   4.141663   4.141523   48.96148  -16.37419     5.5640     5.5640    35.6233    35.6219     58.491 0.0000e+00
    441.935      10607     60.000    12.7604    12.7599   4.140686   4.140490   48.96148  -16.37419     5.5635     5.5635    35.6220    35.6205     59.483 0.0000e+00
    443.162      10637     61.000    12.7487    12.7483   4.139446   4.139255   48.96148  -16.37419     5.5633     5.5633    35.6207    35.6192     60.474 0.0000e+00
    444.316      10665     62.000    12.7368    12.7367   4.138230   4.138073   48.96148  -16.37419     5.5607     5.5607    35.6197    35.6184     61.465 0.0000e+00
    445.393      10690     63.000    12.7266    12.7272   4.137244   4.137184   48.96148  -16.37419     5.5626     5.5626    35.6195    35.6184     62.456 0.0000e+00
    446.421      10715     64.000    12.7168    12.7174   4.136415   4.136373   48.96148  -16.37419     5.5645     5.5645    35.6204    35.6194     63.447 0.0000e+00
    447.450      10740     65.000    12.7066    12.7072   4.135636   4.135611   48.96148  -16.37419     5.5629     5.5629    35.6221    35.6212     64.439 0.0000e+00
    448.517      10765     66.000    12.7014    12.7021   4.135327   4.135340   48.96148  -16.37419     5.5630     5.5630    35.6236    35.6230     65.430 0.0000e+00
    449.621      10792     67.000    12.6987    12.6991   4.135232   4.135220   48.96148  -16.37419     5.5661     5.5661    35.6248    35.6242     66.421 0.0000e+00
    450.709      10818     68.000    12.6918    12.6921   4.134688   4.134649   48.96148  -16.37419     5.5693     5.5693    35.6256    35.6249     67.412 0.0000e+00
    451.753      10843     69.000    12.6834    12.6838   4.133965   4.133915   48.96148  -16.37419     5.5691     5.5691    35.6262    35.6253     68.403 0.0000e+00
    452.792      10868     70.000    12.6743    12.6743   4.133096   4.132989   48.96148  -16.37419     5.5656     5.5656    35.6260    35.6249     69.395 0.0000e+00
    453.886      10894     71.000    12.6629    12.6621   4.131941   4.131721   48.96148  -16.37419     5.5606     5.5606    35.6252    35.6238     70.386 0.0000e+00
    455.022      10922     72.000    12.6481    12.6470   4.130425   4.130171   48.96148  -16.37419     5.5579     5.5579    35.6241    35.6227     71.377 0.0000e+00
    456.100      10947     73.000    12.6328    12.6321   4.128927   4.128720   48.96148  -16.37419     5.5604     5.5604    35.6237    35.6224     72.368 0.0000e+00
    457.072      10971     74.000    12.6163    12.6155   4.127336   4.127098   48.96148  -16.37419     5.5629     5.5629    35.6235    35.6220     73.359 0.0000e+00
    457.969      10992     75.000    12.5966    12.5951   4.125360   4.124980   48.96148  -16.37419     5.5636     5.5636    35.6227    35.6205     74.351 0.0000e+00
    458.844      11013     76.000    12.5776    12.5733   4.123381   4.122702   48.96148  -16.37419     5.5667     5.5667    35.6211    35.6186     75.342 0.0000e+00
    459.756      11035     77.000    12.5641    12.5582   4.121925   4.121108   48.96148  -16.37419     5.5699     5.5699    35.6195    35.6171     76.333 0.0000e+00
    460.761      11059     78.000    12.5536    12.5471   4.120775   4.119896   48.96148  -16.37419     5.5700     5.5700    35.6179    35.6155     77.324 0.0000e+00
    461.872      11086     79.000    12.5385    12.5329   4.119094   4.118298   48.96148  -16.37419     5.5716     5.5716    35.6155    35.6131     78.315 0.0000e+00
    463.013      11113     80.000    12.5195    12.5173   4.117016   4.116602   48.96148  -16.37419     5.5766     5.5766    35.6129    35.6111     79.306 0.0000e+00
    464.083      11139     81.000    12.4996    12.4991   4.114828   4.114548   48.96148  -16.37419     5.5753     5.5753    35.6102    35.6079     80.297 0.0000e+00
    465.054      11162     82.000    12.4756    12.4741   4.112156   4.111721   48.96148  -16.37419     5.5727     5.5727    35.6067    35.6039     81.289 0.0000e+00
    465.967      11184     83.000    12.4561    12.4536   4.110013   4.109550   48.96148  -16.37419     5.5727     5.5727    35.6040    35.6019     82.280 0.0000e+00
    466.875      11206     84.000    12.4466    12.4431   4.109053   4.108544   48.96148  -16.37419     5.5731     5.5731    35.6033    35.6017     83.271 0.0000e+00
    467.849      11229     85.000    12.4413    12.4335   4.108590   4.107620   48.96148  -16.37419     5.5725     5.5725    35.6034    35.6014     84.262 0.0000e+00
    469.047      11258     86.000    12.4373    12.4140   4.108183   4.105537   48.96148  -16.37419     5.5674     5.5674    35.6028    35.5993     85.253 0.0000e+00
    470.947      11304     87.000    12.4443    12.3923   4.108828   4.103195   48.96148  -16.37419     5.5656     5.5656    35.6020    35.5967     86.244 0.0000e+00
    473.006      11353     88.000    12.3991    12.3819   4.103915   4.101872   48.96148  -16.37419     5.5647     5.5647    35.5968    35.5934     87.235 0.0000e+00
    474.624      11392     89.000    12.3533    12.3510   4.098812   4.098348   48.96148  -16.37419     5.5601     5.5601    35.5904    35.5880     88.226 0.0000e+00
    476.273      11432     90.000    12.3317    12.3295   4.096372   4.095944   48.96148  -16.37419     5.5629     5.5629    35.5867    35.5847     89.217 0.0000e+00
    478.267      11479     91.000    12.3117    12.3052   4.094135   4.093176   48.96148  -16.37419     5.5689     5.5689    35.5836    35.5805     90.209 0.0000e+00
    480.454      11532     92.000    12.2860    12.2809   4.091175   4.090413   48.96148  -16.37419     5.5719     5.5719    35.5788    35.5763     91.200 0.0000e+00
    482.416      11579     93.000    12.2557    12.2543   4.087611   4.087246   48.96148  -16.37419     5.5743     5.5743    35.5726    35.5702     92.191 0.0000e+00
    484.128      11620     94.000    12.2106    12.2086   4.082477   4.082015   48.96148  -16.37419     5.5755     5.5755    35.5650    35.5623     93.182 0.0000e+00
    485.856      11662     95.000    12.1856    12.1770   4.079585   4.078473   48.96148  -16.37419     5.5786     5.5786    35.5602    35.5575     94.173 0.0000e+00
    488.031      11714     96.000    12.1947    12.1603   4.080572   4.076582   48.96148  -16.37419     5.5783     5.5783    35.5606    35.5545     95.164 0.0000e+00
