Data_example/SBE_Data_Processed/DY103/SeaBird/Data/Batch/DY103_CTD07cfaldb.cnv
* Sea-Bird SBE 9 Data File:
* FileName = C:\Users\sandm\Documents\Cruises\DY103\Data\CTD Raw Data\DY103_CTD07.hex
* Software Version Seasave V 7.26.7.121
* Temperature SN = 03P-4814
* Conductivity SN = 04C-2165
* Number of Bytes Per Scan = 41
* Number of Voltage Words = 4
* Number of Scans Averaged by the Deck Unit = 1
* NMEA Latitude = 48 59.98 N
* NMEA Longitude = 016 30.00 W
* NMEA UTC (Time) = Jul 01 2019  14:33:31
** Ship: RRS Discovery
** Cruise: DY103
** Cast: 07
** Station: 020
** Julian Day: 182
** Date: 01/07/19
** Time: 14:30
** Latitude: 49 00.00'N
** Longitude: 16 30.00'W
** Depth (uncorr m): 4810
** Principal Scientist: S Hartman
** Operator: J Wynar/T Powell
# nquan = 15
# nvalues = 4926                        
# units = specified
# name 0 = timeS: Time, Elapsed [seconds]
# name 1 = scan: Scan Count
# name 2 = prDM: Pressure, Digiquartz [db]
# name 3 = t090C: Temperature [ITS-90, deg C]
# name 4 = t190C: Temperature, 2 [ITS-90, deg C]
# name 5 = c0S/m: Conductivity [S/m]
# name 6 = c1S/m: Conductivity, 2 [S/m]
# name 7 = latitude: Latitude [deg]
# name 8 = longitude: Longitude [deg]
# name 9 = sbeox0ML/L: Oxygen, SBE 43 [ml/l]
# name 10 = sbeox0ML/L: Oxygen, SBE 43 [ml/l]
# name 11 = sal00: Salinity, Practical [PSU]
# name 12 = sal11: Salinity, Practical, 2 [PSU]
# name 13 = depSM: Depth [salt water, m], lat = 48.9997
# name 14 = flag: flag
# span 0 =    112.940,   5294.923       
# span 1 =       2712,     127079       
# span 2 =      1.000,   4925.000       
# span 3 =     2.5200,    16.2172       
# span 4 =     2.5198,    16.2340       
# span 5 =   3.271380,   4.442135       
# span 6 =   3.271704,   4.478179       
# span 7 =   48.99971,   48.99975       
# span 8 =  -16.49997,  -16.49995       
# span 9 =     3.8013,     6.0221       
# span 10 =     3.8013,     6.0221      
# span 11 =    27.5741,    35.6136      
# span 12 =    26.4189,    35.7227      
# span 13 =      0.992,   4827.581      
# span 14 = 0.0000e+00, 0.0000e+00      
# interval = decibars: 1                
# start_time = Jul 01 2019 14:33:31 [System UTC, first data scan.]
# bad_flag = -9.990e-29
*END*
[from data line 3760]
   4016.052      96386   3761.000     2.5723     2.5721   3.274599   3.274921   48.99973  -16.49997     5.2801     5.2801    34.9161    34.9201   3696.289 0.0000e+00
   4017.032      96410   3762.000     2.5717     2.5715   3.274575   3.274901   48.99973  -16.49997     5.2765     5.2765    34.9160    34.9201   3697.263 0.0000e+00
   4017.966      96432   3763.000     2.5712     2.5711   3.274570   3.274897   48.99973  -16.49997     5.2747     5.2747    34.9160    34.9201   3698.237 0.0000e+00
   4018.855      96454   3764.000     2.5709     2.5707   3.274573   3.274896   48.99973  -16.49997     5.2750     5.2750    34.9159    34.9200   3699.212 0.0000e+00
   4019.722      96474   3765.000     2.5705     2.5703   3.274567   3.274893   48.99973  -16.49997     5.2769     5.2769    34.9159    34.9200   3700.186 0.0000e+00
   4020.595      96495   3766.000     2.5701     2.5699   3.274568   3.274896   48.99973  -16.49997     5.2782     5.2782    34.9159    34.9200   3701.160 0.0000e+00
   4021.495      96517   3767.000     2.5697     2.5696   3.274567   3.274895   48.99973  -16.49997     5.2779     5.2779    34.9158    34.9199   3702.135 0.0000e+00
   4022.425      96539   3768.000     2.5692     2.5691   3.274546   3.274877   48.99973  -16.49997     5.2775     5.2775    34.9158    34.9198   3703.109 0.0000e+00
   4023.375      96562   3769.000     2.5686     2.5685   3.274525   3.274859   48.99973  -16.49997     5.2761     5.2761    34.9157    34.9197   3704.083 0.0000e+00
   4024.337      96585   3770.000     2.5683     2.5682   3.274539   3.274871   48.99973  -16.49997     5.2731     5.2731    34.9157    34.9198   3705.058 0.0000e+00
   4025.313      96609   3771.000     2.5683     2.5682   3.274570   3.274901   48.99973  -16.49997     5.2736     5.2736    34.9157    34.9198   3706.032 0.0000e+00
   4026.308      96632   3772.000     2.5683     2.5682   3.274603   3.274935   48.99973  -16.49997     5.2753     5.2753    34.9157    34.9197   3707.006 0.0000e+00
   4027.314      96657   3773.000     2.5682     2.5682   3.274631   3.274969   48.99973  -16.49997     5.2772     5.2772    34.9157    34.9197   3707.981 0.0000e+00
   4028.303      96680   3774.000     2.5682     2.5682   3.274662   3.275002   48.99973  -16.49997     5.2777     5.2777    34.9156    34.9197   3708.955 0.0000e+00
   4029.250      96703   3775.000     2.5682     2.5682   3.274696   3.275035   48.99973  -16.49997     5.2749     5.2749    34.9156    34.9197   3709.930 0.0000e+00
   4030.147      96725   3776.000     2.5682     2.5681   3.274728   3.275065   48.99973  -16.49997     5.2702     5.2702    34.9156    34.9197   3710.904 0.0000e+00
   4031.009      96745   3777.000     2.5682     2.5680   3.274758   3.275090   48.99973  -16.49997     5.2701     5.2701    34.9155    34.9197   3711.878 0.0000e+00
   4031.861      96766   3778.000     2.5680     2.5678   3.274781   3.275108   48.99973  -16.49997     5.2714     5.2714    34.9156    34.9196   3712.853 0.0000e+00
   4032.739      96787   3779.000     2.5678     2.5677   3.274799   3.275131   48.99973  -16.49997     5.2735     5.2735    34.9155    34.9196   3713.827 0.0000e+00
   4033.691      96810   3780.000     2.5677     2.5677   3.274822   3.275160   48.99973  -16.49997     5.2760     5.2760    34.9155    34.9196   3714.801 0.0000e+00
   4034.768      96835   3781.000     2.5677     2.5676   3.274849   3.275189   48.99973  -16.49997     5.2748     5.2748    34.9155    34.9196   3715.775 0.0000e+00
   4035.929      96863   3782.000     2.5676     2.5676   3.274874   3.275214   48.99973  -16.49997     5.2713     5.2713    34.9155    34.9195   3716.750 0.0000e+00
   4037.010      96889   3783.000     2.5674     2.5673   3.274887   3.275225   48.99973  -16.49997     5.2724     5.2724    34.9154    34.9195   3717.724 0.0000e+00
   4037.939      96912   3784.000     2.5671     2.5671   3.274902   3.275236   48.99973  -16.49997     5.2724     5.2724    34.9154    34.9195   3718.698 0.0000e+00
   4038.767      96931   3785.000     2.5670     2.5670   3.274927   3.275264   48.99973  -16.49997     5.2733     5.2733    34.9154    34.9195   3719.672 0.0000e+00
   4039.556      96950   3786.000     2.5670     2.5670   3.274961   3.275300   48.99973  -16.49997     5.2735     5.2735    34.9154    34.9195   3720.647 0.0000e+00
   4040.366      96970   3787.000     2.5670     2.5670   3.274990   3.275330   48.99973  -16.49997     5.2750     5.2750    34.9154    34.9194   3721.621 0.0000e+00
   4041.257      96991   3788.000     2.5669     2.5668   3.275012   3.275344   48.99973  -16.49997     5.2764     5.2764    34.9153    34.9194   3722.595 0.0000e+00
   4042.275      97016   3789.000     2.5666     2.5663   3.275023   3.275337   48.99973  -16.49997     5.2752     5.2752    34.9153    34.9193   3723.569 0.0000e+00
   4043.364      97042   3790.000     2.5663     2.5660   3.275028   3.275348   48.99973  -16.49997     5.2744     5.2744    34.9153    34.9194   3724.544 0.0000e+00
   4044.382      97066   3791.000     2.5660     2.5659   3.275036   3.275371   48.99973  -16.49997     5.2714     5.2714    34.9152    34.9194   3725.518 0.0000e+00
   4045.290      97088   3792.000     2.5659     2.5658   3.275053   3.275396   48.99973  -16.49997     5.2696     5.2696    34.9152    34.9194   3726.492 0.0000e+00
   4046.134      97108   3793.000     2.5656     2.5656   3.275069   3.275412   48.99973  -16.49997     5.2721     5.2721    34.9152    34.9193   3727.467 0.0000e+00
   4046.968      97128   3794.000     2.5654     2.5653   3.275080   3.275418   48.99973  -16.49997     5.2729     5.2729    34.9152    34.9193   3728.441 0.0000e+00
   4047.843      97149   3795.000     2.5651     2.5649   3.275082   3.275409   48.99973  -16.49997     5.2731     5.2731    34.9151    34.9192   3729.415 0.0000e+00
   4048.800      97172   3796.000     2.5645     2.5643   3.275069   3.275386   48.99973  -16.49997     5.2742     5.2742    34.9151    34.9192   3730.389 0.0000e+00
   4049.835      97197   3797.000     2.5640     2.5636   3.275048   3.275359   48.99973  -16.49997     5.2730     5.2730    34.9150    34.9191   3731.364 0.0000e+00
   4050.872      97222   3798.000     2.5635     2.5632   3.275035   3.275360   48.99973  -16.49997     5.2689     5.2689    34.9150    34.9191   3732.338 0.0000e+00
   4051.849      97245   3799.000     2.5632     2.5631   3.275044   3.275378   48.99973  -16.49997     5.2658     5.2658    34.9149    34.9191   3733.312 0.0000e+00
   4052.767      97267   3800.000     2.5631     2.5630   3.275064   3.275405   48.99973  -16.49997     5.2681     5.2681    34.9149    34.9190   3734.286 0.0000e+00
   4053.657      97289   3801.000     2.5630     2.5630   3.275090   3.275434   48.99973  -16.49997     5.2734     5.2734    34.9149    34.9190   3735.260 0.0000e+00
   4054.548      97310   3802.000     2.5629     2.5629   3.275119   3.275464   48.99973  -16.49997     5.2747     5.2747    34.9149    34.9190   3736.235 0.0000e+00
   4055.469      97332   3803.000     2.5629     2.5629   3.275150   3.275500   48.99973  -16.49997     5.2740     5.2740    34.9149    34.9190   3737.209 0.0000e+00
   4056.441      97356   3804.000     2.5629     2.5630   3.275188   3.275536   48.99973  -16.49997     5.2748     5.2748    34.9149    34.9189   3738.183 0.0000e+00
   4057.467      97380   3805.000     2.5630     2.5630   3.275226   3.275570   48.99973  -16.49997     5.2743     5.2743    34.9148    34.9189   3739.157 0.0000e+00
   4058.511      97405   3806.000     2.5630     2.5630   3.275264   3.275607   48.99973  -16.49997     5.2728     5.2728    34.9148    34.9189   3740.131 0.0000e+00
   4059.513      97429   3807.000     2.5631     2.5630   3.275304   3.275645   48.99973  -16.49997     5.2700     5.2700    34.9148    34.9190   3741.106 0.0000e+00
   4060.443      97452   3808.000     2.5630     2.5630   3.275335   3.275677   48.99973  -16.49997     5.2685     5.2685    34.9149    34.9189   3742.080 0.0000e+00
   4061.311      97472   3809.000     2.5628     2.5628   3.275352   3.275695   48.99973  -16.49997     5.2694     5.2694    34.9148    34.9189   3743.054 0.0000e+00
   4062.144      97492   3810.000     2.5627     2.5626   3.275375   3.275711   48.99973  -16.49997     5.2708     5.2708    34.9148    34.9189   3744.028 0.0000e+00
   4062.976      97512   3811.000     2.5626     2.5625   3.275399   3.275732   48.99973  -16.49997     5.2718     5.2718    34.9148    34.9189   3745.002 0.0000e+00
   4063.844      97533   3812.000     2.5624     2.5623   3.275419   3.275749   48.99973  -16.49997     5.2723     5.2723    34.9147    34.9188   3745.976 0.0000e+00
   4064.789      97556   3813.000     2.5623     2.5621   3.275440   3.275763   48.99973  -16.49997     5.2702     5.2702    34.9147    34.9188   3746.951 0.0000e+00
   4065.837      97581   3814.000     2.5622     2.5619   3.275462   3.275783   48.99973  -16.49997     5.2655     5.2655    34.9147    34.9188   3747.925 0.0000e+00
   4066.954      97608   3815.000     2.5621     2.5619   3.275484   3.275810   48.99973  -16.49997     5.2625     5.2625    34.9147    34.9187   3748.899 0.0000e+00
   4068.038      97634   3816.000     2.5620     2.5618   3.275507   3.275838   48.99973  -16.49997     5.2670     5.2670    34.9146    34.9187   3749.873 0.0000e+00
   4069.032      97658   3817.000     2.5618     2.5618   3.275530   3.275864   48.99973  -16.49997     5.2704     5.2704    34.9146    34.9187   3750.847 0.0000e+00
   4069.947      97680   3818.000     2.5617     2.5617   3.275552   3.275885   48.99973  -16.49997     5.2724     5.2724    34.9146    34.9186   3751.821 0.0000e+00
   4070.815      97701   3819.000     2.5616     2.5616   3.275579   3.275914   48.99973  -16.49997     5.2736     5.2736    34.9146    34.9186   3752.796 0.0000e+00
   4071.664      97721   3820.000     2.5616     2.5615   3.275606   3.275942   48.99973  -16.49997     5.2739     5.2739    34.9145    34.9186   3753.770 0.0000e+00
   4072.521      97741   3821.000     2.5615     2.5614   3.275636   3.275969   48.99973  -16.49997     5.2734     5.2734    34.9145    34.9186   3754.744 0.0000e+00
   4073.413      97763   3822.000     2.5614     2.5613   3.275665   3.275992   48.99973  -16.49997     5.2716     5.2716    34.9145    34.9186   3755.718 0.0000e+00
   4074.367      97786   3823.000     2.5613     2.5610   3.275688   3.276008   48.99973  -16.49997     5.2702     5.2702    34.9145    34.9186   3756.692 0.0000e+00
   4075.401      97811   3824.000     2.5612     2.5609   3.275706   3.276027   48.99973  -16.49997     5.2703     5.2703    34.9145    34.9186   3757.666 0.0000e+00
   4076.499      97837   3825.000     2.5610     2.5607   3.275726   3.276047   48.99973  -16.49997     5.2695     5.2695    34.9144    34.9186   3758.640 0.0000e+00
   4077.574      97863   3826.000     2.5609     2.5607   3.275750   3.276075   48.99973  -16.49997     5.2696     5.2696    34.9144    34.9185   3759.614 0.0000e+00
   4078.560      97886   3827.000     2.5608     2.5606   3.275776   3.276107   48.99973  -16.49997     5.2700     5.2700    34.9144    34.9186   3760.588 0.0000e+00
   4079.452      97908   3828.000     2.5607     2.5606   3.275800   3.276136   48.99973  -16.49997     5.2701     5.2701    34.9144    34.9185   3761.563 0.0000e+00
   4080.280      97928   3829.000     2.5605     2.5605   3.275817   3.276156   48.99973  -16.49997     5.2696     5.2696    34.9144    34.9185   3762.537 0.0000e+00
   4081.083      97947   3830.000     2.5603     2.5603   3.275831   3.276172   48.99973  -16.49997     5.2684     5.2684    34.9143    34.9184   3763.511 0.0000e+00
   4081.895      97966   3831.000     2.5602     2.5602   3.275853   3.276195   48.99973  -16.49997     5.2674     5.2674    34.9143    34.9184   3764.485 0.0000e+00
   4082.759      97987   3832.000     2.5601     2.5601   3.275876   3.276218   48.99973  -16.49997     5.2664     5.2664    34.9143    34.9184   3765.459 0.0000e+00
   4083.708      98010   3833.000     2.5600     2.5599   3.275902   3.276242   48.99973  -16.49997     5.2648     5.2648    34.9143    34.9184   3766.433 0.0000e+00
   4084.748      98035   3834.000     2.5599     2.5598   3.275930   3.276268   48.99973  -16.49997     5.2663     5.2663    34.9143    34.9184   3767.407 0.0000e+00
   4085.826      98061   3835.000     2.5598     2.5597   3.275953   3.276291   48.99973  -16.49997     5.2670     5.2670    34.9142    34.9184   3768.381 0.0000e+00
   4086.873      98086   3836.000     2.5597     2.5596   3.275977   3.276312   48.99973  -16.49997     5.2679     5.2679    34.9143    34.9184   3769.355 0.0000e+00
   4087.869      98110   3837.000     2.5596     2.5594   3.276000   3.276326   48.99973  -16.49997     5.2673     5.2673    34.9142    34.9183   3770.329 0.0000e+00
   4088.813      98133   3838.000     2.5595     2.5593   3.276020   3.276352   48.99973  -16.49997     5.2639     5.2639    34.9141    34.9183   3771.303 0.0000e+00
   4089.711      98154   3839.000     2.5593     2.5592   3.276035   3.276376   48.99973  -16.49997     5.2627     5.2627    34.9141    34.9183   3772.277 0.0000e+00
   4090.577      98175   3840.000     2.5590     2.5589   3.276045   3.276383   48.99973  -16.49997     5.2653     5.2653    34.9141    34.9182   3773.251 0.0000e+00
   4091.449      98196   3841.000     2.5586     2.5584   3.276039   3.276371   48.99973  -16.49997     5.2686     5.2686    34.9140    34.9181   3774.225 0.0000e+00
   4092.369      98218   3842.000     2.5580     2.5579   3.276020   3.276352   48.99973  -16.49997     5.2684     5.2684    34.9140    34.9181   3775.199 0.0000e+00
   4093.373      98242   3843.000     2.5575     2.5574   3.276002   3.276343   48.99973  -16.49997     5.2672     5.2672    34.9139    34.9181   3776.173 0.0000e+00
   4094.419      98267   3844.000     2.5572     2.5571   3.276012   3.276357   48.99973  -16.49997     5.2681     5.2681    34.9139    34.9181   3777.148 0.0000e+00
   4095.415      98291   3845.000     2.5571     2.5570   3.276038   3.276382   48.99973  -16.49997     5.2668     5.2668    34.9139    34.9181   3778.122 0.0000e+00
   4096.322      98313   3846.000     2.5570     2.5570   3.276067   3.276407   48.99973  -16.49997     5.2646     5.2646    34.9139    34.9180   3779.096 0.0000e+00
   4097.164      98333   3847.000     2.5569     2.5568   3.276088   3.276426   48.99973  -16.49997     5.2647     5.2647    34.9139    34.9180   3780.070 0.0000e+00
   4097.992      98353   3848.000     2.5568     2.5567   3.276108   3.276450   48.99973  -16.49997     5.2665     5.2665    34.9138    34.9180   3781.044 0.0000e+00
   4098.863      98374   3849.000     2.5567     2.5566   3.276134   3.276478   48.99973  -16.49997     5.2660     5.2660    34.9138    34.9180   3782.018 0.0000e+00
   4099.831      98397   3850.000     2.5567     2.5566   3.276167   3.276507   48.99973  -16.49997     5.2647     5.2647    34.9138    34.9179   3782.992 0.0000e+00
   4100.903      98423   3851.000     2.5567     2.5566   3.276201   3.276541   48.99973  -16.49997     5.2668     5.2668    34.9138    34.9179   3783.965 0.0000e+00
   4101.988      98449   3852.000     2.5567     2.5566   3.276236   3.276577   48.99973  -16.49997     5.2694     5.2694    34.9138    34.9179   3784.940 0.0000e+00
   4102.982      98473   3853.000     2.5567     2.5567   3.276268   3.276614   48.99973  -16.49997     5.2708     5.2708    34.9137    34.9178   3785.914 0.0000e+00
   4103.878      98494   3854.000     2.5567     2.5567   3.276299   3.276650   48.99973  -16.49997     5.2704     5.2704    34.9137    34.9179   3786.888 0.0000e+00
   4104.725      98514   3855.000     2.5566     2.5567   3.276328   3.276682   48.99973  -16.49997     5.2698     5.2698    34.9137    34.9179   3787.862 0.0000e+00
