Data_example/SBE_Data_Processed/DY103/SeaBird/Data/Batch/DY103_CTD04cfal.cnv
* Sea-Bird SBE 9 Data File:
* FileName = C:\Users\sandm\Documents\Cruises\DY103\Data\CTD Raw Data\DY103_CTD04.hex
* Software Version Seasave V 7.26.7.121
* Temperature SN = 03P-4814
* Conductivity SN = 04C-2165
* Number of Bytes Per Scan = 41
* Number of Voltage Words = 4
* Number of Scans Averaged by the Deck Unit = 1
* NMEA Latitude = 48 56.57 N
* NMEA Longitude = 016 29.17 W
* NMEA UTC (Time) = Jun 29 2019  16:14:22
** Ship: RRS Discovery
** Cruise: DY103
** Cast: 04
** Station:
** Julian Day: 180
** Date: 29/06/19
** Time: 16:15
** Latitude: 48 56.57'N
** Longitude: 16 29.18'W
** Depth (uncorr m): 4809
** Principal Scientist: S Hartman
** Operator: J Wynar/T Powell
# nquan = 12
# nvalues = 28823                       
# units = specified
# name 0 = timeS: Time, Elapsed [seconds]
# name 1 = scan: Scan Count
# name 2 = prDM: Pressure, Digiquartz [db]
# name 3 = t090C: Temperature [ITS-90, deg C]
# name 4 = t190C: Temperature, 2 [ITS-90, deg C]
# name 5 = c0S/m: Conductivity [S/m]
# name 6 = c1S/m: Conductivity, 2 [S/m]
# name 7 = latitude: Latitude [deg]
# name 8 = longitude: Longitude [deg]
# name 9 = sbeox0ML/L: Oxygen, SBE 43 [ml/l]
# name 10 = sbeox0ML/L: Oxygen, SBE 43 [ml/l]
# name 11 = flag:  0.000e+00
# span 0 =     12.500,   1213.417       
# span 1 =        301,      29123       
# span 2 =      0.423,    105.209       
# span 3 =    11.6067,    17.2235       
# span 4 =    11.6071,    17.3806       
# span 5 =   0.057467,   4.457633       
# span 6 =   0.015279,   4.474470       
# span 7 =   48.94282,   48.94284       
# span 8 =  -16.48623,  -16.48621       
# span 9 =     3.7222,     6.2528       
# span 10 =     3.7222,     6.2528      
# span 11 = 0.0000e+00, 0.0000e+00      
# interval = seconds: 0.0416667
# start_time = Jun 29 2019 16:14:23 [System UTC, first data scan.]
# bad_flag = -9.990e-29
*END*
[from data line 15519]
    659.125      15820    104.774    11.6355    11.6348   4.018732   4.018717   48.94284  -16.48623     5.6677     5.6677 -9.990e-29
    659.167      15821    104.779    11.6354    11.6348   4.018731   4.018716   48.94284  -16.48623     5.6677     5.6677 -9.990e-29
    659.208      15822    104.783    11.6354    11.6348   4.018730   4.018714   48.94284  -16.48623     5.6677     5.6677 -9.990e-29
    659.250      15823    104.788    11.6354    11.6347   4.018730   4.018713   48.94284  -16.48623     5.6677     5.6677 -9.990e-29
    659.292      15824    104.793    11.6354    11.6347   4.018729   4.018711   48.94284  -16.48623     5.6677     5.6677 -9.990e-29
    659.333      15825    104.798    11.6354    11.6347   4.018728   4.018710   48.94284  -16.48623     5.6677     5.6677 -9.990e-29
    659.375      15826    104.802    11.6354    11.6347   4.018727   4.018709   48.94284  -16.48623     5.6677     5.6677 -9.990e-29
    659.417      15827    104.807    11.6354    11.6347   4.018726   4.018708   48.94284  -16.48623     5.6677     5.6677 -9.990e-29
    659.458      15828    104.811    11.6354    11.6347   4.018726   4.018707   48.94284  -16.48623     5.6677     5.6677 -9.990e-29
    659.500      15829    104.815    11.6354    11.6346   4.018725   4.018706   48.94284  -16.48623     5.6677     5.6677 -9.990e-29
    659.542      15830    104.819    11.6354    11.6346   4.018724   4.018706   48.94284  -16.48623     5.6677     5.6677 -9.990e-29
    659.583      15831    104.824    11.6353    11.6346   4.018723   4.018705   48.94284  -16.48623     5.6677     5.6677 -9.990e-29
    659.625      15832    104.828    11.6353    11.6346   4.018722   4.018704   48.94284  -16.48623     5.6677     5.6677 -9.990e-29
    659.667      15833    104.832    11.6353    11.6346   4.018721   4.018703   48.94284  -16.48623     5.6677     5.6677 -9.990e-29
    659.708      15834    104.836    11.6353    11.6346   4.018720   4.018702   48.94284  -16.48623     5.6678     5.6678 -9.990e-29
    659.750      15835    104.840    11.6353    11.6346   4.018719   4.018702   48.94284  -16.48623     5.6678     5.6678 -9.990e-29
    659.792      15836    104.843    11.6353    11.6346   4.018718   4.018701   48.94284  -16.48623     5.6678     5.6678 -9.990e-29
    659.833      15837    104.847    11.6353    11.6346   4.018717   4.018700   48.94284  -16.48623     5.6678     5.6678 -9.990e-29
    659.875      15838    104.851    11.6353    11.6345   4.018716   4.018699   48.94284  -16.48623     5.6678     5.6678 -9.990e-29
    659.917      15839    104.854    11.6353    11.6345   4.018715   4.018698   48.94284  -16.48623     5.6679     5.6679 -9.990e-29
    659.958      15840    104.858    11.6352    11.6345   4.018714   4.018698   48.94284  -16.48623     5.6679     5.6679 -9.990e-29
    660.000      15841    104.861    11.6352    11.6345   4.018713   4.018697   48.94284  -16.48623     5.6679     5.6679 -9.990e-29
    660.042      15842    104.864    11.6352    11.6345   4.018712   4.018696   48.94284  -16.48623     5.6679     5.6679 -9.990e-29
    660.083      15843    104.868    11.6352    11.6345   4.018711   4.018696   48.94284  -16.48623     5.6680     5.6680 -9.990e-29
    660.125      15844    104.871    11.6352    11.6345   4.018710   4.018695   48.94284  -16.48623     5.6680     5.6680 -9.990e-29
    660.167      15845    104.874    11.6352    11.6345   4.018709   4.018694   48.94284  -16.48623     5.6680     5.6680 -9.990e-29
    660.208      15846    104.877    11.6352    11.6345   4.018709   4.018694   48.94284  -16.48623     5.6681     5.6681 -9.990e-29
    660.250      15847    104.880    11.6352    11.6345   4.018708   4.018694   48.94284  -16.48623     5.6681     5.6681 -9.990e-29
    660.292      15848    104.883    11.6352    11.6345   4.018707   4.018693   48.94284  -16.48623     5.6681     5.6681 -9.990e-29
    660.333      15849    104.885    11.6351    11.6345   4.018706   4.018693   48.94284  -16.48623     5.6682     5.6682 -9.990e-29
    660.375      15850    104.888    11.6351    11.6345   4.018706   4.018693   48.94284  -16.48623     5.6682     5.6682 -9.990e-29
    660.417      15851    104.891    11.6351    11.6344   4.018705   4.018692   48.94284  -16.48623     5.6682     5.6682 -9.990e-29
    660.458      15852    104.893    11.6351    11.6344   4.018704   4.018692   48.94284  -16.48623     5.6683     5.6683 -9.990e-29
    660.500      15853    104.896    11.6351    11.6344   4.018704   4.018692   48.94284  -16.48623     5.6683     5.6683 -9.990e-29
    660.542      15854    104.898    11.6351    11.6344   4.018703   4.018692   48.94284  -16.48623     5.6683     5.6683 -9.990e-29
    660.583      15855    104.901    11.6351    11.6344   4.018702   4.018692   48.94284  -16.48623     5.6683     5.6683 -9.990e-29
    660.625      15856    104.903    11.6351    11.6344   4.018702   4.018692   48.94284  -16.48623     5.6684     5.6684 -9.990e-29
    660.667      15857    104.905    11.6351    11.6344   4.018701   4.018692   48.94284  -16.48623     5.6684     5.6684 -9.990e-29
    660.708      15858    104.907    11.6351    11.6344   4.018701   4.018693   48.94284  -16.48623     5.6684     5.6684 -9.990e-29
    660.750      15859    104.910    11.6351    11.6344   4.018700   4.018693   48.94284  -16.48623     5.6684     5.6684 -9.990e-29
    660.792      15860    104.912    11.6351    11.6345   4.018700   4.018693   48.94284  -16.48623     5.6684     5.6684 -9.990e-29
    660.833      15861    104.914    11.6351    11.6345   4.018699   4.018693   48.94284  -16.48623     5.6685     5.6685 -9.990e-29
    660.875      15862    104.916    11.6351    11.6345   4.018699   4.018693   48.94284  -16.48623     5.6685     5.6685 -9.990e-29
    660.917      15863    104.917    11.6351    11.6345   4.018699   4.018693   48.94284  -16.48623     5.6685     5.6685 -9.990e-29
    660.958      15864    104.919    11.6351    11.6345   4.018698   4.018694   48.94284  -16.48623     5.6685     5.6685 -9.990e-29
    661.000      15865    104.921    11.6351    11.6345   4.018698   4.018694   48.94284  -16.48623     5.6685     5.6685 -9.990e-29
    661.042      15866    104.923    11.6351    11.6345   4.018698   4.018694   48.94284  -16.48623     5.6685     5.6685 -9.990e-29
    661.083      15867    104.924    11.6351    11.6345   4.018698   4.018694   48.94284  -16.48623     5.6685     5.6685 -9.990e-29
    661.125      15868    104.926    11.6351    11.6345   4.018697   4.018695   48.94284  -16.48623     5.6685     5.6685 -9.990e-29
    661.167      15869    104.927    11.6350    11.6345   4.018697   4.018695   48.94284  -16.48623     5.6685     5.6685 -9.990e-29
    661.208      15870    104.928    11.6350    11.6345   4.018697   4.018695   48.94284  -16.48623     5.6685     5.6685 -9.990e-29
    661.250      15871    104.930    11.6351    11.6345   4.018697   4.018695   48.94284  -16.48623     5.6685     5.6685 -9.990e-29
    661.292      15872    104.931    11.6351    11.6345   4.018697   4.018696   48.94284  -16.48623     5.6684     5.6684 -9.990e-29
    661.333      15873    104.932    11.6350    11.6345   4.018696   4.018696   48.94284  -16.48623     5.6684     5.6684 -9.990e-29
    661.375      15874    104.933    11.6350    11.6345   4.018696   4.018696   48.94284  -16.48623     5.6684     5.6684 -9.990e-29
    661.417      15875    104.934    11.6350    11.6345   4.018696   4.018696   48.94284  -16.48623     5.6683     5.6683 -9.990e-29
    661.458      15876    104.935    11.6350    11.6345   4.018695   4.018697   48.94284  -16.48623     5.6683     5.6683 -9.990e-29
    661.500      15877    104.936    11.6350    11.6345   4.018695   4.018697   48.94284  -16.48623     5.6683     5.6683 -9.990e-29
    661.542      15878    104.937    11.6350    11.6345   4.018694   4.018697   48.94284  -16.48623     5.6682     5.6682 -9.990e-29
    661.583      15879    104.938    11.6350    11.6345   4.018694   4.018697   48.94284  -16.48623     5.6682     5.6682 -9.990e-29
    661.625      15880    104.939    11.6350    11.6345   4.018693   4.018697   48.94284  -16.48623     5.6682     5.6682 -9.990e-29
    661.667      15881    104.939    11.6350    11.6345   4.018693   4.018697   48.94284  -16.48623     5.6681     5.6681 -9.990e-29
    661.708      15882    104.940    11.6350    11.6345   4.018692   4.018698   48.94284  -16.48623     5.6681     5.6681 -9.990e-29
    661.750      15883    104.940    11.6350    11.6345   4.018692   4.018698   48.94284  -16.48623     5.6680     5.6680 -9.990e-29
    661.792      15884    104.941    11.6350    11.6345   4.018691   4.018698   48.94284  -16.48623     5.6680     5.6680 -9.990e-29
    661.833      15885    104.941    11.6350    11.6345   4.018691   4.018698   48.94284  -16.48623     5.6680     5.6680 -9.990e-29
    661.875      15886    104.942    11.6350    11.6346   4.018690   4.018698   48.94284  -16.48623     5.6679     5.6679 -9.990e-29
    661.917      15887    104.942    11.6350    11.6346   4.018690   4.018698   48.94284  -16.48623     5.6679     5.6679 -9.990e-29
    661.958      15888    104.942    11.6350    11.6346   4.018689   4.018698   48.94284  -16.48623     5.6678     5.6678 -9.990e-29
    662.000      15889    104.942    11.6349    11.6346   4.018689   4.018698   48.94284  -16.48623     5.6678     5.6678 -9.990e-29
    662.042      15890    104.942    11.6349    11.6346   4.018689   4.018698   48.94284  -16.48623     5.6677     5.6677 -9.990e-29
    662.083      15891    104.942    11.6349    11.6346   4.018688   4.018698   48.94284  -16.48623     5.6677     5.6677 -9.990e-29
    662.125      15892    104.942    11.6349    11.6346   4.018688   4.018698   48.94284  -16.48623     5.6676     5.6676 -9.990e-29
    662.167      15893    104.942    11.6349    11.6346   4.018688   4.018698   48.94284  -16.48623     5.6675     5.6675 -9.990e-29
    662.208      15894    104.942    11.6349    11.6346   4.018688   4.018698   48.94284  -16.48623     5.6675     5.6675 -9.990e-29
    662.250      15895    104.942    11.6349    11.6346   4.018688   4.018698   48.94284  -16.48623     5.6674     5.6674 -9.990e-29
    662.292      15896    104.942    11.6349    11.6346   4.018688   4.018698   48.94284  -16.48623     5.6674     5.6674 -9.990e-29
    662.333      15897    104.941    11.6349    11.6346   4.018688   4.018698   48.94284  -16.48623     5.6673     5.6673 -9.990e-29
    662.375      15898    104.941    11.6349    11.6346   4.018688   4.018697   48.94284  -16.48623     5.6672     5.6672 -9.990e-29
    662.417      15899    104.941    11.6349    11.6346   4.018688   4.018697   48.94284  -16.48623     5.6671     5.6671 -9.990e-29
    662.458      15900    104.940    11.6349    11.6346   4.018688   4.018697   48.94284  -16.48623     5.6671     5.6671 -9.990e-29
    662.500      15901    104.940    11.6349    11.6346   4.018688   4.018696   48.94284  -16.48623     5.6670     5.6670 -9.990e-29
    662.542      15902    104.939    11.6349    11.6346   4.018688   4.018696   48.94284  -16.48623     5.6669     5.6669 -9.990e-29
    662.583      15903    104.939    11.6349    11.6346   4.018688   4.018695   48.94284  -16.48623     5.6668     5.6668 -9.990e-29
    662.625      15904    104.938    11.6349    11.6346   4.018689   4.018695   48.94284  -16.48623     5.6667     5.6667 -9.990e-29
    662.667      15905    104.937    11.6349    11.6346   4.018689   4.018694   48.94284  -16.48623     5.6666     5.6666 -9.990e-29
    662.708      15906    104.937    11.6349    11.6346   4.018689   4.018694   48.94284  -16.48623     5.6665     5.6665 -9.990e-29
    662.750      15907    104.936    11.6349    11.6346   4.018689   4.018693   48.94284  -16.48623     5.6664     5.6664 -9.990e-29
    662.792      15908    104.935    11.6350    11.6346   4.018690   4.018693   48.94284  -16.48623     5.6663     5.6663 -9.990e-29
    662.833      15909    104.934    11.6350    11.6346   4.018690   4.018692   48.94284  -16.48623     5.6662     5.6662 -9.990e-29
    662.875      15910    104.933    11.6350    11.6346   4.018690   4.018691   48.94284  -16.48623     5.6660     5.6660 -9.990e-29
    662.917      15911    104.933    11.6350    11.6346   4.018691   4.018691   48.94284  -16.48623     5.6659     5.6659 -9.990e-29
    662.958      15912    104.932    11.6350    11.6346   4.018691   4.018690   48.94284  -16.48623     5.6658     5.6658 -9.990e-29
    663.000      15913    104.931    11.6350    11.6346   4.018691   4.018689   48.94284  -16.48623     5.6657     5.6657 -9.990e-29
    663.042      15914    104.930    11.6350    11.6346   4.018692   4.018688   48.94284  -16.48623     5.6655     5.6655 -9.990e-29
    663.083      15915    104.929    11.6350    11.6346   4.018692   4.018687   48.94284  -16.48623     5.6654     5.6654 -9.990e-29
    663.125      15916    104.928    11.6350    11.6346   4.018693   4.018685   48.94284  -16.48623     5.6652     5.6652 -9.990e-29
    663.167      15917    104.928    11.6350    11.6345   4.018693   4.018684   48.94284  -16.48623     5.6651     5.6651 -9.990e-29
    663.208      15918    104.927    11.6350    11.6345   4.018694   4.018683   48.94284  -16.48623     5.6649     5.6649 -9.990e-29
    663.250      15919    104.926    11.6350    11.6345   4.018695   4.018682   48.94284  -16.48623     5.6648     5.6648 -9.990e-29
    663.292      15920    104.925    11.6351    11.6345   4.018695   4.018680   48.94284  -16.48623     5.6646     5.6646 -9.990e-29
    663.333      15921    104.924    11.6351    11.6345   4.018696   4.018679   48.94284  -16.48623     5.6644     5.6644 -9.990e-29
    663.375      15922    104.923    11.6351    11.6345   4.018696   4.018677   48.94284  -16.48623     5.6643     5.6643 -9.990e-29
    663.417      15923    104.922    11.6351    11.6345   4.018697   4.018676   48.94284  -16.48623     5.6641     5.6641 -9.990e-29
    663.458      15924    104.922    11.6351    11.6345   4.018697   4.018674   48.94284  -16.48623     5.6639     5.6639 -9.990e-29
    663.500      15925    104.921    11.6351    11.6344   4.018698   4.018672   48.94284  -16.48623     5.6637     5.6637 -9.990e-29
    663.542      15926    104.920    11.6351    11.6344   4.018698   4.018671   48.94284  -16.48623     5.6636     5.6636 -9.990e-29
    663.583      15927    104.919    11.6351    11.6344   4.018699   4.018669   48.94284  -16.48623     5.6634     5.6634 -9.990e-29
    663.625      15928    104.918    11.6351    11.6344   4.018699   4.018668   48.94284  -16.48623     5.6632     5.6632 -9.990e-29
    663.667      15929    104.917    11.6351    11.6344   4.018699   4.018666   48.94284  -16.48623     5.6631     5.6631 -9.990e-29
    663.708      15930    104.917    11.6351    11.6344   4.018700   4.018665   48.94284  -16.48623     5.6629     5.6629 -9.990e-29
    663.750      15931    104.916    11.6351    11.6344   4.018700   4.018663   48.94284  -16.48623     5.6628     5.6628 -9.990e-29
    663.792      15932    104.915    11.6351    11.6343   4.018701   4.018662   48.94284  -16.48623     5.6626     5.6626 -9.990e-29
    663.833      15933    104.914    11.6351    11.6343   4.018701   4.018661   48.94284  -16.48623     5.6625     5.6625 -9.990e-29
    663.875      15934    104.914    11.6351    11.6343   4.018701   4.018659   48.94284  -16.48623     5.6624     5.6624 -9.990e-29
    663.917      15935    104.913    11.6352    11.6343   4.018701   4.018658   48.94284  -16.48623     5.6623     5.6623 -9.990e-29
    663.958      15936    104.912    11.6352    11.6343   4.018702   4.018656   48.94284  -16.48623     5.6622     5.6622 -9.990e-29
    664.000      15937    104.912    11.6352    11.6343   4.018702   4.018655   48.94284  -16.48623     5.6621     5.6621 -9.990e-29
    664.042      15938    104.911    11.6352    11.6343   4.018702   4.018654   48.94284  -16.48623     5.6621     5.6621 -9.990e-29
    664.083      15939    104.910    11.6352    11.6343   4.018702   4.018652   48.94284  -16.48623     5.6620     5.6620 -9.990e-29
