Data_example/SBE_Data_Processed/DY103/SeaBird/Data/Batch/DY103_CTD07cfaldb.cnv
* Sea-Bird SBE 9 Data File:
* FileName = C:\Users\sandm\Documents\Cruises\DY103\Data\CTD Raw Data\DY103_CTD07.hex
* Software Version Seasave V 7.26.7.121
* Temperature SN = 03P-4814
* Conductivity SN = 04C-2165
* Number of Bytes Per Scan = 41
* Number of Voltage Words = 4
* Number of Scans Averaged by the Deck Unit = 1
* NMEA Latitude = 48 59.98 N
* NMEA Longitude = 016 30.00 W
* NMEA UTC (Time) = Jul 01 2019  14:33:31
** Ship: RRS Discovery
** Cruise: DY103
** Cast: 07
** Station: 020
** Julian Day: 182
** Date: 01/07/19
** Time: 14:30
** Latitude: 49 00.00'N
** Longitude: 16 30.00'W
** Depth (uncorr m): 4810
** Principal Scientist: S Hartman
** Operator: J Wynar/T Powell
# nquan = 15
# nvalues = 4926                        
# units = specified
# name 0 = timeS: Time, Elapsed [seconds]
# name 1 = scan: Scan Count
# name 2 = prDM: Pressure, Digiquartz [db]
# name 3 = t090C: Temperature [ITS-90, deg C]
# name 4 = t190C: Temperature, 2 [ITS-90, deg C]
# name 5 = c0S/m: Conductivity [S/m]
# name 6 = c1S/m: Conductivity, 2 [S/m]
# name 7 = latitude: Latitude [deg]
# name 8 = longitude: Longitude [deg]
# name 9 = sbeox0ML/L: Oxygen, SBE 43 [ml/l]
# name 10 = sbeox0ML/L: Oxygen, SBE 43 [ml/l]
# name 11 = sal00: Salinity, Practical [PSU]
# name 12 = sal11: Salinity, Practical, 2 [PSU]
# name 13 = depSM: Depth [salt water, m], lat = 48.9997
# name 14 = flag: flag
# span 0 =    112.940,   5294.923       
# span 1 =       2712,     127079       
# span 2 =      1.000,   4925.000       
# span 3 =     2.5200,    16.2172       
# span 4 =     2.5198,    16.2340       
# span 5 =   3.271380,   4.442135       
# span 6 =   3.271704,   4.478179       
# span 7 =   48.99971,   48.99975       
# span 8 =  -16.49997,  -16.49995       
# span 9 =     3.8013,     6.0221       
# span 10 =     3.8013,     6.0221      
# span 11 =    27.5741,    35.6136      
# span 12 =    26.4189,    35.7227      
# span 13 =      0.992,   4827.581      
# span 14 = 0.0000e+00, 0.0000e+00      
# interval = decibars: 1                
# start_time = Jul 01 2019 14:33:31 [System UTC, first data scan.]
# bad_flag = -9.990e-29
*END*
[from data line 1157]
   1541.157      36989   1158.000     7.0555     7.0577   3.613080   3.613230   48.99973  -16.49997     4.8310     4.8310    35.3092    35.3086   1144.988 0.0000e+00
   1541.965      37008   1159.000     7.0445     7.0446   3.611975   3.611881   48.99973  -16.49997     4.8353     4.8353    35.3078    35.3066   1145.974 0.0000e+00
   1542.817      37029   1160.000     7.0299     7.0288   3.610495   3.610274   48.99973  -16.49997     4.8402     4.8402    35.3060    35.3046   1146.960 0.0000e+00
   1543.765      37051   1161.000     7.0159     7.0146   3.609065   3.608827   48.99973  -16.49997     4.8454     4.8454    35.3040    35.3028   1147.946 0.0000e+00
   1544.850      37077   1162.000     6.9992     6.9953   3.607330   3.606787   48.99973  -16.49997     4.8499     4.8499    35.3016    35.2996   1148.933 0.0000e+00
   1546.025      37106   1163.000     6.9728     6.9680   3.604620   3.603988   48.99973  -16.49997     4.8540     4.8540    35.2983    35.2963   1149.918 0.0000e+00
   1547.168      37133   1164.000     6.9514     6.9500   3.602439   3.602203   48.99973  -16.49997     4.8563     4.8563    35.2957    35.2946   1150.905 0.0000e+00
   1548.187      37157   1165.000     6.9400     6.9403   3.601284   3.601235   48.99973  -16.49997     4.8563     4.8563    35.2942    35.2933   1151.891 0.0000e+00
   1549.088      37179   1166.000     6.9310     6.9317   3.600371   3.600351   48.99973  -16.49997     4.8578     4.8578    35.2928    35.2920   1152.877 0.0000e+00
   1549.920      37199   1167.000     6.9213     6.9223   3.599391   3.599398   48.99973  -16.49997     4.8612     4.8612    35.2915    35.2906   1153.863 0.0000e+00
   1550.728      37218   1168.000     6.9125     6.9131   3.598496   3.598467   48.99973  -16.49997     4.8652     4.8652    35.2902    35.2892   1154.849 0.0000e+00
   1551.557      37238   1169.000     6.9022     6.9020   3.597450   3.597305   48.99973  -16.49997     4.8692     4.8692    35.2887    35.2874   1155.834 0.0000e+00
   1552.464      37260   1170.000     6.8877     6.8859   3.595968   3.595624   48.99973  -16.49997     4.8709     4.8709    35.2867    35.2848   1156.821 0.0000e+00
   1553.522      37286   1171.000     6.8694     6.8666   3.594083   3.593677   48.99973  -16.49997     4.8726     4.8726    35.2842    35.2826   1157.807 0.0000e+00
   1554.711      37314   1172.000     6.8554     6.8545   3.592645   3.592474   48.99973  -16.49997     4.8749     4.8749    35.2822    35.2813   1158.793 0.0000e+00
   1555.800      37340   1173.000     6.8463     6.8465   3.591717   3.591666   48.99973  -16.49997     4.8758     4.8758    35.2808    35.2800   1159.778 0.0000e+00
   1556.710      37362   1174.000     6.8393     6.8401   3.591006   3.591028   48.99973  -16.49997     4.8767     4.8767    35.2796    35.2791   1160.764 0.0000e+00
   1557.515      37381   1175.000     6.8349     6.8359   3.590568   3.590623   48.99973  -16.49996     4.8775     4.8775    35.2789    35.2785   1161.750 0.0000e+00
   1558.291      37400   1176.000     6.8314     6.8324   3.590223   3.590289   48.99973  -16.49996     4.8789     4.8789    35.2782    35.2779   1162.736 0.0000e+00
   1559.100      37419   1177.000     6.8281     6.8290   3.589907   3.589968   48.99973  -16.49996     4.8804     4.8804    35.2775    35.2773   1163.722 0.0000e+00
   1560.028      37442   1178.000     6.8254     6.8260   3.589644   3.589680   48.99973  -16.49996     4.8826     4.8826    35.2770    35.2768   1164.708 0.0000e+00
   1561.143      37468   1179.000     6.8222     6.8225   3.589344   3.589347   48.99973  -16.49997     4.8881     4.8881    35.2764    35.2762   1165.694 0.0000e+00
   1562.343      37497   1180.000     6.8173     6.8171   3.588865   3.588809   48.99973  -16.49997     4.8969     4.8969    35.2757    35.2753   1166.680 0.0000e+00
   1563.448      37524   1181.000     6.8085     6.8082   3.588006   3.587899   48.99973  -16.49997     4.9073     4.9073    35.2747    35.2739   1167.666 0.0000e+00
   1564.422      37547   1182.000     6.7961     6.7963   3.586784   3.586710   48.99973  -16.49997     4.9166     4.9166    35.2734    35.2725   1168.652 0.0000e+00
   1565.300      37568   1183.000     6.7843     6.7848   3.585616   3.585568   48.99973  -16.49997     4.9258     4.9258    35.2722    35.2712   1169.638 0.0000e+00
   1566.127      37588   1184.000     6.7717     6.7720   3.584368   3.584288   48.99973  -16.49997     4.9349     4.9349    35.2708    35.2696   1170.624 0.0000e+00
   1566.950      37608   1185.000     6.7567     6.7563   3.582865   3.582669   48.99973  -16.49997     4.9417     4.9417    35.2691    35.2674   1171.610 0.0000e+00
   1567.815      37629   1186.000     6.7344     6.7320   3.580588   3.580114   48.99973  -16.49997     4.9462     4.9462    35.2663    35.2635   1172.596 0.0000e+00
   1568.778      37652   1187.000     6.7058     6.7009   3.577628   3.576906   48.99973  -16.49997     4.9529     4.9529    35.2624    35.2594   1173.582 0.0000e+00
   1569.873      37678   1188.000     6.6783     6.6725   3.574771   3.573993   48.99973  -16.49997     4.9619     4.9619    35.2585    35.2558   1174.567 0.0000e+00
   1571.009      37705   1189.000     6.6487     6.6439   3.571729   3.571008   48.99973  -16.49997     4.9697     4.9697    35.2546    35.2516   1175.553 0.0000e+00
   1572.047      37730   1190.000     6.6140     6.6115   3.568164   3.567649   48.99973  -16.49997     4.9744     4.9744    35.2502    35.2471   1176.539 0.0000e+00
   1572.979      37753   1191.000     6.5849     6.5843   3.565184   3.564901   48.99973  -16.49997     4.9782     4.9782    35.2465    35.2440   1177.525 0.0000e+00
   1573.855      37774   1192.000     6.5642     6.5645   3.563061   3.562903   48.99973  -16.49997     4.9814     4.9814    35.2437    35.2417   1178.511 0.0000e+00
   1574.723      37794   1193.000     6.5489     6.5493   3.561484   3.561379   48.99973  -16.49997     4.9864     4.9864    35.2414    35.2398   1179.497 0.0000e+00
   1575.619      37816   1194.000     6.5364     6.5366   3.560194   3.560086   48.99973  -16.49997     4.9943     4.9943    35.2394    35.2380   1180.483 0.0000e+00
   1576.554      37838   1195.000     6.5236     6.5236   3.558882   3.558738   48.99973  -16.49997     5.0020     5.0020    35.2375    35.2360   1181.469 0.0000e+00
   1577.498      37861   1196.000     6.5075     6.5082   3.557238   3.557151   48.99973  -16.49997     5.0082     5.0082    35.2353    35.2336   1182.455 0.0000e+00
   1578.431      37883   1197.000     6.4870     6.4885   3.555149   3.555117   48.99973  -16.49997     5.0131     5.0131    35.2327    35.2308   1183.440 0.0000e+00
   1579.369      37906   1198.000     6.4677     6.4689   3.553193   3.553142   48.99973  -16.49997     5.0176     5.0176    35.2302    35.2285   1184.426 0.0000e+00
   1580.348      37929   1199.000     6.4494     6.4502   3.551342   3.551242   48.99973  -16.49997     5.0221     5.0221    35.2280    35.2261   1185.412 0.0000e+00
   1581.379      37954   1200.000     6.4324     6.4330   3.549652   3.549579   48.99973  -16.49997     5.0271     5.0271    35.2261    35.2247   1186.398 0.0000e+00
   1582.434      37979   1201.000     6.4228     6.4236   3.548750   3.548759   48.99973  -16.49997     5.0327     5.0327    35.2254    35.2247   1187.384 0.0000e+00
   1583.468      38004   1202.000     6.4187     6.4197   3.548451   3.548506   48.99973  -16.49997     5.0368     5.0368    35.2259    35.2255   1188.370 0.0000e+00
   1584.460      38028   1203.000     6.4151     6.4161   3.548201   3.548249   48.99973  -16.49997     5.0403     5.0403    35.2263    35.2258   1189.355 0.0000e+00
   1585.401      38051   1204.000     6.4100     6.4109   3.547759   3.547799   48.99973  -16.49997     5.0441     5.0441    35.2262    35.2256   1190.341 0.0000e+00
   1586.294      38072   1205.000     6.4023     6.4032   3.547064   3.547064   48.99973  -16.49997     5.0469     5.0469    35.2258    35.2250   1191.327 0.0000e+00
   1587.158      38093   1206.000     6.3916     6.3921   3.546039   3.545992   48.99973  -16.49997     5.0488     5.0488    35.2249    35.2239   1192.313 0.0000e+00
   1588.018      38113   1207.000     6.3794     6.3796   3.544854   3.544772   48.99973  -16.49997     5.0505     5.0505    35.2238    35.2227   1193.299 0.0000e+00
   1588.905      38135   1208.000     6.3688     6.3689   3.543800   3.543732   48.99973  -16.49997     5.0515     5.0515    35.2225    35.2216   1194.285 0.0000e+00
   1589.853      38157   1209.000     6.3623     6.3623   3.543167   3.543118   48.99973  -16.49997     5.0502     5.0502    35.2216    35.2210   1195.270 0.0000e+00
   1590.902      38183   1210.000     6.3593     6.3590   3.542874   3.542806   48.99973  -16.49997     5.0481     5.0481    35.2209    35.2205   1196.256 0.0000e+00
   1592.057      38210   1211.000     6.3573     6.3570   3.542689   3.542626   48.99973  -16.49997     5.0480     5.0480    35.2204    35.2201   1197.242 0.0000e+00
   1593.177      38237   1212.000     6.3550     6.3559   3.542486   3.542537   48.99973  -16.49997     5.0502     5.0502    35.2201    35.2198   1198.228 0.0000e+00
   1594.138      38260   1213.000     6.3526     6.3540   3.542264   3.542363   48.99973  -16.49997     5.0528     5.0528    35.2196    35.2193   1199.214 0.0000e+00
   1594.972      38280   1214.000     6.3505     6.3519   3.542086   3.542181   48.99973  -16.49997     5.0544     5.0544    35.2193    35.2189   1200.199 0.0000e+00
   1595.750      38299   1215.000     6.3482     6.3496   3.541881   3.541974   48.99973  -16.49997     5.0545     5.0545    35.2189    35.2185   1201.185 0.0000e+00
   1596.533      38318   1216.000     6.3459     6.3468   3.541672   3.541730   48.99973  -16.49997     5.0555     5.0555    35.2185    35.2182   1202.171 0.0000e+00
   1597.397      38339   1217.000     6.3440     6.3441   3.541507   3.541485   48.99973  -16.49997     5.0589     5.0589    35.2181    35.2177   1203.157 0.0000e+00
   1598.454      38364   1218.000     6.3412     6.3401   3.541253   3.541096   48.99973  -16.49997     5.0623     5.0623    35.2177    35.2170   1204.142 0.0000e+00
   1599.667      38393   1219.000     6.3354     6.3341   3.540684   3.540499   48.99973  -16.49997     5.0671     5.0671    35.2169    35.2161   1205.128 0.0000e+00
   1600.762      38419   1220.000     6.3268     6.3268   3.539834   3.539767   48.99973  -16.49997     5.0737     5.0737    35.2157    35.2150   1206.114 0.0000e+00
   1601.683      38441   1221.000     6.3183     6.3190   3.538984   3.538979   48.99973  -16.49997     5.0786     5.0786    35.2144    35.2137   1207.100 0.0000e+00
   1602.514      38461   1222.000     6.3099     6.3104   3.538136   3.538091   48.99973  -16.49997     5.0833     5.0833    35.2132    35.2122   1208.085 0.0000e+00
   1603.324      38481   1223.000     6.2991     6.2990   3.537044   3.536914   48.99973  -16.49997     5.0893     5.0893    35.2116    35.2103   1209.071 0.0000e+00
   1604.176      38501   1224.000     6.2867     6.2852   3.535779   3.535510   48.99973  -16.49997     5.0949     5.0949    35.2098    35.2083   1210.057 0.0000e+00
   1605.137      38524   1225.000     6.2702     6.2660   3.534084   3.533509   48.99973  -16.49997     5.1003     5.1003    35.2073    35.2052   1211.043 0.0000e+00
   1606.223      38550   1226.000     6.2448     6.2399   3.531479   3.530835   48.99973  -16.49997     5.1066     5.1066    35.2039    35.2018   1212.028 0.0000e+00
   1607.313      38577   1227.000     6.2225     6.2204   3.529201   3.528863   48.99973  -16.49997     5.1127     5.1127    35.2009    35.1992   1213.014 0.0000e+00
   1608.311      38600   1228.000     6.2050     6.2049   3.527413   3.527258   48.99973  -16.49997     5.1176     5.1176    35.1984    35.1968   1214.000 0.0000e+00
   1609.239      38623   1229.000     6.1859     6.1852   3.525458   3.525200   48.99973  -16.49997     5.1207     5.1207    35.1957    35.1936   1214.986 0.0000e+00
   1610.130      38644   1230.000     6.1657     6.1646   3.523403   3.523131   48.99973  -16.49997     5.1226     5.1226    35.1930    35.1911   1215.971 0.0000e+00
   1611.017      38665   1231.000     6.1505     6.1501   3.521844   3.521689   48.99973  -16.49997     5.1226     5.1226    35.1907    35.1894   1216.957 0.0000e+00
   1611.929      38687   1232.000     6.1409     6.1413   3.520862   3.520820   48.99973  -16.49997     5.1218     5.1218    35.1892    35.1883   1217.943 0.0000e+00
   1612.883      38710   1233.000     6.1352     6.1359   3.520287   3.520297   48.99973  -16.49997     5.1237     5.1237    35.1881    35.1875   1218.928 0.0000e+00
   1613.870      38734   1234.000     6.1312     6.1320   3.519883   3.519919   48.99973  -16.49997     5.1284     5.1284    35.1873    35.1868   1219.914 0.0000e+00
   1614.851      38757   1235.000     6.1273     6.1281   3.519511   3.519539   48.99973  -16.49997     5.1313     5.1313    35.1866    35.1861   1220.900 0.0000e+00
   1615.796      38780   1236.000     6.1229     6.1236   3.519092   3.519118   48.99973  -16.49997     5.1329     5.1329    35.1860    35.1855   1221.885 0.0000e+00
   1616.713      38802   1237.000     6.1188     6.1198   3.518733   3.518799   48.99973  -16.49997     5.1351     5.1351    35.1857    35.1854   1222.871 0.0000e+00
   1617.632      38824   1238.000     6.1165     6.1177   3.518561   3.518658   48.99973  -16.49997     5.1352     5.1352    35.1857    35.1855   1223.857 0.0000e+00
   1618.591      38847   1239.000     6.1147     6.1160   3.518435   3.518538   48.99973  -16.49997     5.1337     5.1337    35.1856    35.1854   1224.842 0.0000e+00
   1619.614      38872   1240.000     6.1132     6.1145   3.518314   3.518422   48.99973  -16.49997     5.1354     5.1354    35.1853    35.1852   1225.828 0.0000e+00
   1620.688      38898   1241.000     6.1116     6.1129   3.518185   3.518285   48.99973  -16.49997     5.1402     5.1402    35.1851    35.1849   1226.814 0.0000e+00
   1621.733      38923   1242.000     6.1089     6.1103   3.517940   3.518052   48.99973  -16.49997     5.1420     5.1420    35.1847    35.1845   1227.799 0.0000e+00
   1622.681      38945   1243.000     6.1047     6.1061   3.517556   3.517665   48.99973  -16.49997     5.1444     5.1444    35.1842    35.1839   1228.785 0.0000e+00
   1623.535      38966   1244.000     6.1001     6.1010   3.517147   3.517194   48.99973  -16.49997     5.1495     5.1495    35.1838    35.1834   1229.771 0.0000e+00
   1624.344      38985   1245.000     6.0967     6.0965   3.516855   3.516781   48.99973  -16.49997     5.1557     5.1557    35.1835    35.1830   1230.756 0.0000e+00
   1625.162      39005   1246.000     6.0905     6.0886   3.516274   3.515974   48.99973  -16.49997     5.1633     5.1633    35.1830    35.1816   1231.742 0.0000e+00
   1626.059      39026   1247.000     6.0768     6.0735   3.514904   3.514428   48.99973  -16.49997     5.1725     5.1725    35.1813    35.1793   1232.728 0.0000e+00
   1627.131      39052   1248.000     6.0598     6.0566   3.513190   3.512736   48.99973  -16.49997     5.1798     5.1798    35.1791    35.1772   1233.713 0.0000e+00
   1628.340      39081   1249.000     6.0419     6.0395   3.511377   3.510975   48.99973  -16.49997     5.1884     5.1884    35.1767    35.1747   1234.699 0.0000e+00
   1629.423      39107   1250.000     6.0185     6.0175   3.508995   3.508711   48.99973  -16.49997     5.2000     5.2000    35.1736    35.1714   1235.684 0.0000e+00
   1630.334      39129   1251.000     5.9958     5.9961   3.506711   3.506550   48.99973  -16.49997     5.2104     5.2104    35.1708    35.1687   1236.670 0.0000e+00
   1631.162      39149   1252.000     5.9728     5.9739   3.504383   3.504265   48.99973  -16.49997     5.2170     5.2170    35.1679    35.1654   1237.656 0.0000e+00
   1631.968      39168   1253.000     5.9459     5.9469   3.501652   3.501500   48.99973  -16.49997     5.2205     5.2205    35.1644    35.1617   1238.641 0.0000e+00
