Data_example/SBE_Data_Processed/DY103/SeaBird/Data/Batch/DY103_CTD12cfaldb.cnv
* Sea-Bird SBE 9 Data File:
* FileName = C:\Users\sandm\Documents\Cruises\DY103\Data\CTD Raw Data\DY103_CTD12.hex
* Software Version Seasave V 7.26.7.121
* Temperature SN = 03P-4814
* Conductivity SN = 04C-2165
* Number of Bytes Per Scan = 41
* Number of Voltage Words = 4
* Number of Scans Averaged by the Deck Unit = 1
* NMEA Latitude = 49 00.00 N
* NMEA Longitude = 016 30.00 W
* NMEA UTC (Time) = Jul 05 2019  12:57:09
** Ship: RRS Discovery
** Cruise: DY103
** Cast: 12
** Station:
** Julian Day: 186
** Date: 05/07/19
** Time: 13:00
** Latitude: 49 00.02'N
** Longitude: 16 30.02'W
** Depth (uncorr m): 4807
** Principal Scientist: S Hartman
** Operator: J Wynar/T Powell
# nquan = 15
# nvalues = 4922                        
# units = specified
# name 0 = timeS: Time, Elapsed [seconds]
# name 1 = scan: Scan Count
# name 2 = prDM: Pressure, Digiquartz [db]
# name 3 = t090C: Temperature [ITS-90, deg C]
# name 4 = t190C: Temperature, 2 [ITS-90, deg C]
# name 5 = c0S/m: Conductivity [S/m]
# name 6 = c1S/m: Conductivity, 2 [S/m]
# name 7 = latitude: Latitude [deg]
# name 8 = longitude: Longitude [deg]
# name 9 = sbeox0ML/L: Oxygen, SBE 43 [ml/l]
# name 10 = sbeox0ML/L: Oxygen, SBE 43 [ml/l]
# name 11 = sal00: Salinity, Practical [PSU]
# name 12 = sal11: Salinity, Practical, 2 [PSU]
# name 13 = depSM: Depth [salt water, m], lat = 49
# name 14 = flag: flag
# span 0 =    328.584,   5695.538       
# span 1 =       7887,     136694       
# span 2 =      1.000,   4927.000       
# span 3 =     2.5229,    16.5652       
# span 4 =     2.5228,    18.0953       
# span 5 =   3.136125,   4.499820       
# span 6 =   3.272228,   4.870076       
# span 7 =   48.82630,   49.00002       
# span 8 =  -16.49997,  -16.44145       
# span 9 =     3.3913,     6.1040       
# span 10 =     3.3913,     6.1040      
# span 11 =    23.9737,    35.5867      
# span 12 =    28.6055,    39.0068      
# span 13 =      0.992,   4829.520      
# span 14 = 0.0000e+00, 0.0000e+00      
# interval = decibars: 1                
# start_time = Jul 05 2019 12:57:09 [System UTC, first data scan.]
# bad_flag = -9.990e-29
*END*
[from data line 2892]
   3547.548      85142   2897.000     2.9342     2.9348   3.277378   3.277786   49.00002  -16.49995     5.5460     5.5460    34.9448    34.9490   2852.799 0.0000e+00
   3548.494      85165   2898.000     2.9319     2.9326   3.277212   3.277624   49.00002  -16.49995     5.5460     5.5460    34.9448    34.9490   2853.777 0.0000e+00
   3549.424      85187   2899.000     2.9304     2.9311   3.277115   3.277538   49.00002  -16.49994     5.5463     5.5463    34.9448    34.9490   2854.755 0.0000e+00
   3550.352      85209   2900.000     2.9295     2.9302   3.277067   3.277489   49.00002  -16.49994     5.5462     5.5462    34.9447    34.9490   2855.733 0.0000e+00
   3551.294      85232   2901.000     2.9287     2.9293   3.277036   3.277451   49.00002  -16.49994     5.5445     5.5445    34.9447    34.9490   2856.711 0.0000e+00
   3552.240      85255   2902.000     2.9282     2.9288   3.277026   3.277440   49.00002  -16.49995     5.5437     5.5437    34.9447    34.9490   2857.689 0.0000e+00
   3553.162      85277   2903.000     2.9280     2.9285   3.277044   3.277455   49.00002  -16.49995     5.5456     5.5456    34.9446    34.9490   2858.668 0.0000e+00
   3554.051      85298   2904.000     2.9280     2.9285   3.277073   3.277486   49.00002  -16.49995     5.5454     5.5454    34.9446    34.9489   2859.646 0.0000e+00
   3554.928      85319   2905.000     2.9279     2.9284   3.277104   3.277519   49.00002  -16.49995     5.5436     5.5436    34.9446    34.9490   2860.624 0.0000e+00
   3555.833      85341   2906.000     2.9279     2.9284   3.277136   3.277551   49.00002  -16.49995     5.5446     5.5446    34.9445    34.9489   2861.602 0.0000e+00
   3556.810      85364   2907.000     2.9278     2.9283   3.277170   3.277582   49.00002  -16.49995     5.5459     5.5459    34.9446    34.9489   2862.580 0.0000e+00
   3557.874      85390   2908.000     2.9278     2.9282   3.277205   3.277613   49.00002  -16.49995     5.5462     5.5462    34.9445    34.9489   2863.558 0.0000e+00
   3558.961      85416   2909.000     2.9277     2.9281   3.277235   3.277640   49.00002  -16.49995     5.5453     5.5453    34.9446    34.9489   2864.536 0.0000e+00
   3560.004      85441   2910.000     2.9276     2.9280   3.277263   3.277665   49.00002  -16.49995     5.5431     5.5431    34.9446    34.9489   2865.514 0.0000e+00
   3560.984      85465   2911.000     2.9275     2.9278   3.277293   3.277691   49.00002  -16.49995     5.5425     5.5425    34.9445    34.9489   2866.492 0.0000e+00
   3561.899      85487   2912.000     2.9274     2.9278   3.277327   3.277722   49.00002  -16.49995     5.5436     5.5436    34.9446    34.9489   2867.470 0.0000e+00
   3562.763      85507   2913.000     2.9274     2.9277   3.277363   3.277756   49.00002  -16.49995     5.5434     5.5434    34.9446    34.9490   2868.449 0.0000e+00
   3563.591      85527   2914.000     2.9274     2.9277   3.277397   3.277793   49.00002  -16.49995     5.5449     5.5449    34.9446    34.9489   2869.427 0.0000e+00
   3564.405      85547   2915.000     2.9272     2.9276   3.277421   3.277822   49.00002  -16.49995     5.5463     5.5463    34.9446    34.9489   2870.405 0.0000e+00
   3565.231      85567   2916.000     2.9269     2.9273   3.277431   3.277836   49.00002  -16.49995     5.5452     5.5452    34.9446    34.9489   2871.383 0.0000e+00
   3566.114      85588   2917.000     2.9263     2.9268   3.277418   3.277824   49.00002  -16.49995     5.5425     5.5425    34.9446    34.9490   2872.361 0.0000e+00
   3567.119      85612   2918.000     2.9253     2.9257   3.277366   3.277768   49.00002  -16.49995     5.5392     5.5392    34.9446    34.9490   2873.339 0.0000e+00
   3568.280      85640   2919.000     2.9240     2.9244   3.277289   3.277687   49.00002  -16.49995     5.5411     5.5411    34.9446    34.9489   2874.317 0.0000e+00
   3569.459      85668   2920.000     2.9229     2.9232   3.277225   3.277617   49.00002  -16.49995     5.5425     5.5425    34.9445    34.9488   2875.295 0.0000e+00
   3570.501      85693   2921.000     2.9217     2.9221   3.277153   3.277551   49.00002  -16.49995     5.5398     5.5398    34.9445    34.9488   2876.273 0.0000e+00
   3571.432      85715   2922.000     2.9207     2.9212   3.277100   3.277499   49.00002  -16.49995     5.5364     5.5364    34.9445    34.9488   2877.251 0.0000e+00
   3572.312      85736   2923.000     2.9199     2.9204   3.277065   3.277464   49.00002  -16.49995     5.5351     5.5351    34.9445    34.9487   2878.229 0.0000e+00
   3573.189      85758   2924.000     2.9192     2.9196   3.277038   3.277437   49.00002  -16.49995     5.5359     5.5359    34.9444    34.9487   2879.207 0.0000e+00
   3574.090      85779   2925.000     2.9185     2.9189   3.277010   3.277410   49.00002  -16.49995     5.5343     5.5343    34.9444    34.9487   2880.186 0.0000e+00
   3575.020      85801   2926.000     2.9176     2.9181   3.276969   3.277372   49.00002  -16.49995     5.5329     5.5329    34.9444    34.9487   2881.164 0.0000e+00
   3575.961      85824   2927.000     2.9164     2.9169   3.276896   3.277296   49.00002  -16.49995     5.5344     5.5344    34.9444    34.9486   2882.142 0.0000e+00
   3576.888      85846   2928.000     2.9151     2.9156   3.276815   3.277209   49.00002  -16.49995     5.5354     5.5354    34.9443    34.9485   2883.120 0.0000e+00
   3577.798      85868   2929.000     2.9139     2.9144   3.276749   3.277139   49.00002  -16.49995     5.5335     5.5335    34.9443    34.9484   2884.098 0.0000e+00
   3578.698      85890   2930.000     2.9128     2.9133   3.276680   3.277072   49.00002  -16.49995     5.5316     5.5316    34.9442    34.9484   2885.075 0.0000e+00
   3579.611      85912   2931.000     2.9113     2.9120   3.276582   3.276990   49.00002  -16.49995     5.5339     5.5339    34.9442    34.9483   2886.053 0.0000e+00
   3580.567      85935   2932.000     2.9100     2.9107   3.276505   3.276912   49.00002  -16.49995     5.5361     5.5361    34.9441    34.9483   2887.032 0.0000e+00
   3581.575      85959   2933.000     2.9092     2.9096   3.276463   3.276855   49.00002  -16.49995     5.5349     5.5349    34.9441    34.9483   2888.010 0.0000e+00
   3582.598      85983   2934.000     2.9085     2.9089   3.276438   3.276827   49.00002  -16.49995     5.5334     5.5334    34.9441    34.9483   2888.988 0.0000e+00
   3583.586      86007   2935.000     2.9081     2.9086   3.276443   3.276839   49.00002  -16.49995     5.5328     5.5328    34.9440    34.9483   2889.966 0.0000e+00
   3584.521      86029   2936.000     2.9080     2.9085   3.276470   3.276868   49.00002  -16.49995     5.5318     5.5318    34.9441    34.9483   2890.944 0.0000e+00
   3585.421      86051   2937.000     2.9080     2.9085   3.276503   3.276902   49.00002  -16.49995     5.5323     5.5323    34.9440    34.9482   2891.922 0.0000e+00
   3586.312      86072   2938.000     2.9080     2.9085   3.276540   3.276941   49.00002  -16.49995     5.5325     5.5325    34.9440    34.9483   2892.900 0.0000e+00
   3587.222      86094   2939.000     2.9080     2.9085   3.276576   3.276979   49.00002  -16.49995     5.5297     5.5297    34.9440    34.9483   2893.878 0.0000e+00
   3588.170      86117   2940.000     2.9080     2.9085   3.276611   3.277016   49.00002  -16.49995     5.5260     5.5260    34.9440    34.9482   2894.855 0.0000e+00
   3589.151      86141   2941.000     2.9080     2.9085   3.276646   3.277052   49.00002  -16.49995     5.5282     5.5282    34.9439    34.9482   2895.833 0.0000e+00
   3590.133      86164   2942.000     2.9080     2.9085   3.276677   3.277083   49.00002  -16.49995     5.5304     5.5304    34.9439    34.9482   2896.811 0.0000e+00
   3591.083      86187   2943.000     2.9079     2.9084   3.276706   3.277117   49.00002  -16.49995     5.5306     5.5306    34.9439    34.9482   2897.789 0.0000e+00
   3592.006      86209   2944.000     2.9078     2.9084   3.276734   3.277145   49.00002  -16.49995     5.5304     5.5304    34.9439    34.9482   2898.767 0.0000e+00
   3592.929      86231   2945.000     2.9075     2.9081   3.276754   3.277161   49.00002  -16.49995     5.5292     5.5292    34.9439    34.9481   2899.745 0.0000e+00
   3593.883      86254   2946.000     2.9072     2.9077   3.276756   3.277158   49.00002  -16.49995     5.5291     5.5291    34.9439    34.9481   2900.723 0.0000e+00
   3594.868      86278   2947.000     2.9064     2.9068   3.276726   3.277121   49.00002  -16.49995     5.5285     5.5285    34.9439    34.9481   2901.701 0.0000e+00
   3595.856      86302   2948.000     2.9050     2.9054   3.276634   3.277031   49.00002  -16.49995     5.5275     5.5275    34.9438    34.9481   2902.679 0.0000e+00
   3596.820      86325   2949.000     2.9032     2.9036   3.276514   3.276906   49.00002  -16.49995     5.5237     5.5237    34.9439    34.9481   2903.657 0.0000e+00
   3597.756      86347   2950.000     2.9013     2.9018   3.276390   3.276785   49.00002  -16.49995     5.5207     5.5207    34.9439    34.9481   2904.635 0.0000e+00
   3598.678      86369   2951.000     2.9000     2.9006   3.276308   3.276714   49.00002  -16.49995     5.5214     5.5214    34.9438    34.9481   2905.613 0.0000e+00
   3599.611      86392   2952.000     2.8991     2.8997   3.276261   3.276670   49.00002  -16.49995     5.5193     5.5193    34.9438    34.9480   2906.591 0.0000e+00
   3600.567      86415   2953.000     2.8984     2.8990   3.276240   3.276642   49.00002  -16.49995     5.5177     5.5177    34.9438    34.9480   2907.569 0.0000e+00
   3601.533      86438   2954.000     2.8981     2.8985   3.276245   3.276641   49.00002  -16.49995     5.5206     5.5206    34.9437    34.9480   2908.546 0.0000e+00
   3602.477      86460   2955.000     2.8980     2.8984   3.276270   3.276662   49.00002  -16.49995     5.5228     5.5228    34.9437    34.9480   2909.525 0.0000e+00
   3603.389      86482   2956.000     2.8980     2.8983   3.276299   3.276692   49.00002  -16.49995     5.5223     5.5223    34.9437    34.9480   2910.502 0.0000e+00
   3604.290      86504   2957.000     2.8979     2.8982   3.276328   3.276717   49.00002  -16.49995     5.5205     5.5205    34.9436    34.9480   2911.480 0.0000e+00
   3605.228      86526   2958.000     2.8976     2.8979   3.276342   3.276726   49.00002  -16.49995     5.5188     5.5188    34.9436    34.9479   2912.458 0.0000e+00
   3606.251      86551   2959.000     2.8971     2.8973   3.276328   3.276713   49.00002  -16.49995     5.5185     5.5185    34.9436    34.9479   2913.436 0.0000e+00
   3607.342      86577   2960.000     2.8962     2.8966   3.276290   3.276681   49.00002  -16.49995     5.5163     5.5163    34.9436    34.9478   2914.414 0.0000e+00
   3608.396      86603   2961.000     2.8949     2.8954   3.276210   3.276607   49.00002  -16.49995     5.5142     5.5142    34.9435    34.9478   2915.392 0.0000e+00
   3609.347      86625   2962.000     2.8932     2.8937   3.276088   3.276488   49.00002  -16.49995     5.5162     5.5162    34.9435    34.9477   2916.370 0.0000e+00
   3610.212      86646   2963.000     2.8914     2.8919   3.275969   3.276368   49.00002  -16.49995     5.5189     5.5189    34.9435    34.9477   2917.347 0.0000e+00
   3611.033      86666   2964.000     2.8901     2.8906   3.275890   3.276288   49.00002  -16.49995     5.5187     5.5187    34.9434    34.9477   2918.325 0.0000e+00
   3611.864      86686   2965.000     2.8893     2.8897   3.275851   3.276245   49.00002  -16.49995     5.5153     5.5153    34.9434    34.9476   2919.303 0.0000e+00
   3612.754      86707   2966.000     2.8885     2.8890   3.275823   3.276214   49.00002  -16.49995     5.5135     5.5135    34.9434    34.9476   2920.281 0.0000e+00
   3613.744      86731   2967.000     2.8878     2.8882   3.275792   3.276180   49.00002  -16.49995     5.5147     5.5147    34.9434    34.9476   2921.259 0.0000e+00
   3614.813      86757   2968.000     2.8870     2.8873   3.275748   3.276128   49.00002  -16.49995     5.5144     5.5144    34.9433    34.9475   2922.237 0.0000e+00
   3615.866      86782   2969.000     2.8862     2.8865   3.275715   3.276097   49.00002  -16.49995     5.5111     5.5111    34.9432    34.9475   2923.214 0.0000e+00
   3616.848      86805   2970.000     2.8856     2.8859   3.275698   3.276084   49.00002  -16.49995     5.5093     5.5093    34.9432    34.9475   2924.192 0.0000e+00
   3617.776      86828   2971.000     2.8850     2.8853   3.275670   3.276061   49.00002  -16.49995     5.5108     5.5108    34.9431    34.9474   2925.170 0.0000e+00
   3618.681      86849   2972.000     2.8841     2.8845   3.275626   3.276020   49.00002  -16.49995     5.5106     5.5106    34.9431    34.9474   2926.148 0.0000e+00
   3619.590      86871   2973.000     2.8828     2.8832   3.275546   3.275940   49.00002  -16.49995     5.5089     5.5089    34.9431    34.9473   2927.126 0.0000e+00
   3620.517      86893   2974.000     2.8813     2.8816   3.275449   3.275839   49.00002  -16.49995     5.5055     5.5055    34.9430    34.9473   2928.104 0.0000e+00
   3621.458      86916   2975.000     2.8800     2.8803   3.275372   3.275760   49.00002  -16.49995     5.5044     5.5044    34.9430    34.9473   2929.081 0.0000e+00
   3622.395      86938   2976.000     2.8789     2.8793   3.275311   3.275705   49.00002  -16.49995     5.5030     5.5030    34.9429    34.9472   2930.060 0.0000e+00
   3623.317      86961   2977.000     2.8778     2.8782   3.275242   3.275644   49.00002  -16.49995     5.5023     5.5023    34.9429    34.9472   2931.037 0.0000e+00
   3624.237      86983   2978.000     2.8768     2.8773   3.275195   3.275598   49.00002  -16.49995     5.5042     5.5042    34.9429    34.9472   2932.015 0.0000e+00
   3625.170      87005   2979.000     2.8762     2.8766   3.275174   3.275574   49.00002  -16.49995     5.5031     5.5031    34.9429    34.9472   2932.993 0.0000e+00
   3626.123      87028   2980.000     2.8756     2.8759   3.275155   3.275545   49.00002  -16.49995     5.4991     5.4991    34.9429    34.9471   2933.970 0.0000e+00
   3627.079      87051   2981.000     2.8747     2.8750   3.275114   3.275498   49.00002  -16.49995     5.4982     5.4982    34.9428    34.9470   2934.948 0.0000e+00
   3628.015      87073   2982.000     2.8738     2.8741   3.275064   3.275451   49.00002  -16.49995     5.4995     5.4995    34.9428    34.9470   2935.926 0.0000e+00
   3628.925      87095   2983.000     2.8729     2.8732   3.275018   3.275410   49.00002  -16.49995     5.4979     5.4979    34.9427    34.9470   2936.904 0.0000e+00
   3629.825      87117   2984.000     2.8723     2.8727   3.275003   3.275398   49.00002  -16.49995     5.4957     5.4957    34.9427    34.9470   2937.881 0.0000e+00
   3630.739      87139   2985.000     2.8720     2.8724   3.275015   3.275413   49.00002  -16.49995     5.4972     5.4972    34.9427    34.9470   2938.859 0.0000e+00
   3631.685      87161   2986.000     2.8718     2.8723   3.275036   3.275435   49.00002  -16.49995     5.4982     5.4982    34.9427    34.9470   2939.837 0.0000e+00
   3632.672      87185   2987.000     2.8717     2.8720   3.275057   3.275451   49.00002  -16.49995     5.4966     5.4966    34.9427    34.9470   2940.815 0.0000e+00
   3633.701      87210   2988.000     2.8715     2.8718   3.275078   3.275462   49.00002  -16.49995     5.4926     5.4926    34.9426    34.9469   2941.793 0.0000e+00
   3634.742      87235   2989.000     2.8711     2.8713   3.275084   3.275451   49.00002  -16.49995     5.4900     5.4900    34.9426    34.9469   2942.770 0.0000e+00
   3635.743      87259   2990.000     2.8705     2.8706   3.275060   3.275424   49.00002  -16.49995     5.4892     5.4892    34.9426    34.9469   2943.748 0.0000e+00
   3636.680      87281   2991.000     2.8699     2.8701   3.275044   3.275424   49.00002  -16.49995     5.4877     5.4877    34.9426    34.9469   2944.726 0.0000e+00
