Data_example/SBE_Data_Processed/DY103/SeaBird/Data/Batch/DY103_CTD09cf.cnv
* Sea-Bird SBE 9 Data File:
* FileName = C:\Users\sandm\Documents\Cruises\DY103\Data\CTD Raw Data\DY103_CTD09.hex
* Software Version Seasave V 7.26.7.121
* Temperature SN = 03P-4814
* Conductivity SN = 04C-2165
* Number of Bytes Per Scan = 41
* Number of Voltage Words = 4
* Number of Scans Averaged by the Deck Unit = 1
* NMEA Latitude = 48 57.69 N
* NMEA Longitude = 016 22.45 W
* NMEA UTC (Time) = Jul 03 2019  15:13:00
** Ship: RRS Discovery
** Cruise: DY103
** Cast: 09
** Station:
** Julian Day: 184
** Date: 03/07/19
** Time: 15:20
** Latitude: 48 57.69'N
** Longitude: 16 22.45'W
** Depth (uncorr m): 4811
** Principal Scientist: S Hartman
** Operator: J Wynar/T Powell
# nquan = 12
# nvalues = 12004                       
# units = specified
# name 0 = timeS: Time, Elapsed [seconds]
# name 1 = scan: Scan Count
# name 2 = prDM: Pressure, Digiquartz [db]
# name 3 = t090C: Temperature [ITS-90, deg C]
# name 4 = t190C: Temperature, 2 [ITS-90, deg C]
# name 5 = c0S/m: Conductivity [S/m]
# name 6 = c1S/m: Conductivity, 2 [S/m]
# name 7 = latitude: Latitude [deg]
# name 8 = longitude: Longitude [deg]
# name 9 = sbeox0ML/L: Oxygen, SBE 43 [ml/l]
# name 10 = sbeox0ML/L: Oxygen, SBE 43 [ml/l]
# name 11 = flag:  0.000e+00
# span 0 =     12.500,    512.625       
# span 1 =        301,      12304       
# span 2 =      0.618,    102.617       
# span 3 =    12.0859,    17.1790       
# span 4 =    12.0854,    19.1483       
# span 5 =   0.004298,   4.483840       
# span 6 =   0.000657,   4.487550       
# span 7 =   48.96148,   48.96148       
# span 8 =  -16.37420,  -16.37419       
# span 9 =     3.8839,     7.1089       
# span 10 =     3.8839,     7.1089      
# span 11 = 0.0000e+00, 0.0000e+00      
# interval = seconds: 0.0416667
# start_time = Jul 03 2019 15:13:01 [System UTC, first data scan.]
# bad_flag = -9.990e-29
*END*
[from data line 9023]
    388.458       9324     24.356    14.8647    14.8571   4.333533   4.332655   48.96148  -16.37419     5.9462     5.9462 0.0000e+00
    388.500       9325     24.378    14.8641    14.8568   4.333475   4.332631   48.96148  -16.37419     5.9464     5.9464 0.0000e+00
    388.542       9326     24.400    14.8636    14.8566   4.333419   4.332607   48.96148  -16.37419     5.9466     5.9466 0.0000e+00
    388.583       9327     24.422    14.8631    14.8563   4.333364   4.332584   48.96148  -16.37419     5.9468     5.9468 0.0000e+00
    388.625       9328     24.444    14.8625    14.8561   4.333311   4.332561   48.96148  -16.37419     5.9470     5.9470 0.0000e+00
    388.667       9329     24.466    14.8620    14.8559   4.333260   4.332538   48.96148  -16.37419     5.9473     5.9473 0.0000e+00
    388.708       9330     24.489    14.8616    14.8556   4.333209   4.332515   48.96148  -16.37419     5.9476     5.9476 0.0000e+00
    388.750       9331     24.511    14.8611    14.8554   4.333160   4.332492   48.96148  -16.37419     5.9479     5.9479 0.0000e+00
    388.792       9332     24.533    14.8606    14.8552   4.333113   4.332470   48.96148  -16.37419     5.9482     5.9482 0.0000e+00
    388.833       9333     24.555    14.8602    14.8549   4.333067   4.332447   48.96148  -16.37419     5.9486     5.9486 0.0000e+00
    388.875       9334     24.578    14.8597    14.8547   4.333021   4.332425   48.96148  -16.37419     5.9489     5.9489 0.0000e+00
    388.917       9335     24.600    14.8593    14.8545   4.332978   4.332402   48.96148  -16.37419     5.9493     5.9493 0.0000e+00
    388.958       9336     24.622    14.8589    14.8542   4.332935   4.332380   48.96148  -16.37419     5.9497     5.9497 0.0000e+00
    389.000       9337     24.644    14.8585    14.8540   4.332893   4.332358   48.96148  -16.37419     5.9500     5.9500 0.0000e+00
    389.042       9338     24.666    14.8581    14.8538   4.332852   4.332336   48.96148  -16.37419     5.9504     5.9504 0.0000e+00
    389.083       9339     24.688    14.8577    14.8536   4.332813   4.332314   48.96148  -16.37419     5.9508     5.9508 0.0000e+00
    389.125       9340     24.711    14.8573    14.8533   4.332774   4.332292   48.96148  -16.37419     5.9512     5.9512 0.0000e+00
    389.167       9341     24.733    14.8569    14.8531   4.332736   4.332270   48.96148  -16.37419     5.9516     5.9516 0.0000e+00
    389.208       9342     24.755    14.8566    14.8529   4.332698   4.332248   48.96148  -16.37419     5.9520     5.9520 0.0000e+00
    389.250       9343     24.777    14.8562    14.8527   4.332662   4.332226   48.96148  -16.37419     5.9524     5.9524 0.0000e+00
    389.292       9344     24.800    14.8559    14.8524   4.332626   4.332205   48.96148  -16.37419     5.9529     5.9529 0.0000e+00
    389.333       9345     24.822    14.8555    14.8522   4.332591   4.332183   48.96148  -16.37419     5.9533     5.9533 0.0000e+00
    389.375       9346     24.844    14.8552    14.8520   4.332556   4.332162   48.96148  -16.37419     5.9537     5.9537 0.0000e+00
    389.417       9347     24.866    14.8549    14.8518   4.332523   4.332142   48.96148  -16.37419     5.9541     5.9541 0.0000e+00
    389.458       9348     24.888    14.8545    14.8516   4.332490   4.332121   48.96148  -16.37419     5.9545     5.9545 0.0000e+00
    389.500       9349     24.910    14.8542    14.8514   4.332457   4.332101   48.96148  -16.37419     5.9549     5.9549 0.0000e+00
    389.542       9350     24.932    14.8539    14.8512   4.332426   4.332080   48.96148  -16.37419     5.9553     5.9553 0.0000e+00
    389.583       9351     24.954    14.8536    14.8510   4.332395   4.332060   48.96148  -16.37419     5.9556     5.9556 0.0000e+00
    389.625       9352     24.976    14.8533    14.8508   4.332365   4.332041   48.96148  -16.37419     5.9560     5.9560 0.0000e+00
    389.667       9353     24.997    14.8530    14.8506   4.332336   4.332021   48.96148  -16.37419     5.9564     5.9564 0.0000e+00
    389.708       9354     25.019    14.8528    14.8504   4.332307   4.332002   48.96148  -16.37419     5.9568     5.9568 0.0000e+00
    389.750       9355     25.041    14.8525    14.8502   4.332279   4.331983   48.96148  -16.37419     5.9571     5.9571 0.0000e+00
    389.792       9356     25.063    14.8522    14.8500   4.332252   4.331965   48.96148  -16.37419     5.9575     5.9575 0.0000e+00
    389.833       9357     25.084    14.8520    14.8498   4.332225   4.331946   48.96148  -16.37419     5.9578     5.9578 0.0000e+00
    389.875       9358     25.106    14.8517    14.8496   4.332198   4.331928   48.96148  -16.37419     5.9582     5.9582 0.0000e+00
    389.917       9359     25.127    14.8514    14.8494   4.332172   4.331910   48.96148  -16.37419     5.9585     5.9585 0.0000e+00
    389.958       9360     25.149    14.8512    14.8492   4.332147   4.331892   48.96148  -16.37419     5.9588     5.9588 0.0000e+00
    390.000       9361     25.170    14.8509    14.8491   4.332122   4.331874   48.96148  -16.37419     5.9591     5.9591 0.0000e+00
    390.042       9362     25.191    14.8507    14.8489   4.332097   4.331856   48.96148  -16.37419     5.9594     5.9594 0.0000e+00
    390.083       9363     25.213    14.8505    14.8487   4.332073   4.331837   48.96148  -16.37419     5.9597     5.9597 0.0000e+00
    390.125       9364     25.234    14.8502    14.8485   4.332049   4.331819   48.96148  -16.37419     5.9600     5.9600 0.0000e+00
    390.167       9365     25.255    14.8500    14.8483   4.332025   4.331801   48.96148  -16.37419     5.9602     5.9602 0.0000e+00
    390.208       9366     25.276    14.8498    14.8481   4.332002   4.331782   48.96148  -16.37419     5.9605     5.9605 0.0000e+00
    390.250       9367     25.297    14.8495    14.8480   4.331979   4.331764   48.96148  -16.37419     5.9607     5.9607 0.0000e+00
    390.292       9368     25.318    14.8493    14.8478   4.331957   4.331745   48.96148  -16.37419     5.9610     5.9610 0.0000e+00
    390.333       9369     25.338    14.8491    14.8476   4.331935   4.331726   48.96148  -16.37419     5.9612     5.9612 0.0000e+00
    390.375       9370     25.359    14.8489    14.8474   4.331913   4.331707   48.96148  -16.37419     5.9615     5.9615 0.0000e+00
    390.417       9371     25.380    14.8487    14.8472   4.331892   4.331688   48.96148  -16.37419     5.9617     5.9617 0.0000e+00
    390.458       9372     25.400    14.8484    14.8470   4.331872   4.331670   48.96148  -16.37419     5.9619     5.9619 0.0000e+00
    390.500       9373     25.421    14.8482    14.8468   4.331851   4.331651   48.96148  -16.37419     5.9621     5.9621 0.0000e+00
    390.542       9374     25.441    14.8480    14.8466   4.331831   4.331632   48.96148  -16.37419     5.9623     5.9623 0.0000e+00
    390.583       9375     25.461    14.8478    14.8464   4.331812   4.331613   48.96148  -16.37419     5.9625     5.9625 0.0000e+00
    390.625       9376     25.482    14.8476    14.8462   4.331793   4.331594   48.96148  -16.37419     5.9627     5.9627 0.0000e+00
    390.667       9377     25.502    14.8474    14.8461   4.331775   4.331576   48.96148  -16.37419     5.9629     5.9629 0.0000e+00
    390.708       9378     25.522    14.8473    14.8459   4.331757   4.331557   48.96148  -16.37419     5.9631     5.9631 0.0000e+00
    390.750       9379     25.542    14.8471    14.8457   4.331740   4.331539   48.96148  -16.37419     5.9632     5.9632 0.0000e+00
    390.792       9380     25.562    14.8469    14.8455   4.331723   4.331520   48.96148  -16.37419     5.9634     5.9634 0.0000e+00
    390.833       9381     25.582    14.8467    14.8453   4.331707   4.331501   48.96148  -16.37419     5.9635     5.9635 0.0000e+00
    390.875       9382     25.601    14.8466    14.8451   4.331691   4.331482   48.96148  -16.37419     5.9637     5.9637 0.0000e+00
    390.917       9383     25.621    14.8464    14.8449   4.331675   4.331463   48.96148  -16.37419     5.9638     5.9638 0.0000e+00
    390.958       9384     25.641    14.8462    14.8447   4.331660   4.331445   48.96148  -16.37419     5.9640     5.9640 0.0000e+00
    391.000       9385     25.660    14.8461    14.8445   4.331645   4.331426   48.96148  -16.37419     5.9641     5.9641 0.0000e+00
    391.042       9386     25.679    14.8459    14.8443   4.331630   4.331407   48.96148  -16.37419     5.9642     5.9642 0.0000e+00
    391.083       9387     25.699    14.8457    14.8442   4.331615   4.331388   48.96148  -16.37419     5.9643     5.9643 0.0000e+00
    391.125       9388     25.718    14.8456    14.8440   4.331601   4.331369   48.96148  -16.37419     5.9644     5.9644 0.0000e+00
    391.167       9389     25.737    14.8454    14.8438   4.331586   4.331350   48.96148  -16.37419     5.9646     5.9646 0.0000e+00
    391.208       9390     25.756    14.8453    14.8436   4.331572   4.331331   48.96148  -16.37419     5.9646     5.9646 0.0000e+00
    391.250       9391     25.775    14.8451    14.8434   4.331557   4.331313   48.96148  -16.37419     5.9647     5.9647 0.0000e+00
    391.292       9392     25.793    14.8450    14.8432   4.331543   4.331294   48.96148  -16.37419     5.9648     5.9648 0.0000e+00
    391.333       9393     25.812    14.8448    14.8430   4.331529   4.331275   48.96148  -16.37419     5.9649     5.9649 0.0000e+00
    391.375       9394     25.831    14.8446    14.8428   4.331515   4.331256   48.96148  -16.37419     5.9650     5.9650 0.0000e+00
    391.417       9395     25.849    14.8445    14.8426   4.331501   4.331237   48.96148  -16.37419     5.9650     5.9650 0.0000e+00
    391.458       9396     25.867    14.8443    14.8424   4.331488   4.331218   48.96148  -16.37419     5.9651     5.9651 0.0000e+00
    391.500       9397     25.886    14.8442    14.8423   4.331475   4.331199   48.96148  -16.37419     5.9652     5.9652 0.0000e+00
    391.542       9398     25.904    14.8440    14.8421   4.331462   4.331180   48.96148  -16.37419     5.9652     5.9652 0.0000e+00
    391.583       9399     25.922    14.8439    14.8419   4.331449   4.331161   48.96148  -16.37419     5.9653     5.9653 0.0000e+00
    391.625       9400     25.940    14.8437    14.8417   4.331437   4.331141   48.96148  -16.37419     5.9653     5.9653 0.0000e+00
    391.667       9401     25.958    14.8436    14.8415   4.331425   4.331122   48.96148  -16.37419     5.9654     5.9654 0.0000e+00
    391.708       9402     25.976    14.8434    14.8413   4.331413   4.331103   48.96148  -16.37419     5.9654     5.9654 0.0000e+00
    391.750       9403     25.994    14.8433    14.8411   4.331401   4.331084   48.96148  -16.37419     5.9654     5.9654 0.0000e+00
    391.792       9404     26.011    14.8431    14.8409   4.331390   4.331065   48.96148  -16.37419     5.9654     5.9654 0.0000e+00
    391.833       9405     26.029    14.8430    14.8407   4.331379   4.331046   48.96148  -16.37419     5.9654     5.9654 0.0000e+00
    391.875       9406     26.046    14.8429    14.8405   4.331368   4.331028   48.96148  -16.37419     5.9655     5.9655 0.0000e+00
    391.917       9407     26.064    14.8427    14.8403   4.331358   4.331009   48.96148  -16.37419     5.9655     5.9655 0.0000e+00
    391.958       9408     26.081    14.8426    14.8401   4.331347   4.330990   48.96148  -16.37419     5.9654     5.9654 0.0000e+00
    392.000       9409     26.098    14.8425    14.8399   4.331338   4.330971   48.96148  -16.37419     5.9654     5.9654 0.0000e+00
    392.042       9410     26.115    14.8423    14.8397   4.331328   4.330953   48.96148  -16.37419     5.9654     5.9654 0.0000e+00
    392.083       9411     26.132    14.8422    14.8395   4.331319   4.330934   48.96148  -16.37419     5.9654     5.9654 0.0000e+00
    392.125       9412     26.149    14.8421    14.8393   4.331310   4.330915   48.96148  -16.37419     5.9654     5.9654 0.0000e+00
    392.167       9413     26.166    14.8420    14.8391   4.331301   4.330897   48.96148  -16.37419     5.9654     5.9654 0.0000e+00
    392.208       9414     26.183    14.8419    14.8389   4.331293   4.330878   48.96148  -16.37419     5.9653     5.9653 0.0000e+00
    392.250       9415     26.199    14.8417    14.8387   4.331285   4.330859   48.96148  -16.37419     5.9653     5.9653 0.0000e+00
    392.292       9416     26.216    14.8416    14.8385   4.331278   4.330841   48.96148  -16.37419     5.9653     5.9653 0.0000e+00
    392.333       9417     26.232    14.8415    14.8383   4.331270   4.330822   48.96148  -16.37419     5.9652     5.9652 0.0000e+00
    392.375       9418     26.249    14.8414    14.8381   4.331263   4.330804   48.96148  -16.37419     5.9652     5.9652 0.0000e+00
    392.417       9419     26.265    14.8413    14.8379   4.331256   4.330785   48.96148  -16.37419     5.9652     5.9652 0.0000e+00
    392.458       9420     26.282    14.8412    14.8377   4.331249   4.330767   48.96148  -16.37419     5.9651     5.9651 0.0000e+00
    392.500       9421     26.298    14.8411    14.8376   4.331242   4.330748   48.96148  -16.37419     5.9651     5.9651 0.0000e+00
    392.542       9422     26.314    14.8410    14.8374   4.331235   4.330729   48.96148  -16.37419     5.9651     5.9651 0.0000e+00
    392.583       9423     26.330    14.8410    14.8372   4.331228   4.330710   48.96148  -16.37419     5.9650     5.9650 0.0000e+00
    392.625       9424     26.346    14.8409    14.8370   4.331221   4.330691   48.96148  -16.37419     5.9650     5.9650 0.0000e+00
    392.667       9425     26.362    14.8408    14.8368   4.331214   4.330672   48.96148  -16.37419     5.9650     5.9650 0.0000e+00
    392.708       9426     26.378    14.8407    14.8366   4.331207   4.330653   48.96148  -16.37419     5.9649     5.9649 0.0000e+00
    392.750       9427     26.394    14.8407    14.8364   4.331200   4.330634   48.96148  -16.37419     5.9649     5.9649 0.0000e+00
    392.792       9428     26.410    14.8406    14.8362   4.331193   4.330614   48.96148  -16.37419     5.9649     5.9649 0.0000e+00
    392.833       9429     26.425    14.8406    14.8360   4.331187   4.330595   48.96148  -16.37419     5.9649     5.9649 0.0000e+00
    392.875       9430     26.441    14.8405    14.8358   4.331180   4.330575   48.96148  -16.37419     5.9649     5.9649 0.0000e+00
    392.917       9431     26.457    14.8405    14.8356   4.331174   4.330555   48.96148  -16.37419     5.9648     5.9648 0.0000e+00
    392.958       9432     26.473    14.8404    14.8354   4.331168   4.330536   48.96148  -16.37419     5.9648     5.9648 0.0000e+00
    393.000       9433     26.488    14.8404    14.8352   4.331162   4.330515   48.96148  -16.37419     5.9648     5.9648 0.0000e+00
    393.042       9434     26.504    14.8403    14.8349   4.331157   4.330495   48.96148  -16.37419     5.9648     5.9648 0.0000e+00
    393.083       9435     26.520    14.8403    14.8347   4.331152   4.330475   48.96148  -16.37419     5.9648     5.9648 0.0000e+00
    393.125       9436     26.535    14.8403    14.8345   4.331147   4.330454   48.96148  -16.37419     5.9648     5.9648 0.0000e+00
    393.167       9437     26.551    14.8403    14.8343   4.331143   4.330433   48.96148  -16.37419     5.9648     5.9648 0.0000e+00
    393.208       9438     26.566    14.8403    14.8341   4.331138   4.330412   48.96148  -16.37419     5.9648     5.9648 0.0000e+00
    393.250       9439     26.582    14.8402    14.8339   4.331133   4.330391   48.96148  -16.37419     5.9648     5.9648 0.0000e+00
    393.292       9440     26.598    14.8402    14.8337   4.331127   4.330369   48.96148  -16.37419     5.9648     5.9648 0.0000e+00
    393.333       9441     26.613    14.8402    14.8335   4.331120   4.330347   48.96148  -16.37419     5.9648     5.9648 0.0000e+00
    393.375       9442     26.629    14.8401    14.8332   4.331112   4.330325   48.96148  -16.37419     5.9648     5.9648 0.0000e+00
