Data_example/SBE_Data_Processed/DY103/SeaBird/Data/Batch/DY103_CTD05cfaldb.cnv
* Sea-Bird SBE 9 Data File:
* FileName = C:\Users\sandm\Documents\Cruises\DY103\Data\CTD Raw Data\DY103_CTD05.hex
* Software Version Seasave V 7.26.7.121
* Temperature SN = 03P-4814
* Conductivity SN = 04C-2165
* Number of Bytes Per Scan = 41
* Number of Voltage Words = 4
* Number of Scans Averaged by the Deck Unit = 1
* NMEA Latitude = 49 02.30 N
* NMEA Longitude = 016 31.81 W
* NMEA UTC (Time) = Jun 30 2019  12:55:41
** Ship: RRS Discovery
** Cruise: DY103
** Cast: 05
** Station:
** Julian Day: 181
** Date: 30/06/19
** Time: 12:55
** Latitude: 49 02.29'N
** Longitude: 16 31.81'W
** Depth (uncorr m): 4809
** Principal Scientist: S Hartman
** Operator: J Wynar/T Powell
# nquan = 15
# nvalues = 4919                        
# units = specified
# name 0 = timeS: Time, Elapsed [seconds]
# name 1 = scan: Scan Count
# name 2 = prDM: Pressure, Digiquartz [db]
# name 3 = t090C: Temperature [ITS-90, deg C]
# name 4 = t190C: Temperature, 2 [ITS-90, deg C]
# name 5 = c0S/m: Conductivity [S/m]
# name 6 = c1S/m: Conductivity, 2 [S/m]
# name 7 = latitude: Latitude [deg]
# name 8 = longitude: Longitude [deg]
# name 9 = sbeox0ML/L: Oxygen, SBE 43 [ml/l]
# name 10 = sbeox0ML/L: Oxygen, SBE 43 [ml/l]
# name 11 = sal00: Salinity, Practical [PSU]
# name 12 = sal11: Salinity, Practical, 2 [PSU]
# name 13 = depSM: Depth [salt water, m], lat = 49.0383
# name 14 = flag: flag
# span 0 =    193.236,   5579.134       
# span 1 =       4639,     133900       
# span 2 =      1.000,   4919.000       
# span 3 =     2.5220,    15.9313       
# span 4 =     2.5216,    16.4539       
# span 5 =   3.271463,   4.442779       
# span 6 =   3.271816,   4.436590       
# span 7 =   49.03822,   49.03831       
# span 8 =  -16.53018,  -16.53011       
# span 9 =     4.0218,     6.0131       
# span 10 =     4.0218,     6.0131      
# span 11 =    34.1473,    35.6299      
# span 12 =    33.7450,    35.6392      
# span 13 =      0.991,   4821.749      
# span 14 = 0.0000e+00, 0.0000e+00      
# interval = decibars: 1                
# start_time = Jun 30 2019 12:55:42 [System UTC, first data scan.]
# bad_flag = -9.990e-29
*END*
[from data line 1061]
   1711.844      41085   1062.000     7.9923     7.9886   3.707744   3.707336   49.03827  -16.53016     4.5556     4.5556    35.4306    35.4299   1050.303 0.0000e+00
   1712.875      41110   1063.000     7.9730     7.9707   3.705694   3.705438   49.03827  -16.53016     4.5584     4.5584    35.4276    35.4272   1051.290 0.0000e+00
   1713.805      41132   1064.000     7.9603     7.9602   3.704351   3.704370   49.03827  -16.53016     4.5599     4.5599    35.4255    35.4259   1052.276 0.0000e+00
   1714.685      41153   1065.000     7.9535     7.9544   3.703641   3.703786   49.03827  -16.53016     4.5608     4.5608    35.4243    35.4250   1053.263 0.0000e+00
   1715.569      41175   1066.000     7.9489     7.9500   3.703179   3.703361   49.03827  -16.53016     4.5616     4.5616    35.4236    35.4244   1054.249 0.0000e+00
   1716.491      41197   1067.000     7.9460     7.9471   3.702914   3.703104   49.03827  -16.53016     4.5623     4.5623    35.4231    35.4241   1055.236 0.0000e+00
   1717.451      41220   1068.000     7.9437     7.9447   3.702702   3.702885   49.03827  -16.53016     4.5634     4.5634    35.4227    35.4237   1056.222 0.0000e+00
   1718.423      41243   1069.000     7.9415     7.9423   3.702503   3.702671   49.03827  -16.53016     4.5656     4.5656    35.4223    35.4233   1057.209 0.0000e+00
   1719.398      41267   1070.000     7.9394     7.9398   3.702315   3.702440   49.03827  -16.53016     4.5709     4.5709    35.4220    35.4229   1058.195 0.0000e+00
   1720.388      41290   1071.000     7.9358     7.9354   3.701963   3.701997   49.03827  -16.53016     4.5751     4.5751    35.4214    35.4221   1059.181 0.0000e+00
   1721.395      41314   1072.000     7.9281     7.9269   3.701204   3.701126   49.03827  -16.53016     4.5767     4.5767    35.4205    35.4209   1060.168 0.0000e+00
   1722.407      41339   1073.000     7.9162     7.9147   3.700007   3.699861   49.03827  -16.53016     4.5797     4.5797    35.4192    35.4192   1061.154 0.0000e+00
   1723.401      41363   1074.000     7.9017     7.8997   3.698508   3.698286   49.03827  -16.53016     4.5856     4.5856    35.4173    35.4169   1062.141 0.0000e+00
   1724.362      41386   1075.000     7.8842     7.8819   3.696715   3.696400   49.03827  -16.53016     4.5909     4.5909    35.4152    35.4142   1063.127 0.0000e+00
   1725.284      41408   1076.000     7.8593     7.8581   3.694185   3.693955   49.03827  -16.53016     4.5952     4.5952    35.4127    35.4115   1064.114 0.0000e+00
   1726.170      41429   1077.000     7.8352     7.8353   3.691788   3.691720   49.03827  -16.53016     4.5964     4.5964    35.4107    35.4099   1065.100 0.0000e+00
   1727.043      41450   1078.000     7.8189     7.8190   3.690168   3.690154   49.03827  -16.53016     4.5956     4.5956    35.4093    35.4090   1066.086 0.0000e+00
   1727.943      41472   1079.000     7.8075     7.8079   3.689030   3.689077   49.03827  -16.53016     4.5952     4.5952    35.4081    35.4083   1067.073 0.0000e+00
   1728.921      41495   1080.000     7.8011     7.8018   3.688379   3.688511   49.03827  -16.53016     4.5961     4.5961    35.4072    35.4078   1068.059 0.0000e+00
   1730.000      41521   1081.000     7.7977     7.7983   3.688052   3.688177   49.03827  -16.53016     4.5991     4.5991    35.4065    35.4073   1069.046 0.0000e+00
   1731.094      41547   1082.000     7.7939     7.7941   3.687670   3.687746   49.03827  -16.53016     4.6037     4.6037    35.4059    35.4065   1070.032 0.0000e+00
   1732.086      41571   1083.000     7.7874     7.7873   3.687032   3.687050   49.03827  -16.53016     4.6059     4.6059    35.4050    35.4053   1071.018 0.0000e+00
   1732.973      41592   1084.000     7.7777     7.7774   3.686058   3.686045   49.03827  -16.53016     4.6065     4.6065    35.4039    35.4040   1072.005 0.0000e+00
   1733.806      41612   1085.000     7.7681     7.7681   3.685103   3.685141   49.03827  -16.53016     4.6073     4.6073    35.4029    35.4032   1072.991 0.0000e+00
   1734.647      41633   1086.000     7.7619     7.7624   3.684500   3.684612   49.03828  -16.53016     4.6078     4.6078    35.4022    35.4028   1073.978 0.0000e+00
   1735.563      41655   1087.000     7.7589     7.7596   3.684222   3.684364   49.03827  -16.53016     4.6074     4.6074    35.4017    35.4026   1074.964 0.0000e+00
   1736.615      41680   1088.000     7.7574     7.7579   3.684088   3.684223   49.03827  -16.53016     4.6083     4.6083    35.4013    35.4022   1075.950 0.0000e+00
   1737.757      41707   1089.000     7.7549     7.7555   3.683859   3.683992   49.03827  -16.53016     4.6155     4.6155    35.4010    35.4018   1076.937 0.0000e+00
   1738.836      41733   1090.000     7.7482     7.7492   3.683223   3.683358   49.03827  -16.53016     4.6230     4.6230    35.4004    35.4009   1077.923 0.0000e+00
   1739.792      41756   1091.000     7.7361     7.7376   3.682034   3.682188   49.03827  -16.53016     4.6269     4.6269    35.3993    35.3994   1078.909 0.0000e+00
   1740.659      41777   1092.000     7.7194     7.7214   3.680372   3.680542   49.03827  -16.53016     4.6301     4.6301    35.3978    35.3976   1079.896 0.0000e+00
   1741.496      41797   1093.000     7.7045     7.7062   3.678887   3.679051   49.03828  -16.53016     4.6326     4.6326    35.3963    35.3964   1080.882 0.0000e+00
   1742.360      41818   1094.000     7.6945     7.6957   3.677879   3.678032   49.03828  -16.53016     4.6351     4.6351    35.3952    35.3956   1081.868 0.0000e+00
   1743.304      41840   1095.000     7.6880     7.6889   3.677230   3.677376   49.03828  -16.53016     4.6423     4.6423    35.3943    35.3949   1082.855 0.0000e+00
   1744.323      41865   1096.000     7.6818     7.6826   3.676631   3.676753   49.03827  -16.53016     4.6534     4.6534    35.3936    35.3942   1083.841 0.0000e+00
   1745.337      41889   1097.000     7.6698     7.6696   3.675439   3.675388   49.03827  -16.53016     4.6634     4.6634    35.3924    35.3921   1084.827 0.0000e+00
   1746.307      41912   1098.000     7.6447     7.6435   3.672882   3.672630   49.03827  -16.53016     4.6720     4.6720    35.3897    35.3882   1085.814 0.0000e+00
   1747.246      41935   1099.000     7.6146     7.6134   3.669748   3.669481   49.03827  -16.53016     4.6828     4.6828    35.3858    35.3841   1086.800 0.0000e+00
   1748.167      41957   1100.000     7.5852     7.5845   3.666619   3.666389   49.03827  -16.53016     4.6959     4.6959    35.3813    35.3794   1087.786 0.0000e+00
   1749.091      41979   1101.000     7.5443     7.5443   3.662246   3.661960   49.03827  -16.53016     4.7050     4.7050    35.3749    35.3718   1088.773 0.0000e+00
   1750.035      42002   1102.000     7.4838     7.4856   3.655757   3.655570   49.03827  -16.53016     4.7100     4.7100    35.3653    35.3615   1089.759 0.0000e+00
   1751.007      42025   1103.000     7.4241     7.4253   3.649307   3.649135   49.03827  -16.53016     4.7121     4.7121    35.3554    35.3524   1090.745 0.0000e+00
   1751.996      42049   1104.000     7.3895     7.3898   3.645545   3.645462   49.03827  -16.53016     4.7106     4.7106    35.3492    35.3480   1091.731 0.0000e+00
   1752.990      42073   1105.000     7.3771     7.3777   3.644194   3.644273   49.03827  -16.53016     4.7101     4.7101    35.3467    35.3469   1092.718 0.0000e+00
   1753.979      42097   1106.000     7.3766     7.3781   3.644181   3.644405   49.03828  -16.53016     4.7102     4.7102    35.3465    35.3474   1093.704 0.0000e+00
   1754.942      42120   1107.000     7.3785     7.3807   3.644419   3.644743   49.03828  -16.53016     4.7113     4.7113    35.3468    35.3480   1094.690 0.0000e+00
   1755.868      42142   1108.000     7.3804     7.3835   3.644683   3.645112   49.03828  -16.53016     4.7151     4.7151    35.3472    35.3487   1095.677 0.0000e+00
   1756.780      42164   1109.000     7.3822     7.3843   3.644963   3.645263   49.03828  -16.53016     4.7185     4.7185    35.3480    35.3490   1096.663 0.0000e+00
   1757.718      42186   1110.000     7.3781     7.3791   3.644601   3.644723   49.03828  -16.53016     4.7223     4.7223    35.3477    35.3481   1097.649 0.0000e+00
   1758.713      42210   1111.000     7.3668     7.3675   3.643469   3.643529   49.03827  -16.53016     4.7275     4.7275    35.3464    35.3463   1098.635 0.0000e+00
   1759.734      42235   1112.000     7.3541     7.3545   3.642167   3.642196   49.03828  -16.53016     4.7334     4.7334    35.3446    35.3445   1099.622 0.0000e+00
   1760.725      42258   1113.000     7.3414     7.3429   3.640865   3.641006   49.03828  -16.53016     4.7374     4.7374    35.3429    35.3430   1100.608 0.0000e+00
   1761.673      42281   1114.000     7.3274     7.3293   3.639443   3.639600   49.03828  -16.53016     4.7417     4.7417    35.3412    35.3410   1101.594 0.0000e+00
   1762.597      42303   1115.000     7.3116     7.3130   3.637853   3.637945   49.03828  -16.53016     4.7432     4.7432    35.3394    35.3390   1102.580 0.0000e+00
   1763.514      42325   1116.000     7.2928     7.2939   3.635961   3.636012   49.03828  -16.53016     4.7445     4.7445    35.3374    35.3369   1103.567 0.0000e+00
   1764.430      42347   1117.000     7.2745     7.2785   3.634124   3.634536   49.03828  -16.53016     4.7481     4.7481    35.3355    35.3360   1104.553 0.0000e+00
   1765.351      42369   1118.000     7.2622     7.2694   3.632872   3.633644   49.03828  -16.53016     4.7516     4.7516    35.3340    35.3351   1105.539 0.0000e+00
   1766.294      42392   1119.000     7.2514     7.2582   3.631800   3.632489   49.03828  -16.53016     4.7538     4.7538    35.3327    35.3333   1106.525 0.0000e+00
   1767.286      42416   1120.000     7.2368     7.2406   3.630334   3.630714   49.03828  -16.53016     4.7552     4.7552    35.3311    35.3314   1107.512 0.0000e+00
   1768.324      42441   1121.000     7.2302     7.2334   3.629763   3.630178   49.03827  -16.53016     4.7574     4.7574    35.3311    35.3324   1108.498 0.0000e+00
   1769.342      42465   1122.000     7.2307     7.2328   3.629926   3.630220   49.03828  -16.53016     4.7610     4.7610    35.3319    35.3330   1109.484 0.0000e+00
   1770.290      42488   1123.000     7.2291     7.2309   3.629839   3.630072   49.03827  -16.53016     4.7649     4.7649    35.3321    35.3329   1110.470 0.0000e+00
   1771.175      42509   1124.000     7.2258     7.2276   3.629561   3.629779   49.03827  -16.53016     4.7672     4.7672    35.3320    35.3326   1111.456 0.0000e+00
   1772.038      42530   1125.000     7.2219     7.2237   3.629205   3.629425   49.03828  -16.53016     4.7686     4.7686    35.3316    35.3322   1112.442 0.0000e+00
   1772.932      42551   1126.000     7.2177     7.2194   3.628806   3.629017   49.03828  -16.53016     4.7694     4.7694    35.3310    35.3316   1113.429 0.0000e+00
   1773.913      42575   1127.000     7.2128     7.2141   3.628324   3.628487   49.03828  -16.53016     4.7710     4.7710    35.3303    35.3308   1114.415 0.0000e+00
   1774.985      42601   1128.000     7.2070     7.2076   3.627749   3.627837   49.03828  -16.53016     4.7730     4.7730    35.3295    35.3299   1115.401 0.0000e+00
   1776.058      42626   1129.000     7.2011     7.2019   3.627161   3.627286   49.03828  -16.53016     4.7737     4.7737    35.3286    35.3291   1116.387 0.0000e+00
   1777.074      42651   1130.000     7.1964     7.1980   3.626693   3.626917   49.03828  -16.53016     4.7763     4.7763    35.3278    35.3286   1117.373 0.0000e+00
   1778.047      42674   1131.000     7.1922     7.1941   3.626290   3.626525   49.03828  -16.53016     4.7797     4.7797    35.3272    35.3278   1118.360 0.0000e+00
   1778.989      42697   1132.000     7.1858     7.1876   3.625658   3.625849   49.03828  -16.53016     4.7844     4.7844    35.3263    35.3266   1119.346 0.0000e+00
   1779.900      42719   1133.000     7.1731     7.1746   3.624378   3.624491   49.03828  -16.53016     4.7904     4.7904    35.3248    35.3245   1120.332 0.0000e+00
   1780.781      42740   1134.000     7.1555     7.1565   3.622595   3.622637   49.03828  -16.53016     4.7947     4.7947    35.3228    35.3221   1121.318 0.0000e+00
   1781.647      42761   1135.000     7.1377     7.1380   3.620795   3.620760   49.03828  -16.53016     4.7972     4.7972    35.3207    35.3200   1122.304 0.0000e+00
   1782.530      42782   1136.000     7.1235     7.1238   3.619339   3.619350   49.03828  -16.53016     4.8008     4.8008    35.3187    35.3185   1123.290 0.0000e+00
   1783.467      42804   1137.000     7.1122     7.1129   3.618167   3.618238   49.03828  -16.53016     4.8050     4.8050    35.3170    35.3170   1124.277 0.0000e+00
   1784.474      42828   1138.000     7.1017     7.1028   3.617087   3.617195   49.03828  -16.53016     4.8080     4.8080    35.3153    35.3154   1125.263 0.0000e+00
   1785.516      42853   1139.000     7.0912     7.0926   3.615999   3.616132   49.03828  -16.53016     4.8153     4.8153    35.3137    35.3137   1126.249 0.0000e+00
   1786.533      42878   1140.000     7.0780     7.0798   3.614637   3.614789   49.03828  -16.53016     4.8257     4.8257    35.3117    35.3115   1127.235 0.0000e+00
   1787.504      42901   1141.000     7.0591     7.0623   3.612695   3.612939   49.03828  -16.53016     4.8326     4.8326    35.3092    35.3087   1128.221 0.0000e+00
   1788.430      42923   1142.000     7.0324     7.0366   3.609958   3.610254   49.03828  -16.53016     4.8360     4.8360    35.3059    35.3049   1129.207 0.0000e+00
   1789.321      42945   1143.000     7.0073     7.0104   3.607382   3.607595   49.03828  -16.53016     4.8353     4.8353    35.3028    35.3020   1130.193 0.0000e+00
   1790.200      42966   1144.000     6.9912     6.9932   3.605725   3.605884   49.03828  -16.53016     4.8333     4.8333    35.3006    35.3003   1131.179 0.0000e+00
   1791.105      42988   1145.000     6.9792     6.9807   3.604486   3.604607   49.03828  -16.53016     4.8332     4.8332    35.2987    35.2986   1132.165 0.0000e+00
   1792.098      43011   1146.000     6.9710     6.9718   3.603634   3.603722   49.03828  -16.53016     4.8352     4.8352    35.2973    35.2975   1133.152 0.0000e+00
   1793.195      43038   1147.000     6.9646     6.9647   3.602975   3.603001   49.03828  -16.53016     4.8386     4.8386    35.2961    35.2963   1134.138 0.0000e+00
   1794.288      43064   1148.000     6.9593     6.9597   3.602452   3.602540   49.03828  -16.53016     4.8424     4.8424    35.2953    35.2958   1135.124 0.0000e+00
   1795.287      43088   1149.000     6.9563     6.9571   3.602179   3.602298   49.03828  -16.53017     4.8463     4.8463    35.2949    35.2954   1136.110 0.0000e+00
   1796.210      43110   1150.000     6.9523     6.9529   3.601803   3.601882   49.03828  -16.53016     4.8535     4.8535    35.2943    35.2946   1137.096 0.0000e+00
   1797.091      43131   1151.000     6.9456     6.9458   3.601148   3.601158   49.03828  -16.53016     4.8633     4.8633    35.2935    35.2934   1138.082 0.0000e+00
   1797.959      43152   1152.000     6.9351     6.9347   3.600091   3.599998   49.03828  -16.53016     4.8720     4.8720    35.2922    35.2916   1139.068 0.0000e+00
   1798.835      43173   1153.000     6.9196     6.9181   3.598504   3.598258   49.03828  -16.53016     4.8780     4.8780    35.2901    35.2889   1140.054 0.0000e+00
   1799.739      43195   1154.000     6.8988     6.8974   3.596360   3.596107   49.03828  -16.53016     4.8823     4.8823    35.2872    35.2859   1141.040 0.0000e+00
   1800.693      43218   1155.000     6.8785     6.8780   3.594243   3.594097   49.03828  -16.53016     4.8857     4.8857    35.2841    35.2831   1142.026 0.0000e+00
   1801.706      43242   1156.000     6.8621     6.8620   3.592525   3.592450   49.03828  -16.53016     4.8884     4.8884    35.2815    35.2809   1143.012 0.0000e+00
