Data_example/SBE_Data_Processed/DY103/SeaBird/Data/Batch/DY103_CTD10cfaldb.cnv
* Sea-Bird SBE 9 Data File:
* FileName = C:\Users\sandm\Documents\Cruises\DY103\Data\CTD Raw Data\DY103_CTD10.hex
* Software Version Seasave V 7.26.7.121
* Temperature SN = 03P-4814
* Conductivity SN = 04C-2165
* Number of Bytes Per Scan = 41
* Number of Voltage Words = 4
* Number of Scans Averaged by the Deck Unit = 1
* NMEA Latitude = 49 00.00 N
* NMEA Longitude = 016 30.02 W
* NMEA UTC (Time) = Jul 04 2019  08:26:11
** Ship: RRS Discovery
** Cruise: DY103
** Cast: 10
** Station:
** Julian Day: 185
** Date: 04/07/19
** Time: 08:25
** Latitude: 48 59.99'N
** Longitude: 16 30.01'W
** Depth (uncorr m): 4807
** Principal Scientist: S Hartman
** Operator: J Wynar/T Powell
# nquan = 15
# nvalues = 4923                        
# units = specified
# name 0 = timeS: Time, Elapsed [seconds]
# name 1 = scan: Scan Count
# name 2 = prDM: Pressure, Digiquartz [db]
# name 3 = t090C: Temperature [ITS-90, deg C]
# name 4 = t190C: Temperature, 2 [ITS-90, deg C]
# name 5 = c0S/m: Conductivity [S/m]
# name 6 = c1S/m: Conductivity, 2 [S/m]
# name 7 = latitude: Latitude [deg]
# name 8 = longitude: Longitude [deg]
# name 9 = sbeox0ML/L: Oxygen, SBE 43 [ml/l]
# name 10 = sbeox0ML/L: Oxygen, SBE 43 [ml/l]
# name 11 = sal00: Salinity, Practical [PSU]
# name 12 = sal11: Salinity, Practical, 2 [PSU]
# name 13 = depSM: Depth [salt water, m], lat = 49
# name 14 = flag: flag
# span 0 =     90.254,   5545.194       
# span 1 =       2167,     133086       
# span 2 =      1.000,   4922.000       
# span 3 =     2.5252,    16.2274       
# span 4 =     2.5249,    16.2423       
# span 5 =   3.272610,   4.466184       
# span 6 =   3.272959,   4.467132       
# span 7 =   48.99998,   49.00007       
# span 8 =  -16.50040,  -16.50031       
# span 9 =     3.8025,     6.0460       
# span 10 =     3.8025,     6.0460      
# span 11 =    34.1818,    35.5664      
# span 12 =    32.8275,    35.5687      
# span 13 =      0.992,   4824.673      
# span 14 = 0.0000e+00, 0.0000e+00      
# interval = decibars: 1                
# start_time = Jul 04 2019 08:26:12 [System UTC, first data scan.]
# bad_flag = -9.990e-29
*END*
[from data line 3181]
   3537.240      84895   3182.000     2.7911     2.7911   3.274745   3.275052   48.99999  -16.50032     5.4142     5.4142    34.9372    34.9409   3131.394 0.0000e+00
   3538.253      84919   3183.000     2.7903     2.7904   3.274704   3.275022   48.99999  -16.50032     5.4129     5.4129    34.9372    34.9409   3132.371 0.0000e+00
   3539.201      84942   3184.000     2.7899     2.7900   3.274704   3.275027   49.00000  -16.50032     5.4127     5.4127    34.9371    34.9409   3133.348 0.0000e+00
   3540.087      84963   3185.000     2.7897     2.7898   3.274722   3.275046   49.00000  -16.50032     5.4132     5.4132    34.9371    34.9409   3134.325 0.0000e+00
   3540.950      84984   3186.000     2.7896     2.7896   3.274742   3.275067   49.00000  -16.50032     5.4124     5.4124    34.9371    34.9409   3135.302 0.0000e+00
   3541.832      85005   3187.000     2.7894     2.7895   3.274766   3.275093   48.99999  -16.50032     5.4111     5.4111    34.9371    34.9409   3136.278 0.0000e+00
   3542.772      85028   3188.000     2.7894     2.7895   3.274799   3.275129   48.99999  -16.50032     5.4120     5.4120    34.9371    34.9409   3137.255 0.0000e+00
   3543.785      85052   3189.000     2.7894     2.7895   3.274831   3.275165   48.99998  -16.50032     5.4130     5.4130    34.9370    34.9409   3138.232 0.0000e+00
   3544.830      85077   3190.000     2.7893     2.7895   3.274862   3.275197   48.99998  -16.50032     5.4160     5.4160    34.9370    34.9408   3139.209 0.0000e+00
   3545.850      85101   3191.000     2.7893     2.7895   3.274892   3.275227   48.99998  -16.50032     5.4180     5.4180    34.9370    34.9408   3140.186 0.0000e+00
   3546.810      85124   3192.000     2.7892     2.7894   3.274918   3.275255   48.99998  -16.50032     5.4170     5.4170    34.9370    34.9408   3141.163 0.0000e+00
   3547.706      85146   3193.000     2.7890     2.7892   3.274939   3.275279   48.99998  -16.50032     5.4138     5.4138    34.9369    34.9407   3142.140 0.0000e+00
   3548.557      85166   3194.000     2.7887     2.7890   3.274948   3.275294   48.99998  -16.50032     5.4116     5.4116    34.9369    34.9407   3143.116 0.0000e+00
   3549.393      85186   3195.000     2.7883     2.7886   3.274939   3.275288   48.99998  -16.50032     5.4113     5.4113    34.9369    34.9407   3144.093 0.0000e+00
   3550.262      85207   3196.000     2.7877     2.7879   3.274921   3.275264   48.99998  -16.50032     5.4092     5.4092    34.9368    34.9406   3145.070 0.0000e+00
   3551.228      85230   3197.000     2.7872     2.7874   3.274920   3.275253   48.99999  -16.50032     5.4082     5.4082    34.9368    34.9406   3146.047 0.0000e+00
   3552.328      85257   3198.000     2.7869     2.7869   3.274927   3.275249   48.99999  -16.50032     5.4085     5.4085    34.9368    34.9406   3147.024 0.0000e+00
   3553.447      85284   3199.000     2.7865     2.7866   3.274929   3.275255   48.99999  -16.50032     5.4081     5.4081    34.9368    34.9406   3148.001 0.0000e+00
   3554.436      85307   3200.000     2.7860     2.7862   3.274923   3.275259   48.99999  -16.50032     5.4097     5.4097    34.9368    34.9406   3148.977 0.0000e+00
   3555.317      85329   3201.000     2.7855     2.7858   3.274909   3.275253   48.99999  -16.50032     5.4119     5.4119    34.9367    34.9405   3149.954 0.0000e+00
   3556.150      85349   3202.000     2.7850     2.7853   3.274899   3.275245   48.99998  -16.50032     5.4138     5.4138    34.9367    34.9405   3150.931 0.0000e+00
   3556.984      85369   3203.000     2.7846     2.7849   3.274901   3.275244   48.99998  -16.50032     5.4142     5.4142    34.9367    34.9405   3151.908 0.0000e+00
   3557.855      85390   3204.000     2.7843     2.7846   3.274908   3.275246   48.99998  -16.50032     5.4145     5.4145    34.9366    34.9404   3152.885 0.0000e+00
   3558.788      85412   3205.000     2.7841     2.7842   3.274918   3.275251   48.99998  -16.50032     5.4133     5.4133    34.9366    34.9404   3153.861 0.0000e+00
   3559.798      85436   3206.000     2.7838     2.7839   3.274931   3.275258   48.99999  -16.50032     5.4101     5.4101    34.9366    34.9404   3154.838 0.0000e+00
   3560.878      85462   3207.000     2.7835     2.7836   3.274932   3.275257   48.99999  -16.50032     5.4091     5.4091    34.9365    34.9403   3155.815 0.0000e+00
   3561.971      85488   3208.000     2.7828     2.7829   3.274911   3.275228   48.99999  -16.50032     5.4095     5.4095    34.9365    34.9403   3156.792 0.0000e+00
   3562.997      85513   3209.000     2.7820     2.7821   3.274874   3.275194   48.99999  -16.50032     5.4107     5.4107    34.9365    34.9402   3157.769 0.0000e+00
   3563.934      85535   3210.000     2.7813     2.7814   3.274841   3.275166   48.99998  -16.50032     5.4093     5.4093    34.9364    34.9402   3158.745 0.0000e+00
   3564.804      85556   3211.000     2.7808     2.7809   3.274831   3.275165   48.99998  -16.50032     5.4072     5.4072    34.9364    34.9402   3159.722 0.0000e+00
   3565.642      85576   3212.000     2.7804     2.7806   3.274830   3.275170   48.99998  -16.50032     5.4039     5.4039    34.9364    34.9402   3160.699 0.0000e+00
   3566.487      85597   3213.000     2.7799     2.7801   3.274817   3.275160   48.99998  -16.50032     5.4032     5.4032    34.9363    34.9401   3161.676 0.0000e+00
   3567.379      85618   3214.000     2.7790     2.7793   3.274770   3.275116   48.99999  -16.50032     5.4065     5.4065    34.9363    34.9400   3162.652 0.0000e+00
   3568.346      85641   3215.000     2.7779     2.7782   3.274711   3.275051   48.99999  -16.50032     5.4068     5.4068    34.9362    34.9400   3163.629 0.0000e+00
   3569.374      85666   3216.000     2.7774     2.7775   3.274694   3.275026   49.00000  -16.50032     5.4019     5.4019    34.9361    34.9399   3164.606 0.0000e+00
   3570.389      85690   3217.000     2.7770     2.7772   3.274694   3.275032   49.00000  -16.50032     5.4006     5.4006    34.9361    34.9399   3165.583 0.0000e+00
   3571.333      85713   3218.000     2.7767     2.7769   3.274702   3.275041   48.99999  -16.50032     5.4012     5.4012    34.9361    34.9399   3166.560 0.0000e+00
   3572.213      85734   3219.000     2.7764     2.7766   3.274709   3.275049   48.99999  -16.50032     5.4013     5.4013    34.9360    34.9399   3167.536 0.0000e+00
   3573.067      85755   3220.000     2.7758     2.7760   3.274691   3.275030   48.99998  -16.50032     5.4030     5.4030    34.9360    34.9398   3168.513 0.0000e+00
   3573.947      85776   3221.000     2.7751     2.7753   3.274665   3.275002   48.99999  -16.50032     5.4022     5.4022    34.9359    34.9398   3169.490 0.0000e+00
   3574.913      85799   3222.000     2.7747     2.7749   3.274659   3.274995   48.99999  -16.50032     5.3999     5.3999    34.9359    34.9397   3170.466 0.0000e+00
   3575.996      85825   3223.000     2.7743     2.7744   3.274658   3.274987   49.00000  -16.50032     5.3998     5.3998    34.9359    34.9397   3171.443 0.0000e+00
   3577.097      85851   3224.000     2.7736     2.7738   3.274633   3.274963   49.00000  -16.50032     5.3996     5.3996    34.9359    34.9397   3172.420 0.0000e+00
   3578.088      85875   3225.000     2.7729     2.7731   3.274605   3.274940   48.99999  -16.50032     5.3976     5.3976    34.9358    34.9396   3173.397 0.0000e+00
   3578.986      85897   3226.000     2.7725     2.7727   3.274604   3.274943   48.99999  -16.50032     5.3985     5.3985    34.9358    34.9396   3174.373 0.0000e+00
   3579.858      85918   3227.000     2.7722     2.7724   3.274604   3.274944   48.99999  -16.50032     5.3995     5.3995    34.9357    34.9396   3175.350 0.0000e+00
   3580.761      85939   3228.000     2.7717     2.7719   3.274595   3.274939   48.99999  -16.50032     5.4010     5.4010    34.9357    34.9395   3176.327 0.0000e+00
   3581.719      85962   3229.000     2.7712     2.7715   3.274587   3.274939   49.00000  -16.50032     5.4008     5.4008    34.9356    34.9395   3177.304 0.0000e+00
   3582.696      85986   3230.000     2.7707     2.7710   3.274576   3.274924   49.00000  -16.50032     5.3977     5.3977    34.9356    34.9395   3178.280 0.0000e+00
   3583.644      86008   3231.000     2.7703     2.7705   3.274572   3.274912   49.00000  -16.50032     5.3941     5.3941    34.9356    34.9394   3179.257 0.0000e+00
   3584.555      86030   3232.000     2.7697     2.7697   3.274554   3.274880   49.00000  -16.50032     5.3948     5.3948    34.9355    34.9394   3180.234 0.0000e+00
   3585.454      86052   3233.000     2.7686     2.7687   3.274496   3.274821   49.00000  -16.50032     5.3978     5.3978    34.9355    34.9393   3181.210 0.0000e+00
   3586.377      86074   3234.000     2.7677     2.7679   3.274444   3.274778   48.99999  -16.50032     5.3999     5.3999    34.9355    34.9392   3182.187 0.0000e+00
   3587.346      86097   3235.000     2.7671     2.7673   3.274426   3.274764   48.99999  -16.50032     5.4005     5.4005    34.9354    34.9392   3183.164 0.0000e+00
   3588.359      86122   3236.000     2.7669     2.7671   3.274436   3.274777   48.99999  -16.50032     5.3994     5.3994    34.9354    34.9392   3184.140 0.0000e+00
   3589.377      86146   3237.000     2.7667     2.7669   3.274456   3.274795   49.00000  -16.50032     5.3995     5.3995    34.9353    34.9391   3185.117 0.0000e+00
   3590.367      86170   3238.000     2.7666     2.7668   3.274477   3.274819   49.00000  -16.50032     5.3996     5.3996    34.9353    34.9391   3186.093 0.0000e+00
   3591.321      86193   3239.000     2.7663     2.7665   3.274490   3.274834   49.00000  -16.50032     5.3982     5.3982    34.9353    34.9392   3187.070 0.0000e+00
   3592.254      86215   3240.000     2.7659     2.7661   3.274489   3.274826   49.00000  -16.50032     5.3978     5.3978    34.9352    34.9391   3188.047 0.0000e+00
   3593.186      86237   3241.000     2.7653     2.7655   3.274474   3.274808   49.00000  -16.50032     5.3979     5.3979    34.9352    34.9391   3189.024 0.0000e+00
   3594.122      86260   3242.000     2.7649     2.7650   3.274470   3.274807   49.00000  -16.50032     5.3969     5.3969    34.9352    34.9391   3190.000 0.0000e+00
   3595.050      86282   3243.000     2.7646     2.7647   3.274478   3.274816   49.00000  -16.50032     5.3948     5.3948    34.9352    34.9391   3190.977 0.0000e+00
   3595.962      86304   3244.000     2.7644     2.7644   3.274490   3.274823   48.99999  -16.50032     5.3940     5.3940    34.9351    34.9390   3191.953 0.0000e+00
   3596.864      86326   3245.000     2.7639     2.7639   3.274488   3.274811   48.99999  -16.50032     5.3933     5.3933    34.9351    34.9390   3192.930 0.0000e+00
   3597.777      86348   3246.000     2.7633     2.7634   3.274472   3.274797   48.99998  -16.50032     5.3943     5.3943    34.9351    34.9389   3193.907 0.0000e+00
   3598.715      86370   3247.000     2.7629     2.7630   3.274472   3.274800   48.99998  -16.50032     5.3971     5.3971    34.9351    34.9389   3194.883 0.0000e+00
   3599.675      86393   3248.000     2.7628     2.7629   3.274488   3.274820   48.99998  -16.50032     5.3975     5.3975    34.9350    34.9389   3195.860 0.0000e+00
   3600.636      86416   3249.000     2.7626     2.7627   3.274505   3.274841   48.99998  -16.50032     5.3954     5.3954    34.9350    34.9389   3196.837 0.0000e+00
   3601.591      86439   3250.000     2.7623     2.7624   3.274513   3.274845   48.99998  -16.50032     5.3925     5.3925    34.9350    34.9388   3197.813 0.0000e+00
   3602.546      86462   3251.000     2.7617     2.7617   3.274491   3.274812   48.99998  -16.50032     5.3922     5.3922    34.9349    34.9387   3198.790 0.0000e+00
   3603.519      86485   3252.000     2.7604     2.7604   3.274411   3.274729   48.99998  -16.50032     5.3937     5.3937    34.9348    34.9386   3199.767 0.0000e+00
   3604.514      86509   3253.000     2.7591     2.7593   3.274329   3.274660   48.99998  -16.50032     5.3942     5.3942    34.9348    34.9385   3200.743 0.0000e+00
   3605.509      86533   3254.000     2.7583     2.7585   3.274284   3.274622   48.99998  -16.50032     5.3929     5.3929    34.9347    34.9385   3201.720 0.0000e+00
   3606.472      86556   3255.000     2.7575     2.7578   3.274250   3.274597   48.99998  -16.50032     5.3906     5.3906    34.9347    34.9385   3202.696 0.0000e+00
   3607.394      86578   3256.000     2.7570     2.7572   3.274239   3.274583   48.99998  -16.50032     5.3901     5.3901    34.9346    34.9385   3203.673 0.0000e+00
   3608.287      86600   3257.000     2.7568     2.7570   3.274257   3.274599   48.99998  -16.50032     5.3913     5.3913    34.9346    34.9385   3204.649 0.0000e+00
   3609.173      86621   3258.000     2.7568     2.7570   3.274290   3.274631   48.99998  -16.50032     5.3928     5.3928    34.9346    34.9384   3205.626 0.0000e+00
   3610.088      86643   3259.000     2.7568     2.7570   3.274327   3.274666   48.99998  -16.50032     5.3946     5.3946    34.9346    34.9384   3206.602 0.0000e+00
   3611.073      86667   3260.000     2.7568     2.7570   3.274362   3.274700   48.99998  -16.50032     5.3952     5.3952    34.9345    34.9384   3207.579 0.0000e+00
   3612.130      86692   3261.000     2.7568     2.7569   3.274395   3.274735   48.99998  -16.50032     5.3935     5.3935    34.9345    34.9384   3208.555 0.0000e+00
   3613.176      86717   3262.000     2.7567     2.7569   3.274426   3.274766   48.99998  -16.50032     5.3923     5.3923    34.9345    34.9384   3209.532 0.0000e+00
   3614.123      86740   3263.000     2.7566     2.7568   3.274454   3.274793   48.99998  -16.50032     5.3938     5.3938    34.9345    34.9384   3210.509 0.0000e+00
   3614.983      86761   3264.000     2.7565     2.7567   3.274479   3.274819   48.99998  -16.50032     5.3951     5.3951    34.9345    34.9384   3211.485 0.0000e+00
   3615.804      86780   3265.000     2.7563     2.7565   3.274500   3.274837   48.99998  -16.50032     5.3961     5.3961    34.9345    34.9383   3212.462 0.0000e+00
   3616.633      86800   3266.000     2.7562     2.7562   3.274518   3.274850   48.99998  -16.50032     5.3962     5.3962    34.9345    34.9383   3213.438 0.0000e+00
   3617.535      86822   3267.000     2.7559     2.7559   3.274532   3.274858   48.99998  -16.50032     5.3956     5.3956    34.9344    34.9383   3214.415 0.0000e+00
   3618.589      86847   3268.000     2.7555     2.7555   3.274537   3.274851   48.99998  -16.50032     5.3929     5.3929    34.9344    34.9383   3215.391 0.0000e+00
   3619.755      86875   3269.000     2.7550     2.7549   3.274519   3.274838   48.99998  -16.50032     5.3891     5.3891    34.9344    34.9382   3216.368 0.0000e+00
   3620.827      86901   3270.000     2.7540     2.7541   3.274468   3.274794   48.99998  -16.50032     5.3890     5.3890    34.9344    34.9382   3217.344 0.0000e+00
   3621.754      86923   3271.000     2.7527     2.7528   3.274378   3.274704   48.99998  -16.50032     5.3890     5.3890    34.9343    34.9380   3218.321 0.0000e+00
   3622.609      86944   3272.000     2.7507     2.7508   3.274239   3.274563   48.99998  -16.50032     5.3899     5.3899    34.9342    34.9380   3219.297 0.0000e+00
   3623.462      86964   3273.000     2.7487     2.7488   3.274090   3.274412   48.99998  -16.50032     5.3909     5.3909    34.9341    34.9378   3220.274 0.0000e+00
   3624.370      86986   3274.000     2.7467     2.7467   3.273933   3.274256   48.99998  -16.50032     5.3886     5.3886    34.9340    34.9377   3221.250 0.0000e+00
   3625.354      87009   3275.000     2.7451     2.7452   3.273820   3.274153   48.99998  -16.50032     5.3850     5.3850    34.9338    34.9377   3222.227 0.0000e+00
   3626.360      87034   3276.000     2.7438     2.7439   3.273737   3.274068   48.99998  -16.50032     5.3852     5.3852    34.9338    34.9376   3223.203 0.0000e+00
   3627.310      87056   3277.000     2.7426     2.7427   3.273662   3.273995   48.99998  -16.50032     5.3873     5.3873    34.9337    34.9375   3224.180 0.0000e+00
