Data_example/SBE_Data_Processed/DY103/SeaBird/Data/Batch/DY103_CTD05cfaldb.cnv
* Sea-Bird SBE 9 Data File:
* FileName = C:\Users\sandm\Documents\Cruises\DY103\Data\CTD Raw Data\DY103_CTD05.hex
* Software Version Seasave V 7.26.7.121
* Temperature SN = 03P-4814
* Conductivity SN = 04C-2165
* Number of Bytes Per Scan = 41
* Number of Voltage Words = 4
* Number of Scans Averaged by the Deck Unit = 1
* NMEA Latitude = 49 02.30 N
* NMEA Longitude = 016 31.81 W
* NMEA UTC (Time) = Jun 30 2019  12:55:41
** Ship: RRS Discovery
** Cruise: DY103
** Cast: 05
** Station:
** Julian Day: 181
** Date: 30/06/19
** Time: 12:55
** Latitude: 49 02.29'N
** Longitude: 16 31.81'W
** Depth (uncorr m): 4809
** Principal Scientist: S Hartman
** Operator: J Wynar/T Powell
# nquan = 15
# nvalues = 4919                        
# units = specified
# name 0 = timeS: Time, Elapsed [seconds]
# name 1 = scan: Scan Count
# name 2 = prDM: Pressure, Digiquartz [db]
# name 3 = t090C: Temperature [ITS-90, deg C]
# name 4 = t190C: Temperature, 2 [ITS-90, deg C]
# name 5 = c0S/m: Conductivity [S/m]
# name 6 = c1S/m: Conductivity, 2 [S/m]
# name 7 = latitude: Latitude [deg]
# name 8 = longitude: Longitude [deg]
# name 9 = sbeox0ML/L: Oxygen, SBE 43 [ml/l]
# name 10 = sbeox0ML/L: Oxygen, SBE 43 [ml/l]
# name 11 = sal00: Salinity, Practical [PSU]
# name 12 = sal11: Salinity, Practical, 2 [PSU]
# name 13 = depSM: Depth [salt water, m], lat = 49.0383
# name 14 = flag: flag
# span 0 =    193.236,   5579.134       
# span 1 =       4639,     133900       
# span 2 =      1.000,   4919.000       
# span 3 =     2.5220,    15.9313       
# span 4 =     2.5216,    16.4539       
# span 5 =   3.271463,   4.442779       
# span 6 =   3.271816,   4.436590       
# span 7 =   49.03822,   49.03831       
# span 8 =  -16.53018,  -16.53011       
# span 9 =     4.0218,     6.0131       
# span 10 =     4.0218,     6.0131      
# span 11 =    34.1473,    35.6299      
# span 12 =    33.7450,    35.6392      
# span 13 =      0.991,   4821.749      
# span 14 = 0.0000e+00, 0.0000e+00      
# interval = decibars: 1                
# start_time = Jun 30 2019 12:55:42 [System UTC, first data scan.]
# bad_flag = -9.990e-29
*END*
[from data line 1254]
   1896.905      45527   1255.000     5.7314     5.7410   3.478692   3.479529   49.03828  -16.53017     5.2889     5.2889    35.1261    35.1257   1240.608 0.0000e+00
   1897.821      45549   1256.000     5.7129     5.7150   3.476792   3.476850   49.03828  -16.53016     5.2917     5.2917    35.1232    35.1217   1241.594 0.0000e+00
   1898.676      45569   1257.000     5.6913     5.6928   3.474573   3.474581   49.03828  -16.53016     5.2927     5.2927    35.1200    35.1186   1242.579 0.0000e+00
   1899.520      45589   1258.000     5.6745     5.6748   3.472850   3.472783   49.03828  -16.53016     5.2920     5.2920    35.1174    35.1163   1243.565 0.0000e+00
   1900.386      45610   1259.000     5.6636     5.6643   3.471734   3.471763   49.03828  -16.53016     5.2917     5.2917    35.1156    35.1152   1244.550 0.0000e+00
   1901.290      45632   1260.000     5.6592     5.6604   3.471315   3.471425   49.03828  -16.53016     5.2910     5.2910    35.1148    35.1149   1245.536 0.0000e+00
   1902.217      45654   1261.000     5.6618     5.6625   3.471630   3.471757   49.03828  -16.53016     5.2868     5.2868    35.1153    35.1159   1246.522 0.0000e+00
   1903.155      45677   1262.000     5.6719     5.6724   3.472766   3.472935   49.03828  -16.53016     5.2809     5.2809    35.1172    35.1186   1247.507 0.0000e+00
   1904.100      45699   1263.000     5.6872     5.6898   3.474464   3.474936   49.03828  -16.53016     5.2756     5.2756    35.1201    35.1227   1248.493 0.0000e+00
   1905.047      45722   1264.000     5.7117     5.7169   3.477178   3.478006   49.03828  -16.53016     5.2728     5.2728    35.1250    35.1290   1249.478 0.0000e+00
   1905.988      45745   1265.000     5.7406     5.7428   3.480385   3.480817   49.03828  -16.53016     5.2746     5.2746    35.1309    35.1335   1250.464 0.0000e+00
   1906.933      45767   1266.000     5.7538     5.7548   3.481920   3.482124   49.03828  -16.53016     5.2807     5.2807    35.1341    35.1353   1251.449 0.0000e+00
   1907.900      45791   1267.000     5.7537     5.7538   3.482027   3.482046   49.03827  -16.53016     5.2857     5.2857    35.1350    35.1351   1252.435 0.0000e+00
   1908.904      45815   1268.000     5.7390     5.7383   3.480601   3.480436   49.03827  -16.53016     5.2881     5.2881    35.1336    35.1324   1253.420 0.0000e+00
   1909.919      45839   1269.000     5.7173     5.7161   3.478434   3.478213   49.03826  -16.53016     5.2910     5.2910    35.1309    35.1298   1254.406 0.0000e+00
   1910.900      45863   1270.000     5.7061     5.7044   3.477317   3.477114   49.03825  -16.53016     5.2989     5.2989    35.1294    35.1289   1255.391 0.0000e+00
   1911.841      45885   1271.000     5.7000     5.6982   3.476712   3.476500   49.03826  -16.53016     5.3083     5.3083    35.1284    35.1279   1256.377 0.0000e+00
   1912.776      45908   1272.000     5.6942     5.6916   3.476128   3.475816   49.03827  -16.53016     5.3165     5.3165    35.1274    35.1265   1257.362 0.0000e+00
   1913.762      45931   1273.000     5.6828     5.6798   3.474955   3.474560   49.03827  -16.53016     5.3255     5.3255    35.1254    35.1240   1258.348 0.0000e+00
   1914.844      45957   1274.000     5.6624     5.6633   3.472834   3.472828   49.03827  -16.53016     5.3404     5.3404    35.1220    35.1210   1259.333 0.0000e+00
   1915.947      45984   1275.000     5.6372     5.6401   3.470209   3.470335   49.03825  -16.53016     5.3594     5.3594    35.1178    35.1163   1260.319 0.0000e+00
   1916.933      46007   1276.000     5.6003     5.6024   3.466371   3.466298   49.03824  -16.53016     5.3730     5.3730    35.1121    35.1090   1261.304 0.0000e+00
   1917.799      46028   1277.000     5.5562     5.5611   3.461783   3.461979   49.03823  -16.53016     5.3798     5.3798    35.1052    35.1024   1262.290 0.0000e+00
   1918.610      46048   1278.000     5.5182     5.5238   3.457816   3.458119   49.03823  -16.53016     5.3842     5.3842    35.0990    35.0967   1263.275 0.0000e+00
   1919.427      46067   1279.000     5.4911     5.4956   3.454970   3.455251   49.03822  -16.53016     5.3868     5.3868    35.0943    35.0928   1264.261 0.0000e+00
   1920.310      46088   1280.000     5.4714     5.4749   3.452906   3.453120   49.03822  -16.53016     5.3886     5.3886    35.0907    35.0896   1265.246 0.0000e+00
   1921.292      46112   1281.000     5.4567     5.4587   3.451383   3.451506   49.03822  -16.53016     5.3916     5.3916    35.0882    35.0874   1266.232 0.0000e+00
   1922.309      46136   1282.000     5.4475     5.4491   3.450462   3.450567   49.03822  -16.53016     5.3941     5.3941    35.0868    35.0863   1267.217 0.0000e+00
   1923.281      46160   1283.000     5.4401     5.4420   3.449759   3.449907   49.03822  -16.53016     5.3964     5.3964    35.0859    35.0857   1268.203 0.0000e+00
   1924.212      46182   1284.000     5.4332     5.4354   3.449127   3.449317   49.03822  -16.53016     5.3980     5.3980    35.0854    35.0852   1269.188 0.0000e+00
   1925.140      46204   1285.000     5.4296     5.4319   3.448806   3.449038   49.03822  -16.53016     5.3992     5.3992    35.0850    35.0852   1270.174 0.0000e+00
   1926.110      46228   1286.000     5.4277     5.4299   3.448664   3.448870   49.03822  -16.53016     5.3998     5.3998    35.0848    35.0850   1271.159 0.0000e+00
   1927.145      46252   1287.000     5.4243     5.4260   3.448362   3.448514   49.03822  -16.53016     5.3993     5.3993    35.0844    35.0844   1272.144 0.0000e+00
   1928.207      46278   1288.000     5.4206     5.4221   3.448025   3.448163   49.03822  -16.53016     5.3991     5.3991    35.0840    35.0840   1273.130 0.0000e+00
   1929.225      46302   1289.000     5.4184     5.4198   3.447835   3.447963   49.03822  -16.53016     5.3971     5.3971    35.0836    35.0837   1274.115 0.0000e+00
   1930.181      46325   1290.000     5.4168     5.4179   3.447700   3.447809   49.03822  -16.53016     5.3939     5.3939    35.0832    35.0834   1275.101 0.0000e+00
   1931.110      46348   1291.000     5.4144     5.4168   3.447493   3.447753   49.03822  -16.53016     5.3894     5.3894    35.0829    35.0834   1276.086 0.0000e+00
   1932.063      46371   1292.000     5.4133     5.4190   3.447407   3.448078   49.03822  -16.53016     5.3843     5.3843    35.0826    35.0843   1277.072 0.0000e+00
   1933.076      46395   1293.000     5.4151     5.4289   3.447646   3.449206   49.03822  -16.53016     5.3861     5.3861    35.0829    35.0864   1278.057 0.0000e+00
   1934.118      46420   1294.000     5.4240     5.4377   3.448625   3.450164   49.03822  -16.53016     5.3815     5.3815    35.0844    35.0878   1279.042 0.0000e+00
   1935.112      46444   1295.000     5.4383     5.4466   3.450199   3.451204   49.03822  -16.53016     5.3629     5.3629    35.0870    35.0898   1280.028 0.0000e+00
   1936.028      46466   1296.000     5.4579     5.4639   3.452352   3.453236   49.03822  -16.53016     5.3453     5.3453    35.0907    35.0945   1281.013 0.0000e+00
   1936.895      46486   1297.000     5.4946     5.5026   3.456355   3.457706   49.03822  -16.53016     5.3345     5.3345    35.0977    35.1048   1281.999 0.0000e+00
   1937.746      46507   1298.000     5.5518     5.5558   3.462596   3.463435   49.03822  -16.53016     5.3294     5.3294    35.1088    35.1142   1282.984 0.0000e+00
   1938.610      46528   1299.000     5.5872     5.5833   3.466511   3.466348   49.03822  -16.53016     5.3282     5.3282    35.1162    35.1183   1283.969 0.0000e+00
   1939.505      46549   1300.000     5.6026     5.5965   3.468292   3.467800   49.03822  -16.53016     5.3288     5.3288    35.1199    35.1207   1284.955 0.0000e+00
   1940.443      46572   1301.000     5.6084     5.6047   3.469019   3.468769   49.03822  -16.53016     5.3285     5.3285    35.1217    35.1226   1285.940 0.0000e+00
   1941.421      46595   1302.000     5.6121     5.6114   3.469513   3.469556   49.03823  -16.53016     5.3291     5.3291    35.1230    35.1241   1286.926 0.0000e+00
   1942.419      46619   1303.000     5.6157     5.6164   3.469981   3.470158   49.03823  -16.53016     5.3305     5.3305    35.1241    35.1254   1287.911 0.0000e+00
   1943.411      46643   1304.000     5.6173     5.6185   3.470242   3.470440   49.03824  -16.53016     5.3319     5.3319    35.1249    35.1258   1288.896 0.0000e+00
   1944.378      46666   1305.000     5.6153     5.6169   3.470112   3.470317   49.03825  -16.53016     5.3366     5.3366    35.1250    35.1257   1289.882 0.0000e+00
   1945.322      46689   1306.000     5.6108     5.6127   3.469709   3.469920   49.03827  -16.53016     5.3426     5.3426    35.1246    35.1251   1290.867 0.0000e+00
   1946.271      46712   1307.000     5.6041     5.6059   3.469080   3.469237   49.03827  -16.53016     5.3474     5.3474    35.1239    35.1238   1291.852 0.0000e+00
   1947.250      46735   1308.000     5.5958     5.5971   3.468286   3.468384   49.03827  -16.53016     5.3506     5.3506    35.1230    35.1228   1292.838 0.0000e+00
   1948.250      46759   1309.000     5.5881     5.5897   3.467535   3.467703   49.03828  -16.53016     5.3521     5.3521    35.1220    35.1223   1293.823 0.0000e+00
   1949.221      46782   1310.000     5.5831     5.5850   3.467062   3.467286   49.03828  -16.53016     5.3553     5.3553    35.1213    35.1219   1294.808 0.0000e+00
   1950.146      46804   1311.000     5.5791     5.5810   3.466691   3.466913   49.03828  -16.53016     5.3570     5.3570    35.1208    35.1213   1295.794 0.0000e+00
   1951.063      46827   1312.000     5.5740     5.5756   3.466208   3.466397   49.03828  -16.53016     5.3586     5.3586    35.1201    35.1206   1296.779 0.0000e+00
   1952.032      46850   1313.000     5.5686     5.5699   3.465691   3.465847   49.03828  -16.53016     5.3660     5.3660    35.1194    35.1198   1297.764 0.0000e+00
   1953.077      46875   1314.000     5.5615     5.5623   3.465006   3.465089   49.03828  -16.53016     5.3772     5.3772    35.1185    35.1186   1298.750 0.0000e+00
   1954.106      46900   1315.000     5.5491     5.5496   3.463794   3.463809   49.03828  -16.53016     5.3859     5.3859    35.1171    35.1167   1299.735 0.0000e+00
   1955.033      46922   1316.000     5.5332     5.5335   3.462225   3.462191   49.03828  -16.53016     5.3913     5.3913    35.1153    35.1145   1300.720 0.0000e+00
   1955.889      46942   1317.000     5.5176     5.5176   3.460682   3.460615   49.03828  -16.53016     5.3947     5.3947    35.1134    35.1126   1301.706 0.0000e+00
   1956.729      46963   1318.000     5.5035     5.5035   3.459286   3.459241   49.03828  -16.53016     5.3975     5.3975    35.1117    35.1111   1302.691 0.0000e+00
   1957.608      46984   1319.000     5.4920     5.4921   3.458138   3.458114   49.03828  -16.53016     5.4004     5.4004    35.1101    35.1097   1303.676 0.0000e+00
   1958.557      47006   1320.000     5.4807     5.4810   3.457013   3.457019   49.03828  -16.53016     5.4036     5.4036    35.1085    35.1082   1304.661 0.0000e+00
   1959.552      47030   1321.000     5.4692     5.4697   3.455863   3.455883   49.03828  -16.53016     5.4068     5.4068    35.1068    35.1066   1305.647 0.0000e+00
   1960.546      47054   1322.000     5.4583     5.4598   3.454769   3.454907   49.03828  -16.53016     5.4095     5.4095    35.1053    35.1053   1306.632 0.0000e+00
   1961.522      47078   1323.000     5.4501     5.4527   3.453960   3.454219   49.03828  -16.53016     5.4138     5.4138    35.1040    35.1043   1307.617 0.0000e+00
   1962.492      47101   1324.000     5.4429     5.4454   3.453252   3.453491   49.03828  -16.53016     5.4197     5.4197    35.1030    35.1031   1308.602 0.0000e+00
   1963.466      47124   1325.000     5.4345     5.4371   3.452428   3.452673   49.03828  -16.53016     5.4242     5.4242    35.1018    35.1019   1309.588 0.0000e+00
   1964.442      47148   1326.000     5.4232     5.4267   3.451296   3.451602   49.03828  -16.53016     5.4282     5.4282    35.1002    35.1001   1310.573 0.0000e+00
   1965.413      47171   1327.000     5.4087     5.4122   3.449850   3.450139   49.03828  -16.53016     5.4310     5.4310    35.0982    35.0979   1311.558 0.0000e+00
   1966.380      47194   1328.000     5.3955     5.3989   3.448516   3.448820   49.03828  -16.53016     5.4333     5.4333    35.0963    35.0962   1312.544 0.0000e+00
   1967.355      47218   1329.000     5.3838     5.3866   3.447350   3.447600   49.03828  -16.53016     5.4347     5.4347    35.0946    35.0946   1313.529 0.0000e+00
   1968.350      47241   1330.000     5.3757     5.3784   3.446553   3.446821   49.03828  -16.53016     5.4365     5.4365    35.0935    35.0938   1314.514 0.0000e+00
   1969.345      47265   1331.000     5.3717     5.3736   3.446179   3.446379   49.03828  -16.53016     5.4410     5.4410    35.0929    35.0932   1315.499 0.0000e+00
   1970.304      47288   1332.000     5.3678     5.3693   3.445830   3.445984   49.03828  -16.53016     5.4458     5.4458    35.0924    35.0927   1316.484 0.0000e+00
   1971.217      47310   1333.000     5.3621     5.3632   3.445309   3.445407   49.03828  -16.53016     5.4489     5.4489    35.0920    35.0919   1317.470 0.0000e+00
   1972.118      47332   1334.000     5.3530     5.3536   3.444443   3.444473   49.03828  -16.53016     5.4527     5.4527    35.0911    35.0908   1318.455 0.0000e+00
   1973.049      47354   1335.000     5.3437     5.3447   3.443536   3.443612   49.03828  -16.53016     5.4599     5.4599    35.0899    35.0897   1319.440 0.0000e+00
   1974.027      47378   1336.000     5.3331     5.3345   3.442490   3.442587   49.03828  -16.53016     5.4683     5.4683    35.0885    35.0881   1320.425 0.0000e+00
   1975.002      47401   1337.000     5.3170     5.3182   3.440903   3.440924   49.03828  -16.53016     5.4754     5.4754    35.0866    35.0856   1321.411 0.0000e+00
   1975.925      47423   1338.000     5.2995     5.3005   3.439162   3.439180   49.03828  -16.53016     5.4786     5.4786    35.0844    35.0836   1322.396 0.0000e+00
   1976.813      47445   1339.000     5.2878     5.2888   3.437987   3.438040   49.03828  -16.53016     5.4779     5.4779    35.0826    35.0822   1323.381 0.0000e+00
   1977.717      47466   1340.000     5.2794     5.2805   3.437132   3.437228   49.03828  -16.53016     5.4779     5.4779    35.0812    35.0811   1324.366 0.0000e+00
   1978.682      47489   1341.000     5.2735     5.2746   3.436545   3.436647   49.03828  -16.53016     5.4797     5.4797    35.0800    35.0801   1325.351 0.0000e+00
   1979.699      47514   1342.000     5.2692     5.2696   3.436109   3.436148   49.03828  -16.53016     5.4814     5.4814    35.0791    35.0791   1326.337 0.0000e+00
   1980.702      47538   1343.000     5.2638     5.2643   3.435579   3.435627   49.03828  -16.53016     5.4857     5.4857    35.0782    35.0782   1327.322 0.0000e+00
   1981.674      47561   1344.000     5.2575     5.2589   3.434963   3.435100   49.03828  -16.53016     5.4928     5.4928    35.0772    35.0773   1328.307 0.0000e+00
   1982.643      47584   1345.000     5.2500     5.2526   3.434217   3.434466   49.03828  -16.53016     5.4977     5.4977    35.0760    35.0761   1329.292 0.0000e+00
   1983.630      47608   1346.000     5.2373     5.2412   3.432929   3.433270   49.03828  -16.53016     5.5005     5.5005    35.0740    35.0738   1330.277 0.0000e+00
   1984.621      47632   1347.000     5.2195     5.2221   3.431132   3.431322   49.03828  -16.53016     5.5032     5.5032    35.0715    35.0708   1331.262 0.0000e+00
   1985.589      47655   1348.000     5.2070     5.2084   3.429881   3.429981   49.03828  -16.53016     5.5076     5.5076    35.0696    35.0693   1332.248 0.0000e+00
   1986.529      47678   1349.000     5.1993     5.2010   3.429113   3.429261   49.03828  -16.53016     5.5121     5.5121    35.0683    35.0683   1333.233 0.0000e+00
