Data_example/SBE_Data_Processed/DY103/SeaBird/Data/Batch/DY103_CTD12cfaldb.cnv
* Sea-Bird SBE 9 Data File:
* FileName = C:\Users\sandm\Documents\Cruises\DY103\Data\CTD Raw Data\DY103_CTD12.hex
* Software Version Seasave V 7.26.7.121
* Temperature SN = 03P-4814
* Conductivity SN = 04C-2165
* Number of Bytes Per Scan = 41
* Number of Voltage Words = 4
* Number of Scans Averaged by the Deck Unit = 1
* NMEA Latitude = 49 00.00 N
* NMEA Longitude = 016 30.00 W
* NMEA UTC (Time) = Jul 05 2019  12:57:09
** Ship: RRS Discovery
** Cruise: DY103
** Cast: 12
** Station:
** Julian Day: 186
** Date: 05/07/19
** Time: 13:00
** Latitude: 49 00.02'N
** Longitude: 16 30.02'W
** Depth (uncorr m): 4807
** Principal Scientist: S Hartman
** Operator: J Wynar/T Powell
# nquan = 15
# nvalues = 4922                        
# units = specified
# name 0 = timeS: Time, Elapsed [seconds]
# name 1 = scan: Scan Count
# name 2 = prDM: Pressure, Digiquartz [db]
# name 3 = t090C: Temperature [ITS-90, deg C]
# name 4 = t190C: Temperature, 2 [ITS-90, deg C]
# name 5 = c0S/m: Conductivity [S/m]
# name 6 = c1S/m: Conductivity, 2 [S/m]
# name 7 = latitude: Latitude [deg]
# name 8 = longitude: Longitude [deg]
# name 9 = sbeox0ML/L: Oxygen, SBE 43 [ml/l]
# name 10 = sbeox0ML/L: Oxygen, SBE 43 [ml/l]
# name 11 = sal00: Salinity, Practical [PSU]
# name 12 = sal11: Salinity, Practical, 2 [PSU]
# name 13 = depSM: Depth [salt water, m], lat = 49
# name 14 = flag: flag
# span 0 =    328.584,   5695.538       
# span 1 =       7887,     136694       
# span 2 =      1.000,   4927.000       
# span 3 =     2.5229,    16.5652       
# span 4 =     2.5228,    18.0953       
# span 5 =   3.136125,   4.499820       
# span 6 =   3.272228,   4.870076       
# span 7 =   48.82630,   49.00002       
# span 8 =  -16.49997,  -16.44145       
# span 9 =     3.3913,     6.1040       
# span 10 =     3.3913,     6.1040      
# span 11 =    23.9737,    35.5867      
# span 12 =    28.6055,    39.0068      
# span 13 =      0.992,   4829.520      
# span 14 = 0.0000e+00, 0.0000e+00      
# interval = decibars: 1                
# start_time = Jul 05 2019 12:57:09 [System UTC, first data scan.]
# bad_flag = -9.990e-29
*END*
[from data line 1735]
   2446.892      58726   1740.000     3.9540     3.9555   3.321537   3.321862   49.00002  -16.49994     5.9944     5.9944    34.9335    34.9358   1718.081 0.0000e+00
   2447.768      58747   1741.000     3.9518     3.9531   3.321365   3.321685   49.00002  -16.49994     5.9940     5.9940    34.9334    34.9357   1719.064 0.0000e+00
   2448.677      58769   1742.000     3.9498     3.9508   3.321217   3.321518   49.00002  -16.49994     5.9925     5.9925    34.9333    34.9357   1720.048 0.0000e+00
   2449.651      58793   1743.000     3.9483     3.9492   3.321120   3.321409   49.00002  -16.49995     5.9916     5.9916    34.9332    34.9356   1721.031 0.0000e+00
   2450.675      58817   1744.000     3.9474     3.9483   3.321076   3.321364   49.00002  -16.49995     5.9925     5.9925    34.9331    34.9356   1722.014 0.0000e+00
   2451.688      58842   1745.000     3.9469     3.9477   3.321072   3.321354   49.00002  -16.49995     5.9937     5.9937    34.9331    34.9356   1722.998 0.0000e+00
   2452.670      58865   1746.000     3.9466     3.9474   3.321080   3.321366   49.00002  -16.49995     5.9928     5.9928    34.9331    34.9356   1723.981 0.0000e+00
   2453.643      58888   1747.000     3.9462     3.9471   3.321086   3.321383   49.00002  -16.49994     5.9899     5.9899    34.9331    34.9356   1724.964 0.0000e+00
   2454.626      58912   1748.000     3.9458     3.9468   3.321092   3.321393   49.00002  -16.49994     5.9891     5.9891    34.9330    34.9355   1725.948 0.0000e+00
   2455.608      58936   1749.000     3.9453     3.9462   3.321085   3.321382   49.00002  -16.49994     5.9900     5.9900    34.9330    34.9356   1726.931 0.0000e+00
   2456.549      58958   1750.000     3.9446     3.9456   3.321069   3.321366   49.00002  -16.49994     5.9909     5.9909    34.9331    34.9355   1727.914 0.0000e+00
   2457.447      58980   1751.000     3.9440     3.9450   3.321059   3.321361   49.00002  -16.49994     5.9918     5.9918    34.9331    34.9356   1728.897 0.0000e+00
   2458.329      59001   1752.000     3.9431     3.9444   3.321019   3.321343   49.00002  -16.49994     5.9918     5.9918    34.9331    34.9356   1729.881 0.0000e+00
   2459.231      59023   1753.000     3.9419     3.9432   3.320952   3.321281   49.00002  -16.49994     5.9928     5.9928    34.9332    34.9356   1730.864 0.0000e+00
   2460.182      59045   1754.000     3.9405     3.9418   3.320867   3.321196   49.00002  -16.49994     5.9936     5.9936    34.9331    34.9356   1731.847 0.0000e+00
   2461.165      59069   1755.000     3.9393     3.9406   3.320797   3.321122   49.00002  -16.49994     5.9936     5.9936    34.9331    34.9356   1732.831 0.0000e+00
   2462.140      59092   1756.000     3.9382     3.9395   3.320739   3.321064   49.00002  -16.49994     5.9922     5.9922    34.9331    34.9355   1733.814 0.0000e+00
   2463.093      59115   1757.000     3.9370     3.9384   3.320672   3.321012   49.00002  -16.49995     5.9914     5.9914    34.9330    34.9355   1734.797 0.0000e+00
   2464.037      59138   1758.000     3.9364     3.9379   3.320654   3.321008   49.00002  -16.49994     5.9922     5.9922    34.9330    34.9355   1735.781 0.0000e+00
   2464.993      59161   1759.000     3.9360     3.9374   3.320660   3.321005   49.00002  -16.49994     5.9930     5.9930    34.9330    34.9355   1736.764 0.0000e+00
   2465.976      59184   1760.000     3.9356     3.9369   3.320669   3.320993   49.00002  -16.49994     5.9928     5.9928    34.9330    34.9355   1737.747 0.0000e+00
   2466.989      59209   1761.000     3.9351     3.9362   3.320667   3.320975   49.00002  -16.49994     5.9925     5.9925    34.9330    34.9355   1738.730 0.0000e+00
   2467.994      59233   1762.000     3.9344     3.9354   3.320637   3.320939   49.00002  -16.49994     5.9916     5.9916    34.9330    34.9354   1739.714 0.0000e+00
   2468.938      59256   1763.000     3.9331     3.9342   3.320561   3.320865   49.00002  -16.49994     5.9921     5.9921    34.9329    34.9353   1740.697 0.0000e+00
   2469.804      59276   1764.000     3.9316     3.9328   3.320454   3.320770   49.00002  -16.49994     5.9941     5.9941    34.9328    34.9352   1741.680 0.0000e+00
   2470.629      59296   1765.000     3.9296     3.9308   3.320309   3.320624   49.00002  -16.49994     5.9947     5.9947    34.9327    34.9351   1742.663 0.0000e+00
   2471.479      59317   1766.000     3.9269     3.9282   3.320109   3.320425   49.00002  -16.49994     5.9937     5.9937    34.9327    34.9350   1743.647 0.0000e+00
   2472.434      59339   1767.000     3.9242     3.9254   3.319903   3.320216   49.00002  -16.49994     5.9921     5.9921    34.9326    34.9350   1744.630 0.0000e+00
   2473.539      59366   1768.000     3.9220     3.9231   3.319736   3.320043   49.00002  -16.49994     5.9909     5.9909    34.9325    34.9350   1745.613 0.0000e+00
   2474.670      59393   1769.000     3.9203     3.9215   3.319617   3.319937   49.00002  -16.49994     5.9918     5.9918    34.9324    34.9349   1746.596 0.0000e+00
   2475.685      59417   1770.000     3.9190     3.9201   3.319531   3.319848   49.00002  -16.49994     5.9922     5.9922    34.9323    34.9348   1747.579 0.0000e+00
   2476.604      59439   1771.000     3.9175     3.9186   3.319437   3.319751   49.00002  -16.49994     5.9923     5.9923    34.9323    34.9348   1748.563 0.0000e+00
   2477.489      59461   1772.000     3.9168     3.9180   3.319425   3.319747   49.00002  -16.49994     5.9917     5.9917    34.9324    34.9350   1749.546 0.0000e+00
   2478.379      59482   1773.000     3.9167     3.9178   3.319469   3.319790   49.00002  -16.49994     5.9904     5.9904    34.9325    34.9351   1750.529 0.0000e+00
   2479.294      59504   1774.000     3.9166     3.9177   3.319513   3.319833   49.00002  -16.49994     5.9903     5.9903    34.9326    34.9353   1751.512 0.0000e+00
   2480.232      59527   1775.000     3.9167     3.9177   3.319566   3.319881   49.00002  -16.49994     5.9903     5.9903    34.9328    34.9354   1752.496 0.0000e+00
   2481.176      59549   1776.000     3.9166     3.9175   3.319612   3.319910   49.00002  -16.49993     5.9903     5.9903    34.9329    34.9355   1753.479 0.0000e+00
   2482.117      59572   1777.000     3.9162     3.9167   3.319620   3.319888   49.00002  -16.49994     5.9896     5.9896    34.9329    34.9355   1754.462 0.0000e+00
   2483.062      59594   1778.000     3.9152     3.9159   3.319573   3.319855   49.00002  -16.49994     5.9892     5.9892    34.9329    34.9354   1755.445 0.0000e+00
   2484.035      59618   1779.000     3.9143     3.9153   3.319528   3.319838   49.00002  -16.49994     5.9894     5.9894    34.9328    34.9355   1756.428 0.0000e+00
   2485.047      59642   1780.000     3.9139     3.9150   3.319532   3.319854   49.00002  -16.49994     5.9882     5.9882    34.9328    34.9354   1757.411 0.0000e+00
   2486.066      59667   1781.000     3.9138     3.9149   3.319558   3.319882   49.00002  -16.49994     5.9870     5.9870    34.9328    34.9355   1758.395 0.0000e+00
   2487.044      59690   1782.000     3.9135     3.9147   3.319584   3.319905   49.00002  -16.49993     5.9871     5.9871    34.9329    34.9355   1759.378 0.0000e+00
   2487.978      59712   1783.000     3.9130     3.9141   3.319585   3.319900   49.00002  -16.49993     5.9878     5.9878    34.9329    34.9355   1760.361 0.0000e+00
   2488.898      59735   1784.000     3.9119     3.9128   3.319526   3.319824   49.00002  -16.49993     5.9871     5.9871    34.9330    34.9355   1761.344 0.0000e+00
   2489.842      59757   1785.000     3.9096     3.9104   3.319358   3.319641   49.00002  -16.49994     5.9864     5.9864    34.9329    34.9354   1762.327 0.0000e+00
   2490.834      59781   1786.000     3.9071     3.9079   3.319162   3.319444   49.00002  -16.49994     5.9878     5.9878    34.9328    34.9353   1763.310 0.0000e+00
   2491.841      59805   1787.000     3.9052     3.9060   3.319019   3.319312   49.00002  -16.49994     5.9897     5.9897    34.9326    34.9351   1764.294 0.0000e+00
   2492.805      59828   1788.000     3.9037     3.9046   3.318916   3.319217   49.00002  -16.49994     5.9916     5.9916    34.9324    34.9350   1765.277 0.0000e+00
   2493.716      59850   1789.000     3.9026     3.9035   3.318847   3.319142   49.00002  -16.49994     5.9921     5.9921    34.9323    34.9349   1766.260 0.0000e+00
   2494.605      59872   1790.000     3.9018     3.9027   3.318804   3.319113   49.00002  -16.49994     5.9915     5.9915    34.9322    34.9348   1767.243 0.0000e+00
   2495.516      59893   1791.000     3.9012     3.9022   3.318785   3.319110   49.00002  -16.49994     5.9900     5.9900    34.9322    34.9348   1768.226 0.0000e+00
   2496.488      59917   1792.000     3.9008     3.9019   3.318791   3.319123   49.00002  -16.49994     5.9874     5.9874    34.9322    34.9348   1769.209 0.0000e+00
   2497.522      59942   1793.000     3.9009     3.9020   3.318843   3.319179   49.00002  -16.49995     5.9860     5.9860    34.9322    34.9350   1770.192 0.0000e+00
   2498.547      59966   1794.000     3.9020     3.9027   3.319006   3.319294   49.00002  -16.49995     5.9830     5.9830    34.9324    34.9351   1771.175 0.0000e+00
   2499.502      59989   1795.000     3.9034     3.9037   3.319192   3.319454   49.00002  -16.49995     5.9788     5.9788    34.9327    34.9354   1772.159 0.0000e+00
   2500.400      60011   1796.000     3.9049     3.9059   3.319388   3.319730   49.00002  -16.49995     5.9781     5.9781    34.9329    34.9359   1773.142 0.0000e+00
   2501.294      60032   1797.000     3.9075     3.9094   3.319714   3.320152   49.00002  -16.49994     5.9787     5.9787    34.9335    34.9367   1774.125 0.0000e+00
   2502.235      60055   1798.000     3.9106     3.9123   3.320093   3.320495   49.00002  -16.49995     5.9816     5.9816    34.9342    34.9371   1775.108 0.0000e+00
   2503.235      60079   1799.000     3.9093     3.9102   3.320015   3.320310   49.00002  -16.49995     5.9859     5.9859    34.9343    34.9367   1776.091 0.0000e+00
   2504.231      60103   1800.000     3.9047     3.9057   3.319607   3.319906   49.00002  -16.49995     5.9888     5.9888    34.9338    34.9362   1777.074 0.0000e+00
   2505.161      60125   1801.000     3.9005     3.9019   3.319226   3.319557   49.00002  -16.49995     5.9900     5.9900    34.9332    34.9357   1778.057 0.0000e+00
   2506.035      60146   1802.000     3.8976     3.8991   3.318981   3.319331   49.00002  -16.49995     5.9909     5.9909    34.9329    34.9354   1779.040 0.0000e+00
   2506.896      60167   1803.000     3.8956     3.8971   3.318826   3.319173   49.00002  -16.49995     5.9916     5.9916    34.9327    34.9353   1780.023 0.0000e+00
   2507.790      60188   1804.000     3.8937     3.8951   3.318685   3.319023   49.00002  -16.49995     5.9915     5.9915    34.9326    34.9351   1781.006 0.0000e+00
   2508.764      60211   1805.000     3.8921     3.8933   3.318570   3.318902   49.00002  -16.49995     5.9908     5.9908    34.9324    34.9350   1781.989 0.0000e+00
   2509.844      60237   1806.000     3.8912     3.8923   3.318524   3.318853   49.00002  -16.49995     5.9887     5.9887    34.9323    34.9350   1782.972 0.0000e+00
   2510.962      60264   1807.000     3.8907     3.8917   3.318508   3.318833   49.00002  -16.49995     5.9861     5.9861    34.9322    34.9350   1783.956 0.0000e+00
   2511.995      60289   1808.000     3.8898     3.8909   3.318476   3.318802   49.00002  -16.49995     5.9867     5.9867    34.9323    34.9350   1784.939 0.0000e+00
   2512.916      60311   1809.000     3.8888     3.8898   3.318430   3.318753   49.00002  -16.49995     5.9867     5.9867    34.9323    34.9351   1785.922 0.0000e+00
   2513.769      60331   1810.000     3.8877     3.8886   3.318382   3.318695   49.00002  -16.49995     5.9850     5.9850    34.9325    34.9351   1786.905 0.0000e+00
   2514.604      60351   1811.000     3.8867     3.8875   3.318335   3.318639   49.00002  -16.49995     5.9841     5.9841    34.9325    34.9352   1787.888 0.0000e+00
   2515.467      60372   1812.000     3.8856     3.8863   3.318280   3.318573   49.00002  -16.49995     5.9859     5.9859    34.9325    34.9352   1788.871 0.0000e+00
   2516.396      60394   1813.000     3.8845     3.8853   3.318216   3.318516   49.00002  -16.49995     5.9878     5.9878    34.9324    34.9351   1789.854 0.0000e+00
   2517.397      60419   1814.000     3.8837     3.8845   3.318185   3.318490   49.00002  -16.49995     5.9875     5.9875    34.9324    34.9352   1790.837 0.0000e+00
   2518.427      60443   1815.000     3.8832     3.8844   3.318187   3.318529   49.00002  -16.49995     5.9863     5.9863    34.9324    34.9353   1791.820 0.0000e+00
   2519.422      60467   1816.000     3.8833     3.8844   3.318242   3.318576   49.00002  -16.49995     5.9854     5.9854    34.9326    34.9353   1792.803 0.0000e+00
   2520.374      60490   1817.000     3.8830     3.8841   3.318268   3.318596   49.00002  -16.49995     5.9835     5.9835    34.9326    34.9353   1793.786 0.0000e+00
   2521.309      60512   1818.000     3.8822     3.8833   3.318240   3.318561   49.00002  -16.49995     5.9834     5.9834    34.9327    34.9353   1794.769 0.0000e+00
   2522.250      60535   1819.000     3.8806     3.8817   3.318132   3.318449   49.00002  -16.49995     5.9834     5.9834    34.9326    34.9352   1795.752 0.0000e+00
   2523.196      60558   1820.000     3.8787     3.8798   3.318007   3.318328   49.00002  -16.49995     5.9818     5.9818    34.9327    34.9352   1796.735 0.0000e+00
   2524.129      60580   1821.000     3.8777     3.8788   3.317952   3.318279   49.00002  -16.49995     5.9808     5.9808    34.9326    34.9352   1797.718 0.0000e+00
   2525.039      60602   1822.000     3.8770     3.8781   3.317921   3.318252   49.00002  -16.49995     5.9801     5.9801    34.9325    34.9352   1798.701 0.0000e+00
   2525.946      60624   1823.000     3.8761     3.8773   3.317883   3.318211   49.00002  -16.49995     5.9795     5.9795    34.9325    34.9351   1799.684 0.0000e+00
   2526.896      60647   1824.000     3.8749     3.8757   3.317815   3.318112   49.00002  -16.49995     5.9815     5.9815    34.9325    34.9351   1800.667 0.0000e+00
   2527.925      60671   1825.000     3.8729     3.8735   3.317670   3.317943   49.00002  -16.49995     5.9832     5.9832    34.9324    34.9350   1801.650 0.0000e+00
   2529.003      60697   1826.000     3.8708     3.8716   3.317517   3.317818   49.00002  -16.49995     5.9836     5.9836    34.9323    34.9351   1802.633 0.0000e+00
   2530.048      60722   1827.000     3.8690     3.8699   3.317405   3.317712   49.00002  -16.49995     5.9819     5.9819    34.9324    34.9351   1803.616 0.0000e+00
   2531.028      60746   1828.000     3.8663     3.8668   3.317200   3.317464   49.00002  -16.49995     5.9808     5.9808    34.9324    34.9349   1804.599 0.0000e+00
   2531.971      60768   1829.000     3.8622     3.8629   3.316874   3.317149   49.00002  -16.49995     5.9827     5.9827    34.9323    34.9348   1805.582 0.0000e+00
   2532.898      60791   1830.000     3.8598     3.8609   3.316695   3.317009   49.00002  -16.49995     5.9839     5.9839    34.9323    34.9349   1806.564 0.0000e+00
   2533.816      60813   1831.000     3.8588     3.8599   3.316638   3.316961   49.00002  -16.49995     5.9835     5.9835    34.9322    34.9349   1807.547 0.0000e+00
   2534.715      60834   1832.000     3.8582     3.8593   3.316625   3.316946   49.00002  -16.49995     5.9840     5.9840    34.9322    34.9348   1808.530 0.0000e+00
   2535.593      60855   1833.000     3.8576     3.8586   3.316609   3.316925   49.00002  -16.49995     5.9835     5.9835    34.9321    34.9348   1809.513 0.0000e+00
   2536.463      60876   1834.000     3.8568     3.8577   3.316569   3.316881   49.00002  -16.49994     5.9824     5.9824    34.9321    34.9348   1810.496 0.0000e+00
   2537.353      60897   1835.000     3.8556     3.8565   3.316507   3.316823   49.00002  -16.49994     5.9815     5.9815    34.9321    34.9348   1811.479 0.0000e+00
