Data_example/SBE_Data_Processed/DY103/SeaBird/Data/Batch/DY103_CTD09c.cnv
* Sea-Bird SBE 9 Data File:
* FileName = C:\Users\sandm\Documents\Cruises\DY103\Data\CTD Raw Data\DY103_CTD09.hex
* Software Version Seasave V 7.26.7.121
* Temperature SN = 03P-4814
* Conductivity SN = 04C-2165
* Number of Bytes Per Scan = 41
* Number of Voltage Words = 4
* Number of Scans Averaged by the Deck Unit = 1
* NMEA Latitude = 48 57.69 N
* NMEA Longitude = 016 22.45 W
* NMEA UTC (Time) = Jul 03 2019  15:13:00
** Ship: RRS Discovery
** Cruise: DY103
** Cast: 09
** Station:
** Julian Day: 184
** Date: 03/07/19
** Time: 15:20
** Latitude: 48 57.69'N
** Longitude: 16 22.45'W
** Depth (uncorr m): 4811
** Principal Scientist: S Hartman
** Operator: J Wynar/T Powell
# nquan = 12
# nvalues = 12004                                 
# units = specified
# name 0 = timeS: Time, Elapsed [seconds]
# name 1 = scan: Scan Count
# name 2 = prDM: Pressure, Digiquartz [db]
# name 3 = t090C: Temperature [ITS-90, deg C]
# name 4 = t190C: Temperature, 2 [ITS-90, deg C]
# name 5 = c0S/m: Conductivity [S/m]
# name 6 = c1S/m: Conductivity, 2 [S/m]
# name 7 = latitude: Latitude [deg]
# name 8 = longitude: Longitude [deg]
# name 9 = sbeox0ML/L: Oxygen, SBE 43 [ml/l]
# name 10 = sbeox0ML/L: Oxygen, SBE 43 [ml/l]
# name 11 = flag:  0.000e+00
# span 0 =     12.500,    512.625                 
# span 1 =        301,      12304                 
# span 2 =      0.441,    102.861                 
# span 3 =    12.0559,    17.1965                 
# span 4 =    12.0529,    19.1691                 
# span 5 =   0.004120,   4.488774                 
# span 6 =   0.000637,   4.489949                 
# span 7 =   48.96148,   48.96150                 
# span 8 =  -16.37420,  -16.37416                 
# span 9 =     3.8072,     7.1350                 
# span 10 =     3.8072,     7.1350                
# span 11 = 0.0000e+00, 0.0000e+00                
# interval = seconds: 0.0416667
# start_time = Jul 03 2019 15:13:01 [System UTC, first data scan.]
# bad_flag = -9.990e-29
*END*
[from data line 4572]
    203.000       4873     12.002    15.9591    16.2479   4.438931   4.446308   48.96148  -16.37420     4.5951     4.5951  0.000e+00
    203.042       4874     11.952    15.9546    16.2513   4.439030   4.446172   48.96148  -16.37420     4.5908     4.5908  0.000e+00
    203.083       4875     11.952    15.9514    16.2547   4.439064   4.446131   48.96148  -16.37420     4.5864     4.5864  0.000e+00
    203.125       4876     12.002    15.9445    16.2576   4.439117   4.446111   48.96148  -16.37420     4.5789     4.5789  0.000e+00
    203.167       4877     11.952    15.9334    16.2599   4.439137   4.446016   48.96148  -16.37420     4.5749     4.5749  0.000e+00
    203.208       4878     11.952    15.9221    16.2616   4.439164   4.445989   48.96148  -16.37420     4.5744     4.5744  0.000e+00
    203.250       4879     12.031    15.9130    16.2634   4.439257   4.445955   48.96150  -16.37416     4.5674     4.5674  0.000e+00
    203.292       4880     11.933    15.9047    16.2643   4.439344   4.445887   48.96150  -16.37416     4.5635     4.5635  0.000e+00
    203.333       4881     11.952    15.8977    16.2656   4.439444   4.445873   48.96150  -16.37416     4.5564     4.5564  0.000e+00
    203.375       4882     12.031    15.8915    16.2666   4.439557   4.445873   48.96150  -16.37416     4.5529     4.5529  0.000e+00
    203.417       4883     12.002    15.8862    16.2667   4.439591   4.445860   48.96148  -16.37420     4.5495     4.5495  0.000e+00
    203.458       4884     11.952    15.8816    16.2673   4.439731   4.445901   48.96148  -16.37420     4.5433     4.5433  0.000e+00
    203.500       4885     12.031    15.8757    16.2673   4.439837   4.445880   48.96148  -16.37420     4.5406     4.5406  0.000e+00
    203.542       4886     12.031    15.8674    16.2679   4.439877   4.445873   48.96148  -16.37420     4.5351     4.5351  0.000e+00
    203.583       4887     12.002    15.8597    16.2678   4.440057   4.445928   48.96148  -16.37420     4.5329     4.5329  0.000e+00
    203.625       4888     11.952    15.8521    16.2682   4.440084   4.445948   48.96148  -16.37420     4.5312     4.5312  0.000e+00
    203.667       4889     12.031    15.8458    16.2682   4.440137   4.446009   48.96148  -16.37420     4.5266     4.5266  0.000e+00
    203.708       4890     12.002    15.8409    16.2689   4.440210   4.446050   48.96148  -16.37420     4.5253     4.5253  0.000e+00
    203.750       4891     12.031    15.8375    16.2690   4.440257   4.446091   48.96148  -16.37420     4.5212     4.5212  0.000e+00
    203.792       4892     12.031    15.8346    16.2695   4.440270   4.446104   48.96148  -16.37420     4.5203     4.5203  0.000e+00
    203.833       4893     12.071    15.8317    16.2700   4.440271   4.446158   48.96148  -16.37420     4.5166     4.5166  0.000e+00
    203.875       4894     12.031    15.8293    16.2708   4.440271   4.446294   48.96148  -16.37420     4.5128     4.5128  0.000e+00
    203.917       4895     12.031    15.8271    16.2709   4.440237   4.446335   48.96148  -16.37420     4.5091     4.5091  0.000e+00
    203.958       4896     12.101    15.8257    16.2711   4.440231   4.446389   48.96148  -16.37420     4.5087     4.5087  0.000e+00
    204.000       4897     12.071    15.8246    16.2696   4.440197   4.446437   48.96148  -16.37420     4.5053     4.5053  0.000e+00
    204.042       4898     12.031    15.8238    16.2645   4.440164   4.446593   48.96148  -16.37420     4.5019     4.5019  0.000e+00
    204.083       4899     12.101    15.8227    16.2515   4.440098   4.446722   48.96148  -16.37420     4.4953     4.4953  0.000e+00
    204.125       4900     12.071    15.8224    16.2332   4.439964   4.446811   48.96148  -16.37420     4.4952     4.4952  0.000e+00
    204.167       4901     12.101    15.8224    16.2135   4.439951   4.446892   48.96148  -16.37420     4.4919     4.4919  0.000e+00
    204.208       4902     12.101    15.8231    16.2013   4.439885   4.446994   48.96148  -16.37420     4.4886     4.4886  0.000e+00
    204.250       4903     12.101    15.8236    16.1958   4.439798   4.447137   48.96150  -16.37416     4.4819     4.4819  0.000e+00
    204.292       4904     12.150    15.8240    16.1850   4.439805   4.447239   48.96150  -16.37416     4.4785     4.4785  0.000e+00
    204.333       4905     12.101    15.8244    16.1684   4.439785   4.447314   48.96150  -16.37416     4.4749     4.4749  0.000e+00
    204.375       4906     12.101    15.8244    16.1523   4.439778   4.447416   48.96150  -16.37416     4.4714     4.4714  0.000e+00
    204.417       4907     12.150    15.8245    16.1392   4.439805   4.447532   48.96148  -16.37420     4.4678     4.4678  0.000e+00
    204.458       4908     12.170    15.8238    16.1286   4.439845   4.447620   48.96148  -16.37420     4.4608     4.4608  0.000e+00
    204.500       4909     12.101    15.8206    16.1198   4.439851   4.447688   48.96148  -16.37420     4.4573     4.4573  0.000e+00
    204.542       4910     12.101    15.8187    16.1125   4.439825   4.447770   48.96148  -16.37420     4.4538     4.4538  0.000e+00
    204.583       4911     12.220    15.8167    16.1062   4.439871   4.447878   48.96148  -16.37420     4.4470     4.4470  0.000e+00
    204.625       4912     12.170    15.8144    16.1004   4.439891   4.447967   48.96148  -16.37420     4.4433     4.4433  0.000e+00
    204.667       4913     12.170    15.8133    16.0952   4.439918   4.448042   48.96148  -16.37420     4.4361     4.4361  0.000e+00
    204.708       4914     12.150    15.8138    16.0909   4.439845   4.448116   48.96148  -16.37420     4.4321     4.4321  0.000e+00
    204.750       4915     12.249    15.8149    16.0879   4.439838   4.448164   48.96148  -16.37420     4.4248     4.4248  0.000e+00
    204.792       4916     12.170    15.8170    16.0858   4.439791   4.448205   48.96148  -16.37420     4.4171     4.4171  0.000e+00
    204.833       4917     12.249    15.8174    16.0841   4.439778   4.448300   48.96148  -16.37420     4.4095     4.4095  0.000e+00
    204.875       4918     12.220    15.8162    16.0821   4.439745   4.448388   48.96148  -16.37420     4.4052     4.4052  0.000e+00
    204.917       4919     12.170    15.8169    16.0788   4.439625   4.448408   48.96148  -16.37420     4.3975     4.3975  0.000e+00
    204.958       4920     12.249    15.8189    16.0758   4.439565   4.448408   48.96148  -16.37420     4.3932     4.3932  0.000e+00
    205.000       4921     12.289    15.8201    16.0729   4.439499   4.448490   48.96148  -16.37420     4.3854     4.3854  0.000e+00
    205.042       4922     12.249    15.8212    16.0700   4.439392   4.448524   48.96148  -16.37420     4.3741     4.3741  0.000e+00
    205.083       4923     12.249    15.8224    16.0678   4.439159   4.448578   48.96148  -16.37420     4.3694     4.3694  0.000e+00
    205.125       4924     12.249    15.8238    16.0657   4.438926   4.448599   48.96148  -16.37420     4.3581     4.3581  0.000e+00
    205.167       4925     12.289    15.8248    16.0640   4.438733   4.448599   48.96148  -16.37420     4.3530     4.3530  0.000e+00
    205.208       4926     12.249    15.8255    16.0628   4.438547   4.448626   48.96148  -16.37420     4.3449     4.3449  0.000e+00
    205.250       4927     12.249    15.8266    16.0618   4.438334   4.448667   48.96150  -16.37416     4.3371     4.3371  0.000e+00
    205.292       4928     12.289    15.8268    16.0613   4.438187   4.448701   48.96150  -16.37416     4.3292     4.3292  0.000e+00
    205.333       4929     12.319    15.8270    16.0611   4.438041   4.448714   48.96150  -16.37416     4.3213     4.3213  0.000e+00
    205.375       4930     12.319    15.8271    16.0615   4.437834   4.448741   48.96150  -16.37416     4.3133     4.3133  0.000e+00
    205.417       4931     12.249    15.8273    16.0613   4.437695   4.448694   48.96148  -16.37420     4.3053     4.3053  0.000e+00
    205.458       4932     12.368    15.8265    16.0617   4.437528   4.448680   48.96148  -16.37420     4.2977     4.2977  0.000e+00
    205.500       4933     12.249    15.8258    16.0613   4.437309   4.448646   48.96148  -16.37420     4.2864     4.2864  0.000e+00
    205.542       4934     12.388    15.8249    16.0609   4.437169   4.448606   48.96148  -16.37420     4.2820     4.2820  0.000e+00
    205.583       4935     12.289    15.8240    16.0605   4.437042   4.448511   48.96148  -16.37420     4.2709     4.2709  0.000e+00
    205.625       4936     12.319    15.8232    16.0601   4.436883   4.448456   48.96148  -16.37420     4.2665     4.2665  0.000e+00
    205.667       4937     12.388    15.8231    16.0601   4.436756   4.448388   48.96148  -16.37420     4.2560     4.2560  0.000e+00
    205.708       4938     12.220    15.8246    16.0599   4.436610   4.448246   48.96148  -16.37420     4.2483     4.2483  0.000e+00
    205.750       4939     12.467    15.8273    16.0599   4.436437   4.448096   48.96148  -16.37420     4.2410     4.2410  0.000e+00
    205.792       4940     12.319    15.8305    16.0601   4.436330   4.447920   48.96148  -16.37420     4.2302     4.2302  0.000e+00
    205.833       4941     12.388    15.8341    16.0609   4.436257   4.447696   48.96148  -16.37420     4.2229     4.2229  0.000e+00
    205.875       4942     12.289    15.8387    16.0615   4.436150   4.447411   48.96148  -16.37420     4.2155     4.2155  0.000e+00
    205.917       4943     12.467    15.8442    16.0627   4.436064   4.447126   48.96148  -16.37420     4.2083     4.2083  0.000e+00
    205.958       4944     12.319    15.8510    16.0640   4.436017   4.446745   48.96148  -16.37420     4.1976     4.1976  0.000e+00
    206.000       4945     12.289    15.8592    16.0661   4.435950   4.446413   48.96148  -16.37420     4.1904     4.1904  0.000e+00
    206.042       4946     12.467    15.8683    16.0681   4.435877   4.446107   48.96148  -16.37420     4.1835     4.1835  0.000e+00
    206.083       4947     12.388    15.8778    16.0708   4.435870   4.445910   48.96148  -16.37420     4.1765     4.1765  0.000e+00
    206.125       4948     12.388    15.8878    16.0739   4.435864   4.445754   48.96148  -16.37420     4.1660     4.1660  0.000e+00
    206.167       4949     12.437    15.8974    16.0773   4.435863   4.445693   48.96148  -16.37420     4.1592     4.1592  0.000e+00
    206.208       4950     12.388    15.9061    16.0810   4.435777   4.445686   48.96148  -16.37420     4.1492     4.1492  0.000e+00
    206.250       4951     12.388    15.9136    16.0854   4.435717   4.445652   48.96150  -16.37416     4.1427     4.1427  0.000e+00
    206.292       4952     12.220    15.9196    16.0909   4.435737   4.445557   48.96150  -16.37416     4.1360     4.1360  0.000e+00
    206.333       4953     12.536    15.9241    16.0985   4.435630   4.445442   48.96150  -16.37416     4.1265     4.1265  0.000e+00
    206.375       4954     12.388    15.9278    16.1074   4.435537   4.445272   48.96150  -16.37416     4.1203     4.1203  0.000e+00
    206.417       4955     12.467    15.9303    16.1176   4.435437   4.445068   48.96148  -16.37420     4.1145     4.1145  0.000e+00
    206.458       4956     12.368    15.9329    16.1285   4.435410   4.444823   48.96148  -16.37420     4.1055     4.1055  0.000e+00
    206.500       4957     12.467    15.9341    16.1396   4.435324   4.444620   48.96148  -16.37420     4.0964     4.0964  0.000e+00
    206.542       4958     12.388    15.9349    16.1505   4.435177   4.444396   48.96148  -16.37420     4.0940     4.0940  0.000e+00
    206.583       4959     12.467    15.9359    16.1607   4.435084   4.444199   48.96148  -16.37420     4.0856     4.0856  0.000e+00
    206.625       4960     12.368    15.9366    16.1703   4.434984   4.444029   48.96148  -16.37420     4.0802     4.0802  0.000e+00
    206.667       4961     12.467    15.9379    16.1786   4.434838   4.443954   48.96148  -16.37420     4.0753     4.0753  0.000e+00
    206.708       4962     12.388    15.9401    16.1858   4.434745   4.443900   48.96148  -16.37420     4.0635     4.0635  0.000e+00
    206.750       4963     12.437    15.9420    16.1925   4.434592   4.443798   48.96148  -16.37420     4.0618     4.0618  0.000e+00
    206.792       4964     12.388    15.9443    16.1984   4.434485   4.443709   48.96148  -16.37420     4.0570     4.0570  0.000e+00
    206.833       4965     12.467    15.9467    16.2039   4.434399   4.443574   48.96148  -16.37420     4.0490     4.0490  0.000e+00
    206.875       4966     12.388    15.9487    16.2086   4.434219   4.443377   48.96148  -16.37420     4.0407     4.0407  0.000e+00
    206.917       4967     12.507    15.9509    16.2133   4.434079   4.443255   48.96148  -16.37420     4.0361     4.0361  0.000e+00
    206.958       4968     12.388    15.9531    16.2185   4.433853   4.443146   48.96148  -16.37420     4.0314     4.0314  0.000e+00
    207.000       4969     12.467    15.9555    16.2237   4.433707   4.443030   48.96148  -16.37420     4.0273     4.0273  0.000e+00
    207.042       4970     12.437    15.9582    16.2286   4.433534   4.442915   48.96148  -16.37420     4.0232     4.0232  0.000e+00
    207.083       4971     12.388    15.9602    16.2339   4.433401   4.442840   48.96148  -16.37420     4.0156     4.0156  0.000e+00
    207.125       4972     12.467    15.9620    16.2392   4.433234   4.442786   48.96148  -16.37420     4.0116     4.0116  0.000e+00
    207.167       4973     12.388    15.9635    16.2441   4.433074   4.442711   48.96148  -16.37420     4.0040     4.0040  0.000e+00
    207.208       4974     12.507    15.9649    16.2484   4.432868   4.442609   48.96148  -16.37420     4.0001     4.0001  0.000e+00
    207.250       4975     12.388    15.9666    16.2527   4.432782   4.442548   48.96150  -16.37416     3.9961     3.9961  0.000e+00
    207.292       4976     12.467    15.9682    16.2564   4.432689   4.442460   48.96150  -16.37416     3.9925     3.9925  0.000e+00
    207.333       4977     12.437    15.9699    16.2605   4.432575   4.442372   48.96150  -16.37416     3.9889     3.9889  0.000e+00
    207.375       4978     12.467    15.9718    16.2645   4.432462   4.442290   48.96150  -16.37416     3.9856     3.9856  0.000e+00
    207.417       4979     12.388    15.9737    16.2686   4.432349   4.442243   48.96148  -16.37420     3.9823     3.9823  0.000e+00
    207.458       4980     12.467    15.9755    16.2726   4.432263   4.442175   48.96148  -16.37420     3.9759     3.9759  0.000e+00
    207.500       4981     12.437    15.9779    16.2769   4.432189   4.442161   48.96148  -16.37420     3.9727     3.9727  0.000e+00
    207.542       4982     12.388    15.9799    16.2814   4.432116   4.442161   48.96148  -16.37420     3.9693     3.9693  0.000e+00
    207.583       4983     12.467    15.9823    16.2857   4.432070   4.442161   48.96148  -16.37420     3.9665     3.9665  0.000e+00
    207.625       4984     12.437    15.9846    16.2904   4.431976   4.442127   48.96148  -16.37420     3.9600     3.9600  0.000e+00
    207.667       4985     12.467    15.9868    16.2947   4.431890   4.442154   48.96148  -16.37420     3.9606     3.9606  0.000e+00
    207.708       4986     12.388    15.9891    16.2988   4.431843   4.442161   48.96148  -16.37420     3.9579     3.9579  0.000e+00
    207.750       4987     12.467    15.9917    16.3025   4.431837   4.442215   48.96148  -16.37420     3.9555     3.9555  0.000e+00
    207.792       4988     12.437    15.9943    16.3069   4.431750   4.442235   48.96148  -16.37420     3.9531     3.9531  0.000e+00
    207.833       4989     12.388    15.9976    16.3108   4.431743   4.442235   48.96148  -16.37420     3.9506     3.9506  0.000e+00
    207.875       4990     12.467    16.0006    16.3144   4.431757   4.442242   48.96148  -16.37420     3.9482     3.9482  0.000e+00
    207.917       4991     12.437    16.0039    16.3182   4.431730   4.442289   48.96148  -16.37420     3.9460     3.9460  0.000e+00
