Data_example/SBE_Data_Processed/DY103/SeaBird/Data/Batch/DY103_CTD05cfaldb.cnv
* Sea-Bird SBE 9 Data File:
* FileName = C:\Users\sandm\Documents\Cruises\DY103\Data\CTD Raw Data\DY103_CTD05.hex
* Software Version Seasave V 7.26.7.121
* Temperature SN = 03P-4814
* Conductivity SN = 04C-2165
* Number of Bytes Per Scan = 41
* Number of Voltage Words = 4
* Number of Scans Averaged by the Deck Unit = 1
* NMEA Latitude = 49 02.30 N
* NMEA Longitude = 016 31.81 W
* NMEA UTC (Time) = Jun 30 2019  12:55:41
** Ship: RRS Discovery
** Cruise: DY103
** Cast: 05
** Station:
** Julian Day: 181
** Date: 30/06/19
** Time: 12:55
** Latitude: 49 02.29'N
** Longitude: 16 31.81'W
** Depth (uncorr m): 4809
** Principal Scientist: S Hartman
** Operator: J Wynar/T Powell
# nquan = 15
# nvalues = 4919                        
# units = specified
# name 0 = timeS: Time, Elapsed [seconds]
# name 1 = scan: Scan Count
# name 2 = prDM: Pressure, Digiquartz [db]
# name 3 = t090C: Temperature [ITS-90, deg C]
# name 4 = t190C: Temperature, 2 [ITS-90, deg C]
# name 5 = c0S/m: Conductivity [S/m]
# name 6 = c1S/m: Conductivity, 2 [S/m]
# name 7 = latitude: Latitude [deg]
# name 8 = longitude: Longitude [deg]
# name 9 = sbeox0ML/L: Oxygen, SBE 43 [ml/l]
# name 10 = sbeox0ML/L: Oxygen, SBE 43 [ml/l]
# name 11 = sal00: Salinity, Practical [PSU]
# name 12 = sal11: Salinity, Practical, 2 [PSU]
# name 13 = depSM: Depth [salt water, m], lat = 49.0383
# name 14 = flag: flag
# span 0 =    193.236,   5579.134       
# span 1 =       4639,     133900       
# span 2 =      1.000,   4919.000       
# span 3 =     2.5220,    15.9313       
# span 4 =     2.5216,    16.4539       
# span 5 =   3.271463,   4.442779       
# span 6 =   3.271816,   4.436590       
# span 7 =   49.03822,   49.03831       
# span 8 =  -16.53018,  -16.53011       
# span 9 =     4.0218,     6.0131       
# span 10 =     4.0218,     6.0131      
# span 11 =    34.1473,    35.6299      
# span 12 =    33.7450,    35.6392      
# span 13 =      0.991,   4821.749      
# span 14 = 0.0000e+00, 0.0000e+00      
# interval = decibars: 1                
# start_time = Jun 30 2019 12:55:42 [System UTC, first data scan.]
# bad_flag = -9.990e-29
*END*
[from data line 386]
   1064.253      25543    387.000    11.1388    11.1373   3.980082   3.980170   49.03827  -16.53016     5.6917     5.6917    35.4522    35.4545    383.357 0.0000e+00
   1065.225      25566    388.000    11.1348    11.1346   3.979751   3.979898   49.03827  -16.53016     5.6868     5.6868    35.4523    35.4540    384.347 0.0000e+00
   1066.181      25589    389.000    11.1334    11.1330   3.979658   3.979762   49.03827  -16.53016     5.6796     5.6796    35.4523    35.4537    385.336 0.0000e+00
   1067.132      25612    390.000    11.1329    11.1331   3.979670   3.979831   49.03827  -16.53016     5.6736     5.6736    35.4524    35.4539    386.326 0.0000e+00
   1068.105      25636    391.000    11.1352    11.1358   3.980004   3.980226   49.03827  -16.53016     5.6703     5.6703    35.4531    35.4547    387.316 0.0000e+00
   1069.109      25660    392.000    11.1403    11.1399   3.980672   3.980785   49.03827  -16.53016     5.6670     5.6670    35.4544    35.4559    388.305 0.0000e+00
   1070.111      25684    393.000    11.1457    11.1449   3.981379   3.981458   49.03827  -16.53016     5.6649     5.6649    35.4558    35.4573    389.295 0.0000e+00
   1071.072      25707    394.000    11.1489    11.1490   3.981834   3.981993   49.03827  -16.53016     5.6673     5.6673    35.4568    35.4583    390.285 0.0000e+00
   1071.994      25729    395.000    11.1500    11.1504   3.982030   3.982208   49.03827  -16.53016     5.6704     5.6704    35.4572    35.4587    391.274 0.0000e+00
   1072.912      25751    396.000    11.1490    11.1493   3.981968   3.982118   49.03827  -16.53016     5.6729     5.6729    35.4572    35.4584    392.264 0.0000e+00
   1073.875      25774    397.000    11.1467    11.1463   3.981755   3.981805   49.03827  -16.53016     5.6775     5.6775    35.4568    35.4577    393.253 0.0000e+00
   1074.901      25799    398.000    11.1425    11.1417   3.981312   3.981322   49.03827  -16.53016     5.6807     5.6807    35.4560    35.4568    394.243 0.0000e+00
   1075.928      25823    399.000    11.1368    11.1371   3.980690   3.980837   49.03827  -16.53016     5.6790     5.6790    35.4549    35.4560    395.233 0.0000e+00
   1076.879      25846    400.000    11.1308    11.1316   3.980046   3.980237   49.03827  -16.53016     5.6750     5.6750    35.4538    35.4549    396.222 0.0000e+00
   1077.756      25867    401.000    11.1280    11.1285   3.979770   3.979958   49.03827  -16.53016     5.6712     5.6712    35.4533    35.4546    397.212 0.0000e+00
   1078.617      25888    402.000    11.1289    11.1293   3.979941   3.980134   49.03827  -16.53016     5.6679     5.6679    35.4536    35.4552    398.201 0.0000e+00
   1079.542      25910    403.000    11.1328    11.1331   3.980468   3.980678   49.03827  -16.53016     5.6648     5.6648    35.4547    35.4565    399.191 0.0000e+00
   1080.591      25935    404.000    11.1360    11.1368   3.980918   3.981169   49.03827  -16.53016     5.6601     5.6601    35.4556    35.4574    400.181 0.0000e+00
   1081.698      25962    405.000    11.1372    11.1377   3.981137   3.981332   49.03827  -16.53016     5.6542     5.6542    35.4562    35.4577    401.170 0.0000e+00
   1082.708      25986    406.000    11.1372    11.1375   3.981199   3.981367   49.03827  -16.53016     5.6484     5.6484    35.4564    35.4578    402.160 0.0000e+00
   1083.595      26007    407.000    11.1367    11.1367   3.981194   3.981335   49.03827  -16.53016     5.6457     5.6457    35.4565    35.4578    403.150 0.0000e+00
   1084.429      26027    408.000    11.1353    11.1356   3.981100   3.981264   49.03827  -16.53016     5.6448     5.6448    35.4564    35.4577    404.139 0.0000e+00
   1085.280      26048    409.000    11.1345    11.1352   3.981074   3.981309   49.03827  -16.53016     5.6436     5.6436    35.4565    35.4581    405.128 0.0000e+00
   1086.213      26070    410.000    11.1354    11.1363   3.981263   3.981526   49.03827  -16.53016     5.6439     5.6439    35.4571    35.4588    406.118 0.0000e+00
   1087.241      26095    411.000    11.1353    11.1358   3.981353   3.981537   49.03827  -16.53016     5.6481     5.6481    35.4575    35.4589    407.108 0.0000e+00
   1088.293      26120    412.000    11.1326    11.1328   3.981112   3.981250   49.03827  -16.53016     5.6486     5.6486    35.4573    35.4585    408.097 0.0000e+00
   1089.322      26145    413.000    11.1290    11.1292   3.980759   3.980906   49.03827  -16.53016     5.6434     5.6434    35.4569    35.4581    409.087 0.0000e+00
   1090.346      26169    414.000    11.1262    11.1264   3.980493   3.980631   49.03827  -16.53016     5.6381     5.6381    35.4564    35.4577    410.076 0.0000e+00
   1091.366      26194    415.000    11.1236    11.1239   3.980252   3.980414   49.03827  -16.53016     5.6330     5.6330    35.4561    35.4574    411.066 0.0000e+00
   1092.352      26217    416.000    11.1227    11.1231   3.980201   3.980377   49.03827  -16.53016     5.6262     5.6262    35.4560    35.4574    412.055 0.0000e+00
   1093.279      26240    417.000    11.1228    11.1232   3.980272   3.980460   49.03827  -16.53016     5.6193     5.6193    35.4562    35.4577    413.045 0.0000e+00
   1094.166      26261    418.000    11.1239    11.1244   3.980473   3.980690   49.03827  -16.53016     5.6147     5.6147    35.4567    35.4583    414.034 0.0000e+00
   1095.055      26282    419.000    11.1264    11.1269   3.980851   3.981076   49.03827  -16.53016     5.6099     5.6099    35.4576    35.4593    415.024 0.0000e+00
   1095.978      26304    420.000    11.1301    11.1304   3.981370   3.981578   49.03827  -16.53016     5.6045     5.6045    35.4588    35.4605    416.013 0.0000e+00
   1096.932      26327    421.000    11.1331    11.1335   3.981811   3.982014   49.03827  -16.53016     5.6021     5.6021    35.4598    35.4615    417.003 0.0000e+00
   1097.884      26350    422.000    11.1347    11.1350   3.982085   3.982278   49.03827  -16.53016     5.6008     5.6008    35.4606    35.4622    417.992 0.0000e+00
   1098.810      26372    423.000    11.1351    11.1355   3.982208   3.982400   49.03827  -16.53016     5.5971     5.5971    35.4609    35.4625    418.982 0.0000e+00
   1099.732      26395    424.000    11.1351    11.1355   3.982268   3.982461   49.03827  -16.53016     5.5902     5.5902    35.4611    35.4626    419.971 0.0000e+00
   1100.694      26418    425.000    11.1348    11.1351   3.982291   3.982474   49.03827  -16.53016     5.5824     5.5824    35.4612    35.4627    420.961 0.0000e+00
   1101.730      26443    426.000    11.1341    11.1343   3.982277   3.982449   49.03827  -16.53016     5.5766     5.5766    35.4613    35.4628    421.950 0.0000e+00
   1102.799      26468    427.000    11.1332    11.1335   3.982263   3.982463   49.03827  -16.53016     5.5712     5.5712    35.4615    35.4632    422.940 0.0000e+00
   1103.821      26493    428.000    11.1331    11.1336   3.982328   3.982537   49.03827  -16.53016     5.5677     5.5677    35.4619    35.4635    423.929 0.0000e+00
   1104.770      26515    429.000    11.1333    11.1338   3.982413   3.982622   49.03827  -16.53016     5.5705     5.5705    35.4621    35.4637    424.919 0.0000e+00
   1105.671      26537    430.000    11.1336    11.1342   3.982513   3.982735   49.03827  -16.53016     5.5787     5.5787    35.4623    35.4639    425.908 0.0000e+00
   1106.562      26558    431.000    11.1342    11.1349   3.982654   3.982896   49.03827  -16.53016     5.5849     5.5849    35.4627    35.4644    426.898 0.0000e+00
   1107.476      26580    432.000    11.1351    11.1359   3.982836   3.983101   49.03827  -16.53016     5.5824     5.5824    35.4633    35.4651    427.887 0.0000e+00
   1108.430      26603    433.000    11.1364    11.1374   3.983097   3.983387   49.03827  -16.53016     5.5732     5.5732    35.4641    35.4661    428.877 0.0000e+00
   1109.410      26627    434.000    11.1378    11.1386   3.983367   3.983626   49.03827  -16.53016     5.5633     5.5633    35.4651    35.4669    429.866 0.0000e+00
   1110.386      26650    435.000    11.1375    11.1381   3.983434   3.983648   49.03827  -16.53016     5.5601     5.5601    35.4656    35.4671    430.855 0.0000e+00
   1111.328      26673    436.000    11.1346    11.1352   3.983194   3.983382   49.03827  -16.53016     5.5611     5.5611    35.4656    35.4668    431.845 0.0000e+00
   1112.248      26695    437.000    11.1295    11.1302   3.982705   3.982894   49.03827  -16.53016     5.5602     5.5602    35.4651    35.4663    432.834 0.0000e+00
   1113.187      26717    438.000    11.1250    11.1257   3.982274   3.982470   49.03827  -16.53016     5.5577     5.5577    35.4647    35.4660    433.824 0.0000e+00
   1114.188      26742    439.000    11.1230    11.1236   3.982112   3.982320   49.03827  -16.53016     5.5523     5.5523    35.4646    35.4660    434.813 0.0000e+00
   1115.242      26767    440.000    11.1223    11.1227   3.982091   3.982271   49.03827  -16.53016     5.5446     5.5446    35.4646    35.4660    435.803 0.0000e+00
   1116.271      26791    441.000    11.1204    11.1205   3.981925   3.982060   49.03827  -16.53016     5.5358     5.5358    35.4643    35.4655    436.792 0.0000e+00
   1117.231      26815    442.000    11.1174    11.1177   3.981641   3.981785   49.03827  -16.53017     5.5265     5.5265    35.4639    35.4651    437.781 0.0000e+00
   1118.142      26836    443.000    11.1144    11.1145   3.981348   3.981465   49.03827  -16.53017     5.5211     5.5211    35.4635    35.4646    438.771 0.0000e+00
   1119.040      26858    444.000    11.1087    11.1083   3.980758   3.980784   49.03827  -16.53017     5.5203     5.5203    35.4626    35.4633    439.760 0.0000e+00
   1119.949      26880    445.000    11.1004    11.0996   3.979871   3.979852   49.03827  -16.53018     5.5212     5.5212    35.4613    35.4619    440.750 0.0000e+00
   1120.881      26902    446.000    11.0925    11.0923   3.979015   3.979087   49.03827  -16.53018     5.5213     5.5213    35.4600    35.4608    441.739 0.0000e+00
   1121.831      26925    447.000    11.0869    11.0870   3.978423   3.978536   49.03827  -16.53017     5.5202     5.5202    35.4590    35.4601    442.728 0.0000e+00
   1122.800      26948    448.000    11.0823    11.0826   3.977965   3.978108   49.03827  -16.53017     5.5166     5.5166    35.4584    35.4595    443.718 0.0000e+00
   1123.812      26972    449.000    11.0791    11.0794   3.977659   3.977818   49.03827  -16.53018     5.5151     5.5151    35.4580    35.4593    444.707 0.0000e+00
   1124.869      26998    450.000    11.0765    11.0767   3.977429   3.977584   49.03827  -16.53018     5.5153     5.5153    35.4578    35.4591    445.696 0.0000e+00
   1125.923      27023    451.000    11.0739    11.0742   3.977195   3.977360   49.03827  -16.53018     5.5135     5.5135    35.4575    35.4589    446.686 0.0000e+00
   1126.908      27047    452.000    11.0714    11.0716   3.976969   3.977128   49.03827  -16.53018     5.5120     5.5120    35.4572    35.4586    447.675 0.0000e+00
   1127.814      27069    453.000    11.0690    11.0693   3.976756   3.976915   49.03827  -16.53018     5.5104     5.5104    35.4570    35.4582    448.664 0.0000e+00
   1128.678      27089    454.000    11.0667    11.0669   3.976542   3.976698   49.03827  -16.53018     5.5067     5.5067    35.4566    35.4579    449.654 0.0000e+00
   1129.546      27110    455.000    11.0647    11.0650   3.976369   3.976529   49.03827  -16.53018     5.5014     5.5014    35.4564    35.4576    450.643 0.0000e+00
   1130.455      27132    456.000    11.0627    11.0628   3.976187   3.976326   49.03827  -16.53018     5.4977     5.4977    35.4560    35.4573    451.633 0.0000e+00
   1131.426      27155    457.000    11.0599    11.0599   3.975929   3.976048   49.03827  -16.53018     5.4934     5.4934    35.4557    35.4569    452.622 0.0000e+00
   1132.450      27180    458.000    11.0565    11.0564   3.975598   3.975708   49.03827  -16.53018     5.4805     5.4805    35.4552    35.4564    453.611 0.0000e+00
   1133.494      27205    459.000    11.0524    11.0524   3.975199   3.975308   49.03827  -16.53018     5.4634     5.4634    35.4548    35.4559    454.601 0.0000e+00
   1134.520      27229    460.000    11.0476    11.0476   3.974728   3.974823   49.03827  -16.53018     5.4542     5.4542    35.4542    35.4552    455.590 0.0000e+00
   1135.498      27253    461.000    11.0402    11.0401   3.973973   3.974031   49.03827  -16.53018     5.4493     5.4493    35.4534    35.4541    456.579 0.0000e+00
   1136.431      27275    462.000    11.0303    11.0299   3.972937   3.972970   49.03827  -16.53018     5.4472     5.4472    35.4522    35.4529    457.569 0.0000e+00
   1137.346      27297    463.000    11.0231    11.0230   3.972201   3.972298   49.03827  -16.53018     5.4446     5.4446    35.4513    35.4523    458.558 0.0000e+00
   1138.283      27320    464.000    11.0189    11.0190   3.971779   3.971913   49.03827  -16.53018     5.4380     5.4380    35.4507    35.4519    459.547 0.0000e+00
   1139.265      27343    465.000    11.0161    11.0164   3.971517   3.971670   49.03827  -16.53018     5.4281     5.4281    35.4503    35.4515    460.536 0.0000e+00
   1140.255      27367    466.000    11.0137    11.0141   3.971295   3.971456   49.03827  -16.53018     5.4167     5.4167    35.4499    35.4512    461.526 0.0000e+00
   1141.203      27390    467.000    11.0107    11.0111   3.971007   3.971169   49.03827  -16.53018     5.4070     5.4070    35.4496    35.4508    462.515 0.0000e+00
   1142.115      27412    468.000    11.0081    11.0087   3.970777   3.970965   49.03827  -16.53018     5.3992     5.3992    35.4493    35.4506    463.504 0.0000e+00
   1143.043      27434    469.000    11.0061    11.0069   3.970606   3.970807   49.03827  -16.53018     5.3915     5.3915    35.4490    35.4503    464.494 0.0000e+00
   1144.035      27458    470.000    11.0036    11.0044   3.970370   3.970562   49.03827  -16.53018     5.3824     5.3824    35.4487    35.4499    465.483 0.0000e+00
   1145.097      27483    471.000    10.9988    10.9993   3.969891   3.970031   49.03827  -16.53018     5.3713     5.3713    35.4481    35.4490    466.472 0.0000e+00
   1146.145      27508    472.000    10.9912    10.9913   3.969098   3.969182   49.03827  -16.53018     5.3642     5.3642    35.4471    35.4478    467.461 0.0000e+00
   1147.106      27532    473.000    10.9831    10.9833   3.968244   3.968348   49.03827  -16.53018     5.3632     5.3632    35.4459    35.4467    468.450 0.0000e+00
   1147.994      27553    474.000    10.9779    10.9782   3.967709   3.967839   49.03827  -16.53018     5.3641     5.3641    35.4450    35.4461    469.440 0.0000e+00
   1148.857      27574    475.000    10.9748    10.9751   3.967397   3.967532   49.03827  -16.53018     5.3641     5.3641    35.4445    35.4456    470.429 0.0000e+00
   1149.751      27595    476.000    10.9719    10.9721   3.967111   3.967241   49.03827  -16.53018     5.3621     5.3621    35.4440    35.4451    471.418 0.0000e+00
   1150.708      27618    477.000    10.9679    10.9676   3.966700   3.966764   49.03827  -16.53018     5.3594     5.3594    35.4433    35.4442    472.408 0.0000e+00
   1151.705      27642    478.000    10.9604    10.9598   3.965916   3.965924   49.03827  -16.53018     5.3547     5.3547    35.4423    35.4429    473.397 0.0000e+00
   1152.681      27665    479.000    10.9498    10.9495   3.964800   3.964824   49.03827  -16.53018     5.3464     5.3464    35.4408    35.4414    474.386 0.0000e+00
   1153.628      27688    480.000    10.9398    10.9400   3.963755   3.963841   49.03827  -16.53018     5.3345     5.3345    35.4396    35.4403    475.375 0.0000e+00
   1154.598      27711    481.000    10.9329    10.9333   3.963041   3.963173   49.03827  -16.53018     5.3232     5.3232    35.4387    35.4396    476.364 0.0000e+00
