Data_example/SBE_Data_Processed/DY103/SeaBird/Data/Batch/DY103_CTD05cfaldb.cnv
* Sea-Bird SBE 9 Data File:
* FileName = C:\Users\sandm\Documents\Cruises\DY103\Data\CTD Raw Data\DY103_CTD05.hex
* Software Version Seasave V 7.26.7.121
* Temperature SN = 03P-4814
* Conductivity SN = 04C-2165
* Number of Bytes Per Scan = 41
* Number of Voltage Words = 4
* Number of Scans Averaged by the Deck Unit = 1
* NMEA Latitude = 49 02.30 N
* NMEA Longitude = 016 31.81 W
* NMEA UTC (Time) = Jun 30 2019  12:55:41
** Ship: RRS Discovery
** Cruise: DY103
** Cast: 05
** Station:
** Julian Day: 181
** Date: 30/06/19
** Time: 12:55
** Latitude: 49 02.29'N
** Longitude: 16 31.81'W
** Depth (uncorr m): 4809
** Principal Scientist: S Hartman
** Operator: J Wynar/T Powell
# nquan = 15
# nvalues = 4919                        
# units = specified
# name 0 = timeS: Time, Elapsed [seconds]
# name 1 = scan: Scan Count
# name 2 = prDM: Pressure, Digiquartz [db]
# name 3 = t090C: Temperature [ITS-90, deg C]
# name 4 = t190C: Temperature, 2 [ITS-90, deg C]
# name 5 = c0S/m: Conductivity [S/m]
# name 6 = c1S/m: Conductivity, 2 [S/m]
# name 7 = latitude: Latitude [deg]
# name 8 = longitude: Longitude [deg]
# name 9 = sbeox0ML/L: Oxygen, SBE 43 [ml/l]
# name 10 = sbeox0ML/L: Oxygen, SBE 43 [ml/l]
# name 11 = sal00: Salinity, Practical [PSU]
# name 12 = sal11: Salinity, Practical, 2 [PSU]
# name 13 = depSM: Depth [salt water, m], lat = 49.0383
# name 14 = flag: flag
# span 0 =    193.236,   5579.134       
# span 1 =       4639,     133900       
# span 2 =      1.000,   4919.000       
# span 3 =     2.5220,    15.9313       
# span 4 =     2.5216,    16.4539       
# span 5 =   3.271463,   4.442779       
# span 6 =   3.271816,   4.436590       
# span 7 =   49.03822,   49.03831       
# span 8 =  -16.53018,  -16.53011       
# span 9 =     4.0218,     6.0131       
# span 10 =     4.0218,     6.0131      
# span 11 =    34.1473,    35.6299      
# span 12 =    33.7450,    35.6392      
# span 13 =      0.991,   4821.749      
# span 14 = 0.0000e+00, 0.0000e+00      
# interval = decibars: 1                
# start_time = Jun 30 2019 12:55:42 [System UTC, first data scan.]
# bad_flag = -9.990e-29
*END*
[from data line 964]
   1618.995      38857    965.000     8.2248     8.2276   3.719165   3.719615   49.03827  -16.53016     4.4258     4.4258    35.3640    35.3661    954.592 0.0000e+00
   1619.895      38878    966.000     8.2311     8.2339   3.719930   3.720351   49.03827  -16.53016     4.4291     4.4291    35.3655    35.3671    955.579 0.0000e+00
   1620.841      38901    967.000     8.2297     8.2304   3.719850   3.719953   49.03827  -16.53016     4.4332     4.4332    35.3655    35.3659    956.566 0.0000e+00
   1621.818      38925    968.000     8.2171     8.2170   3.718532   3.718500   49.03827  -16.53016     4.4331     4.4331    35.3636    35.3634    957.553 0.0000e+00
   1622.795      38948    969.000     8.2001     8.2003   3.716747   3.716731   49.03827  -16.53016     4.4335     4.4335    35.3611    35.3608    958.540 0.0000e+00
   1623.758      38971    970.000     8.1861     8.1865   3.715309   3.715371   49.03827  -16.53016     4.4386     4.4386    35.3594    35.3597    959.527 0.0000e+00
   1624.708      38994    971.000     8.1774     8.1777   3.714440   3.714501   49.03827  -16.53016     4.4443     4.4443    35.3585    35.3588    960.514 0.0000e+00
   1625.645      39016    972.000     8.1669     8.1672   3.713388   3.713421   49.03827  -16.53016     4.4446     4.4446    35.3572    35.3573    961.501 0.0000e+00
   1626.565      39039    973.000     8.1529     8.1538   3.711964   3.712059   49.03827  -16.53016     4.4414     4.4414    35.3557    35.3558    962.488 0.0000e+00
   1627.479      39060    974.000     8.1433     8.1451   3.711049   3.711318   49.03827  -16.53016     4.4400     4.4400    35.3551    35.3562    963.475 0.0000e+00
   1628.418      39083    975.000     8.1477     8.1505   3.711699   3.712201   49.03827  -16.53016     4.4374     4.4374    35.3571    35.3596    964.462 0.0000e+00
   1629.415      39107    976.000     8.1649     8.1677   3.713836   3.714403   49.03827  -16.53016     4.4321     4.4321    35.3622    35.3654    965.448 0.0000e+00
   1630.439      39132    977.000     8.1813     8.1835   3.715916   3.716375   49.03827  -16.53016     4.4300     4.4300    35.3674    35.3702    966.435 0.0000e+00
   1631.412      39155    978.000     8.1988     8.2017   3.718090   3.718707   49.03827  -16.53016     4.4308     4.4308    35.3726    35.3762    967.422 0.0000e+00
   1632.325      39177    979.000     8.2187     8.2216   3.720530   3.721094   49.03827  -16.53016     4.4320     4.4320    35.3782    35.3813    968.409 0.0000e+00
   1633.220      39198    980.000     8.2279     8.2300   3.721726   3.722135   49.03827  -16.53016     4.4326     4.4326    35.3813    35.3835    969.396 0.0000e+00
   1634.148      39221    981.000     8.2333     8.2352   3.722475   3.722867   49.03827  -16.53016     4.4326     4.4326    35.3834    35.3857    970.383 0.0000e+00
   1635.132      39244    982.000     8.2404     8.2421   3.723432   3.723799   49.03827  -16.53016     4.4324     4.4324    35.3860    35.3882    971.370 0.0000e+00
   1636.130      39268    983.000     8.2461     8.2474   3.724239   3.724535   49.03827  -16.53016     4.4331     4.4331    35.3883    35.3903    972.357 0.0000e+00
   1637.095      39291    984.000     8.2493     8.2502   3.724742   3.724978   49.03827  -16.53016     4.4344     4.4344    35.3901    35.3917    973.343 0.0000e+00
   1638.034      39314    985.000     8.2500     8.2508   3.724947   3.725165   49.03827  -16.53016     4.4342     4.4342    35.3911    35.3926    974.330 0.0000e+00
   1638.988      39337    986.000     8.2502     8.2511   3.725086   3.725317   49.03827  -16.53016     4.4331     4.4331    35.3920    35.3935    975.317 0.0000e+00
   1639.982      39361    987.000     8.2509     8.2517   3.725298   3.725510   49.03827  -16.53016     4.4334     4.4334    35.3930    35.3945    976.304 0.0000e+00
   1640.998      39385    988.000     8.2501     8.2507   3.725347   3.725529   49.03827  -16.53016     4.4347     4.4347    35.3938    35.3952    977.291 0.0000e+00
   1641.974      39408    989.000     8.2476     8.2479   3.725242   3.725392   49.03827  -16.53016     4.4351     4.4351    35.3948    35.3961    978.277 0.0000e+00
   1642.893      39430    990.000     8.2437     8.2441   3.725028   3.725198   49.03827  -16.53016     4.4345     4.4345    35.3960    35.3974    979.264 0.0000e+00
   1643.783      39452    991.000     8.2432     8.2443   3.725224   3.725502   49.03827  -16.53016     4.4331     4.4331    35.3980    35.3999    980.251 0.0000e+00
   1644.687      39473    992.000     8.2481     8.2501   3.726005   3.726439   49.03827  -16.53017     4.4321     4.4321    35.4010    35.4036    981.238 0.0000e+00
   1645.653      39497    993.000     8.2581     8.2613   3.727378   3.727997   49.03827  -16.53017     4.4330     4.4330    35.4051    35.4085    982.225 0.0000e+00
   1646.697      39522    994.000     8.2703     8.2733   3.729017   3.729603   49.03827  -16.53018     4.4359     4.4359    35.4099    35.4131    983.212 0.0000e+00
   1647.746      39547    995.000     8.2789     8.2810   3.730234   3.730674   49.03827  -16.53017     4.4390     4.4390    35.4137    35.4163    984.198 0.0000e+00
   1648.734      39571    996.000     8.2827     8.2836   3.730868   3.731120   49.03827  -16.53017     4.4424     4.4424    35.4162    35.4180    985.185 0.0000e+00
   1649.661      39593    997.000     8.2819     8.2822   3.730970   3.731137   49.03827  -16.53016     4.4442     4.4442    35.4177    35.4191    986.172 0.0000e+00
   1650.553      39614    998.000     8.2786     8.2790   3.730787   3.730942   49.03827  -16.53016     4.4436     4.4436    35.4185    35.4198    987.159 0.0000e+00
   1651.439      39636    999.000     8.2750     8.2753   3.730539   3.730680   49.03827  -16.53016     4.4430     4.4430    35.4190    35.4202    988.146 0.0000e+00
   1652.352      39657   1000.000     8.2707     8.2707   3.730176   3.730251   49.03827  -16.53016     4.4442     4.4442    35.4190    35.4199    989.132 0.0000e+00
   1653.326      39681   1001.000     8.2622     8.2619   3.729351   3.729370   49.03827  -16.53016     4.4470     4.4470    35.4183    35.4188    990.119 0.0000e+00
   1654.365      39706   1002.000     8.2501     8.2498   3.728131   3.728119   49.03827  -16.53017     4.4520     4.4520    35.4170    35.4172    991.106 0.0000e+00
   1655.416      39731   1003.000     8.2345     8.2342   3.726526   3.726514   49.03827  -16.53016     4.4574     4.4574    35.4151    35.4152    992.093 0.0000e+00
   1656.409      39755   1004.000     8.2207     8.2209   3.725122   3.725185   49.03827  -16.53016     4.4600     4.4600    35.4135    35.4140    993.079 0.0000e+00
   1657.338      39777   1005.000     8.2122     8.2127   3.724275   3.724394   49.03827  -16.53016     4.4593     4.4593    35.4126    35.4133    994.066 0.0000e+00
   1658.233      39799   1006.000     8.2067     8.2072   3.723762   3.723886   49.03827  -16.53016     4.4588     4.4588    35.4122    35.4130    995.053 0.0000e+00
   1659.141      39820   1007.000     8.2010     8.2011   3.723238   3.723316   49.03827  -16.53016     4.4604     4.4604    35.4118    35.4125    996.040 0.0000e+00
   1660.097      39843   1008.000     8.1938     8.1939   3.722548   3.722621   49.03827  -16.53016     4.4639     4.4639    35.4113    35.4119    997.026 0.0000e+00
   1661.090      39867   1009.000     8.1839     8.1835   3.721585   3.721552   49.03827  -16.53016     4.4684     4.4684    35.4104    35.4105    998.013 0.0000e+00
   1662.068      39891   1010.000     8.1695     8.1688   3.720135   3.720060   49.03827  -16.53016     4.4706     4.4706    35.4090    35.4089    999.000 0.0000e+00
   1663.012      39913   1011.000     8.1572     8.1575   3.718981   3.719085   49.03827  -16.53016     4.4697     4.4697    35.4086    35.4093    999.987 0.0000e+00
   1663.947      39936   1012.000     8.1537     8.1548   3.718877   3.719114   49.03827  -16.53016     4.4692     4.4692    35.4105    35.4119   1000.973 0.0000e+00
   1664.903      39959   1013.000     8.1576     8.1590   3.719586   3.719913   49.03827  -16.53016     4.4709     4.4709    35.4136    35.4158   1001.960 0.0000e+00
   1665.873      39982   1014.000     8.1671     8.1683   3.720904   3.721238   49.03827  -16.53016     4.4735     4.4735    35.4177    35.4200   1002.947 0.0000e+00
   1666.817      40005   1015.000     8.1759     8.1770   3.722154   3.722464   49.03827  -16.53016     4.4758     4.4758    35.4217    35.4239   1003.933 0.0000e+00
   1667.725      40026   1016.000     8.1810     8.1820   3.722951   3.723206   49.03827  -16.53016     4.4777     4.4777    35.4246    35.4264   1004.920 0.0000e+00
   1668.622      40048   1017.000     8.1828     8.1837   3.723297   3.723513   49.03827  -16.53016     4.4802     4.4802    35.4261    35.4275   1005.907 0.0000e+00
   1669.541      40070   1018.000     8.1826     8.1834   3.723378   3.723572   49.03827  -16.53016     4.4828     4.4828    35.4267    35.4279   1006.893 0.0000e+00
   1670.504      40093   1019.000     8.1810     8.1816   3.723301   3.723456   49.03827  -16.53016     4.4844     4.4844    35.4270    35.4281   1007.880 0.0000e+00
   1671.532      40118   1020.000     8.1771     8.1773   3.722963   3.723066   49.03827  -16.53016     4.4870     4.4870    35.4269    35.4278   1008.867 0.0000e+00
   1672.636      40144   1021.000     8.1693     8.1692   3.722226   3.722276   49.03827  -16.53016     4.4890     4.4890    35.4264    35.4270   1009.854 0.0000e+00
   1673.749      40171   1022.000     8.1570     8.1553   3.721009   3.720835   49.03827  -16.53016     4.4867     4.4867    35.4253    35.4251   1010.840 0.0000e+00
   1674.754      40195   1023.000     8.1388     8.1364   3.719170   3.718896   49.03827  -16.53016     4.4847     4.4847    35.4234    35.4230   1011.827 0.0000e+00
   1675.646      40217   1024.000     8.1295     8.1286   3.718291   3.718314   49.03827  -16.53016     4.4864     4.4864    35.4230    35.4241   1012.814 0.0000e+00
   1676.477      40236   1025.000     8.1357     8.1361   3.719167   3.719414   49.03827  -16.53016     4.4879     4.4879    35.4256    35.4278   1013.800 0.0000e+00
   1677.304      40256   1026.000     8.1441     8.1447   3.720270   3.720522   49.03827  -16.53016     4.4872     4.4872    35.4285    35.4305   1014.787 0.0000e+00
   1678.192      40278   1027.000     8.1478     8.1486   3.720818   3.721045   49.03827  -16.53016     4.4868     4.4868    35.4302    35.4318   1015.774 0.0000e+00
   1679.208      40302   1028.000     8.1485     8.1495   3.721007   3.721244   49.03827  -16.53016     4.4886     4.4886    35.4310    35.4325   1016.760 0.0000e+00
   1680.328      40329   1029.000     8.1507     8.1521   3.721335   3.721627   49.03827  -16.53016     4.4897     4.4897    35.4318    35.4336   1017.747 0.0000e+00
   1681.388      40354   1030.000     8.1540     8.1552   3.721799   3.722052   49.03827  -16.53016     4.4883     4.4883    35.4330    35.4345   1018.733 0.0000e+00
   1682.329      40377   1031.000     8.1542     8.1551   3.721917   3.722140   49.03827  -16.53016     4.4887     4.4887    35.4336    35.4350   1019.720 0.0000e+00
   1683.195      40398   1032.000     8.1535     8.1541   3.721962   3.722148   49.03827  -16.53016     4.4916     4.4916    35.4344    35.4357   1020.707 0.0000e+00
   1684.039      40418   1033.000     8.1526     8.1530   3.722015   3.722174   49.03827  -16.53016     4.4933     4.4933    35.4353    35.4366   1021.693 0.0000e+00
   1684.909      40439   1034.000     8.1490     8.1494   3.721766   3.721910   49.03827  -16.53016     4.4935     4.4935    35.4359    35.4370   1022.680 0.0000e+00
   1685.833      40461   1035.000     8.1449     8.1453   3.721439   3.721582   49.03827  -16.53016     4.4940     4.4940    35.4360    35.4371   1023.666 0.0000e+00
   1686.814      40485   1036.000     8.1415     8.1417   3.721166   3.721291   49.03827  -16.53016     4.4952     4.4952    35.4360    35.4372   1024.653 0.0000e+00
   1687.828      40509   1037.000     8.1382     8.1382   3.720895   3.720998   49.03827  -16.53016     4.4972     4.4972    35.4360    35.4372   1025.640 0.0000e+00
   1688.839      40533   1038.000     8.1346     8.1348   3.720609   3.720738   49.03827  -16.53016     4.4998     4.4998    35.4361    35.4372   1026.626 0.0000e+00
   1689.812      40556   1039.000     8.1315     8.1320   3.720371   3.720529   49.03827  -16.53016     4.5024     4.5024    35.4362    35.4374   1027.613 0.0000e+00
   1690.747      40579   1040.000     8.1288     8.1295   3.720172   3.720351   49.03827  -16.53016     4.5042     4.5042    35.4364    35.4376   1028.600 0.0000e+00
   1691.682      40601   1041.000     8.1268     8.1275   3.720035   3.720214   49.03827  -16.53016     4.5051     4.5051    35.4364    35.4376   1029.586 0.0000e+00
   1692.667      40625   1042.000     8.1248     8.1253   3.719880   3.720038   49.03827  -16.53016     4.5073     4.5073    35.4364    35.4375   1030.573 0.0000e+00
   1693.709      40650   1043.000     8.1215     8.1217   3.719596   3.719704   49.03827  -16.53016     4.5108     4.5108    35.4362    35.4371   1031.559 0.0000e+00
   1694.735      40675   1044.000     8.1167     8.1171   3.719146   3.719276   49.03827  -16.53016     4.5119     4.5119    35.4357    35.4366   1032.546 0.0000e+00
   1695.685      40697   1045.000     8.1125     8.1130   3.718743   3.718881   49.03827  -16.53016     4.5108     4.5108    35.4351    35.4361   1033.532 0.0000e+00
   1696.577      40719   1046.000     8.1092     8.1093   3.718421   3.718531   49.03827  -16.53016     4.5103     4.5103    35.4346    35.4356   1034.519 0.0000e+00
   1697.453      40740   1047.000     8.1057     8.1058   3.718086   3.718197   49.03827  -16.53016     4.5125     4.5125    35.4341    35.4351   1035.506 0.0000e+00
   1698.354      40761   1048.000     8.1016     8.1017   3.717697   3.717795   49.03827  -16.53016     4.5158     4.5158    35.4335    35.4345   1036.492 0.0000e+00
   1699.296      40784   1049.000     8.0953     8.0956   3.717085   3.717183   49.03827  -16.53016     4.5173     4.5173    35.4329    35.4337   1037.479 0.0000e+00
   1700.253      40807   1050.000     8.0868     8.0867   3.716271   3.716320   49.03827  -16.53016     4.5186     4.5186    35.4323    35.4329   1038.465 0.0000e+00
   1701.190      40830   1051.000     8.0790     8.0791   3.715559   3.715662   49.03827  -16.53016     4.5211     4.5211    35.4321    35.4330   1039.452 0.0000e+00
   1702.113      40852   1052.000     8.0753     8.0756   3.715347   3.715508   49.03827  -16.53016     4.5251     4.5251    35.4330    35.4344   1040.438 0.0000e+00
   1703.061      40874   1053.000     8.0756     8.0749   3.715588   3.715618   49.03827  -16.53016     4.5291     4.5291    35.4349    35.4359   1041.425 0.0000e+00
   1704.082      40899   1054.000     8.0653     8.0639   3.714714   3.714609   49.03827  -16.53016     4.5332     4.5332    35.4354    35.4357   1042.411 0.0000e+00
   1705.171      40925   1055.000     8.0517     8.0509   3.713424   3.713397   49.03827  -16.53016     4.5364     4.5364    35.4348    35.4354   1043.398 0.0000e+00
   1706.213      40950   1056.000     8.0398     8.0402   3.712265   3.712339   49.03827  -16.53016     4.5389     4.5389    35.4339    35.4344   1044.384 0.0000e+00
   1707.146      40973   1057.000     8.0297     8.0302   3.711267   3.711352   49.03827  -16.53016     4.5425     4.5425    35.4330    35.4334   1045.371 0.0000e+00
   1708.007      40993   1058.000     8.0227     8.0230   3.710633   3.710726   49.03827  -16.53016     4.5440     4.5440    35.4328    35.4334   1046.357 0.0000e+00
   1708.852      41013   1059.000     8.0185     8.0189   3.710339   3.710447   49.03827  -16.53016     4.5453     4.5453    35.4334    35.4341   1047.344 0.0000e+00
   1709.745      41035   1060.000     8.0123     8.0130   3.709792   3.709906   49.03827  -16.53016     4.5492     4.5492    35.4333    35.4339   1048.330 0.0000e+00
