Data_example/SBE_Data_Processed/DY103/SeaBird/Data/Batch/DY103_CTD08cfaldb.cnv
* Sea-Bird SBE 9 Data File:
* FileName = C:\Users\sandm\Documents\Cruises\DY103\Data\CTD Raw Data\DY103_CTD08.hex
* Software Version Seasave V 7.26.7.121
* Temperature SN = 03P-4814
* Conductivity SN = 04C-2165
* Number of Bytes Per Scan = 41
* Number of Voltage Words = 4
* Number of Scans Averaged by the Deck Unit = 1
* NMEA Latitude = 49 00.06 N
* NMEA Longitude = 016 30.07 W
* NMEA UTC (Time) = Jul 02 2019  09:46:03
** Ship: RRS Discovery
** Cruise: DY103
** Cast: 08
** Station: 025
** Julian Day: 183
** Date: 02/07/19
** Time: 09:45
** Latitude: 49 00.00'N
** Longitude: 16 30.07'W
** Depth (uncorr m): 4807
** Principal Scientist: S Hartman
** Operator: J Wynar/T Powell
# nquan = 15
# nvalues = 4922                        
# units = specified
# name 0 = timeS: Time, Elapsed [seconds]
# name 1 = scan: Scan Count
# name 2 = prDM: Pressure, Digiquartz [db]
# name 3 = t090C: Temperature [ITS-90, deg C]
# name 4 = t190C: Temperature, 2 [ITS-90, deg C]
# name 5 = c0S/m: Conductivity [S/m]
# name 6 = c1S/m: Conductivity, 2 [S/m]
# name 7 = latitude: Latitude [deg]
# name 8 = longitude: Longitude [deg]
# name 9 = sbeox0ML/L: Oxygen, SBE 43 [ml/l]
# name 10 = sbeox0ML/L: Oxygen, SBE 43 [ml/l]
# name 11 = sal00: Salinity, Practical [PSU]
# name 12 = sal11: Salinity, Practical, 2 [PSU]
# name 13 = depSM: Depth [salt water, m], lat = 49.001
# name 14 = flag: flag
# span 0 =    728.644,   6057.954       
# span 1 =      17488,     145392       
# span 2 =      1.000,   4924.000       
# span 3 =     2.5204,    15.8657       
# span 4 =     2.5202,    15.8452       
# span 5 =   2.993744,   4.414572       
# span 6 =   2.555727,   4.413718       
# span 7 =   48.89483,   48.99997       
# span 8 =  -16.50111,  -16.46542       
# span 9 =     3.7377,     5.9639       
# span 10 =     3.7377,     5.9639      
# span 11 =    23.3163,    35.6108      
# span 12 =    19.4932,    35.6084      
# span 13 =      0.992,   4826.611      
# span 14 = 0.0000e+00, 0.0000e+00      
# interval = decibars: 1                
# start_time = Jul 02 2019 09:46:04 [System UTC, first data scan.]
# bad_flag = -9.990e-29
*END*
[from data line 2796]
   3756.536      90158   2799.000     3.0003     3.0007   3.279758   3.280055   48.99984  -16.50034     5.5797     5.5797    34.9477    34.9508   2756.918 0.0000e+00
   3757.592      90183   2800.000     3.0000     3.0005   3.279770   3.280070   48.99984  -16.50034     5.5764     5.5764    34.9477    34.9508   2757.897 0.0000e+00
   3758.582      90207   2801.000     2.9996     3.0001   3.279772   3.280074   48.99984  -16.50034     5.5770     5.5770    34.9477    34.9508   2758.875 0.0000e+00
   3759.491      90229   2802.000     2.9990     2.9995   3.279752   3.280060   48.99984  -16.50034     5.5776     5.5776    34.9477    34.9508   2759.854 0.0000e+00
   3760.326      90249   2803.000     2.9981     2.9987   3.279713   3.280023   48.99984  -16.50034     5.5767     5.5767    34.9477    34.9508   2760.832 0.0000e+00
   3761.113      90268   2804.000     2.9972     2.9978   3.279672   3.279983   48.99984  -16.50034     5.5756     5.5756    34.9477    34.9508   2761.811 0.0000e+00
   3761.885      90286   2805.000     2.9965     2.9971   3.279649   3.279962   48.99984  -16.50034     5.5757     5.5757    34.9477    34.9508   2762.790 0.0000e+00
   3762.685      90305   2806.000     2.9960     2.9965   3.279634   3.279949   48.99984  -16.50034     5.5769     5.5769    34.9477    34.9508   2763.768 0.0000e+00
   3763.585      90327   2807.000     2.9955     2.9960   3.279630   3.279938   48.99984  -16.50034     5.5771     5.5771    34.9476    34.9508   2764.747 0.0000e+00
   3764.687      90353   2808.000     2.9953     2.9956   3.279640   3.279934   48.99984  -16.50034     5.5758     5.5758    34.9475    34.9507   2765.725 0.0000e+00
   3765.955      90384   2809.000     2.9949     2.9952   3.279649   3.279937   48.99984  -16.50034     5.5753     5.5753    34.9475    34.9506   2766.704 0.0000e+00
   3767.109      90412   2810.000     2.9944     2.9948   3.279641   3.279931   48.99984  -16.50034     5.5764     5.5764    34.9476    34.9506   2767.682 0.0000e+00
   3768.081      90435   2811.000     2.9939     2.9943   3.279633   3.279923   48.99984  -16.50034     5.5760     5.5760    34.9476    34.9506   2768.661 0.0000e+00
   3768.943      90456   2812.000     2.9933     2.9937   3.279619   3.279910   48.99984  -16.50034     5.5748     5.5748    34.9475    34.9506   2769.639 0.0000e+00
   3769.747      90475   2813.000     2.9926     2.9931   3.279592   3.279892   48.99984  -16.50034     5.5758     5.5758    34.9475    34.9506   2770.618 0.0000e+00
   3770.527      90494   2814.000     2.9921     2.9927   3.279586   3.279896   48.99984  -16.50034     5.5777     5.5777    34.9475    34.9506   2771.596 0.0000e+00
   3771.316      90513   2815.000     2.9919     2.9925   3.279606   3.279916   48.99984  -16.50034     5.5786     5.5786    34.9475    34.9506   2772.575 0.0000e+00
   3772.146      90533   2816.000     2.9918     2.9923   3.279631   3.279936   48.99984  -16.50034     5.5787     5.5787    34.9475    34.9506   2773.554 0.0000e+00
   3773.065      90555   2817.000     2.9915     2.9920   3.279646   3.279944   48.99984  -16.50034     5.5776     5.5776    34.9475    34.9505   2774.532 0.0000e+00
   3774.135      90580   2818.000     2.9912     2.9916   3.279653   3.279951   48.99984  -16.50034     5.5772     5.5772    34.9475    34.9505   2775.510 0.0000e+00
   3775.345      90609   2819.000     2.9909     2.9913   3.279661   3.279960   48.99984  -16.50034     5.5753     5.5753    34.9474    34.9505   2776.489 0.0000e+00
   3776.530      90638   2820.000     2.9907     2.9911   3.279678   3.279971   48.99984  -16.50034     5.5726     5.5726    34.9474    34.9505   2777.467 0.0000e+00
   3777.578      90663   2821.000     2.9904     2.9908   3.279688   3.279987   48.99984  -16.50034     5.5727     5.5727    34.9474    34.9505   2778.446 0.0000e+00
   3778.520      90685   2822.000     2.9901     2.9905   3.279699   3.279999   48.99984  -16.50034     5.5721     5.5721    34.9474    34.9505   2779.425 0.0000e+00
   3779.414      90707   2823.000     2.9897     2.9901   3.279707   3.280000   48.99984  -16.50034     5.5707     5.5707    34.9474    34.9505   2780.403 0.0000e+00
   3780.299      90728   2824.000     2.9892     2.9896   3.279701   3.279991   48.99984  -16.50034     5.5680     5.5680    34.9474    34.9505   2781.382 0.0000e+00
   3781.200      90750   2825.000     2.9887     2.9891   3.279696   3.279988   48.99984  -16.50034     5.5674     5.5674    34.9474    34.9505   2782.360 0.0000e+00
   3782.109      90772   2826.000     2.9883     2.9887   3.279696   3.279987   48.99984  -16.50034     5.5700     5.5700    34.9474    34.9505   2783.338 0.0000e+00
   3782.994      90793   2827.000     2.9878     2.9882   3.279688   3.279980   48.99984  -16.50034     5.5721     5.5721    34.9474    34.9505   2784.317 0.0000e+00
   3783.840      90813   2828.000     2.9874     2.9877   3.279685   3.279978   48.99984  -16.50034     5.5718     5.5718    34.9474    34.9505   2785.295 0.0000e+00
   3784.651      90833   2829.000     2.9869     2.9872   3.279679   3.279970   48.99984  -16.50034     5.5705     5.5705    34.9473    34.9504   2786.274 0.0000e+00
   3785.448      90852   2830.000     2.9862     2.9864   3.279653   3.279930   48.99984  -16.50034     5.5706     5.5706    34.9473    34.9504   2787.252 0.0000e+00
   3786.277      90872   2831.000     2.9851     2.9852   3.279589   3.279857   48.99984  -16.50034     5.5704     5.5704    34.9473    34.9503   2788.231 0.0000e+00
   3787.212      90894   2832.000     2.9839     2.9839   3.279518   3.279781   48.99984  -16.50034     5.5698     5.5698    34.9473    34.9503   2789.209 0.0000e+00
   3788.362      90922   2833.000     2.9828     2.9828   3.279456   3.279713   48.99984  -16.50034     5.5675     5.5675    34.9472    34.9503   2790.188 0.0000e+00
   3789.718      90954   2834.000     2.9818     2.9816   3.279401   3.279652   48.99984  -16.50034     5.5628     5.5628    34.9472    34.9503   2791.166 0.0000e+00
   3791.006      90985   2835.000     2.9803     2.9803   3.279312   3.279571   48.99984  -16.50034     5.5647     5.5647    34.9472    34.9503   2792.144 0.0000e+00
   3792.104      91011   2836.000     2.9788     2.9789   3.279209   3.279483   48.99984  -16.50034     5.5652     5.5652    34.9471    34.9502   2793.123 0.0000e+00
   3793.067      91035   2837.000     2.9774     2.9777   3.279126   3.279411   48.99984  -16.50034     5.5610     5.5610    34.9471    34.9502   2794.101 0.0000e+00
   3793.928      91055   2838.000     2.9764     2.9769   3.279073   3.279378   48.99984  -16.50034     5.5589     5.5589    34.9471    34.9502   2795.080 0.0000e+00
   3794.719      91074   2839.000     2.9759     2.9764   3.279060   3.279376   48.99984  -16.50034     5.5584     5.5584    34.9471    34.9502   2796.058 0.0000e+00
   3795.460      91092   2840.000     2.9755     2.9761   3.279064   3.279383   48.99984  -16.50034     5.5577     5.5577    34.9470    34.9502   2797.037 0.0000e+00
   3796.169      91109   2841.000     2.9752     2.9757   3.279073   3.279390   48.99984  -16.50034     5.5579     5.5579    34.9470    34.9502   2798.015 0.0000e+00
   3796.874      91126   2842.000     2.9749     2.9754   3.279081   3.279396   48.99984  -16.50034     5.5592     5.5592    34.9470    34.9502   2798.993 0.0000e+00
   3797.613      91144   2843.000     2.9745     2.9749   3.279081   3.279386   48.99984  -16.50034     5.5618     5.5618    34.9470    34.9502   2799.972 0.0000e+00
   3798.451      91164   2844.000     2.9739     2.9740   3.279068   3.279341   48.99984  -16.50034     5.5634     5.5634    34.9469    34.9501   2800.950 0.0000e+00
   3799.586      91191   2845.000     2.9738     2.9726   3.279087   3.279251   48.99984  -16.50034     5.5629     5.5629    34.9469    34.9501   2801.928 0.0000e+00
   3801.256      91231   2846.000     2.9741     2.9709   3.279145   3.279136   48.99984  -16.50034     5.5567     5.5567    34.9468    34.9501   2802.907 0.0000e+00
   3802.702      91266   2847.000     2.9718     2.9695   3.278982   3.279053   48.99984  -16.50034     5.5534     5.5534    34.9468    34.9500   2803.885 0.0000e+00
   3803.668      91289   2848.000     2.9693     2.9686   3.278805   3.279007   48.99984  -16.50034     5.5522     5.5522    34.9469    34.9500   2804.864 0.0000e+00
   3804.462      91308   2849.000     2.9680     2.9680   3.278728   3.278984   48.99984  -16.50034     5.5521     5.5521    34.9469    34.9500   2805.842 0.0000e+00
   3805.170      91325   2850.000     2.9674     2.9676   3.278708   3.278990   48.99984  -16.50034     5.5536     5.5536    34.9469    34.9499   2806.820 0.0000e+00
   3805.848      91341   2851.000     2.9670     2.9674   3.278713   3.279007   48.99984  -16.50034     5.5554     5.5554    34.9468    34.9499   2807.799 0.0000e+00
   3806.536      91358   2852.000     2.9668     2.9672   3.278726   3.279022   48.99984  -16.50034     5.5554     5.5554    34.9468    34.9499   2808.777 0.0000e+00
   3807.277      91376   2853.000     2.9665     2.9668   3.278734   3.279028   48.99984  -16.50034     5.5553     5.5553    34.9468    34.9499   2809.755 0.0000e+00
   3808.112      91396   2854.000     2.9661     2.9664   3.278734   3.279023   48.99984  -16.50034     5.5559     5.5559    34.9467    34.9499   2810.734 0.0000e+00
   3809.094      91419   2855.000     2.9656     2.9659   3.278731   3.279021   48.99984  -16.50034     5.5542     5.5542    34.9467    34.9499   2811.712 0.0000e+00
   3810.217      91446   2856.000     2.9653     2.9656   3.278735   3.279032   48.99984  -16.50034     5.5542     5.5542    34.9467    34.9498   2812.690 0.0000e+00
   3811.379      91474   2857.000     2.9649     2.9652   3.278736   3.279032   48.99984  -16.50034     5.5549     5.5549    34.9466    34.9498   2813.669 0.0000e+00
   3812.489      91501   2858.000     2.9643     2.9646   3.278720   3.279015   48.99984  -16.50034     5.5531     5.5531    34.9466    34.9498   2814.647 0.0000e+00
   3813.522      91526   2859.000     2.9635     2.9638   3.278690   3.278983   48.99984  -16.50034     5.5510     5.5510    34.9467    34.9499   2815.625 0.0000e+00
   3814.488      91549   2860.000     2.9627     2.9630   3.278659   3.278952   48.99984  -16.50034     5.5519     5.5519    34.9467    34.9498   2816.604 0.0000e+00
   3815.404      91571   2861.000     2.9621     2.9624   3.278636   3.278934   48.99984  -16.50034     5.5530     5.5530    34.9466    34.9498   2817.582 0.0000e+00
   3816.294      91592   2862.000     2.9615     2.9619   3.278615   3.278927   48.99984  -16.50034     5.5519     5.5519    34.9466    34.9498   2818.560 0.0000e+00
   3817.178      91613   2863.000     2.9610     2.9615   3.278606   3.278922   48.99984  -16.50034     5.5497     5.5497    34.9465    34.9497   2819.539 0.0000e+00
   3818.071      91635   2864.000     2.9605     2.9610   3.278601   3.278917   48.99984  -16.50034     5.5497     5.5497    34.9465    34.9497   2820.517 0.0000e+00
   3818.968      91656   2865.000     2.9600     2.9605   3.278590   3.278904   48.99984  -16.50034     5.5501     5.5501    34.9464    34.9497   2821.496 0.0000e+00
   3819.856      91678   2866.000     2.9595     2.9599   3.278582   3.278890   48.99984  -16.50034     5.5515     5.5515    34.9464    34.9497   2822.473 0.0000e+00
   3820.726      91698   2867.000     2.9590     2.9594   3.278578   3.278877   48.99984  -16.50034     5.5519     5.5519    34.9464    34.9496   2823.452 0.0000e+00
   3821.587      91719   2868.000     2.9584     2.9587   3.278560   3.278853   48.99984  -16.50034     5.5498     5.5498    34.9464    34.9496   2824.430 0.0000e+00
   3822.467      91740   2869.000     2.9578     2.9581   3.278543   3.278837   48.99984  -16.50034     5.5469     5.5469    34.9464    34.9496   2825.409 0.0000e+00
   3823.404      91763   2870.000     2.9573     2.9576   3.278534   3.278831   48.99984  -16.50034     5.5467     5.5467    34.9464    34.9496   2826.387 0.0000e+00
   3824.447      91788   2871.000     2.9570     2.9573   3.278541   3.278838   48.99984  -16.50034     5.5485     5.5485    34.9463    34.9495   2827.365 0.0000e+00
   3825.627      91816   2872.000     2.9568     2.9571   3.278555   3.278848   48.99984  -16.50034     5.5488     5.5488    34.9463    34.9495   2828.343 0.0000e+00
   3826.880      91846   2873.000     2.9564     2.9566   3.278560   3.278842   48.99984  -16.50034     5.5444     5.5444    34.9463    34.9494   2829.322 0.0000e+00
   3828.048      91874   2874.000     2.9557     2.9558   3.278533   3.278805   48.99984  -16.50034     5.5393     5.5393    34.9463    34.9494   2830.300 0.0000e+00
   3829.047      91898   2875.000     2.9549     2.9550   3.278495   3.278773   48.99984  -16.50034     5.5402     5.5402    34.9462    34.9494   2831.278 0.0000e+00
   3829.904      91919   2876.000     2.9543     2.9545   3.278478   3.278767   48.99984  -16.50034     5.5404     5.5404    34.9462    34.9494   2832.256 0.0000e+00
   3830.675      91937   2877.000     2.9539     2.9542   3.278480   3.278773   48.99984  -16.50034     5.5395     5.5395    34.9462    34.9493   2833.235 0.0000e+00
   3831.395      91954   2878.000     2.9536     2.9540   3.278486   3.278786   48.99984  -16.50034     5.5400     5.5400    34.9462    34.9493   2834.213 0.0000e+00
   3832.106      91972   2879.000     2.9533     2.9537   3.278494   3.278801   48.99984  -16.50034     5.5417     5.5417    34.9461    34.9493   2835.191 0.0000e+00
   3832.861      91990   2880.000     2.9530     2.9533   3.278508   3.278808   48.99984  -16.50034     5.5422     5.5422    34.9461    34.9493   2836.169 0.0000e+00
   3833.745      92011   2881.000     2.9529     2.9530   3.278530   3.278815   48.99984  -16.50034     5.5412     5.5412    34.9460    34.9493   2837.148 0.0000e+00
   3834.942      92040   2882.000     2.9531     2.9523   3.278581   3.278783   48.99984  -16.50034     5.5396     5.5396    34.9460    34.9492   2838.126 0.0000e+00
   3836.414      92075   2883.000     2.9530     2.9515   3.278606   3.278743   48.99984  -16.50034     5.5387     5.5387    34.9459    34.9492   2839.104 0.0000e+00
   3837.600      92103   2884.000     2.9515     2.9507   3.278518   3.278713   48.99984  -16.50034     5.5387     5.5387    34.9460    34.9492   2840.082 0.0000e+00
   3838.500      92125   2885.000     2.9502     2.9500   3.278445   3.278687   48.99984  -16.50034     5.5399     5.5399    34.9460    34.9492   2841.060 0.0000e+00
   3839.268      92143   2886.000     2.9492     2.9492   3.278397   3.278660   48.99984  -16.50034     5.5421     5.5421    34.9460    34.9492   2842.039 0.0000e+00
   3839.975      92160   2887.000     2.9485     2.9487   3.278367   3.278650   48.99984  -16.50034     5.5423     5.5423    34.9460    34.9492   2843.017 0.0000e+00
   3840.669      92177   2888.000     2.9481     2.9484   3.278367   3.278663   48.99984  -16.50034     5.5422     5.5422    34.9460    34.9492   2843.995 0.0000e+00
   3841.398      92195   2889.000     2.9478     2.9482   3.278382   3.278683   48.99984  -16.50034     5.5437     5.5437    34.9460    34.9492   2844.973 0.0000e+00
   3842.234      92215   2890.000     2.9477     2.9480   3.278404   3.278700   48.99984  -16.50034     5.5450     5.5450    34.9460    34.9492   2845.951 0.0000e+00
   3843.295      92240   2891.000     2.9476     2.9477   3.278430   3.278712   48.99984  -16.50034     5.5462     5.5462    34.9460    34.9492   2846.930 0.0000e+00
   3844.581      92271   2892.000     2.9474     2.9474   3.278451   3.278724   48.99984  -16.50034     5.5463     5.5463    34.9459    34.9492   2847.908 0.0000e+00
   3845.771      92300   2893.000     2.9468     2.9470   3.278437   3.278735   48.99984  -16.50034     5.5470     5.5470    34.9460    34.9493   2848.886 0.0000e+00
