Data_example/SBE_Data_Processed/DY103/SeaBird/Data/Batch/DY103_CTD11cfaldb.cnv
* Sea-Bird SBE 9 Data File:
* FileName = C:\Users\sandm\Documents\Cruises\DY103\Data\CTD Raw Data\DY103_CTD11.hex
* Software Version Seasave V 7.26.7.121
* Temperature SN = 03P-4814
* Conductivity SN = 04C-2165
* Number of Bytes Per Scan = 41
* Number of Voltage Words = 4
* Number of Scans Averaged by the Deck Unit = 1
* NMEA Latitude = 48 57.69 N
* NMEA Longitude = 016 23.98 W
* NMEA UTC (Time) = Jul 05 2019  09:57:33
** Ship: RRS Discovery
** Cruise: DY103
** Cast: 11
** Station:
** Julian Day: 186
** Date: 05/07/19
** Time: 10:00
** Latitude: 48 57.69'N
** Longitude: 16 23.98'W
** Depth (uncorr m): 4810
** Principal Scientist: S Hartman
** Operator: J Wynar/T Powell
# nquan = 15
# nvalues = 102                         
# units = specified
# name 0 = timeS: Time, Elapsed [seconds]
# name 1 = scan: Scan Count
# name 2 = prDM: Pressure, Digiquartz [db]
# name 3 = t090C: Temperature [ITS-90, deg C]
# name 4 = t190C: Temperature, 2 [ITS-90, deg C]
# name 5 = c0S/m: Conductivity [S/m]
# name 6 = c1S/m: Conductivity, 2 [S/m]
# name 7 = latitude: Latitude [deg]
# name 8 = longitude: Longitude [deg]
# name 9 = sbeox0ML/L: Oxygen, SBE 43 [ml/l]
# name 10 = sbeox0ML/L: Oxygen, SBE 43 [ml/l]
# name 11 = sal00: Salinity, Practical [PSU]
# name 12 = sal11: Salinity, Practical, 2 [PSU]
# name 13 = depSM: Depth [salt water, m], lat = 48.9615
# name 14 = flag: flag
# span 0 =    217.954,    564.088       
# span 1 =       5232,      13539       
# span 2 =      1.000,    102.000       
# span 3 =    12.1295,    16.1442       
# span 4 =    12.1266,    16.6822       
# span 5 =   3.619351,   4.457951       
# span 6 =   3.050297,   4.510726       
# span 7 =   48.96150,   48.96150       
# span 8 =  -16.39963,  -16.39961       
# span 9 =     4.0240,     6.0119       
# span 10 =     4.0240,     6.0119      
# span 11 =    28.1518,    35.5957      
# span 12 =    22.9967,    35.9380      
# span 13 =      0.992,    101.110      
# span 14 = 0.0000e+00, 0.0000e+00      
# interval = decibars: 1                
# start_time = Jul 05 2019 09:57:34 [System UTC, first data scan.]
# bad_flag = -9.990e-29
*END*
    217.954       5232      1.000    16.1114    16.6822   3.619351   3.050297   48.96150  -16.39963     5.3590     5.3590    28.1518    22.9967      0.992 0.0000e+00
    220.530       5294      2.000    16.1233    16.2028   4.352879   4.283860   48.96150  -16.39963     4.8490     4.8490    34.5578    33.8819      1.983 0.0000e+00
    223.393       5362      3.000    16.1121    16.2324   4.448508   4.445812   48.96150  -16.39963     4.3057     4.3057    35.4172    35.2860      2.975 0.0000e+00
    226.007       5425      4.000    16.1126    16.1718   4.451045   4.481360   48.96150  -16.39963     4.1363     4.1363    35.4390    35.6563      3.966 0.0000e+00
    228.611       5488      5.000    16.1260    16.1904   4.447044   4.493878   48.96150  -16.39963     4.1259     4.1259    35.3909    35.7508      4.958 0.0000e+00
    231.362       5554      6.000    16.1241    16.1706   4.446830   4.505831   48.96150  -16.39963     4.0240     4.0240    35.3904    35.8749      5.949 0.0000e+00
    233.821       5613      7.000    16.1304    16.1464   4.443535   4.505869   48.96150  -16.39963     4.0526     4.0526    35.3550    35.8967      6.941 0.0000e+00
    236.786       5684      8.000    16.1439    16.1483   4.442704   4.510726   48.96150  -16.39963     4.1956     4.1956    35.3351    35.9380      7.932 0.0000e+00
    239.813       5757      9.000    16.1442    16.1724   4.441152   4.505550   48.96150  -16.39963     4.1931     4.1931    35.3207    35.8696      8.923 0.0000e+00
    242.707       5826     10.000    16.1434    16.1624   4.440404   4.503972   48.96150  -16.39963     4.3249     4.3249    35.3143    35.8642      9.915 0.0000e+00
    277.070       6651     11.000    16.1437    16.1476   4.444430   4.486224   48.96150  -16.39963     4.8185     4.8185    35.3495    35.7187     10.906 0.0000e+00
    367.690       8826     12.000    16.1374    16.1339   4.457951   4.458182   48.96150  -16.39963     5.7497     5.7497    35.4752    35.4804     11.898 0.0000e+00
    371.166       8909     13.000    16.1237    16.1103   4.456715   4.455617   48.96150  -16.39963     5.7640     5.7640    35.4760    35.4782     12.889 0.0000e+00
    373.692       8970     14.000    16.1034    16.0955   4.454772   4.454160   48.96150  -16.39963     5.7692     5.7692    35.4765    35.4781     13.881 0.0000e+00
    376.141       9028     15.000    16.0975    16.0880   4.454246   4.453467   48.96150  -16.39963     5.7697     5.7697    35.4766    35.4782     14.872 0.0000e+00
    379.060       9098     16.000    16.0859    16.0829   4.453123   4.452957   48.96150  -16.39963     5.7765     5.7765    35.4766    35.4779     15.864 0.0000e+00
    381.504       9157     17.000    16.0751    16.0749   4.452069   4.452211   48.96150  -16.39963     5.7888     5.7888    35.4765    35.4779     16.855 0.0000e+00
    384.391       9226     18.000    16.0618    16.0650   4.450755   4.451201   48.96150  -16.39963     5.8160     5.8160    35.4762    35.4774     17.847 0.0000e+00
    386.611       9280     19.000    15.9932    16.0056   4.443844   4.444879   48.96150  -16.39963     5.8185     5.8185    35.4756    35.4736     18.838 0.0000e+00
    388.916       9335     20.000    15.9607    15.8957   4.440533   4.433964   48.96150  -16.39963     5.8440     5.8440    35.4746    35.4741     19.829 0.0000e+00
    392.087       9411     21.000    15.9080    15.8981   4.435423   4.434201   48.96150  -16.39963     5.8857     5.8857    35.4757    35.4737     20.821 0.0000e+00
    394.397       9467     22.000    15.7686    15.7936   4.421252   4.423404   48.96150  -16.39963     5.9051     5.9051    35.4733    35.4702     21.812 0.0000e+00
    396.392       9514     23.000    15.6943    15.6248   4.413903   4.406980   48.96150  -16.39963     5.9357     5.9357    35.4737    35.4739     22.804 0.0000e+00
    399.605       9592     24.000    15.5699    15.5727   4.401184   4.401307   48.96150  -16.39963     5.9845     5.9845    35.4707    35.4693     23.795 0.0000e+00
    401.697       9642     25.000    15.3015    15.3213   4.374360   4.374901   48.96150  -16.39963     6.0016     6.0016    35.4699    35.4569     24.787 0.0000e+00
    403.618       9688     26.000    15.0763    15.0642   4.352161   4.350077   48.96150  -16.39962     6.0096     6.0096    35.4717    35.4637     25.778 0.0000e+00
    405.656       9737     27.000    14.9890    14.9851   4.343057   4.342372   48.96150  -16.39961     6.0119     6.0119    35.4675    35.4648     26.769 0.0000e+00
    407.554       9782     28.000    14.9656    14.9635   4.340515   4.340199   48.96150  -16.39961     6.0051     6.0051    35.4650    35.4641     27.761 0.0000e+00
    409.647       9833     29.000    14.9510    14.9488   4.339116   4.338775   48.96150  -16.39962     5.9967     5.9967    35.4652    35.4640     28.752 0.0000e+00
    411.841       9885     30.000    14.9340    14.9317   4.337424   4.337117   48.96150  -16.39961     5.9997     5.9997    35.4647    35.4641     29.743 0.0000e+00
    413.865       9934     31.000    14.9058    14.9024   4.334770   4.334366   48.96150  -16.39961     6.0046     6.0046    35.4657    35.4651     30.735 0.0000e+00
    416.012       9985     32.000    14.8750    14.8689   4.331871   4.331195   48.96150  -16.39961     6.0013     6.0013    35.4668    35.4662     31.726 0.0000e+00
    418.185      10037     33.000    14.8219    14.8173   4.326908   4.326298   48.96150  -16.39961     5.9960     5.9960    35.4693    35.4678     32.718 0.0000e+00
    420.366      10090     34.000    14.7630    14.7630   4.321318   4.321180   48.96150  -16.39961     5.9946     5.9946    35.4712    35.4700     33.709 0.0000e+00
    422.309      10136     35.000    14.7444    14.7428   4.319459   4.319303   48.96150  -16.39961     5.9904     5.9904    35.4708    35.4708     34.700 0.0000e+00
    424.408      10187     36.000    14.7391    14.7350   4.318950   4.318537   48.96150  -16.39961     5.9909     5.9909    35.4704    35.4704     35.692 0.0000e+00
    426.698      10242     37.000    14.7242    14.7191   4.317489   4.316962   48.96150  -16.39961     5.9956     5.9956    35.4702    35.4700     36.683 0.0000e+00
    428.518      10285     38.000    14.6926    14.6869   4.314462   4.313847   48.96150  -16.39961     5.9939     5.9939    35.4708    35.4704     37.674 0.0000e+00
    430.479      10333     39.000    14.6701    14.6381   4.312350   4.309288   48.96150  -16.39961     5.9737     5.9737    35.4715    35.4726     38.666 0.0000e+00
    433.033      10394     40.000    14.6220    14.5673   4.307793   4.302447   48.96150  -16.39961     5.9540     5.9540    35.4731    35.4738     39.657 0.0000e+00
    435.115      10444     41.000    14.4770    14.4664   4.294148   4.292779   48.96150  -16.39962     5.9465     5.9465    35.4795    35.4766     40.648 0.0000e+00
    437.117      10492     42.000    14.4067    14.3942   4.287437   4.286051   48.96150  -16.39961     5.9312     5.9312    35.4815    35.4801     41.640 0.0000e+00
    439.436      10547     43.000    14.3514    14.3369   4.282038   4.280399   48.96150  -16.39962     5.9062     5.9062    35.4818    35.4799     42.631 0.0000e+00
    441.328      10593     44.000    14.2506    14.2439   4.272338   4.271274   48.96150  -16.39963     5.8988     5.8988    35.4840    35.4803     43.622 0.0000e+00
    443.179      10637     45.000    14.1308    14.0986   4.261043   4.257256   48.96150  -16.39963     5.8747     5.8747    35.4888    35.4832     44.614 0.0000e+00
    445.492      10693     46.000    13.9514    13.9040   4.243731   4.238361   48.96150  -16.39963     5.8604     5.8604    35.4923    35.4858     45.605 0.0000e+00
    447.709      10746     47.000    13.6751    13.6652   4.216718   4.215183   48.96150  -16.39963     5.8668     5.8668    35.4943    35.4891     46.596 0.0000e+00
    449.929      10799     48.000    13.4811    13.4713   4.197842   4.196622   48.96150  -16.39963     5.8620     5.8620    35.4962    35.4938     47.587 0.0000e+00
    452.179      10853     49.000    13.3489    13.3421   4.184924   4.183845   48.96150  -16.39963     5.8332     5.8332    35.4966    35.4927     48.579 0.0000e+00
    454.132      10900     50.000    13.1262    13.1198   4.163500   4.162056   48.96150  -16.39963     5.7978     5.7978    35.5006    35.4929     49.570 0.0000e+00
    455.922      10943     51.000    12.8728    12.8643   4.139334   4.137686   48.96150  -16.39963     5.7798     5.7798    35.5069    35.4991     50.561 0.0000e+00
    457.983      10993     52.000    12.6808    12.6652   4.121139   4.119129   48.96150  -16.39963     5.7266     5.7266    35.5124    35.5078     51.553 0.0000e+00
    460.341      11049     53.000    12.5646    12.5521   4.110422   4.108927   48.96150  -16.39963     5.6522     5.6522    35.5184    35.5158     52.544 0.0000e+00
    462.383      11098     54.000    12.4730    12.4697   4.103305   4.102775   48.96150  -16.39963     5.6448     5.6448    35.5358    35.5338     53.535 0.0000e+00
    464.537      11150     55.000    12.4289    12.4269   4.100361   4.099897   48.96150  -16.39963     5.6646     5.6646    35.5486    35.5460     54.526 0.0000e+00
    466.605      11200     56.000    12.3625    12.3612   4.093234   4.092762   48.96150  -16.39963     5.6509     5.6509    35.5420    35.5387     55.518 0.0000e+00
    468.532      11246     57.000    12.3315    12.3325   4.090109   4.090072   48.96150  -16.39963     5.6338     5.6338    35.5407    35.5393     56.509 0.0000e+00
    470.800      11300     58.000    12.3278    12.3267   4.090020   4.089737   48.96150  -16.39963     5.6154     5.6154    35.5428    35.5412     57.500 0.0000e+00
    472.783      11348     59.000    12.3271    12.3271   4.090247   4.090201   48.96150  -16.39963     5.6069     5.6069    35.5453    35.5448     58.491 0.0000e+00
    474.787      11396     60.000    12.3468    12.3473   4.093137   4.093130   48.96150  -16.39963     5.6053     5.6053    35.5542    35.5537     59.483 0.0000e+00
    477.020      11449     61.000    12.3473    12.3482   4.093515   4.093593   48.96150  -16.39963     5.6003     5.6003    35.5569    35.5568     60.474 0.0000e+00
    478.999      11497     62.000    12.3651    12.3659   4.095898   4.095991   48.96150  -16.39963     5.6165     5.6165    35.5628    35.5629     61.465 0.0000e+00
    481.095      11547     63.000    12.3708    12.3702   4.096691   4.096549   48.96150  -16.39963     5.6417     5.6417    35.5646    35.5638     62.456 0.0000e+00
    483.598      11607     64.000    12.3416    12.3385   4.093223   4.092698   48.96150  -16.39963     5.6527     5.6527    35.5582    35.5560     63.448 0.0000e+00
    485.493      11653     65.000    12.2754    12.2723   4.085530   4.084940   48.96150  -16.39963     5.6419     5.6419    35.5459    35.5431     64.439 0.0000e+00
    487.405      11699     66.000    12.2108    12.2079   4.078185   4.077692   48.96150  -16.39963     5.6240     5.6240    35.5354    35.5333     65.430 0.0000e+00
    489.713      11754     67.000    12.1780    12.1775   4.074520   4.074407   48.96150  -16.39963     5.6081     5.6081    35.5304    35.5297     66.421 0.0000e+00
    491.668      11801     68.000    12.1720    12.1727   4.074011   4.074047   48.96150  -16.39963     5.6121     5.6121    35.5307    35.5304     67.412 0.0000e+00
    493.768      11851     69.000    12.1711    12.1725   4.074072   4.074200   48.96150  -16.39963     5.6055     5.6055    35.5317    35.5316     68.404 0.0000e+00
    496.081      11907     70.000    12.1697    12.1715   4.073987   4.074158   48.96150  -16.39963     5.5868     5.5868    35.5318    35.5318     69.395 0.0000e+00
    498.040      11954     71.000    12.1651    12.1653   4.073702   4.073728   48.96150  -16.39963     5.5852     5.5852    35.5329    35.5330     70.386 0.0000e+00
    500.208      12006     72.000    12.1625    12.1634   4.073704   4.073823   48.96150  -16.39963     5.5874     5.5874    35.5350    35.5353     71.377 0.0000e+00
    502.484      12061     73.000    12.1608    12.1617   4.073694   4.073801   48.96150  -16.39963     5.5862     5.5862    35.5361    35.5363     72.368 0.0000e+00
    504.276      12104     74.000    12.1545    12.1548   4.073192   4.073208   48.96150  -16.39963     5.5878     5.5878    35.5368    35.5366     73.359 0.0000e+00
    506.439      12156     75.000    12.1455    12.1431   4.072370   4.072129   48.96150  -16.39963     5.5933     5.5933    35.5369    35.5367     74.351 0.0000e+00
    508.790      12212     76.000    12.1295    12.1266   4.070935   4.070673   48.96150  -16.39963     5.5878     5.5878    35.5376    35.5378     75.342 0.0000e+00
    510.634      12256     77.000    12.1342    12.1390   4.071942   4.072629   48.96150  -16.39963     5.5751     5.5751    35.5425    35.5446     76.333 0.0000e+00
    512.562      12302     78.000    12.1694    12.1743   4.076443   4.077155   48.96150  -16.39963     5.5682     5.5682    35.5525    35.5547     77.324 0.0000e+00
    514.927      12359     79.000    12.2066    12.2094   4.081159   4.081569   48.96150  -16.39963     5.5596     5.5596    35.5626    35.5639     78.315 0.0000e+00
    517.202      12414     80.000    12.2328    12.2335   4.084483   4.084627   48.96150  -16.39963     5.5476     5.5476    35.5696    35.5703     79.306 0.0000e+00
    519.239      12463     81.000    12.2475    12.2508   4.086385   4.086861   48.96150  -16.39963     5.5361     5.5361    35.5736    35.5751     80.297 0.0000e+00
    521.374      12514     82.000    12.2846    12.2922   4.091125   4.092193   48.96150  -16.39963     5.5269     5.5269    35.5840    35.5872     81.289 0.0000e+00
    523.273      12560     83.000    12.3191    12.3219   4.095461   4.095908   48.96150  -16.39963     5.5249     5.5249    35.5929    35.5946     82.280 0.0000e+00
    525.161      12605     84.000    12.3266    12.3259   4.096530   4.096472   48.96150  -16.39963     5.5287     5.5287    35.5957    35.5959     83.271 0.0000e+00
    527.575      12663     85.000    12.3133    12.3105   4.095078   4.094729   48.96150  -16.39963     5.5334     5.5334    35.5939    35.5932     84.262 0.0000e+00
    530.079      12723     86.000    12.2858    12.2864   4.091920   4.091952   48.96150  -16.39963     5.5266     5.5266    35.5888    35.5886     85.253 0.0000e+00
    532.012      12769     87.000    12.2639    12.2656   4.089461   4.089651   48.96150  -16.39963     5.5188     5.5188    35.5853    35.5856     86.244 0.0000e+00
    533.812      12812     88.000    12.2478    12.2473   4.087749   4.087730   48.96150  -16.39963     5.5099     5.5099    35.5836    35.5838     87.235 0.0000e+00
    535.978      12864     89.000    12.2413    12.2420   4.087306   4.087416   48.96150  -16.39963     5.4917     5.4917    35.5850    35.5854     88.226 0.0000e+00
    538.307      12920     90.000    12.2368    12.2339   4.086950   4.086621   48.96150  -16.39963     5.4717     5.4717    35.5853    35.5849     89.217 0.0000e+00
    540.324      12969     91.000    12.2242    12.2228   4.085680   4.085501   48.96150  -16.39963     5.4687     5.4687    35.5846    35.5842     90.209 0.0000e+00
    542.448      13020     92.000    12.2187    12.2193   4.085136   4.085199   48.96150  -16.39963     5.4684     5.4684    35.5841    35.5841     91.200 0.0000e+00
    544.662      13073     93.000    12.2139    12.2172   4.084643   4.085010   48.96150  -16.39963     5.4767     5.4767    35.5833    35.5838     92.191 0.0000e+00
    546.723      13122     94.000    12.2013    12.2090   4.083259   4.084102   48.96150  -16.39963     5.4864     5.4864    35.5814    35.5823     93.182 0.0000e+00
    549.008      13177     95.000    12.1893    12.1948   4.081959   4.082555   48.96150  -16.39963     5.4907     5.4907    35.5797    35.5803     94.173 0.0000e+00
    551.188      13230     96.000    12.1792    12.1824   4.080878   4.081211   48.96150  -16.39963     5.4881     5.4881    35.5784    35.5786     95.164 0.0000e+00
