Data_example/SBE_Data_Processed/DY103/SeaBird/Data/Batch/DY103_CTD01cfaldb.cnv
* Sea-Bird SBE 9 Data File:
* FileName = C:\Users\sandm\Documents\Cruises\DY103\Data\CTD Raw Data\DY103_CTD01.hex
* Software Version Seasave V 7.26.7.121
* Temperature SN = 03P-4814
* Conductivity SN = 04C-2165
* Number of Bytes Per Scan = 41
* Number of Voltage Words = 4
* Number of Scans Averaged by the Deck Unit = 1
* NMEA Latitude = 49 08.27 N
* NMEA Longitude = 013 03.02 W
* NMEA UTC (Time) = Jun 23 2019  14:08:33
** Ship: RRS Discovery
** Cruise: DY103
** Cast: 01
** Station: Test
** Julian Day: 174
** Date: 23/06/19
** Time: 14:00
** Latitude: 49 08.30'N
** Longitude: 13 02.94'W
** Depth (uncorr m): 2156
** Principal Scientist: S Hartman
** Operator: J Wynar/T Powell
# nquan = 15
# nvalues = 1014                        
# units = specified
# name 0 = timeS: Time, Elapsed [seconds]
# name 1 = scan: Scan Count
# name 2 = prDM: Pressure, Digiquartz [db]
# name 3 = t090C: Temperature [ITS-90, deg C]
# name 4 = t190C: Temperature, 2 [ITS-90, deg C]
# name 5 = c0S/m: Conductivity [S/m]
# name 6 = c1S/m: Conductivity, 2 [S/m]
# name 7 = latitude: Latitude [deg]
# name 8 = longitude: Longitude [deg]
# name 9 = sbeox0ML/L: Oxygen, SBE 43 [ml/l]
# name 10 = sbeox0ML/L: Oxygen, SBE 43 [ml/l]
# name 11 = sal00: Salinity, Practical [PSU]
# name 12 = sal11: Salinity, Practical, 2 [PSU]
# name 13 = depSM: Depth [salt water, m], lat = 49.1378
# name 14 = flag: flag
# span 0 =    400.901,   1933.718       
# span 1 =       9623,      46410       
# span 2 =      1.000,   1013.000       
# span 3 =     8.6227,    15.2207       
# span 4 =     8.6207,    15.7608       
# span 5 =   3.440771,   4.377960       
# span 6 =   2.431909,   4.374907       
# span 7 =   49.13784,   49.13787       
# span 8 =  -13.05045,  -13.05037       
# span 9 =     3.9243,     5.8254       
# span 10 =     3.9243,     5.8254      
# span 11 =    27.5179,    35.8869      
# span 12 =    18.6464,    35.8521      
# span 13 =      0.992,   1001.951      
# span 14 = 0.0000e+00, 0.0000e+00      
# interval = decibars: 1                
# start_time = Jun 23 2019 14:08:34 [System UTC, first data scan.]
# bad_flag = -9.990e-29
*END*
    400.901       9623      1.000    15.2207    15.7608   3.440771   2.431909   49.13786  -13.05039     5.0975     5.0975    27.5179    18.6464      0.992 0.0000e+00
    403.585       9687      2.000    14.9296    15.0058   4.294563   3.956896   49.13786  -13.05039     4.9486     4.9486    35.0842    31.9618      1.983 0.0000e+00
    405.386       9730      3.000    14.9015    14.9170   4.343721   4.281485   49.13786  -13.05039     4.6176     4.6176    35.5633    34.9796      2.974 0.0000e+00
    407.214       9774      4.000    14.8916    14.9094   4.354218   4.338971   49.13786  -13.05039     4.3706     4.3706    35.6682    35.5121      3.966 0.0000e+00
    409.793       9836      5.000    14.8919    14.9717   4.367336   4.351372   49.13786  -13.05039     4.2310     4.2310    35.7878    35.5684      4.957 0.0000e+00
    412.635       9904      6.000    14.9003    14.9624   4.376339   4.371502   49.13786  -13.05039     4.1782     4.1782    35.8623    35.7609      5.949 0.0000e+00
    414.301       9944      7.000    14.9965    14.8966   4.376735   4.374907   49.13786  -13.05039     4.0638     4.0638    35.7771    35.8521      6.940 0.0000e+00
    417.099      10011      8.000    15.0858    14.9398   4.373894   4.365660   49.13786  -13.05039     3.9243     3.9243    35.6690    35.7273      7.932 0.0000e+00
    420.931      10103      9.000    14.8883    15.0776   4.377960   4.358154   49.13786  -13.05039     4.0382     4.0382    35.8869    35.5324      8.923 0.0000e+00
    424.476      10188     10.000    14.8976    14.9989   4.376728   4.363264   49.13786  -13.05039     4.2390     4.2390    35.8667    35.6506      9.915 0.0000e+00
    429.288      10304     11.000    14.9194    15.1144   4.367226   4.340374   49.13786  -13.05039     4.2920     4.2920    35.7590    35.3359     10.906 0.0000e+00
    453.660      10889     12.000    14.9050    15.0163   4.351197   4.333974   49.13786  -13.05039     4.9753     4.9753    35.6247    35.3666     11.898 0.0000e+00
    623.807      14972     13.000    14.7935    14.7890   4.332221   4.332962   49.13786  -13.05039     5.7677     5.7677    35.5523    35.5631     12.889 0.0000e+00
    717.648      17225     14.000    14.7958    14.7864   4.332768   4.331931   49.13786  -13.05039     5.7384     5.7384    35.5548    35.5557     13.881 0.0000e+00
    712.826      17109     15.000    14.8007    14.8036   4.333278   4.333635   49.13786  -13.05039     5.7278     5.7278    35.5546    35.5551     14.872 0.0000e+00
    715.097      17163     16.000    14.7923    14.7877   4.332535   4.332117   49.13786  -13.05039     5.7276     5.7276    35.5550    35.5553     15.863 0.0000e+00
    719.383      17266     17.000    14.7934    14.7691   4.332668   4.330373   49.13786  -13.05039     5.7281     5.7281    35.5548    35.5559     16.855 0.0000e+00
    722.678      17345     18.000    14.7750    14.7654   4.330960   4.330091   49.13786  -13.05039     5.7244     5.7244    35.5555    35.5563     17.846 0.0000e+00
    725.138      17404     19.000    14.7621    14.7682   4.329747   4.330358   49.13786  -13.05039     5.7257     5.7257    35.5557    35.5558     18.838 0.0000e+00
    727.660      17465     20.000    14.7634    14.7727   4.329887   4.330850   49.13786  -13.05039     5.7302     5.7302    35.5554    35.5558     19.829 0.0000e+00
    730.868      17542     21.000    14.7737    14.7877   4.330911   4.332303   49.13786  -13.05039     5.7283     5.7283    35.5551    35.5550     20.821 0.0000e+00
    733.550      17606     22.000    14.7731    14.7859   4.330891   4.332176   49.13786  -13.05039     5.7275     5.7275    35.5550    35.5551     21.812 0.0000e+00
    736.260      17671     23.000    14.7715    14.7852   4.330780   4.332143   49.13786  -13.05039     5.7161     5.7161    35.5550    35.5550     22.803 0.0000e+00
    738.829      17733     24.000    14.7654    14.7721   4.330245   4.330933   49.13786  -13.05039     5.7189     5.7189    35.5553    35.5554     23.795 0.0000e+00
    741.151      17789     25.000    14.7625    14.7554   4.330008   4.329430   49.13786  -13.05039     5.7219     5.7219    35.5553    35.5565     24.786 0.0000e+00
    744.399      17867     26.000    14.7630    14.7529   4.330082   4.329277   49.13786  -13.05039     5.7237     5.7237    35.5551    35.5570     25.778 0.0000e+00
    746.873      17926     27.000    14.7621    14.7533   4.330057   4.329318   49.13786  -13.05039     5.7195     5.7195    35.5553    35.5566     26.769 0.0000e+00
    749.095      17979     28.000    14.7465    14.7461   4.328563   4.328686   49.13786  -13.05039     5.7323     5.7323    35.5555    35.5569     27.760 0.0000e+00
    752.492      18061     29.000    14.7389    14.7193   4.327810   4.326069   49.13786  -13.05039     5.7546     5.7546    35.5550    35.5570     28.752 0.0000e+00
    755.296      18128     30.000    14.6333    14.6533   4.317545   4.319417   49.13786  -13.05039     5.7869     5.7869    35.5568    35.5557     29.743 0.0000e+00
    757.141      18172     31.000    14.4260    14.5131   4.297104   4.305307   49.13786  -13.05039     5.7994     5.7994    35.5579    35.5537     30.734 0.0000e+00
    759.357      18226     32.000    14.2800    14.2737   4.282566   4.281727   49.13786  -13.05039     5.8059     5.8059    35.5570    35.5550     31.726 0.0000e+00
    761.648      18281     33.000    14.1946    14.1417   4.273930   4.268582   49.13786  -13.05039     5.8254     5.8254    35.5550    35.5540     32.717 0.0000e+00
    763.633      18328     34.000    14.1364    14.0837   4.268202   4.262908   49.13786  -13.05039     5.8159     5.8159    35.5550    35.5543     33.708 0.0000e+00
    766.633      18400     35.000    14.0626    13.9011   4.261008   4.244464   49.13786  -13.05039     5.7964     5.7964    35.5556    35.5504     34.700 0.0000e+00
    768.558      18446     36.000    13.7111    13.5968   4.227054   4.214947   49.13786  -13.05039     5.8096     5.8096    35.5628    35.5551     35.691 0.0000e+00
    769.884      18478     37.000    13.5257    13.4839   4.209067   4.204389   49.13786  -13.05039     5.8136     5.8136    35.5655    35.5603     36.682 0.0000e+00
    771.624      18520     38.000    13.4939    13.4081   4.205709   4.197238   49.13786  -13.05039     5.7996     5.7996    35.5629    35.5629     37.674 0.0000e+00
    774.485      18589     39.000    13.4839    13.3247   4.204704   4.189140   49.13785  -13.05039     5.7740     5.7740    35.5624    35.5635     38.665 0.0000e+00
    777.013      18649     40.000    13.3210    13.2537   4.188839   4.181999   49.13786  -13.05039     5.7630     5.7630    35.5638    35.5617     39.656 0.0000e+00
    778.490      18685     41.000    13.1998    13.1787   4.177147   4.174596   49.13786  -13.05039     5.7698     5.7698    35.5656    35.5612     40.648 0.0000e+00
    779.801      18716     42.000    13.1356    13.1172   4.170770   4.168540   49.13786  -13.05039     5.7737     5.7737    35.5647    35.5607     41.639 0.0000e+00
    781.908      18767     43.000    13.1247    13.0691   4.169456   4.163817   49.13786  -13.05039     5.7714     5.7714    35.5619    35.5603     42.630 0.0000e+00
    785.420      18851     44.000    13.1181    13.0159   4.168622   4.158163   49.13786  -13.05039     5.7492     5.7492    35.5597    35.5558     43.622 0.0000e+00
    786.975      18888     45.000    12.9959    12.9439   4.156622   4.150973   49.13786  -13.05039     5.7648     5.7648    35.5594    35.5542     44.613 0.0000e+00
    788.512      18925     46.000    12.8942    12.8619   4.146543   4.142814   49.13786  -13.05039     5.7664     5.7664    35.5581    35.5527     45.604 0.0000e+00
    790.911      18983     47.000    12.8881    12.8056   4.145906   4.137275   49.13786  -13.05039     5.7664     5.7664    35.5573    35.5522     46.595 0.0000e+00
    793.466      19044     48.000    12.8296    12.7824   4.139711   4.134749   49.13786  -13.05039     5.7753     5.7753    35.5526    35.5493     47.587 0.0000e+00
    795.071      19083     49.000    12.7763    12.7676   4.134268   4.133162   49.13786  -13.05039     5.7743     5.7743    35.5500    35.5476     48.578 0.0000e+00
    796.942      19128     50.000    12.7567    12.7531   4.132226   4.131687   49.13786  -13.05039     5.7723     5.7723    35.5484    35.5466     49.569 0.0000e+00
    799.310      19184     51.000    12.7407    12.7383   4.130593   4.130233   49.13786  -13.05039     5.7735     5.7735    35.5474    35.5462     50.560 0.0000e+00
    801.789      19244     52.000    12.7257    12.7250   4.129092   4.128921   49.13786  -13.05041     5.7634     5.7634    35.5467    35.5457     51.552 0.0000e+00
    803.886      19294     53.000    12.7009    12.6993   4.126650   4.126336   49.13786  -13.05041     5.7495     5.7495    35.5461    35.5446     52.543 0.0000e+00
    805.550      19334     54.000    12.6537    12.6490   4.121995   4.121301   49.13786  -13.05041     5.7431     5.7431    35.5454    35.5432     53.534 0.0000e+00
    807.281      19376     55.000    12.5758    12.5626   4.114351   4.112799   49.13786  -13.05041     5.7365     5.7365    35.5448    35.5423     54.525 0.0000e+00
    809.328      19425     56.000    12.4902    12.4801   4.106033   4.104899   49.13786  -13.05041     5.7290     5.7290    35.5450    35.5436     55.517 0.0000e+00
    811.761      19483     57.000    12.4414    12.4363   4.101347   4.100749   49.13786  -13.05042     5.7192     5.7192    35.5455    35.5445     56.508 0.0000e+00
    814.036      19538     58.000    12.4129    12.4119   4.098579   4.098366   49.13786  -13.05041     5.7034     5.7034    35.5452    35.5441     57.499 0.0000e+00
    815.819      19581     59.000    12.3830    12.3775   4.095738   4.095047   49.13786  -13.05041     5.7170     5.7170    35.5456    35.5441     58.490 0.0000e+00
    817.635      19624     60.000    12.3455    12.3261   4.092240   4.090228   49.13786  -13.05042     5.7210     5.7210    35.5467    35.5456     59.482 0.0000e+00
    820.375      19690     61.000    12.3717    12.2798   4.094728   4.085968   49.13786  -13.05043     5.6712     5.6712    35.5456    35.5477     60.473 0.0000e+00
    822.801      19748     62.000    12.2971    12.2566   4.087789   4.083754   49.13786  -13.05041     5.6673     5.6673    35.5486    35.5478     61.464 0.0000e+00
    824.384      19786     63.000    12.2432    12.2357   4.082775   4.081886   49.13786  -13.05041     5.6731     5.6731    35.5506    35.5490     62.455 0.0000e+00
    826.150      19829     64.000    12.2278    12.2266   4.081324   4.081094   49.13786  -13.05042     5.6743     5.6743    35.5506    35.5496     63.447 0.0000e+00
    828.228      19878     65.000    12.2222    12.2225   4.080792   4.080752   49.13786  -13.05043     5.6732     5.6732    35.5504    35.5497     64.438 0.0000e+00
    830.499      19933     66.000    12.2193    12.2200   4.080540   4.080541   49.13786  -13.05041     5.6695     5.6695    35.5503    35.5496     65.429 0.0000e+00
    833.204      19998     67.000    12.2162    12.2151   4.080288   4.080137   49.13786  -13.05041     5.6699     5.6699    35.5502    35.5498     66.420 0.0000e+00
    835.088      20043     68.000    12.2094    12.2105   4.079685   4.079741   49.13786  -13.05041     5.6671     5.6671    35.5504    35.5499     67.411 0.0000e+00
    836.601      20079     69.000    12.2042    12.2032   4.079219   4.079065   49.13786  -13.05041     5.6679     5.6679    35.5504    35.5498     68.402 0.0000e+00
    839.555      20150     70.000    12.2017    12.1935   4.078996   4.078152   49.13786  -13.05041     5.6638     5.6638    35.5501    35.5498     69.394 0.0000e+00
    842.420      20219     71.000    12.1907    12.1759   4.078003   4.076518   49.13787  -13.05041     5.6616     5.6616    35.5505    35.5501     70.385 0.0000e+00
    843.426      20243     72.000    12.1693    12.1606   4.076096   4.075209   49.13787  -13.05041     5.6658     5.6658    35.5519    35.5515     71.376 0.0000e+00
    844.429      20267     73.000    12.1575    12.1522   4.075074   4.074541   49.13787  -13.05040     5.6689     5.6689    35.5527    35.5525     72.367 0.0000e+00
    846.154      20309     74.000    12.1597    12.1458   4.075293   4.074029   49.13787  -13.05040     5.6648     5.6648    35.5522    35.5532     73.358 0.0000e+00
    850.642      20416     75.000    12.1785    12.1407   4.076983   4.073500   49.13787  -13.05041     5.6583     5.6583    35.5504    35.5524     74.349 0.0000e+00
    851.816      20445     76.000    12.1443    12.1330   4.073875   4.072711   49.13787  -13.05040     5.6637     5.6637    35.5522    35.5516     75.341 0.0000e+00
    853.069      20475     77.000    12.1240    12.1190   4.071918   4.071288   49.13787  -13.05040     5.6607     5.6607    35.5521    35.5507     76.332 0.0000e+00
    854.724      20514     78.000    12.1088    12.1018   4.070403   4.069466   49.13787  -13.05040     5.6562     5.6562    35.5513    35.5488     77.323 0.0000e+00
    856.762      20563     79.000    12.0831    12.0717   4.067622   4.066247   49.13787  -13.05041     5.6570     5.6570    35.5482    35.5456     78.314 0.0000e+00
    858.739      20611     80.000    12.0539    12.0491   4.064631   4.064083   49.13787  -13.05041     5.6533     5.6533    35.5463    35.5455     79.305 0.0000e+00
    861.027      20666     81.000    12.0456    12.0370   4.064095   4.063283   49.13787  -13.05041     5.6537     5.6537    35.5485    35.5488     80.296 0.0000e+00
    862.893      20710     82.000    12.0406    12.0396   4.064100   4.064097   49.13787  -13.05041     5.6544     5.6544    35.5529    35.5539     81.287 0.0000e+00
    864.471      20748     83.000    12.0495    12.0527   4.065452   4.065968   49.13787  -13.05041     5.6549     5.6549    35.5572    35.5592     82.278 0.0000e+00
    866.718      20802     84.000    12.0547    12.0651   4.066075   4.067684   49.13787  -13.05042     5.6565     5.6565    35.5579    35.5637     83.269 0.0000e+00
    869.088      20859     85.000    12.0631    12.0698   4.067514   4.068551   49.13787  -13.05043     5.6608     5.6608    35.5635    35.5673     84.261 0.0000e+00
    870.769      20899     86.000    12.0686    12.0702   4.068640   4.068898   49.13787  -13.05043     5.6597     5.6597    35.5688    35.5698     85.252 0.0000e+00
    872.322      20937     87.000    12.0674    12.0678   4.068935   4.069030   49.13787  -13.05042     5.6571     5.6571    35.5724    35.5729     86.243 0.0000e+00
    873.781      20972     88.000    12.0616    12.0620   4.068619   4.068671   49.13787  -13.05043     5.6540     5.6540    35.5744    35.5746     87.234 0.0000e+00
    875.424      21011     89.000    12.0581    12.0573   4.068369   4.068359   49.13787  -13.05043     5.6486     5.6486    35.5748    35.5756     88.225 0.0000e+00
    877.846      21069     90.000    12.0596    12.0533   4.068410   4.068088   49.13787  -13.05043     5.6502     5.6502    35.5733    35.5762     89.216 0.0000e+00
    880.107      21124     91.000    12.0484    12.0468   4.067656   4.067567   49.13787  -13.05043     5.6550     5.6550    35.5762    35.5769     90.207 0.0000e+00
    881.775      21164     92.000    12.0363    12.0364   4.066706   4.066692   49.13787  -13.05042     5.6560     5.6560    35.5780    35.5778     91.198 0.0000e+00
    883.275      21200     93.000    12.0276    12.0275   4.065917   4.065893   49.13787  -13.05043     5.6566     5.6566    35.5782    35.5780     92.189 0.0000e+00
    884.812      21236     94.000    12.0242    12.0232   4.065603   4.065521   49.13786  -13.05043     5.6582     5.6582    35.5779    35.5781     93.180 0.0000e+00
    887.012      21289     95.000    12.0290    12.0210   4.066047   4.065339   49.13786  -13.05043     5.6595     5.6595    35.5773    35.5780     94.171 0.0000e+00
    889.307      21344     96.000    12.0246    12.0195   4.065707   4.065248   49.13786  -13.05042     5.6567     5.6567    35.5777    35.5780     95.162 0.0000e+00
