Data_example/SBE_Data_Processed/DY103/SeaBird/Data/Batch/DY103_CTD01cfaldb.cnv
* Sea-Bird SBE 9 Data File:
* FileName = C:\Users\sandm\Documents\Cruises\DY103\Data\CTD Raw Data\DY103_CTD01.hex
* Software Version Seasave V 7.26.7.121
* Temperature SN = 03P-4814
* Conductivity SN = 04C-2165
* Number of Bytes Per Scan = 41
* Number of Voltage Words = 4
* Number of Scans Averaged by the Deck Unit = 1
* NMEA Latitude = 49 08.27 N
* NMEA Longitude = 013 03.02 W
* NMEA UTC (Time) = Jun 23 2019  14:08:33
** Ship: RRS Discovery
** Cruise: DY103
** Cast: 01
** Station: Test
** Julian Day: 174
** Date: 23/06/19
** Time: 14:00
** Latitude: 49 08.30'N
** Longitude: 13 02.94'W
** Depth (uncorr m): 2156
** Principal Scientist: S Hartman
** Operator: J Wynar/T Powell
# nquan = 15
# nvalues = 1014                        
# units = specified
# name 0 = timeS: Time, Elapsed [seconds]
# name 1 = scan: Scan Count
# name 2 = prDM: Pressure, Digiquartz [db]
# name 3 = t090C: Temperature [ITS-90, deg C]
# name 4 = t190C: Temperature, 2 [ITS-90, deg C]
# name 5 = c0S/m: Conductivity [S/m]
# name 6 = c1S/m: Conductivity, 2 [S/m]
# name 7 = latitude: Latitude [deg]
# name 8 = longitude: Longitude [deg]
# name 9 = sbeox0ML/L: Oxygen, SBE 43 [ml/l]
# name 10 = sbeox0ML/L: Oxygen, SBE 43 [ml/l]
# name 11 = sal00: Salinity, Practical [PSU]
# name 12 = sal11: Salinity, Practical, 2 [PSU]
# name 13 = depSM: Depth [salt water, m], lat = 49.1378
# name 14 = flag: flag
# span 0 =    400.901,   1933.718       
# span 1 =       9623,      46410       
# span 2 =      1.000,   1013.000       
# span 3 =     8.6227,    15.2207       
# span 4 =     8.6207,    15.7608       
# span 5 =   3.440771,   4.377960       
# span 6 =   2.431909,   4.374907       
# span 7 =   49.13784,   49.13787       
# span 8 =  -13.05045,  -13.05037       
# span 9 =     3.9243,     5.8254       
# span 10 =     3.9243,     5.8254      
# span 11 =    27.5179,    35.8869      
# span 12 =    18.6464,    35.8521      
# span 13 =      0.992,   1001.951      
# span 14 = 0.0000e+00, 0.0000e+00      
# interval = decibars: 1                
# start_time = Jun 23 2019 14:08:34 [System UTC, first data scan.]
# bad_flag = -9.990e-29
*END*
[from data line 675]
   1589.247      38143    676.000    10.0450    10.0454   3.887014   3.887158   49.13786  -13.05039     4.5136     4.5136    35.4451    35.4462    669.166 0.0000e+00
   1590.114      38164    677.000    10.0429    10.0421   3.886807   3.886836   49.13786  -13.05039     4.5099     4.5099    35.4447    35.4457    670.154 0.0000e+00
   1591.448      38196    678.000    10.0466    10.0393   3.887206   3.886589   49.13786  -13.05039     4.5045     4.5045    35.4446    35.4454    671.142 0.0000e+00
   1593.083      38235    679.000    10.0518    10.0385   3.887781   3.886592   49.13786  -13.05039     4.5031     4.5031    35.4450    35.4458    672.130 0.0000e+00
   1594.105      38260    680.000    10.0474    10.0407   3.887486   3.886987   49.13786  -13.05039     4.5021     4.5021    35.4458    35.4472    673.119 0.0000e+00
   1594.873      38278    681.000    10.0454    10.0438   3.887439   3.887465   49.13786  -13.05039     4.5014     4.5014    35.4469    35.4487    674.107 0.0000e+00
   1595.556      38294    682.000    10.0459    10.0471   3.887655   3.888006   49.13786  -13.05039     4.5013     4.5013    35.4481    35.4505    675.095 0.0000e+00
   1596.226      38310    683.000    10.0488    10.0519   3.888174   3.888769   49.13786  -13.05039     4.5001     4.5001    35.4501    35.4531    676.083 0.0000e+00
   1596.961      38328    684.000    10.0537    10.0582   3.888936   3.889724   49.13786  -13.05039     4.4961     4.4961    35.4527    35.4563    677.072 0.0000e+00
   1597.912      38351    685.000    10.0571    10.0652   3.889452   3.890726   49.13786  -13.05039     4.4887     4.4887    35.4541    35.4592    678.060 0.0000e+00
   1599.212      38382    686.000    10.0556    10.0672   3.889360   3.891101   49.13786  -13.05039     4.4775     4.4775    35.4542    35.4606    679.048 0.0000e+00
   1600.495      38413    687.000    10.0534    10.0575   3.889454   3.890172   49.13786  -13.05039     4.4663     4.4663    35.4569    35.4602    680.036 0.0000e+00
   1601.529      38438    688.000    10.0460    10.0484   3.888984   3.889439   49.13786  -13.05039     4.4609     4.4609    35.4589    35.4612    681.025 0.0000e+00
   1602.447      38460    689.000    10.0375    10.0406   3.888322   3.888786   49.13786  -13.05039     4.4607     4.4607    35.4600    35.4617    682.013 0.0000e+00
   1603.322      38481    690.000    10.0209    10.0268   3.886668   3.887346   49.13786  -13.05039     4.4628     4.4628    35.4588    35.4600    683.001 0.0000e+00
   1604.184      38501    691.000     9.9943    10.0022   3.883773   3.884598   49.13786  -13.05039     4.4625     4.4625    35.4548    35.4556    683.989 0.0000e+00
   1605.031      38522    692.000     9.9764     9.9800   3.881803   3.882200   49.13786  -13.05039     4.4597     4.4597    35.4517    35.4523    684.978 0.0000e+00
   1605.868      38542    693.000     9.9663     9.9672   3.880677   3.880824   49.13786  -13.05039     4.4565     4.4565    35.4497    35.4503    685.966 0.0000e+00
   1606.730      38563    694.000     9.9592     9.9568   3.879905   3.879662   49.13786  -13.05039     4.4531     4.4531    35.4483    35.4481    686.954 0.0000e+00
   1607.708      38586    695.000     9.9504     9.9392   3.878951   3.877676   49.13786  -13.05039     4.4486     4.4486    35.4467    35.4446    687.942 0.0000e+00
   1608.927      38615    696.000     9.9346     9.9233   3.877268   3.875994   49.13786  -13.05039     4.4469     4.4469    35.4444    35.4425    688.930 0.0000e+00
   1610.202      38646    697.000     9.9183     9.9158   3.875443   3.875193   49.13786  -13.05039     4.4512     4.4512    35.4413    35.4411    689.919 0.0000e+00
   1611.225      38670    698.000     9.9115     9.9115   3.874707   3.874766   49.13787  -13.05039     4.4527     4.4527    35.4399    35.4405    690.907 0.0000e+00
   1612.063      38691    699.000     9.9084     9.9092   3.874397   3.874554   49.13787  -13.05039     4.4515     4.4515    35.4393    35.4402    691.895 0.0000e+00
   1612.825      38709    700.000     9.9070     9.9078   3.874270   3.874442   49.13786  -13.05039     4.4499     4.4499    35.4390    35.4400    692.883 0.0000e+00
   1613.586      38727    701.000     9.9063     9.9068   3.874224   3.874383   49.13786  -13.05039     4.4489     4.4489    35.4388    35.4399    693.871 0.0000e+00
   1614.424      38747    702.000     9.9052     9.9057   3.874145   3.874307   49.13786  -13.05039     4.4489     4.4489    35.4385    35.4397    694.859 0.0000e+00
   1615.419      38771    703.000     9.9041     9.9045   3.874055   3.874217   49.13786  -13.05039     4.4483     4.4483    35.4383    35.4396    695.848 0.0000e+00
   1616.532      38798    704.000     9.9030     9.9034   3.873980   3.874145   49.13786  -13.05039     4.4459     4.4459    35.4382    35.4395    696.836 0.0000e+00
   1617.580      38823    705.000     9.9017     9.9025   3.873903   3.874097   49.13786  -13.05039     4.4412     4.4412    35.4381    35.4393    697.824 0.0000e+00
   1618.514      38845    706.000     9.8988     9.8995   3.873648   3.873812   49.13786  -13.05039     4.4360     4.4360    35.4380    35.4389    698.812 0.0000e+00
   1619.397      38867    707.000     9.8936     9.8944   3.873164   3.873311   49.13786  -13.05040     4.4323     4.4323    35.4376    35.4384    699.800 0.0000e+00
   1620.292      38888    708.000     9.8866     9.8875   3.872481   3.872638   49.13786  -13.05040     4.4310     4.4310    35.4371    35.4378    700.788 0.0000e+00
   1621.223      38910    709.000     9.8804     9.8813   3.871889   3.872072   49.13786  -13.05040     4.4319     4.4319    35.4366    35.4376    701.776 0.0000e+00
   1622.166      38933    710.000     9.8769     9.8777   3.871572   3.871749   49.13787  -13.05040     4.4345     4.4345    35.4363    35.4374    702.765 0.0000e+00
   1623.120      38956    711.000     9.8749     9.8755   3.871399   3.871566   49.13787  -13.05039     4.4350     4.4350    35.4361    35.4372    703.753 0.0000e+00
   1624.126      38980    712.000     9.8730     9.8736   3.871243   3.871414   49.13786  -13.05039     4.4333     4.4333    35.4359    35.4370    704.741 0.0000e+00
   1625.210      39006    713.000     9.8692     9.8704   3.870894   3.871110   49.13786  -13.05039     4.4297     4.4297    35.4356    35.4366    705.729 0.0000e+00
   1626.263      39031    714.000     9.8618     9.8639   3.870183   3.870471   49.13786  -13.05039     4.4240     4.4240    35.4351    35.4359    706.717 0.0000e+00
   1627.203      39054    715.000     9.8528     9.8550   3.869327   3.869603   49.13786  -13.05040     4.4203     4.4203    35.4346    35.4353    707.705 0.0000e+00
   1628.062      39074    716.000     9.8445     9.8460   3.868531   3.868735   49.13786  -13.05040     4.4190     4.4190    35.4342    35.4348    708.693 0.0000e+00
   1628.898      39095    717.000     9.8379     9.8387   3.867909   3.868062   49.13786  -13.05040     4.4188     4.4188    35.4338    35.4346    709.681 0.0000e+00
   1629.770      39115    718.000     9.8323     9.8327   3.867391   3.867508   49.13786  -13.05040     4.4189     4.4189    35.4335    35.4344    710.669 0.0000e+00
   1630.719      39138    719.000     9.8264     9.8267   3.866850   3.866974   49.13786  -13.05039     4.4182     4.4182    35.4333    35.4343    711.658 0.0000e+00
   1631.758      39163    720.000     9.8203     9.8210   3.866303   3.866468   49.13786  -13.05039     4.4141     4.4141    35.4332    35.4342    712.646 0.0000e+00
   1632.852      39189    721.000     9.8158     9.8169   3.865917   3.866123   49.13786  -13.05039     4.4080     4.4080    35.4332    35.4343    713.634 0.0000e+00
   1633.918      39215    722.000     9.8118     9.8128   3.865581   3.865790   49.13786  -13.05039     4.4033     4.4033    35.4333    35.4344    714.622 0.0000e+00
   1634.899      39239    723.000     9.8058     9.8068   3.865103   3.865294   49.13786  -13.05039     4.4004     4.4004    35.4338    35.4347    715.610 0.0000e+00
   1635.804      39260    724.000     9.7985     9.7994   3.864542   3.864720   49.13786  -13.05039     4.3980     4.3980    35.4347    35.4357    716.598 0.0000e+00
   1636.674      39281    725.000     9.7931     9.7939   3.864185   3.864371   49.13786  -13.05039     4.3958     4.3958    35.4359    35.4371    717.586 0.0000e+00
   1637.548      39302    726.000     9.7900     9.7907   3.864047   3.864254   49.13786  -13.05039     4.3930     4.3930    35.4371    35.4385    718.574 0.0000e+00
   1638.451      39324    727.000     9.7891     9.7900   3.864188   3.864451   49.13786  -13.05039     4.3900     4.3900    35.4389    35.4407    719.562 0.0000e+00
   1639.390      39346    728.000     9.7916     9.7927   3.864766   3.865078   49.13786  -13.05039     4.3872     4.3872    35.4420    35.4441    720.550 0.0000e+00
   1640.363      39370    729.000     9.7948     9.7957   3.865392   3.865658   49.13786  -13.05039     4.3841     4.3841    35.4448    35.4466    721.538 0.0000e+00
   1641.390      39394    730.000     9.7967     9.7977   3.865794   3.866051   49.13786  -13.05039     4.3821     4.3821    35.4466    35.4483    722.526 0.0000e+00
   1642.463      39420    731.000     9.7998     9.8008   3.866300   3.866588   49.13786  -13.05039     4.3836     4.3836    35.4483    35.4502    723.514 0.0000e+00
   1643.509      39445    732.000     9.8072     9.8083   3.867297   3.867640   49.13786  -13.05039     4.3855     4.3855    35.4509    35.4533    724.502 0.0000e+00
   1644.487      39469    733.000     9.8181     9.8193   3.868721   3.869082   49.13786  -13.05039     4.3830     4.3830    35.4543    35.4568    725.490 0.0000e+00
   1645.428      39491    734.000     9.8267     9.8276   3.869862   3.870165   49.13786  -13.05039     4.3795     4.3795    35.4572    35.4594    726.478 0.0000e+00
   1646.356      39514    735.000     9.8312     9.8320   3.870537   3.870797   49.13786  -13.05039     4.3785     4.3785    35.4592    35.4611    727.466 0.0000e+00
   1647.274      39536    736.000     9.8328     9.8336   3.870870   3.871104   49.13786  -13.05039     4.3779     4.3779    35.4606    35.4623    728.454 0.0000e+00
   1648.181      39557    737.000     9.8325     9.8331   3.870974   3.871174   49.13786  -13.05039     4.3756     4.3756    35.4616    35.4630    729.442 0.0000e+00
   1649.088      39579    738.000     9.8300     9.8306   3.870822   3.871012   49.13786  -13.05039     4.3721     4.3721    35.4620    35.4633    730.430 0.0000e+00
   1650.035      39602    739.000     9.8279     9.8287   3.870700   3.870917   49.13786  -13.05039     4.3683     4.3683    35.4623    35.4637    731.418 0.0000e+00
   1651.070      39627    740.000     9.8270     9.8278   3.870703   3.870920   49.13786  -13.05039     4.3658     4.3658    35.4628    35.4642    732.406 0.0000e+00
   1652.181      39653    741.000     9.8260     9.8269   3.870708   3.870934   49.13786  -13.05039     4.3633     4.3633    35.4634    35.4648    733.394 0.0000e+00
   1653.230      39679    742.000     9.8241     9.8251   3.870679   3.870913   49.13786  -13.05039     4.3623     4.3623    35.4645    35.4659    734.382 0.0000e+00
   1654.151      39701    743.000     9.8207     9.8218   3.870598   3.870829   49.13786  -13.05039     4.3616     4.3616    35.4665    35.4678    735.370 0.0000e+00
   1654.991      39721    744.000     9.8168     9.8175   3.870447   3.870647   49.13786  -13.05039     4.3618     4.3618    35.4683    35.4697    736.358 0.0000e+00
   1655.830      39741    745.000     9.8136     9.8138   3.870310   3.870467   49.13786  -13.05039     4.3622     4.3622    35.4696    35.4710    737.346 0.0000e+00
   1656.761      39763    746.000     9.8106     9.8101   3.870144   3.870241   49.13786  -13.05039     4.3594     4.3594    35.4705    35.4719    738.334 0.0000e+00
   1657.855      39790    747.000     9.8066     9.8054   3.869874   3.869909   49.13786  -13.05039     4.3522     4.3522    35.4711    35.4726    739.322 0.0000e+00
   1658.995      39817    748.000     9.8018     9.8013   3.869534   3.869642   49.13786  -13.05039     4.3473     4.3473    35.4719    35.4735    740.310 0.0000e+00
   1659.997      39841    749.000     9.7976     9.7979   3.869252   3.869408   49.13786  -13.05039     4.3469     4.3469    35.4727    35.4740    741.298 0.0000e+00
   1660.872      39862    750.000     9.7929     9.7935   3.868914   3.869083   49.13786  -13.05039     4.3474     4.3474    35.4733    35.4744    742.286 0.0000e+00
   1661.691      39882    751.000     9.7880     9.7886   3.868537   3.868706   49.13786  -13.05039     4.3470     4.3470    35.4738    35.4749    743.274 0.0000e+00
   1662.526      39902    752.000     9.7838     9.7844   3.868225   3.868395   49.13786  -13.05039     4.3465     4.3465    35.4743    35.4755    744.262 0.0000e+00
   1663.431      39923    753.000     9.7806     9.7812   3.868008   3.868180   49.13786  -13.05039     4.3461     4.3461    35.4747    35.4759    745.250 0.0000e+00
   1664.421      39947    754.000     9.7773     9.7778   3.867790   3.867961   49.13786  -13.05039     4.3442     4.3442    35.4753    35.4765    746.238 0.0000e+00
   1665.429      39971    755.000     9.7730     9.7735   3.867505   3.867671   49.13786  -13.05039     4.3414     4.3414    35.4761    35.4774    747.226 0.0000e+00
   1666.408      39995    756.000     9.7681     9.7686   3.867171   3.867340   49.13786  -13.05039     4.3355     4.3355    35.4771    35.4783    748.213 0.0000e+00
   1667.372      40018    757.000     9.7627     9.7634   3.866789   3.866968   49.13786  -13.05039     4.3286     4.3286    35.4780    35.4792    749.201 0.0000e+00
   1668.338      40041    758.000     9.7567     9.7576   3.866370   3.866552   49.13786  -13.05039     4.3239     4.3239    35.4791    35.4802    750.189 0.0000e+00
   1669.299      40064    759.000     9.7487     9.7496   3.865805   3.865981   49.13786  -13.05039     4.3200     4.3200    35.4808    35.4816    751.177 0.0000e+00
   1670.243      40087    760.000     9.7391     9.7400   3.865104   3.865270   49.13786  -13.05039     4.3172     4.3172    35.4825    35.4833    752.165 0.0000e+00
   1671.195      40110    761.000     9.7291     9.7300   3.864322   3.864480   49.13786  -13.05039     4.3162     4.3162    35.4838    35.4846    753.153 0.0000e+00
   1672.200      40134    762.000     9.7200     9.7206   3.863630   3.863784   49.13786  -13.05039     4.3150     4.3150    35.4852    35.4861    754.141 0.0000e+00
   1673.259      40159    763.000     9.7153     9.7159   3.863398   3.863575   49.13786  -13.05039     4.3118     4.3118    35.4869    35.4882    755.129 0.0000e+00
   1674.272      40184    764.000     9.7142     9.7148   3.863560   3.863742   49.13786  -13.05039     4.3089     4.3089    35.4892    35.4905    756.116 0.0000e+00
   1675.167      40205    765.000     9.7136     9.7142   3.863794   3.863977   49.13786  -13.05039     4.3080     4.3080    35.4918    35.4931    757.104 0.0000e+00
   1675.981      40225    766.000     9.7113     9.7122   3.863806   3.863992   49.13786  -13.05039     4.3068     4.3068    35.4937    35.4948    758.092 0.0000e+00
   1676.774      40244    767.000     9.7069     9.7078   3.863576   3.863756   49.13786  -13.05039     4.3061     4.3061    35.4952    35.4962    759.080 0.0000e+00
   1677.607      40264    768.000     9.7006     9.7013   3.863151   3.863303   49.13786  -13.05039     4.3053     4.3053    35.4966    35.4975    760.068 0.0000e+00
   1678.577      40287    769.000     9.6947     9.6946   3.862705   3.862791   49.13786  -13.05039     4.3031     4.3031    35.4973    35.4984    761.056 0.0000e+00
   1679.803      40316    770.000     9.6903     9.6890   3.862349   3.862347   49.13785  -13.05039     4.3005     4.3005    35.4976    35.4988    762.044 0.0000e+00
   1681.112      40348    771.000     9.6861     9.6855   3.862007   3.862069   49.13784  -13.05039     4.2979     4.2979    35.4977    35.4989    763.031 0.0000e+00
