Data_example/SBE_Data_Processed/DY103/SeaBird/Data/Batch/DY103_CTD04c.cnv
* Sea-Bird SBE 9 Data File:
* FileName = C:\Users\sandm\Documents\Cruises\DY103\Data\CTD Raw Data\DY103_CTD04.hex
* Software Version Seasave V 7.26.7.121
* Temperature SN = 03P-4814
* Conductivity SN = 04C-2165
* Number of Bytes Per Scan = 41
* Number of Voltage Words = 4
* Number of Scans Averaged by the Deck Unit = 1
* NMEA Latitude = 48 56.57 N
* NMEA Longitude = 016 29.17 W
* NMEA UTC (Time) = Jun 29 2019  16:14:22
** Ship: RRS Discovery
** Cruise: DY103
** Cast: 04
** Station:
** Julian Day: 180
** Date: 29/06/19
** Time: 16:15
** Latitude: 48 56.57'N
** Longitude: 16 29.18'W
** Depth (uncorr m): 4809
** Principal Scientist: S Hartman
** Operator: J Wynar/T Powell
# nquan = 12
# nvalues = 28823                                 
# units = specified
# name 0 = timeS: Time, Elapsed [seconds]
# name 1 = scan: Scan Count
# name 2 = prDM: Pressure, Digiquartz [db]
# name 3 = t090C: Temperature [ITS-90, deg C]
# name 4 = t190C: Temperature, 2 [ITS-90, deg C]
# name 5 = c0S/m: Conductivity [S/m]
# name 6 = c1S/m: Conductivity, 2 [S/m]
# name 7 = latitude: Latitude [deg]
# name 8 = longitude: Longitude [deg]
# name 9 = sbeox0ML/L: Oxygen, SBE 43 [ml/l]
# name 10 = sbeox0ML/L: Oxygen, SBE 43 [ml/l]
# name 11 = flag:  0.000e+00
# span 0 =     12.500,   1213.417                 
# span 1 =        301,      29123                 
# span 2 =      0.297,    105.552                 
# span 3 =    11.6005,    17.2336                 
# span 4 =    11.6010,    17.3950                 
# span 5 =   0.026311,   4.459184                 
# span 6 =   0.014756,   4.476526                 
# span 7 =   48.94282,   48.94284                 
# span 8 =  -16.48624,  -16.48616                 
# span 9 =     3.6809,     6.4016                 
# span 10 =     3.6809,     6.4016                
# span 11 = 0.0000e+00, 0.0000e+00                
# interval = seconds: 0.0416667
# start_time = Jun 29 2019 16:14:23 [System UTC, first data scan.]
# bad_flag = -9.990e-29
*END*
[from data line 28391]
   1195.458      28692    104.928    11.6333    11.6292   4.018019   4.017519   48.94284  -16.48622     5.6597     5.6597  0.000e+00
   1195.500      28693    104.819    11.6333    11.6287   4.018031   4.017480   48.94284  -16.48622     5.6598     5.6598  0.000e+00
   1195.542      28694    104.898    11.6336    11.6282   4.018019   4.017448   48.94284  -16.48622     5.6562     5.6562  0.000e+00
   1195.583      28695    104.898    11.6336    11.6279   4.018063   4.017461   48.94284  -16.48622     5.6560     5.6560  0.000e+00
   1195.625      28696    104.859    11.6339    11.6275   4.018051   4.017474   48.94284  -16.48622     5.6596     5.6596  0.000e+00
   1195.667      28697    104.819    11.6341    11.6275   4.018095   4.017474   48.94284  -16.48622     5.6559     5.6559  0.000e+00
   1195.708      28698    104.898    11.6343    11.6277   4.018166   4.017526   48.94284  -16.48622     5.6595     5.6595  0.000e+00
   1195.750      28699    104.819    11.6343    11.6277   4.018159   4.017604   48.94284  -16.48622     5.6558     5.6558  0.000e+00
   1195.792      28700    104.859    11.6346    11.6282   4.018172   4.017800   48.94284  -16.48622     5.6555     5.6555  0.000e+00
   1195.833      28701    104.898    11.6348    11.6295   4.018127   4.018100   48.94284  -16.48622     5.6591     5.6591  0.000e+00
   1195.875      28702    104.750    11.6346    11.6327   4.018140   4.018236   48.94284  -16.48622     5.6554     5.6554  0.000e+00
   1195.917      28703    104.819    11.6346    11.6350   4.018153   4.018308   48.94284  -16.48616     5.6552     5.6552  0.000e+00
   1195.958      28704    104.819    11.6346    11.6360   4.018153   4.018165   48.94284  -16.48616     5.6587     5.6587  0.000e+00
   1196.000      28705    104.779    11.6348    11.6351   4.018095   4.017923   48.94284  -16.48616     5.6588     5.6588  0.000e+00
   1196.042      28706    104.819    11.6346    11.6330   4.018159   4.017806   48.94284  -16.48616     5.6590     5.6590  0.000e+00
   1196.083      28707    104.819    11.6346    11.6318   4.018185   4.017897   48.94284  -16.48622     5.6591     5.6591  0.000e+00
   1196.125      28708    104.750    11.6346    11.6320   4.018159   4.018015   48.94284  -16.48622     5.6591     5.6591  0.000e+00
   1196.167      28709    104.859    11.6344    11.6320   4.018121   4.018067   48.94284  -16.48622     5.6593     5.6593  0.000e+00
   1196.208      28710    104.750    11.6341    11.6329   4.018115   4.017917   48.94284  -16.48622     5.6631     5.6631  0.000e+00
   1196.250      28711    104.750    11.6344    11.6320   4.018115   4.017702   48.94284  -16.48622     5.6597     5.6597  0.000e+00
   1196.292      28712    104.750    11.6346    11.6310   4.018115   4.017787   48.94284  -16.48622     5.6597     5.6597  0.000e+00
   1196.333      28713    104.680    11.6344    11.6318   4.018089   4.017963   48.94284  -16.48622     5.6597     5.6597  0.000e+00
   1196.375      28714    104.859    11.6344    11.6328   4.018083   4.018086   48.94284  -16.48622     5.6598     5.6598  0.000e+00
   1196.417      28715    104.680    11.6348    11.6335   4.018134   4.018191   48.94284  -16.48622     5.6595     5.6595  0.000e+00
   1196.458      28716    104.819    11.6344    11.6339   4.018121   4.018269   48.94284  -16.48622     5.6596     5.6596  0.000e+00
   1196.500      28717    104.680    11.6348    11.6340   4.018089   4.018367   48.94284  -16.48622     5.6594     5.6594  0.000e+00
   1196.542      28718    104.779    11.6344    11.6345   4.018102   4.018445   48.94284  -16.48622     5.6594     5.6594  0.000e+00
   1196.583      28719    104.750    11.6339    11.6357   4.018115   4.018438   48.94284  -16.48622     5.6593     5.6593  0.000e+00
   1196.625      28720    104.680    11.6341    11.6373   4.018140   4.018354   48.94284  -16.48622     5.6591     5.6591  0.000e+00
   1196.667      28721    104.750    11.6341    11.6375   4.018153   4.018249   48.94284  -16.48622     5.6589     5.6589  0.000e+00
   1196.708      28722    104.710    11.6344    11.6358   4.018172   4.018138   48.94284  -16.48622     5.6591     5.6591  0.000e+00
   1196.750      28723    104.750    11.6348    11.6341   4.018127   4.018054   48.94284  -16.48622     5.6552     5.6552  0.000e+00
   1196.792      28724    104.750    11.6349    11.6327   4.018140   4.018041   48.94284  -16.48622     5.6584     5.6584  0.000e+00
   1196.833      28725    104.680    11.6351    11.6320   4.018198   4.018171   48.94284  -16.48622     5.6581     5.6581  0.000e+00
   1196.875      28726    104.750    11.6352    11.6318   4.018191   4.018217   48.94284  -16.48622     5.6579     5.6579  0.000e+00
   1196.917      28727    104.710    11.6351    11.6329   4.018185   4.018191   48.94284  -16.48616     5.6577     5.6577  0.000e+00
   1196.958      28728    104.680    11.6356    11.6337   4.018210   4.018184   48.94284  -16.48616     5.6578     5.6578  0.000e+00
   1197.000      28729    104.750    11.6351    11.6347   4.018217   4.018158   48.94284  -16.48616     5.6581     5.6581  0.000e+00
   1197.042      28730    104.680    11.6351    11.6353   4.018191   4.018145   48.94284  -16.48616     5.6578     5.6578  0.000e+00
   1197.083      28731    104.779    11.6351    11.6345   4.018210   4.018093   48.94284  -16.48622     5.6580     5.6580  0.000e+00
   1197.125      28732    104.680    11.6351    11.6344   4.018217   4.018080   48.94284  -16.48622     5.6581     5.6581  0.000e+00
   1197.167      28733    104.750    11.6349    11.6339   4.018191   4.018047   48.94284  -16.48622     5.6580     5.6580  0.000e+00
   1197.208      28734    104.680    11.6351    11.6339   4.018210   4.018041   48.94284  -16.48622     5.6576     5.6576  0.000e+00
   1197.250      28735    104.710    11.6349    11.6339   4.018191   4.018015   48.94284  -16.48622     5.6578     5.6578  0.000e+00
   1197.292      28736    104.680    11.6348    11.6339   4.018185   4.018008   48.94284  -16.48622     5.6579     5.6579  0.000e+00
   1197.333      28737    104.750    11.6349    11.6342   4.018210   4.017976   48.94284  -16.48622     5.6581     5.6581  0.000e+00
   1197.375      28738    104.680    11.6349    11.6342   4.018242   4.017943   48.94284  -16.48622     5.6577     5.6577  0.000e+00
   1197.417      28739    104.750    11.6359    11.6342   4.018223   4.017963   48.94284  -16.48622     5.6578     5.6578  0.000e+00
   1197.458      28740    104.710    11.6364    11.6341   4.018293   4.017943   48.94284  -16.48622     5.6579     5.6579  0.000e+00
   1197.500      28741    104.750    11.6364    11.6337   4.018325   4.017910   48.94284  -16.48622     5.6580     5.6580  0.000e+00
   1197.542      28742    104.680    11.6364    11.6328   4.018293   4.017897   48.94284  -16.48622     5.6581     5.6581  0.000e+00
   1197.583      28743    104.750    11.6364    11.6322   4.018338   4.017897   48.94284  -16.48622     5.6578     5.6578  0.000e+00
   1197.625      28744    104.710    11.6363    11.6318   4.018332   4.017923   48.94284  -16.48622     5.6575     5.6575  0.000e+00
   1197.667      28745    104.750    11.6362    11.6319   4.018325   4.017904   48.94284  -16.48622     5.6576     5.6576  0.000e+00
   1197.708      28746    104.680    11.6364    11.6320   4.018325   4.017956   48.94284  -16.48622     5.6572     5.6572  0.000e+00
   1197.750      28747    104.750    11.6364    11.6318   4.018377   4.017995   48.94284  -16.48622     5.6573     5.6573  0.000e+00
   1197.792      28748    104.680    11.6369    11.6322   4.018415   4.017976   48.94284  -16.48622     5.6568     5.6568  0.000e+00
   1197.833      28749    104.779    11.6371    11.6329   4.018428   4.018021   48.94284  -16.48622     5.6565     5.6565  0.000e+00
   1197.875      28750    104.750    11.6369    11.6325   4.018428   4.018145   48.94284  -16.48622     5.6565     5.6565  0.000e+00
   1197.917      28751    104.680    11.6367    11.6330   4.018402   4.018262   48.94284  -16.48616     5.6561     5.6561  0.000e+00
   1197.958      28752    104.750    11.6366    11.6339   4.018364   4.018314   48.94284  -16.48616     5.6557     5.6557  0.000e+00
   1198.000      28753    104.779    11.6366    11.6345   4.018408   4.018373   48.94284  -16.48616     5.6557     5.6557  0.000e+00
   1198.042      28754    104.750    11.6363    11.6352   4.018319   4.018419   48.94284  -16.48616     5.6558     5.6558  0.000e+00
   1198.083      28755    104.680    11.6359    11.6360   4.018313   4.018399   48.94284  -16.48622     5.6557     5.6557  0.000e+00
   1198.125      28756    104.750    11.6359    11.6363   4.018268   4.018419   48.94284  -16.48622     5.6558     5.6558  0.000e+00
   1198.167      28757    104.779    11.6356    11.6365   4.018274   4.018354   48.94284  -16.48622     5.6559     5.6559  0.000e+00
   1198.208      28758    104.750    11.6354    11.6359   4.018261   4.018328   48.94284  -16.48622     5.6559     5.6559  0.000e+00
   1198.250      28759    104.750    11.6354    11.6353   4.018223   4.018269   48.94284  -16.48622     5.6563     5.6563  0.000e+00
   1198.292      28760    104.749    11.6357    11.6345   4.018242   4.018308   48.94284  -16.48622     5.6601     5.6601  0.000e+00
   1198.333      28761    104.749    11.6354    11.6342   4.018255   4.018328   48.94284  -16.48622     5.6567     5.6567  0.000e+00
   1198.375      28762    104.779    11.6351    11.6354   4.018223   4.018347   48.94284  -16.48622     5.6568     5.6568  0.000e+00
   1198.417      28763    104.749    11.6353    11.6363   4.018242   4.018334   48.94284  -16.48622     5.6567     5.6567  0.000e+00
   1198.458      28764    104.749    11.6354    11.6360   4.018255   4.018347   48.94284  -16.48622     5.6567     5.6567  0.000e+00
   1198.500      28765    104.749    11.6354    11.6353   4.018255   4.018334   48.94284  -16.48622     5.6567     5.6567  0.000e+00
   1198.542      28766    104.779    11.6357    11.6348   4.018306   4.018347   48.94284  -16.48622     5.6605     5.6605  0.000e+00
   1198.583      28767    104.819    11.6363    11.6348   4.018293   4.018301   48.94284  -16.48622     5.6571     5.6571  0.000e+00
   1198.625      28768    104.749    11.6359    11.6348   4.018287   4.018288   48.94284  -16.48622     5.6571     5.6571  0.000e+00
   1198.667      28769    104.819    11.6363    11.6348   4.018313   4.018315   48.94284  -16.48622     5.6571     5.6571  0.000e+00
   1198.708      28770    104.680    11.6362    11.6350   4.018325   4.018373   48.94284  -16.48622     5.6569     5.6569  0.000e+00
   1198.750      28771    104.858    11.6361    11.6349   4.018293   4.018341   48.94284  -16.48622     5.6571     5.6571  0.000e+00
   1198.792      28772    104.749    11.6362    11.6342   4.018338   4.018269   48.94284  -16.48622     5.6603     5.6603  0.000e+00
   1198.833      28773    104.819    11.6363    11.6340   4.018332   4.018256   48.94284  -16.48622     5.6569     5.6569  0.000e+00
   1198.875      28774    104.819    11.6366    11.6343   4.018377   4.018275   48.94284  -16.48622     5.6568     5.6568  0.000e+00
   1198.917      28775    104.779    11.6366    11.6346   4.018396   4.018288   48.94284  -16.48616     5.6567     5.6567  0.000e+00
   1198.958      28776    104.749    11.6369    11.6348   4.018364   4.018314   48.94284  -16.48616     5.6567     5.6567  0.000e+00
   1199.000      28777    104.819    11.6367    11.6347   4.018408   4.018328   48.94284  -16.48616     5.6566     5.6566  0.000e+00
   1199.042      28778    104.819    11.6367    11.6352   4.018402   4.018295   48.94284  -16.48616     5.6566     5.6566  0.000e+00
   1199.083      28779    104.710    11.6367    11.6350   4.018364   4.018230   48.94284  -16.48622     5.6565     5.6565  0.000e+00
   1199.125      28780    104.898    11.6367    11.6349   4.018383   4.018112   48.94284  -16.48622     5.6566     5.6566  0.000e+00
   1199.167      28781    104.749    11.6367    11.6347   4.018396   4.018021   48.94284  -16.48622     5.6564     5.6564  0.000e+00
   1199.208      28782    104.819    11.6367    11.6343   4.018364   4.017897   48.94284  -16.48622     5.6564     5.6564  0.000e+00
   1199.250      28783    104.749    11.6367    11.6323   4.018332   4.017839   48.94284  -16.48622     5.6563     5.6563  0.000e+00
   1199.292      28784    104.858    11.6369    11.6303   4.018377   4.017774   48.94284  -16.48622     5.6563     5.6563  0.000e+00
   1199.333      28785    104.749    11.6367    11.6287   4.018338   4.017728   48.94284  -16.48622     5.6562     5.6562  0.000e+00
   1199.375      28786    104.819    11.6364    11.6290   4.018345   4.017669   48.94284  -16.48622     5.6601     5.6601  0.000e+00
   1199.417      28787    104.819    11.6364    11.6288   4.018332   4.017598   48.94284  -16.48622     5.6566     5.6566  0.000e+00
   1199.458      28788    104.779    11.6358    11.6284   4.018325   4.017552   48.94284  -16.48622     5.6604     5.6604  0.000e+00
   1199.500      28789    104.749    11.6357    11.6275   4.018325   4.017604   48.94284  -16.48622     5.6569     5.6569  0.000e+00
   1199.542      28790    104.819    11.6361    11.6267   4.018325   4.017669   48.94284  -16.48622     5.6568     5.6568  0.000e+00
   1199.583      28791    104.819    11.6357    11.6261   4.018325   4.017767   48.94284  -16.48622     5.6606     5.6606  0.000e+00
   1199.625      28792    104.779    11.6356    11.6259   4.018325   4.017819   48.94284  -16.48622     5.6609     5.6609  0.000e+00
   1199.667      28793    104.819    11.6357    11.6259   4.018325   4.017930   48.94284  -16.48622     5.6612     5.6612  0.000e+00
   1199.708      28794    104.749    11.6358    11.6270   4.018293   4.017969   48.94284  -16.48622     5.6576     5.6576  0.000e+00
   1199.750      28795    104.819    11.6359    11.6295   4.018313   4.018021   48.94284  -16.48622     5.6575     5.6575  0.000e+00
   1199.792      28796    104.819    11.6361    11.6312   4.018293   4.018067   48.94284  -16.48622     5.6573     5.6573  0.000e+00
   1199.833      28797    104.779    11.6361    11.6323   4.018313   4.018126   48.94284  -16.48622     5.6571     5.6571  0.000e+00
   1199.875      28798    104.749    11.6361    11.6331   4.018293   4.018197   48.94284  -16.48622     5.6570     5.6570  0.000e+00
   1199.917      28799    104.819    11.6362    11.6350   4.018287   4.018432   48.94284  -16.48616     5.6569     5.6569  0.000e+00
   1199.958      28800    104.749    11.6364    11.6383   4.018338   4.018523   48.94284  -16.48616     5.6567     5.6567  0.000e+00
   1200.000      28801    104.779    11.6362    11.6388   4.018357   4.018380   48.94284  -16.48616     5.6566     5.6566  0.000e+00
   1200.042      28802    104.749    11.6364    11.6372   4.018357   4.018269   48.94284  -16.48616     5.6564     5.6564  0.000e+00
   1200.083      28803    104.819    11.6364    11.6358   4.018332   4.018308   48.94284  -16.48616     5.6563     5.6563  0.000e+00
   1200.125      28804    104.819    11.6363    11.6357   4.018377   4.018458   48.94284  -16.48622     5.6562     5.6562  0.000e+00
   1200.167      28805    104.710    11.6362    11.6365   4.018415   4.018582   48.94284  -16.48622     5.6559     5.6559  0.000e+00
   1200.208      28806    104.749    11.6363    11.6368   4.018428   4.018660   48.94284  -16.48622     5.6558     5.6558  0.000e+00
   1200.250      28807    104.749    11.6367    11.6376   4.018370   4.018569   48.94284  -16.48622     5.6557     5.6557  0.000e+00
   1200.292      28808    104.749    11.6367    11.6365   4.018383   4.018477   48.94284  -16.48622     5.6555     5.6555  0.000e+00
   1200.333      28809    104.819    11.6369    11.6358   4.018396   4.018543   48.94284  -16.48622     5.6558     5.6558  0.000e+00
   1200.375      28810    104.710    11.6367    11.6355   4.018415   4.018438   48.94284  -16.48622     5.6556     5.6556  0.000e+00
   1200.417      28811    104.749    11.6369    11.6346   4.018370   4.018367   48.94284  -16.48622     5.6556     5.6556  0.000e+00
