Data_example/SBE_Data_Processed/DY103/SeaBird/Data/Batch/DY103_CTD07cfaldb.cnv
* Sea-Bird SBE 9 Data File:
* FileName = C:\Users\sandm\Documents\Cruises\DY103\Data\CTD Raw Data\DY103_CTD07.hex
* Software Version Seasave V 7.26.7.121
* Temperature SN = 03P-4814
* Conductivity SN = 04C-2165
* Number of Bytes Per Scan = 41
* Number of Voltage Words = 4
* Number of Scans Averaged by the Deck Unit = 1
* NMEA Latitude = 48 59.98 N
* NMEA Longitude = 016 30.00 W
* NMEA UTC (Time) = Jul 01 2019  14:33:31
** Ship: RRS Discovery
** Cruise: DY103
** Cast: 07
** Station: 020
** Julian Day: 182
** Date: 01/07/19
** Time: 14:30
** Latitude: 49 00.00'N
** Longitude: 16 30.00'W
** Depth (uncorr m): 4810
** Principal Scientist: S Hartman
** Operator: J Wynar/T Powell
# nquan = 15
# nvalues = 4926                        
# units = specified
# name 0 = timeS: Time, Elapsed [seconds]
# name 1 = scan: Scan Count
# name 2 = prDM: Pressure, Digiquartz [db]
# name 3 = t090C: Temperature [ITS-90, deg C]
# name 4 = t190C: Temperature, 2 [ITS-90, deg C]
# name 5 = c0S/m: Conductivity [S/m]
# name 6 = c1S/m: Conductivity, 2 [S/m]
# name 7 = latitude: Latitude [deg]
# name 8 = longitude: Longitude [deg]
# name 9 = sbeox0ML/L: Oxygen, SBE 43 [ml/l]
# name 10 = sbeox0ML/L: Oxygen, SBE 43 [ml/l]
# name 11 = sal00: Salinity, Practical [PSU]
# name 12 = sal11: Salinity, Practical, 2 [PSU]
# name 13 = depSM: Depth [salt water, m], lat = 48.9997
# name 14 = flag: flag
# span 0 =    112.940,   5294.923       
# span 1 =       2712,     127079       
# span 2 =      1.000,   4925.000       
# span 3 =     2.5200,    16.2172       
# span 4 =     2.5198,    16.2340       
# span 5 =   3.271380,   4.442135       
# span 6 =   3.271704,   4.478179       
# span 7 =   48.99971,   48.99975       
# span 8 =  -16.49997,  -16.49995       
# span 9 =     3.8013,     6.0221       
# span 10 =     3.8013,     6.0221      
# span 11 =    27.5741,    35.6136      
# span 12 =    26.4189,    35.7227      
# span 13 =      0.992,   4827.581      
# span 14 = 0.0000e+00, 0.0000e+00      
# interval = decibars: 1                
# start_time = Jul 01 2019 14:33:31 [System UTC, first data scan.]
# bad_flag = -9.990e-29
*END*
[from data line 3952]
   4197.085     100731   3953.000     2.5449     2.5449   3.278539   3.278887   48.99973  -16.49997     5.2547     5.2547    34.9116    34.9157   3883.291 0.0000e+00
   4198.024     100754   3954.000     2.5449     2.5448   3.278573   3.278918   48.99973  -16.49997     5.2533     5.2533    34.9115    34.9158   3884.264 0.0000e+00
   4198.998     100777   3955.000     2.5449     2.5448   3.278608   3.278953   48.99973  -16.49997     5.2569     5.2569    34.9115    34.9157   3885.238 0.0000e+00
   4200.018     100801   3956.000     2.5449     2.5449   3.278643   3.278993   48.99973  -16.49997     5.2559     5.2559    34.9116    34.9157   3886.211 0.0000e+00
   4201.057     100826   3957.000     2.5450     2.5450   3.278681   3.279035   48.99973  -16.49997     5.2518     5.2518    34.9115    34.9157   3887.185 0.0000e+00
   4202.058     100850   3958.000     2.5450     2.5451   3.278720   3.279079   48.99973  -16.49997     5.2509     5.2509    34.9115    34.9157   3888.158 0.0000e+00
   4202.995     100873   3959.000     2.5451     2.5451   3.278759   3.279118   48.99973  -16.49997     5.2496     5.2496    34.9115    34.9158   3889.132 0.0000e+00
   4203.881     100894   3960.000     2.5451     2.5450   3.278791   3.279142   48.99973  -16.49997     5.2480     5.2480    34.9115    34.9157   3890.106 0.0000e+00
   4204.749     100915   3961.000     2.5449     2.5448   3.278807   3.279149   48.99973  -16.49997     5.2484     5.2484    34.9114    34.9156   3891.079 0.0000e+00
   4205.625     100936   3962.000     2.5447     2.5445   3.278818   3.279159   48.99973  -16.49997     5.2487     5.2487    34.9114    34.9156   3892.053 0.0000e+00
   4206.527     100958   3963.000     2.5445     2.5442   3.278834   3.279169   48.99973  -16.49997     5.2493     5.2493    34.9114    34.9156   3893.026 0.0000e+00
   4207.450     100980   3964.000     2.5442     2.5438   3.278846   3.279160   48.99973  -16.49997     5.2518     5.2518    34.9114    34.9155   3894.000 0.0000e+00
   4208.386     101002   3965.000     2.5437     2.5432   3.278837   3.279134   48.99973  -16.49997     5.2535     5.2535    34.9114    34.9155   3894.973 0.0000e+00
   4209.330     101025   3966.000     2.5432     2.5428   3.278816   3.279134   48.99973  -16.49997     5.2538     5.2538    34.9113    34.9155   3895.947 0.0000e+00
   4210.289     101048   3967.000     2.5429     2.5427   3.278825   3.279156   48.99973  -16.49997     5.2516     5.2516    34.9113    34.9154   3896.920 0.0000e+00
   4211.273     101072   3968.000     2.5427     2.5426   3.278843   3.279188   48.99973  -16.49997     5.2485     5.2485    34.9112    34.9155   3897.894 0.0000e+00
   4212.278     101096   3969.000     2.5427     2.5426   3.278867   3.279224   48.99973  -16.49997     5.2475     5.2475    34.9111    34.9155   3898.867 0.0000e+00
   4213.271     101120   3970.000     2.5426     2.5426   3.278890   3.279256   48.99973  -16.49997     5.2485     5.2485    34.9111    34.9155   3899.841 0.0000e+00
   4214.225     101142   3971.000     2.5425     2.5425   3.278913   3.279280   48.99973  -16.49997     5.2488     5.2488    34.9111    34.9154   3900.814 0.0000e+00
   4215.140     101164   3972.000     2.5424     2.5424   3.278940   3.279299   48.99973  -16.49997     5.2496     5.2496    34.9111    34.9154   3901.788 0.0000e+00
   4216.036     101186   3973.000     2.5424     2.5423   3.278970   3.279323   48.99973  -16.49997     5.2523     5.2523    34.9110    34.9153   3902.761 0.0000e+00
   4216.938     101208   3974.000     2.5424     2.5423   3.279003   3.279354   48.99973  -16.49997     5.2542     5.2542    34.9110    34.9153   3903.734 0.0000e+00
   4217.862     101230   3975.000     2.5423     2.5422   3.279031   3.279385   48.99973  -16.49997     5.2522     5.2522    34.9110    34.9154   3904.708 0.0000e+00
   4218.815     101253   3976.000     2.5422     2.5421   3.279059   3.279411   48.99973  -16.49997     5.2490     5.2490    34.9111    34.9153   3905.681 0.0000e+00
   4219.791     101276   3977.000     2.5422     2.5420   3.279086   3.279434   48.99973  -16.49997     5.2482     5.2482    34.9110    34.9153   3906.655 0.0000e+00
   4220.769     101299   3978.000     2.5421     2.5419   3.279114   3.279459   48.99973  -16.49997     5.2493     5.2493    34.9110    34.9153   3907.628 0.0000e+00
   4221.722     101322   3979.000     2.5419     2.5419   3.279135   3.279479   48.99973  -16.49997     5.2471     5.2471    34.9110    34.9152   3908.602 0.0000e+00
   4222.646     101344   3980.000     2.5417     2.5417   3.279149   3.279496   48.99973  -16.49997     5.2477     5.2477    34.9110    34.9152   3909.575 0.0000e+00
   4223.551     101366   3981.000     2.5416     2.5416   3.279177   3.279525   48.99973  -16.49997     5.2506     5.2506    34.9110    34.9152   3910.549 0.0000e+00
   4224.457     101388   3982.000     2.5417     2.5416   3.279213   3.279560   48.99973  -16.49997     5.2521     5.2521    34.9109    34.9152   3911.522 0.0000e+00
   4225.382     101410   3983.000     2.5417     2.5417   3.279253   3.279599   48.99973  -16.49997     5.2513     5.2513    34.9110    34.9151   3912.496 0.0000e+00
   4226.347     101433   3984.000     2.5418     2.5417   3.279288   3.279636   48.99973  -16.49997     5.2482     5.2482    34.9109    34.9151   3913.469 0.0000e+00
   4227.355     101458   3985.000     2.5418     2.5417   3.279321   3.279673   48.99973  -16.49997     5.2454     5.2454    34.9109    34.9152   3914.442 0.0000e+00
   4228.379     101482   3986.000     2.5418     2.5417   3.279356   3.279706   48.99973  -16.49997     5.2454     5.2454    34.9109    34.9152   3915.416 0.0000e+00
   4229.368     101506   3987.000     2.5418     2.5417   3.279390   3.279736   48.99973  -16.49997     5.2458     5.2458    34.9109    34.9151   3916.389 0.0000e+00
   4230.298     101528   3988.000     2.5417     2.5416   3.279412   3.279757   48.99973  -16.49997     5.2477     5.2477    34.9109    34.9151   3917.363 0.0000e+00
   4231.189     101550   3989.000     2.5414     2.5413   3.279417   3.279760   48.99973  -16.49997     5.2504     5.2504    34.9108    34.9150   3918.336 0.0000e+00
   4232.078     101571   3990.000     2.5410     2.5408   3.279411   3.279752   48.99973  -16.49997     5.2519     5.2519    34.9108    34.9150   3919.309 0.0000e+00
   4233.008     101593   3991.000     2.5406     2.5404   3.279406   3.279749   48.99973  -16.49997     5.2506     5.2506    34.9107    34.9150   3920.283 0.0000e+00
   4234.006     101617   3992.000     2.5402     2.5401   3.279409   3.279755   48.99973  -16.49997     5.2478     5.2478    34.9107    34.9149   3921.256 0.0000e+00
   4235.031     101642   3993.000     2.5400     2.5399   3.279426   3.279771   48.99973  -16.49997     5.2466     5.2466    34.9107    34.9149   3922.230 0.0000e+00
   4236.001     101665   3994.000     2.5400     2.5399   3.279450   3.279798   48.99973  -16.49997     5.2457     5.2457    34.9106    34.9149   3923.203 0.0000e+00
   4236.896     101686   3995.000     2.5399     2.5398   3.279474   3.279825   48.99973  -16.49997     5.2456     5.2456    34.9106    34.9149   3924.176 0.0000e+00
   4237.741     101707   3996.000     2.5398     2.5397   3.279497   3.279845   48.99973  -16.49997     5.2470     5.2470    34.9106    34.9148   3925.150 0.0000e+00
   4238.569     101727   3997.000     2.5397     2.5396   3.279520   3.279868   48.99973  -16.49997     5.2487     5.2487    34.9105    34.9148   3926.123 0.0000e+00
   4239.413     101747   3998.000     2.5396     2.5395   3.279546   3.279896   48.99973  -16.49997     5.2511     5.2511    34.9105    34.9148   3927.096 0.0000e+00
   4240.303     101768   3999.000     2.5395     2.5394   3.279574   3.279921   48.99973  -16.49997     5.2529     5.2529    34.9105    34.9147   3928.070 0.0000e+00
   4241.278     101792   4000.000     2.5395     2.5394   3.279602   3.279945   48.99973  -16.49997     5.2517     5.2517    34.9104    34.9147   3929.043 0.0000e+00
   4242.366     101818   4001.000     2.5394     2.5393   3.279633   3.279973   48.99973  -16.49997     5.2493     5.2493    34.9105    34.9147   3930.017 0.0000e+00
   4243.531     101846   4002.000     2.5394     2.5392   3.279663   3.280004   48.99973  -16.49997     5.2456     5.2456    34.9105    34.9147   3930.990 0.0000e+00
   4244.624     101872   4003.000     2.5393     2.5391   3.279688   3.280033   48.99973  -16.49997     5.2419     5.2419    34.9104    34.9148   3931.963 0.0000e+00
   4245.574     101895   4004.000     2.5393     2.5392   3.279719   3.280071   48.99973  -16.49997     5.2437     5.2437    34.9104    34.9147   3932.937 0.0000e+00
   4246.425     101915   4005.000     2.5393     2.5393   3.279753   3.280110   48.99973  -16.49997     5.2449     5.2449    34.9104    34.9146   3933.910 0.0000e+00
   4247.228     101934   4006.000     2.5393     2.5393   3.279786   3.280146   48.99973  -16.49997     5.2446     5.2446    34.9104    34.9146   3934.883 0.0000e+00
   4248.021     101954   4007.000     2.5393     2.5393   3.279815   3.280175   48.99973  -16.49997     5.2448     5.2448    34.9103    34.9146   3935.857 0.0000e+00
   4248.846     101973   4008.000     2.5392     2.5392   3.279843   3.280199   48.99973  -16.49997     5.2454     5.2454    34.9103    34.9146   3936.830 0.0000e+00
   4249.733     101995   4009.000     2.5391     2.5391   3.279870   3.280224   48.99973  -16.49997     5.2462     5.2462    34.9103    34.9146   3937.803 0.0000e+00
   4250.704     102018   4010.000     2.5390     2.5389   3.279895   3.280244   48.99973  -16.49997     5.2444     5.2444    34.9103    34.9146   3938.777 0.0000e+00
   4251.746     102043   4011.000     2.5389     2.5388   3.279914   3.280267   48.99973  -16.49997     5.2420     5.2420    34.9103    34.9145   3939.750 0.0000e+00
   4252.811     102068   4012.000     2.5388     2.5387   3.279942   3.280292   48.99973  -16.49997     5.2459     5.2459    34.9103    34.9145   3940.723 0.0000e+00
   4253.836     102093   4013.000     2.5388     2.5387   3.279975   3.280321   48.99973  -16.49997     5.2497     5.2497    34.9103    34.9145   3941.696 0.0000e+00
   4254.799     102116   4014.000     2.5388     2.5387   3.280012   3.280355   48.99973  -16.49997     5.2491     5.2491    34.9103    34.9145   3942.670 0.0000e+00
   4255.716     102138   4015.000     2.5388     2.5386   3.280046   3.280384   48.99973  -16.49997     5.2476     5.2476    34.9103    34.9145   3943.643 0.0000e+00
   4256.607     102160   4016.000     2.5387     2.5385   3.280074   3.280409   48.99973  -16.49997     5.2477     5.2477    34.9103    34.9145   3944.616 0.0000e+00
   4257.494     102181   4017.000     2.5386     2.5384   3.280099   3.280428   48.99973  -16.49997     5.2483     5.2483    34.9103    34.9144   3945.590 0.0000e+00
   4258.398     102203   4018.000     2.5384     2.5382   3.280112   3.280442   48.99973  -16.49997     5.2490     5.2490    34.9102    34.9144   3946.563 0.0000e+00
   4259.351     102225   4019.000     2.5382     2.5380   3.280128   3.280457   48.99973  -16.49997     5.2489     5.2489    34.9102    34.9144   3947.536 0.0000e+00
   4260.367     102250   4020.000     2.5380     2.5379   3.280148   3.280478   48.99973  -16.49997     5.2483     5.2483    34.9102    34.9143   3948.510 0.0000e+00
   4261.417     102275   4021.000     2.5380     2.5378   3.280172   3.280508   48.99973  -16.49997     5.2463     5.2463    34.9102    34.9143   3949.483 0.0000e+00
   4262.428     102299   4022.000     2.5379     2.5378   3.280197   3.280543   48.99973  -16.49997     5.2445     5.2445    34.9102    34.9143   3950.456 0.0000e+00
   4263.354     102322   4023.000     2.5378     2.5378   3.280223   3.280578   48.99973  -16.49997     5.2447     5.2447    34.9101    34.9144   3951.429 0.0000e+00
   4264.211     102342   4024.000     2.5378     2.5378   3.280255   3.280610   48.99973  -16.49997     5.2446     5.2446    34.9101    34.9143   3952.403 0.0000e+00
   4265.030     102362   4025.000     2.5378     2.5377   3.280285   3.280640   48.99973  -16.49997     5.2450     5.2450    34.9101    34.9144   3953.376 0.0000e+00
   4265.846     102381   4026.000     2.5377     2.5376   3.280311   3.280666   48.99973  -16.49997     5.2452     5.2452    34.9100    34.9143   3954.349 0.0000e+00
   4266.702     102402   4027.000     2.5376     2.5375   3.280336   3.280687   48.99973  -16.49997     5.2445     5.2445    34.9100    34.9144   3955.322 0.0000e+00
   4267.652     102425   4028.000     2.5375     2.5373   3.280360   3.280707   48.99973  -16.49997     5.2439     5.2439    34.9100    34.9143   3956.295 0.0000e+00
   4268.745     102451   4029.000     2.5374     2.5372   3.280382   3.280725   48.99973  -16.49997     5.2419     5.2419    34.9100    34.9142   3957.269 0.0000e+00
   4269.926     102479   4030.000     2.5374     2.5372   3.280410   3.280749   48.99973  -16.49997     5.2412     5.2412    34.9099    34.9141   3958.242 0.0000e+00
   4271.034     102506   4031.000     2.5374     2.5371   3.280443   3.280781   48.99973  -16.49997     5.2450     5.2450    34.9099    34.9142   3959.215 0.0000e+00
   4271.999     102529   4032.000     2.5372     2.5370   3.280468   3.280807   48.99973  -16.49997     5.2481     5.2481    34.9099    34.9142   3960.188 0.0000e+00
   4272.864     102550   4033.000     2.5371     2.5370   3.280494   3.280839   48.99973  -16.49997     5.2493     5.2493    34.9099    34.9142   3961.162 0.0000e+00
   4273.681     102569   4034.000     2.5371     2.5370   3.280519   3.280869   48.99973  -16.49997     5.2499     5.2499    34.9099    34.9141   3962.135 0.0000e+00
   4274.489     102589   4035.000     2.5369     2.5369   3.280541   3.280891   48.99973  -16.49997     5.2493     5.2493    34.9099    34.9141   3963.108 0.0000e+00
   4275.330     102609   4036.000     2.5367     2.5367   3.280556   3.280905   48.99973  -16.49997     5.2485     5.2485    34.9099    34.9141   3964.081 0.0000e+00
   4276.246     102631   4037.000     2.5366     2.5365   3.280571   3.280918   48.99973  -16.49997     5.2476     5.2476    34.9098    34.9140   3965.054 0.0000e+00
   4277.252     102655   4038.000     2.5364     2.5363   3.280592   3.280941   48.99973  -16.49997     5.2442     5.2442    34.9098    34.9141   3966.028 0.0000e+00
   4278.297     102680   4039.000     2.5364     2.5363   3.280617   3.280970   48.99973  -16.49997     5.2416     5.2416    34.9097    34.9140   3967.001 0.0000e+00
   4279.312     102704   4040.000     2.5364     2.5363   3.280650   3.281004   48.99973  -16.49997     5.2419     5.2419    34.9097    34.9140   3967.974 0.0000e+00
   4280.272     102728   4041.000     2.5364     2.5362   3.280688   3.281037   48.99973  -16.49997     5.2431     5.2431    34.9097    34.9141   3968.947 0.0000e+00
   4281.184     102749   4042.000     2.5364     2.5362   3.280722   3.281066   48.99973  -16.49997     5.2459     5.2459    34.9097    34.9140   3969.920 0.0000e+00
   4282.068     102771   4043.000     2.5362     2.5360   3.280739   3.281083   48.99973  -16.49997     5.2478     5.2478    34.9097    34.9140   3970.894 0.0000e+00
   4282.943     102792   4044.000     2.5359     2.5358   3.280747   3.281091   48.99973  -16.49997     5.2479     5.2479    34.9097    34.9140   3971.867 0.0000e+00
   4283.825     102813   4045.000     2.5356     2.5355   3.280750   3.281095   48.99973  -16.49997     5.2464     5.2464    34.9097    34.9139   3972.840 0.0000e+00
   4284.734     102835   4046.000     2.5354     2.5353   3.280765   3.281108   48.99973  -16.49997     5.2456     5.2456    34.9096    34.9139   3973.813 0.0000e+00
   4285.692     102858   4047.000     2.5353     2.5352   3.280790   3.281137   48.99973  -16.49997     5.2449     5.2449    34.9096    34.9139   3974.786 0.0000e+00
   4286.717     102882   4048.000     2.5353     2.5353   3.280822   3.281177   48.99973  -16.49997     5.2438     5.2438    34.9096    34.9139   3975.759 0.0000e+00
