Data_example/SBE_Data_Processed/DY103/SeaBird/Data/Batch/DY103_CTD06cf.cnv
* Sea-Bird SBE 9 Data File:
* FileName = C:\Users\sandm\Documents\Cruises\DY103\Data\CTD Raw Data\DY103_CTD06.hex
* Software Version Seasave V 7.26.7.121
* Temperature SN = 03P-4814
* Conductivity SN = 04C-2165
* Number of Bytes Per Scan = 41
* Number of Voltage Words = 4
* Number of Scans Averaged by the Deck Unit = 1
* NMEA Latitude = 48 56.60 N
* NMEA Longitude = 016 29.40 W
* NMEA UTC (Time) = Jul 01 2019  13:15:58
** Ship: RRS Discovery
** Cruise: DY103
** Cast: 06
** Station: 019
** Julian Day: 182
** Date: 01/07/19
** Time: 13:15
** Latitude: 48 56.60'N
** Longitude: 16 29.40'W
** Depth (uncorr m): 4810
** Principal Scientist: S Hartman
** Operator: J Wynar/T Powell
# nquan = 12
# nvalues = 18331                       
# units = specified
# name 0 = timeS: Time, Elapsed [seconds]
# name 1 = scan: Scan Count
# name 2 = prDM: Pressure, Digiquartz [db]
# name 3 = t090C: Temperature [ITS-90, deg C]
# name 4 = t190C: Temperature, 2 [ITS-90, deg C]
# name 5 = c0S/m: Conductivity [S/m]
# name 6 = c1S/m: Conductivity, 2 [S/m]
# name 7 = latitude: Latitude [deg]
# name 8 = longitude: Longitude [deg]
# name 9 = sbeox0ML/L: Oxygen, SBE 43 [ml/l]
# name 10 = sbeox0ML/L: Oxygen, SBE 43 [ml/l]
# name 11 = flag:  0.000e+00
# span 0 =     12.500,    776.250       
# span 1 =        301,      18631       
# span 2 =      0.525,    105.514       
# span 3 =    11.9318,    16.0393       
# span 4 =    11.9306,    17.2252       
# span 5 =   0.137873,   4.442360       
# span 6 =   0.038800,   4.476560       
# span 7 =   48.94337,   48.94341       
# span 8 =  -16.48999,  -16.48997       
# span 9 =     3.7122,     7.3715       
# span 10 =     3.7122,     7.3715      
# span 11 = 0.0000e+00, 0.0000e+00      
# interval = seconds: 0.0416667
# start_time = Jul 01 2019 13:15:59 [System UTC, first data scan.]
# bad_flag = -9.990e-29
*END*
[from data line 13474]
    573.917      13775      7.446    15.9320    15.9384   4.434590   4.435401   48.94339  -16.48998     5.8348     5.8348 0.0000e+00
    573.958      13776      7.459    15.9308    15.9378   4.434473   4.435346   48.94339  -16.48998     5.8350     5.8350 0.0000e+00
    574.000      13777      7.473    15.9295    15.9372   4.434353   4.435287   48.94339  -16.48998     5.8351     5.8351 0.0000e+00
    574.042      13778      7.487    15.9282    15.9366   4.434228   4.435226   48.94339  -16.48998     5.8352     5.8352 0.0000e+00
    574.083      13779      7.500    15.9268    15.9359   4.434100   4.435162   48.94339  -16.48998     5.8354     5.8354 0.0000e+00
    574.125      13780      7.514    15.9255    15.9352   4.433969   4.435093   48.94339  -16.48998     5.8355     5.8355 0.0000e+00
    574.167      13781      7.527    15.9240    15.9345   4.433833   4.435021   48.94339  -16.48998     5.8356     5.8356 0.0000e+00
    574.208      13782      7.541    15.9225    15.9337   4.433693   4.434946   48.94339  -16.48998     5.8357     5.8357 0.0000e+00
    574.250      13783      7.554    15.9210    15.9329   4.433549   4.434868   48.94339  -16.48998     5.8358     5.8358 0.0000e+00
    574.292      13784      7.568    15.9194    15.9320   4.433400   4.434786   48.94339  -16.48998     5.8359     5.8359 0.0000e+00
    574.333      13785      7.581    15.9178    15.9312   4.433248   4.434702   48.94339  -16.48998     5.8360     5.8360 0.0000e+00
    574.375      13786      7.595    15.9162    15.9302   4.433093   4.434614   48.94339  -16.48998     5.8361     5.8361 0.0000e+00
    574.417      13787      7.608    15.9146    15.9293   4.432936   4.434524   48.94339  -16.48998     5.8362     5.8362 0.0000e+00
    574.458      13788      7.621    15.9129    15.9283   4.432779   4.434431   48.94339  -16.48998     5.8363     5.8363 0.0000e+00
    574.500      13789      7.635    15.9113    15.9273   4.432623   4.434334   48.94339  -16.48998     5.8363     5.8363 0.0000e+00
    574.542      13790      7.648    15.9097    15.9263   4.432469   4.434234   48.94339  -16.48998     5.8364     5.8364 0.0000e+00
    574.583      13791      7.661    15.9081    15.9252   4.432317   4.434131   48.94339  -16.48998     5.8364     5.8364 0.0000e+00
    574.625      13792      7.674    15.9065    15.9241   4.432168   4.434023   48.94339  -16.48998     5.8364     5.8364 0.0000e+00
    574.667      13793      7.687    15.9050    15.9229   4.432021   4.433911   48.94339  -16.48998     5.8364     5.8364 0.0000e+00
    574.708      13794      7.700    15.9035    15.9217   4.431876   4.433794   48.94339  -16.48998     5.8364     5.8364 0.0000e+00
    574.750      13795      7.712    15.9019    15.9204   4.431733   4.433671   48.94339  -16.48998     5.8364     5.8364 0.0000e+00
    574.792      13796      7.725    15.9005    15.9191   4.431592   4.433543   48.94339  -16.48998     5.8364     5.8364 0.0000e+00
    574.833      13797      7.738    15.8990    15.9177   4.431455   4.433409   48.94339  -16.48998     5.8364     5.8364 0.0000e+00
    574.875      13798      7.750    15.8976    15.9162   4.431322   4.433270   48.94339  -16.48998     5.8363     5.8363 0.0000e+00
    574.917      13799      7.763    15.8963    15.9147   4.431194   4.433124   48.94339  -16.48998     5.8362     5.8362 0.0000e+00
    574.958      13800      7.775    15.8950    15.9132   4.431072   4.432975   48.94339  -16.48998     5.8362     5.8362 0.0000e+00
    575.000      13801      7.787    15.8937    15.9116   4.430956   4.432822   48.94339  -16.48998     5.8361     5.8361 0.0000e+00
    575.042      13802      7.800    15.8926    15.9099   4.430844   4.432666   48.94339  -16.48998     5.8360     5.8360 0.0000e+00
    575.083      13803      7.812    15.8915    15.9082   4.430739   4.432508   48.94340  -16.48998     5.8358     5.8358 0.0000e+00
    575.125      13804      7.824    15.8904    15.9065   4.430639   4.432348   48.94340  -16.48998     5.8357     5.8357 0.0000e+00
    575.167      13805      7.836    15.8894    15.9047   4.430544   4.432186   48.94340  -16.48998     5.8356     5.8356 0.0000e+00
    575.208      13806      7.847    15.8885    15.9030   4.430454   4.432023   48.94340  -16.48998     5.8354     5.8354 0.0000e+00
    575.250      13807      7.859    15.8876    15.9012   4.430370   4.431859   48.94340  -16.48998     5.8352     5.8352 0.0000e+00
    575.292      13808      7.871    15.8868    15.8994   4.430290   4.431695   48.94340  -16.48998     5.8350     5.8350 0.0000e+00
    575.333      13809      7.882    15.8860    15.8976   4.430216   4.431531   48.94340  -16.48998     5.8349     5.8349 0.0000e+00
    575.375      13810      7.894    15.8852    15.8958   4.430146   4.431369   48.94340  -16.48998     5.8347     5.8347 0.0000e+00
    575.417      13811      7.905    15.8845    15.8940   4.430082   4.431209   48.94340  -16.48998     5.8345     5.8345 0.0000e+00
    575.458      13812      7.916    15.8839    15.8922   4.430024   4.431053   48.94340  -16.48998     5.8343     5.8343 0.0000e+00
    575.500      13813      7.928    15.8833    15.8905   4.429970   4.430902   48.94340  -16.48998     5.8341     5.8341 0.0000e+00
    575.542      13814      7.939    15.8828    15.8888   4.429922   4.430757   48.94340  -16.48998     5.8338     5.8338 0.0000e+00
    575.583      13815      7.949    15.8823    15.8872   4.429880   4.430616   48.94340  -16.48998     5.8336     5.8336 0.0000e+00
    575.625      13816      7.960    15.8819    15.8857   4.429842   4.430479   48.94340  -16.48998     5.8334     5.8334 0.0000e+00
    575.667      13817      7.971    15.8816    15.8841   4.429810   4.430343   48.94340  -16.48998     5.8331     5.8331 0.0000e+00
    575.708      13818      7.981    15.8812    15.8826   4.429783   4.430210   48.94340  -16.48998     5.8329     5.8329 0.0000e+00
    575.750      13819      7.992    15.8810    15.8811   4.429761   4.430077   48.94340  -16.48998     5.8327     5.8327 0.0000e+00
    575.792      13820      8.002    15.8808    15.8797   4.429744   4.429944   48.94340  -16.48998     5.8324     5.8324 0.0000e+00
    575.833      13821      8.013    15.8806    15.8782   4.429733   4.429811   48.94340  -16.48998     5.8322     5.8322 0.0000e+00
    575.875      13822      8.023    15.8805    15.8767   4.429727   4.429680   48.94340  -16.48998     5.8320     5.8320 0.0000e+00
    575.917      13823      8.033    15.8804    15.8752   4.429727   4.429551   48.94340  -16.48998     5.8317     5.8317 0.0000e+00
    575.958      13824      8.043    15.8804    15.8737   4.429732   4.429424   48.94340  -16.48998     5.8315     5.8315 0.0000e+00
    576.000      13825      8.053    15.8805    15.8723   4.429742   4.429301   48.94340  -16.48998     5.8313     5.8313 0.0000e+00
    576.042      13826      8.062    15.8806    15.8708   4.429759   4.429180   48.94340  -16.48998     5.8311     5.8311 0.0000e+00
    576.083      13827      8.072    15.8807    15.8694   4.429780   4.429058   48.94340  -16.48998     5.8308     5.8308 0.0000e+00
    576.125      13828      8.081    15.8810    15.8680   4.429808   4.428935   48.94340  -16.48998     5.8306     5.8306 0.0000e+00
    576.167      13829      8.091    15.8812    15.8665   4.429842   4.428808   48.94340  -16.48998     5.8304     5.8304 0.0000e+00
    576.208      13830      8.100    15.8816    15.8651   4.429882   4.428679   48.94340  -16.48998     5.8302     5.8302 0.0000e+00
    576.250      13831      8.109    15.8819    15.8636   4.429928   4.428548   48.94340  -16.48998     5.8300     5.8300 0.0000e+00
    576.292      13832      8.118    15.8824    15.8621   4.429978   4.428416   48.94340  -16.48998     5.8297     5.8297 0.0000e+00
    576.333      13833      8.127    15.8828    15.8605   4.430031   4.428283   48.94340  -16.48998     5.8295     5.8295 0.0000e+00
    576.375      13834      8.136    15.8834    15.8590   4.430086   4.428149   48.94340  -16.48998     5.8293     5.8293 0.0000e+00
    576.417      13835      8.145    15.8839    15.8575   4.430141   4.428015   48.94340  -16.48998     5.8291     5.8291 0.0000e+00
    576.458      13836      8.153    15.8844    15.8560   4.430197   4.427880   48.94340  -16.48998     5.8290     5.8290 0.0000e+00
    576.500      13837      8.162    15.8850    15.8545   4.430253   4.427745   48.94340  -16.48998     5.8288     5.8288 0.0000e+00
    576.542      13838      8.170    15.8856    15.8530   4.430309   4.427612   48.94340  -16.48998     5.8286     5.8286 0.0000e+00
    576.583      13839      8.179    15.8861    15.8515   4.430365   4.427480   48.94340  -16.48998     5.8285     5.8285 0.0000e+00
    576.625      13840      8.187    15.8867    15.8500   4.430421   4.427351   48.94340  -16.48998     5.8284     5.8284 0.0000e+00
    576.667      13841      8.195    15.8873    15.8486   4.430478   4.427223   48.94340  -16.48998     5.8282     5.8282 0.0000e+00
    576.708      13842      8.203    15.8879    15.8471   4.430537   4.427097   48.94340  -16.48998     5.8281     5.8281 0.0000e+00
    576.750      13843      8.211    15.8885    15.8457   4.430596   4.426972   48.94340  -16.48998     5.8280     5.8280 0.0000e+00
    576.792      13844      8.219    15.8891    15.8444   4.430656   4.426848   48.94340  -16.48998     5.8280     5.8280 0.0000e+00
    576.833      13845      8.227    15.8898    15.8430   4.430716   4.426725   48.94340  -16.48998     5.8279     5.8279 0.0000e+00
    576.875      13846      8.235    15.8904    15.8417   4.430777   4.426602   48.94340  -16.48998     5.8278     5.8278 0.0000e+00
    576.917      13847      8.242    15.8911    15.8403   4.430839   4.426479   48.94340  -16.48998     5.8278     5.8278 0.0000e+00
    576.958      13848      8.250    15.8917    15.8390   4.430902   4.426356   48.94340  -16.48998     5.8278     5.8278 0.0000e+00
    577.000      13849      8.257    15.8924    15.8376   4.430966   4.426232   48.94340  -16.48998     5.8278     5.8278 0.0000e+00
    577.042      13850      8.265    15.8931    15.8363   4.431031   4.426107   48.94340  -16.48998     5.8278     5.8278 0.0000e+00
    577.083      13851      8.272    15.8938    15.8349   4.431097   4.425982   48.94340  -16.48998     5.8278     5.8278 0.0000e+00
    577.125      13852      8.280    15.8945    15.8336   4.431164   4.425856   48.94340  -16.48998     5.8278     5.8278 0.0000e+00
    577.167      13853      8.287    15.8952    15.8323   4.431231   4.425730   48.94340  -16.48998     5.8278     5.8278 0.0000e+00
    577.208      13854      8.294    15.8959    15.8310   4.431297   4.425604   48.94340  -16.48998     5.8279     5.8279 0.0000e+00
    577.250      13855      8.301    15.8966    15.8297   4.431362   4.425477   48.94340  -16.48998     5.8280     5.8280 0.0000e+00
    577.292      13856      8.308    15.8973    15.8284   4.431426   4.425349   48.94340  -16.48998     5.8280     5.8280 0.0000e+00
    577.333      13857      8.315    15.8980    15.8270   4.431489   4.425220   48.94340  -16.48998     5.8281     5.8281 0.0000e+00
    577.375      13858      8.322    15.8986    15.8257   4.431552   4.425091   48.94340  -16.48998     5.8283     5.8283 0.0000e+00
    577.417      13859      8.329    15.8993    15.8243   4.431613   4.424963   48.94340  -16.48998     5.8284     5.8284 0.0000e+00
    577.458      13860      8.336    15.9000    15.8230   4.431675   4.424835   48.94340  -16.48998     5.8285     5.8285 0.0000e+00
    577.500      13861      8.343    15.9006    15.8216   4.431736   4.424707   48.94340  -16.48998     5.8287     5.8287 0.0000e+00
    577.542      13862      8.350    15.9013    15.8203   4.431798   4.424579   48.94340  -16.48998     5.8288     5.8288 0.0000e+00
    577.583      13863      8.356    15.9020    15.8190   4.431860   4.424454   48.94340  -16.48998     5.8290     5.8290 0.0000e+00
    577.625      13864      8.363    15.9027    15.8178   4.431922   4.424331   48.94340  -16.48998     5.8292     5.8292 0.0000e+00
    577.667      13865      8.370    15.9033    15.8166   4.431984   4.424211   48.94340  -16.48998     5.8293     5.8293 0.0000e+00
    577.708      13866      8.376    15.9040    15.8155   4.432044   4.424094   48.94340  -16.48998     5.8295     5.8295 0.0000e+00
    577.750      13867      8.383    15.9046    15.8144   4.432104   4.423980   48.94340  -16.48998     5.8297     5.8297 0.0000e+00
    577.792      13868      8.390    15.9053    15.8134   4.432161   4.423871   48.94340  -16.48998     5.8299     5.8299 0.0000e+00
    577.833      13869      8.396    15.9059    15.8124   4.432215   4.423766   48.94340  -16.48998     5.8301     5.8301 0.0000e+00
    577.875      13870      8.403    15.9065    15.8115   4.432266   4.423666   48.94340  -16.48998     5.8303     5.8303 0.0000e+00
    577.917      13871      8.409    15.9071    15.8106   4.432314   4.423568   48.94340  -16.48998     5.8306     5.8306 0.0000e+00
    577.958      13872      8.416    15.9077    15.8098   4.432358   4.423474   48.94340  -16.48998     5.8308     5.8308 0.0000e+00
    578.000      13873      8.422    15.9082    15.8090   4.432398   4.423383   48.94340  -16.48998     5.8310     5.8310 0.0000e+00
    578.042      13874      8.429    15.9087    15.8082   4.432434   4.423294   48.94340  -16.48998     5.8312     5.8312 0.0000e+00
    578.083      13875      8.436    15.9092    15.8075   4.432466   4.423208   48.94340  -16.48998     5.8314     5.8314 0.0000e+00
    578.125      13876      8.442    15.9096    15.8068   4.432492   4.423124   48.94340  -16.48998     5.8316     5.8316 0.0000e+00
    578.167      13877      8.449    15.9099    15.8062   4.432513   4.423044   48.94340  -16.48998     5.8318     5.8318 0.0000e+00
    578.208      13878      8.456    15.9102    15.8055   4.432529   4.422969   48.94340  -16.48998     5.8320     5.8320 0.0000e+00
    578.250      13879      8.462    15.9104    15.8050   4.432539   4.422899   48.94340  -16.48998     5.8322     5.8322 0.0000e+00
    578.292      13880      8.469    15.9106    15.8045   4.432544   4.422836   48.94340  -16.48998     5.8324     5.8324 0.0000e+00
    578.333      13881      8.476    15.9107    15.8040   4.432543   4.422780   48.94340  -16.48998     5.8326     5.8326 0.0000e+00
    578.375      13882      8.483    15.9107    15.8036   4.432537   4.422731   48.94340  -16.48998     5.8327     5.8327 0.0000e+00
    578.417      13883      8.490    15.9107    15.8033   4.432525   4.422689   48.94340  -16.48998     5.8329     5.8329 0.0000e+00
    578.458      13884      8.497    15.9107    15.8031   4.432508   4.422653   48.94340  -16.48998     5.8331     5.8331 0.0000e+00
    578.500      13885      8.504    15.9105    15.8030   4.432484   4.422624   48.94340  -16.48998     5.8332     5.8332 0.0000e+00
    578.542      13886      8.511    15.9103    15.8029   4.432455   4.422602   48.94340  -16.48998     5.8334     5.8334 0.0000e+00
    578.583      13887      8.518    15.9100    15.8029   4.432421   4.422586   48.94340  -16.48998     5.8335     5.8335 0.0000e+00
    578.625      13888      8.525    15.9097    15.8030   4.432381   4.422576   48.94340  -16.48998     5.8337     5.8337 0.0000e+00
    578.667      13889      8.533    15.9093    15.8031   4.432335   4.422571   48.94340  -16.48998     5.8338     5.8338 0.0000e+00
    578.708      13890      8.540    15.9089    15.8033   4.432284   4.422569   48.94340  -16.48998     5.8339     5.8339 0.0000e+00
    578.750      13891      8.548    15.9084    15.8035   4.432227   4.422569   48.94340  -16.48998     5.8341     5.8341 0.0000e+00
    578.792      13892      8.555    15.9078    15.8038   4.432165   4.422572   48.94340  -16.48998     5.8342     5.8342 0.0000e+00
    578.833      13893      8.563    15.9072    15.8040   4.432097   4.422577   48.94340  -16.48998     5.8343     5.8343 0.0000e+00
