Data_example/SBE_Data_Processed/DY103/SeaBird/Data/Batch/DY103_CTD08cfaldb.cnv
* Sea-Bird SBE 9 Data File:
* FileName = C:\Users\sandm\Documents\Cruises\DY103\Data\CTD Raw Data\DY103_CTD08.hex
* Software Version Seasave V 7.26.7.121
* Temperature SN = 03P-4814
* Conductivity SN = 04C-2165
* Number of Bytes Per Scan = 41
* Number of Voltage Words = 4
* Number of Scans Averaged by the Deck Unit = 1
* NMEA Latitude = 49 00.06 N
* NMEA Longitude = 016 30.07 W
* NMEA UTC (Time) = Jul 02 2019  09:46:03
** Ship: RRS Discovery
** Cruise: DY103
** Cast: 08
** Station: 025
** Julian Day: 183
** Date: 02/07/19
** Time: 09:45
** Latitude: 49 00.00'N
** Longitude: 16 30.07'W
** Depth (uncorr m): 4807
** Principal Scientist: S Hartman
** Operator: J Wynar/T Powell
# nquan = 15
# nvalues = 4922                        
# units = specified
# name 0 = timeS: Time, Elapsed [seconds]
# name 1 = scan: Scan Count
# name 2 = prDM: Pressure, Digiquartz [db]
# name 3 = t090C: Temperature [ITS-90, deg C]
# name 4 = t190C: Temperature, 2 [ITS-90, deg C]
# name 5 = c0S/m: Conductivity [S/m]
# name 6 = c1S/m: Conductivity, 2 [S/m]
# name 7 = latitude: Latitude [deg]
# name 8 = longitude: Longitude [deg]
# name 9 = sbeox0ML/L: Oxygen, SBE 43 [ml/l]
# name 10 = sbeox0ML/L: Oxygen, SBE 43 [ml/l]
# name 11 = sal00: Salinity, Practical [PSU]
# name 12 = sal11: Salinity, Practical, 2 [PSU]
# name 13 = depSM: Depth [salt water, m], lat = 49.001
# name 14 = flag: flag
# span 0 =    728.644,   6057.954       
# span 1 =      17488,     145392       
# span 2 =      1.000,   4924.000       
# span 3 =     2.5204,    15.8657       
# span 4 =     2.5202,    15.8452       
# span 5 =   2.993744,   4.414572       
# span 6 =   2.555727,   4.413718       
# span 7 =   48.89483,   48.99997       
# span 8 =  -16.50111,  -16.46542       
# span 9 =     3.7377,     5.9639       
# span 10 =     3.7377,     5.9639      
# span 11 =    23.3163,    35.6108      
# span 12 =    19.4932,    35.6084      
# span 13 =      0.992,   4826.611      
# span 14 = 0.0000e+00, 0.0000e+00      
# interval = decibars: 1                
# start_time = Jul 02 2019 09:46:04 [System UTC, first data scan.]
# bad_flag = -9.990e-29
*END*
[from data line 97]
   1110.124      26644     98.000    12.1822    12.1769   4.081073   4.080525   48.99993  -16.50084     5.5590     5.5590    35.5766    35.5763     97.146 0.0000e+00
   1112.347      26697     99.000    12.1827    12.1730   4.081163   4.080212   48.99993  -16.50084     5.5599     5.5599    35.5766    35.5765     98.137 0.0000e+00
   1114.151      26741    100.000    12.1718    12.1698   4.080190   4.079948   48.99992  -16.50084     5.5672     5.5672    35.5770    35.5765     99.128 0.0000e+00
   1115.577      26775    101.000    12.1665    12.1657   4.079733   4.079611   48.99991  -16.50083     5.5675     5.5675    35.5771    35.5767    100.119 0.0000e+00
   1117.346      26817    102.000    12.1661    12.1622   4.079737   4.079322   48.99992  -16.50082     5.5594     5.5594    35.5771    35.5768    101.110 0.0000e+00
   1140.818      27381    104.000    12.1546    12.1805   4.077905   4.080438   48.98764  -16.49669     5.5578     5.5578    35.5674    35.5675    103.092 0.0000e+00
   1149.280      27584    106.000    12.1098    12.1486   4.067905   4.071845   48.89483  -16.46542     5.5334     5.5334    35.4976    35.4991    105.074 0.0000e+00
   1153.643      27688    107.000    12.1300    12.1465   4.076044   4.077686   48.99991  -16.50081     5.5494     5.5494    35.5732    35.5736    106.065 0.0000e+00
   1155.848      27741    108.000    12.1273    12.1302   4.075780   4.076055   48.99991  -16.50081     5.5447     5.5447    35.5728    35.5728    107.056 0.0000e+00
   1158.751      27811    109.000    12.1244    12.1234   4.075481   4.075327   48.99991  -16.50081     5.5534     5.5534    35.5723    35.5717    108.047 0.0000e+00
   1161.407      27875    110.000    12.1128    12.1121   4.074221   4.074088   48.99990  -16.50081     5.5652     5.5652    35.5706    35.5699    109.038 0.0000e+00
   1163.432      27923    111.000    12.1012    12.1011   4.072984   4.072930   48.99989  -16.50081     5.5733     5.5733    35.5691    35.5687    110.029 0.0000e+00
   1165.460      27972    112.000    12.0944    12.0933   4.072265   4.072114   48.99989  -16.50081     5.5683     5.5683    35.5681    35.5677    111.020 0.0000e+00
   1168.322      28041    113.000    12.0956    12.0878   4.072445   4.071572   48.99990  -16.50081     5.5706     5.5706    35.5682    35.5672    112.011 0.0000e+00
   1171.383      28114    114.000    12.0924    12.0864   4.072174   4.071497   48.99990  -16.50081     5.5809     5.5809    35.5682    35.5674    113.002 0.0000e+00
   1173.003      28153    115.000    12.0878    12.0873   4.071855   4.071803   48.99989  -16.50081     5.5781     5.5781    35.5691    35.5690    113.993 0.0000e+00
   1174.710      28194    116.000    12.0891    12.0893   4.072180   4.072210   48.99989  -16.50081     5.5821     5.5821    35.5705    35.5707    114.984 0.0000e+00
   1177.031      28250    117.000    12.0907    12.0905   4.072473   4.072517   48.99990  -16.50080     5.5823     5.5823    35.5715    35.5720    115.975 0.0000e+00
   1179.044      28298    118.000    12.0928    12.0937   4.072918   4.073049   48.99990  -16.50079     5.5775     5.5775    35.5734    35.5738    116.966 0.0000e+00
   1180.554      28334    119.000    12.0961    12.0972   4.073481   4.073629   48.99989  -16.50079     5.5777     5.5777    35.5752    35.5756    117.957 0.0000e+00
   1182.104      28371    120.000    12.1010    12.1026   4.074211   4.074431   48.99989  -16.50079     5.5799     5.5799    35.5772    35.5779    118.948 0.0000e+00
   1183.855      28414    121.000    12.1081    12.1099   4.075240   4.075484   48.99990  -16.50079     5.5904     5.5904    35.5801    35.5807    119.938 0.0000e+00
   1185.490      28453    122.000    12.1142    12.1155   4.076137   4.076329   48.99990  -16.50079     5.5972     5.5972    35.5826    35.5832    120.929 0.0000e+00
   1186.887      28486    123.000    12.1206    12.1222   4.077072   4.077319   48.99990  -16.50079     5.5978     5.5978    35.5852    35.5861    121.920 0.0000e+00
   1188.165      28517    124.000    12.1264    12.1285   4.077921   4.078214   48.99989  -16.50079     5.5908     5.5908    35.5875    35.5884    122.911 0.0000e+00
   1189.504      28549    125.000    12.1304    12.1332   4.078514   4.078890   48.99989  -16.50079     5.5847     5.5847    35.5890    35.5900    123.902 0.0000e+00
   1191.411      28595    126.000    12.1286    12.1368   4.078315   4.079407   48.99990  -16.50079     5.5894     5.5894    35.5884    35.5912    124.893 0.0000e+00
   1193.876      28654    127.000    12.1297    12.1381   4.078518   4.079673   48.99990  -16.50079     5.5989     5.5989    35.5889    35.5921    125.884 0.0000e+00
   1195.440      28692    128.000    12.1349    12.1374   4.079339   4.079674   48.99989  -16.50079     5.6036     5.6036    35.5915    35.5924    126.875 0.0000e+00
   1196.665      28721    129.000    12.1352    12.1365   4.079480   4.079649   48.99989  -16.50079     5.6042     5.6042    35.5921    35.5925    127.866 0.0000e+00
   1197.896      28751    130.000    12.1344    12.1354   4.079464   4.079579   48.99989  -16.50079     5.6058     5.6058    35.5923    35.5925    128.857 0.0000e+00
   1199.288      28784    131.000    12.1327    12.1335   4.079334   4.079429   48.99989  -16.50079     5.6086     5.6086    35.5922    35.5923    129.848 0.0000e+00
   1200.875      28822    132.000    12.1293    12.1300   4.079013   4.079092   48.99989  -16.50079     5.6039     5.6039    35.5919    35.5920    130.838 0.0000e+00
   1202.533      28862    133.000    12.1244    12.1253   4.078525   4.078601   48.99989  -16.50079     5.5978     5.5978    35.5913    35.5912    131.829 0.0000e+00
   1204.053      28898    134.000    12.1162    12.1174   4.077638   4.077736   48.99989  -16.50079     5.5971     5.5971    35.5901    35.5899    132.820 0.0000e+00
   1205.459      28932    135.000    12.1075    12.1086   4.076701   4.076792   48.99989  -16.50079     5.5986     5.5986    35.5887    35.5885    133.811 0.0000e+00
   1206.805      28964    136.000    12.1005    12.1012   4.075921   4.075961   48.99989  -16.50079     5.5988     5.5988    35.5874    35.5871    134.802 0.0000e+00
   1208.013      28993    137.000    12.0925    12.0930   4.075036   4.075027   48.99989  -16.50079     5.5964     5.5964    35.5859    35.5854    135.793 0.0000e+00
   1209.064      29019    138.000    12.0838    12.0836   4.074064   4.073972   48.99989  -16.50079     5.5945     5.5945    35.5842    35.5836    136.784 0.0000e+00
   1210.039      29042    139.000    12.0765    12.0767   4.073241   4.073217   48.99989  -16.50078     5.5937     5.5937    35.5828    35.5824    137.775 0.0000e+00
   1211.073      29067    140.000    12.0708    12.0705   4.072609   4.072526   48.99989  -16.50078     5.5899     5.5899    35.5816    35.5811    138.765 0.0000e+00
   1212.373      29098    141.000    12.0614    12.0572   4.071583   4.070995   48.99989  -16.50077     5.5794     5.5794    35.5801    35.5783    139.756 0.0000e+00
   1213.954      29136    142.000    12.0423    12.0370   4.069435   4.068676   48.99989  -16.50077     5.5670     5.5670    35.5769    35.5745    140.747 0.0000e+00
   1215.358      29170    143.000    12.0119    12.0095   4.065983   4.065500   48.99989  -16.50077     5.5633     5.5633    35.5716    35.5693    141.738 0.0000e+00
   1216.459      29196    144.000    11.9780    11.9784   4.062159   4.061967   48.99989  -16.50077     5.5703     5.5703    35.5662    35.5639    142.729 0.0000e+00
   1217.407      29219    145.000    11.9551    11.9559   4.059564   4.059494   48.99989  -16.50077     5.5768     5.5768    35.5622    35.5607    143.720 0.0000e+00
   1218.314      29241    146.000    11.9434    11.9432   4.058248   4.058098   48.99989  -16.50077     5.5802     5.5802    35.5600    35.5587    144.710 0.0000e+00
   1219.293      29264    147.000    11.9357    11.9331   4.057380   4.056964   48.99989  -16.50077     5.5791     5.5791    35.5584    35.5568    145.701 0.0000e+00
   1220.535      29294    148.000    11.9287    11.9219   4.056603   4.055687   48.99989  -16.50077     5.5748     5.5748    35.5571    35.5546    146.692 0.0000e+00
   1222.153      29333    149.000    11.9202    11.9088   4.055627   4.054188   48.99989  -16.50077     5.5694     5.5694    35.5552    35.5519    147.683 0.0000e+00
   1223.694      29370    150.000    11.9032    11.8980   4.053670   4.052989   48.99989  -16.50077     5.5742     5.5742    35.5518    35.5500    148.674 0.0000e+00
   1224.931      29399    151.000    11.8942    11.8931   4.052660   4.052465   48.99989  -16.50077     5.5803     5.5803    35.5500    35.5492    149.664 0.0000e+00
   1226.048      29426    152.000    11.8891    11.8888   4.052108   4.052012   48.99989  -16.50077     5.5793     5.5793    35.5490    35.5483    150.655 0.0000e+00
   1227.142      29452    153.000    11.8845    11.8849   4.051631   4.051623   48.99989  -16.50077     5.5774     5.5774    35.5483    35.5478    151.646 0.0000e+00
   1228.218      29478    154.000    11.8823    11.8830   4.051421   4.051467   48.99989  -16.50077     5.5757     5.5757    35.5479    35.5477    152.637 0.0000e+00
   1229.238      29503    155.000    11.8815    11.8824   4.051364   4.051438   48.99989  -16.50077     5.5742     5.5742    35.5477    35.5476    153.628 0.0000e+00
   1230.187      29525    156.000    11.8805    11.8815   4.051295   4.051369   48.99989  -16.50077     5.5741     5.5741    35.5475    35.5473    154.618 0.0000e+00
   1231.098      29547    157.000    11.8781    11.8790   4.051063   4.051116   48.99989  -16.50077     5.5755     5.5755    35.5471    35.5467    155.609 0.0000e+00
   1232.027      29570    158.000    11.8732    11.8738   4.050544   4.050548   48.99989  -16.50077     5.5783     5.5783    35.5463    35.5457    156.600 0.0000e+00
   1233.020      29593    159.000    11.8660    11.8660   4.049771   4.049689   48.99989  -16.50077     5.5812     5.5812    35.5451    35.5443    157.591 0.0000e+00
   1234.085      29619    160.000    11.8563    11.8558   4.048719   4.048566   48.99989  -16.50077     5.5815     5.5815    35.5435    35.5426    158.581 0.0000e+00
   1235.165      29645    161.000    11.8447    11.8440   4.047445   4.047255   48.99989  -16.50077     5.5813     5.5813    35.5417    35.5405    159.572 0.0000e+00
   1236.181      29669    162.000    11.8293    11.8284   4.045754   4.045502   48.99989  -16.50077     5.5804     5.5804    35.5394    35.5377    160.563 0.0000e+00
   1237.114      29692    163.000    11.8116    11.8114   4.043811   4.043635   48.99989  -16.50075     5.5771     5.5771    35.5368    35.5353    161.554 0.0000e+00
   1238.000      29713    164.000    11.8002    11.8007   4.042555   4.042503   48.99989  -16.50074     5.5755     5.5755    35.5349    35.5340    162.544 0.0000e+00
   1238.901      29735    165.000    11.7940    11.7948   4.041881   4.041900   48.99989  -16.50073     5.5769     5.5769    35.5337    35.5332    163.535 0.0000e+00
   1239.863      29758    166.000    11.7909    11.7917   4.041541   4.041581   48.99989  -16.50073     5.5785     5.5785    35.5330    35.5326    164.526 0.0000e+00
   1240.884      29782    167.000    11.7885    11.7895   4.041299   4.041365   48.99989  -16.50073     5.5785     5.5785    35.5324    35.5321    165.516 0.0000e+00
   1241.913      29807    168.000    11.7865    11.7877   4.041102   4.041206   48.99989  -16.50073     5.5790     5.5790    35.5319    35.5318    166.507 0.0000e+00
   1242.909      29831    169.000    11.7853    11.7871   4.040995   4.041187   48.99989  -16.50073     5.5827     5.5827    35.5316    35.5317    167.498 0.0000e+00
   1243.871      29854    170.000    11.7845    11.7869   4.040946   4.041194   48.99989  -16.50073     5.5863     5.5863    35.5314    35.5316    168.489 0.0000e+00
   1244.802      29876    171.000    11.7838    11.7860   4.040908   4.041125   48.99989  -16.50073     5.5862     5.5862    35.5312    35.5313    169.479 0.0000e+00
   1245.693      29898    172.000    11.7831    11.7843   4.040860   4.040969   48.99989  -16.50073     5.5849     5.5849    35.5310    35.5309    170.470 0.0000e+00
   1246.540      29918    173.000    11.7815    11.7814   4.040708   4.040666   48.99989  -16.50073     5.5851     5.5851    35.5307    35.5303    171.461 0.0000e+00
   1247.371      29938    174.000    11.7783    11.7776   4.040396   4.040276   48.99989  -16.50073     5.5863     5.5863    35.5302    35.5296    172.451 0.0000e+00
   1248.255      29959    175.000    11.7747    11.7732   4.040021   4.039806   48.99989  -16.50073     5.5887     5.5887    35.5295    35.5288    173.442 0.0000e+00
   1249.292      29984    176.000    11.7680    11.7655   4.039296   4.038949   48.99989  -16.50073     5.5972     5.5972    35.5284    35.5273    174.433 0.0000e+00
   1250.509      30013    177.000    11.7587    11.7557   4.038287   4.037895   48.99989  -16.50073     5.6086     5.6086    35.5269    35.5258    175.423 0.0000e+00
   1251.716      30042    178.000    11.7491    11.7470   4.037255   4.036954   48.99989  -16.50073     5.6077     5.6077    35.5254    35.5245    176.414 0.0000e+00
   1252.761      30067    179.000    11.7413    11.7402   4.036410   4.036242   48.99989  -16.50073     5.6002     5.6002    35.5242    35.5235    177.405 0.0000e+00
   1253.681      30089    180.000    11.7347    11.7344   4.035714   4.035628   48.99989  -16.50073     5.6007     5.6007    35.5231    35.5226    178.395 0.0000e+00
   1254.548      30110    181.000    11.7292    11.7293   4.035114   4.035072   48.99989  -16.50073     5.6114     5.6114    35.5221    35.5216    179.386 0.0000e+00
   1255.402      30131    182.000    11.7240    11.7245   4.034564   4.034564   48.99989  -16.50073     5.6253     5.6253    35.5212    35.5207    180.377 0.0000e+00
   1256.264      30151    183.000    11.7202    11.7208   4.034162   4.034192   48.99989  -16.50073     5.6349     5.6349    35.5205    35.5202    181.367 0.0000e+00
   1257.139      30172    184.000    11.7179    11.7186   4.033947   4.033997   48.99989  -16.50073     5.6390     5.6390    35.5201    35.5199    182.358 0.0000e+00
   1258.032      30194    185.000    11.7165    11.7172   4.033825   4.033876   48.99989  -16.50073     5.6414     5.6414    35.5198    35.5196    183.349 0.0000e+00
   1258.956      30216    186.000    11.7147    11.7155   4.033668   4.033730   48.99989  -16.50073     5.6440     5.6440    35.5195    35.5193    184.339 0.0000e+00
   1259.934      30239    187.000    11.7124    11.7130   4.033446   4.033485   48.99989  -16.50073     5.6452     5.6452    35.5191    35.5189    185.330 0.0000e+00
   1260.993      30265    188.000    11.7096    11.7098   4.033175   4.033171   48.99989  -16.50073     5.6446     5.6446    35.5187    35.5184    186.321 0.0000e+00
   1262.144      30292    189.000    11.7059    11.7060   4.032794   4.032774   48.99989  -16.50073     5.6410     5.6410    35.5180    35.5177    187.311 0.0000e+00
   1263.338      30321    190.000    11.7011    11.7004   4.032296   4.032170   48.99989  -16.50073     5.6329     5.6329    35.5172    35.5167    188.302 0.0000e+00
   1264.460      30348    191.000    11.6957    11.6944   4.031729   4.031543   48.99989  -16.50073     5.6181     5.6181    35.5164    35.5158    189.292 0.0000e+00
   1265.463      30372    192.000    11.6906    11.6898   4.031194   4.031073   48.99989  -16.50073     5.5994     5.5994    35.5156    35.5151    190.283 0.0000e+00
   1266.369      30394    193.000    11.6868    11.6861   4.030804   4.030688   48.99989  -16.50073     5.5807     5.5807    35.5150    35.5145    191.273 0.0000e+00
   1267.211      30414    194.000    11.6833    11.6826   4.030456   4.030352   48.99989  -16.50073     5.5660     5.5660    35.5144    35.5140    192.264 0.0000e+00
