Data_example/SBE_Data_Processed/DY103/SeaBird/Data/Batch/DY103_CTD02cfaldb.cnv
* Sea-Bird SBE 9 Data File:
* FileName = C:\Users\sandm\Documents\Cruises\DY103\Data\CTD Raw Data\DY103_CTD02.hex
* Software Version Seasave V 7.26.7.121
* Temperature SN = 03P-4814
* Conductivity SN = 04C-2165
* Number of Bytes Per Scan = 41
* Number of Voltage Words = 4
* Number of Scans Averaged by the Deck Unit = 1
* NMEA Latitude = 49 00.00 N
* NMEA Longitude = 016 30.03 W
* NMEA UTC (Time) = Jun 24 2019  05:23:35
** Ship: RRS Discovery
** Cruise: DY103
** Cast: 02
** Station: 002
** Julian Day: 175
** Date: 24/06/19
** Time: 05:15
** Latitude: 49 0.01'N
** Longitude: 16 30.02'W
** Depth (uncorr m): 3616
** Principal Scientist: S Hartman
** Operator: J Wynar/T Powell
# nquan = 15
# nvalues = 4926                        
# units = specified
# name 0 = timeS: Time, Elapsed [seconds]
# name 1 = scan: Scan Count
# name 2 = prDM: Pressure, Digiquartz [db]
# name 3 = t090C: Temperature [ITS-90, deg C]
# name 4 = t190C: Temperature, 2 [ITS-90, deg C]
# name 5 = c0S/m: Conductivity [S/m]
# name 6 = c1S/m: Conductivity, 2 [S/m]
# name 7 = latitude: Latitude [deg]
# name 8 = longitude: Longitude [deg]
# name 9 = sbeox0ML/L: Oxygen, SBE 43 [ml/l]
# name 10 = sbeox0ML/L: Oxygen, SBE 43 [ml/l]
# name 11 = sal00: Salinity, Practical [PSU]
# name 12 = sal11: Salinity, Practical, 2 [PSU]
# name 13 = depSM: Depth [salt water, m], lat = 49
# name 14 = flag: flag
# span 0 =    177.140,   5446.380       
# span 1 =       4252,     130714       
# span 2 =      1.000,   4927.000       
# span 3 =     2.5341,    15.1640       
# span 4 =     2.5337,    15.1963       
# span 5 =   3.272841,   4.374238       
# span 6 =   2.751841,   4.326173       
# span 7 =   48.97372,   49.00011       
# span 8 =  -16.50046,  -16.49156       
# span 9 =     3.9203,     6.1849       
# span 10 =     3.9203,     6.1849      
# span 11 =    26.3686,    35.6788      
# span 12 =    21.4776,    35.5010      
# span 13 =      0.992,   4829.520      
# span 14 = 0.0000e+00, 0.0000e+00      
# interval = decibars: 1                
# start_time = Jun 24 2019 05:23:36 [System UTC, first data scan.]
# bad_flag = -9.990e-29
*END*
[from data line 2507]
   3081.624      73960   2509.000     3.1992     3.1990   3.285738   3.285954   49.00010  -16.50045     5.8424     5.8424    34.9418    34.9446   2472.941 0.0000e+00
   3082.786      73988   2510.000     3.1979     3.1980   3.285669   3.285910   49.00010  -16.50045     5.8395     5.8395    34.9419    34.9446   2473.920 0.0000e+00
   3083.753      74011   2511.000     3.1966     3.1969   3.285593   3.285845   49.00010  -16.50045     5.8402     5.8402    34.9419    34.9446   2474.900 0.0000e+00
   3084.649      74033   2512.000     3.1956     3.1960   3.285541   3.285805   49.00010  -16.50045     5.8400     5.8400    34.9419    34.9446   2475.880 0.0000e+00
   3085.543      74054   2513.000     3.1949     3.1953   3.285523   3.285792   49.00010  -16.50045     5.8416     5.8416    34.9419    34.9447   2476.860 0.0000e+00
   3086.463      74076   2514.000     3.1945     3.1950   3.285525   3.285798   49.00009  -16.50045     5.8438     5.8438    34.9419    34.9447   2477.840 0.0000e+00
   3087.405      74099   2515.000     3.1942     3.1947   3.285535   3.285808   49.00009  -16.50045     5.8429     5.8429    34.9419    34.9447   2478.820 0.0000e+00
   3088.344      74121   2516.000     3.1938     3.1942   3.285538   3.285808   49.00009  -16.50045     5.8394     5.8394    34.9419    34.9447   2479.800 0.0000e+00
   3089.261      74143   2517.000     3.1934     3.1939   3.285540   3.285814   49.00009  -16.50045     5.8375     5.8375    34.9419    34.9447   2480.779 0.0000e+00
   3090.152      74165   2518.000     3.1931     3.1936   3.285549   3.285829   49.00009  -16.50045     5.8371     5.8371    34.9419    34.9447   2481.759 0.0000e+00
   3091.026      74186   2519.000     3.1927     3.1932   3.285553   3.285834   49.00009  -16.50045     5.8356     5.8356    34.9419    34.9446   2482.739 0.0000e+00
   3091.904      74207   2520.000     3.1922     3.1927   3.285552   3.285830   49.00009  -16.50045     5.8322     5.8322    34.9419    34.9447   2483.719 0.0000e+00
   3092.818      74229   2521.000     3.1916     3.1921   3.285548   3.285823   49.00009  -16.50045     5.8303     5.8303    34.9420    34.9448   2484.699 0.0000e+00
   3093.809      74252   2522.000     3.1911     3.1915   3.285553   3.285831   49.00009  -16.50045     5.8283     5.8283    34.9422    34.9450   2485.679 0.0000e+00
   3094.894      74278   2523.000     3.1907     3.1912   3.285569   3.285846   49.00009  -16.50045     5.8284     5.8284    34.9423    34.9451   2486.658 0.0000e+00
   3096.006      74305   2524.000     3.1903     3.1907   3.285575   3.285851   49.00009  -16.50045     5.8293     5.8293    34.9424    34.9452   2487.638 0.0000e+00
   3097.034      74330   2525.000     3.1897     3.1901   3.285562   3.285836   49.00009  -16.50045     5.8283     5.8283    34.9424    34.9452   2488.618 0.0000e+00
   3097.956      74352   2526.000     3.1889     3.1894   3.285536   3.285813   49.00009  -16.50045     5.8292     5.8292    34.9424    34.9452   2489.598 0.0000e+00
   3098.807      74372   2527.000     3.1882     3.1887   3.285518   3.285795   49.00009  -16.50045     5.8290     5.8290    34.9425    34.9452   2490.578 0.0000e+00
   3099.631      74392   2528.000     3.1873     3.1879   3.285486   3.285762   49.00009  -16.50045     5.8269     5.8269    34.9426    34.9453   2491.558 0.0000e+00
   3100.477      74412   2529.000     3.1862     3.1868   3.285434   3.285712   49.00009  -16.50045     5.8262     5.8262    34.9426    34.9454   2492.537 0.0000e+00
   3101.403      74435   2530.000     3.1851     3.1856   3.285379   3.285647   49.00009  -16.50045     5.8281     5.8281    34.9427    34.9454   2493.517 0.0000e+00
   3102.446      74460   2531.000     3.1837     3.1841   3.285291   3.285556   49.00009  -16.50045     5.8314     5.8314    34.9427    34.9454   2494.497 0.0000e+00
   3103.508      74485   2532.000     3.1821     3.1827   3.285194   3.285471   49.00009  -16.50045     5.8331     5.8331    34.9427    34.9454   2495.477 0.0000e+00
   3104.470      74508   2533.000     3.1813     3.1819   3.285161   3.285441   49.00008  -16.50045     5.8343     5.8343    34.9427    34.9454   2496.456 0.0000e+00
   3105.368      74530   2534.000     3.1809     3.1814   3.285162   3.285438   49.00008  -16.50045     5.8345     5.8345    34.9427    34.9454   2497.436 0.0000e+00
   3106.292      74552   2535.000     3.1805     3.1809   3.285165   3.285434   49.00008  -16.50045     5.8305     5.8305    34.9427    34.9455   2498.416 0.0000e+00
   3107.348      74577   2536.000     3.1798     3.1799   3.285148   3.285397   49.00009  -16.50045     5.8271     5.8271    34.9428    34.9456   2499.396 0.0000e+00
   3108.521      74606   2537.000     3.1784     3.1785   3.285080   3.285325   49.00009  -16.50045     5.8280     5.8280    34.9430    34.9458   2500.375 0.0000e+00
   3109.562      74630   2538.000     3.1768     3.1772   3.284988   3.285249   49.00009  -16.50045     5.8254     5.8254    34.9431    34.9458   2501.355 0.0000e+00
   3110.418      74651   2539.000     3.1746     3.1750   3.284829   3.285081   49.00009  -16.50045     5.8233     5.8233    34.9431    34.9457   2502.335 0.0000e+00
   3111.185      74669   2540.000     3.1722     3.1726   3.284655   3.284910   49.00009  -16.50045     5.8228     5.8228    34.9431    34.9457   2503.315 0.0000e+00
   3111.928      74687   2541.000     3.1704     3.1710   3.284532   3.284803   49.00009  -16.50045     5.8227     5.8227    34.9431    34.9457   2504.294 0.0000e+00
   3112.710      74706   2542.000     3.1691     3.1697   3.284458   3.284733   49.00009  -16.50045     5.8216     5.8216    34.9431    34.9457   2505.274 0.0000e+00
   3113.632      74728   2543.000     3.1685     3.1689   3.284433   3.284700   49.00009  -16.50045     5.8221     5.8221    34.9430    34.9458   2506.254 0.0000e+00
   3114.821      74757   2544.000     3.1681     3.1683   3.284432   3.284683   49.00009  -16.50045     5.8219     5.8219    34.9430    34.9457   2507.234 0.0000e+00
   3116.099      74787   2545.000     3.1676     3.1679   3.284430   3.284690   49.00009  -16.50045     5.8179     5.8179    34.9430    34.9458   2508.213 0.0000e+00
   3117.128      74812   2546.000     3.1672     3.1677   3.284440   3.284723   49.00009  -16.50045     5.8134     5.8134    34.9430    34.9459   2509.193 0.0000e+00
   3117.999      74833   2547.000     3.1672     3.1678   3.284493   3.284795   49.00009  -16.50045     5.8089     5.8089    34.9433    34.9462   2510.173 0.0000e+00
   3118.810      74852   2548.000     3.1674     3.1682   3.284584   3.284895   49.00009  -16.50045     5.8051     5.8051    34.9436    34.9465   2511.152 0.0000e+00
   3119.617      74872   2549.000     3.1673     3.1680   3.284631   3.284936   49.00009  -16.50045     5.8017     5.8017    34.9439    34.9467   2512.132 0.0000e+00
   3120.461      74892   2550.000     3.1671     3.1677   3.284670   3.284962   49.00009  -16.50045     5.7985     5.7985    34.9441    34.9469   2513.112 0.0000e+00
   3121.379      74914   2551.000     3.1672     3.1678   3.284738   3.285031   49.00009  -16.50045     5.7966     5.7966    34.9443    34.9471   2514.092 0.0000e+00
   3122.396      74939   2552.000     3.1674     3.1680   3.284804   3.285098   49.00009  -16.50045     5.7966     5.7966    34.9444    34.9473   2515.071 0.0000e+00
   3123.493      74965   2553.000     3.1673     3.1678   3.284839   3.285122   49.00009  -16.50045     5.7967     5.7967    34.9445    34.9474   2516.051 0.0000e+00
   3124.599      74991   2554.000     3.1664     3.1668   3.284812   3.285081   49.00009  -16.50045     5.7964     5.7964    34.9446    34.9474   2517.031 0.0000e+00
   3125.656      75017   2555.000     3.1655     3.1659   3.284765   3.285039   49.00009  -16.50045     5.7949     5.7949    34.9446    34.9474   2518.010 0.0000e+00
   3126.661      75041   2556.000     3.1651     3.1656   3.284769   3.285051   49.00009  -16.50045     5.7930     5.7930    34.9446    34.9474   2518.990 0.0000e+00
   3127.623      75064   2557.000     3.1649     3.1654   3.284797   3.285084   49.00009  -16.50045     5.7930     5.7930    34.9447    34.9475   2519.970 0.0000e+00
   3128.538      75086   2558.000     3.1647     3.1653   3.284826   3.285116   49.00009  -16.50045     5.7905     5.7905    34.9448    34.9475   2520.949 0.0000e+00
   3129.396      75106   2559.000     3.1643     3.1649   3.284835   3.285126   49.00009  -16.50045     5.7890     5.7890    34.9448    34.9476   2521.929 0.0000e+00
   3130.203      75126   2560.000     3.1634     3.1640   3.284802   3.285092   49.00009  -16.50045     5.7877     5.7877    34.9450    34.9477   2522.909 0.0000e+00
   3130.990      75145   2561.000     3.1624     3.1630   3.284759   3.285047   49.00009  -16.50045     5.7863     5.7863    34.9450    34.9478   2523.888 0.0000e+00
   3131.802      75164   2562.000     3.1613     3.1619   3.284711   3.284993   49.00009  -16.50045     5.7870     5.7870    34.9451    34.9478   2524.868 0.0000e+00
   3132.728      75186   2563.000     3.1604     3.1609   3.284670   3.284947   49.00009  -16.50045     5.7864     5.7864    34.9451    34.9479   2525.848 0.0000e+00
   3133.901      75215   2564.000     3.1599     3.1601   3.284658   3.284921   49.00009  -16.50045     5.7828     5.7828    34.9451    34.9480   2526.827 0.0000e+00
   3135.216      75246   2565.000     3.1592     3.1594   3.284640   3.284899   49.00009  -16.50045     5.7806     5.7806    34.9451    34.9480   2527.807 0.0000e+00
   3136.290      75272   2566.000     3.1582     3.1586   3.284598   3.284875   49.00010  -16.50045     5.7808     5.7808    34.9452    34.9481   2528.786 0.0000e+00
   3137.161      75293   2567.000     3.1575     3.1579   3.284572   3.284852   49.00010  -16.50045     5.7827     5.7827    34.9452    34.9481   2529.766 0.0000e+00
   3137.945      75312   2568.000     3.1568     3.1573   3.284556   3.284831   49.00011  -16.50045     5.7820     5.7820    34.9452    34.9480   2530.746 0.0000e+00
   3138.695      75330   2569.000     3.1562     3.1566   3.284543   3.284811   49.00011  -16.50045     5.7790     5.7790    34.9453    34.9480   2531.725 0.0000e+00
   3139.454      75348   2570.000     3.1555     3.1558   3.284522   3.284775   49.00010  -16.50045     5.7767     5.7767    34.9453    34.9480   2532.705 0.0000e+00
   3140.261      75367   2571.000     3.1546     3.1548   3.284477   3.284728   49.00010  -16.50045     5.7759     5.7759    34.9453    34.9480   2533.685 0.0000e+00
   3141.175      75389   2572.000     3.1534     3.1536   3.284411   3.284661   49.00010  -16.50045     5.7745     5.7745    34.9453    34.9480   2534.664 0.0000e+00
   3142.274      75416   2573.000     3.1523     3.1524   3.284353   3.284601   49.00009  -16.50045     5.7754     5.7754    34.9453    34.9481   2535.644 0.0000e+00
   3143.531      75446   2574.000     3.1515     3.1516   3.284323   3.284571   49.00009  -16.50045     5.7764     5.7764    34.9453    34.9482   2536.623 0.0000e+00
   3144.663      75473   2575.000     3.1509     3.1510   3.284307   3.284561   49.00009  -16.50045     5.7738     5.7738    34.9453    34.9482   2537.603 0.0000e+00
   3145.584      75495   2576.000     3.1504     3.1507   3.284306   3.284574   49.00009  -16.50045     5.7742     5.7742    34.9453    34.9482   2538.583 0.0000e+00
   3146.399      75515   2577.000     3.1501     3.1506   3.284321   3.284601   49.00009  -16.50045     5.7769     5.7769    34.9454    34.9482   2539.562 0.0000e+00
   3147.180      75533   2578.000     3.1499     3.1505   3.284342   3.284632   49.00009  -16.50045     5.7785     5.7785    34.9454    34.9483   2540.542 0.0000e+00
   3147.987      75553   2579.000     3.1498     3.1503   3.284371   3.284661   49.00009  -16.50045     5.7787     5.7787    34.9454    34.9483   2541.521 0.0000e+00
   3148.889      75574   2580.000     3.1496     3.1502   3.284400   3.284688   49.00009  -16.50045     5.7762     5.7762    34.9454    34.9483   2542.501 0.0000e+00
   3149.941      75600   2581.000     3.1495     3.1500   3.284424   3.284712   49.00009  -16.50045     5.7730     5.7730    34.9455    34.9483   2543.480 0.0000e+00
   3151.097      75627   2582.000     3.1493     3.1497   3.284447   3.284728   49.00009  -16.50045     5.7736     5.7736    34.9455    34.9483   2544.460 0.0000e+00
   3152.196      75654   2583.000     3.1489     3.1493   3.284459   3.284739   49.00009  -16.50045     5.7723     5.7723    34.9455    34.9484   2545.439 0.0000e+00
   3153.180      75677   2584.000     3.1485     3.1490   3.284465   3.284748   49.00009  -16.50045     5.7695     5.7695    34.9456    34.9484   2546.419 0.0000e+00
   3154.083      75699   2585.000     3.1479     3.1484   3.284451   3.284729   49.00009  -16.50045     5.7686     5.7686    34.9456    34.9484   2547.399 0.0000e+00
   3154.938      75720   2586.000     3.1467     3.1472   3.284387   3.284654   49.00009  -16.50045     5.7692     5.7692    34.9456    34.9483   2548.378 0.0000e+00
   3155.774      75740   2587.000     3.1450     3.1454   3.284270   3.284524   49.00009  -16.50045     5.7708     5.7708    34.9455    34.9482   2549.357 0.0000e+00
   3156.615      75760   2588.000     3.1430     3.1433   3.284119   3.284369   49.00009  -16.50045     5.7717     5.7717    34.9454    34.9481   2550.337 0.0000e+00
   3157.480      75781   2589.000     3.1412     3.1415   3.283982   3.284242   49.00009  -16.50045     5.7720     5.7720    34.9453    34.9480   2551.317 0.0000e+00
   3158.370      75802   2590.000     3.1398     3.1402   3.283892   3.284161   49.00009  -16.50045     5.7734     5.7734    34.9452    34.9480   2552.296 0.0000e+00
   3159.275      75824   2591.000     3.1389     3.1392   3.283843   3.284117   49.00009  -16.50045     5.7748     5.7748    34.9451    34.9480   2553.276 0.0000e+00
   3160.198      75846   2592.000     3.1382     3.1385   3.283823   3.284085   49.00009  -16.50045     5.7751     5.7751    34.9451    34.9480   2554.255 0.0000e+00
   3161.200      75870   2593.000     3.1376     3.1376   3.283810   3.284044   49.00009  -16.50045     5.7743     5.7743    34.9451    34.9479   2555.235 0.0000e+00
   3162.465      75900   2594.000     3.1376     3.1369   3.283845   3.284015   49.00009  -16.50045     5.7695     5.7695    34.9451    34.9479   2556.214 0.0000e+00
   3163.936      75935   2595.000     3.1380     3.1365   3.283919   3.284019   49.00009  -16.50045     5.7640     5.7640    34.9451    34.9479   2557.194 0.0000e+00
   3164.997      75961   2596.000     3.1368     3.1363   3.283856   3.284057   49.00009  -16.50045     5.7622     5.7622    34.9451    34.9480   2558.173 0.0000e+00
   3165.779      75980   2597.000     3.1363     3.1365   3.283865   3.284126   49.00009  -16.50045     5.7617     5.7617    34.9453    34.9482   2559.153 0.0000e+00
   3166.467      75996   2598.000     3.1363     3.1367   3.283913   3.284196   49.00009  -16.50045     5.7628     5.7628    34.9455    34.9484   2560.132 0.0000e+00
   3167.132      76012   2599.000     3.1360     3.1366   3.283945   3.284238   49.00009  -16.50045     5.7640     5.7640    34.9456    34.9485   2561.112 0.0000e+00
   3167.834      76029   2600.000     3.1358     3.1364   3.283967   3.284267   49.00009  -16.50045     5.7632     5.7632    34.9457    34.9487   2562.091 0.0000e+00
   3168.680      76049   2601.000     3.1357     3.1362   3.283998   3.284301   49.00009  -16.50045     5.7604     5.7604    34.9457    34.9488   2563.071 0.0000e+00
   3169.919      76079   2602.000     3.1359     3.1361   3.284051   3.284343   49.00009  -16.50045     5.7583     5.7583    34.9457    34.9489   2564.050 0.0000e+00
   3171.326      76113   2603.000     3.1360     3.1360   3.284107   3.284387   49.00009  -16.50045     5.7552     5.7552    34.9457    34.9491   2565.030 0.0000e+00
