Data_example/SBE_Data_Processed/DY103/SeaBird/Data/Batch/DY103_CTD02cfaldb.cnv
* Sea-Bird SBE 9 Data File:
* FileName = C:\Users\sandm\Documents\Cruises\DY103\Data\CTD Raw Data\DY103_CTD02.hex
* Software Version Seasave V 7.26.7.121
* Temperature SN = 03P-4814
* Conductivity SN = 04C-2165
* Number of Bytes Per Scan = 41
* Number of Voltage Words = 4
* Number of Scans Averaged by the Deck Unit = 1
* NMEA Latitude = 49 00.00 N
* NMEA Longitude = 016 30.03 W
* NMEA UTC (Time) = Jun 24 2019  05:23:35
** Ship: RRS Discovery
** Cruise: DY103
** Cast: 02
** Station: 002
** Julian Day: 175
** Date: 24/06/19
** Time: 05:15
** Latitude: 49 0.01'N
** Longitude: 16 30.02'W
** Depth (uncorr m): 3616
** Principal Scientist: S Hartman
** Operator: J Wynar/T Powell
# nquan = 15
# nvalues = 4926                        
# units = specified
# name 0 = timeS: Time, Elapsed [seconds]
# name 1 = scan: Scan Count
# name 2 = prDM: Pressure, Digiquartz [db]
# name 3 = t090C: Temperature [ITS-90, deg C]
# name 4 = t190C: Temperature, 2 [ITS-90, deg C]
# name 5 = c0S/m: Conductivity [S/m]
# name 6 = c1S/m: Conductivity, 2 [S/m]
# name 7 = latitude: Latitude [deg]
# name 8 = longitude: Longitude [deg]
# name 9 = sbeox0ML/L: Oxygen, SBE 43 [ml/l]
# name 10 = sbeox0ML/L: Oxygen, SBE 43 [ml/l]
# name 11 = sal00: Salinity, Practical [PSU]
# name 12 = sal11: Salinity, Practical, 2 [PSU]
# name 13 = depSM: Depth [salt water, m], lat = 49
# name 14 = flag: flag
# span 0 =    177.140,   5446.380       
# span 1 =       4252,     130714       
# span 2 =      1.000,   4927.000       
# span 3 =     2.5341,    15.1640       
# span 4 =     2.5337,    15.1963       
# span 5 =   3.272841,   4.374238       
# span 6 =   2.751841,   4.326173       
# span 7 =   48.97372,   49.00011       
# span 8 =  -16.50046,  -16.49156       
# span 9 =     3.9203,     6.1849       
# span 10 =     3.9203,     6.1849      
# span 11 =    26.3686,    35.6788      
# span 12 =    21.4776,    35.5010      
# span 13 =      0.992,   4829.520      
# span 14 = 0.0000e+00, 0.0000e+00      
# interval = decibars: 1                
# start_time = Jun 24 2019 05:23:36 [System UTC, first data scan.]
# bad_flag = -9.990e-29
*END*
[from data line 2988]
   3538.081      84915   2990.000     2.8810     2.8813   3.275991   3.276289   49.00009  -16.50044     5.5260     5.5260    34.9426    34.9459   2943.748 0.0000e+00
   3538.990      84937   2991.000     2.8805     2.8807   3.275981   3.276274   49.00009  -16.50044     5.5284     5.5284    34.9426    34.9459   2944.726 0.0000e+00
   3539.878      84958   2992.000     2.8799     2.8802   3.275968   3.276260   49.00007  -16.50044     5.5308     5.5308    34.9426    34.9458   2945.704 0.0000e+00
   3540.770      84979   2993.000     2.8793     2.8795   3.275944   3.276234   49.00007  -16.50044     5.5317     5.5317    34.9425    34.9458   2946.682 0.0000e+00
   3541.738      85003   2994.000     2.8785     2.8787   3.275907   3.276193   49.00007  -16.50044     5.5299     5.5299    34.9425    34.9457   2947.659 0.0000e+00
   3542.900      85031   2995.000     2.8779     2.8778   3.275888   3.276152   49.00007  -16.50043     5.5262     5.5262    34.9424    34.9457   2948.637 0.0000e+00
   3544.211      85062   2996.000     2.8772     2.8770   3.275857   3.276114   49.00009  -16.50044     5.5249     5.5249    34.9424    34.9456   2949.615 0.0000e+00
   3545.299      85088   2997.000     2.8762     2.8763   3.275809   3.276089   49.00009  -16.50044     5.5277     5.5277    34.9424    34.9456   2950.592 0.0000e+00
   3546.148      85109   2998.000     2.8754     2.8757   3.275774   3.276070   49.00008  -16.50044     5.5291     5.5291    34.9423    34.9455   2951.570 0.0000e+00
   3546.889      85126   2999.000     2.8748     2.8753   3.275757   3.276063   49.00007  -16.50044     5.5305     5.5305    34.9423    34.9455   2952.548 0.0000e+00
   3547.590      85143   3000.000     2.8744     2.8749   3.275756   3.276065   49.00007  -16.50044     5.5309     5.5309    34.9423    34.9455   2953.525 0.0000e+00
   3548.305      85160   3001.000     2.8742     2.8746   3.275767   3.276071   49.00007  -16.50044     5.5291     5.5291    34.9422    34.9455   2954.503 0.0000e+00
   3549.106      85180   3002.000     2.8740     2.8743   3.275789   3.276080   49.00006  -16.50044     5.5276     5.5276    34.9422    34.9454   2955.481 0.0000e+00
   3550.147      85205   3003.000     2.8740     2.8739   3.275821   3.276082   49.00007  -16.50043     5.5286     5.5286    34.9421    34.9454   2956.458 0.0000e+00
   3551.534      85238   3004.000     2.8741     2.8735   3.275857   3.276083   49.00006  -16.50044     5.5299     5.5299    34.9420    34.9453   2957.436 0.0000e+00
   3552.768      85267   3005.000     2.8735     2.8732   3.275838   3.276091   49.00006  -16.50044     5.5308     5.5308    34.9420    34.9454   2958.414 0.0000e+00
   3553.686      85289   3006.000     2.8727     2.8727   3.275809   3.276087   49.00006  -16.50044     5.5319     5.5319    34.9420    34.9453   2959.392 0.0000e+00
   3554.484      85309   3007.000     2.8721     2.8722   3.275785   3.276072   49.00006  -16.50044     5.5309     5.5309    34.9420    34.9453   2960.369 0.0000e+00
   3555.251      85327   3008.000     2.8714     2.8715   3.275760   3.276045   49.00006  -16.50044     5.5283     5.5283    34.9420    34.9452   2961.347 0.0000e+00
   3556.053      85346   3009.000     2.8705     2.8706   3.275715   3.275995   49.00006  -16.50044     5.5253     5.5253    34.9419    34.9452   2962.324 0.0000e+00
   3556.953      85368   3010.000     2.8693     2.8692   3.275644   3.275914   49.00006  -16.50044     5.5233     5.5233    34.9419    34.9452   2963.302 0.0000e+00
   3557.972      85392   3011.000     2.8679     2.8679   3.275556   3.275825   49.00007  -16.50044     5.5241     5.5241    34.9419    34.9451   2964.280 0.0000e+00
   3559.011      85417   3012.000     2.8668     2.8669   3.275495   3.275776   49.00007  -16.50044     5.5231     5.5231    34.9418    34.9451   2965.257 0.0000e+00
   3559.977      85440   3013.000     2.8660     2.8662   3.275456   3.275751   49.00007  -16.50044     5.5203     5.5203    34.9418    34.9451   2966.235 0.0000e+00
   3560.888      85462   3014.000     2.8653     2.8656   3.275426   3.275726   49.00007  -16.50044     5.5206     5.5206    34.9417    34.9450   2967.213 0.0000e+00
   3561.797      85484   3015.000     2.8645     2.8649   3.275395   3.275695   49.00008  -16.50045     5.5217     5.5217    34.9417    34.9449   2968.190 0.0000e+00
   3562.754      85507   3016.000     2.8638     2.8642   3.275368   3.275672   49.00009  -16.50045     5.5197     5.5197    34.9417    34.9449   2969.168 0.0000e+00
   3563.772      85532   3017.000     2.8634     2.8637   3.275364   3.275671   49.00009  -16.50045     5.5188     5.5188    34.9416    34.9449   2970.146 0.0000e+00
   3564.793      85556   3018.000     2.8631     2.8634   3.275371   3.275676   49.00007  -16.50045     5.5185     5.5185    34.9416    34.9449   2971.123 0.0000e+00
   3565.753      85579   3019.000     2.8629     2.8631   3.275382   3.275682   49.00007  -16.50045     5.5174     5.5174    34.9415    34.9448   2972.101 0.0000e+00
   3566.662      85601   3020.000     2.8625     2.8628   3.275392   3.275695   49.00007  -16.50045     5.5159     5.5159    34.9416    34.9449   2973.078 0.0000e+00
   3567.571      85623   3021.000     2.8623     2.8625   3.275408   3.275713   49.00007  -16.50045     5.5143     5.5143    34.9416    34.9449   2974.056 0.0000e+00
   3568.545      85646   3022.000     2.8621     2.8623   3.275427   3.275731   49.00008  -16.50045     5.5101     5.5101    34.9416    34.9450   2975.034 0.0000e+00
   3569.628      85672   3023.000     2.8617     2.8619   3.275438   3.275738   49.00009  -16.50045     5.5063     5.5063    34.9416    34.9450   2976.011 0.0000e+00
   3570.714      85698   3024.000     2.8611     2.8613   3.275425   3.275718   49.00009  -16.50045     5.5041     5.5041    34.9416    34.9450   2976.989 0.0000e+00
   3571.642      85720   3025.000     2.8603     2.8604   3.275386   3.275670   49.00009  -16.50045     5.5028     5.5028    34.9416    34.9449   2977.966 0.0000e+00
   3572.434      85739   3026.000     2.8592     2.8594   3.275333   3.275616   49.00009  -16.50045     5.5010     5.5010    34.9416    34.9449   2978.944 0.0000e+00
   3573.159      85757   3027.000     2.8582     2.8584   3.275279   3.275564   49.00009  -16.50045     5.5009     5.5009    34.9417    34.9449   2979.922 0.0000e+00
   3573.875      85774   3028.000     2.8573     2.8575   3.275236   3.275523   49.00008  -16.50045     5.5014     5.5014    34.9417    34.9449   2980.899 0.0000e+00
   3574.651      85793   3029.000     2.8567     2.8568   3.275222   3.275502   49.00008  -16.50045     5.5005     5.5005    34.9417    34.9449   2981.877 0.0000e+00
   3575.638      85816   3030.000     2.8566     2.8563   3.275245   3.275493   49.00009  -16.50045     5.4993     5.4993    34.9416    34.9449   2982.854 0.0000e+00
   3577.094      85851   3031.000     2.8573     2.8560   3.275336   3.275503   49.00009  -16.50045     5.4963     5.4963    34.9415    34.9449   2983.832 0.0000e+00
   3578.468      85884   3032.000     2.8571     2.8558   3.275354   3.275528   49.00010  -16.50045     5.4952     5.4952    34.9415    34.9449   2984.810 0.0000e+00
   3579.391      85906   3033.000     2.8561     2.8557   3.275309   3.275556   49.00010  -16.50045     5.4962     5.4962    34.9416    34.9449   2985.787 0.0000e+00
   3580.149      85925   3034.000     2.8555     2.8555   3.275297   3.275575   49.00010  -16.50045     5.4949     5.4949    34.9416    34.9449   2986.765 0.0000e+00
   3580.853      85941   3035.000     2.8551     2.8553   3.275300   3.275590   49.00010  -16.50045     5.4927     5.4927    34.9416    34.9449   2987.742 0.0000e+00
   3581.557      85958   3036.000     2.8548     2.8550   3.275308   3.275604   49.00010  -16.50045     5.4931     5.4931    34.9416    34.9449   2988.720 0.0000e+00
   3582.319      85977   3037.000     2.8544     2.8546   3.275315   3.275610   49.00010  -16.50045     5.4949     5.4949    34.9416    34.9449   2989.697 0.0000e+00
   3583.230      85999   3038.000     2.8540     2.8542   3.275315   3.275604   49.00010  -16.50045     5.4941     5.4941    34.9416    34.9449   2990.675 0.0000e+00
   3584.407      86027   3039.000     2.8535     2.8536   3.275311   3.275590   49.00010  -16.50045     5.4915     5.4915    34.9416    34.9448   2991.652 0.0000e+00
   3585.705      86058   3040.000     2.8531     2.8531   3.275300   3.275578   49.00010  -16.50045     5.4932     5.4932    34.9415    34.9448   2992.630 0.0000e+00
   3586.816      86085   3041.000     2.8523     2.8523   3.275266   3.275547   49.00010  -16.50045     5.4935     5.4935    34.9414    34.9448   2993.607 0.0000e+00
   3587.766      86107   3042.000     2.8514     2.8515   3.275216   3.275507   49.00010  -16.50045     5.4902     5.4902    34.9414    34.9448   2994.585 0.0000e+00
   3588.624      86128   3043.000     2.8506     2.8508   3.275182   3.275482   49.00010  -16.50045     5.4855     5.4855    34.9414    34.9447   2995.562 0.0000e+00
   3589.432      86147   3044.000     2.8499     2.8502   3.275155   3.275459   49.00010  -16.50045     5.4849     5.4849    34.9414    34.9447   2996.540 0.0000e+00
   3590.219      86166   3045.000     2.8491     2.8494   3.275119   3.275423   49.00010  -16.50045     5.4861     5.4861    34.9414    34.9447   2997.517 0.0000e+00
   3591.012      86185   3046.000     2.8479     2.8483   3.275057   3.275361   49.00010  -16.50045     5.4867     5.4867    34.9414    34.9446   2998.495 0.0000e+00
   3591.849      86205   3047.000     2.8466     2.8468   3.274975   3.275266   49.00010  -16.50045     5.4876     5.4876    34.9413    34.9446   2999.472 0.0000e+00
   3592.787      86228   3048.000     2.8454     2.8455   3.274898   3.275179   49.00010  -16.50045     5.4882     5.4882    34.9412    34.9445   3000.450 0.0000e+00
   3593.898      86255   3049.000     2.8445     2.8446   3.274847   3.275133   49.00010  -16.50045     5.4899     5.4899    34.9412    34.9445   3001.427 0.0000e+00
   3595.104      86283   3050.000     2.8439     2.8440   3.274830   3.275120   49.00010  -16.50045     5.4901     5.4901    34.9411    34.9444   3002.405 0.0000e+00
   3596.179      86309   3051.000     2.8435     2.8437   3.274831   3.275127   49.00010  -16.50045     5.4883     5.4883    34.9411    34.9444   3003.382 0.0000e+00
   3597.109      86332   3052.000     2.8433     2.8435   3.274848   3.275145   49.00010  -16.50045     5.4893     5.4893    34.9410    34.9444   3004.360 0.0000e+00
   3597.982      86353   3053.000     2.8432     2.8434   3.274868   3.275168   49.00010  -16.50045     5.4885     5.4885    34.9410    34.9444   3005.337 0.0000e+00
   3598.866      86374   3054.000     2.8430     2.8433   3.274891   3.275196   49.00010  -16.50045     5.4884     5.4884    34.9410    34.9443   3006.315 0.0000e+00
   3599.811      86396   3055.000     2.8429     2.8431   3.274917   3.275221   49.00010  -16.50045     5.4899     5.4899    34.9410    34.9444   3007.292 0.0000e+00
   3600.809      86420   3056.000     2.8427     2.8428   3.274934   3.275231   49.00010  -16.50045     5.4909     5.4909    34.9410    34.9443   3008.270 0.0000e+00
   3601.780      86444   3057.000     2.8422     2.8424   3.274927   3.275221   49.00010  -16.50045     5.4901     5.4901    34.9409    34.9443   3009.247 0.0000e+00
   3602.673      86465   3058.000     2.8415     2.8417   3.274897   3.275197   49.00010  -16.50045     5.4880     5.4880    34.9409    34.9442   3010.225 0.0000e+00
   3603.508      86485   3059.000     2.8407     2.8410   3.274860   3.275170   49.00010  -16.50045     5.4866     5.4866    34.9409    34.9442   3011.202 0.0000e+00
   3604.333      86505   3060.000     2.8398     2.8402   3.274820   3.275132   49.00009  -16.50045     5.4869     5.4869    34.9408    34.9442   3012.179 0.0000e+00
   3605.207      86526   3061.000     2.8391     2.8394   3.274790   3.275102   49.00009  -16.50045     5.4892     5.4892    34.9408    34.9442   3013.157 0.0000e+00
   3606.214      86550   3062.000     2.8386     2.8388   3.274778   3.275083   49.00009  -16.50045     5.4911     5.4911    34.9408    34.9441   3014.134 0.0000e+00
   3607.418      86579   3063.000     2.8382     2.8383   3.274774   3.275072   49.00009  -16.50045     5.4916     5.4916    34.9407    34.9441   3015.112 0.0000e+00
   3608.628      86608   3064.000     2.8378     2.8380   3.274775   3.275082   49.00009  -16.50045     5.4905     5.4905    34.9406    34.9441   3016.089 0.0000e+00
   3609.645      86632   3065.000     2.8375     2.8378   3.274785   3.275105   49.00009  -16.50045     5.4882     5.4882    34.9406    34.9441   3017.067 0.0000e+00
   3610.525      86654   3066.000     2.8375     2.8378   3.274818   3.275138   49.00009  -16.50045     5.4866     5.4866    34.9406    34.9441   3018.044 0.0000e+00
   3611.334      86673   3067.000     2.8375     2.8378   3.274854   3.275178   49.00009  -16.50044     5.4854     5.4854    34.9406    34.9441   3019.021 0.0000e+00
   3612.114      86692   3068.000     2.8374     2.8379   3.274886   3.275214   49.00009  -16.50044     5.4856     5.4856    34.9406    34.9440   3019.999 0.0000e+00
   3612.895      86710   3069.000     2.8372     2.8377   3.274906   3.275236   49.00009  -16.50045     5.4873     5.4873    34.9406    34.9440   3020.976 0.0000e+00
   3613.706      86730   3070.000     2.8368     2.8373   3.274903   3.275233   49.00008  -16.50045     5.4886     5.4886    34.9406    34.9440   3021.954 0.0000e+00
   3614.586      86751   3071.000     2.8361     2.8366   3.274878   3.275205   49.00007  -16.50045     5.4874     5.4874    34.9405    34.9439   3022.931 0.0000e+00
   3615.597      86775   3072.000     2.8356     2.8360   3.274866   3.275189   49.00007  -16.50045     5.4829     5.4829    34.9405    34.9440   3023.908 0.0000e+00
   3616.784      86804   3073.000     2.8354     2.8356   3.274873   3.275194   49.00007  -16.50045     5.4824     5.4824    34.9404    34.9439   3024.886 0.0000e+00
   3617.960      86832   3074.000     2.8352     2.8354   3.274891   3.275210   49.00008  -16.50045     5.4869     5.4869    34.9404    34.9439   3025.863 0.0000e+00
   3618.940      86856   3075.000     2.8349     2.8351   3.274903   3.275220   49.00008  -16.50045     5.4868     5.4868    34.9404    34.9439   3026.840 0.0000e+00
   3619.794      86876   3076.000     2.8346     2.8349   3.274914   3.275235   49.00007  -16.50045     5.4850     5.4850    34.9403    34.9439   3027.818 0.0000e+00
   3620.596      86895   3077.000     2.8344     2.8347   3.274932   3.275252   49.00007  -16.50045     5.4841     5.4841    34.9403    34.9439   3028.795 0.0000e+00
   3621.402      86915   3078.000     2.8342     2.8345   3.274953   3.275271   49.00007  -16.50045     5.4857     5.4857    34.9404    34.9439   3029.773 0.0000e+00
   3622.266      86935   3079.000     2.8340     2.8343   3.274971   3.275287   49.00006  -16.50044     5.4868     5.4868    34.9403    34.9438   3030.750 0.0000e+00
   3623.220      86958   3080.000     2.8338     2.8340   3.274990   3.275306   49.00006  -16.50044     5.4855     5.4855    34.9403    34.9438   3031.727 0.0000e+00
   3624.240      86983   3081.000     2.8336     2.8338   3.275011   3.275323   49.00006  -16.50044     5.4846     5.4846    34.9403    34.9438   3032.705 0.0000e+00
   3625.257      87007   3082.000     2.8334     2.8336   3.275030   3.275336   49.00006  -16.50044     5.4841     5.4841    34.9403    34.9438   3033.682 0.0000e+00
   3626.226      87030   3083.000     2.8331     2.8334   3.275041   3.275349   49.00006  -16.50044     5.4822     5.4822    34.9403    34.9437   3034.660 0.0000e+00
   3627.140      87052   3084.000     2.8328     2.8330   3.275048   3.275351   49.00006  -16.50044     5.4803     5.4803    34.9403    34.9437   3035.637 0.0000e+00
   3628.015      87073   3085.000     2.8322     2.8324   3.275031   3.275328   49.00006  -16.50044     5.4804     5.4804    34.9403    34.9436   3036.614 0.0000e+00
