Data_example/SBE_Data_Processed/DY103/SeaBird/Data/Batch/DY103_CTD09c.cnv
* Sea-Bird SBE 9 Data File:
* FileName = C:\Users\sandm\Documents\Cruises\DY103\Data\CTD Raw Data\DY103_CTD09.hex
* Software Version Seasave V 7.26.7.121
* Temperature SN = 03P-4814
* Conductivity SN = 04C-2165
* Number of Bytes Per Scan = 41
* Number of Voltage Words = 4
* Number of Scans Averaged by the Deck Unit = 1
* NMEA Latitude = 48 57.69 N
* NMEA Longitude = 016 22.45 W
* NMEA UTC (Time) = Jul 03 2019  15:13:00
** Ship: RRS Discovery
** Cruise: DY103
** Cast: 09
** Station:
** Julian Day: 184
** Date: 03/07/19
** Time: 15:20
** Latitude: 48 57.69'N
** Longitude: 16 22.45'W
** Depth (uncorr m): 4811
** Principal Scientist: S Hartman
** Operator: J Wynar/T Powell
# nquan = 12
# nvalues = 12004                                 
# units = specified
# name 0 = timeS: Time, Elapsed [seconds]
# name 1 = scan: Scan Count
# name 2 = prDM: Pressure, Digiquartz [db]
# name 3 = t090C: Temperature [ITS-90, deg C]
# name 4 = t190C: Temperature, 2 [ITS-90, deg C]
# name 5 = c0S/m: Conductivity [S/m]
# name 6 = c1S/m: Conductivity, 2 [S/m]
# name 7 = latitude: Latitude [deg]
# name 8 = longitude: Longitude [deg]
# name 9 = sbeox0ML/L: Oxygen, SBE 43 [ml/l]
# name 10 = sbeox0ML/L: Oxygen, SBE 43 [ml/l]
# name 11 = flag:  0.000e+00
# span 0 =     12.500,    512.625                 
# span 1 =        301,      12304                 
# span 2 =      0.441,    102.861                 
# span 3 =    12.0559,    17.1965                 
# span 4 =    12.0529,    19.1691                 
# span 5 =   0.004120,   4.488774                 
# span 6 =   0.000637,   4.489949                 
# span 7 =   48.96148,   48.96150                 
# span 8 =  -16.37420,  -16.37416                 
# span 9 =     3.8072,     7.1350                 
# span 10 =     3.8072,     7.1350                
# span 11 = 0.0000e+00, 0.0000e+00                
# interval = seconds: 0.0416667
# start_time = Jul 03 2019 15:13:01 [System UTC, first data scan.]
# bad_flag = -9.990e-29
*END*
[from data line 361]
     27.542        662      0.799    16.7000    19.0192   0.005457   0.000661   48.96148  -16.37420     6.2714     6.2714  0.000e+00
     27.583        663      0.760    16.7003    19.0204   0.005469   0.000655   48.96148  -16.37420     6.2811     6.2811  0.000e+00
     27.625        664      0.799    16.7005    19.0215   0.005486   0.000670   48.96148  -16.37420     6.2870     6.2870  0.000e+00
     27.667        665      0.760    16.7012    19.0227   0.005500   0.000682   48.96148  -16.37420     6.2927     6.2927  0.000e+00
     27.708        666      0.720    16.7017    19.0237   0.005522   0.000661   48.96148  -16.37420     6.3027     6.3027  0.000e+00
     27.750        667      0.829    16.7020    19.0250   0.005548   0.000664   48.96148  -16.37420     6.3131     6.3131  0.000e+00
     27.792        668      0.720    16.7027    19.0260   0.005556   0.000664   48.96148  -16.37420     6.3197     6.3197  0.000e+00
     27.833        669      0.760    16.7028    19.0270   0.005570   0.000667   48.96148  -16.37420     6.3307     6.3307  0.000e+00
     27.875        670      0.651    16.7035    19.0281   0.005593   0.000673   48.96148  -16.37420     6.3376     6.3376  0.000e+00
     27.917        671      0.908    16.7042    19.0293   0.005610   0.000658   48.96148  -16.37420     6.3485     6.3485  0.000e+00
     27.958        672      0.760    16.7045    19.0299   0.005621   0.000670   48.96148  -16.37420     6.3596     6.3596  0.000e+00
     28.000        673      0.799    16.7049    19.0313   0.005627   0.000664   48.96148  -16.37420     6.3712     6.3712  0.000e+00
     28.042        674      0.760    16.7056    19.0322   0.005641   0.000661   48.96148  -16.37420     6.3827     6.3827  0.000e+00
     28.083        675      0.799    16.7059    19.0333   0.005653   0.000673   48.96148  -16.37420     6.3945     6.3945  0.000e+00
     28.125        676      0.760    16.7066    19.0343   0.005672   0.000670   48.96148  -16.37420     6.4103     6.4103  0.000e+00
     28.167        677      0.799    16.7074    19.0348   0.005698   0.000691   48.96148  -16.37420     6.4184     6.4184  0.000e+00
     28.208        678      0.690    16.7078    19.0357   0.005703   0.000670   48.96148  -16.37420     6.4342     6.4342  0.000e+00
     28.250        679      0.799    16.7086    19.0364   0.005720   0.000673   48.96150  -16.37416     6.4424     6.4424  0.000e+00
     28.292        680      0.760    16.7091    19.0371   0.005735   0.000670   48.96150  -16.37416     6.4581     6.4581  0.000e+00
     28.333        681      0.799    16.7098    19.0376   0.005740   0.000664   48.96150  -16.37416     6.4701     6.4701  0.000e+00
     28.375        682      0.760    16.7106    19.0379   0.005769   0.000673   48.96150  -16.37416     6.4821     6.4821  0.000e+00
     28.417        683      0.720    16.7111    19.0384   0.005802   0.000670   48.96148  -16.37420     6.4983     6.4983  0.000e+00
     28.458        684      0.829    16.7118    19.0389   0.005811   0.000670   48.96148  -16.37420     6.5103     6.5103  0.000e+00
     28.500        685      0.720    16.7125    19.0393   0.005825   0.000685   48.96148  -16.37420     6.5221     6.5221  0.000e+00
     28.542        686      0.760    16.7129    19.0395   0.005839   0.000673   48.96148  -16.37420     6.5340     6.5340  0.000e+00
     28.583        687      0.799    16.7135    19.0398   0.005859   0.000676   48.96148  -16.37420     6.5497     6.5497  0.000e+00
     28.625        688      0.760    16.7138    19.0400   0.005890   0.000664   48.96148  -16.37420     6.5615     6.5615  0.000e+00
     28.667        689      0.720    16.7147    19.0405   0.005893   0.000667   48.96148  -16.37420     6.5772     6.5772  0.000e+00
     28.708        690      0.760    16.7150    19.0406   0.005913   0.000679   48.96148  -16.37420     6.5930     6.5930  0.000e+00
     28.750        691      0.651    16.7154    19.0409   0.005930   0.000676   48.96148  -16.37420     6.6043     6.6043  0.000e+00
     28.792        692      0.908    16.7157    19.0409   0.005941   0.000670   48.96148  -16.37420     6.6200     6.6200  0.000e+00
     28.833        693      0.760    16.7160    19.0412   0.005961   0.000673   48.96148  -16.37420     6.6312     6.6312  0.000e+00
     28.875        694      0.799    16.7167    19.0416   0.005975   0.000682   48.96148  -16.37420     6.6463     6.6463  0.000e+00
     28.917        695      0.760    16.7168    19.0417   0.006001   0.000673   48.96148  -16.37420     6.6530     6.6530  0.000e+00
     28.958        696      0.720    16.7172    19.0419   0.006012   0.000679   48.96148  -16.37420     6.6674     6.6674  0.000e+00
     29.000        697      0.760    16.7174    19.0423   0.006009   0.000667   48.96148  -16.37420     6.6777     6.6777  0.000e+00
     29.042        698      0.799    16.7177    19.0425   0.006012   0.000673   48.96148  -16.37420     6.6916     6.6916  0.000e+00
     29.083        699      0.760    16.7179    19.0429   0.006023   0.000670   48.96148  -16.37420     6.7014     6.7014  0.000e+00
     29.125        700      0.799    16.7181    19.0431   0.006037   0.000679   48.96148  -16.37420     6.7148     6.7148  0.000e+00
     29.167        701      0.690    16.7184    19.0436   0.006037   0.000667   48.96148  -16.37420     6.7240     6.7240  0.000e+00
     29.208        702      0.799    16.7189    19.0437   0.006051   0.000679   48.96148  -16.37420     6.7328     6.7328  0.000e+00
     29.250        703      0.760    16.7191    19.0443   0.006071   0.000688   48.96150  -16.37416     6.7456     6.7456  0.000e+00
     29.292        704      0.720    16.7196    19.0445   0.006091   0.000685   48.96150  -16.37416     6.7539     6.7539  0.000e+00
     29.333        705      0.829    16.7201    19.0450   0.006114   0.000679   48.96150  -16.37416     6.7662     6.7662  0.000e+00
     29.375        706      0.720    16.7202    19.0456   0.006122   0.000670   48.96150  -16.37416     6.7700     6.7700  0.000e+00
     29.417        707      0.760    16.7201    19.0463   0.006134   0.000664   48.96148  -16.37420     6.7815     6.7815  0.000e+00
     29.458        708      0.799    16.7204    19.0467   0.006128   0.000691   48.96148  -16.37420     6.7887     6.7887  0.000e+00
     29.500        709      0.690    16.7203    19.0475   0.006134   0.000682   48.96148  -16.37420     6.7955     6.7955  0.000e+00
     29.542        710      0.799    16.7204    19.0480   0.006148   0.000676   48.96148  -16.37420     6.8019     6.8019  0.000e+00
     29.583        711      0.690    16.7206    19.0484   0.006145   0.000670   48.96148  -16.37420     6.8077     6.8077  0.000e+00
     29.625        712      0.799    16.7206    19.0492   0.006122   0.000664   48.96148  -16.37420     6.8137     6.8137  0.000e+00
     29.667        713      0.760    16.7209    19.0497   0.006122   0.000679   48.96148  -16.37420     6.8189     6.8189  0.000e+00
     29.708        714      0.760    16.7212    19.0505   0.006142   0.000685   48.96148  -16.37420     6.8237     6.8237  0.000e+00
     29.750        715      0.799    16.7211    19.0511   0.006167   0.000679   48.96148  -16.37420     6.8285     6.8285  0.000e+00
     29.792        716      0.760    16.7211    19.0517   0.006176   0.000670   48.96148  -16.37420     6.8330     6.8330  0.000e+00
     29.833        717      0.720    16.7206    19.0523   0.006162   0.000679   48.96148  -16.37420     6.8372     6.8372  0.000e+00
     29.875        718      0.760    16.7204    19.0527   0.006159   0.000679   48.96148  -16.37420     6.8412     6.8412  0.000e+00
     29.917        719      0.799    16.7202    19.0534   0.006148   0.000682   48.96148  -16.37420     6.8405     6.8405  0.000e+00
     29.958        720      0.691    16.7196    19.0535   0.006148   0.000673   48.96148  -16.37420     6.8434     6.8434  0.000e+00
     30.000        721      0.799    16.7192    19.0543   0.006159   0.000670   48.96148  -16.37420     6.8463     6.8463  0.000e+00
     30.042        722      0.760    16.7189    19.0544   0.006170   0.000673   48.96148  -16.37420     6.8489     6.8489  0.000e+00
     30.083        723      0.720    16.7183    19.0546   0.006176   0.000670   48.96148  -16.37420     6.8473     6.8473  0.000e+00
     30.125        724      0.760    16.7177    19.0548   0.006187   0.000679   48.96148  -16.37420     6.8453     6.8453  0.000e+00
     30.167        725      0.720    16.7169    19.0553   0.006187   0.000679   48.96148  -16.37420     6.8473     6.8473  0.000e+00
     30.208        726      0.829    16.7162    19.0556   0.006196   0.000676   48.96148  -16.37420     6.8489     6.8489  0.000e+00
     30.250        727      0.720    16.7150    19.0560   0.006199   0.000682   48.96150  -16.37416     6.8465     6.8465  0.000e+00
     30.292        728      0.760    16.7137    19.0560   0.006193   0.000685   48.96150  -16.37416     6.8475     6.8475  0.000e+00
     30.333        729      0.720    16.7125    19.0560   0.006207   0.000688   48.96150  -16.37416     6.8446     6.8446  0.000e+00
     30.375        730      0.760    16.7108    19.0556   0.006201   0.000679   48.96150  -16.37416     6.8415     6.8415  0.000e+00
     30.417        731      0.799    16.7089    19.0555   0.006199   0.000670   48.96148  -16.37420     6.8420     6.8420  0.000e+00
     30.458        732      0.691    16.7073    19.0553   0.006199   0.000685   48.96148  -16.37420     6.8386     6.8386  0.000e+00
     30.500        733      0.799    16.7054    19.0543   0.006187   0.000682   48.96148  -16.37420     6.8350     6.8350  0.000e+00
     30.542        734      0.760    16.7030    19.0532   0.006176   0.000694   48.96148  -16.37420     6.8352     6.8352  0.000e+00
     30.583        735      0.691    16.7010    19.0524   0.006165   0.000676   48.96148  -16.37420     6.8269     6.8269  0.000e+00
     30.625        736      0.799    16.6986    19.0515   0.006184   0.000676   48.96148  -16.37420     6.8268     6.8268  0.000e+00
     30.667        737      0.760    16.6963    19.0510   0.006210   0.000670   48.96148  -16.37420     6.8266     6.8266  0.000e+00
     30.708        738      0.720    16.6930    19.0508   0.006224   0.000679   48.96148  -16.37420     6.8187     6.8187  0.000e+00
     30.750        739      0.760    16.6905    19.0515   0.006252   0.000673   48.96148  -16.37420     6.8105     6.8105  0.000e+00
     30.792        740      0.799    16.6871    19.0520   0.006238   0.000679   48.96148  -16.37420     6.8141     6.8141  0.000e+00
     30.833        741      0.760    16.6838    19.0527   0.006201   0.000679   48.96148  -16.37420     6.8103     6.8103  0.000e+00
     30.875        742      0.720    16.6806    19.0532   0.006193   0.000676   48.96148  -16.37420     6.8063     6.8063  0.000e+00
     30.917        743      0.760    16.6770    19.0540   0.006207   0.000694   48.96148  -16.37420     6.8025     6.8025  0.000e+00
     30.958        744      0.720    16.6738    19.0544   0.006216   0.000676   48.96148  -16.37420     6.7898     6.7898  0.000e+00
     31.000        745      0.760    16.6706    19.0550   0.006224   0.000673   48.96148  -16.37420     6.7890     6.7890  0.000e+00
     31.042        746      0.720    16.6672    19.0556   0.006218   0.000688   48.96148  -16.37420     6.7885     6.7885  0.000e+00
     31.083        747      0.760    16.6640    19.0565   0.006227   0.000679   48.96148  -16.37420     6.7844     6.7844  0.000e+00
     31.125        748      0.720    16.6607    19.0570   0.006238   0.000676   48.96148  -16.37420     6.7802     6.7802  0.000e+00
     31.167        749      0.760    16.6578    19.0577   0.006241   0.000667   48.96148  -16.37420     6.7762     6.7762  0.000e+00
     31.208        750      0.799    16.6550    19.0582   0.006224   0.000679   48.96148  -16.37420     6.7640     6.7640  0.000e+00
     31.250        751      0.760    16.6519    19.0588   0.006201   0.000679   48.96150  -16.37416     6.7633     6.7633  0.000e+00
     31.292        752      0.720    16.6494    19.0595   0.006193   0.000676   48.96150  -16.37416     6.7633     6.7633  0.000e+00
     31.333        753      0.760    16.6468    19.0598   0.006201   0.000676   48.96150  -16.37416     6.7555     6.7555  0.000e+00
     31.375        754      0.720    16.6446    19.0606   0.006190   0.000676   48.96150  -16.37416     6.7517     6.7517  0.000e+00
     31.417        755      0.760    16.6424    19.0610   0.006201   0.000676   48.96148  -16.37420     6.7436     6.7436  0.000e+00
     31.458        756      0.760    16.6402    19.0615   0.006199   0.000685   48.96148  -16.37420     6.7396     6.7396  0.000e+00
     31.500        757      0.720    16.6382    19.0622   0.006193   0.000682   48.96148  -16.37420     6.7357     6.7357  0.000e+00
     31.542        758      0.760    16.6358    19.0625   0.006193   0.000676   48.96148  -16.37420     6.7320     6.7320  0.000e+00
     31.583        759      0.799    16.6335    19.0629   0.006201   0.000667   48.96148  -16.37420     6.7243     6.7243  0.000e+00
     31.625        760      0.691    16.6314    19.0633   0.006190   0.000679   48.96148  -16.37420     6.7204     6.7204  0.000e+00
     31.667        761      0.720    16.6290    19.0638   0.006167   0.000673   48.96148  -16.37420     6.7168     6.7168  0.000e+00
     31.708        762      0.760    16.6267    19.0641   0.006165   0.000676   48.96148  -16.37420     6.7134     6.7134  0.000e+00
     31.750        763      0.799    16.6243    19.0646   0.006179   0.000664   48.96148  -16.37420     6.7061     6.7061  0.000e+00
     31.792        764      0.691    16.6222    19.0645   0.006159   0.000673   48.96148  -16.37420     6.7026     6.7026  0.000e+00
     31.833        765      0.799    16.6202    19.0651   0.006159   0.000670   48.96148  -16.37420     6.6996     6.6996  0.000e+00
     31.875        766      0.760    16.6182    19.0654   0.006165   0.000673   48.96148  -16.37420     6.6926     6.6926  0.000e+00
     31.917        767      0.720    16.6160    19.0657   0.006159   0.000670   48.96148  -16.37420     6.6896     6.6896  0.000e+00
     31.958        768      0.760    16.6138    19.0662   0.006142   0.000670   48.96148  -16.37420     6.6826     6.6826  0.000e+00
     32.000        769      0.720    16.6122    19.0662   0.006139   0.000670   48.96148  -16.37420     6.6795     6.6795  0.000e+00
     32.042        770      0.760    16.6104    19.0666   0.006105   0.000670   48.96148  -16.37420     6.6727     6.6727  0.000e+00
     32.083        771      0.720    16.6087    19.0667   0.006111   0.000685   48.96148  -16.37420     6.6700     6.6700  0.000e+00
     32.125        772      0.760    16.6078    19.0672   0.006097   0.000664   48.96148  -16.37420     6.6630     6.6630  0.000e+00
     32.167        773      0.800    16.6066    19.0674   0.006091   0.000664   48.96148  -16.37420     6.6600     6.6600  0.000e+00
     32.208        774      0.691    16.6053    19.0674   0.006074   0.000661   48.96148  -16.37420     6.6531     6.6531  0.000e+00
     32.250        775      0.720    16.6047    19.0678   0.006054   0.000661   48.96150  -16.37416     6.6505     6.6505  0.000e+00
     32.292        776      0.760    16.6043    19.0679   0.006043   0.000667   48.96150  -16.37416     6.6437     6.6437  0.000e+00
     32.333        777      0.760    16.6038    19.0681   0.006032   0.000658   48.96150  -16.37416     6.6412     6.6412  0.000e+00
     32.375        778      0.800    16.6035    19.0682   0.006012   0.000664   48.96150  -16.37416     6.6347     6.6347  0.000e+00
     32.417        779      0.691    16.6034    19.0686   0.006012   0.000661   48.96148  -16.37420     6.6277     6.6277  0.000e+00
     32.458        780      0.800    16.6031    19.0686   0.005998   0.000661   48.96148  -16.37420     6.6253     6.6253  0.000e+00
     32.500        781      0.691    16.6032    19.0690   0.005989   0.000679   48.96148  -16.37420     6.6186     6.6186  0.000e+00
