Data_example/SBE_Data_Processed/DY103/SeaBird/Data/Batch/DY103_CTD03cfaldb.cnv
* Sea-Bird SBE 9 Data File:
* FileName = C:\Users\sandm\Documents\Cruises\DY103\Data\CTD Raw Data\DY103_CTD03.hex
* Software Version Seasave V 7.26.7.121
* Temperature SN = 03P-4814
* Conductivity SN = 04C-2165
* Number of Bytes Per Scan = 41
* Number of Voltage Words = 4
* Number of Scans Averaged by the Deck Unit = 1
* NMEA Latitude = 48 58.31 N
* NMEA Longitude = 016 22.36 W
* NMEA UTC (Time) = Jun 25 2019  14:52:32
** Ship: RRS Discovery
** Cruise: DY103
** Cast: 03
** Station: 005
** Julian Day: 176
** Date: 25/06/19
** Time: 14:55
** Latitude: 49 58.31'N
** Longitude: 16 22.35'W
** Depth (uncorr m): 4810
** Principal Scientist: S Hartman
** Operator: J Wynar/T Powell
# nquan = 15
# nvalues = 203                         
# units = specified
# name 0 = timeS: Time, Elapsed [seconds]
# name 1 = scan: Scan Count
# name 2 = prDM: Pressure, Digiquartz [db]
# name 3 = t090C: Temperature [ITS-90, deg C]
# name 4 = t190C: Temperature, 2 [ITS-90, deg C]
# name 5 = c0S/m: Conductivity [S/m]
# name 6 = c1S/m: Conductivity, 2 [S/m]
# name 7 = latitude: Latitude [deg]
# name 8 = longitude: Longitude [deg]
# name 9 = sbeox0ML/L: Oxygen, SBE 43 [ml/l]
# name 10 = sbeox0ML/L: Oxygen, SBE 43 [ml/l]
# name 11 = sal00: Salinity, Practical [PSU]
# name 12 = sal11: Salinity, Practical, 2 [PSU]
# name 13 = depSM: Depth [salt water, m], lat = 48.9718
# name 14 = flag: flag
# span 0 =    350.304,   1743.512       
# span 1 =       8408,      41845       
# span 2 =      1.000,    203.000       
# span 3 =    11.5648,    15.3387       
# span 4 =    11.5647,    15.3553       
# span 5 =   3.723647,   4.373228       
# span 6 =   4.004081,   4.375770       
# span 7 =   48.97181,   48.97182       
# span 8 =  -16.37261,  -16.37259       
# span 9 =     4.0289,     6.1911       
# span 10 =     4.0289,     6.1911      
# span 11 =    29.6441,    35.5347      
# span 12 =    32.1263,    35.5352      
# span 13 =      0.991,    201.180      
# span 14 = 0.0000e+00, 0.0000e+00      
# interval = decibars: 1                
# start_time = Jun 25 2019 14:52:32 [System UTC, first data scan.]
# bad_flag = -9.990e-29
*END*
    350.304       8408      1.000    15.2877    15.3166   3.723647   4.004081   48.97181  -16.37261     5.3775     5.3775    29.6441    32.1263      0.991 0.0000e+00
    352.684       8465      2.000    15.3136    15.3332   4.228086   4.265414   48.97181  -16.37261     4.8329     4.8329    34.1467    34.4647      1.983 0.0000e+00
    355.388       8530      3.000    15.3194    15.3553   4.359198   4.316535   48.97181  -16.37261     4.4659     4.4659    35.3252    34.9064      2.975 0.0000e+00
    357.805       8588      4.000    15.3224    15.3496   4.369288   4.320077   48.97181  -16.37261     4.3407     4.3407    35.4136    34.9432      3.966 0.0000e+00
    360.143       8644      5.000    15.3263    15.3318   4.370992   4.348489   48.97181  -16.37261     4.1796     4.1796    35.4251    35.2161      4.958 0.0000e+00
    362.752       8707      6.000    15.3387    15.3231   4.368763   4.368316   48.97181  -16.37261     4.0289     4.0289    35.3933    35.4033      5.949 0.0000e+00
    393.254       9439      7.000    15.3206    15.3252   4.372388   4.375770   48.97181  -16.37261     4.2399     4.2399    35.4421    35.4686      6.941 0.0000e+00
    652.256      15655      8.000    15.3256    15.3281   4.372393   4.372626   48.97181  -16.37261     6.0304     6.0304    35.4373    35.4370      7.932 0.0000e+00
    637.892      15310      9.000    15.3234    15.3264   4.372181   4.372599   48.97181  -16.37261     5.9071     5.9071    35.4369    35.4379      8.923 0.0000e+00
    641.636      15400     10.000    15.3198    15.3238   4.371871   4.372381   48.97181  -16.37261     5.9032     5.9032    35.4369    35.4379      9.915 0.0000e+00
    644.599      15471     11.000    15.3216    15.3185   4.372090   4.371892   48.97181  -16.37261     5.9032     5.9032    35.4368    35.4379     10.906 0.0000e+00
    647.706      15546     12.000    15.3292    15.3240   4.372906   4.372498   48.97181  -16.37261     5.8925     5.8925    35.4370    35.4380     11.898 0.0000e+00
    650.999      15625     13.000    15.3305    15.3297   4.373081   4.373107   48.97181  -16.37260     5.8926     5.8926    35.4370    35.4379     12.889 0.0000e+00
    655.221      15726     14.000    15.3303    15.3306   4.373113   4.373249   48.97182  -16.37260     5.8869     5.8869    35.4371    35.4381     13.881 0.0000e+00
    658.360      15802     15.000    15.3307    15.3309   4.373207   4.373346   48.97182  -16.37259     5.8831     5.8831    35.4371    35.4382     14.872 0.0000e+00
    662.088      15891     16.000    15.3305    15.3309   4.373228   4.373390   48.97182  -16.37259     5.8929     5.8929    35.4371    35.4382     15.864 0.0000e+00
    664.667      15953     17.000    15.3292    15.3279   4.373149   4.373137   48.97182  -16.37259     5.9061     5.9061    35.4371    35.4382     16.855 0.0000e+00
    668.202      16038     18.000    15.3127    15.3206   4.371564   4.372449   48.97182  -16.37259     5.9208     5.9208    35.4373    35.4381     17.847 0.0000e+00
    671.877      16126     19.000    15.2772    15.3021   4.368105   4.370601   48.97182  -16.37259     5.9318     5.9318    35.4376    35.4377     18.838 0.0000e+00
    674.677      16193     20.000    15.2566    15.2782   4.366144   4.368313   48.97182  -16.37259     5.9422     5.9422    35.4380    35.4381     19.829 0.0000e+00
    678.045      16274     21.000    15.2338    15.2475   4.363957   4.365233   48.97182  -16.37259     5.9723     5.9723    35.4384    35.4375     20.821 0.0000e+00
    680.450      16332     22.000    15.2095    15.2085   4.361667   4.361590   48.97182  -16.37259     6.0287     6.0287    35.4391    35.4393     21.812 0.0000e+00
    683.752      16411     23.000    15.1001    15.1677   4.351305   4.357622   48.97182  -16.37259     6.1340     6.1340    35.4435    35.4398     22.804 0.0000e+00
    686.806      16484     24.000    14.9044    14.9934   4.332740   4.341227   48.97182  -16.37259     6.1911     6.1911    35.4512    35.4479     23.795 0.0000e+00
    689.589      16551     25.000    14.7082    14.7855   4.313949   4.321043   48.97182  -16.37259     6.1663     6.1663    35.4573    35.4519     24.786 0.0000e+00
    692.213      16614     26.000    14.6542    14.6708   4.308628   4.310188   48.97182  -16.37259     6.1587     6.1587    35.4572    35.4564     25.778 0.0000e+00
    694.771      16676     27.000    14.6432    14.6437   4.307480   4.307642   48.97182  -16.37259     6.1467     6.1467    35.4563    35.4573     26.769 0.0000e+00
    697.478      16740     28.000    14.6291    14.6529   4.306134   4.308380   48.97182  -16.37259     6.1493     6.1493    35.4564    35.4552     27.761 0.0000e+00
    699.475      16788     29.000    14.6202    14.6237   4.305318   4.305694   48.97182  -16.37259     6.1393     6.1393    35.4565    35.4568     28.752 0.0000e+00
    702.929      16871     30.000    14.6059    14.6214   4.304006   4.305499   48.97182  -16.37261     6.1165     6.1165    35.4571    35.4566     29.743 0.0000e+00
    705.838      16941     31.000    14.5768    14.5893   4.301331   4.302411   48.97182  -16.37261     6.1068     6.1068    35.4586    35.4572     30.735 0.0000e+00
    708.031      16994     32.000    14.5615    14.5428   4.299905   4.298262   48.97182  -16.37261     6.0761     6.0761    35.4590    35.4610     31.726 0.0000e+00
    711.151      17069     33.000    14.5120    14.5273   4.295422   4.296728   48.97182  -16.37261     6.0474     6.0474    35.4626    35.4606     32.718 0.0000e+00
    713.118      17116     34.000    14.4429    14.4541   4.289143   4.289921   48.97182  -16.37261     6.0528     6.0528    35.4674    35.4643     33.709 0.0000e+00
    715.244      17167     35.000    14.4301    14.3966   4.287918   4.284963   48.97182  -16.37261     6.0251     6.0251    35.4673    35.4707     34.700 0.0000e+00
    718.875      17254     36.000    14.3553    14.3991   4.281205   4.285000   48.97182  -16.37261     6.0024     6.0024    35.4734    35.4684     35.692 0.0000e+00
    721.710      17322     37.000    14.2934    14.2951   4.275456   4.275769   48.97182  -16.37261     5.9824     5.9824    35.4765    35.4779     36.683 0.0000e+00
    724.729      17394     38.000    14.2321    14.2607   4.269856   4.272370   48.97182  -16.37261     5.9832     5.9832    35.4805    35.4775     37.674 0.0000e+00
    726.997      17449     39.000    14.2020    14.2088   4.267086   4.267622   48.97182  -16.37261     5.9719     5.9719    35.4820    35.4807     38.666 0.0000e+00
    729.392      17506     40.000    14.1820    14.1698   4.265270   4.264129   48.97182  -16.37261     5.9446     5.9446    35.4831    35.4837     39.657 0.0000e+00
    732.035      17570     41.000    14.0799    14.0970   4.256054   4.257196   48.97182  -16.37261     5.9290     5.9290    35.4909    35.4858     40.648 0.0000e+00
    734.573      17631     42.000    13.9325    13.9252   4.242809   4.241681   48.97182  -16.37261     5.8777     5.8777    35.5028    35.4991     41.640 0.0000e+00
    737.591      17703     43.000    13.5861    13.7463   4.210457   4.224780   48.97182  -16.37261     5.8465     5.8465    35.5197    35.5058     42.631 0.0000e+00
    739.935      17759     44.000    13.3040    13.3798   4.183392   4.189430   48.97182  -16.37261     5.8375     5.8375    35.5262    35.5126     43.622 0.0000e+00
    742.022      17810     45.000    13.1439    13.1563   4.168021   4.168374   48.97182  -16.37261     5.8142     5.8142    35.5293    35.5211     44.614 0.0000e+00
    744.063      17859     46.000    12.9762    12.9752   4.151736   4.150731   48.97182  -16.37261     5.7801     5.7801    35.5308    35.5221     45.605 0.0000e+00
    746.072      17907     47.000    12.7653    12.7555   4.131473   4.129395   48.97182  -16.37261     5.7706     5.7706    35.5344    35.5237     46.596 0.0000e+00
    748.169      17957     48.000    12.5890    12.5748   4.114226   4.112135   48.97182  -16.37261     5.7939     5.7939    35.5342    35.5275     47.587 0.0000e+00
    750.472      18012     49.000    12.5940    12.5082   4.114096   4.105902   48.97182  -16.37261     5.7718     5.7718    35.5278    35.5298     48.579 0.0000e+00
    753.485      18085     50.000    12.6003    12.5340   4.114522   4.108159   48.97182  -16.37261     5.7577     5.7577    35.5255    35.5267     49.570 0.0000e+00
    755.780      18140     51.000    12.4798    12.4915   4.103155   4.103834   48.97182  -16.37261     5.7418     5.7418    35.5292    35.5247     50.561 0.0000e+00
    758.117      18196     52.000    12.4579    12.4365   4.101009   4.098829   48.97182  -16.37261     5.7280     5.7280    35.5287    35.5279     51.553 0.0000e+00
    760.134      18244     53.000    12.3991    12.3870   4.095462   4.094043   48.97182  -16.37261     5.7305     5.7305    35.5303    35.5280     52.544 0.0000e+00
    761.993      18289     54.000    12.3680    12.3371   4.092468   4.089552   48.97182  -16.37261     5.7164     5.7164    35.5303    35.5312     53.535 0.0000e+00
    764.504      18349     55.000    12.3479    12.3105   4.090514   4.087071   48.97182  -16.37261     5.7057     5.7057    35.5299    35.5320     54.526 0.0000e+00
    766.399      18395     56.000    12.2924    12.2895   4.085162   4.084705   48.97182  -16.37261     5.7076     5.7076    35.5302    35.5284     55.518 0.0000e+00
    768.092      18435     57.000    12.2741    12.2730   4.083233   4.082943   48.97182  -16.37261     5.7155     5.7155    35.5283    35.5265     56.509 0.0000e+00
    770.074      18483     58.000    12.2570    12.2543   4.081355   4.080857   48.97182  -16.37260     5.7193     5.7193    35.5259    35.5236     57.500 0.0000e+00
    771.960      18528     59.000    12.2344    12.2339   4.078857   4.078641   48.97182  -16.37260     5.7184     5.7184    35.5226    35.5210     58.491 0.0000e+00
    773.487      18565     60.000    12.2076    12.2071   4.076022   4.075779   48.97182  -16.37260     5.7098     5.7098    35.5200    35.5181     59.483 0.0000e+00
    774.948      18600     61.000    12.1823    12.1810   4.073403   4.073139   48.97182  -16.37260     5.6913     5.6913    35.5181    35.5167     60.474 0.0000e+00
    776.459      18636     62.000    12.1667    12.1656   4.071962   4.071781   48.97182  -16.37261     5.6872     5.6872    35.5184    35.5177     61.465 0.0000e+00
    777.916      18671     63.000    12.1523    12.1513   4.070856   4.070633   48.97182  -16.37260     5.6915     5.6915    35.5209    35.5197     62.456 0.0000e+00
    779.354      18705     64.000    12.1299    12.1255   4.068731   4.068072   48.97182  -16.37259     5.6920     5.6920    35.5211    35.5188     63.447 0.0000e+00
    781.075      18747     65.000    12.1068    12.0925   4.066386   4.064681   48.97182  -16.37259     5.6887     5.6887    35.5197    35.5167     64.439 0.0000e+00
    782.966      18792     66.000    12.0783    12.0654   4.063391   4.061926   48.97182  -16.37259     5.6873     5.6873    35.5172    35.5151     65.430 0.0000e+00
    784.568      18831     67.000    12.0453    12.0426   4.060124   4.059660   48.97182  -16.37259     5.6891     5.6891    35.5162    35.5143     66.421 0.0000e+00
    786.112      18868     68.000    12.0190    12.0167   4.057419   4.056978   48.97182  -16.37259     5.6892     5.6892    35.5144    35.5122     67.412 0.0000e+00
    787.814      18909     69.000    11.9898    11.9876   4.054316   4.053922   48.97182  -16.37259     5.6838     5.6838    35.5114    35.5097     68.403 0.0000e+00
    789.644      18952     70.000    11.9728    11.9723   4.052550   4.052421   48.97182  -16.37259     5.6769     5.6769    35.5099    35.5091     69.395 0.0000e+00
    791.424      18995     71.000    11.9681    11.9686   4.052190   4.052188   48.97182  -16.37259     5.6736     5.6736    35.5104    35.5099     70.386 0.0000e+00
    792.905      19031     72.000    11.9644    11.9651   4.051975   4.051982   48.97182  -16.37259     5.6757     5.6757    35.5114    35.5108     71.377 0.0000e+00
    794.257      19063     73.000    11.9535    11.9538   4.050951   4.050888   48.97182  -16.37259     5.6765     5.6765    35.5113    35.5104     72.368 0.0000e+00
    795.818      19101     74.000    11.9435    11.9436   4.050036   4.049963   48.97182  -16.37259     5.6756     5.6756    35.5114    35.5106     73.359 0.0000e+00
    797.668      19145     75.000    11.9378    11.9379   4.049495   4.049443   48.97182  -16.37259     5.6761     5.6761    35.5112    35.5105     74.351 0.0000e+00
    799.380      19186     76.000    11.9320    11.9324   4.048960   4.048946   48.97182  -16.37259     5.6721     5.6721    35.5110    35.5105     75.342 0.0000e+00
    801.046      19226     77.000    11.9267    11.9271   4.048494   4.048505   48.97182  -16.37259     5.6723     5.6723    35.5110    35.5107     76.333 0.0000e+00
    802.946      19272     78.000    11.9217    11.9216   4.048053   4.048009   48.97182  -16.37259     5.6737     5.6737    35.5110    35.5107     77.324 0.0000e+00
    804.829      19317     79.000    11.9123    11.9142   4.047094   4.047230   48.97182  -16.37259     5.6768     5.6768    35.5101    35.5097     78.315 0.0000e+00
    806.383      19354     80.000    11.9025    11.9027   4.046033   4.045955   48.97182  -16.37259     5.6808     5.6808    35.5086    35.5077     79.306 0.0000e+00
    807.854      19389     81.000    11.8935    11.8936   4.045025   4.044979   48.97182  -16.37259     5.6814     5.6814    35.5069    35.5063     80.297 0.0000e+00
    809.441      19428     82.000    11.8869    11.8872   4.044293   4.044280   48.97182  -16.37259     5.6769     5.6769    35.5056    35.5051     81.288 0.0000e+00
    811.110      19468     83.000    11.8797    11.8790   4.043543   4.043403   48.97182  -16.37259     5.6715     5.6715    35.5047    35.5040     82.280 0.0000e+00
    812.762      19507     84.000    11.8704    11.8699   4.042650   4.042528   48.97182  -16.37259     5.6721     5.6721    35.5043    35.5037     83.271 0.0000e+00
    814.357      19546     85.000    11.8596    11.8592   4.041751   4.041633   48.97182  -16.37259     5.6792     5.6792    35.5054    35.5046     84.262 0.0000e+00
    815.992      19585     86.000    11.8440    11.8441   4.040292   4.040255   48.97182  -16.37259     5.6771     5.6771    35.5056    35.5050     85.253 0.0000e+00
    817.743      19627     87.000    11.8383    11.8385   4.039797   4.039848   48.97182  -16.37259     5.6706     5.6706    35.5057    35.5059     86.244 0.0000e+00
    819.741      19675     88.000    11.8438    11.8422   4.040465   4.040482   48.97182  -16.37259     5.6713     5.6713    35.5065    35.5082     87.235 0.0000e+00
    821.587      19719     89.000    11.8453    11.8452   4.040945   4.040993   48.97182  -16.37259     5.6740     5.6740    35.5093    35.5099     88.226 0.0000e+00
    823.052      19754     90.000    11.8431    11.8430   4.040884   4.040863   48.97182  -16.37259     5.6783     5.6783    35.5104    35.5103     89.217 0.0000e+00
    824.646      19793     91.000    11.8366    11.8345   4.040250   4.040024   48.97182  -16.37259     5.6745     5.6745    35.5099    35.5097     90.208 0.0000e+00
    826.526      19838     92.000    11.8356    11.8310   4.040181   4.039745   48.97182  -16.37259     5.6709     5.6709    35.5097    35.5099     91.200 0.0000e+00
    828.049      19874     93.000    11.8327    11.8315   4.039991   4.039864   48.97182  -16.37259     5.6714     5.6714    35.5103    35.5101     92.191 0.0000e+00
    829.440      19908     94.000    11.8325    11.8321   4.040033   4.039973   48.97182  -16.37259     5.6710     5.6710    35.5104    35.5102     93.182 0.0000e+00
    831.191      19950     95.000    11.8336    11.8331   4.040199   4.040140   48.97182  -16.37259     5.6681     5.6681    35.5105    35.5105     94.173 0.0000e+00
    833.114      19996     96.000    11.8366    11.8371   4.040667   4.040753   48.97182  -16.37259     5.6682     5.6682    35.5118    35.5122     95.164 0.0000e+00
