Data_example/SBE_Data_Processed/DY103/SeaBird/Data/Batch/DY103_CTD04c.cnv
* Sea-Bird SBE 9 Data File:
* FileName = C:\Users\sandm\Documents\Cruises\DY103\Data\CTD Raw Data\DY103_CTD04.hex
* Software Version Seasave V 7.26.7.121
* Temperature SN = 03P-4814
* Conductivity SN = 04C-2165
* Number of Bytes Per Scan = 41
* Number of Voltage Words = 4
* Number of Scans Averaged by the Deck Unit = 1
* NMEA Latitude = 48 56.57 N
* NMEA Longitude = 016 29.17 W
* NMEA UTC (Time) = Jun 29 2019  16:14:22
** Ship: RRS Discovery
** Cruise: DY103
** Cast: 04
** Station:
** Julian Day: 180
** Date: 29/06/19
** Time: 16:15
** Latitude: 48 56.57'N
** Longitude: 16 29.18'W
** Depth (uncorr m): 4809
** Principal Scientist: S Hartman
** Operator: J Wynar/T Powell
# nquan = 12
# nvalues = 28823                                 
# units = specified
# name 0 = timeS: Time, Elapsed [seconds]
# name 1 = scan: Scan Count
# name 2 = prDM: Pressure, Digiquartz [db]
# name 3 = t090C: Temperature [ITS-90, deg C]
# name 4 = t190C: Temperature, 2 [ITS-90, deg C]
# name 5 = c0S/m: Conductivity [S/m]
# name 6 = c1S/m: Conductivity, 2 [S/m]
# name 7 = latitude: Latitude [deg]
# name 8 = longitude: Longitude [deg]
# name 9 = sbeox0ML/L: Oxygen, SBE 43 [ml/l]
# name 10 = sbeox0ML/L: Oxygen, SBE 43 [ml/l]
# name 11 = flag:  0.000e+00
# span 0 =     12.500,   1213.417                 
# span 1 =        301,      29123                 
# span 2 =      0.297,    105.552                 
# span 3 =    11.6005,    17.2336                 
# span 4 =    11.6010,    17.3950                 
# span 5 =   0.026311,   4.459184                 
# span 6 =   0.014756,   4.476526                 
# span 7 =   48.94282,   48.94284                 
# span 8 =  -16.48624,  -16.48616                 
# span 9 =     3.6809,     6.4016                 
# span 10 =     3.6809,     6.4016                
# span 11 = 0.0000e+00, 0.0000e+00                
# interval = seconds: 0.0416667
# start_time = Jun 29 2019 16:14:23 [System UTC, first data scan.]
# bad_flag = -9.990e-29
*END*
[from data line 11910]
    508.750      12211    104.672    11.7030    11.6748   4.025843   4.022962   48.94284  -16.48624     5.6657     5.6657  0.000e+00
    508.792      12212    104.593    11.7015    11.6747   4.025766   4.022923   48.94284  -16.48624     5.6661     5.6661  0.000e+00
    508.833      12213    104.702    11.7023    11.6750   4.025753   4.022793   48.94284  -16.48624     5.6625     5.6625  0.000e+00
    508.875      12214    104.593    11.7001    11.6746   4.025830   4.022532   48.94284  -16.48616     5.6662     5.6662  0.000e+00
    508.917      12215    104.672    11.6991    11.6721   4.025875   4.022545   48.94284  -16.48616     5.6628     5.6628  0.000e+00
    508.958      12216    104.593    11.6988    11.6726   4.025888   4.022806   48.94284  -16.48616     5.6625     5.6625  0.000e+00
    509.000      12217    104.702    11.6999    11.6745   4.025888   4.023054   48.94284  -16.48616     5.6623     5.6623  0.000e+00
    509.042      12218    104.593    11.6993    11.6760   4.025830   4.023171   48.94284  -16.48616     5.6621     5.6621  0.000e+00
    509.083      12219    104.742    11.6991    11.6778   4.025715   4.023236   48.94284  -16.48624     5.6621     5.6621  0.000e+00
    509.125      12220    104.672    11.6993    11.6785   4.025683   4.023184   48.94284  -16.48624     5.6619     5.6619  0.000e+00
    509.167      12221    104.633    11.6995    11.6790   4.025651   4.023125   48.94284  -16.48624     5.6616     5.6616  0.000e+00
    509.208      12222    104.672    11.6994    11.6789   4.025645   4.023230   48.94284  -16.48624     5.6615     5.6615  0.000e+00
    509.250      12223    104.672    11.6993    11.6791   4.025670   4.023282   48.94284  -16.48624     5.6613     5.6613  0.000e+00
    509.292      12224    104.742    11.6994    11.6791   4.025734   4.023217   48.94284  -16.48624     5.6611     5.6611  0.000e+00
    509.333      12225    104.672    11.6998    11.6796   4.025830   4.023132   48.94284  -16.48624     5.6608     5.6608  0.000e+00
    509.375      12226    104.702    11.7010    11.6793   4.025875   4.023151   48.94284  -16.48624     5.6605     5.6605  0.000e+00
    509.417      12227    104.742    11.7017    11.6788   4.025990   4.023282   48.94284  -16.48624     5.6603     5.6603  0.000e+00
    509.458      12228    104.742    11.7023    11.6781   4.026048   4.023386   48.94284  -16.48624     5.6600     5.6600  0.000e+00
    509.500      12229    104.672    11.7028    11.6785   4.026112   4.023477   48.94284  -16.48624     5.6601     5.6601  0.000e+00
    509.542      12230    104.771    11.7035    11.6796   4.026156   4.023484   48.94284  -16.48624     5.6600     5.6600  0.000e+00
    509.583      12231    104.742    11.7040    11.6803   4.026246   4.023504   48.94284  -16.48624     5.6597     5.6597  0.000e+00
    509.625      12232    104.811    11.7051    11.6803   4.026425   4.023399   48.94284  -16.48624     5.6594     5.6594  0.000e+00
    509.667      12233    104.742    11.7075    11.6793   4.026636   4.023210   48.94284  -16.48624     5.6589     5.6589  0.000e+00
    509.708      12234    104.593    11.7093    11.6773   4.026841   4.022747   48.94284  -16.48624     5.6584     5.6584  0.000e+00
    509.750      12235    104.920    11.7107    11.6730   4.027052   4.022278   48.94284  -16.48624     5.6583     5.6583  0.000e+00
    509.792      12236    104.811    11.7129    11.6694   4.027314   4.021913   48.94284  -16.48624     5.6577     5.6577  0.000e+00
    509.833      12237    104.811    11.7135    11.6669   4.027167   4.021717   48.94284  -16.48624     5.6575     5.6575  0.000e+00
    509.875      12238    104.811    11.7089    11.6659   4.026553   4.021684   48.94284  -16.48624     5.6580     5.6580  0.000e+00
    509.917      12239    104.772    11.7035    11.6657   4.025875   4.021711   48.94284  -16.48616     5.6585     5.6585  0.000e+00
    509.958      12240    104.811    11.7002    11.6652   4.025479   4.021776   48.94284  -16.48616     5.6588     5.6588  0.000e+00
    510.000      12241    104.811    11.6971    11.6641   4.025248   4.021756   48.94284  -16.48616     5.6590     5.6590  0.000e+00
    510.042      12242    104.811    11.6956    11.6639   4.025159   4.021867   48.94284  -16.48616     5.6589     5.6589  0.000e+00
    510.083      12243    104.851    11.6946    11.6647   4.025101   4.022004   48.94284  -16.48624     5.6589     5.6589  0.000e+00
    510.125      12244    104.890    11.6942    11.6664   4.025089   4.022232   48.94284  -16.48624     5.6588     5.6588  0.000e+00
    510.167      12245    104.811    11.6937    11.6675   4.025114   4.022389   48.94284  -16.48624     5.6586     5.6586  0.000e+00
    510.208      12246    104.890    11.6933    11.6690   4.025069   4.022565   48.94284  -16.48624     5.6585     5.6585  0.000e+00
    510.250      12247    104.890    11.6931    11.6707   4.024967   4.022656   48.94284  -16.48624     5.6589     5.6589  0.000e+00
    510.292      12248    104.851    11.6927    11.6712   4.024973   4.022676   48.94284  -16.48624     5.6587     5.6587  0.000e+00
    510.333      12249    104.890    11.6920    11.6718   4.024878   4.022780   48.94284  -16.48624     5.6587     5.6587  0.000e+00
    510.375      12250    104.890    11.6913    11.6725   4.024820   4.022819   48.94284  -16.48624     5.6586     5.6586  0.000e+00
    510.417      12251    104.811    11.6906    11.6733   4.024756   4.022760   48.94284  -16.48624     5.6585     5.6585  0.000e+00
    510.458      12252    105.069    11.6904    11.6733   4.024718   4.022747   48.94284  -16.48624     5.6585     5.6585  0.000e+00
    510.500      12253    104.890    11.6901    11.6737   4.024698   4.022741   48.94284  -16.48624     5.6587     5.6587  0.000e+00
    510.542      12254    104.890    11.6899    11.6735   4.024679   4.022721   48.94284  -16.48624     5.6586     5.6586  0.000e+00
    510.583      12255    104.960    11.6893    11.6737   4.024673   4.022682   48.94284  -16.48624     5.6552     5.6552  0.000e+00
    510.625      12256    104.920    11.6894    11.6732   4.024647   4.022676   48.94284  -16.48624     5.6551     5.6551  0.000e+00
    510.667      12257    104.890    11.6891    11.6729   4.024609   4.022643   48.94284  -16.48624     5.6550     5.6550  0.000e+00
    510.708      12258    105.029    11.6893    11.6725   4.024596   4.022454   48.94284  -16.48624     5.6551     5.6551  0.000e+00
    510.750      12259    104.960    11.6894    11.6704   4.024654   4.022258   48.94284  -16.48624     5.6589     5.6589  0.000e+00
    510.792      12260    104.890    11.6896    11.6672   4.024673   4.022030   48.94284  -16.48624     5.6554     5.6554  0.000e+00
    510.833      12261    104.990    11.6899    11.6650   4.024724   4.021939   48.94284  -16.48624     5.6593     5.6593  0.000e+00
    510.875      12262    104.960    11.6894    11.6637   4.024667   4.021880   48.94284  -16.48624     5.6556     5.6556  0.000e+00
    510.917      12263    105.029    11.6891    11.6639   4.024603   4.021854   48.94284  -16.48616     5.6558     5.6558  0.000e+00
    510.958      12264    104.960    11.6889    11.6640   4.024577   4.021861   48.94284  -16.48616     5.6555     5.6555  0.000e+00
    511.000      12265    104.990    11.6885    11.6644   4.024539   4.021854   48.94284  -16.48616     5.6553     5.6553  0.000e+00
    511.042      12266    104.960    11.6873    11.6642   4.024481   4.021835   48.94284  -16.48616     5.6551     5.6551  0.000e+00
    511.083      12267    105.029    11.6870    11.6640   4.024468   4.021769   48.94284  -16.48624     5.6550     5.6550  0.000e+00
    511.125      12268    105.029    11.6878    11.6636   4.024513   4.021678   48.94284  -16.48624     5.6508     5.6508  0.000e+00
    511.167      12269    104.990    11.6886    11.6630   4.024551   4.021619   48.94284  -16.48624     5.6539     5.6539  0.000e+00
    511.208      12270    105.029    11.6889    11.6629   4.024539   4.021535   48.94284  -16.48624     5.6500     5.6500  0.000e+00
    511.250      12271    104.960    11.6888    11.6620   4.024532   4.021372   48.94284  -16.48624     5.6494     5.6494  0.000e+00
    511.292      12272    105.029    11.6888    11.6607   4.024507   4.021228   48.94284  -16.48624     5.6489     5.6489  0.000e+00
    511.333      12273    105.069    11.6883    11.6590   4.024475   4.021157   48.94284  -16.48624     5.6485     5.6485  0.000e+00
    511.375      12274    104.960    11.6883    11.6578   4.024379   4.021209   48.94284  -16.48624     5.6518     5.6518  0.000e+00
    511.417      12275    105.029    11.6873    11.6587   4.024302   4.021352   48.94284  -16.48624     5.6520     5.6520  0.000e+00
    511.458      12276    105.029    11.6870    11.6609   4.024136   4.021561   48.94284  -16.48624     5.6482     5.6482  0.000e+00
    511.500      12277    105.029    11.6865    11.6631   4.024053   4.021900   48.94284  -16.48624     5.6479     5.6479  0.000e+00
    511.542      12278    105.069    11.6858    11.6665   4.023944   4.021952   48.94284  -16.48624     5.6515     5.6515  0.000e+00
    511.583      12279    105.029    11.6838    11.6683   4.023816   4.021717   48.94284  -16.48624     5.6518     5.6518  0.000e+00
    511.625      12280    105.029    11.6824    11.6662   4.023771   4.021437   48.94284  -16.48624     5.6482     5.6482  0.000e+00
    511.667      12281    104.960    11.6814    11.6627   4.023791   4.021124   48.94284  -16.48624     5.6518     5.6518  0.000e+00
    511.708      12282    105.069    11.6816    11.6589   4.023855   4.020915   48.94284  -16.48624     5.6482     5.6482  0.000e+00
    511.750      12283    105.029    11.6818    11.6558   4.023950   4.020870   48.94284  -16.48624     5.6517     5.6517  0.000e+00
    511.792      12284    105.029    11.6821    11.6544   4.023995   4.020981   48.94284  -16.48624     5.6519     5.6519  0.000e+00
    511.833      12285    105.029    11.6819    11.6544   4.024059   4.021039   48.94284  -16.48624     5.6521     5.6521  0.000e+00
    511.875      12286    105.069    11.6830    11.6552   4.024104   4.021072   48.94284  -16.48624     5.6484     5.6484  0.000e+00
    511.917      12287    105.029    11.6840    11.6560   4.024142   4.021033   48.94284  -16.48616     5.6520     5.6520  0.000e+00
    511.958      12288    105.029    11.6847    11.6557   4.024206   4.021007   48.94284  -16.48616     5.6522     5.6522  0.000e+00
    512.000      12289    105.029    11.6852    11.6557   4.024321   4.020961   48.94284  -16.48616     5.6486     5.6486  0.000e+00
    512.042      12290    105.029    11.6865    11.6549   4.024353   4.020909   48.94284  -16.48616     5.6522     5.6522  0.000e+00
    512.083      12291    104.990    11.6882    11.6541   4.024488   4.020883   48.94284  -16.48624     5.6524     5.6524  0.000e+00
    512.125      12292    105.029    11.6891    11.6538   4.024532   4.021000   48.94284  -16.48624     5.6527     5.6527  0.000e+00
    512.167      12293    105.029    11.6898    11.6554   4.024635   4.021104   48.94284  -16.48624     5.6530     5.6530  0.000e+00
    512.208      12294    104.960    11.6903    11.6565   4.024718   4.021196   48.94284  -16.48624     5.6533     5.6533  0.000e+00
    512.250      12295    105.069    11.6904    11.6574   4.024737   4.021307   48.94284  -16.48624     5.6538     5.6538  0.000e+00
    512.292      12296    105.029    11.6908    11.6586   4.024762   4.021378   48.94284  -16.48624     5.6542     5.6542  0.000e+00
    512.333      12297    104.960    11.6908    11.6595   4.024750   4.021456   48.94284  -16.48624     5.6546     5.6546  0.000e+00
    512.375      12298    105.029    11.6908    11.6607   4.024743   4.021496   48.94284  -16.48624     5.6551     5.6551  0.000e+00
    512.417      12299    104.990    11.6917    11.6609   4.024762   4.021482   48.94284  -16.48624     5.6555     5.6555  0.000e+00
    512.458      12300    104.960    11.6916    11.6607   4.024801   4.021417   48.94284  -16.48624     5.6560     5.6560  0.000e+00
    512.500      12301    105.029    11.6911    11.6600   4.024814   4.021378   48.94284  -16.48624     5.6566     5.6566  0.000e+00
    512.542      12302    105.029    11.6913    11.6595   4.024833   4.021411   48.94284  -16.48624     5.6572     5.6572  0.000e+00
    512.583      12303    104.920    11.6919    11.6598   4.024922   4.021489   48.94284  -16.48624     5.6576     5.6576  0.000e+00
    512.625      12304    104.960    11.6929    11.6607   4.024999   4.021632   48.94284  -16.48624     5.6576     5.6576  0.000e+00
    512.667      12305    104.960    11.6937    11.6622   4.025114   4.021795   48.94284  -16.48624     5.6577     5.6577  0.000e+00
    512.708      12306    105.029    11.6942    11.6636   4.025133   4.021900   48.94284  -16.48624     5.6578     5.6578  0.000e+00
    512.750      12307    104.891    11.6940    11.6649   4.025127   4.021932   48.94284  -16.48624     5.6579     5.6579  0.000e+00
    512.792      12308    104.920    11.6944    11.6665   4.025146   4.021978   48.94284  -16.48624     5.6585     5.6585  0.000e+00
    512.833      12309    104.960    11.6948    11.6672   4.025210   4.021952   48.94284  -16.48624     5.6586     5.6586  0.000e+00
    512.875      12310    104.960    11.6950    11.6664   4.025300   4.021874   48.94284  -16.48624     5.6592     5.6592  0.000e+00
    512.917      12311    104.960    11.6957    11.6649   4.025383   4.021913   48.94284  -16.48616     5.6593     5.6593  0.000e+00
    512.958      12312    104.920    11.6960    11.6659   4.025325   4.022245   48.94284  -16.48616     5.6594     5.6594  0.000e+00
    513.000      12313    104.891    11.6952    11.6689   4.025242   4.022734   48.94284  -16.48616     5.6597     5.6597  0.000e+00
    513.042      12314    104.891    11.6956    11.6718   4.025306   4.022982   48.94284  -16.48616     5.6637     5.6637  0.000e+00
    513.083      12315    104.960    11.6971    11.6735   4.025466   4.023060   48.94284  -16.48624     5.6603     5.6603  0.000e+00
    513.125      12316    104.851    11.6986    11.6755   4.025632   4.023034   48.94284  -16.48624     5.6640     5.6640  0.000e+00
    513.167      12317    104.891    11.6996    11.6770   4.025677   4.023086   48.94284  -16.48624     5.6641     5.6641  0.000e+00
    513.208      12318    104.891    11.6995    11.6778   4.025651   4.023334   48.94284  -16.48624     5.6608     5.6608  0.000e+00
    513.250      12319    104.891    11.6983    11.6791   4.025543   4.023530   48.94284  -16.48624     5.6645     5.6645  0.000e+00
    513.292      12320    104.811    11.6956    11.6801   4.025427   4.023504   48.94284  -16.48624     5.6647     5.6647  0.000e+00
    513.333      12321    104.851    11.6958    11.6801   4.025376   4.023412   48.94284  -16.48624     5.6648     5.6648  0.000e+00
    513.375      12322    104.811    11.6937    11.6798   4.025127   4.023327   48.94284  -16.48624     5.6612     5.6612  0.000e+00
    513.417      12323    104.891    11.6908    11.6799   4.024762   4.023184   48.94284  -16.48624     5.6655     5.6655  0.000e+00
    513.458      12324    104.742    11.6881    11.6788   4.024487   4.022891   48.94284  -16.48624     5.6661     5.6661  0.000e+00
    513.500      12325    104.851    11.6870    11.6755   4.024430   4.022689   48.94284  -16.48624     5.6624     5.6624  0.000e+00
    513.542      12326    104.811    11.6870    11.6738   4.024507   4.022584   48.94284  -16.48624     5.6657     5.6657  0.000e+00
    513.583      12327    104.811    11.6891    11.6726   4.024686   4.022467   48.94284  -16.48624     5.6620     5.6620  0.000e+00
    513.625      12328    104.811    11.6910    11.6721   4.024871   4.022291   48.94284  -16.48624     5.6655     5.6655  0.000e+00
    513.667      12329    104.593    11.6916    11.6709   4.024916   4.022147   48.94284  -16.48624     5.6613     5.6613  0.000e+00
    513.708      12330    104.851    11.6919    11.6697   4.024941   4.022056   48.94284  -16.48624     5.6652     5.6652  0.000e+00
