Data_example/SBE_Data_Processed/DY103/SeaBird/Data/Batch/DY103_CTD08cfaldb.cnv
* Sea-Bird SBE 9 Data File:
* FileName = C:\Users\sandm\Documents\Cruises\DY103\Data\CTD Raw Data\DY103_CTD08.hex
* Software Version Seasave V 7.26.7.121
* Temperature SN = 03P-4814
* Conductivity SN = 04C-2165
* Number of Bytes Per Scan = 41
* Number of Voltage Words = 4
* Number of Scans Averaged by the Deck Unit = 1
* NMEA Latitude = 49 00.06 N
* NMEA Longitude = 016 30.07 W
* NMEA UTC (Time) = Jul 02 2019  09:46:03
** Ship: RRS Discovery
** Cruise: DY103
** Cast: 08
** Station: 025
** Julian Day: 183
** Date: 02/07/19
** Time: 09:45
** Latitude: 49 00.00'N
** Longitude: 16 30.07'W
** Depth (uncorr m): 4807
** Principal Scientist: S Hartman
** Operator: J Wynar/T Powell
# nquan = 15
# nvalues = 4922                        
# units = specified
# name 0 = timeS: Time, Elapsed [seconds]
# name 1 = scan: Scan Count
# name 2 = prDM: Pressure, Digiquartz [db]
# name 3 = t090C: Temperature [ITS-90, deg C]
# name 4 = t190C: Temperature, 2 [ITS-90, deg C]
# name 5 = c0S/m: Conductivity [S/m]
# name 6 = c1S/m: Conductivity, 2 [S/m]
# name 7 = latitude: Latitude [deg]
# name 8 = longitude: Longitude [deg]
# name 9 = sbeox0ML/L: Oxygen, SBE 43 [ml/l]
# name 10 = sbeox0ML/L: Oxygen, SBE 43 [ml/l]
# name 11 = sal00: Salinity, Practical [PSU]
# name 12 = sal11: Salinity, Practical, 2 [PSU]
# name 13 = depSM: Depth [salt water, m], lat = 49.001
# name 14 = flag: flag
# span 0 =    728.644,   6057.954       
# span 1 =      17488,     145392       
# span 2 =      1.000,   4924.000       
# span 3 =     2.5204,    15.8657       
# span 4 =     2.5202,    15.8452       
# span 5 =   2.993744,   4.414572       
# span 6 =   2.555727,   4.413718       
# span 7 =   48.89483,   48.99997       
# span 8 =  -16.50111,  -16.46542       
# span 9 =     3.7377,     5.9639       
# span 10 =     3.7377,     5.9639      
# span 11 =    23.3163,    35.6108      
# span 12 =    19.4932,    35.6084      
# span 13 =      0.992,   4826.611      
# span 14 = 0.0000e+00, 0.0000e+00      
# interval = decibars: 1                
# start_time = Jul 02 2019 09:46:04 [System UTC, first data scan.]
# bad_flag = -9.990e-29
*END*
[from data line 3567]
   4486.784     107684   3570.000     2.6248     2.6249   3.272965   3.273293   48.99984  -16.50034     5.3170     5.3170    34.9225    34.9263   3510.102 0.0000e+00
   4487.688     107706   3571.000     2.6248     2.6248   3.273000   3.273326   48.99984  -16.50034     5.3177     5.3177    34.9225    34.9264   3511.077 0.0000e+00
   4488.604     107727   3572.000     2.6248     2.6247   3.273034   3.273355   48.99984  -16.50034     5.3177     5.3177    34.9225    34.9264   3512.053 0.0000e+00
   4489.547     107750   3573.000     2.6247     2.6247   3.273060   3.273382   48.99984  -16.50034     5.3150     5.3150    34.9225    34.9263   3513.028 0.0000e+00
   4490.505     107773   3574.000     2.6246     2.6246   3.273081   3.273406   48.99984  -16.50034     5.3141     5.3141    34.9224    34.9263   3514.003 0.0000e+00
   4491.455     107796   3575.000     2.6244     2.6245   3.273102   3.273428   48.99984  -16.50034     5.3140     5.3140    34.9224    34.9262   3514.978 0.0000e+00
   4492.383     107818   3576.000     2.6243     2.6243   3.273125   3.273449   48.99984  -16.50034     5.3159     5.3159    34.9224    34.9262   3515.953 0.0000e+00
   4493.298     107840   3577.000     2.6241     2.6241   3.273141   3.273464   48.99984  -16.50034     5.3170     5.3170    34.9224    34.9262   3516.929 0.0000e+00
   4494.209     107862   3578.000     2.6239     2.6239   3.273157   3.273481   48.99984  -16.50034     5.3166     5.3166    34.9223    34.9262   3517.904 0.0000e+00
   4495.131     107884   3579.000     2.6236     2.6237   3.273170   3.273494   48.99984  -16.50034     5.3139     5.3139    34.9224    34.9262   3518.879 0.0000e+00
   4496.066     107907   3580.000     2.6234     2.6234   3.273188   3.273511   48.99984  -16.50034     5.3116     5.3116    34.9223    34.9262   3519.854 0.0000e+00
   4497.011     107929   3581.000     2.6232     2.6232   3.273206   3.273527   48.99984  -16.50034     5.3143     5.3143    34.9223    34.9262   3520.829 0.0000e+00
   4497.950     107952   3582.000     2.6230     2.6231   3.273222   3.273548   48.99984  -16.50034     5.3152     5.3152    34.9223    34.9261   3521.804 0.0000e+00
   4498.877     107974   3583.000     2.6230     2.6230   3.273248   3.273576   48.99984  -16.50034     5.3156     5.3156    34.9222    34.9261   3522.780 0.0000e+00
   4499.807     107996   3584.000     2.6229     2.6230   3.273275   3.273602   48.99984  -16.50034     5.3174     5.3174    34.9222    34.9261   3523.755 0.0000e+00
   4500.774     108020   3585.000     2.6227     2.6227   3.273293   3.273615   48.99984  -16.50034     5.3180     5.3180    34.9222    34.9260   3524.730 0.0000e+00
   4501.815     108045   3586.000     2.6223     2.6222   3.273292   3.273602   48.99984  -16.50034     5.3154     5.3154    34.9222    34.9259   3525.705 0.0000e+00
   4502.925     108071   3587.000     2.6216     2.6216   3.273265   3.273571   48.99984  -16.50034     5.3118     5.3118    34.9221    34.9259   3526.680 0.0000e+00
   4504.017     108097   3588.000     2.6210     2.6209   3.273238   3.273549   48.99984  -16.50034     5.3101     5.3101    34.9221    34.9258   3527.655 0.0000e+00
   4505.014     108121   3589.000     2.6206     2.6205   3.273230   3.273547   48.99984  -16.50034     5.3130     5.3130    34.9220    34.9258   3528.630 0.0000e+00
   4505.911     108143   3590.000     2.6202     2.6201   3.273228   3.273542   48.99984  -16.50034     5.3151     5.3151    34.9219    34.9258   3529.605 0.0000e+00
   4506.735     108163   3591.000     2.6197     2.6195   3.273217   3.273525   48.99984  -16.50034     5.3158     5.3158    34.9219    34.9258   3530.581 0.0000e+00
   4507.511     108181   3592.000     2.6192     2.6191   3.273212   3.273523   48.99984  -16.50034     5.3167     5.3167    34.9219    34.9257   3531.556 0.0000e+00
   4508.257     108199   3593.000     2.6189     2.6189   3.273217   3.273533   48.99984  -16.50034     5.3177     5.3177    34.9219    34.9257   3532.531 0.0000e+00
   4509.007     108217   3594.000     2.6186     2.6187   3.273227   3.273547   48.99984  -16.50034     5.3168     5.3168    34.9218    34.9256   3533.506 0.0000e+00
   4509.814     108237   3595.000     2.6185     2.6184   3.273245   3.273564   48.99984  -16.50034     5.3149     5.3149    34.9218    34.9256   3534.481 0.0000e+00
   4510.787     108260   3596.000     2.6185     2.6182   3.273272   3.273572   48.99984  -16.50034     5.3148     5.3148    34.9217    34.9256   3535.456 0.0000e+00
   4512.164     108293   3597.000     2.6189     2.6180   3.273336   3.273587   48.99984  -16.50034     5.3119     5.3119    34.9216    34.9255   3536.431 0.0000e+00
   4513.691     108330   3598.000     2.6186     2.6179   3.273356   3.273611   48.99984  -16.50034     5.3105     5.3105    34.9217    34.9255   3537.406 0.0000e+00
   4514.764     108355   3599.000     2.6178     2.6176   3.273321   3.273616   48.99984  -16.50034     5.3092     5.3092    34.9217    34.9255   3538.381 0.0000e+00
   4515.608     108376   3600.000     2.6169     2.6169   3.273278   3.273585   48.99984  -16.50034     5.3063     5.3063    34.9217    34.9254   3539.357 0.0000e+00
   4516.358     108394   3601.000     2.6163     2.6162   3.273255   3.273558   48.99984  -16.50034     5.3067     5.3067    34.9216    34.9253   3540.332 0.0000e+00
   4517.083     108411   3602.000     2.6157     2.6155   3.273229   3.273526   48.99984  -16.50034     5.3080     5.3080    34.9216    34.9253   3541.307 0.0000e+00
   4517.832     108429   3603.000     2.6150     2.6149   3.273201   3.273508   48.99984  -16.50034     5.3098     5.3098    34.9215    34.9252   3542.282 0.0000e+00
   4518.652     108449   3604.000     2.6145     2.6145   3.273188   3.273500   48.99984  -16.50034     5.3119     5.3119    34.9215    34.9252   3543.257 0.0000e+00
   4519.585     108471   3605.000     2.6142     2.6141   3.273192   3.273502   48.99984  -16.50034     5.3109     5.3109    34.9214    34.9252   3544.232 0.0000e+00
   4520.631     108496   3606.000     2.6139     2.6138   3.273199   3.273506   48.99984  -16.50034     5.3105     5.3105    34.9213    34.9251   3545.207 0.0000e+00
   4521.693     108522   3607.000     2.6135     2.6134   3.273196   3.273505   48.99984  -16.50034     5.3091     5.3091    34.9213    34.9251   3546.182 0.0000e+00
   4522.678     108545   3608.000     2.6130     2.6130   3.273183   3.273496   48.99984  -16.50034     5.3063     5.3063    34.9213    34.9251   3547.157 0.0000e+00
   4523.589     108567   3609.000     2.6123     2.6124   3.273154   3.273474   48.99984  -16.50034     5.3077     5.3077    34.9212    34.9250   3548.132 0.0000e+00
   4524.465     108588   3610.000     2.6117     2.6117   3.273131   3.273447   48.99984  -16.50034     5.3087     5.3087    34.9211    34.9249   3549.107 0.0000e+00
   4525.347     108609   3611.000     2.6111     2.6111   3.273108   3.273423   48.99984  -16.50034     5.3081     5.3081    34.9211    34.9249   3550.082 0.0000e+00
   4526.272     108632   3612.000     2.6105     2.6104   3.273081   3.273395   48.99984  -16.50034     5.3052     5.3052    34.9210    34.9248   3551.057 0.0000e+00
   4527.258     108655   3613.000     2.6099     2.6099   3.273064   3.273382   48.99984  -16.50034     5.3048     5.3048    34.9209    34.9248   3552.032 0.0000e+00
   4528.281     108680   3614.000     2.6096     2.6096   3.273069   3.273391   48.99984  -16.50034     5.3045     5.3045    34.9209    34.9247   3553.007 0.0000e+00
   4529.283     108704   3615.000     2.6095     2.6095   3.273095   3.273417   48.99984  -16.50034     5.3053     5.3053    34.9209    34.9248   3553.982 0.0000e+00
   4530.223     108726   3616.000     2.6095     2.6095   3.273128   3.273452   48.99984  -16.50034     5.3085     5.3085    34.9209    34.9247   3554.957 0.0000e+00
   4531.114     108748   3617.000     2.6094     2.6095   3.273161   3.273485   48.99984  -16.50034     5.3099     5.3099    34.9210    34.9247   3555.932 0.0000e+00
   4531.996     108769   3618.000     2.6093     2.6094   3.273185   3.273508   48.99984  -16.50034     5.3102     5.3102    34.9209    34.9247   3556.907 0.0000e+00
   4532.918     108791   3619.000     2.6091     2.6091   3.273196   3.273520   48.99984  -16.50034     5.3081     5.3081    34.9209    34.9247   3557.882 0.0000e+00
   4533.934     108815   3620.000     2.6088     2.6088   3.273201   3.273527   48.99984  -16.50034     5.3037     5.3037    34.9208    34.9246   3558.857 0.0000e+00
   4535.029     108842   3621.000     2.6086     2.6086   3.273212   3.273541   48.99984  -16.50034     5.3028     5.3028    34.9207    34.9246   3559.832 0.0000e+00
   4536.084     108867   3622.000     2.6085     2.6085   3.273235   3.273562   48.99984  -16.50034     5.3059     5.3059    34.9207    34.9245   3560.807 0.0000e+00
   4537.011     108889   3623.000     2.6083     2.6084   3.273258   3.273586   48.99984  -16.50034     5.3073     5.3073    34.9207    34.9246   3561.782 0.0000e+00
   4537.841     108909   3624.000     2.6081     2.6082   3.273273   3.273602   48.99984  -16.50034     5.3079     5.3079    34.9207    34.9245   3562.757 0.0000e+00
   4538.624     108928   3625.000     2.6078     2.6079   3.273282   3.273607   48.99984  -16.50034     5.3072     5.3072    34.9206    34.9244   3563.732 0.0000e+00
   4539.413     108947   3626.000     2.6074     2.6075   3.273276   3.273598   48.99984  -16.50034     5.3054     5.3054    34.9206    34.9244   3564.707 0.0000e+00
   4540.275     108968   3627.000     2.6069     2.6069   3.273259   3.273575   48.99984  -16.50034     5.3035     5.3035    34.9205    34.9243   3565.682 0.0000e+00
   4541.316     108993   3628.000     2.6064     2.6063   3.273246   3.273555   48.99984  -16.50034     5.3009     5.3009    34.9204    34.9242   3566.657 0.0000e+00
   4542.590     109023   3629.000     2.6063     2.6059   3.273263   3.273555   48.99984  -16.50034     5.3021     5.3021    34.9203    34.9242   3567.632 0.0000e+00
   4543.821     109053   3630.000     2.6060     2.6057   3.273275   3.273577   48.99984  -16.50034     5.3048     5.3048    34.9204    34.9242   3568.607 0.0000e+00
   4544.810     109076   3631.000     2.6057     2.6057   3.273289   3.273610   48.99984  -16.50034     5.3037     5.3037    34.9204    34.9242   3569.582 0.0000e+00
   4545.650     109097   3632.000     2.6058     2.6058   3.273326   3.273653   48.99984  -16.50034     5.3037     5.3037    34.9203    34.9243   3570.557 0.0000e+00
   4546.423     109115   3633.000     2.6058     2.6059   3.273365   3.273696   48.99984  -16.50034     5.3027     5.3027    34.9204    34.9242   3571.532 0.0000e+00
   4547.184     109133   3634.000     2.6059     2.6059   3.273404   3.273735   48.99984  -16.50034     5.3023     5.3023    34.9203    34.9242   3572.507 0.0000e+00
   4547.980     109153   3635.000     2.6059     2.6059   3.273439   3.273767   48.99984  -16.50034     5.3032     5.3032    34.9203    34.9242   3573.482 0.0000e+00
   4548.864     109174   3636.000     2.6058     2.6058   3.273468   3.273790   48.99984  -16.50034     5.3018     5.3018    34.9203    34.9241   3574.457 0.0000e+00
   4549.872     109198   3637.000     2.6056     2.6056   3.273485   3.273808   48.99984  -16.50034     5.3014     5.3014    34.9203    34.9241   3575.431 0.0000e+00
   4550.963     109224   3638.000     2.6054     2.6055   3.273502   3.273827   48.99984  -16.50034     5.3030     5.3030    34.9202    34.9241   3576.406 0.0000e+00
   4552.014     109249   3639.000     2.6053     2.6053   3.273520   3.273847   48.99984  -16.50034     5.3024     5.3024    34.9202    34.9241   3577.381 0.0000e+00
   4552.975     109272   3640.000     2.6051     2.6051   3.273533   3.273858   48.99984  -16.50034     5.3007     5.3007    34.9202    34.9240   3578.356 0.0000e+00
   4553.873     109294   3641.000     2.6048     2.6047   3.273539   3.273861   48.99984  -16.50034     5.3008     5.3008    34.9201    34.9240   3579.331 0.0000e+00
   4554.750     109315   3642.000     2.6045     2.6045   3.273553   3.273875   48.99984  -16.50034     5.2995     5.2995    34.9201    34.9240   3580.306 0.0000e+00
   4555.640     109336   3643.000     2.6043     2.6043   3.273572   3.273893   48.99984  -16.50034     5.3007     5.3007    34.9201    34.9240   3581.281 0.0000e+00
   4556.573     109359   3644.000     2.6040     2.6041   3.273582   3.273907   48.99984  -16.50034     5.3036     5.3036    34.9201    34.9240   3582.256 0.0000e+00
   4557.561     109382   3645.000     2.6038     2.6039   3.273595   3.273924   48.99984  -16.50034     5.3049     5.3049    34.9201    34.9239   3583.231 0.0000e+00
   4558.585     109407   3646.000     2.6037     2.6038   3.273620   3.273946   48.99984  -16.50034     5.3029     5.3029    34.9201    34.9239   3584.206 0.0000e+00
   4559.601     109431   3647.000     2.6035     2.6036   3.273636   3.273962   48.99984  -16.50034     5.3002     5.3002    34.9200    34.9238   3585.180 0.0000e+00
   4560.592     109455   3648.000     2.6032     2.6033   3.273642   3.273969   48.99984  -16.50034     5.2977     5.2977    34.9200    34.9239   3586.155 0.0000e+00
   4561.566     109479   3649.000     2.6029     2.6030   3.273648   3.273981   48.99984  -16.50034     5.2980     5.2980    34.9199    34.9238   3587.130 0.0000e+00
   4562.537     109502   3650.000     2.6026     2.6027   3.273651   3.273984   48.99984  -16.50034     5.2983     5.2983    34.9199    34.9238   3588.105 0.0000e+00
   4563.489     109525   3651.000     2.6022     2.6023   3.273651   3.273979   48.99984  -16.50034     5.2993     5.2993    34.9199    34.9238   3589.080 0.0000e+00
   4564.393     109546   3652.000     2.6019     2.6019   3.273656   3.273984   48.99984  -16.50034     5.2991     5.2991    34.9198    34.9237   3590.055 0.0000e+00
   4565.231     109567   3653.000     2.6018     2.6019   3.273677   3.274011   48.99984  -16.50034     5.2979     5.2979    34.9198    34.9236   3591.030 0.0000e+00
   4566.024     109586   3654.000     2.6018     2.6019   3.273710   3.274045   48.99984  -16.50034     5.2978     5.2978    34.9198    34.9236   3592.005 0.0000e+00
   4566.813     109605   3655.000     2.6018     2.6019   3.273746   3.274079   48.99984  -16.50034     5.2951     5.2951    34.9198    34.9236   3592.979 0.0000e+00
   4567.663     109625   3656.000     2.6018     2.6019   3.273781   3.274114   48.99984  -16.50034     5.2955     5.2955    34.9197    34.9236   3593.954 0.0000e+00
   4568.678     109649   3657.000     2.6019     2.6018   3.273818   3.274146   48.99984  -16.50034     5.2978     5.2978    34.9197    34.9237   3594.929 0.0000e+00
   4569.951     109680   3658.000     2.6020     2.6018   3.273859   3.274179   48.99984  -16.50034     5.2995     5.2995    34.9196    34.9236   3595.904 0.0000e+00
   4571.201     109710   3659.000     2.6018     2.6018   3.273887   3.274214   48.99984  -16.50034     5.2993     5.2993    34.9197    34.9236   3596.879 0.0000e+00
   4572.187     109733   3660.000     2.6017     2.6017   3.273906   3.274244   48.99984  -16.50034     5.2972     5.2972    34.9197    34.9237   3597.853 0.0000e+00
   4573.011     109753   3661.000     2.6016     2.6016   3.273932   3.274268   48.99984  -16.50034     5.2969     5.2969    34.9197    34.9236   3598.828 0.0000e+00
   4573.764     109771   3662.000     2.6014     2.6015   3.273953   3.274290   48.99984  -16.50034     5.2990     5.2990    34.9197    34.9235   3599.803 0.0000e+00
   4574.512     109789   3663.000     2.6012     2.6013   3.273968   3.274306   48.99984  -16.50034     5.3005     5.3005    34.9197    34.9235   3600.778 0.0000e+00
   4575.320     109809   3664.000     2.6009     2.6010   3.273975   3.274311   48.99984  -16.50034     5.2991     5.2991    34.9196    34.9235   3601.753 0.0000e+00
