Data_example/SBE_Data_Processed/DY103/SeaBird/Data/Batch/DY103_CTD06cf.cnv
* Sea-Bird SBE 9 Data File:
* FileName = C:\Users\sandm\Documents\Cruises\DY103\Data\CTD Raw Data\DY103_CTD06.hex
* Software Version Seasave V 7.26.7.121
* Temperature SN = 03P-4814
* Conductivity SN = 04C-2165
* Number of Bytes Per Scan = 41
* Number of Voltage Words = 4
* Number of Scans Averaged by the Deck Unit = 1
* NMEA Latitude = 48 56.60 N
* NMEA Longitude = 016 29.40 W
* NMEA UTC (Time) = Jul 01 2019  13:15:58
** Ship: RRS Discovery
** Cruise: DY103
** Cast: 06
** Station: 019
** Julian Day: 182
** Date: 01/07/19
** Time: 13:15
** Latitude: 48 56.60'N
** Longitude: 16 29.40'W
** Depth (uncorr m): 4810
** Principal Scientist: S Hartman
** Operator: J Wynar/T Powell
# nquan = 12
# nvalues = 18331                       
# units = specified
# name 0 = timeS: Time, Elapsed [seconds]
# name 1 = scan: Scan Count
# name 2 = prDM: Pressure, Digiquartz [db]
# name 3 = t090C: Temperature [ITS-90, deg C]
# name 4 = t190C: Temperature, 2 [ITS-90, deg C]
# name 5 = c0S/m: Conductivity [S/m]
# name 6 = c1S/m: Conductivity, 2 [S/m]
# name 7 = latitude: Latitude [deg]
# name 8 = longitude: Longitude [deg]
# name 9 = sbeox0ML/L: Oxygen, SBE 43 [ml/l]
# name 10 = sbeox0ML/L: Oxygen, SBE 43 [ml/l]
# name 11 = flag:  0.000e+00
# span 0 =     12.500,    776.250       
# span 1 =        301,      18631       
# span 2 =      0.525,    105.514       
# span 3 =    11.9318,    16.0393       
# span 4 =    11.9306,    17.2252       
# span 5 =   0.137873,   4.442360       
# span 6 =   0.038800,   4.476560       
# span 7 =   48.94337,   48.94341       
# span 8 =  -16.48999,  -16.48997       
# span 9 =     3.7122,     7.3715       
# span 10 =     3.7122,     7.3715      
# span 11 = 0.0000e+00, 0.0000e+00      
# interval = seconds: 0.0416667
# start_time = Jul 01 2019 13:15:59 [System UTC, first data scan.]
# bad_flag = -9.990e-29
*END*
[from data line 6978]
    303.250       7279      0.578    14.9925    16.6492   0.148591   0.045120   48.94339  -16.48997     7.2614     7.2614 0.0000e+00
    303.292       7280      0.578    14.9925    16.6463   0.148569   0.045203   48.94339  -16.48997     7.2621     7.2621 0.0000e+00
    303.333       7281      0.578    14.9925    16.6433   0.148534   0.045305   48.94339  -16.48997     7.2628     7.2628 0.0000e+00
    303.375       7282      0.578    14.9925    16.6403   0.148489   0.045425   48.94339  -16.48997     7.2636     7.2636 0.0000e+00
    303.417       7283      0.578    14.9924    16.6371   0.148434   0.045563   48.94339  -16.48997     7.2644     7.2644 0.0000e+00
    303.458       7284      0.579    14.9925    16.6339   0.148369   0.045715   48.94339  -16.48997     7.2653     7.2653 0.0000e+00
    303.500       7285      0.579    14.9925    16.6307   0.148296   0.045877   48.94339  -16.48997     7.2662     7.2662 0.0000e+00
    303.542       7286      0.579    14.9925    16.6274   0.148215   0.046047   48.94339  -16.48997     7.2672     7.2672 0.0000e+00
    303.583       7287      0.579    14.9925    16.6241   0.148127   0.046219   48.94339  -16.48997     7.2682     7.2682 0.0000e+00
    303.625       7288      0.579    14.9926    16.6207   0.148031   0.046389   48.94339  -16.48997     7.2692     7.2692 0.0000e+00
    303.667       7289      0.579    14.9926    16.6174   0.147927   0.046555   48.94339  -16.48997     7.2703     7.2703 0.0000e+00
    303.708       7290      0.580    14.9927    16.6141   0.147817   0.046715   48.94339  -16.48997     7.2714     7.2714 0.0000e+00
    303.750       7291      0.580    14.9928    16.6108   0.147700   0.046868   48.94339  -16.48997     7.2725     7.2725 0.0000e+00
    303.792       7292      0.580    14.9928    16.6075   0.147578   0.047012   48.94339  -16.48997     7.2737     7.2737 0.0000e+00
    303.833       7293      0.581    14.9929    16.6043   0.147450   0.047147   48.94339  -16.48997     7.2748     7.2748 0.0000e+00
    303.875       7294      0.581    14.9930    16.6012   0.147315   0.047274   48.94339  -16.48997     7.2760     7.2760 0.0000e+00
    303.917       7295      0.581    14.9931    16.5981   0.147175   0.047390   48.94339  -16.48997     7.2772     7.2772 0.0000e+00
    303.958       7296      0.582    14.9932    16.5951   0.147030   0.047494   48.94339  -16.48997     7.2784     7.2784 0.0000e+00
    304.000       7297      0.582    14.9933    16.5922   0.146881   0.047586   48.94339  -16.48997     7.2796     7.2796 0.0000e+00
    304.042       7298      0.582    14.9934    16.5893   0.146730   0.047666   48.94339  -16.48997     7.2808     7.2808 0.0000e+00
    304.083       7299      0.583    14.9936    16.5865   0.146578   0.047731   48.94339  -16.48997     7.2820     7.2820 0.0000e+00
    304.125       7300      0.583    14.9937    16.5839   0.146428   0.047783   48.94339  -16.48997     7.2832     7.2832 0.0000e+00
    304.167       7301      0.583    14.9938    16.5813   0.146282   0.047823   48.94339  -16.48997     7.2844     7.2844 0.0000e+00
    304.208       7302      0.583    14.9939    16.5788   0.146147   0.047852   48.94339  -16.48997     7.2855     7.2855 0.0000e+00
    304.250       7303      0.583    14.9940    16.5764   0.146027   0.047874   48.94339  -16.48997     7.2867     7.2867 0.0000e+00
    304.292       7304      0.582    14.9941    16.5740   0.145923   0.047891   48.94339  -16.48997     7.2878     7.2878 0.0000e+00
    304.333       7305      0.582    14.9941    16.5718   0.145835   0.047908   48.94339  -16.48997     7.2889     7.2889 0.0000e+00
    304.375       7306      0.582    14.9942    16.5697   0.145762   0.047926   48.94339  -16.48997     7.2899     7.2899 0.0000e+00
    304.417       7307      0.582    14.9942    16.5676   0.145705   0.047946   48.94339  -16.48997     7.2910     7.2910 0.0000e+00
    304.458       7308      0.581    14.9943    16.5656   0.145664   0.047968   48.94339  -16.48997     7.2920     7.2920 0.0000e+00
    304.500       7309      0.581    14.9943    16.5637   0.145637   0.047993   48.94339  -16.48997     7.2929     7.2929 0.0000e+00
    304.542       7310      0.581    14.9943    16.5620   0.145624   0.048019   48.94339  -16.48997     7.2939     7.2939 0.0000e+00
    304.583       7311      0.580    14.9942    16.5602   0.145623   0.048047   48.94339  -16.48997     7.2948     7.2948 0.0000e+00
    304.625       7312      0.580    14.9942    16.5586   0.145633   0.048075   48.94339  -16.48997     7.2956     7.2956 0.0000e+00
    304.667       7313      0.579    14.9941    16.5571   0.145654   0.048104   48.94339  -16.48997     7.2965     7.2965 0.0000e+00
    304.708       7314      0.579    14.9941    16.5556   0.145685   0.048131   48.94339  -16.48997     7.2973     7.2973 0.0000e+00
    304.750       7315      0.579    14.9940    16.5542   0.145720   0.048158   48.94339  -16.48997     7.2980     7.2980 0.0000e+00
    304.792       7316      0.578    14.9939    16.5529   0.145757   0.048182   48.94339  -16.48997     7.2988     7.2988 0.0000e+00
    304.833       7317      0.578    14.9937    16.5517   0.145794   0.048201   48.94339  -16.48997     7.2995     7.2995 0.0000e+00
    304.875       7318      0.577    14.9936    16.5505   0.145831   0.048215   48.94339  -16.48997     7.3002     7.3002 0.0000e+00
    304.917       7319      0.577    14.9934    16.5494   0.145870   0.048222   48.94339  -16.48997     7.3008     7.3008 0.0000e+00
    304.958       7320      0.577    14.9932    16.5484   0.145907   0.048222   48.94339  -16.48997     7.3014     7.3014 0.0000e+00
    305.000       7321      0.576    14.9931    16.5475   0.145941   0.048217   48.94339  -16.48997     7.3020     7.3020 0.0000e+00
    305.042       7322      0.576    14.9929    16.5466   0.145970   0.048205   48.94339  -16.48997     7.3025     7.3025 0.0000e+00
    305.083       7323      0.576    14.9926    16.5458   0.145995   0.048186   48.94339  -16.48997     7.3031     7.3031 0.0000e+00
    305.125       7324      0.576    14.9924    16.5450   0.146018   0.048162   48.94339  -16.48997     7.3036     7.3036 0.0000e+00
    305.167       7325      0.575    14.9922    16.5443   0.146043   0.048133   48.94339  -16.48997     7.3040     7.3040 0.0000e+00
    305.208       7326      0.575    14.9919    16.5437   0.146069   0.048102   48.94339  -16.48997     7.3045     7.3045 0.0000e+00
    305.250       7327      0.575    14.9917    16.5431   0.146099   0.048070   48.94339  -16.48997     7.3049     7.3049 0.0000e+00
    305.292       7328      0.574    14.9914    16.5425   0.146138   0.048038   48.94339  -16.48997     7.3053     7.3053 0.0000e+00
    305.333       7329      0.574    14.9911    16.5420   0.146185   0.048008   48.94339  -16.48997     7.3057     7.3057 0.0000e+00
    305.375       7330      0.573    14.9908    16.5416   0.146237   0.047981   48.94339  -16.48997     7.3060     7.3060 0.0000e+00
    305.417       7331      0.573    14.9905    16.5412   0.146295   0.047959   48.94339  -16.48997     7.3064     7.3064 0.0000e+00
    305.458       7332      0.573    14.9902    16.5408   0.146357   0.047940   48.94339  -16.48997     7.3067     7.3067 0.0000e+00
    305.500       7333      0.572    14.9898    16.5405   0.146418   0.047924   48.94339  -16.48997     7.3069     7.3069 0.0000e+00
    305.542       7334      0.572    14.9895    16.5401   0.146476   0.047912   48.94339  -16.48997     7.3072     7.3072 0.0000e+00
    305.583       7335      0.572    14.9891    16.5399   0.146530   0.047900   48.94339  -16.48997     7.3074     7.3074 0.0000e+00
    305.625       7336      0.571    14.9888    16.5396   0.146577   0.047888   48.94339  -16.48997     7.3076     7.3076 0.0000e+00
    305.667       7337      0.571    14.9885    16.5394   0.146614   0.047875   48.94339  -16.48997     7.3078     7.3078 0.0000e+00
    305.708       7338      0.571    14.9881    16.5392   0.146640   0.047859   48.94339  -16.48997     7.3080     7.3080 0.0000e+00
    305.750       7339      0.571    14.9878    16.5390   0.146654   0.047840   48.94339  -16.48997     7.3081     7.3081 0.0000e+00
    305.792       7340      0.571    14.9874    16.5388   0.146655   0.047817   48.94339  -16.48997     7.3082     7.3082 0.0000e+00
    305.833       7341      0.571    14.9871    16.5387   0.146646   0.047789   48.94339  -16.48997     7.3083     7.3083 0.0000e+00
    305.875       7342      0.571    14.9868    16.5385   0.146629   0.047756   48.94339  -16.48997     7.3084     7.3084 0.0000e+00
    305.917       7343      0.571    14.9864    16.5384   0.146603   0.047719   48.94339  -16.48997     7.3085     7.3085 0.0000e+00
    305.958       7344      0.571    14.9861    16.5383   0.146573   0.047676   48.94339  -16.48997     7.3085     7.3085 0.0000e+00
    306.000       7345      0.571    14.9858    16.5382   0.146539   0.047630   48.94339  -16.48997     7.3085     7.3085 0.0000e+00
    306.042       7346      0.571    14.9855    16.5381   0.146503   0.047582   48.94339  -16.48997     7.3085     7.3085 0.0000e+00
    306.083       7347      0.570    14.9851    16.5381   0.146467   0.047531   48.94339  -16.48997     7.3085     7.3085 0.0000e+00
    306.125       7348      0.570    14.9848    16.5380   0.146434   0.047481   48.94339  -16.48997     7.3085     7.3085 0.0000e+00
    306.167       7349      0.570    14.9845    16.5379   0.146406   0.047432   48.94339  -16.48997     7.3084     7.3084 0.0000e+00
    306.208       7350      0.570    14.9842    16.5379   0.146383   0.047386   48.94339  -16.48997     7.3084     7.3084 0.0000e+00
    306.250       7351      0.570    14.9839    16.5378   0.146365   0.047345   48.94339  -16.48997     7.3083     7.3083 0.0000e+00
    306.292       7352      0.570    14.9835    16.5378   0.146353   0.047309   48.94339  -16.48997     7.3082     7.3082 0.0000e+00
    306.333       7353      0.569    14.9832    16.5378   0.146348   0.047279   48.94339  -16.48997     7.3081     7.3081 0.0000e+00
    306.375       7354      0.569    14.9829    16.5377   0.146348   0.047255   48.94339  -16.48997     7.3080     7.3080 0.0000e+00
    306.417       7355      0.569    14.9825    16.5377   0.146354   0.047237   48.94339  -16.48997     7.3078     7.3078 0.0000e+00
    306.458       7356      0.569    14.9822    16.5376   0.146365   0.047223   48.94339  -16.48997     7.3077     7.3077 0.0000e+00
    306.500       7357      0.568    14.9819    16.5376   0.146380   0.047213   48.94339  -16.48997     7.3075     7.3075 0.0000e+00
    306.542       7358      0.568    14.9815    16.5375   0.146398   0.047205   48.94339  -16.48997     7.3074     7.3074 0.0000e+00
    306.583       7359      0.568    14.9812    16.5375   0.146416   0.047200   48.94339  -16.48997     7.3072     7.3072 0.0000e+00
    306.625       7360      0.568    14.9808    16.5374   0.146432   0.047195   48.94339  -16.48997     7.3071     7.3071 0.0000e+00
    306.667       7361      0.568    14.9804    16.5374   0.146446   0.047191   48.94339  -16.48997     7.3069     7.3069 0.0000e+00
    306.708       7362      0.568    14.9801    16.5373   0.146455   0.047187   48.94339  -16.48997     7.3067     7.3067 0.0000e+00
    306.750       7363      0.568    14.9797    16.5372   0.146459   0.047181   48.94339  -16.48997     7.3066     7.3066 0.0000e+00
    306.792       7364      0.568    14.9794    16.5371   0.146458   0.047176   48.94339  -16.48997     7.3064     7.3064 0.0000e+00
    306.833       7365      0.568    14.9790    16.5371   0.146451   0.047169   48.94339  -16.48997     7.3062     7.3062 0.0000e+00
    306.875       7366      0.568    14.9787    16.5370   0.146437   0.047162   48.94339  -16.48997     7.3061     7.3061 0.0000e+00
    306.917       7367      0.567    14.9783    16.5369   0.146416   0.047154   48.94339  -16.48997     7.3059     7.3059 0.0000e+00
    306.958       7368      0.567    14.9780    16.5368   0.146390   0.047146   48.94339  -16.48997     7.3057     7.3057 0.0000e+00
    307.000       7369      0.567    14.9776    16.5367   0.146358   0.047137   48.94339  -16.48997     7.3056     7.3056 0.0000e+00
    307.042       7370      0.567    14.9773    16.5366   0.146323   0.047129   48.94339  -16.48997     7.3054     7.3054 0.0000e+00
    307.083       7371      0.567    14.9769    16.5365   0.146286   0.047122   48.94339  -16.48997     7.3053     7.3053 0.0000e+00
    307.125       7372      0.567    14.9766    16.5364   0.146247   0.047116   48.94339  -16.48997     7.3051     7.3051 0.0000e+00
    307.167       7373      0.567    14.9762    16.5363   0.146208   0.047112   48.94339  -16.48997     7.3050     7.3050 0.0000e+00
    307.208       7374      0.567    14.9759    16.5362   0.146169   0.047111   48.94339  -16.48997     7.3048     7.3048 0.0000e+00
    307.250       7375      0.567    14.9755    16.5362   0.146129   0.047114   48.94339  -16.48997     7.3047     7.3047 0.0000e+00
    307.292       7376      0.567    14.9752    16.5361   0.146091   0.047119   48.94339  -16.48997     7.3046     7.3046 0.0000e+00
    307.333       7377      0.567    14.9748    16.5361   0.146056   0.047128   48.94339  -16.48997     7.3044     7.3044 0.0000e+00
    307.375       7378      0.567    14.9745    16.5361   0.146025   0.047140   48.94339  -16.48997     7.3043     7.3043 0.0000e+00
    307.417       7379      0.567    14.9741    16.5360   0.145996   0.047153   48.94339  -16.48997     7.3042     7.3042 0.0000e+00
    307.458       7380      0.567    14.9738    16.5360   0.145971   0.047168   48.94339  -16.48997     7.3040     7.3040 0.0000e+00
    307.500       7381      0.567    14.9734    16.5361   0.145948   0.047185   48.94339  -16.48997     7.3039     7.3039 0.0000e+00
    307.542       7382      0.566    14.9731    16.5361   0.145928   0.047201   48.94339  -16.48997     7.3038     7.3038 0.0000e+00
    307.583       7383      0.566    14.9727    16.5361   0.145910   0.047217   48.94339  -16.48997     7.3037     7.3037 0.0000e+00
    307.625       7384      0.566    14.9723    16.5362   0.145894   0.047231   48.94339  -16.48997     7.3036     7.3036 0.0000e+00
    307.667       7385      0.566    14.9720    16.5363   0.145879   0.047244   48.94339  -16.48997     7.3035     7.3035 0.0000e+00
    307.708       7386      0.566    14.9716    16.5364   0.145867   0.047253   48.94339  -16.48997     7.3034     7.3034 0.0000e+00
    307.750       7387      0.566    14.9712    16.5365   0.145854   0.047260   48.94339  -16.48997     7.3033     7.3033 0.0000e+00
    307.792       7388      0.566    14.9708    16.5366   0.145841   0.047263   48.94339  -16.48997     7.3032     7.3032 0.0000e+00
    307.833       7389      0.566    14.9705    16.5368   0.145827   0.047263   48.94339  -16.48997     7.3031     7.3031 0.0000e+00
    307.875       7390      0.566    14.9701    16.5370   0.145812   0.047259   48.94339  -16.48997     7.3030     7.3030 0.0000e+00
    307.917       7391      0.566    14.9697    16.5372   0.145796   0.047250   48.94339  -16.48997     7.3029     7.3029 0.0000e+00
    307.958       7392      0.566    14.9693    16.5375   0.145780   0.047238   48.94339  -16.48997     7.3028     7.3028 0.0000e+00
    308.000       7393      0.566    14.9689    16.5378   0.145765   0.047221   48.94339  -16.48997     7.3027     7.3027 0.0000e+00
    308.042       7394      0.566    14.9685    16.5381   0.145750   0.047202   48.94339  -16.48997     7.3026     7.3026 0.0000e+00
    308.083       7395      0.566    14.9681    16.5385   0.145737   0.047180   48.94339  -16.48997     7.3025     7.3025 0.0000e+00
    308.125       7396      0.566    14.9677    16.5389   0.145727   0.047159   48.94339  -16.48997     7.3024     7.3024 0.0000e+00
    308.167       7397      0.566    14.9673    16.5393   0.145720   0.047138   48.94339  -16.48997     7.3024     7.3024 0.0000e+00
