Data_example/SBE_Data_Processed/DY103/SeaBird/Data/Batch/DY103_CTD01cfaldb.cnv
* Sea-Bird SBE 9 Data File:
* FileName = C:\Users\sandm\Documents\Cruises\DY103\Data\CTD Raw Data\DY103_CTD01.hex
* Software Version Seasave V 7.26.7.121
* Temperature SN = 03P-4814
* Conductivity SN = 04C-2165
* Number of Bytes Per Scan = 41
* Number of Voltage Words = 4
* Number of Scans Averaged by the Deck Unit = 1
* NMEA Latitude = 49 08.27 N
* NMEA Longitude = 013 03.02 W
* NMEA UTC (Time) = Jun 23 2019  14:08:33
** Ship: RRS Discovery
** Cruise: DY103
** Cast: 01
** Station: Test
** Julian Day: 174
** Date: 23/06/19
** Time: 14:00
** Latitude: 49 08.30'N
** Longitude: 13 02.94'W
** Depth (uncorr m): 2156
** Principal Scientist: S Hartman
** Operator: J Wynar/T Powell
# nquan = 15
# nvalues = 1014                        
# units = specified
# name 0 = timeS: Time, Elapsed [seconds]
# name 1 = scan: Scan Count
# name 2 = prDM: Pressure, Digiquartz [db]
# name 3 = t090C: Temperature [ITS-90, deg C]
# name 4 = t190C: Temperature, 2 [ITS-90, deg C]
# name 5 = c0S/m: Conductivity [S/m]
# name 6 = c1S/m: Conductivity, 2 [S/m]
# name 7 = latitude: Latitude [deg]
# name 8 = longitude: Longitude [deg]
# name 9 = sbeox0ML/L: Oxygen, SBE 43 [ml/l]
# name 10 = sbeox0ML/L: Oxygen, SBE 43 [ml/l]
# name 11 = sal00: Salinity, Practical [PSU]
# name 12 = sal11: Salinity, Practical, 2 [PSU]
# name 13 = depSM: Depth [salt water, m], lat = 49.1378
# name 14 = flag: flag
# span 0 =    400.901,   1933.718       
# span 1 =       9623,      46410       
# span 2 =      1.000,   1013.000       
# span 3 =     8.6227,    15.2207       
# span 4 =     8.6207,    15.7608       
# span 5 =   3.440771,   4.377960       
# span 6 =   2.431909,   4.374907       
# span 7 =   49.13784,   49.13787       
# span 8 =  -13.05045,  -13.05037       
# span 9 =     3.9243,     5.8254       
# span 10 =     3.9243,     5.8254      
# span 11 =    27.5179,    35.8869      
# span 12 =    18.6464,    35.8521      
# span 13 =      0.992,   1001.951      
# span 14 = 0.0000e+00, 0.0000e+00      
# interval = decibars: 1                
# start_time = Jun 23 2019 14:08:34 [System UTC, first data scan.]
# bad_flag = -9.990e-29
*END*
[from data line 290]
   1219.674      29273    291.000    11.2286    11.2283   3.987493   3.987526   49.13786  -13.05039     5.5839     5.5839    35.4823    35.4829    288.325 0.0000e+00
   1220.636      29296    292.000    11.2262    11.2263   3.987259   3.987346   49.13786  -13.05039     5.5832     5.5832    35.4818    35.4826    289.315 0.0000e+00
   1221.681      29321    293.000    11.2247    11.2242   3.987122   3.987142   49.13786  -13.05039     5.5787     5.5787    35.4815    35.4822    290.305 0.0000e+00
   1222.740      29347    294.000    11.2223    11.2211   3.986905   3.986837   49.13786  -13.05039     5.5721     5.5721    35.4811    35.4816    291.295 0.0000e+00
   1223.738      29371    295.000    11.2186    11.2165   3.986545   3.986361   49.13786  -13.05039     5.5667     5.5667    35.4807    35.4809    292.285 0.0000e+00
   1224.661      29393    296.000    11.2108    11.2075   3.985741   3.985396   49.13786  -13.05039     5.5635     5.5635    35.4798    35.4795    293.275 0.0000e+00
   1225.538      29414    297.000    11.1989    11.1973   3.984509   3.984360   49.13786  -13.05039     5.5626     5.5626    35.4785    35.4785    294.266 0.0000e+00
   1226.415      29435    298.000    11.1904    11.1902   3.983632   3.983655   49.13786  -13.05039     5.5618     5.5618    35.4775    35.4779    295.256 0.0000e+00
   1227.329      29457    299.000    11.1855    11.1858   3.983143   3.983241   49.13786  -13.05039     5.5596     5.5596    35.4769    35.4776    296.246 0.0000e+00
   1228.290      29480    300.000    11.1829    11.1835   3.982897   3.983039   49.13786  -13.05039     5.5532     5.5532    35.4765    35.4773    297.236 0.0000e+00
   1229.299      29504    301.000    11.1813    11.1820   3.982764   3.982914   49.13786  -13.05039     5.5404     5.5404    35.4762    35.4771    298.226 0.0000e+00
   1230.350      29529    302.000    11.1797    11.1800   3.982629   3.982740   49.13786  -13.05039     5.5247     5.5247    35.4760    35.4768    299.216 0.0000e+00
   1231.410      29555    303.000    11.1765    11.1769   3.982337   3.982456   49.13786  -13.05039     5.5100     5.5100    35.4758    35.4765    300.206 0.0000e+00
   1232.401      29579    304.000    11.1723    11.1730   3.981957   3.982095   49.13786  -13.05039     5.4985     5.4985    35.4756    35.4762    301.196 0.0000e+00
   1233.290      29600    305.000    11.1684    11.1689   3.981604   3.981732   49.13786  -13.05039     5.4930     5.4930    35.4754    35.4761    302.186 0.0000e+00
   1234.116      29620    306.000    11.1655    11.1657   3.981352   3.981451   49.13786  -13.05039     5.4900     5.4900    35.4752    35.4759    303.176 0.0000e+00
   1234.933      29639    307.000    11.1629    11.1625   3.981129   3.981165   49.13786  -13.05039     5.4880     5.4880    35.4750    35.4757    304.166 0.0000e+00
   1235.815      29661    308.000    11.1603    11.1586   3.980899   3.980810   49.13786  -13.05039     5.4887     5.4887    35.4748    35.4755    305.156 0.0000e+00
   1236.834      29685    309.000    11.1580    11.1550   3.980699   3.980489   49.13786  -13.05039     5.4912     5.4912    35.4746    35.4753    306.146 0.0000e+00
   1237.952      29712    310.000    11.1547    11.1526   3.980404   3.980288   49.13786  -13.05039     5.4956     5.4956    35.4744    35.4752    307.136 0.0000e+00
   1239.003      29737    311.000    11.1519    11.1519   3.980166   3.980266   49.13786  -13.05039     5.4989     5.4989    35.4742    35.4752    308.126 0.0000e+00
   1239.952      29760    312.000    11.1515    11.1521   3.980163   3.980329   49.13786  -13.05039     5.4999     5.4999    35.4742    35.4752    309.116 0.0000e+00
   1240.877      29782    313.000    11.1517    11.1523   3.980233   3.980400   49.13786  -13.05039     5.5022     5.5022    35.4742    35.4753    310.106 0.0000e+00
   1241.861      29806    314.000    11.1517    11.1525   3.980284   3.980489   49.13786  -13.05039     5.5038     5.5038    35.4742    35.4755    311.096 0.0000e+00
   1242.919      29831    315.000    11.1518    11.1529   3.980365   3.980604   49.13786  -13.05039     5.5038     5.5038    35.4745    35.4759    312.086 0.0000e+00
   1243.940      29856    316.000    11.1520    11.1530   3.980467   3.980689   49.13786  -13.05039     5.5006     5.5006    35.4749    35.4761    313.076 0.0000e+00
   1244.850      29877    317.000    11.1519    11.1531   3.980530   3.980748   49.13786  -13.05039     5.4961     5.4961    35.4751    35.4762    314.066 0.0000e+00
   1245.678      29897    318.000    11.1515    11.1530   3.980544   3.980777   49.13786  -13.05039     5.4927     5.4927    35.4752    35.4762    315.056 0.0000e+00
   1246.486      29917    319.000    11.1506    11.1522   3.980506   3.980755   49.13786  -13.05039     5.4898     5.4898    35.4753    35.4762    316.046 0.0000e+00
   1247.339      29937    320.000    11.1491    11.1508   3.980413   3.980665   49.13786  -13.05039     5.4896     5.4896    35.4753    35.4763    317.036 0.0000e+00
   1248.306      29960    321.000    11.1474    11.1486   3.980280   3.980494   49.13786  -13.05039     5.4919     5.4919    35.4753    35.4763    318.026 0.0000e+00
   1249.414      29987    322.000    11.1452    11.1460   3.980104   3.980299   49.13786  -13.05040     5.4914     5.4914    35.4752    35.4763    319.016 0.0000e+00
   1250.577      30015    323.000    11.1444    11.1449   3.980079   3.980243   49.13786  -13.05040     5.4886     5.4886    35.4752    35.4764    320.006 0.0000e+00
   1251.666      30041    324.000    11.1449    11.1448   3.980173   3.980259   49.13786  -13.05040     5.4866     5.4866    35.4752    35.4762    320.996 0.0000e+00
   1252.633      30064    325.000    11.1450    11.1447   3.980208   3.980288   49.13786  -13.05040     5.4855     5.4855    35.4751    35.4761    321.986 0.0000e+00
   1253.503      30085    326.000    11.1447    11.1443   3.980214   3.980287   49.13786  -13.05039     5.4854     5.4854    35.4750    35.4760    322.976 0.0000e+00
   1254.327      30105    327.000    11.1440    11.1435   3.980197   3.980223   49.13786  -13.05039     5.4870     5.4870    35.4750    35.4758    323.966 0.0000e+00
   1255.152      30125    328.000    11.1436    11.1420   3.980196   3.980082   49.13786  -13.05039     5.4903     5.4903    35.4749    35.4753    324.956 0.0000e+00
   1256.029      30146    329.000    11.1427    11.1399   3.980140   3.979863   49.13786  -13.05040     5.4906     5.4906    35.4748    35.4747    325.946 0.0000e+00
   1257.014      30169    330.000    11.1421    11.1398   3.980105   3.979921   49.13786  -13.05040     5.4847     5.4847    35.4746    35.4749    326.936 0.0000e+00
   1258.137      30196    331.000    11.1427    11.1412   3.980224   3.980137   49.13786  -13.05040     5.4780     5.4780    35.4748    35.4753    327.926 0.0000e+00
   1259.317      30225    332.000    11.1430    11.1421   3.980300   3.980291   49.13786  -13.05040     5.4710     5.4710    35.4748    35.4755    328.915 0.0000e+00
   1260.406      30251    333.000    11.1412    11.1432   3.980130   3.980460   49.13786  -13.05040     5.4635     5.4635    35.4744    35.4758    329.905 0.0000e+00
   1261.357      30274    334.000    11.1396    11.1423   3.979970   3.980390   49.13786  -13.05040     5.4565     5.4565    35.4739    35.4754    330.895 0.0000e+00
   1262.209      30294    335.000    11.1379    11.1407   3.979804   3.980216   49.13786  -13.05040     5.4512     5.4512    35.4734    35.4749    331.885 0.0000e+00
   1263.012      30313    336.000    11.1368    11.1386   3.979696   3.979996   49.13786  -13.05039     5.4494     5.4494    35.4730    35.4742    332.875 0.0000e+00
   1263.820      30333    337.000    11.1361    11.1374   3.979653   3.979909   49.13786  -13.05039     5.4490     5.4490    35.4728    35.4740    333.865 0.0000e+00
   1264.693      30354    338.000    11.1359    11.1369   3.979679   3.979911   49.13786  -13.05039     5.4455     5.4455    35.4727    35.4741    334.855 0.0000e+00
   1265.666      30377    339.000    11.1361    11.1373   3.979757   3.980003   49.13786  -13.05039     5.4395     5.4395    35.4729    35.4742    335.845 0.0000e+00
   1266.701      30402    340.000    11.1368    11.1378   3.979890   3.980110   49.13786  -13.05040     5.4327     5.4327    35.4730    35.4743    336.835 0.0000e+00
   1267.726      30426    341.000    11.1371    11.1377   3.979976   3.980152   49.13786  -13.05040     5.4233     5.4233    35.4733    35.4744    337.825 0.0000e+00
   1268.726      30450    342.000    11.1364    11.1367   3.979958   3.980092   49.13786  -13.05040     5.4111     5.4111    35.4733    35.4743    338.814 0.0000e+00
   1269.725      30474    343.000    11.1352    11.1348   3.979878   3.979927   49.13786  -13.05040     5.3942     5.3942    35.4732    35.4741    339.804 0.0000e+00
   1270.713      30498    344.000    11.1331    11.1318   3.979698   3.979628   49.13786  -13.05039     5.3759     5.3759    35.4729    35.4735    340.794 0.0000e+00
   1271.651      30521    345.000    11.1290    11.1267   3.979289   3.979099   49.13786  -13.05039     5.3611     5.3611    35.4724    35.4727    341.784 0.0000e+00
   1272.531      30542    346.000    11.1223    11.1204   3.978605   3.978450   49.13786  -13.05039     5.3532     5.3532    35.4716    35.4718    342.774 0.0000e+00
   1273.383      30562    347.000    11.1159    11.1143   3.977951   3.977824   49.13786  -13.05039     5.3483     5.3483    35.4708    35.4711    343.764 0.0000e+00
   1274.253      30583    348.000    11.1094    11.1077   3.977283   3.977146   49.13786  -13.05039     5.3429     5.3429    35.4699    35.4702    344.753 0.0000e+00
   1275.213      30606    349.000    11.1031    11.1017   3.976634   3.976552   49.13786  -13.05040     5.3377     5.3377    35.4691    35.4696    345.743 0.0000e+00
   1276.342      30633    350.000    11.0979    11.0964   3.976114   3.976028   49.13786  -13.05039     5.3418     5.3418    35.4685    35.4690    346.733 0.0000e+00
   1277.580      30663    351.000    11.0922    11.0902   3.975552   3.975412   49.13786  -13.05039     5.3651     5.3651    35.4679    35.4684    347.723 0.0000e+00
   1278.732      30691    352.000    11.0861    11.0850   3.974967   3.974949   49.13786  -13.05039     5.3971     5.3971    35.4675    35.4684    348.713 0.0000e+00
   1279.716      30714    353.000    11.0837    11.0837   3.974813   3.974927   49.13786  -13.05039     5.4203     5.4203    35.4678    35.4690    349.703 0.0000e+00
   1280.558      30734    354.000    11.0844    11.0848   3.974985   3.975152   49.13786  -13.05039     5.4298     5.4298    35.4684    35.4697    350.692 0.0000e+00
   1281.314      30753    355.000    11.0869    11.0873   3.975359   3.975553   49.13786  -13.05039     5.4300     5.4300    35.4693    35.4708    351.682 0.0000e+00
   1282.039      30770    356.000    11.0904    11.0909   3.975859   3.976073   49.13786  -13.05039     5.4250     5.4250    35.4705    35.4721    352.672 0.0000e+00
   1282.786      30788    357.000    11.0936    11.0944   3.976328   3.976558   49.13786  -13.05039     5.4171     5.4171    35.4716    35.4732    353.662 0.0000e+00
   1283.638      30808    358.000    11.0953    11.0959   3.976601   3.976804   49.13786  -13.05039     5.4086     5.4086    35.4723    35.4737    354.652 0.0000e+00
   1284.759      30835    359.000    11.0951    11.0949   3.976632   3.976740   49.13786  -13.05039     5.3994     5.3994    35.4723    35.4736    355.641 0.0000e+00
   1286.214      30870    360.000    11.0932    11.0926   3.976454   3.976523   49.13786  -13.05039     5.3954     5.3954    35.4719    35.4732    356.631 0.0000e+00
   1287.506      30901    361.000    11.0890    11.0889   3.976054   3.976146   49.13786  -13.05039     5.4039     5.4039    35.4715    35.4725    357.621 0.0000e+00
   1288.485      30925    362.000    11.0859    11.0864   3.975760   3.975922   49.13786  -13.05039     5.4123     5.4123    35.4712    35.4723    358.611 0.0000e+00
   1289.314      30945    363.000    11.0845    11.0859   3.975679   3.975940   49.13786  -13.05039     5.4135     5.4135    35.4712    35.4725    359.601 0.0000e+00
   1290.086      30963    364.000    11.0831    11.0851   3.975595   3.975930   49.13786  -13.05039     5.4040     5.4040    35.4713    35.4727    360.590 0.0000e+00
   1290.865      30982    365.000    11.0813    11.0833   3.975502   3.975821   49.13786  -13.05039     5.3814     5.3814    35.4716    35.4730    361.580 0.0000e+00
   1291.717      31002    366.000    11.0800    11.0812   3.975447   3.975692   49.13786  -13.05039     5.3537     5.3537    35.4720    35.4732    362.570 0.0000e+00
   1292.692      31026    367.000    11.0760    11.0760   3.975080   3.975156   49.13786  -13.05039     5.3447     5.3447    35.4717    35.4725    363.560 0.0000e+00
   1293.733      31051    368.000    11.0658    11.0641   3.973987   3.973805   49.13786  -13.05039     5.3643     5.3643    35.4702    35.4700    364.549 0.0000e+00
   1294.709      31074    369.000    11.0496    11.0483   3.972196   3.972085   49.13786  -13.05039     5.3894     5.3894    35.4674    35.4676    365.539 0.0000e+00
   1295.612      31096    370.000    11.0426    11.0431   3.971461   3.971631   49.13786  -13.05039     5.4035     5.4035    35.4664    35.4676    366.529 0.0000e+00
   1296.528      31118    371.000    11.0437    11.0448   3.971660   3.971942   49.13786  -13.05039     5.4093     5.4093    35.4669    35.4686    367.519 0.0000e+00
   1297.581      31143    372.000    11.0470    11.0482   3.972132   3.972421   49.13786  -13.05039     5.4155     5.4155    35.4680    35.4697    368.508 0.0000e+00
   1298.770      31171    373.000    11.0494    11.0506   3.972503   3.972775   49.13786  -13.05039     5.4372     5.4372    35.4689    35.4705    369.498 0.0000e+00
   1299.844      31197    374.000    11.0503    11.0518   3.972678   3.972976   49.13786  -13.05039     5.4626     5.4626    35.4693    35.4709    370.488 0.0000e+00
   1300.725      31218    375.000    11.0508    11.0523   3.972803   3.973105   49.13786  -13.05039     5.4772     5.4772    35.4696    35.4712    371.477 0.0000e+00
   1301.504      31237    376.000    11.0535    11.0549   3.973201   3.973519   49.13786  -13.05039     5.4876     5.4876    35.4705    35.4724    372.467 0.0000e+00
   1302.259      31255    377.000    11.0588    11.0597   3.973904   3.974163   49.13786  -13.05039     5.4967     5.4967    35.4721    35.4738    373.457 0.0000e+00
   1303.070      31275    378.000    11.0621    11.0627   3.974372   3.974590   49.13786  -13.05039     5.5058     5.5058    35.4731    35.4747    374.447 0.0000e+00
   1304.040      31298    379.000    11.0647    11.0652   3.974754   3.974948   49.13786  -13.05039     5.5159     5.5159    35.4740    35.4754    375.436 0.0000e+00
   1305.212      31326    380.000    11.0667    11.0672   3.975064   3.975263   49.13786  -13.05039     5.5237     5.5237    35.4747    35.4761    376.426 0.0000e+00
   1306.380      31354    381.000    11.0689    11.0694   3.975419   3.975616   49.13786  -13.05039     5.5293     5.5293    35.4756    35.4771    377.416 0.0000e+00
   1307.388      31378    382.000    11.0715    11.0719   3.975796   3.975988   49.13785  -13.05039     5.5362     5.5362    35.4765    35.4780    378.405 0.0000e+00
   1308.301      31400    383.000    11.0727    11.0733   3.976001   3.976202   49.13785  -13.05039     5.5452     5.5452    35.4769    35.4784    379.395 0.0000e+00
   1309.189      31422    384.000    11.0733    11.0740   3.976137   3.976343   49.13785  -13.05039     5.5537     5.5537    35.4772    35.4787    380.385 0.0000e+00
   1310.103      31443    385.000    11.0739    11.0747   3.976269   3.976497   49.13785  -13.05039     5.5586     5.5586    35.4775    35.4791    381.374 0.0000e+00
