Data_example/SBE_Data_Processed/DY103/SeaBird/Data/Batch/DY103_CTD04cfal.cnv
* Sea-Bird SBE 9 Data File:
* FileName = C:\Users\sandm\Documents\Cruises\DY103\Data\CTD Raw Data\DY103_CTD04.hex
* Software Version Seasave V 7.26.7.121
* Temperature SN = 03P-4814
* Conductivity SN = 04C-2165
* Number of Bytes Per Scan = 41
* Number of Voltage Words = 4
* Number of Scans Averaged by the Deck Unit = 1
* NMEA Latitude = 48 56.57 N
* NMEA Longitude = 016 29.17 W
* NMEA UTC (Time) = Jun 29 2019  16:14:22
** Ship: RRS Discovery
** Cruise: DY103
** Cast: 04
** Station:
** Julian Day: 180
** Date: 29/06/19
** Time: 16:15
** Latitude: 48 56.57'N
** Longitude: 16 29.18'W
** Depth (uncorr m): 4809
** Principal Scientist: S Hartman
** Operator: J Wynar/T Powell
# nquan = 12
# nvalues = 28823                       
# units = specified
# name 0 = timeS: Time, Elapsed [seconds]
# name 1 = scan: Scan Count
# name 2 = prDM: Pressure, Digiquartz [db]
# name 3 = t090C: Temperature [ITS-90, deg C]
# name 4 = t190C: Temperature, 2 [ITS-90, deg C]
# name 5 = c0S/m: Conductivity [S/m]
# name 6 = c1S/m: Conductivity, 2 [S/m]
# name 7 = latitude: Latitude [deg]
# name 8 = longitude: Longitude [deg]
# name 9 = sbeox0ML/L: Oxygen, SBE 43 [ml/l]
# name 10 = sbeox0ML/L: Oxygen, SBE 43 [ml/l]
# name 11 = flag:  0.000e+00
# span 0 =     12.500,   1213.417       
# span 1 =        301,      29123       
# span 2 =      0.423,    105.209       
# span 3 =    11.6067,    17.2235       
# span 4 =    11.6071,    17.3806       
# span 5 =   0.057467,   4.457633       
# span 6 =   0.015279,   4.474470       
# span 7 =   48.94282,   48.94284       
# span 8 =  -16.48623,  -16.48621       
# span 9 =     3.7222,     6.2528       
# span 10 =     3.7222,     6.2528      
# span 11 = 0.0000e+00, 0.0000e+00      
# interval = seconds: 0.0416667
# start_time = Jun 29 2019 16:14:23 [System UTC, first data scan.]
# bad_flag = -9.990e-29
*END*
[from data line 18767]
    794.458      19068    104.746    11.6245    11.6230   4.017343   4.017262   48.94284  -16.48623     5.6603     5.6603 -9.990e-29
    794.500      19069    104.749    11.6245    11.6230   4.017343   4.017262   48.94284  -16.48623     5.6604     5.6604 -9.990e-29
    794.542      19070    104.751    11.6245    11.6230   4.017343   4.017263   48.94284  -16.48623     5.6605     5.6605 -9.990e-29
    794.583      19071    104.754    11.6245    11.6230   4.017343   4.017263   48.94284  -16.48623     5.6605     5.6605 -9.990e-29
    794.625      19072    104.756    11.6245    11.6230   4.017343   4.017263   48.94284  -16.48623     5.6606     5.6606 -9.990e-29
    794.667      19073    104.758    11.6245    11.6230   4.017343   4.017264   48.94284  -16.48623     5.6607     5.6607 -9.990e-29
    794.708      19074    104.760    11.6245    11.6230   4.017342   4.017265   48.94284  -16.48623     5.6608     5.6608 -9.990e-29
    794.750      19075    104.762    11.6245    11.6230   4.017342   4.017265   48.94284  -16.48623     5.6608     5.6608 -9.990e-29
    794.792      19076    104.764    11.6244    11.6230   4.017342   4.017266   48.94284  -16.48623     5.6609     5.6609 -9.990e-29
    794.833      19077    104.766    11.6244    11.6230   4.017342   4.017266   48.94284  -16.48623     5.6610     5.6610 -9.990e-29
    794.875      19078    104.768    11.6244    11.6230   4.017342   4.017267   48.94284  -16.48623     5.6611     5.6611 -9.990e-29
    794.917      19079    104.770    11.6244    11.6231   4.017342   4.017268   48.94284  -16.48622     5.6612     5.6612 -9.990e-29
    794.958      19080    104.772    11.6244    11.6231   4.017342   4.017268   48.94284  -16.48622     5.6613     5.6613 -9.990e-29
    795.000      19081    104.774    11.6244    11.6231   4.017342   4.017269   48.94284  -16.48622     5.6614     5.6614 -9.990e-29
    795.042      19082    104.775    11.6244    11.6231   4.017342   4.017270   48.94284  -16.48622     5.6615     5.6615 -9.990e-29
    795.083      19083    104.777    11.6244    11.6231   4.017342   4.017271   48.94284  -16.48623     5.6616     5.6616 -9.990e-29
    795.125      19084    104.778    11.6245    11.6231   4.017341   4.017271   48.94284  -16.48623     5.6617     5.6617 -9.990e-29
    795.167      19085    104.780    11.6245    11.6231   4.017341   4.017272   48.94284  -16.48623     5.6618     5.6618 -9.990e-29
    795.208      19086    104.781    11.6245    11.6231   4.017341   4.017272   48.94284  -16.48623     5.6619     5.6619 -9.990e-29
    795.250      19087    104.783    11.6245    11.6231   4.017341   4.017273   48.94284  -16.48623     5.6620     5.6620 -9.990e-29
    795.292      19088    104.784    11.6245    11.6231   4.017341   4.017273   48.94284  -16.48623     5.6621     5.6621 -9.990e-29
    795.333      19089    104.785    11.6245    11.6231   4.017341   4.017274   48.94284  -16.48623     5.6622     5.6622 -9.990e-29
    795.375      19090    104.786    11.6245    11.6231   4.017341   4.017274   48.94284  -16.48623     5.6623     5.6623 -9.990e-29
    795.417      19091    104.788    11.6245    11.6231   4.017341   4.017274   48.94284  -16.48623     5.6624     5.6624 -9.990e-29
    795.458      19092    104.789    11.6245    11.6231   4.017341   4.017275   48.94284  -16.48623     5.6625     5.6625 -9.990e-29
    795.500      19093    104.790    11.6245    11.6231   4.017341   4.017275   48.94284  -16.48623     5.6627     5.6627 -9.990e-29
    795.542      19094    104.791    11.6245    11.6231   4.017341   4.017275   48.94284  -16.48623     5.6628     5.6628 -9.990e-29
    795.583      19095    104.792    11.6245    11.6231   4.017341   4.017276   48.94284  -16.48623     5.6629     5.6629 -9.990e-29
    795.625      19096    104.793    11.6245    11.6232   4.017341   4.017276   48.94284  -16.48623     5.6630     5.6630 -9.990e-29
    795.667      19097    104.794    11.6245    11.6232   4.017341   4.017276   48.94284  -16.48623     5.6631     5.6631 -9.990e-29
    795.708      19098    104.796    11.6245    11.6232   4.017341   4.017277   48.94284  -16.48623     5.6632     5.6632 -9.990e-29
    795.750      19099    104.797    11.6245    11.6232   4.017341   4.017277   48.94284  -16.48623     5.6634     5.6634 -9.990e-29
    795.792      19100    104.798    11.6245    11.6232   4.017341   4.017277   48.94284  -16.48623     5.6635     5.6635 -9.990e-29
    795.833      19101    104.799    11.6245    11.6232   4.017342   4.017278   48.94284  -16.48623     5.6636     5.6636 -9.990e-29
    795.875      19102    104.800    11.6245    11.6232   4.017342   4.017278   48.94284  -16.48623     5.6637     5.6637 -9.990e-29
    795.917      19103    104.801    11.6245    11.6232   4.017342   4.017278   48.94284  -16.48623     5.6638     5.6638 -9.990e-29
    795.958      19104    104.802    11.6245    11.6232   4.017342   4.017279   48.94284  -16.48623     5.6639     5.6639 -9.990e-29
    796.000      19105    104.803    11.6245    11.6232   4.017343   4.017279   48.94284  -16.48623     5.6640     5.6640 -9.990e-29
    796.042      19106    104.804    11.6245    11.6232   4.017343   4.017280   48.94284  -16.48623     5.6641     5.6641 -9.990e-29
    796.083      19107    104.805    11.6245    11.6232   4.017344   4.017280   48.94284  -16.48623     5.6641     5.6641 -9.990e-29
    796.125      19108    104.806    11.6245    11.6232   4.017344   4.017281   48.94284  -16.48623     5.6642     5.6642 -9.990e-29
    796.167      19109    104.807    11.6245    11.6232   4.017345   4.017281   48.94284  -16.48623     5.6643     5.6643 -9.990e-29
    796.208      19110    104.808    11.6245    11.6232   4.017345   4.017282   48.94284  -16.48623     5.6644     5.6644 -9.990e-29
    796.250      19111    104.809    11.6246    11.6232   4.017346   4.017283   48.94284  -16.48623     5.6645     5.6645 -9.990e-29
    796.292      19112    104.810    11.6246    11.6232   4.017346   4.017283   48.94284  -16.48623     5.6646     5.6646 -9.990e-29
    796.333      19113    104.811    11.6246    11.6232   4.017347   4.017284   48.94284  -16.48623     5.6646     5.6646 -9.990e-29
    796.375      19114    104.813    11.6246    11.6232   4.017347   4.017284   48.94284  -16.48623     5.6647     5.6647 -9.990e-29
    796.417      19115    104.814    11.6246    11.6232   4.017348   4.017285   48.94284  -16.48623     5.6647     5.6647 -9.990e-29
    796.458      19116    104.815    11.6246    11.6232   4.017348   4.017286   48.94284  -16.48623     5.6648     5.6648 -9.990e-29
    796.500      19117    104.816    11.6246    11.6232   4.017348   4.017286   48.94284  -16.48623     5.6648     5.6648 -9.990e-29
    796.542      19118    104.817    11.6246    11.6232   4.017349   4.017287   48.94284  -16.48623     5.6649     5.6649 -9.990e-29
    796.583      19119    104.818    11.6246    11.6232   4.017349   4.017288   48.94284  -16.48623     5.6649     5.6649 -9.990e-29
    796.625      19120    104.819    11.6246    11.6232   4.017349   4.017289   48.94284  -16.48623     5.6649     5.6649 -9.990e-29
    796.667      19121    104.820    11.6246    11.6232   4.017349   4.017290   48.94284  -16.48623     5.6650     5.6650 -9.990e-29
    796.708      19122    104.821    11.6246    11.6232   4.017350   4.017290   48.94284  -16.48623     5.6650     5.6650 -9.990e-29
    796.750      19123    104.822    11.6246    11.6232   4.017350   4.017291   48.94284  -16.48623     5.6650     5.6650 -9.990e-29
    796.792      19124    104.823    11.6246    11.6232   4.017350   4.017292   48.94284  -16.48623     5.6650     5.6650 -9.990e-29
    796.833      19125    104.824    11.6246    11.6232   4.017351   4.017293   48.94284  -16.48623     5.6650     5.6650 -9.990e-29
    796.875      19126    104.825    11.6246    11.6232   4.017351   4.017294   48.94284  -16.48623     5.6650     5.6650 -9.990e-29
    796.917      19127    104.826    11.6246    11.6232   4.017351   4.017295   48.94284  -16.48623     5.6650     5.6650 -9.990e-29
    796.958      19128    104.827    11.6246    11.6233   4.017351   4.017296   48.94284  -16.48623     5.6650     5.6650 -9.990e-29
    797.000      19129    104.828    11.6246    11.6233   4.017351   4.017297   48.94284  -16.48623     5.6650     5.6650 -9.990e-29
    797.042      19130    104.829    11.6246    11.6233   4.017352   4.017297   48.94284  -16.48623     5.6650     5.6650 -9.990e-29
    797.083      19131    104.830    11.6247    11.6233   4.017352   4.017298   48.94284  -16.48623     5.6650     5.6650 -9.990e-29
    797.125      19132    104.831    11.6247    11.6233   4.017352   4.017299   48.94284  -16.48623     5.6650     5.6650 -9.990e-29
    797.167      19133    104.832    11.6247    11.6233   4.017352   4.017300   48.94284  -16.48623     5.6650     5.6650 -9.990e-29
    797.208      19134    104.833    11.6247    11.6233   4.017352   4.017301   48.94284  -16.48623     5.6650     5.6650 -9.990e-29
    797.250      19135    104.834    11.6247    11.6233   4.017352   4.017302   48.94284  -16.48623     5.6649     5.6649 -9.990e-29
    797.292      19136    104.835    11.6247    11.6233   4.017352   4.017303   48.94284  -16.48623     5.6649     5.6649 -9.990e-29
    797.333      19137    104.835    11.6247    11.6233   4.017352   4.017304   48.94284  -16.48623     5.6649     5.6649 -9.990e-29
    797.375      19138    104.836    11.6247    11.6233   4.017351   4.017305   48.94284  -16.48623     5.6649     5.6649 -9.990e-29
    797.417      19139    104.837    11.6247    11.6233   4.017351   4.017305   48.94284  -16.48623     5.6648     5.6648 -9.990e-29
    797.458      19140    104.838    11.6247    11.6233   4.017351   4.017306   48.94284  -16.48623     5.6648     5.6648 -9.990e-29
    797.500      19141    104.838    11.6247    11.6233   4.017351   4.017307   48.94284  -16.48623     5.6648     5.6648 -9.990e-29
    797.542      19142    104.839    11.6247    11.6233   4.017350   4.017308   48.94284  -16.48623     5.6647     5.6647 -9.990e-29
    797.583      19143    104.840    11.6246    11.6234   4.017350   4.017309   48.94284  -16.48623     5.6647     5.6647 -9.990e-29
    797.625      19144    104.840    11.6246    11.6234   4.017349   4.017309   48.94284  -16.48623     5.6647     5.6647 -9.990e-29
    797.667      19145    104.841    11.6246    11.6234   4.017348   4.017310   48.94284  -16.48623     5.6647     5.6647 -9.990e-29
    797.708      19146    104.841    11.6246    11.6234   4.017348   4.017311   48.94284  -16.48623     5.6647     5.6647 -9.990e-29
    797.750      19147    104.842    11.6246    11.6234   4.017347   4.017311   48.94284  -16.48623     5.6646     5.6646 -9.990e-29
    797.792      19148    104.842    11.6246    11.6234   4.017347   4.017312   48.94284  -16.48623     5.6646     5.6646 -9.990e-29
    797.833      19149    104.842    11.6246    11.6234   4.017346   4.017313   48.94284  -16.48623     5.6646     5.6646 -9.990e-29
    797.875      19150    104.843    11.6246    11.6234   4.017346   4.017314   48.94284  -16.48623     5.6647     5.6647 -9.990e-29
    797.917      19151    104.843    11.6246    11.6234   4.017346   4.017315   48.94284  -16.48623     5.6647     5.6647 -9.990e-29
    797.958      19152    104.843    11.6246    11.6234   4.017345   4.017316   48.94284  -16.48623     5.6647     5.6647 -9.990e-29
    798.000      19153    104.844    11.6246    11.6234   4.017345   4.017316   48.94284  -16.48623     5.6647     5.6647 -9.990e-29
    798.042      19154    104.844    11.6246    11.6234   4.017344   4.017317   48.94284  -16.48623     5.6647     5.6647 -9.990e-29
    798.083      19155    104.844    11.6246    11.6234   4.017344   4.017318   48.94284  -16.48623     5.6648     5.6648 -9.990e-29
    798.125      19156    104.844    11.6246    11.6234   4.017343   4.017319   48.94284  -16.48623     5.6648     5.6648 -9.990e-29
    798.167      19157    104.844    11.6246    11.6235   4.017343   4.017320   48.94284  -16.48623     5.6649     5.6649 -9.990e-29
    798.208      19158    104.844    11.6245    11.6235   4.017343   4.017321   48.94284  -16.48623     5.6649     5.6649 -9.990e-29
    798.250      19159    104.843    11.6245    11.6235   4.017342   4.017322   48.94284  -16.48623     5.6650     5.6650 -9.990e-29
    798.292      19160    104.843    11.6245    11.6235   4.017342   4.017322   48.94284  -16.48623     5.6650     5.6650 -9.990e-29
    798.333      19161    104.843    11.6245    11.6235   4.017342   4.017323   48.94284  -16.48623     5.6651     5.6651 -9.990e-29
    798.375      19162    104.843    11.6245    11.6235   4.017341   4.017324   48.94284  -16.48623     5.6652     5.6652 -9.990e-29
    798.417      19163    104.843    11.6245    11.6235   4.017341   4.017325   48.94284  -16.48623     5.6653     5.6653 -9.990e-29
    798.458      19164    104.842    11.6245    11.6235   4.017340   4.017326   48.94284  -16.48623     5.6653     5.6653 -9.990e-29
    798.500      19165    104.842    11.6245    11.6235   4.017340   4.017327   48.94284  -16.48623     5.6654     5.6654 -9.990e-29
    798.542      19166    104.841    11.6245    11.6235   4.017339   4.017327   48.94284  -16.48623     5.6655     5.6655 -9.990e-29
    798.583      19167    104.840    11.6245    11.6235   4.017339   4.017328   48.94284  -16.48623     5.6656     5.6656 -9.990e-29
    798.625      19168    104.840    11.6245    11.6235   4.017339   4.017329   48.94284  -16.48623     5.6657     5.6657 -9.990e-29
    798.667      19169    104.839    11.6245    11.6235   4.017338   4.017330   48.94284  -16.48623     5.6658     5.6658 -9.990e-29
    798.708      19170    104.839    11.6245    11.6235   4.017338   4.017331   48.94284  -16.48623     5.6659     5.6659 -9.990e-29
    798.750      19171    104.838    11.6245    11.6235   4.017337   4.017332   48.94284  -16.48623     5.6660     5.6660 -9.990e-29
    798.792      19172    104.837    11.6245    11.6236   4.017337   4.017332   48.94284  -16.48623     5.6661     5.6661 -9.990e-29
    798.833      19173    104.837    11.6245    11.6236   4.017336   4.017333   48.94284  -16.48623     5.6662     5.6662 -9.990e-29
    798.875      19174    104.836    11.6245    11.6236   4.017336   4.017334   48.94284  -16.48623     5.6663     5.6663 -9.990e-29
    798.917      19175    104.835    11.6244    11.6236   4.017335   4.017335   48.94284  -16.48623     5.6664     5.6664 -9.990e-29
    798.958      19176    104.834    11.6244    11.6236   4.017335   4.017336   48.94284  -16.48623     5.6666     5.6666 -9.990e-29
    799.000      19177    104.833    11.6244    11.6236   4.017334   4.017337   48.94284  -16.48623     5.6667     5.6667 -9.990e-29
    799.042      19178    104.832    11.6244    11.6236   4.017334   4.017337   48.94284  -16.48623     5.6668     5.6668 -9.990e-29
    799.083      19179    104.831    11.6244    11.6236   4.017333   4.017338   48.94284  -16.48623     5.6669     5.6669 -9.990e-29
    799.125      19180    104.830    11.6244    11.6236   4.017332   4.017339   48.94284  -16.48623     5.6671     5.6671 -9.990e-29
    799.167      19181    104.829    11.6244    11.6236   4.017332   4.017340   48.94284  -16.48623     5.6672     5.6672 -9.990e-29
    799.208      19182    104.827    11.6244    11.6236   4.017331   4.017340   48.94284  -16.48623     5.6673     5.6673 -9.990e-29
    799.250      19183    104.826    11.6244    11.6236   4.017330   4.017341   48.94284  -16.48623     5.6674     5.6674 -9.990e-29
    799.292      19184    104.825    11.6244    11.6236   4.017329   4.017342   48.94284  -16.48623     5.6675     5.6675 -9.990e-29
    799.333      19185    104.824    11.6244    11.6236   4.017328   4.017342   48.94284  -16.48623     5.6676     5.6676 -9.990e-29
    799.375      19186    104.822    11.6244    11.6236   4.017328   4.017343   48.94284  -16.48623     5.6678     5.6678 -9.990e-29
    799.417      19187    104.821    11.6244    11.6237   4.017327   4.017344   48.94284  -16.48623     5.6679     5.6679 -9.990e-29
