Data_example/SBE_Data_Processed/DY103/SeaBird/Data/Batch/DY103_CTD09c.cnv
* Sea-Bird SBE 9 Data File:
* FileName = C:\Users\sandm\Documents\Cruises\DY103\Data\CTD Raw Data\DY103_CTD09.hex
* Software Version Seasave V 7.26.7.121
* Temperature SN = 03P-4814
* Conductivity SN = 04C-2165
* Number of Bytes Per Scan = 41
* Number of Voltage Words = 4
* Number of Scans Averaged by the Deck Unit = 1
* NMEA Latitude = 48 57.69 N
* NMEA Longitude = 016 22.45 W
* NMEA UTC (Time) = Jul 03 2019  15:13:00
** Ship: RRS Discovery
** Cruise: DY103
** Cast: 09
** Station:
** Julian Day: 184
** Date: 03/07/19
** Time: 15:20
** Latitude: 48 57.69'N
** Longitude: 16 22.45'W
** Depth (uncorr m): 4811
** Principal Scientist: S Hartman
** Operator: J Wynar/T Powell
# nquan = 12
# nvalues = 12004                                 
# units = specified
# name 0 = timeS: Time, Elapsed [seconds]
# name 1 = scan: Scan Count
# name 2 = prDM: Pressure, Digiquartz [db]
# name 3 = t090C: Temperature [ITS-90, deg C]
# name 4 = t190C: Temperature, 2 [ITS-90, deg C]
# name 5 = c0S/m: Conductivity [S/m]
# name 6 = c1S/m: Conductivity, 2 [S/m]
# name 7 = latitude: Latitude [deg]
# name 8 = longitude: Longitude [deg]
# name 9 = sbeox0ML/L: Oxygen, SBE 43 [ml/l]
# name 10 = sbeox0ML/L: Oxygen, SBE 43 [ml/l]
# name 11 = flag:  0.000e+00
# span 0 =     12.500,    512.625                 
# span 1 =        301,      12304                 
# span 2 =      0.441,    102.861                 
# span 3 =    12.0559,    17.1965                 
# span 4 =    12.0529,    19.1691                 
# span 5 =   0.004120,   4.488774                 
# span 6 =   0.000637,   4.489949                 
# span 7 =   48.96148,   48.96150                 
# span 8 =  -16.37420,  -16.37416                 
# span 9 =     3.8072,     7.1350                 
# span 10 =     3.8072,     7.1350                
# span 11 = 0.0000e+00, 0.0000e+00                
# interval = seconds: 0.0416667
# start_time = Jul 03 2019 15:13:01 [System UTC, first data scan.]
# bad_flag = -9.990e-29
*END*
[from data line 6497]
    283.208       6798     12.102    15.7583    15.9305   4.422092   4.438550   48.96148  -16.37420     5.7920     5.7920  0.000e+00
    283.250       6799     12.221    15.7635    15.9318   4.422611   4.438312   48.96150  -16.37416     5.7889     5.7889  0.000e+00
    283.292       6800     12.171    15.7802    15.9290   4.423454   4.438278   48.96150  -16.37416     5.7912     5.7912  0.000e+00
    283.333       6801     12.102    15.7952    15.9254   4.424531   4.438353   48.96150  -16.37416     5.7870     5.7870  0.000e+00
    283.375       6802     12.171    15.8005    15.9232   4.425714   4.438373   48.96150  -16.37416     5.7865     5.7865  0.000e+00
    283.417       6803     12.152    15.8033    15.9224   4.426718   4.438312   48.96148  -16.37420     5.7862     5.7862  0.000e+00
    283.458       6804     12.102    15.8098    15.9217   4.427170   4.438292   48.96148  -16.37420     5.7859     5.7859  0.000e+00
    283.500       6805     12.251    15.8166    15.9224   4.427297   4.438177   48.96148  -16.37420     5.7855     5.7855  0.000e+00
    283.542       6806     12.152    15.8231    15.9232   4.427496   4.438021   48.96148  -16.37420     5.7849     5.7849  0.000e+00
    283.583       6807     12.102    15.8199    15.9225   4.427576   4.437905   48.96148  -16.37420     5.7852     5.7852  0.000e+00
    283.625       6808     12.171    15.8157    15.9204   4.427702   4.437790   48.96148  -16.37420     5.7857     5.7857  0.000e+00
    283.667       6809     12.102    15.8199    15.9171   4.427961   4.438333   48.96148  -16.37420     5.7853     5.7853  0.000e+00
    283.708       6810     12.152    15.8223    15.9147   4.428208   4.439099   48.96148  -16.37420     5.7853     5.7853  0.000e+00
    283.750       6811     12.102    15.8260    15.9136   4.428320   4.439432   48.96148  -16.37420     5.7848     5.7848  0.000e+00
    283.792       6812     12.171    15.8263    15.9137   4.428454   4.439249   48.96148  -16.37420     5.7847     5.7847  0.000e+00
    283.833       6813     12.152    15.8230    15.9139   4.428454   4.439004   48.96148  -16.37420     5.7848     5.7848  0.000e+00
    283.875       6814     12.102    15.8149    15.9142   4.428081   4.438774   48.96148  -16.37420     5.7855     5.7855  0.000e+00
    283.917       6815     12.102    15.7979    15.9140   4.427456   4.438577   48.96148  -16.37420     5.7870     5.7870  0.000e+00
    283.958       6816     12.171    15.7889    15.9139   4.426945   4.438550   48.96148  -16.37420     5.7875     5.7875  0.000e+00
    284.000       6817     12.152    15.7852    15.9144   4.426612   4.438679   48.96148  -16.37420     5.7879     5.7879  0.000e+00
    284.042       6818     12.102    15.7894    15.9171   4.426419   4.438977   48.96148  -16.37420     5.7906     5.7906  0.000e+00
    284.083       6819     12.102    15.7987    15.9222   4.426326   4.439147   48.96148  -16.37420     5.7902     5.7902  0.000e+00
    284.125       6820     12.152    15.7951    15.9266   4.426273   4.439235   48.96148  -16.37420     5.7904     5.7904  0.000e+00
    284.167       6821     12.102    15.7909    15.9290   4.426326   4.439255   48.96148  -16.37420     5.7906     5.7906  0.000e+00
    284.208       6822     12.171    15.7853    15.9312   4.426373   4.439167   48.96148  -16.37420     5.7913     5.7913  0.000e+00
    284.250       6823     12.072    15.7897    15.9314   4.426552   4.438997   48.96150  -16.37416     5.7945     5.7945  0.000e+00
    284.292       6824     12.171    15.7931    15.9302   4.426752   4.438950   48.96150  -16.37416     5.7948     5.7948  0.000e+00
    284.333       6825     12.102    15.7890    15.9282   4.426998   4.438970   48.96150  -16.37416     5.7955     5.7955  0.000e+00
    284.375       6826     12.102    15.8123    15.9261   4.427682   4.438841   48.96150  -16.37416     5.7939     5.7939  0.000e+00
    284.417       6827     12.152    15.8105    15.9234   4.427849   4.438760   48.96148  -16.37420     5.7976     5.7976  0.000e+00
    284.458       6828     12.102    15.8003    15.9202   4.427310   4.438957   48.96148  -16.37420     5.7993     5.7993  0.000e+00
    284.500       6829     12.171    15.7995    15.9178   4.426911   4.439106   48.96148  -16.37420     5.8003     5.8003  0.000e+00
    284.542       6830     12.072    15.7966    15.9179   4.427543   4.439364   48.96148  -16.37420     5.8009     5.8009  0.000e+00
    284.583       6831     12.171    15.8164    15.9230   4.428793   4.439588   48.96148  -16.37420     5.8031     5.8031  0.000e+00
    284.625       6832     12.102    15.8424    15.9268   4.430003   4.439717   48.96148  -16.37420     5.8015     5.8015  0.000e+00
    284.667       6833     12.171    15.8501    15.9293   4.430635   4.439866   48.96148  -16.37420     5.8017     5.8017  0.000e+00
    284.708       6834     12.152    15.8552    15.9328   4.430801   4.440130   48.96148  -16.37420     5.8021     5.8021  0.000e+00
    284.750       6835     12.102    15.8549    15.9381   4.431040   4.440436   48.96148  -16.37420     5.8031     5.8031  0.000e+00
    284.792       6836     12.102    15.8521    15.9437   4.431120   4.440571   48.96148  -16.37420     5.8075     5.8075  0.000e+00
    284.833       6837     12.152    15.8521    15.9450   4.430921   4.440592   48.96148  -16.37420     5.8087     5.8087  0.000e+00
    284.875       6838     12.171    15.8503    15.9449   4.430741   4.440619   48.96148  -16.37420     5.8099     5.8099  0.000e+00
    284.917       6839     12.102    15.8446    15.9446   4.430987   4.440653   48.96148  -16.37420     5.8112     5.8112  0.000e+00
    284.958       6840     12.171    15.8437    15.9444   4.431652   4.440727   48.96148  -16.37420     5.8120     5.8120  0.000e+00
    285.000       6841     12.152    15.8523    15.9449   4.432624   4.440720   48.96148  -16.37420     5.8152     5.8152  0.000e+00
    285.042       6842     12.171    15.8626    15.9454   4.433335   4.440619   48.96148  -16.37420     5.8153     5.8153  0.000e+00
    285.083       6843     12.102    15.8762    15.9450   4.433674   4.440476   48.96148  -16.37420     5.8151     5.8151  0.000e+00
    285.125       6844     12.152    15.8836    15.9437   4.433661   4.440232   48.96148  -16.37420     5.8155     5.8155  0.000e+00
    285.167       6845     12.171    15.8869    15.9415   4.433501   4.439913   48.96148  -16.37420     5.8162     5.8162  0.000e+00
    285.208       6846     12.251    15.8895    15.9386   4.433109   4.439737   48.96148  -16.37420     5.8170     5.8170  0.000e+00
    285.250       6847     12.102    15.8910    15.9352   4.432543   4.439594   48.96150  -16.37416     5.8211     5.8211  0.000e+00
    285.292       6848     12.152    15.8883    15.9330   4.431718   4.439560   48.96150  -16.37416     5.8189     5.8189  0.000e+00
    285.333       6849     12.171    15.8770    15.9322   4.430534   4.439499   48.96150  -16.37416     5.8208     5.8208  0.000e+00
    285.375       6850     12.171    15.8625    15.9322   4.429005   4.439452   48.96150  -16.37416     5.8227     5.8227  0.000e+00
    285.417       6851     12.152    15.8346    15.9332   4.427556   4.439554   48.96148  -16.37420     5.8256     5.8256  0.000e+00
    285.458       6852     12.171    15.8140    15.9341   4.426426   4.439594   48.96148  -16.37420     5.8277     5.8277  0.000e+00
    285.500       6853     12.171    15.8138    15.9344   4.425601   4.439567   48.96148  -16.37420     5.8314     5.8314  0.000e+00
    285.542       6854     12.171    15.7972    15.9345   4.424677   4.439472   48.96148  -16.37420     5.8333     5.8333  0.000e+00
    285.583       6855     12.221    15.7738    15.9325   4.423568   4.439445   48.96148  -16.37420     5.8323     5.8323  0.000e+00
    285.625       6856     12.171    15.7592    15.9290   4.422597   4.439588   48.96148  -16.37420     5.8370     5.8370  0.000e+00
    285.667       6857     12.171    15.7556    15.9249   4.422092   4.439574   48.96148  -16.37420     5.8340     5.8340  0.000e+00
    285.708       6858     12.221    15.7546    15.9225   4.421886   4.439472   48.96148  -16.37420     5.8372     5.8372  0.000e+00
    285.750       6859     12.171    15.7554    15.9202   4.421767   4.439269   48.96148  -16.37420     5.8335     5.8335  0.000e+00
    285.792       6860     12.171    15.7540    15.9193   4.421594   4.439072   48.96148  -16.37420     5.8365     5.8365  0.000e+00
    285.833       6861     12.221    15.7519    15.9195   4.421488   4.438903   48.96148  -16.37420     5.8364     5.8364  0.000e+00
    285.875       6862     12.171    15.7529    15.9196   4.421554   4.438842   48.96148  -16.37420     5.8358     5.8358  0.000e+00
    285.917       6863     12.251    15.7553    15.9196   4.421501   4.438916   48.96148  -16.37420     5.8386     5.8386  0.000e+00
    285.958       6864     12.171    15.7550    15.9200   4.421129   4.439059   48.96148  -16.37420     5.8349     5.8349  0.000e+00
    286.000       6865     12.221    15.7535    15.9207   4.420856   4.439242   48.96148  -16.37420     5.8344     5.8344  0.000e+00
    286.042       6866     12.171    15.7523    15.9239   4.420823   4.439493   48.96148  -16.37420     5.8337     5.8337  0.000e+00
    286.083       6867     12.251    15.7502    15.9297   4.420810   4.439669   48.96148  -16.37420     5.8367     5.8367  0.000e+00
    286.125       6868     12.152    15.7474    15.9361   4.420823   4.439737   48.96148  -16.37420     5.8365     5.8365  0.000e+00
    286.167       6869     12.251    15.7464    15.9382   4.420777   4.439750   48.96148  -16.37420     5.8362     5.8362  0.000e+00
    286.208       6870     12.251    15.7457    15.9380   4.420730   4.439662   48.96148  -16.37420     5.8357     5.8357  0.000e+00
    286.250       6871     12.251    15.7461    15.9369   4.420836   4.439459   48.96150  -16.37416     5.8350     5.8350  0.000e+00
    286.292       6872     12.221    15.7466    15.9351   4.420983   4.439289   48.96150  -16.37416     5.8345     5.8345  0.000e+00
    286.333       6873     12.251    15.7476    15.9318   4.421049   4.439221   48.96150  -16.37416     5.8373     5.8373  0.000e+00
    286.375       6874     12.251    15.7491    15.9305   4.421002   4.439242   48.96150  -16.37416     5.8336     5.8336  0.000e+00
    286.417       6875     12.221    15.7529    15.9299   4.421042   4.439364   48.96148  -16.37420     5.8326     5.8326  0.000e+00
    286.458       6876     12.251    15.7576    15.9313   4.421315   4.439377   48.96148  -16.37420     5.8317     5.8317  0.000e+00
    286.500       6877     12.251    15.7615    15.9321   4.421707   4.439309   48.96148  -16.37420     5.8342     5.8342  0.000e+00
    286.542       6878     12.251    15.7628    15.9315   4.422032   4.439316   48.96148  -16.37420     5.8303     5.8303  0.000e+00
    286.583       6879     12.221    15.7620    15.9312   4.422252   4.439384   48.96148  -16.37420     5.8297     5.8297  0.000e+00
    286.625       6880     12.251    15.7613    15.9322   4.422358   4.439432   48.96148  -16.37420     5.8294     5.8294  0.000e+00
    286.667       6881     12.251    15.7615    15.9326   4.422398   4.439445   48.96148  -16.37420     5.8324     5.8324  0.000e+00
    286.708       6882     12.290    15.7614    15.9305   4.422325   4.439357   48.96148  -16.37420     5.8288     5.8288  0.000e+00
    286.750       6883     12.251    15.7605    15.9307   4.422125   4.439330   48.96148  -16.37420     5.8284     5.8284  0.000e+00
    286.792       6884     12.251    15.7607    15.9315   4.421933   4.439330   48.96148  -16.37420     5.8279     5.8279  0.000e+00
    286.833       6885     12.251    15.7620    15.9309   4.421660   4.439357   48.96148  -16.37420     5.8276     5.8276  0.000e+00
    286.875       6886     12.290    15.7604    15.9300   4.421414   4.439337   48.96148  -16.37420     5.8241     5.8241  0.000e+00
    286.917       6887     12.251    15.7553    15.9302   4.421188   4.439384   48.96148  -16.37420     5.8238     5.8238  0.000e+00
    286.958       6888     12.251    15.7528    15.9303   4.421049   4.439377   48.96148  -16.37420     5.8268     5.8268  0.000e+00
    287.000       6889     12.290    15.7536    15.9289   4.420909   4.439391   48.96148  -16.37420     5.8229     5.8229  0.000e+00
    287.042       6890     12.320    15.7536    15.9288   4.420790   4.439466   48.96148  -16.37420     5.8226     5.8226  0.000e+00
    287.083       6891     12.251    15.7523    15.9302   4.420677   4.439567   48.96148  -16.37420     5.8188     5.8188  0.000e+00
    287.125       6892     12.251    15.7518    15.9324   4.420617   4.439710   48.96148  -16.37420     5.8215     5.8215  0.000e+00
    287.167       6893     12.290    15.7499    15.9342   4.420524   4.439866   48.96148  -16.37420     5.8178     5.8178  0.000e+00
    287.208       6894     12.251    15.7477    15.9348   4.420497   4.439845   48.96148  -16.37420     5.8206     5.8206  0.000e+00
    287.250       6895     12.320    15.7471    15.9346   4.420524   4.439852   48.96150  -16.37416     5.8202     5.8202  0.000e+00
    287.292       6896     12.290    15.7462    15.9345   4.420757   4.439805   48.96150  -16.37416     5.8166     5.8166  0.000e+00
    287.333       6897     12.251    15.7458    15.9352   4.421401   4.439757   48.96150  -16.37416     5.8190     5.8190  0.000e+00
    287.375       6898     12.320    15.7457    15.9340   4.422092   4.439689   48.96150  -16.37416     5.8149     5.8149  0.000e+00
    287.417       6899     12.251    15.7470    15.9329   4.422405   4.439642   48.96148  -16.37420     5.8139     5.8139  0.000e+00
    287.458       6900     12.290    15.7568    15.9328   4.422225   4.439662   48.96148  -16.37420     5.8124     5.8124  0.000e+00
    287.500       6901     12.251    15.7605    15.9335   4.421979   4.439588   48.96148  -16.37420     5.8113     5.8113  0.000e+00
    287.542       6902     12.389    15.7619    15.9345   4.421753   4.439581   48.96148  -16.37420     5.8109     5.8109  0.000e+00
    287.583       6903     12.221    15.7614    15.9342   4.421580   4.439622   48.96148  -16.37420     5.8104     5.8104  0.000e+00
    287.625       6904     12.251    15.7604    15.9355   4.421434   4.439520   48.96148  -16.37420     5.8097     5.8097  0.000e+00
    287.667       6905     12.320    15.7600    15.9354   4.421281   4.439309   48.96148  -16.37420     5.8094     5.8094  0.000e+00
    287.708       6906     12.251    15.7560    15.9331   4.421275   4.439113   48.96148  -16.37420     5.8089     5.8089  0.000e+00
    287.750       6907     12.370    15.7572    15.9329   4.421368   4.439065   48.96148  -16.37420     5.8084     5.8084  0.000e+00
    287.792       6908     12.251    15.7560    15.9316   4.421454   4.439120   48.96148  -16.37420     5.8077     5.8077  0.000e+00
    287.833       6909     12.251    15.7534    15.9307   4.421441   4.439248   48.96148  -16.37420     5.8074     5.8074  0.000e+00
    287.875       6910     12.290    15.7508    15.9316   4.421235   4.439289   48.96148  -16.37420     5.8073     5.8073  0.000e+00
    287.917       6911     12.320    15.7477    15.9327   4.421115   4.439228   48.96148  -16.37420     5.8106     5.8106  0.000e+00
    287.958       6912     12.172    15.7441    15.9307   4.421016   4.439099   48.96148  -16.37420     5.8076     5.8076  0.000e+00
    288.000       6913     12.320    15.7427    15.9281   4.420850   4.438855   48.96148  -16.37420     5.8109     5.8109  0.000e+00
    288.042       6914     12.290    15.7440    15.9260   4.420770   4.438387   48.96148  -16.37420     5.8108     5.8108  0.000e+00
    288.083       6915     12.251    15.7476    15.9245   4.420956   4.437790   48.96148  -16.37420     5.8103     5.8103  0.000e+00
    288.125       6916     12.251    15.7575    15.9248   4.421361   4.436922   48.96148  -16.37420     5.8096     5.8096  0.000e+00
