Data_example/SBE_Data_Processed/JC231/SeaBird/Data/Processed/JC231_CTD_010c.ros
* Sea-Bird SBE 9 Data File:
* FileName = C:\Users\sandm\Documents\Cruises\JC231\CTD Data\CTD Raw Data\JC231_CTD_010.hex
* Software Version Seasave V 7.26.7.121
* Temperature SN = 5700
* Conductivity SN = 2164
* Number of Bytes Per Scan = 41
* Number of Voltage Words = 4
* Number of Scans Averaged by the Deck Unit = 1
* NMEA Latitude = 48 58.41 N
* NMEA Longitude = 016 27.23 W
* NMEA UTC (Time) = May 14 2022  20:10:12
* NMEA baud rate = 9600
** Ship: RRS James Cook
** Cruise: JC231
** Cast: 010
** Event:
** Station:
** Julian Day: 134
** Time (GMT): 20:10
** Latitude: 48 58.568 ' N
** Longitude: 16 27.822 ' W
** Depth (uncorrected m): 4808m
** Principal Scientist: Dr Susan Hartman
** Operator:  TP / JG
# nquan = 13
# nvalues = 1127                                  
# units = specified
# name 0 = timeS: Time, Elapsed [seconds]
# name 1 = scan: Scan Count
# name 2 = prDM: Pressure, Digiquartz [db]
# name 3 = t090C: Temperature [ITS-90, deg C]
# name 4 = t190C: Temperature, 2 [ITS-90, deg C]
# name 5 = c0S/m: Conductivity [S/m]
# name 6 = c1S/m: Conductivity, 2 [S/m]
# name 7 = latitude: Latitude [deg]
# name 8 = longitude: Longitude [deg]
# name 9 = sbeox0ML/L: Oxygen, SBE 43 [ml/l]
# name 10 = sbeox1ML/L: Oxygen, SBE 43, 2 [ml/l]
# name 11 = nbf: Bottles Fired
# name 12 = flag:  0.000e+00
# interval = seconds: 0.0416667
# start_time = May 14 2022 20:10:13 [System UTC, first data scan.]
# bad_flag = -9.990e-29
*END*
[from data line 1001]
   3153.542      75686      7.704    14.2760    14.2759   4.288545   4.289021   48.97356  -16.45376     5.8912     5.7588         21  0.000e+00
   3153.583      75687      7.516    14.2755    14.2760   4.288532   4.289041   48.97356  -16.45376     5.8848     5.7589         21  0.000e+00
   3153.625      75688      7.704    14.2756    14.2758   4.288451   4.289048   48.97356  -16.45376     5.8758     5.7592         21  0.000e+00
   3153.667      75689      7.516    14.2751    14.2757   4.288471   4.289047   48.97356  -16.45376     5.8700     5.7592         21  0.000e+00
   3153.708      75690      7.705    14.2748    14.2756   4.288424   4.289021   48.97356  -16.45376     5.8677     5.7596         21  0.000e+00
   3153.750      75691      7.705    14.2746    14.2757   4.288370   4.289014   48.97356  -16.45376     5.8689     5.7598         21  0.000e+00
   3153.792      75692      7.610    14.2745    14.2758   4.288397   4.289014   48.97356  -16.45376     5.8738     5.7596         21  0.000e+00
   3153.833      75693      7.813    14.2745    14.2754   4.288383   4.289014   48.97356  -16.45376     5.8796     5.7596         21  0.000e+00
   3153.875      75694      7.543    14.2745    14.2756   4.288417   4.289034   48.97356  -16.45376     5.8761     5.7593         21  0.000e+00
   3153.917      75695      7.705    14.2741    14.2757   4.288390   4.288987   48.97356  -16.45376     5.8762     5.7593         21  0.000e+00
   3153.958      75696      7.813    14.2743    14.2755   4.288383   4.289001   48.97356  -16.45376     5.8796     5.7559         21  0.000e+00
   3154.000      75697      7.705    14.2741    14.2757   4.288403   4.288981   48.97356  -16.45376     5.8803     5.7587         21  0.000e+00
   3154.042      75698      7.813    14.2743    14.2756   4.288383   4.289001   48.97356  -16.45376     5.8751     5.7586         21  0.000e+00
   3154.083      75699      7.705    14.2741    14.2754   4.288356   4.289034   48.97356  -16.45376     5.8729     5.7584         21  0.000e+00
   3154.125      75700      7.705    14.2743    14.2756   4.288397   4.289021   48.97356  -16.45376     5.8771     5.7551         21  0.000e+00
   3154.167      75701      7.813    14.2745    14.2757   4.288410   4.289014   48.97356  -16.45376     5.8758     5.7547         21  0.000e+00
   3154.208      75702      7.705    14.2743    14.2755   4.288424   4.289014   48.97356  -16.45376     5.8803     5.7542         21  0.000e+00
   3154.250      75703      7.813    14.2741    14.2759   4.288390   4.289014   48.97356  -16.45376     5.8815     5.7538         21  0.000e+00
   3154.292      75704      7.813    14.2745    14.2760   4.288397   4.288981   48.97356  -16.45376     5.8856     5.7534         21  0.000e+00
   3154.333      75705      7.705    14.2740    14.2757   4.288424   4.289001   48.97356  -16.45376     5.8865     5.7529         21  0.000e+00
   3154.375      75706      7.907    14.2743    14.2762   4.288444   4.288981   48.97356  -16.45376     5.8845     5.7492         21  0.000e+00
   3154.417      75707      7.705    14.2740    14.2757   4.288390   4.289001   48.97356  -16.45376     5.8854     5.7517         21  0.000e+00
   3154.458      75708      7.813    14.2741    14.2756   4.288329   4.288981   48.97356  -16.45376     5.8835     5.7514         21  0.000e+00
   3154.500      75709      7.705    14.2740    14.2755   4.288356   4.288914   48.97356  -16.45376     5.8883     5.7512         21  0.000e+00
   3154.542      75710      7.907    14.2740    14.2752   4.288343   4.288900   48.97356  -16.45376     5.8873     5.7479         21  0.000e+00
   3154.583      75711      7.813    14.2738    14.2749   4.288376   4.288813   48.97356  -16.45376     5.8890     5.7508         21  0.000e+00
   3154.625      75712      7.705    14.2738    14.2745   4.288376   4.288787   48.97356  -16.45376     5.8941     5.7507         21  0.000e+00
   3154.667      75713      7.813    14.2738    14.2741   4.288356   4.288726   48.97356  -16.45376     5.8968     5.7474         21  0.000e+00
   3164.000      75937      7.210    14.2280    14.2741   4.284050   4.288867   48.97356  -16.45376     6.0034     5.7871         22  0.000e+00
   3164.042      75938      7.453    14.2289    14.2742   4.284172   4.288860   48.97356  -16.45376     6.0095     5.7874         22  0.000e+00
   3164.083      75939      7.318    14.2292    14.2737   4.284226   4.288860   48.97356  -16.45376     6.0086     5.7875         22  0.000e+00
   3164.125      75940      7.210    14.2292    14.2740   4.284341   4.288860   48.97356  -16.45376     6.0045     5.7875         22  0.000e+00
   3164.167      75941      7.318    14.2297    14.2736   4.284543   4.288833   48.97356  -16.45376     5.9973     5.7877         22  0.000e+00
   3164.208      75942      7.412    14.2317    14.2737   4.284577   4.288766   48.97356  -16.45376     5.9960     5.7879         22  0.000e+00
   3164.250      75943      7.318    14.2347    14.2734   4.284590   4.288753   48.97356  -16.45376     5.9981     5.7878         22  0.000e+00
   3164.292      75944      7.210    14.2371    14.2732   4.284847   4.288719   48.97356  -16.45376     6.0039     5.7878         22  0.000e+00
   3164.333      75945      7.210    14.2402    14.2728   4.285042   4.288740   48.97356  -16.45376     6.0102     5.7880         22  0.000e+00
   3164.375      75946      7.318    14.2422    14.2732   4.285137   4.288773   48.97356  -16.45376     6.0107     5.7883         22  0.000e+00
   3164.417      75947      7.412    14.2425    14.2728   4.285184   4.288813   48.97356  -16.45376     6.0112     5.7882         22  0.000e+00
   3164.458      75948      7.210    14.2422    14.2732   4.285299   4.288766   48.97356  -16.45376     6.0115     5.7913         22  0.000e+00
   3164.500      75949      7.210    14.2426    14.2730   4.285400   4.288773   48.97356  -16.45376     6.0089     5.7914         22  0.000e+00
   3164.542      75950      7.210    14.2439    14.2728   4.285474   4.288760   48.97356  -16.45376     6.0094     5.7915         22  0.000e+00
   3164.583      75951      7.210    14.2446    14.2729   4.285454   4.288780   48.97356  -16.45376     6.0133     5.7918         22  0.000e+00
   3164.625      75952      7.210    14.2444    14.2730   4.285393   4.288813   48.97356  -16.45376     6.0147     5.7954         22  0.000e+00
   3164.667      75953      7.210    14.2443    14.2729   4.285353   4.288793   48.97356  -16.45376     6.0164     5.7959         22  0.000e+00
   3164.708      75954      7.318    14.2440    14.2732   4.285346   4.288786   48.97356  -16.45376     6.0183     5.7964         22  0.000e+00
   3164.750      75955      7.116    14.2439    14.2732   4.285305   4.288786   48.97356  -16.45376     6.0232     5.7966         22  0.000e+00
   3164.792      75956      7.210    14.2435    14.2732   4.285299   4.288786   48.97356  -16.45376     6.0285     5.7970         22  0.000e+00
   3164.833      75957      7.318    14.2435    14.2733   4.285278   4.288813   48.97356  -16.45376     6.0369     5.8007         22  0.000e+00
   3164.875      75958      7.048    14.2430    14.2734   4.285211   4.288826   48.97356  -16.45376     6.0357     5.8010         22  0.000e+00
   3164.917      75959      7.318    14.2423    14.2732   4.285137   4.288827   48.97356  -16.45376     6.0311     5.8017         22  0.000e+00
   3164.958      75960      7.210    14.2426    14.2736   4.285204   4.288793   48.97356  -16.45376     6.0250     5.8020         22  0.000e+00
   3165.000      75961      7.021    14.2428    14.2735   4.285258   4.288813   48.97356  -16.45376     6.0185     5.8056         22  0.000e+00
   3165.042      75962      7.318    14.2430    14.2736   4.285265   4.288847   48.97356  -16.45376     6.0150     5.8063         22  0.000e+00
   3165.083      75963      7.116    14.2435    14.2737   4.285211   4.288860   48.97356  -16.45376     6.0139     5.8067         22  0.000e+00
   3165.125      75964      7.116    14.2434    14.2736   4.285251   4.288887   48.97356  -16.45376     6.0163     5.8071         22  0.000e+00
   3165.167      75965      7.116    14.2433    14.2736   4.285272   4.288867   48.97356  -16.45376     6.0124     5.8074         22  0.000e+00
   3165.208      75966      7.116    14.2435    14.2737   4.285346   4.288860   48.97356  -16.45376     6.0114     5.8077         22  0.000e+00
   3165.250      75967      7.210    14.2436    14.2739   4.285434   4.288860   48.97356  -16.45376     6.0134     5.8079         22  0.000e+00
   3165.292      75968      7.021    14.2439    14.2737   4.285481   4.288833   48.97356  -16.45376     6.0118     5.8080         22  0.000e+00
   3165.333      75969      7.318    14.2438    14.2737   4.285515   4.288827   48.97356  -16.45376     6.0203     5.8083         22  0.000e+00
   3165.375      75970      7.021    14.2444    14.2737   4.285501   4.288826   48.97356  -16.45376     6.0222     5.8080         22  0.000e+00
   3165.417      75971      7.116    14.2445    14.2736   4.285407   4.288827   48.97356  -16.45376     6.0251     5.8083         22  0.000e+00
   3165.458      75972      7.210    14.2446    14.2733   4.285380   4.288827   48.97356  -16.45376     6.0251     5.8052         22  0.000e+00
   3165.500      75973      7.116    14.2447    14.2734   4.285481   4.288847   48.97356  -16.45376     6.0283     5.8050         22  0.000e+00
   3165.542      75974      7.116    14.2448    14.2735   4.285467   4.288800   48.97356  -16.45376     6.0253     5.8081         22  0.000e+00
   3165.583      75975      7.021    14.2460    14.2734   4.285481   4.288786   48.97356  -16.45376     6.0312     5.8047         22  0.000e+00
   3165.625      75976      7.116    14.2471    14.2735   4.285515   4.288786   48.97356  -16.45376     6.0341     5.8011         22  0.000e+00
   3165.667      75977      7.048    14.2470    14.2734   4.285413   4.288786   48.97356  -16.45376     6.0440     5.8038         22  0.000e+00
   3165.708      75978      7.022    14.2458    14.2735   4.285319   4.288813   48.97356  -16.45376     6.0516     5.8000         22  0.000e+00
   3165.750      75979      7.116    14.2444    14.2732   4.285245   4.288847   48.97356  -16.45376     6.0536     5.7994         22  0.000e+00
   3165.792      75980      7.116    14.2442    14.2733   4.285170   4.288833   48.97356  -16.45376     6.0554     5.7990         22  0.000e+00
   3165.833      75981      7.116    14.2435    14.2732   4.285130   4.288793   48.97356  -16.45376     6.0537     5.7948         22  0.000e+00
   3165.875      75982      7.116    14.2434    14.2732   4.285123   4.288786   48.97356  -16.45376     6.0545     5.7972         22  0.000e+00
   3165.917      75983      7.022    14.2426    14.2733   4.284927   4.288813   48.97356  -16.45376     6.0553     5.7963         22  0.000e+00
   3165.958      75984      7.116    14.2392    14.2734   4.284658   4.288827   48.97356  -16.45376     6.0529     5.7921         22  0.000e+00
   3166.000      75985      7.116    14.2360    14.2732   4.284489   4.288766   48.97356  -16.45376     6.0533     5.7910         22  0.000e+00
   3183.458      76404      7.026    14.2507    14.2452   4.286000   4.286030   48.97356  -16.45376     6.0275     5.7743         23  0.000e+00
   3183.500      76405      7.121    14.2508    14.2448   4.285946   4.285889   48.97356  -16.45376     6.0274     5.7740         23  0.000e+00
   3183.542      76406      6.919    14.2505    14.2441   4.285987   4.285802   48.97356  -16.45376     6.0297     5.7736         23  0.000e+00
   3183.583      76407      7.026    14.2505    14.2442   4.285886   4.285996   48.97356  -16.45376     6.0258     5.7732         23  0.000e+00
   3183.625      76408      7.026    14.2503    14.2477   4.286021   4.286458   48.97356  -16.45376     6.0212     5.7724         23  0.000e+00
   3183.667      76409      7.026    14.2510    14.2524   4.286189   4.286960   48.97356  -16.45376     6.0132     5.7718         23  0.000e+00
   3183.708      76410      7.121    14.2523    14.2543   4.286270   4.287127   48.97356  -16.45376     6.0020     5.7716         23  0.000e+00
   3183.750      76411      6.919    14.2530    14.2556   4.286243   4.287147   48.97356  -16.45376     6.0000     5.7713         23  0.000e+00
   3183.792      76412      7.121    14.2531    14.2562   4.286419   4.287254   48.97356  -16.45376     6.0020     5.7745         23  0.000e+00
   3183.833      76413      7.026    14.2554    14.2571   4.286648   4.287375   48.97356  -16.45376     6.0040     5.7743         23  0.000e+00
   3183.875      76414      7.026    14.2567    14.2579   4.286810   4.287435   48.97356  -16.45376     6.0067     5.7745         23  0.000e+00
   3183.917      76415      7.121    14.2580    14.2592   4.286851   4.287502   48.97356  -16.45376     6.0064     5.7747         23  0.000e+00
   3183.958      76416      7.121    14.2586    14.2604   4.286885   4.287542   48.97356  -16.45376     5.9969     5.7783         23  0.000e+00
   3184.000      76417      7.026    14.2591    14.2606   4.286797   4.287555   48.97356  -16.45376     5.9935     5.7788         23  0.000e+00
   3184.042      76418      7.161    14.2587    14.2604   4.286696   4.287495   48.97356  -16.45376     5.9873     5.7762         23  0.000e+00
   3184.083      76419      7.026    14.2581    14.2604   4.286696   4.287562   48.97356  -16.45376     5.9898     5.7797         23  0.000e+00
   3184.125      76420      7.121    14.2580    14.2609   4.286669   4.287676   48.97356  -16.45376     5.9929     5.7803         23  0.000e+00
   3184.167      76421      7.121    14.2579    14.2618   4.286642   4.287789   48.97356  -16.45376     5.9965     5.7808         23  0.000e+00
   3184.208      76422      7.215    14.2578    14.2627   4.286716   4.287816   48.97356  -16.45376     5.9942     5.7847         23  0.000e+00
   3184.250      76423      7.026    14.2584    14.2634   4.286763   4.287876   48.97356  -16.45376     5.9882     5.7854         23  0.000e+00
   3184.292      76424      7.121    14.2585    14.2641   4.286810   4.287896   48.97356  -16.45376     5.9823     5.7896         23  0.000e+00
   3184.333      76425      7.121    14.2586    14.2637   4.286844   4.287809   48.97356  -16.45376     5.9729     5.7905         23  0.000e+00
   3184.375      76426      7.121    14.2589    14.2636   4.286878   4.287803   48.97356  -16.45376     5.9662     5.7879         23  0.000e+00
   3184.417      76427      7.323    14.2590    14.2648   4.286837   4.287930   48.97356  -16.45376     5.9626     5.7920         23  0.000e+00
   3184.458      76428      7.027    14.2589    14.2671   4.286824   4.288111   48.97356  -16.45376     5.9585     5.7926         23  0.000e+00
   3184.500      76429      7.215    14.2586    14.2669   4.286736   4.288070   48.97356  -16.45376     5.9547     5.7971         23  0.000e+00
   3184.542      76430      7.121    14.2583    14.2653   4.286669   4.287870   48.97356  -16.45376     5.9539     5.7985         23  0.000e+00
   3184.583      76431      7.215    14.2575    14.2648   4.286561   4.287983   48.97356  -16.45376     5.9530     5.7998         23  0.000e+00
   3184.625      76432      7.121    14.2568    14.2651   4.286581   4.288124   48.97356  -16.45376     5.9522     5.8008         23  0.000e+00
   3184.667      76433      7.121    14.2570    14.2660   4.286723   4.288318   48.97356  -16.45376     5.9479     5.8048         23  0.000e+00
   3184.708      76434      7.215    14.2589    14.2672   4.286999   4.288378   48.97356  -16.45376     5.9498     5.8059         23  0.000e+00
   3184.750      76435      7.323    14.2605    14.2678   4.287161   4.288291   48.97356  -16.45376     5.9494     5.8103         23  0.000e+00
   3184.792      76436      7.121    14.2617    14.2679   4.287229   4.288291   48.97356  -16.45376     5.9457     5.8080         23  0.000e+00
