Data_example/SBE_Data_Processed/JC231/SeaBird/Data/Processed/JC231_CTD_009c.ros
* Sea-Bird SBE 9 Data File:
* FileName = C:\Users\sandm\Documents\Cruises\JC231\CTD Data\CTD Raw Data\JC231_CTD_009.hex
* Software Version Seasave V 7.26.7.121
* Temperature SN = 5700
* Conductivity SN = 2164
* Number of Bytes Per Scan = 41
* Number of Voltage Words = 4
* Number of Scans Averaged by the Deck Unit = 1
* NMEA Latitude = 48 58.43 N
* NMEA Longitude = 016 28.09 W
* NMEA UTC (Time) = May 14 2022  16:01:18
* NMEA baud rate = 9600
** Ship: RRS James Cook
** Cruise: JC231
** Cast: 009
** Event:
** Station:
** Julian Day: 134
** Time (GMT): 16:00
** Latitude: 48 58.433 ' N
** Longitude: 16 28.090 ' W
** Depth (uncorrected m): 4804m
** Principal Scientist: Dr Susan Hartman
** Operator:  TP / JG
# nquan = 13
# nvalues = 1127                                  
# units = specified
# name 0 = timeS: Time, Elapsed [seconds]
# name 1 = scan: Scan Count
# name 2 = prDM: Pressure, Digiquartz [db]
# name 3 = t090C: Temperature [ITS-90, deg C]
# name 4 = t190C: Temperature, 2 [ITS-90, deg C]
# name 5 = c0S/m: Conductivity [S/m]
# name 6 = c1S/m: Conductivity, 2 [S/m]
# name 7 = latitude: Latitude [deg]
# name 8 = longitude: Longitude [deg]
# name 9 = sbeox0ML/L: Oxygen, SBE 43 [ml/l]
# name 10 = sbeox1ML/L: Oxygen, SBE 43, 2 [ml/l]
# name 11 = nbf: Bottles Fired
# name 12 = flag:  0.000e+00
# interval = seconds: 0.0416667
# start_time = May 14 2022 16:01:19 [System UTC, first data scan.]
# bad_flag = -9.990e-29
*END*
[from data line 334]
   2695.292      64688    405.034    11.2706    11.2715   3.996486   3.997116   48.97542  -16.46824     5.4066     5.3614          7  0.000e+00
   2695.333      64689    405.021    11.2705    11.2713   3.996473   3.997142   48.97542  -16.46824     5.4060     5.3610          7  0.000e+00
   2695.375      64690    405.116    11.2705    11.2716   3.996479   3.997168   48.97542  -16.46824     5.4061     5.3611          7  0.000e+00
   2695.417      64691    404.940    11.2703    11.2716   3.996486   3.997142   48.97542  -16.46824     5.4057     5.3610          7  0.000e+00
   2695.458      64692    405.116    11.2706    11.2715   3.996453   3.997136   48.97542  -16.46824     5.4058     5.3616          7  0.000e+00
   2695.500      64693    405.021    11.2703    11.2715   3.996473   3.997136   48.97542  -16.46824     5.4058     5.3616          7  0.000e+00
   2695.542      64694    405.116    11.2705    11.2715   3.996499   3.997136   48.97542  -16.46824     5.4056     5.3617          7  0.000e+00
   2695.583      64695    405.035    11.2705    11.2712   3.996486   3.997077   48.97542  -16.46824     5.4055     5.3617          7  0.000e+00
   2695.625      64696    404.913    11.2705    11.2712   3.996486   3.997077   48.97542  -16.46824     5.4055     5.3617          7  0.000e+00
   2924.000      70177    253.377    11.8310    11.8313   4.050158   4.050725   48.97564  -16.46824     5.5310     5.4756          8  0.000e+00
   2924.042      70178    253.782    11.8308    11.8311   4.050145   4.050752   48.97564  -16.46824     5.5280     5.4758          8  0.000e+00
   2924.083      70179    253.485    11.8310    11.8313   4.050152   4.050758   48.97564  -16.46824     5.5277     5.4750          8  0.000e+00
   2924.125      70180    253.674    11.8308    11.8313   4.050158   4.050732   48.97564  -16.46824     5.5245     5.4747          8  0.000e+00
   2924.167      70181    253.579    11.8308    11.8311   4.050145   4.050745   48.97564  -16.46824     5.5244     5.4744          8  0.000e+00
   2924.208      70182    253.593    11.8308    11.8313   4.050185   4.050745   48.97564  -16.46824     5.5244     5.4742          8  0.000e+00
   2924.250      70183    253.485    11.8308    11.8311   4.050158   4.050725   48.97564  -16.46824     5.5240     5.4739          8  0.000e+00
   2924.292      70184    253.674    11.8308    11.8311   4.050152   4.050725   48.97564  -16.46824     5.5242     5.4738          8  0.000e+00
   2924.333      70185    253.579    11.8310    11.8311   4.050145   4.050693   48.97564  -16.46824     5.5241     5.4735          8  0.000e+00
   2924.375      70186    253.674    11.8308    11.8311   4.050125   4.050738   48.97564  -16.46824     5.5240     5.4733          8  0.000e+00
   2924.417      70187    253.485    11.8308    11.8311   4.050165   4.050719   48.97564  -16.46824     5.5239     5.4729          8  0.000e+00
   2924.458      70188    253.674    11.8309    11.8311   4.050158   4.050745   48.97564  -16.46824     5.5244     5.4727          8  0.000e+00
   2924.500      70189    253.580    11.8310    11.8313   4.050171   4.050758   48.97564  -16.46824     5.5241     5.4686          8  0.000e+00
   2924.542      70190    253.674    11.8308    11.8310   4.050191   4.050732   48.97564  -16.46824     5.5240     5.4681          8  0.000e+00
   2924.583      70191    253.485    11.8310    11.8311   4.050125   4.050725   48.97564  -16.46824     5.5237     5.4710          8  0.000e+00
   2924.625      70192    253.580    11.8308    11.8311   4.050119   4.050738   48.97564  -16.46824     5.5202     5.4711          8  0.000e+00
   2924.667      70193    253.580    11.8310    11.8311   4.050145   4.050725   48.97564  -16.46824     5.5236     5.4711          8  0.000e+00
   2924.708      70194    253.796    11.8308    11.8311   4.050145   4.050745   48.97564  -16.46824     5.5202     5.4710          8  0.000e+00
   2924.750      70195    253.485    11.8312    11.8310   4.050152   4.050699   48.97564  -16.46826     5.5196     5.4708          8  0.000e+00
   2924.792      70196    253.674    11.8310    11.8311   4.050145   4.050738   48.97564  -16.46826     5.5232     5.4672          8  0.000e+00
   2924.833      70197    253.580    11.8308    11.8310   4.050152   4.050745   48.97564  -16.46826     5.5234     5.4706          8  0.000e+00
   2924.875      70198    253.580    11.8308    11.8310   4.050171   4.050725   48.97564  -16.46826     5.5202     5.4706          8  0.000e+00
   2924.917      70199    253.782    11.8308    11.8313   4.050139   4.050745   48.97564  -16.46826     5.5239     5.4671          8  0.000e+00
   2924.958      70200    253.580    11.8310    11.8309   4.050138   4.050732   48.97564  -16.46826     5.5240     5.4667          8  0.000e+00
   2925.000      70201    253.580    11.8310    11.8311   4.050152   4.050725   48.97564  -16.46826     5.5209     5.4664          8  0.000e+00
   2925.042      70202    253.580    11.8310    11.8313   4.050171   4.050706   48.97564  -16.46826     5.5207     5.4661          8  0.000e+00
   2925.083      70203    253.782    11.8308    11.8311   4.050139   4.050745   48.97564  -16.46826     5.5208     5.4656          8  0.000e+00
   2925.125      70204    253.485    11.8308    11.8311   4.050145   4.050732   48.97564  -16.46826     5.5170     5.4652          8  0.000e+00
   2925.167      70205    253.674    11.8308    11.8311   4.050171   4.050745   48.97564  -16.46826     5.5199     5.4651          8  0.000e+00
   2925.208      70206    253.593    11.8310    11.8311   4.050158   4.050758   48.97564  -16.46826     5.5201     5.4648          8  0.000e+00
   2925.250      70207    253.580    11.8308    11.8310   4.050171   4.050771   48.97564  -16.46826     5.5201     5.4649          8  0.000e+00
   2925.292      70208    253.783    11.8308    11.8311   4.050158   4.050706   48.97564  -16.46826     5.5202     5.4653          8  0.000e+00
   2925.333      70209    253.580    11.8310    11.8311   4.050198   4.050712   48.97564  -16.46826     5.5197     5.4650          8  0.000e+00
   2925.375      70210    253.580    11.8312    11.8313   4.050171   4.050745   48.97564  -16.46826     5.5195     5.4648          8  0.000e+00
   2925.417      70211    253.580    11.8312    11.8311   4.050171   4.050758   48.97564  -16.46826     5.5195     5.4644          8  0.000e+00
   2925.458      70212    253.580    11.8312    11.8313   4.050158   4.050732   48.97564  -16.46826     5.5193     5.4642          8  0.000e+00
   2925.500      70213    253.783    11.8308    11.8311   4.050198   4.050738   48.97564  -16.46826     5.5192     5.4606          8  0.000e+00
   2925.542      70214    253.580    11.8310    11.8313   4.050171   4.050725   48.97564  -16.46826     5.5189     5.4600          8  0.000e+00
   2925.583      70215    253.485    11.8314    11.8310   4.050145   4.050725   48.97564  -16.46826     5.5224     5.4596          8  0.000e+00
   2925.625      70216    253.580    11.8314    11.8309   4.050204   4.050725   48.97564  -16.46826     5.5225     5.4593          8  0.000e+00
   2925.667      70217    253.675    11.8312    11.8311   4.050171   4.050725   48.97564  -16.46826     5.5195     5.4590          8  0.000e+00
   2925.708      70218    253.499    11.8314    11.8310   4.050171   4.050738   48.97564  -16.46826     5.5230     5.4586          8  0.000e+00
   2925.750      70219    253.675    11.8312    11.8313   4.050158   4.050752   48.97564  -16.46826     5.5235     5.4584          8  0.000e+00
   2925.792      70220    253.675    11.8314    11.8311   4.050171   4.050758   48.97564  -16.46826     5.5204     5.4581          8  0.000e+00
   2925.833      70221    253.485    11.8314    11.8311   4.050191   4.050732   48.97564  -16.46826     5.5237     5.4578          8  0.000e+00
   2925.875      70222    253.675    11.8315    11.8311   4.050204   4.050745   48.97564  -16.46826     5.5204     5.4577          8  0.000e+00
   2925.917      70223    253.580    11.8310    11.8311   4.050145   4.050745   48.97564  -16.46826     5.5241     5.4575          8  0.000e+00
   2925.958      70224    253.675    11.8312    11.8311   4.050218   4.050752   48.97564  -16.46826     5.5246     5.4574          8  0.000e+00
   2926.000      70225    253.580    11.8314    11.8313   4.050211   4.050758   48.97564  -16.46826     5.5250     5.4572          8  0.000e+00
   2958.708      71010    253.699    11.8314    11.8323   4.050171   4.050876   48.97566  -16.46826     5.5264     5.4717          9  0.000e+00
   2958.750      71011    253.699    11.8312    11.8323   4.050224   4.050869   48.97566  -16.46826     5.5298     5.4717          9  0.000e+00
   2958.792      71012    253.726    11.8315    11.8323   4.050231   4.050889   48.97566  -16.46826     5.5265     5.4717          9  0.000e+00
   2958.833      71013    253.807    11.8314    11.8322   4.050205   4.050876   48.97566  -16.46826     5.5224     5.4718          9  0.000e+00
   2958.875      71014    253.699    11.8312    11.8325   4.050158   4.050869   48.97566  -16.46826     5.5252     5.4717          9  0.000e+00
   2958.917      71015    253.699    11.8314    11.8321   4.050204   4.050876   48.97566  -16.46826     5.5249     5.4717          9  0.000e+00
   2958.958      71016    253.807    11.8314    11.8323   4.050211   4.050843   48.97566  -16.46826     5.5246     5.4714          9  0.000e+00
   2959.000      71017    253.699    11.8312    11.8323   4.050224   4.050856   48.97566  -16.46826     5.5245     5.4713          9  0.000e+00
   2959.042      71018    253.699    11.8313    11.8323   4.050191   4.050869   48.97566  -16.46826     5.5245     5.4746          9  0.000e+00
   2959.083      71019    253.902    11.8314    11.8323   4.050218   4.050869   48.97566  -16.46826     5.5212     5.4709          9  0.000e+00
   2959.125      71020    253.699    11.8312    11.8323   4.050244   4.050909   48.97566  -16.46826     5.5278     5.4741          9  0.000e+00
   2959.167      71021    253.808    11.8314    11.8323   4.050178   4.050882   48.97566  -16.46826     5.5317     5.4703          9  0.000e+00
   2959.208      71022    253.808    11.8312    11.8323   4.050224   4.050869   48.97566  -16.46826     5.5323     5.4739          9  0.000e+00
   2959.250      71023    253.699    11.8312    11.8323   4.050211   4.050889   48.97566  -16.46826     5.5293     5.4700          9  0.000e+00
   2959.292      71024    253.808    11.8314    11.8323   4.050198   4.050876   48.97566  -16.46826     5.5297     5.4699          9  0.000e+00
   2959.333      71025    253.821    11.8310    11.8323   4.050205   4.050850   48.97566  -16.46826     5.5263     5.4698          9  0.000e+00
   2959.375      71026    253.700    11.8314    11.8322   4.050198   4.050889   48.97566  -16.46826     5.5295     5.4692          9  0.000e+00
   2959.417      71027    253.808    11.8314    11.8325   4.050205   4.050876   48.97566  -16.46826     5.5299     5.4724          9  0.000e+00
   2959.458      71028    253.700    11.8314    11.8325   4.050224   4.050869   48.97566  -16.46826     5.5299     5.4725          9  0.000e+00
   2959.500      71029    253.808    11.8312    11.8323   4.050191   4.050837   48.97566  -16.46826     5.5267     5.4728          9  0.000e+00
   2959.542      71030    253.902    11.8314    11.8322   4.050158   4.050869   48.97566  -16.46826     5.5303     5.4726          9  0.000e+00
   2959.583      71031    253.700    11.8314    11.8325   4.050224   4.050895   48.97566  -16.46826     5.5268     5.4725          9  0.000e+00
   2959.625      71032    253.700    11.8312    11.8323   4.050231   4.050876   48.97566  -16.46826     5.5299     5.4726          9  0.000e+00
   2959.667      71033    253.808    11.8312    11.8322   4.050165   4.050915   48.97566  -16.46826     5.5301     5.4728          9  0.000e+00
   2959.708      71034    253.903    11.8312    11.8323   4.050205   4.050882   48.97566  -16.46826     5.5299     5.4729          9  0.000e+00
   2959.750      71035    253.700    11.8312    11.8323   4.050211   4.050909   48.97566  -16.46826     5.5261     5.4728          9  0.000e+00
   2959.792      71036    253.700    11.8312    11.8325   4.050224   4.050882   48.97566  -16.46826     5.5327     5.4728          9  0.000e+00
   2959.833      71037    253.916    11.8314    11.8323   4.050231   4.050869   48.97566  -16.46826     5.5294     5.4730          9  0.000e+00
   2959.875      71038    253.700    11.8312    11.8323   4.050191   4.050889   48.97566  -16.46826     5.5290     5.4728          9  0.000e+00
   2959.917      71039    253.808    11.8310    11.8323   4.050218   4.050843   48.97566  -16.46826     5.5289     5.4729          9  0.000e+00
   2959.958      71040    253.700    11.8312    11.8323   4.050211   4.050869   48.97566  -16.46826     5.5323     5.4732          9  0.000e+00
   2960.000      71041    253.903    11.8314    11.8323   4.050251   4.050869   48.97566  -16.46826     5.5258     5.4733          9  0.000e+00
   2960.042      71042    253.700    11.8312    11.8323   4.050198   4.050889   48.97566  -16.46826     5.5219     5.4735          9  0.000e+00
   2960.083      71043    253.903    11.8312    11.8325   4.050191   4.050843   48.97566  -16.46826     5.5251     5.4773          9  0.000e+00
   2960.125      71044    253.605    11.8312    11.8325   4.050204   4.050882   48.97566  -16.46826     5.5250     5.4736          9  0.000e+00
   2960.167      71045    253.808    11.8314    11.8325   4.050224   4.050882   48.97566  -16.46826     5.5252     5.4737          9  0.000e+00
   2960.208      71046    253.808    11.8314    11.8325   4.050211   4.050895   48.97566  -16.46826     5.5288     5.4773          9  0.000e+00
   2960.250      71047    253.700    11.8314    11.8325   4.050251   4.050902   48.97566  -16.46826     5.5260     5.4741          9  0.000e+00
   2960.292      71048    253.903    11.8314    11.8325   4.050238   4.050876   48.97566  -16.46826     5.5298     5.4741          9  0.000e+00
   2960.333      71049    253.700    11.8312    11.8326   4.050191   4.050889   48.97566  -16.46826     5.5301     5.4738          9  0.000e+00
   2960.375      71050    253.822    11.8312    11.8325   4.050238   4.050837   48.97566  -16.46826     5.5272     5.4778          9  0.000e+00
   2960.417      71051    253.809    11.8314    11.8323   4.050224   4.050856   48.97566  -16.46826     5.5236     5.4780          9  0.000e+00
   2960.458      71052    253.809    11.8314    11.8326   4.050198   4.050889   48.97566  -16.46826     5.5268     5.4785          9  0.000e+00
   2960.500      71053    253.700    11.8314    11.8326   4.050204   4.050902   48.97566  -16.46826     5.5299     5.4789          9  0.000e+00
   2960.542      71054    253.903    11.8312    11.8323   4.050198   4.050876   48.97566  -16.46826     5.5268     5.4796          9  0.000e+00
   2960.583      71055    253.701    11.8312    11.8325   4.050204   4.050909   48.97566  -16.46826     5.5304     5.4761          9  0.000e+00
   2960.625      71056    253.809    11.8312    11.8325   4.050198   4.050928   48.97566  -16.46826     5.5273     5.4763          9  0.000e+00
   2960.667      71057    253.809    11.8315    11.8325   4.050205   4.050882   48.97566  -16.46826     5.5310     5.4764          9  0.000e+00
   2960.708      71058    253.903    11.8312    11.8323   4.050251   4.050889   48.97566  -16.46826     5.5276     5.4763          9  0.000e+00
   3130.083      75123    152.681    12.1213    12.1245   4.076636   4.077521   48.97582  -16.46824     5.5886     5.4905         10  0.000e+00
   3130.125      75124    152.789    12.1213    12.1248   4.076616   4.077534   48.97582  -16.46824     5.5971     5.4907         10  0.000e+00
   3130.167      75125    152.829    12.1209    12.1247   4.076589   4.077515   48.97582  -16.46824     5.6024     5.4909         10  0.000e+00
