Data_example/SBE_Data_Processed/JC231/SeaBird/Data/Processed/JC231_CTD_011cfaldb.cnv
* Sea-Bird SBE 9 Data File:
* FileName = C:\Users\sandm\Documents\Cruises\JC231\CTD Data\CTD Raw Data\JC231_CTD_011.hex
* Software Version Seasave V 7.26.7.121
* Temperature SN = 5700
* Conductivity SN = 2164
* Number of Bytes Per Scan = 41
* Number of Voltage Words = 4
* Number of Scans Averaged by the Deck Unit = 1
* NMEA Latitude = 49 00.00 N
* NMEA Longitude = 016 30.00 W
* NMEA UTC (Time) = May 15 2022  08:45:01
* NMEA baud rate = 9600
** Ship: RRS James Cook
** Cruise: JC231
** Cast: 011
** Event:
** Station:
** Julian Day: 135
** Time (GMT): 08:50
** Latitude: 49 0.00 ' N
** Longitude: 16 30.00 ' W
** Depth (uncorrected m): 4807m
** Principal Scientist: Dr Susan Hartman
** Operator:  TP / JG
# nquan = 15
# nvalues = 9843                        
# units = specified
# name 0 = timeS: Time, Elapsed [seconds]
# name 1 = scan: Scan Count
# name 2 = prDM: Pressure, Digiquartz [db]
# name 3 = t090C: Temperature [ITS-90, deg C]
# name 4 = t190C: Temperature, 2 [ITS-90, deg C]
# name 5 = c0S/m: Conductivity [S/m]
# name 6 = c1S/m: Conductivity, 2 [S/m]
# name 7 = latitude: Latitude [deg]
# name 8 = longitude: Longitude [deg]
# name 9 = sbeox0ML/L: Oxygen, SBE 43 [ml/l]
# name 10 = sbeox1ML/L: Oxygen, SBE 43, 2 [ml/l]
# name 11 = depSM: Depth [salt water, m], lat = 49
# name 12 = sal00: Salinity, Practical [PSU]
# name 13 = sal11: Salinity, Practical, 2 [PSU]
# name 14 = flag: flag
# span 0 =    819.849,  13368.738       
# span 1 =      19677,     320851       
# span 2 =      1.000,   4922.000       
# span 3 =     2.5299,    14.0026       
# span 4 =     2.5316,    14.0704       
# span 5 =   3.273611,   4.259628       
# span 6 =   3.274182,   4.276752       
# span 7 =   48.99994,   49.00004       
# span 8 =  -16.50010,  -16.49994       
# span 9 =     4.2100,     6.2270       
# span 10 =     4.1876,     6.1207      
# span 11 =      0.992,   4824.673      
# span 12 =    32.2815,    35.6665      
# span 13 =    31.5712,    35.7614      
# span 14 = 0.0000e+00, 0.0000e+00      
# interval = decibars: 1                
# start_time = May 15 2022 08:45:02 [System UTC, first data scan.]
# bad_flag = -9.990e-29
*END*
[from data line 1350]
   2553.224      61278   1351.000     4.8780     4.8783   3.395881   3.396119   49.00000  -16.50000     5.5347     5.5833   1335.208    35.0202    35.0226 0.0000e+00
   2554.225      61302   1352.000     4.8689     4.8689   3.395039   3.395239   49.00000  -16.50000     5.5341     5.5875   1336.193    35.0194    35.0217 0.0000e+00
   2555.227      61326   1353.000     4.8596     4.8598   3.394137   3.394323   49.00000  -16.50001     5.5352     5.5929   1337.178    35.0182    35.0202 0.0000e+00
   2556.219      61350   1354.000     4.8523     4.8531   3.393335   3.393587   49.00000  -16.50002     5.5392     5.5963   1338.163    35.0161    35.0182 0.0000e+00
   2557.201      61374   1355.000     4.8462     4.8473   3.392719   3.393014   49.00000  -16.50002     5.5455     5.5986   1339.148    35.0149    35.0171 0.0000e+00
   2558.177      61397   1356.000     4.8399     4.8410   3.392147   3.392469   49.00000  -16.50002     5.5496     5.6024   1340.133    35.0144    35.0169 0.0000e+00
   2559.148      61421   1357.000     4.8314     4.8324   3.391456   3.391760   49.00000  -16.50002     5.5547     5.6053   1341.119    35.0148    35.0172 0.0000e+00
   2560.113      61444   1358.000     4.8199     4.8207   3.390488   3.390770   49.00000  -16.50002     5.5607     5.6084   1342.104    35.0151    35.0175 0.0000e+00
   2561.078      61467   1359.000     4.8082     4.8096   3.389310   3.389606   49.00000  -16.50002     5.5623     5.6132   1343.089    35.0132    35.0152 0.0000e+00
   2562.051      61490   1360.000     4.8002     4.8019   3.388353   3.388697   49.00000  -16.50002     5.5603     5.6182   1344.074    35.0100    35.0123 0.0000e+00
   2563.035      61514   1361.000     4.7984     4.8002   3.387899   3.388288   49.00000  -16.50002     5.5587     5.6211   1345.059    35.0062    35.0088 0.0000e+00
   2564.024      61538   1362.000     4.8023     4.8045   3.388134   3.388528   49.00000  -16.50002     5.5611     5.6223   1346.044    35.0044    35.0066 0.0000e+00
   2565.014      61561   1363.000     4.8080     4.8111   3.388763   3.389287   49.00000  -16.50002     5.5648     5.6236   1347.029    35.0052    35.0080 0.0000e+00
   2566.004      61585   1364.000     4.8116     4.8145   3.389334   3.389862   49.00000  -16.50002     5.5652     5.6230   1348.014    35.0076    35.0106 0.0000e+00
   2566.991      61609   1365.000     4.8135     4.8160   3.389642   3.390127   49.00000  -16.50003     5.5652     5.6215   1348.999    35.0087    35.0117 0.0000e+00
   2567.971      61632   1366.000     4.8144     4.8168   3.389821   3.390276   49.00000  -16.50004     5.5659     5.6214   1349.984    35.0093    35.0121 0.0000e+00
   2568.939      61656   1367.000     4.8148     4.8172   3.389929   3.390386   49.00000  -16.50004     5.5675     5.6218   1350.969    35.0096    35.0124 0.0000e+00
   2569.905      61679   1368.000     4.8146     4.8167   3.389989   3.390425   49.00000  -16.50004     5.5717     5.6218   1351.954    35.0100    35.0129 0.0000e+00
   2570.883      61702   1369.000     4.8133     4.8150   3.389956   3.390351   49.00000  -16.50004     5.5781     5.6220   1352.940    35.0105    35.0133 0.0000e+00
   2571.878      61726   1370.000     4.8109     4.8126   3.389787   3.390162   49.00000  -16.50004     5.5822     5.6213   1353.925    35.0105    35.0132 0.0000e+00
   2572.879      61750   1371.000     4.8085     4.8103   3.389599   3.389970   49.00000  -16.50004     5.5824     5.6210   1354.910    35.0104    35.0128 0.0000e+00
   2573.869      61774   1372.000     4.8036     4.8076   3.389295   3.389759   49.00000  -16.50004     5.5791     5.6229   1355.895    35.0115    35.0128 0.0000e+00
   2574.845      61797   1373.000     4.7965     4.8029   3.388658   3.389442   49.00000  -16.50004     5.5750     5.6244   1356.880    35.0111    35.0135 0.0000e+00
   2575.820      61821   1374.000     4.7936     4.7988   3.388127   3.388935   49.00000  -16.50004     5.5747     5.6261   1357.865    35.0075    35.0114 0.0000e+00
   2576.800      61844   1375.000     4.7938     4.7988   3.388113   3.388854   49.00000  -16.50004     5.5766     5.6275   1358.850    35.0066    35.0100 0.0000e+00
   2577.785      61868   1376.000     4.7952     4.8001   3.388221   3.388979   49.00000  -16.50004     5.5799     5.6273   1359.835    35.0060    35.0096 0.0000e+00
   2578.769      61891   1377.000     4.7975     4.8012   3.388503   3.389189   49.00000  -16.50004     5.5805     5.6285   1360.820    35.0063    35.0104 0.0000e+00
   2579.750      61915   1378.000     4.7978     4.8006   3.388717   3.389262   49.00000  -16.50004     5.5807     5.6289   1361.805    35.0080    35.0114 0.0000e+00
   2580.731      61939   1379.000     4.7960     4.7985   3.388669   3.389163   48.99999  -16.50004     5.5834     5.6288   1362.790    35.0089    35.0120 0.0000e+00
   2581.715      61962   1380.000     4.7938     4.7960   3.388501   3.388953   48.99998  -16.50004     5.5872     5.6294   1363.775    35.0087    35.0116 0.0000e+00
   2582.703      61986   1381.000     4.7916     4.7935   3.388331   3.388751   48.99998  -16.50004     5.5896     5.6294   1364.760    35.0086    35.0115 0.0000e+00
   2583.686      62009   1382.000     4.7893     4.7911   3.388146   3.388544   48.99998  -16.50004     5.5896     5.6302   1365.745    35.0084    35.0110 0.0000e+00
   2584.662      62033   1383.000     4.7871     4.7891   3.387968   3.388377   48.99998  -16.50004     5.5889     5.6323   1366.730    35.0081    35.0108 0.0000e+00
   2585.631      62056   1384.000     4.7844     4.7864   3.387778   3.388192   48.99998  -16.50004     5.5903     5.6343   1367.715    35.0082    35.0109 0.0000e+00
   2586.600      62079   1385.000     4.7797     4.7819   3.387450   3.387869   48.99998  -16.50004     5.5889     5.6356   1368.700    35.0089    35.0114 0.0000e+00
   2587.572      62103   1386.000     4.7744     4.7766   3.386930   3.387365   48.99998  -16.50004     5.5855     5.6360   1369.685    35.0079    35.0106 0.0000e+00
   2588.553      62126   1387.000     4.7692     4.7716   3.386454   3.386900   48.99998  -16.50004     5.5825     5.6372   1370.670    35.0073    35.0099 0.0000e+00
   2589.541      62150   1388.000     4.7646     4.7671   3.385964   3.386428   48.99998  -16.50004     5.5812     5.6398   1371.655    35.0060    35.0087 0.0000e+00
   2590.536      62174   1389.000     4.7624     4.7650   3.385669   3.386159   48.99998  -16.50004     5.5856     5.6443   1372.640    35.0044    35.0073 0.0000e+00
   2591.533      62198   1390.000     4.7613     4.7634   3.385604   3.386070   48.99998  -16.50004     5.5936     5.6487   1373.625    35.0043    35.0076 0.0000e+00
   2592.526      62222   1391.000     4.7587     4.7603   3.385475   3.385883   48.99998  -16.50004     5.6004     5.6507   1374.610    35.0050    35.0080 0.0000e+00
   2593.508      62245   1392.000     4.7552     4.7567   3.385220   3.385597   48.99998  -16.50004     5.6054     5.6522   1375.595    35.0053    35.0080 0.0000e+00
   2594.478      62268   1393.000     4.7511     4.7526   3.384887   3.385262   48.99998  -16.50004     5.6081     5.6529   1376.580    35.0052    35.0079 0.0000e+00
   2595.441      62292   1394.000     4.7467     4.7481   3.384517   3.384885   48.99998  -16.50004     5.6096     5.6522   1377.565    35.0051    35.0078 0.0000e+00
   2596.402      62315   1395.000     4.7422     4.7437   3.384123   3.384484   48.99998  -16.50004     5.6116     5.6519   1378.550    35.0046    35.0073 0.0000e+00
   2597.373      62338   1396.000     4.7379     4.7390   3.383756   3.384104   48.99998  -16.50004     5.6129     5.6531   1379.535    35.0044    35.0073 0.0000e+00
   2598.355      62362   1397.000     4.7325     4.7335   3.383323   3.383628   48.99998  -16.50004     5.6118     5.6549   1380.520    35.0046    35.0071 0.0000e+00
   2599.349      62385   1398.000     4.7267     4.7280   3.382806   3.383133   48.99998  -16.50004     5.6104     5.6586   1381.504    35.0041    35.0066 0.0000e+00
   2600.353      62409   1399.000     4.7200     4.7215   3.382241   3.382586   48.99998  -16.50004     5.6094     5.6640   1382.489    35.0042    35.0066 0.0000e+00
   2601.357      62434   1400.000     4.7119     4.7140   3.381560   3.381943   48.99998  -16.50004     5.6105     5.6664   1383.474    35.0042    35.0065 0.0000e+00
   2602.353      62457   1401.000     4.7045     4.7068   3.380789   3.381224   48.99998  -16.50004     5.6165     5.6689   1384.459    35.0025    35.0052 0.0000e+00
   2603.336      62481   1402.000     4.7001     4.7021   3.380288   3.380719   48.99998  -16.50004     5.6230     5.6736   1385.444    35.0009    35.0037 0.0000e+00
   2604.307      62504   1403.000     4.6954     4.6977   3.379910   3.380338   48.99998  -16.50004     5.6255     5.6782   1386.429    35.0009    35.0035 0.0000e+00
   2605.274      62528   1404.000     4.6891     4.6920   3.379408   3.379888   48.99998  -16.50003     5.6260     5.6821   1387.414    35.0012    35.0037 0.0000e+00
   2606.247      62551   1405.000     4.6822     4.6851   3.378769   3.379290   48.99998  -16.50002     5.6277     5.6865   1388.399    35.0005    35.0035 0.0000e+00
   2607.224      62574   1406.000     4.6764     4.6786   3.378194   3.378666   48.99998  -16.50002     5.6319     5.6899   1389.384    34.9995    35.0026 0.0000e+00
   2608.204      62598   1407.000     4.6706     4.6727   3.377665   3.378081   48.99998  -16.50002     5.6382     5.6918   1390.369    34.9988    35.0016 0.0000e+00
   2609.189      62622   1408.000     4.6657     4.6678   3.377172   3.377601   48.99998  -16.50002     5.6431     5.6930   1391.353    34.9978    35.0006 0.0000e+00
   2610.182      62645   1409.000     4.6606     4.6624   3.376733   3.377137   48.99998  -16.50002     5.6471     5.6941   1392.338    34.9975    35.0003 0.0000e+00
   2611.182      62669   1410.000     4.6550     4.6568   3.376225   3.376619   48.99998  -16.50002     5.6504     5.6963   1393.323    34.9970    34.9997 0.0000e+00
   2612.188      62694   1411.000     4.6501     4.6521   3.375738   3.376150   48.99998  -16.50002     5.6537     5.6993   1394.308    34.9960    34.9987 0.0000e+00
   2613.188      62718   1412.000     4.6458     4.6475   3.375339   3.375747   48.99998  -16.50002     5.6574     5.7036   1395.293    34.9954    34.9983 0.0000e+00
   2614.171      62741   1413.000     4.6409     4.6423   3.374940   3.375318   48.99998  -16.50002     5.6589     5.7084   1396.278    34.9954    34.9983 0.0000e+00
   2615.137      62764   1414.000     4.6345     4.6358   3.374433   3.374769   48.99998  -16.50002     5.6578     5.7107   1397.263    34.9957    34.9983 0.0000e+00
   2616.096      62787   1415.000     4.6289     4.6306   3.373837   3.374202   48.99998  -16.50002     5.6573     5.7134   1398.248    34.9942    34.9966 0.0000e+00
   2617.067      62811   1416.000     4.6252     4.6270   3.373438   3.373838   48.99998  -16.50002     5.6593     5.7176   1399.232    34.9930    34.9957 0.0000e+00
   2618.056      62834   1417.000     4.6220     4.6239   3.373143   3.373549   48.99998  -16.50001     5.6616     5.7202   1400.217    34.9923    34.9951 0.0000e+00
   2619.055      62858   1418.000     4.6186     4.6205   3.372855   3.373259   48.99998  -16.50000     5.6645     5.7219   1401.202    34.9921    34.9948 0.0000e+00
   2620.054      62882   1419.000     4.6156     4.6176   3.372571   3.372996   48.99998  -16.50000     5.6678     5.7234   1402.187    34.9915    34.9943 0.0000e+00
   2621.048      62906   1420.000     4.6122     4.6141   3.372308   3.372731   48.99998  -16.50000     5.6701     5.7237   1403.172    34.9914    34.9943 0.0000e+00
   2622.035      62930   1421.000     4.6085     4.6101   3.372002   3.372405   48.99998  -16.50000     5.6708     5.7241   1404.157    34.9913    34.9943 0.0000e+00
   2623.021      62953   1422.000     4.6042     4.6056   3.371638   3.372016   48.99998  -16.50000     5.6737     5.7236   1405.141    34.9911    34.9940 0.0000e+00
   2624.007      62977   1423.000     4.6005     4.6018   3.371270   3.371636   48.99998  -16.50000     5.6768     5.7246   1406.126    34.9903    34.9931 0.0000e+00
   2624.999      63001   1424.000     4.5976     4.5992   3.370987   3.371369   48.99998  -16.50000     5.6800     5.7279   1407.111    34.9895    34.9922 0.0000e+00
   2625.998      63025   1425.000     4.5952     4.5971   3.370778   3.371183   48.99998  -16.50000     5.6859     5.7311   1408.096    34.9891    34.9918 0.0000e+00
   2626.992      63049   1426.000     4.5929     4.5950   3.370590   3.371012   48.99998  -16.50000     5.6917     5.7334   1409.081    34.9888    34.9915 0.0000e+00
   2627.965      63072   1427.000     4.5910     4.5931   3.370417   3.370852   48.99998  -16.50000     5.6937     5.7348   1410.065    34.9884    34.9911 0.0000e+00
   2628.923      63095   1428.000     4.5892     4.5914   3.370282   3.370720   48.99998  -16.50000     5.6937     5.7356   1411.050    34.9881    34.9909 0.0000e+00
   2629.885      63118   1429.000     4.5876     4.5898   3.370152   3.370594   48.99998  -16.50000     5.6947     5.7342   1412.035    34.9878    34.9907 0.0000e+00
   2630.874      63142   1430.000     4.5860     4.5880   3.370033   3.370465   48.99998  -16.50000     5.6951     5.7328   1413.020    34.9876    34.9905 0.0000e+00
   2631.890      63166   1431.000     4.5838     4.5856   3.369894   3.370309   48.99998  -16.50000     5.6931     5.7346   1414.005    34.9878    34.9907 0.0000e+00
   2632.907      63191   1432.000     4.5799     4.5817   3.369627   3.370029   48.99997  -16.50000     5.6896     5.7374   1414.989    34.9883    34.9911 0.0000e+00
   2633.901      63215   1433.000     4.5762     4.5779   3.369266   3.369657   48.99997  -16.50000     5.6880     5.7386   1415.974    34.9875    34.9903 0.0000e+00
   2634.872      63238   1434.000     4.5731     4.5747   3.368988   3.369379   48.99998  -16.49999     5.6901     5.7400   1416.959    34.9870    34.9899 0.0000e+00
   2635.838      63261   1435.000     4.5696     4.5711   3.368708   3.369090   48.99998  -16.49998     5.6946     5.7433   1417.944    34.9870    34.9898 0.0000e+00
   2636.810      63284   1436.000     4.5654     4.5667   3.368374   3.368742   48.99998  -16.49998     5.6991     5.7475   1418.928    34.9870    34.9899 0.0000e+00
   2637.797      63308   1437.000     4.5597     4.5609   3.367922   3.368273   48.99998  -16.49998     5.7042     5.7516   1419.913    34.9873    34.9900 0.0000e+00
   2638.796      63332   1438.000     4.5537     4.5551   3.367364   3.367721   48.99998  -16.49998     5.7093     5.7546   1420.898    34.9865    34.9891 0.0000e+00
   2639.793      63356   1439.000     4.5493     4.5510   3.366896   3.367281   48.99998  -16.49998     5.7111     5.7571   1421.883    34.9852    34.9879 0.0000e+00
   2640.779      63380   1440.000     4.5464     4.5482   3.366603   3.367006   48.99998  -16.49998     5.7110     5.7594   1422.867    34.9843    34.9872 0.0000e+00
   2641.754      63403   1441.000     4.5436     4.5455   3.366380   3.366795   48.99998  -16.49998     5.7114     5.7596   1423.852    34.9842    34.9870 0.0000e+00
   2642.724      63426   1442.000     4.5399     4.5421   3.366113   3.366544   48.99998  -16.49998     5.7118     5.7585   1424.837    34.9844    34.9872 0.0000e+00
   2643.699      63450   1443.000     4.5361     4.5384   3.365776   3.366236   48.99998  -16.49998     5.7137     5.7582   1425.822    34.9841    34.9870 0.0000e+00
   2644.684      63473   1444.000     4.5321     4.5341   3.365446   3.365893   48.99998  -16.49998     5.7152     5.7595   1426.806    34.9839    34.9870 0.0000e+00
   2645.679      63497   1445.000     4.5275     4.5290   3.365060   3.365451   48.99998  -16.49998     5.7143     5.7621   1427.791    34.9837    34.9868 0.0000e+00
