Data_example/SBE_Data_Processed/JC231/SeaBird/Data/Processed/JC231_CTD_011c.ros
* Sea-Bird SBE 9 Data File:
* FileName = C:\Users\sandm\Documents\Cruises\JC231\CTD Data\CTD Raw Data\JC231_CTD_011.hex
* Software Version Seasave V 7.26.7.121
* Temperature SN = 5700
* Conductivity SN = 2164
* Number of Bytes Per Scan = 41
* Number of Voltage Words = 4
* Number of Scans Averaged by the Deck Unit = 1
* NMEA Latitude = 49 00.00 N
* NMEA Longitude = 016 30.00 W
* NMEA UTC (Time) = May 15 2022  08:45:01
* NMEA baud rate = 9600
** Ship: RRS James Cook
** Cruise: JC231
** Cast: 011
** Event:
** Station:
** Julian Day: 135
** Time (GMT): 08:50
** Latitude: 49 0.00 ' N
** Longitude: 16 30.00 ' W
** Depth (uncorrected m): 4807m
** Principal Scientist: Dr Susan Hartman
** Operator:  TP / JG
# nquan = 13
# nvalues = 1176                                  
# units = specified
# name 0 = timeS: Time, Elapsed [seconds]
# name 1 = scan: Scan Count
# name 2 = prDM: Pressure, Digiquartz [db]
# name 3 = t090C: Temperature [ITS-90, deg C]
# name 4 = t190C: Temperature, 2 [ITS-90, deg C]
# name 5 = c0S/m: Conductivity [S/m]
# name 6 = c1S/m: Conductivity, 2 [S/m]
# name 7 = latitude: Latitude [deg]
# name 8 = longitude: Longitude [deg]
# name 9 = sbeox0ML/L: Oxygen, SBE 43 [ml/l]
# name 10 = sbeox1ML/L: Oxygen, SBE 43, 2 [ml/l]
# name 11 = nbf: Bottles Fired
# name 12 = flag:  0.000e+00
# interval = seconds: 0.0416667
# start_time = May 15 2022 08:45:02 [System UTC, first data scan.]
# bad_flag = -9.990e-29
*END*
[from data line 667]
  11507.167     276173    792.194     9.1843     9.1862   3.801438   3.802003   48.99996  -16.49998     4.2602     4.2523         14  0.000e+00
  11507.208     276174    792.194     9.1844     9.1860   3.801471   3.802022   48.99996  -16.49998     4.2638     4.2528         14  0.000e+00
  11507.250     276175    792.085     9.1849     9.1860   3.801477   3.802035   48.99996  -16.49998     4.2636     4.2527         14  0.000e+00
  11507.292     276176    791.990     9.1849     9.1861   3.801503   3.802009   48.99996  -16.49998     4.2630     4.2527         14  0.000e+00
  11507.333     276177    792.303     9.1849     9.1862   3.801464   3.802054   48.99996  -16.49998     4.2635     4.2528         14  0.000e+00
  11507.375     276178    792.085     9.1850     9.1862   3.801471   3.802041   48.99996  -16.49998     4.2632     4.2527         14  0.000e+00
  11507.417     276179    791.990     9.1847     9.1861   3.801458   3.802060   48.99996  -16.49998     4.2631     4.2526         14  0.000e+00
  11507.458     276180    792.086     9.1847     9.1862   3.801426   3.802015   48.99996  -16.49998     4.2671     4.2526         14  0.000e+00
  11507.500     276181    792.303     9.1845     9.1860   3.801438   3.802022   48.99996  -16.49998     4.2634     4.2527         14  0.000e+00
  11507.542     276182    791.990     9.1845     9.1862   3.801426   3.802009   48.99996  -16.49998     4.2631     4.2525         14  0.000e+00
  11507.583     276183    791.990     9.1844     9.1862   3.801419   3.802022   48.99996  -16.49998     4.2589     4.2525         14  0.000e+00
  11507.625     276184    792.194     9.1849     9.1862   3.801419   3.802009   48.99996  -16.49998     4.2622     4.2526         14  0.000e+00
  11507.667     276185    792.303     9.1849     9.1860   3.801406   3.802003   48.99996  -16.49998     4.2621     4.2526         14  0.000e+00
  11507.708     276186    791.882     9.1847     9.1861   3.801413   3.802022   48.99996  -16.49998     4.2617     4.2524         14  0.000e+00
  11507.750     276187    792.194     9.1849     9.1862   3.801419   3.802009   48.99996  -16.49998     4.2618     4.2525         14  0.000e+00
  11507.792     276188    792.099     9.1849     9.1863   3.801381   3.802022   48.99996  -16.49998     4.2579     4.2524         14  0.000e+00
  11507.833     276189    791.991     9.1847     9.1861   3.801329   3.802035   48.99996  -16.49998     4.2615     4.2567         14  0.000e+00
  11507.875     276190    792.290     9.1841     9.1862   3.801336   3.802009   48.99996  -16.49998     4.2575     4.2525         14  0.000e+00
  11507.917     276191    791.991     9.1838     9.1862   3.801316   3.802022   48.99996  -16.49998     4.2573     4.2522         14  0.000e+00
  11685.833     280461    725.206     9.8514     9.8534   3.868459   3.868999   48.99998  -16.50000     4.4418     4.4144         15  0.000e+00
  11685.875     280462    725.165     9.8512     9.8533   3.868472   3.868999   48.99998  -16.50000     4.4419     4.4143         15  0.000e+00
  11685.917     280463    725.301     9.8515     9.8535   3.868485   3.868999   48.99998  -16.50000     4.4461     4.4185         15  0.000e+00
  11685.958     280464    725.111     9.8514     9.8537   3.868505   3.868999   48.99998  -16.50000     4.4465     4.4188         15  0.000e+00
  11686.000     280465    725.260     9.8516     9.8535   3.868492   3.868999   48.99998  -16.50000     4.4466     4.4193         15  0.000e+00
  11686.042     280466    725.206     9.8516     9.8534   3.868505   3.869018   48.99998  -16.50000     4.4467     4.4196         15  0.000e+00
  11686.083     280467    725.165     9.8518     9.8535   3.868518   3.868980   48.99998  -16.50000     4.4431     4.4200         15  0.000e+00
  11686.125     280468    725.301     9.8519     9.8535   3.868518   3.869012   48.99998  -16.50000     4.4432     4.4162         15  0.000e+00
  11686.167     280469    725.166     9.8519     9.8534   3.868492   3.869031   48.99998  -16.50000     4.4472     4.4203         15  0.000e+00
  11686.208     280470    725.111     9.8518     9.8535   3.868524   3.869006   48.99998  -16.50000     4.4436     4.4207         15  0.000e+00
  11686.250     280471    725.356     9.8519     9.8532   3.868498   3.869019   48.99998  -16.50000     4.4474     4.4213         15  0.000e+00
  11686.292     280472    725.111     9.8518     9.8534   3.868485   3.868980   48.99998  -16.50000     4.4437     4.4215         15  0.000e+00
  11686.333     280473    725.166     9.8518     9.8534   3.868505   3.868967   48.99998  -16.50000     4.4437     4.4220         15  0.000e+00
  11686.375     280474    725.206     9.8518     9.8534   3.868492   3.869012   48.99998  -16.50000     4.4434     4.4224         15  0.000e+00
  11686.417     280475    725.261     9.8518     9.8535   3.868459   3.869006   48.99998  -16.50000     4.4434     4.4228         15  0.000e+00
  11686.458     280476    725.111     9.8516     9.8533   3.868453   3.869018   48.99998  -16.50000     4.4473     4.4232         15  0.000e+00
  11686.500     280477    725.261     9.8516     9.8534   3.868472   3.869031   48.99998  -16.50000     4.4477     4.4237         15  0.000e+00
  11686.542     280478    725.206     9.8514     9.8532   3.868433   3.869006   48.99998  -16.50000     4.4437     4.4241         15  0.000e+00
  11686.583     280479    725.301     9.8514     9.8534   3.868440   3.869018   48.99998  -16.50000     4.4433     4.4245         15  0.000e+00
  11686.625     280480    725.166     9.8512     9.8533   3.868453   3.868980   48.99998  -16.50000     4.4432     4.4244         15  0.000e+00
  11686.667     280481    725.206     9.8515     9.8532   3.868453   3.868986   48.99998  -16.50000     4.4431     4.4243         15  0.000e+00
  11686.708     280482    725.166     9.8512     9.8534   3.868453   3.868967   48.99998  -16.50000     4.4470     4.4241         15  0.000e+00
  11686.750     280483    725.207     9.8512     9.8534   3.868453   3.869018   48.99998  -16.50000     4.4470     4.4240         15  0.000e+00
  11686.792     280484    725.166     9.8514     9.8532   3.868453   3.869006   48.99998  -16.50000     4.4472     4.4243         15  0.000e+00
  11686.833     280485    725.207     9.8512     9.8531   3.868427   3.868999   48.99998  -16.50000     4.4475     4.4247         15  0.000e+00
  11686.875     280486    725.261     9.8515     9.8531   3.868420   3.868999   48.99998  -16.50000     4.4477     4.4251         15  0.000e+00
  11686.917     280487    725.207     9.8514     9.8529   3.868440   3.868999   48.99998  -16.50000     4.4475     4.4249         15  0.000e+00
  11686.958     280488    725.261     9.8511     9.8534   3.868453   3.868999   48.99998  -16.50000     4.4438     4.4205         15  0.000e+00
  11687.000     280489    725.003     9.8512     9.8531   3.868453   3.869025   48.99998  -16.50000     4.4470     4.4239         15  0.000e+00
  11687.042     280490    725.356     9.8511     9.8531   3.868453   3.868980   48.99998  -16.50000     4.4470     4.4244         15  0.000e+00
  11687.083     280491    725.112     9.8514     9.8529   3.868427   3.868986   48.99998  -16.50002     4.4466     4.4246         15  0.000e+00
  11687.125     280492    725.207     9.8512     9.8532   3.868420   3.868999   48.99998  -16.50002     4.4464     4.4244         15  0.000e+00
  11687.167     280493    725.166     9.8509     9.8531   3.868388   3.868999   48.99998  -16.50002     4.4464     4.4247         15  0.000e+00
  11687.208     280494    725.302     9.8511     9.8534   3.868433   3.868999   48.99998  -16.50002     4.4465     4.4250         15  0.000e+00
  11687.250     280495    725.166     9.8508     9.8534   3.868427   3.869018   48.99998  -16.50002     4.4465     4.4247         15  0.000e+00
  11687.292     280496    725.207     9.8512     9.8535   3.868420   3.869006   48.99998  -16.50002     4.4465     4.4245         15  0.000e+00
  11687.333     280497    725.261     9.8511     9.8534   3.868388   3.869025   48.99998  -16.50002     4.4466     4.4243         15  0.000e+00
  11687.375     280498    725.112     9.8511     9.8534   3.868433   3.869031   48.99998  -16.50002     4.4465     4.4239         15  0.000e+00
  11687.417     280499    725.261     9.8513     9.8535   3.868395   3.869006   48.99998  -16.50002     4.4426     4.4242         15  0.000e+00
  11687.458     280500    725.112     9.8512     9.8536   3.868356   3.868999   48.99998  -16.50002     4.4460     4.4238         15  0.000e+00
  11687.500     280501    725.166     9.8511     9.8535   3.868349   3.869018   48.99998  -16.50002     4.4460     4.4235         15  0.000e+00
  11687.542     280502    725.207     9.8511     9.8534   3.868349   3.869006   48.99998  -16.50002     4.4460     4.4232         15  0.000e+00
  11687.583     280503    725.261     9.8511     9.8535   3.868349   3.868999   48.99998  -16.50002     4.4460     4.4234         15  0.000e+00
  11687.625     280504    725.207     9.8510     9.8533   3.868349   3.868999   48.99998  -16.50002     4.4498     4.4235         15  0.000e+00
  11687.667     280505    725.302     9.8511     9.8534   3.868369   3.869025   48.99998  -16.50002     4.4461     4.4237         15  0.000e+00
  11687.708     280506    725.166     9.8507     9.8534   3.868330   3.869006   48.99998  -16.50002     4.4463     4.4238         15  0.000e+00
  11687.750     280507    725.207     9.8509     9.8531   3.868317   3.868999   48.99998  -16.50002     4.4462     4.4234         15  0.000e+00
  11687.792     280508    725.166     9.8508     9.8535   3.868317   3.868973   48.99998  -16.50002     4.4464     4.4230         15  0.000e+00
  11687.833     280509    725.207     9.8509     9.8534   3.868291   3.868986   48.99998  -16.50002     4.4463     4.4227         15  0.000e+00
  11815.833     283581    665.203    10.1333    10.1324   3.890499   3.890790   48.99996  -16.50000     4.7111     4.6835         16  0.000e+00
  11815.875     283582    665.312    10.1333    10.1323   3.890512   3.890784   48.99996  -16.50000     4.7075     4.6836         16  0.000e+00
  11815.917     283583    665.407    10.1331    10.1322   3.890499   3.890784   48.99996  -16.50000     4.7109     4.6837         16  0.000e+00
  11815.958     283584    665.298    10.1330    10.1322   3.890512   3.890771   48.99996  -16.50000     4.7107     4.6836         16  0.000e+00
  11816.000     283585    665.203    10.1331    10.1325   3.890499   3.890810   48.99996  -16.50000     4.7105     4.6835         16  0.000e+00
  11816.042     283586    665.407    10.1330    10.1324   3.890492   3.890790   48.99996  -16.50000     4.7108     4.6837         16  0.000e+00
  11816.083     283587    665.502    10.1331    10.1323   3.890492   3.890784   48.99996  -16.50000     4.7107     4.6837         16  0.000e+00
  11816.125     283588    665.407    10.1331    10.1324   3.890466   3.890784   48.99996  -16.50000     4.7104     4.6837         16  0.000e+00
  11816.167     283589    665.298    10.1330    10.1322   3.890505   3.890784   48.99996  -16.50000     4.7066     4.6836         16  0.000e+00
  11816.208     283590    665.312    10.1331    10.1322   3.890473   3.890803   48.99996  -16.50000     4.7103     4.6836         16  0.000e+00
  11816.250     283591    665.407    10.1331    10.1322   3.890479   3.890816   48.99996  -16.50000     4.7063     4.6837         16  0.000e+00
  11816.292     283592    665.298    10.1330    10.1323   3.890518   3.890745   48.99996  -16.50000     4.7099     4.6836         16  0.000e+00
  11816.333     283593    665.407    10.1333    10.1322   3.890551   3.890765   48.99996  -16.50000     4.7104     4.6837         16  0.000e+00
  11816.375     283594    665.203    10.1333    10.1323   3.890531   3.890784   48.99996  -16.50000     4.7070     4.6835         16  0.000e+00
  11816.417     283595    665.407    10.1332    10.1322   3.890499   3.890823   48.99996  -16.50000     4.7109     4.6836         16  0.000e+00
  11816.458     283596    665.407    10.1331    10.1322   3.890512   3.890771   48.99996  -16.50000     4.7111     4.6837         16  0.000e+00
  11816.500     283597    665.298    10.1333    10.1320   3.890525   3.890771   48.99996  -16.50000     4.7077     4.6836         16  0.000e+00
  11816.542     283598    665.312    10.1331    10.1322   3.890473   3.890784   48.99996  -16.50000     4.7076     4.6794         16  0.000e+00
  11816.583     283599    665.407    10.1333    10.1320   3.890479   3.890784   48.99996  -16.50000     4.7075     4.6832         16  0.000e+00
  11816.625     283600    665.407    10.1333    10.1320   3.890518   3.890758   48.99996  -16.50000     4.7074     4.6791         16  0.000e+00
  11816.667     283601    665.407    10.1330    10.1320   3.890525   3.890739   48.99996  -16.50000     4.7112     4.6787         16  0.000e+00
  11816.708     283602    665.203    10.1333    10.1317   3.890499   3.890771   48.99996  -16.50000     4.7110     4.6824         16  0.000e+00
  11816.750     283603    665.407    10.1331    10.1318   3.890492   3.890758   48.99996  -16.50000     4.7114     4.6825         16  0.000e+00
  11816.792     283604    665.407    10.1333    10.1317   3.890518   3.890752   48.99996  -16.50000     4.7117     4.6784         16  0.000e+00
  11816.833     283605    665.298    10.1333    10.1320   3.890499   3.890752   48.99996  -16.50000     4.7119     4.6780         16  0.000e+00
  11816.875     283606    665.407    10.1333    10.1318   3.890518   3.890790   48.99996  -16.50000     4.7122     4.6818         16  0.000e+00
  11816.917     283607    665.298    10.1333    10.1318   3.890473   3.890816   48.99996  -16.50000     4.7085     4.6819         16  0.000e+00
  11816.958     283608    665.407    10.1333    10.1320   3.890512   3.890765   48.99996  -16.50000     4.7124     4.6820         16  0.000e+00
  11817.000     283609    665.298    10.1333    10.1322   3.890531   3.890771   48.99996  -16.50000     4.7126     4.6820         16  0.000e+00
  11817.042     283610    665.312    10.1333    10.1320   3.890525   3.890784   48.99996  -16.50000     4.7086     4.6821         16  0.000e+00
  11817.083     283611    665.298    10.1333    10.1322   3.890499   3.890810   48.99996  -16.50000     4.7124     4.6780         16  0.000e+00
  11817.125     283612    665.407    10.1333    10.1320   3.890492   3.890784   48.99996  -16.50000     4.7124     4.6819         16  0.000e+00
  11817.167     283613    665.407    10.1331    10.1322   3.890518   3.890777   48.99996  -16.50000     4.7123     4.6820         16  0.000e+00
  11817.208     283614    665.312    10.1331    10.1323   3.890499   3.890784   48.99996  -16.50000     4.7121     4.6821         16  0.000e+00
  11817.250     283615    665.298    10.1330    10.1322   3.890492   3.890758   48.99996  -16.50000     4.7120     4.6780         16  0.000e+00
  11817.292     283616    665.407    10.1333    10.1323   3.890466   3.890771   48.99996  -16.50000     4.7080     4.6778         16  0.000e+00
  11817.333     283617    665.407    10.1331    10.1325   3.890505   3.890803   48.99996  -16.50000     4.7079     4.6774         16  0.000e+00
  11817.375     283618    665.203    10.1332    10.1320   3.890499   3.890790   48.99996  -16.50000     4.7115     4.6771         16  0.000e+00
  11817.417     283619    665.298    10.1330    10.1322   3.890512   3.890784   48.99996  -16.50000     4.7079     4.6769         16  0.000e+00
  11817.458     283620    665.407    10.1330    10.1323   3.890447   3.890758   48.99996  -16.50000     4.7118     4.6809         16  0.000e+00
  11817.500     283621    665.407    10.1331    10.1320   3.890473   3.890771   48.99996  -16.50000     4.7082     4.6811         16  0.000e+00
  11817.542     283622    665.407    10.1328    10.1317   3.890466   3.890758   48.99996  -16.50000     4.7116     4.6813         16  0.000e+00
