Data_example/SBE_Data_Processed/JC231/SeaBird/Data/Processed/JC231_CTD_011cfaldb.cnv
* Sea-Bird SBE 9 Data File:
* FileName = C:\Users\sandm\Documents\Cruises\JC231\CTD Data\CTD Raw Data\JC231_CTD_011.hex
* Software Version Seasave V 7.26.7.121
* Temperature SN = 5700
* Conductivity SN = 2164
* Number of Bytes Per Scan = 41
* Number of Voltage Words = 4
* Number of Scans Averaged by the Deck Unit = 1
* NMEA Latitude = 49 00.00 N
* NMEA Longitude = 016 30.00 W
* NMEA UTC (Time) = May 15 2022  08:45:01
* NMEA baud rate = 9600
** Ship: RRS James Cook
** Cruise: JC231
** Cast: 011
** Event:
** Station:
** Julian Day: 135
** Time (GMT): 08:50
** Latitude: 49 0.00 ' N
** Longitude: 16 30.00 ' W
** Depth (uncorrected m): 4807m
** Principal Scientist: Dr Susan Hartman
** Operator:  TP / JG
# nquan = 15
# nvalues = 9843                        
# units = specified
# name 0 = timeS: Time, Elapsed [seconds]
# name 1 = scan: Scan Count
# name 2 = prDM: Pressure, Digiquartz [db]
# name 3 = t090C: Temperature [ITS-90, deg C]
# name 4 = t190C: Temperature, 2 [ITS-90, deg C]
# name 5 = c0S/m: Conductivity [S/m]
# name 6 = c1S/m: Conductivity, 2 [S/m]
# name 7 = latitude: Latitude [deg]
# name 8 = longitude: Longitude [deg]
# name 9 = sbeox0ML/L: Oxygen, SBE 43 [ml/l]
# name 10 = sbeox1ML/L: Oxygen, SBE 43, 2 [ml/l]
# name 11 = depSM: Depth [salt water, m], lat = 49
# name 12 = sal00: Salinity, Practical [PSU]
# name 13 = sal11: Salinity, Practical, 2 [PSU]
# name 14 = flag: flag
# span 0 =    819.849,  13368.738       
# span 1 =      19677,     320851       
# span 2 =      1.000,   4922.000       
# span 3 =     2.5299,    14.0026       
# span 4 =     2.5316,    14.0704       
# span 5 =   3.273611,   4.259628       
# span 6 =   3.274182,   4.276752       
# span 7 =   48.99994,   49.00004       
# span 8 =  -16.50010,  -16.49994       
# span 9 =     4.2100,     6.2270       
# span 10 =     4.1876,     6.1207      
# span 11 =      0.992,   4824.673      
# span 12 =    32.2815,    35.6665      
# span 13 =    31.5712,    35.7614      
# span 14 = 0.0000e+00, 0.0000e+00      
# interval = decibars: 1                
# start_time = May 15 2022 08:45:02 [System UTC, first data scan.]
# bad_flag = -9.990e-29
*END*
[from data line 2217]
   3402.999      81673   2218.000     3.5616     3.5633   3.306184   3.306712   49.00000  -16.49999     5.9357     5.9897   2187.606    34.9379    34.9424 0.0000e+00
   3403.999      81697   2219.000     3.5612     3.5630   3.306204   3.306741   49.00000  -16.49999     5.9372     5.9915   2188.587    34.9381    34.9425 0.0000e+00
   3405.014      81721   2220.000     3.5606     3.5626   3.306201   3.306757   49.00000  -16.49999     5.9355     5.9920   2189.568    34.9382    34.9426 0.0000e+00
   3406.023      81746   2221.000     3.5594     3.5618   3.306165   3.306744   49.00000  -16.50000     5.9316     5.9908   2190.549    34.9386    34.9429 0.0000e+00
   3407.010      81769   2222.000     3.5582     3.5607   3.306092   3.306699   49.00000  -16.50000     5.9258     5.9885   2191.530    34.9385    34.9431 0.0000e+00
   3407.973      81792   2223.000     3.5574     3.5596   3.306051   3.306648   49.00000  -16.50000     5.9218     5.9875   2192.511    34.9385    34.9431 0.0000e+00
   3408.919      81815   2224.000     3.5566     3.5586   3.306018   3.306601   49.00000  -16.50000     5.9217     5.9866   2193.493    34.9384    34.9431 0.0000e+00
   3409.862      81838   2225.000     3.5561     3.5580   3.305998   3.306572   49.00000  -16.50000     5.9236     5.9856   2194.474    34.9383    34.9430 0.0000e+00
   3410.817      81861   2226.000     3.5557     3.5577   3.306003   3.306573   49.00000  -16.49999     5.9256     5.9853   2195.455    34.9382    34.9429 0.0000e+00
   3411.793      81884   2227.000     3.5555     3.5574   3.306020   3.306587   49.00000  -16.49998     5.9283     5.9846   2196.436    34.9382    34.9429 0.0000e+00
   3412.788      81908   2228.000     3.5553     3.5572   3.306041   3.306607   49.00000  -16.49998     5.9313     5.9849   2197.417    34.9382    34.9429 0.0000e+00
   3413.788      81932   2229.000     3.5550     3.5569   3.306064   3.306628   49.00000  -16.49998     5.9339     5.9862   2198.398    34.9383    34.9430 0.0000e+00
   3414.779      81956   2230.000     3.5548     3.5566   3.306089   3.306648   49.00000  -16.49998     5.9345     5.9852   2199.379    34.9383    34.9430 0.0000e+00
   3415.760      81979   2231.000     3.5544     3.5563   3.306116   3.306670   49.00000  -16.49999     5.9337     5.9853   2200.361    34.9386    34.9431 0.0000e+00
   3416.735      82003   2232.000     3.5538     3.5557   3.306120   3.306674   49.00000  -16.49999     5.9335     5.9862   2201.342    34.9388    34.9434 0.0000e+00
   3417.708      82026   2233.000     3.5530     3.5549   3.306097   3.306655   49.00000  -16.50000     5.9332     5.9864   2202.323    34.9389    34.9435 0.0000e+00
   3418.679      82049   2234.000     3.5522     3.5542   3.306072   3.306633   49.00000  -16.50000     5.9329     5.9854   2203.304    34.9389    34.9436 0.0000e+00
   3419.650      82073   2235.000     3.5514     3.5534   3.306038   3.306601   49.00000  -16.49999     5.9320     5.9829   2204.285    34.9389    34.9435 0.0000e+00
   3420.623      82096   2236.000     3.5508     3.5528   3.306016   3.306581   49.00000  -16.49999     5.9307     5.9813   2205.266    34.9389    34.9434 0.0000e+00
   3421.597      82119   2237.000     3.5503     3.5522   3.306007   3.306573   49.00000  -16.49998     5.9297     5.9807   2206.247    34.9389    34.9434 0.0000e+00
   3422.570      82143   2238.000     3.5497     3.5517   3.305996   3.306564   49.00000  -16.49998     5.9288     5.9810   2207.228    34.9388    34.9434 0.0000e+00
   3423.541      82166   2239.000     3.5493     3.5512   3.305994   3.306559   49.00000  -16.49998     5.9292     5.9813   2208.210    34.9388    34.9434 0.0000e+00
   3424.514      82189   2240.000     3.5487     3.5506   3.305990   3.306549   49.00000  -16.49999     5.9297     5.9830   2209.191    34.9389    34.9435 0.0000e+00
   3425.498      82213   2241.000     3.5480     3.5498   3.305970   3.306525   49.00000  -16.49999     5.9292     5.9844   2210.172    34.9390    34.9435 0.0000e+00
   3426.497      82237   2242.000     3.5475     3.5493   3.305957   3.306509   49.00000  -16.50000     5.9302     5.9853   2211.153    34.9389    34.9434 0.0000e+00
   3427.501      82261   2243.000     3.5470     3.5489   3.305960   3.306513   49.00000  -16.50000     5.9303     5.9862   2212.134    34.9389    34.9435 0.0000e+00
   3428.491      82285   2244.000     3.5466     3.5484   3.305961   3.306517   49.00000  -16.50000     5.9266     5.9859   2213.115    34.9389    34.9435 0.0000e+00
   3429.455      82308   2245.000     3.5461     3.5479   3.305965   3.306519   49.00000  -16.50000     5.9215     5.9846   2214.096    34.9389    34.9436 0.0000e+00
   3430.401      82331   2246.000     3.5457     3.5475   3.305965   3.306519   49.00000  -16.50000     5.9206     5.9831   2215.077    34.9390    34.9436 0.0000e+00
   3431.349      82353   2247.000     3.5453     3.5472   3.305971   3.306528   49.00000  -16.50000     5.9218     5.9825   2216.058    34.9389    34.9436 0.0000e+00
   3432.312      82376   2248.000     3.5449     3.5468   3.305982   3.306540   49.00000  -16.49999     5.9223     5.9817   2217.039    34.9390    34.9437 0.0000e+00
   3433.300      82400   2249.000     3.5444     3.5463   3.305980   3.306537   49.00000  -16.49999     5.9236     5.9806   2218.020    34.9391    34.9437 0.0000e+00
   3434.306      82424   2250.000     3.5437     3.5455   3.305963   3.306524   49.00000  -16.49999     5.9245     5.9800   2219.001    34.9392    34.9439 0.0000e+00
   3435.313      82449   2251.000     3.5428     3.5445   3.305933   3.306487   49.00000  -16.50000     5.9247     5.9804   2219.982    34.9393    34.9440 0.0000e+00
   3436.305      82472   2252.000     3.5414     3.5430   3.305870   3.306407   49.00000  -16.50000     5.9259     5.9804   2220.963    34.9396    34.9442 0.0000e+00
   3437.274      82496   2253.000     3.5399     3.5416   3.305780   3.306314   49.00000  -16.50000     5.9270     5.9803   2221.944    34.9396    34.9441 0.0000e+00
   3438.228      82518   2254.000     3.5385     3.5402   3.305704   3.306238   49.00000  -16.50000     5.9267     5.9805   2222.925    34.9397    34.9442 0.0000e+00
   3439.180      82541   2255.000     3.5372     3.5390   3.305617   3.306151   49.00000  -16.50000     5.9258     5.9797   2223.906    34.9395    34.9440 0.0000e+00
   3440.141      82564   2256.000     3.5366     3.5383   3.305568   3.306108   49.00000  -16.50000     5.9249     5.9785   2224.887    34.9392    34.9438 0.0000e+00
   3441.117      82588   2257.000     3.5361     3.5378   3.305561   3.306101   49.00000  -16.50000     5.9230     5.9794   2225.868    34.9391    34.9437 0.0000e+00
   3442.104      82611   2258.000     3.5356     3.5373   3.305558   3.306098   49.00000  -16.50000     5.9222     5.9807   2226.849    34.9392    34.9438 0.0000e+00
   3443.093      82635   2259.000     3.5348     3.5366   3.305543   3.306085   49.00000  -16.50000     5.9238     5.9802   2227.830    34.9393    34.9439 0.0000e+00
   3444.079      82659   2260.000     3.5339     3.5358   3.305503   3.306050   49.00000  -16.50000     5.9252     5.9790   2228.811    34.9393    34.9439 0.0000e+00
   3445.060      82682   2261.000     3.5331     3.5349   3.305466   3.306016   49.00000  -16.50000     5.9255     5.9791   2229.792    34.9393    34.9439 0.0000e+00
   3446.039      82706   2262.000     3.5319     3.5336   3.305415   3.305960   49.00000  -16.50000     5.9257     5.9799   2230.773    34.9395    34.9441 0.0000e+00
   3447.017      82729   2263.000     3.5305     3.5322   3.305333   3.305874   49.00000  -16.50000     5.9260     5.9802   2231.754    34.9395    34.9441 0.0000e+00
   3447.992      82753   2264.000     3.5287     3.5304   3.305241   3.305780   49.00000  -16.50000     5.9269     5.9792   2232.735    34.9398    34.9444 0.0000e+00
   3448.961      82776   2265.000     3.5261     3.5278   3.305093   3.305625   49.00000  -16.50000     5.9277     5.9787   2233.716    34.9403    34.9449 0.0000e+00
   3449.923      82799   2266.000     3.5227     3.5243   3.304864   3.305390   49.00000  -16.50000     5.9267     5.9803   2234.697    34.9407    34.9453 0.0000e+00
   3450.886      82822   2267.000     3.5192     3.5209   3.304592   3.305120   49.00000  -16.50001     5.9257     5.9813   2235.678    34.9407    34.9453 0.0000e+00
   3451.863      82846   2268.000     3.5161     3.5177   3.304340   3.304873   49.00001  -16.50002     5.9255     5.9815   2236.659    34.9406    34.9452 0.0000e+00
   3452.852      82869   2269.000     3.5138     3.5154   3.304141   3.304674   49.00002  -16.50002     5.9229     5.9802   2237.640    34.9402    34.9448 0.0000e+00
   3453.843      82893   2270.000     3.5123     3.5139   3.304025   3.304557   49.00002  -16.50002     5.9201     5.9805   2238.621    34.9399    34.9446 0.0000e+00
   3454.826      82917   2271.000     3.5112     3.5129   3.303959   3.304496   49.00002  -16.50002     5.9207     5.9797   2239.602    34.9399    34.9444 0.0000e+00
   3455.806      82940   2272.000     3.5103     3.5122   3.303915   3.304467   49.00002  -16.50002     5.9219     5.9781   2240.583    34.9398    34.9444 0.0000e+00
   3456.783      82964   2273.000     3.5094     3.5114   3.303882   3.304442   49.00002  -16.50002     5.9230     5.9767   2241.564    34.9399    34.9444 0.0000e+00
   3457.757      82987   2274.000     3.5086     3.5106   3.303854   3.304417   49.00002  -16.50002     5.9240     5.9776   2242.545    34.9399    34.9445 0.0000e+00
   3458.726      83010   2275.000     3.5077     3.5097   3.303820   3.304380   49.00002  -16.50002     5.9231     5.9772   2243.526    34.9400    34.9446 0.0000e+00
   3459.693      83034   2276.000     3.5067     3.5087   3.303779   3.304338   49.00002  -16.50002     5.9213     5.9757   2244.507    34.9401    34.9446 0.0000e+00
   3460.664      83057   2277.000     3.5053     3.5073   3.303715   3.304274   49.00002  -16.50003     5.9176     5.9747   2245.488    34.9403    34.9449 0.0000e+00
   3461.640      83080   2278.000     3.5038     3.5056   3.303620   3.304172   49.00002  -16.50003     5.9132     5.9745   2246.469    34.9403    34.9449 0.0000e+00
   3462.624      83104   2279.000     3.5027     3.5045   3.303545   3.304087   49.00002  -16.50004     5.9148     5.9752   2247.450    34.9401    34.9447 0.0000e+00
   3463.613      83128   2280.000     3.5020     3.5038   3.303502   3.304048   49.00002  -16.50004     5.9197     5.9759   2248.430    34.9400    34.9445 0.0000e+00
   3464.599      83151   2281.000     3.5014     3.5033   3.303481   3.304037   49.00002  -16.50004     5.9217     5.9743   2249.411    34.9398    34.9444 0.0000e+00
   3465.579      83175   2282.000     3.5009     3.5028   3.303474   3.304030   49.00002  -16.50004     5.9223     5.9727   2250.392    34.9398    34.9444 0.0000e+00
   3466.554      83198   2283.000     3.5002     3.5021   3.303458   3.304014   49.00002  -16.50004     5.9207     5.9723   2251.373    34.9399    34.9444 0.0000e+00
   3467.529      83222   2284.000     3.4990     3.5009   3.303418   3.303971   49.00002  -16.50004     5.9189     5.9739   2252.354    34.9402    34.9448 0.0000e+00
   3468.506      83245   2285.000     3.4966     3.4985   3.303300   3.303849   49.00002  -16.50004     5.9170     5.9744   2253.335    34.9409    34.9454 0.0000e+00
   3469.482      83269   2286.000     3.4942     3.4961   3.303096   3.303652   49.00002  -16.50004     5.9146     5.9760   2254.316    34.9405    34.9450 0.0000e+00
   3470.454      83292   2287.000     3.4926     3.4945   3.302961   3.303519   49.00002  -16.50004     5.9132     5.9769   2255.297    34.9401    34.9447 0.0000e+00
   3471.423      83315   2288.000     3.4915     3.4934   3.302880   3.303433   49.00003  -16.50004     5.9130     5.9767   2256.278    34.9398    34.9444 0.0000e+00
   3472.394      83338   2289.000     3.4907     3.4926   3.302835   3.303384   49.00003  -16.50005     5.9150     5.9754   2257.258    34.9397    34.9442 0.0000e+00
   3473.375      83362   2290.000     3.4902     3.4921   3.302816   3.303361   49.00004  -16.50005     5.9175     5.9754   2258.239    34.9395    34.9439 0.0000e+00
   3474.362      83386   2291.000     3.4899     3.4917   3.302816   3.303348   49.00004  -16.50006     5.9201     5.9749   2259.220    34.9394    34.9437 0.0000e+00
   3475.350      83409   2292.000     3.4895     3.4913   3.302823   3.303362   49.00004  -16.50006     5.9201     5.9742   2260.201    34.9394    34.9439 0.0000e+00
   3476.332      83433   2293.000     3.4890     3.4909   3.302826   3.303377   49.00004  -16.50006     5.9174     5.9752   2261.182    34.9395    34.9440 0.0000e+00
   3477.312      83456   2294.000     3.4887     3.4906   3.302830   3.303389   49.00004  -16.50006     5.9138     5.9756   2262.163    34.9394    34.9440 0.0000e+00
   3478.291      83480   2295.000     3.4883     3.4901   3.302836   3.303398   49.00004  -16.50006     5.9120     5.9750   2263.144    34.9395    34.9442 0.0000e+00
   3479.271      83504   2296.000     3.4877     3.4896   3.302835   3.303397   49.00004  -16.50006     5.9122     5.9763   2264.124    34.9396    34.9442 0.0000e+00
   3480.249      83527   2297.000     3.4871     3.4890   3.302827   3.303391   49.00004  -16.50006     5.9143     5.9771   2265.105    34.9397    34.9443 0.0000e+00
   3481.222      83550   2298.000     3.4862     3.4881   3.302802   3.303366   49.00004  -16.50006     5.9157     5.9768   2266.086    34.9398    34.9446 0.0000e+00
   3482.185      83573   2299.000     3.4852     3.4870   3.302765   3.303322   49.00004  -16.50006     5.9139     5.9757   2267.067    34.9400    34.9447 0.0000e+00
   3483.147      83597   2300.000     3.4839     3.4858   3.302706   3.303261   49.00004  -16.50006     5.9104     5.9748   2268.048    34.9402    34.9448 0.0000e+00
   3484.118      83620   2301.000     3.4828     3.4847   3.302634   3.303196   49.00004  -16.50006     5.9072     5.9750   2269.029    34.9400    34.9447 0.0000e+00
   3485.108      83644   2302.000     3.4820     3.4836   3.302596   3.303138   49.00004  -16.50006     5.9059     5.9754   2270.009    34.9399    34.9446 0.0000e+00
   3486.107      83668   2303.000     3.4810     3.4828   3.302559   3.303094   49.00004  -16.50006     5.9080     5.9761   2270.990    34.9401    34.9446 0.0000e+00
   3487.100      83691   2304.000     3.4796     3.4814   3.302487   3.303040   49.00004  -16.50006     5.9122     5.9770   2271.971    34.9403    34.9449 0.0000e+00
   3488.075      83715   2305.000     3.4776     3.4796   3.302375   3.302930   49.00004  -16.50006     5.9155     5.9778   2272.952    34.9406    34.9451 0.0000e+00
   3489.036      83738   2306.000     3.4754     3.4775   3.302227   3.302797   49.00004  -16.50006     5.9158     5.9788   2273.933    34.9407    34.9452 0.0000e+00
   3489.994      83761   2307.000     3.4735     3.4755   3.302083   3.302658   49.00003  -16.50006     5.9148     5.9781   2274.913    34.9405    34.9452 0.0000e+00
   3490.958      83784   2308.000     3.4720     3.4739   3.301983   3.302548   49.00002  -16.50006     5.9141     5.9771   2275.894    34.9404    34.9451 0.0000e+00
   3491.936      83807   2309.000     3.4706     3.4725   3.301908   3.302463   49.00002  -16.50006     5.9131     5.9760   2276.875    34.9405    34.9452 0.0000e+00
   3492.923      83831   2310.000     3.4694     3.4712   3.301840   3.302389   49.00002  -16.50006     5.9123     5.9754   2277.856    34.9405    34.9451 0.0000e+00
   3493.909      83855   2311.000     3.4685     3.4703   3.301801   3.302353   49.00002  -16.50006     5.9115     5.9743   2278.836    34.9405    34.9452 0.0000e+00
   3494.893      83878   2312.000     3.4677     3.4695   3.301775   3.302331   49.00002  -16.50006     5.9110     5.9722   2279.817    34.9406    34.9453 0.0000e+00
   3495.876      83902   2313.000     3.4670     3.4688   3.301750   3.302305   49.00002  -16.50006     5.9134     5.9710   2280.798    34.9406    34.9453 0.0000e+00
