Data_example/SBE_Data_Processed/JC231/SeaBird/Data/Processed/JC231_CTD_011cfaldb.cnv
* Sea-Bird SBE 9 Data File:
* FileName = C:\Users\sandm\Documents\Cruises\JC231\CTD Data\CTD Raw Data\JC231_CTD_011.hex
* Software Version Seasave V 7.26.7.121
* Temperature SN = 5700
* Conductivity SN = 2164
* Number of Bytes Per Scan = 41
* Number of Voltage Words = 4
* Number of Scans Averaged by the Deck Unit = 1
* NMEA Latitude = 49 00.00 N
* NMEA Longitude = 016 30.00 W
* NMEA UTC (Time) = May 15 2022  08:45:01
* NMEA baud rate = 9600
** Ship: RRS James Cook
** Cruise: JC231
** Cast: 011
** Event:
** Station:
** Julian Day: 135
** Time (GMT): 08:50
** Latitude: 49 0.00 ' N
** Longitude: 16 30.00 ' W
** Depth (uncorrected m): 4807m
** Principal Scientist: Dr Susan Hartman
** Operator:  TP / JG
# nquan = 15
# nvalues = 9843                        
# units = specified
# name 0 = timeS: Time, Elapsed [seconds]
# name 1 = scan: Scan Count
# name 2 = prDM: Pressure, Digiquartz [db]
# name 3 = t090C: Temperature [ITS-90, deg C]
# name 4 = t190C: Temperature, 2 [ITS-90, deg C]
# name 5 = c0S/m: Conductivity [S/m]
# name 6 = c1S/m: Conductivity, 2 [S/m]
# name 7 = latitude: Latitude [deg]
# name 8 = longitude: Longitude [deg]
# name 9 = sbeox0ML/L: Oxygen, SBE 43 [ml/l]
# name 10 = sbeox1ML/L: Oxygen, SBE 43, 2 [ml/l]
# name 11 = depSM: Depth [salt water, m], lat = 49
# name 12 = sal00: Salinity, Practical [PSU]
# name 13 = sal11: Salinity, Practical, 2 [PSU]
# name 14 = flag: flag
# span 0 =    819.849,  13368.738       
# span 1 =      19677,     320851       
# span 2 =      1.000,   4922.000       
# span 3 =     2.5299,    14.0026       
# span 4 =     2.5316,    14.0704       
# span 5 =   3.273611,   4.259628       
# span 6 =   3.274182,   4.276752       
# span 7 =   48.99994,   49.00004       
# span 8 =  -16.50010,  -16.49994       
# span 9 =     4.2100,     6.2270       
# span 10 =     4.1876,     6.1207      
# span 11 =      0.992,   4824.673      
# span 12 =    32.2815,    35.6665      
# span 13 =    31.5712,    35.7614      
# span 14 = 0.0000e+00, 0.0000e+00      
# interval = decibars: 1                
# start_time = May 15 2022 08:45:02 [System UTC, first data scan.]
# bad_flag = -9.990e-29
*END*
[from data line 7229]
   9030.581     216735   2614.000     3.1690     3.1706   3.287409   3.287906   48.99998  -16.49998     5.7862     5.8377   2575.803    34.9452    34.9495 0.0000e+00
   9031.769     216763   2613.000     3.1695     3.1708   3.287421   3.287905   48.99998  -16.49998     5.7873     5.8363   2574.824    34.9453    34.9497 0.0000e+00
   9032.880     216790   2612.000     3.1697     3.1705   3.287407   3.287857   48.99998  -16.49998     5.7874     5.8372   2573.845    34.9454    34.9499 0.0000e+00
   9033.949     216816   2611.000     3.1697     3.1708   3.287376   3.287811   48.99998  -16.49998     5.7885     5.8395   2572.865    34.9455    34.9495 0.0000e+00
   9034.984     216841   2610.000     3.1698     3.1712   3.287341   3.287814   48.99998  -16.49998     5.7888     5.8395   2571.886    34.9454    34.9496 0.0000e+00
   9035.984     216865   2609.000     3.1699     3.1714   3.287310   3.287796   48.99998  -16.49998     5.7906     5.8391   2570.906    34.9454    34.9495 0.0000e+00
   9036.954     216888   2608.000     3.1700     3.1717   3.287277   3.287770   48.99998  -16.49998     5.7929     5.8402   2569.927    34.9453    34.9494 0.0000e+00
   9037.903     216911   2607.000     3.1702     3.1721   3.287244   3.287747   48.99998  -16.49998     5.7938     5.8426   2568.947    34.9452    34.9491 0.0000e+00
   9038.843     216933   2606.000     3.1705     3.1727   3.287213   3.287740   48.99998  -16.49998     5.7946     5.8454   2567.968    34.9450    34.9489 0.0000e+00
   9039.793     216956   2605.000     3.1710     3.1732   3.287195   3.287733   48.99998  -16.49998     5.7965     5.8483   2566.988    34.9448    34.9488 0.0000e+00
   9040.761     216979   2604.000     3.1714     3.1735   3.287185   3.287719   48.99998  -16.49998     5.7983     5.8506   2566.009    34.9446    34.9488 0.0000e+00
   9041.744     217003   2603.000     3.1717     3.1738   3.287172   3.287703   48.99998  -16.49998     5.8014     5.8546   2565.030    34.9446    34.9487 0.0000e+00
   9042.728     217026   2602.000     3.1720     3.1743   3.287155   3.287698   48.99998  -16.49998     5.8031     5.8579   2564.050    34.9445    34.9485 0.0000e+00
   9043.706     217050   2601.000     3.1724     3.1751   3.287139   3.287721   48.99998  -16.49998     5.8053     5.8577   2563.071    34.9444    34.9484 0.0000e+00
   9044.678     217073   2600.000     3.1730     3.1758   3.287139   3.287747   48.99998  -16.49998     5.8070     5.8576   2562.091    34.9442    34.9485 0.0000e+00
   9045.652     217097   2599.000     3.1737     3.1762   3.287154   3.287749   48.99997  -16.49998     5.8079     5.8587   2561.112    34.9441    34.9485 0.0000e+00
   9046.631     217120   2598.000     3.1743     3.1767   3.287169   3.287750   48.99997  -16.49998     5.8086     5.8599   2560.132    34.9441    34.9485 0.0000e+00
   9047.612     217144   2597.000     3.1748     3.1772   3.287177   3.287754   48.99996  -16.49998     5.8097     5.8613   2559.153    34.9442    34.9485 0.0000e+00
   9048.590     217167   2596.000     3.1752     3.1774   3.287178   3.287742   48.99996  -16.49998     5.8117     5.8628   2558.173    34.9442    34.9485 0.0000e+00
   9049.562     217190   2595.000     3.1756     3.1776   3.287174   3.287717   48.99997  -16.49998     5.8132     5.8638   2557.194    34.9442    34.9486 0.0000e+00
   9050.532     217214   2594.000     3.1758     3.1776   3.287160   3.287688   48.99997  -16.49998     5.8148     5.8618   2556.214    34.9442    34.9486 0.0000e+00
   9051.509     217237   2593.000     3.1760     3.1777   3.287138   3.287652   48.99998  -16.49998     5.8146     5.8619   2555.235    34.9443    34.9486 0.0000e+00
   9052.496     217261   2592.000     3.1761     3.1780   3.287107   3.287628   48.99997  -16.49998     5.8126     5.8630   2554.255    34.9442    34.9484 0.0000e+00
   9053.490     217285   2591.000     3.1763     3.1788   3.287077   3.287633   48.99997  -16.49998     5.8126     5.8648   2553.276    34.9441    34.9481 0.0000e+00
   9054.477     217308   2590.000     3.1768     3.1799   3.287064   3.287674   48.99996  -16.49998     5.8138     5.8667   2552.296    34.9440    34.9479 0.0000e+00
   9055.451     217332   2589.000     3.1776     3.1810   3.287079   3.287730   48.99996  -16.49998     5.8150     5.8671   2551.317    34.9437    34.9479 0.0000e+00
   9056.417     217355   2588.000     3.1786     3.1818   3.287125   3.287764   48.99996  -16.49998     5.8174     5.8685   2550.337    34.9436    34.9479 0.0000e+00
   9057.383     217378   2587.000     3.1794     3.1827   3.287161   3.287796   48.99996  -16.49998     5.8198     5.8693   2549.358    34.9437    34.9477 0.0000e+00
   9058.357     217402   2586.000     3.1802     3.1837   3.287186   3.287842   48.99997  -16.49998     5.8200     5.8698   2548.378    34.9436    34.9477 0.0000e+00
   9059.340     217425   2585.000     3.1811     3.1847   3.287218   3.287888   48.99998  -16.49998     5.8201     5.8711   2547.399    34.9435    34.9476 0.0000e+00
   9060.328     217449   2584.000     3.1820     3.1859   3.287250   3.287952   48.99998  -16.49998     5.8215     5.8710   2546.419    34.9434    34.9476 0.0000e+00
   9061.316     217473   2583.000     3.1832     3.1868   3.287301   3.288000   48.99998  -16.49998     5.8223     5.8713   2545.439    34.9432    34.9477 0.0000e+00
   9062.293     217496   2582.000     3.1844     3.1872   3.287377   3.288011   48.99997  -16.49998     5.8220     5.8745   2544.460    34.9433    34.9478 0.0000e+00
   9063.263     217519   2581.000     3.1852     3.1875   3.287423   3.288004   48.99997  -16.49998     5.8229     5.8759   2543.480    34.9434    34.9479 0.0000e+00
   9064.232     217543   2580.000     3.1857     3.1878   3.287435   3.287991   48.99997  -16.49998     5.8258     5.8764   2542.501    34.9436    34.9479 0.0000e+00
   9065.209     217566   2579.000     3.1860     3.1880   3.287430   3.287975   48.99998  -16.49998     5.8276     5.8760   2541.521    34.9436    34.9480 0.0000e+00
   9066.196     217590   2578.000     3.1863     3.1883   3.287414   3.287955   48.99998  -16.49998     5.8270     5.8751   2540.542    34.9436    34.9479 0.0000e+00
   9067.184     217613   2577.000     3.1866     3.1888   3.287399   3.287946   48.99998  -16.49998     5.8276     5.8744   2539.562    34.9436    34.9477 0.0000e+00
   9068.168     217637   2576.000     3.1869     3.1897   3.287385   3.287964   48.99997  -16.49998     5.8278     5.8752   2538.583    34.9435    34.9475 0.0000e+00
   9069.139     217660   2575.000     3.1875     3.1918   3.287385   3.288053   48.99996  -16.49998     5.8273     5.8779   2537.603    34.9433    34.9468 0.0000e+00
   9070.103     217683   2574.000     3.1889     3.1944   3.287427   3.288244   48.99996  -16.49998     5.8280     5.8783   2536.623    34.9429    34.9467 0.0000e+00
   9071.073     217707   2573.000     3.1909     3.1963   3.287544   3.288396   48.99997  -16.49998     5.8292     5.8775   2535.644    34.9426    34.9469 0.0000e+00
   9072.060     217730   2572.000     3.1928     3.1980   3.287680   3.288504   48.99998  -16.49998     5.8309     5.8779   2534.664    34.9426    34.9470 0.0000e+00
   9073.059     217754   2571.000     3.1945     3.1993   3.287794   3.288589   48.99998  -16.49998     5.8327     5.8790   2533.685    34.9427    34.9470 0.0000e+00
   9074.053     217778   2570.000     3.1961     3.2004   3.287896   3.288650   48.99998  -16.49998     5.8346     5.8805   2532.705    34.9426    34.9471 0.0000e+00
   9075.034     217802   2569.000     3.1976     3.2013   3.287990   3.288694   48.99998  -16.49998     5.8369     5.8827   2531.725    34.9427    34.9471 0.0000e+00
   9076.002     217825   2568.000     3.1987     3.2023   3.288060   3.288734   48.99998  -16.49998     5.8388     5.8875   2530.746    34.9428    34.9469 0.0000e+00
   9076.968     217848   2567.000     3.1998     3.2037   3.288111   3.288807   48.99998  -16.49998     5.8404     5.8905   2529.766    34.9427    34.9468 0.0000e+00
   9077.939     217872   2566.000     3.2009     3.2051   3.288167   3.288885   48.99998  -16.49999     5.8400     5.8917   2528.786    34.9426    34.9468 0.0000e+00
   9078.914     217895   2565.000     3.2022     3.2065   3.288234   3.288958   48.99998  -16.50000     5.8400     5.8923   2527.807    34.9425    34.9466 0.0000e+00
   9079.894     217918   2564.000     3.2035     3.2085   3.288301   3.289069   48.99998  -16.50000     5.8415     5.8939   2526.827    34.9424    34.9463 0.0000e+00
   9080.876     217942   2563.000     3.2051     3.2101   3.288384   3.289186   48.99998  -16.50000     5.8436     5.8929   2525.848    34.9421    34.9465 0.0000e+00
   9081.865     217966   2562.000     3.2069     3.2111   3.288496   3.289252   48.99998  -16.50000     5.8463     5.8926   2524.868    34.9421    34.9466 0.0000e+00
   9082.865     217990   2561.000     3.2082     3.2119   3.288584   3.289289   48.99998  -16.50000     5.8485     5.8952   2523.888    34.9422    34.9466 0.0000e+00
   9083.869     218014   2560.000     3.2093     3.2128   3.288645   3.289325   48.99998  -16.50000     5.8498     5.8983   2522.909    34.9422    34.9467 0.0000e+00
   9084.860     218038   2559.000     3.2103     3.2132   3.288691   3.289335   48.99998  -16.50000     5.8512     5.9003   2521.929    34.9422    34.9467 0.0000e+00
   9085.832     218061   2558.000     3.2112     3.2135   3.288735   3.289321   48.99998  -16.50000     5.8515     5.9012   2520.949    34.9422    34.9467 0.0000e+00
   9086.795     218084   2557.000     3.2117     3.2137   3.288755   3.289300   48.99998  -16.50000     5.8515     5.9027   2519.970    34.9424    34.9467 0.0000e+00
   9087.757     218107   2556.000     3.2120     3.2140   3.288750   3.289280   48.99998  -16.50000     5.8518     5.9041   2518.990    34.9424    34.9466 0.0000e+00
   9088.722     218130   2555.000     3.2124     3.2147   3.288738   3.289278   48.99998  -16.50000     5.8522     5.9041   2518.010    34.9424    34.9464 0.0000e+00
   9089.690     218154   2554.000     3.2129     3.2158   3.288731   3.289322   48.99998  -16.50000     5.8542     5.9063   2517.031    34.9422    34.9461 0.0000e+00
   9090.663     218177   2553.000     3.2139     3.2169   3.288756   3.289375   48.99998  -16.50000     5.8551     5.9088   2516.051    34.9419    34.9461 0.0000e+00
   9091.649     218201   2552.000     3.2149     3.2179   3.288798   3.289418   48.99998  -16.50000     5.8561     5.9109   2515.071    34.9418    34.9460 0.0000e+00
   9092.644     218224   2551.000     3.2160     3.2190   3.288846   3.289463   48.99998  -16.50000     5.8585     5.9125   2514.092    34.9417    34.9459 0.0000e+00
   9093.637     218248   2550.000     3.2169     3.2198   3.288884   3.289496   48.99998  -16.50001     5.8613     5.9145   2513.112    34.9416    34.9459 0.0000e+00
   9094.614     218272   2549.000     3.2178     3.2204   3.288914   3.289512   48.99998  -16.50001     5.8653     5.9161   2512.132    34.9416    34.9458 0.0000e+00
   9095.573     218295   2548.000     3.2184     3.2212   3.288935   3.289529   48.99998  -16.50002     5.8690     5.9169   2511.152    34.9416    34.9457 0.0000e+00
   9096.528     218318   2547.000     3.2191     3.2220   3.288946   3.289556   48.99998  -16.50002     5.8718     5.9195   2510.173    34.9415    34.9456 0.0000e+00
   9097.498     218341   2546.000     3.2198     3.2229   3.288963   3.289592   48.99998  -16.50002     5.8743     5.9204   2509.193    34.9414    34.9456 0.0000e+00
   9098.492     218365   2545.000     3.2206     3.2235   3.288988   3.289611   48.99998  -16.50002     5.8753     5.9200   2508.213    34.9413    34.9457 0.0000e+00
   9099.493     218389   2544.000     3.2213     3.2238   3.289013   3.289603   48.99998  -16.50002     5.8763     5.9211   2507.234    34.9413    34.9456 0.0000e+00
   9100.484     218413   2543.000     3.2219     3.2242   3.289026   3.289592   48.99998  -16.50002     5.8785     5.9228   2506.254    34.9413    34.9456 0.0000e+00
   9101.460     218436   2542.000     3.2223     3.2245   3.289024   3.289576   48.99998  -16.50002     5.8786     5.9238   2505.274    34.9413    34.9456 0.0000e+00
   9102.425     218459   2541.000     3.2226     3.2249   3.289012   3.289570   48.99998  -16.50002     5.8779     5.9227   2504.294    34.9413    34.9455 0.0000e+00
   9103.394     218482   2540.000     3.2230     3.2256   3.289004   3.289583   48.99998  -16.50002     5.8792     5.9229   2503.315    34.9412    34.9454 0.0000e+00
   9104.372     218506   2539.000     3.2235     3.2264   3.289000   3.289607   48.99998  -16.50002     5.8807     5.9265   2502.335    34.9412    34.9453 0.0000e+00
   9105.355     218530   2538.000     3.2242     3.2273   3.289008   3.289634   48.99998  -16.50002     5.8812     5.9286   2501.355    34.9410    34.9452 0.0000e+00
   9106.332     218553   2537.000     3.2250     3.2281   3.289036   3.289659   48.99998  -16.50002     5.8809     5.9298   2500.375    34.9409    34.9450 0.0000e+00
   9107.299     218576   2536.000     3.2259     3.2291   3.289068   3.289701   48.99998  -16.50002     5.8810     5.9337   2499.396    34.9409    34.9450 0.0000e+00
   9108.262     218599   2535.000     3.2267     3.2296   3.289105   3.289720   48.99998  -16.50002     5.8829     5.9365   2498.416    34.9408    34.9451 0.0000e+00
   9109.232     218623   2534.000     3.2274     3.2298   3.289129   3.289706   48.99998  -16.50002     5.8850     5.9378   2497.436    34.9408    34.9452 0.0000e+00
   9110.222     218646   2533.000     3.2279     3.2301   3.289136   3.289686   48.99998  -16.50002     5.8859     5.9377   2496.456    34.9409    34.9451 0.0000e+00
   9111.230     218671   2532.000     3.2282     3.2303   3.289127   3.289668   48.99998  -16.50002     5.8881     5.9372   2495.477    34.9409    34.9451 0.0000e+00
   9112.239     218695   2531.000     3.2285     3.2306   3.289109   3.289654   48.99998  -16.50002     5.8920     5.9381   2494.497    34.9409    34.9451 0.0000e+00
   9113.225     218718   2530.000     3.2288     3.2309   3.289093   3.289635   48.99998  -16.50002     5.8950     5.9391   2493.517    34.9408    34.9450 0.0000e+00
   9114.184     218741   2529.000     3.2292     3.2315   3.289081   3.289632   48.99998  -16.50002     5.8958     5.9414   2492.537    34.9407    34.9448 0.0000e+00
   9115.128     218764   2528.000     3.2297     3.2326   3.289080   3.289666   48.99998  -16.50002     5.8940     5.9411   2491.557    34.9406    34.9445 0.0000e+00
   9116.075     218787   2527.000     3.2305     3.2342   3.289094   3.289746   48.99998  -16.50002     5.8917     5.9395   2490.578    34.9405    34.9442 0.0000e+00
   9117.039     218810   2526.000     3.2316     3.2359   3.289130   3.289850   48.99998  -16.50002     5.8917     5.9390   2489.598    34.9402    34.9442 0.0000e+00
   9118.029     218834   2525.000     3.2330     3.2370   3.289205   3.289928   48.99998  -16.50002     5.8926     5.9378   2488.618    34.9400    34.9444 0.0000e+00
   9119.043     218858   2524.000     3.2342     3.2377   3.289277   3.289963   48.99998  -16.50002     5.8927     5.9380   2487.638    34.9401    34.9445 0.0000e+00
   9120.061     218882   2523.000     3.2352     3.2383   3.289326   3.289973   48.99998  -16.50002     5.8939     5.9411   2486.658    34.9401    34.9445 0.0000e+00
   9121.062     218906   2522.000     3.2360     3.2389   3.289362   3.289982   48.99998  -16.50002     5.8959     5.9446   2485.679    34.9401    34.9444 0.0000e+00
   9122.030     218930   2521.000     3.2366     3.2398   3.289382   3.290010   48.99998  -16.50002     5.8989     5.9470   2484.699    34.9401    34.9442 0.0000e+00
   9122.975     218952   2520.000     3.2372     3.2409   3.289394   3.290054   48.99998  -16.50002     5.9003     5.9487   2483.719    34.9402    34.9441 0.0000e+00
   9123.918     218975   2519.000     3.2376     3.2418   3.289394   3.290103   48.99998  -16.50002     5.9006     5.9494   2482.739    34.9402    34.9441 0.0000e+00
