Data_example/SBE_Data_Processed/JC231/SeaBird/Data/Processed/JC231_CTD_004cfaldb.cnv
* Sea-Bird SBE 9 Data File:
* FileName = C:\Users\sandm\Documents\Cruises\JC231\CTD Data\CTD Raw Data\JC231_CTD_004.hex
* Software Version Seasave V 7.26.7.121
* Temperature SN = 5700
* Conductivity SN = 2164
* Number of Bytes Per Scan = 41
* Number of Voltage Words = 4
* Number of Scans Averaged by the Deck Unit = 1
* NMEA Latitude = 49 00.00 N
* NMEA Longitude = 016 30.00 W
* NMEA UTC (Time) = May 06 2022  10:23:58
* NMEA baud rate = 9600
** Ship: RRS James Cook
** Cruise: JC231
** Cast: 004
** Event:
** Station:
** Julian Day: 126
** Time (GMT): 10:30
** Latitude: 48 59.999' N
** Longitude: 16 30.001' W
** Depth (uncorrected m): 4810m
** Principal Scientist: Dr Susan Hartman
** Operator:  TP / JG
# nquan = 15
# nvalues = 9843                        
# units = specified
# name 0 = timeS: Time, Elapsed [seconds]
# name 1 = scan: Scan Count
# name 2 = prDM: Pressure, Digiquartz [db]
# name 3 = t090C: Temperature [ITS-90, deg C]
# name 4 = t190C: Temperature, 2 [ITS-90, deg C]
# name 5 = c0S/m: Conductivity [S/m]
# name 6 = c1S/m: Conductivity, 2 [S/m]
# name 7 = latitude: Latitude [deg]
# name 8 = longitude: Longitude [deg]
# name 9 = sbeox0ML/L: Oxygen, SBE 43 [ml/l]
# name 10 = sbeox1ML/L: Oxygen, SBE 43, 2 [ml/l]
# name 11 = depSM: Depth [salt water, m], lat = 49
# name 12 = sal00: Salinity, Practical [PSU]
# name 13 = sal11: Salinity, Practical, 2 [PSU]
# name 14 = flag: flag
# span 0 =    879.805,  14781.771       
# span 1 =      21116,     354764       
# span 2 =      1.000,   4923.000       
# span 3 =     2.5304,    14.3663       
# span 4 =     2.5320,    14.3503       
# span 5 =   3.274704,   4.310083       
# span 6 =   3.275268,   4.302541       
# span 7 =   48.99670,   49.75545       
# span 8 =  -16.76041,  -16.49998       
# span 9 =     4.1677,     6.2800       
# span 10 =     3.8721,     6.4106      
# span 11 =      0.992,   4825.642      
# span 12 =    34.3587,    36.0840      
# span 13 =    34.2382,    36.0910      
# span 14 = 0.0000e+00, 0.0000e+00      
# interval = decibars: 1                
# start_time = May 06 2022 10:23:59 [System UTC, first data scan.]
# bad_flag = -9.990e-29
*END*
[from data line 7808]
  10408.960     249816   2037.000     3.6877     3.6896   3.309367   3.309873   48.99674  -16.50484     5.9879     6.0965   2009.937    34.9282    34.9321 0.0000e+00
  10409.957     249840   2036.000     3.6880     3.6898   3.309356   3.309856   48.99674  -16.50484     5.9910     6.0963   2008.955    34.9282    34.9322 0.0000e+00
  10410.943     249864   2035.000     3.6883     3.6900   3.309343   3.309828   48.99674  -16.50484     5.9920     6.0940   2007.973    34.9282    34.9322 0.0000e+00
  10411.909     249887   2034.000     3.6884     3.6901   3.309321   3.309798   48.99674  -16.50484     5.9917     6.0922   2006.991    34.9283    34.9322 0.0000e+00
  10412.865     249910   2033.000     3.6886     3.6902   3.309292   3.309761   48.99674  -16.50484     5.9902     6.0934   2006.009    34.9283    34.9321 0.0000e+00
  10413.829     249933   2032.000     3.6887     3.6903   3.309261   3.309727   48.99674  -16.50484     5.9888     6.0945   2005.027    34.9283    34.9320 0.0000e+00
  10414.820     249957   2031.000     3.6888     3.6907   3.309228   3.309704   48.99674  -16.50484     5.9870     6.0947   2004.045    34.9282    34.9319 0.0000e+00
  10415.848     249981   2030.000     3.6889     3.6916   3.309195   3.309716   48.99674  -16.50484     5.9847     6.0953   2003.063    34.9282    34.9315 0.0000e+00
  10416.936     250007   2029.000     3.6892     3.6931   3.309169   3.309785   48.99674  -16.50484     5.9860     6.0953   2002.081    34.9281    34.9312 0.0000e+00
  10418.112     250036   2028.000     3.6897     3.6944   3.309162   3.309867   48.99674  -16.50484     5.9898     6.0952   2001.099    34.9279    34.9313 0.0000e+00
  10419.436     250067   2027.000     3.6905     3.6952   3.309182   3.309916   48.99674  -16.50484     5.9938     6.0952   2000.117    34.9277    34.9315 0.0000e+00
  10421.005     250105   2026.000     3.6909     3.6954   3.309199   3.309913   48.99674  -16.50483     5.9928     6.0910   1999.134    34.9280    34.9317 0.0000e+00
  10423.112     250156   2025.000     3.6880     3.6946   3.308988   3.309837   48.99674  -16.50482     5.9910     6.0947   1998.152    34.9290    34.9322 0.0000e+00
  10458.799     251012   2024.000     3.6914     3.6955   3.309210   3.309892   48.99673  -16.50483     5.9902     6.1011   1997.170    34.9286    34.9323 0.0000e+00
  10494.308     251864   2023.000     3.6981     3.6995   3.309672   3.310133   48.99672  -16.50484     5.9925     6.1021   1996.188    34.9275    34.9314 0.0000e+00
  10494.950     251880   2022.000     3.6998     3.7014   3.309773   3.310248   48.99672  -16.50484     5.9947     6.1010   1995.206    34.9274    34.9313 0.0000e+00
  10496.487     251917   2021.000     3.7006     3.7023   3.309820   3.310300   48.99672  -16.50484     5.9956     6.0961   1994.224    34.9276    34.9314 0.0000e+00
  10497.799     251948   2020.000     3.7010     3.7030   3.309820   3.310305   48.99672  -16.50484     5.9980     6.0942   1993.242    34.9276    34.9313 0.0000e+00
  10498.986     251977   2019.000     3.7014     3.7036   3.309811   3.310320   48.99672  -16.50484     5.9981     6.0977   1992.260    34.9275    34.9313 0.0000e+00
  10500.095     252003   2018.000     3.7020     3.7038   3.309813   3.310309   48.99672  -16.50484     5.9990     6.1016   1991.278    34.9274    34.9314 0.0000e+00
  10501.147     252029   2017.000     3.7023     3.7038   3.309811   3.310273   48.99672  -16.50484     5.9996     6.1050   1990.296    34.9275    34.9314 0.0000e+00
  10502.157     252053   2016.000     3.7024     3.7039   3.309785   3.310233   48.99672  -16.50484     5.9997     6.1074   1989.314    34.9276    34.9313 0.0000e+00
  10503.143     252076   2015.000     3.7025     3.7039   3.309748   3.310195   48.99672  -16.50484     5.9996     6.1073   1988.332    34.9275    34.9313 0.0000e+00
  10504.112     252100   2014.000     3.7026     3.7043   3.309716   3.310162   48.99672  -16.50484     5.9994     6.1058   1987.349    34.9275    34.9310 0.0000e+00
  10505.071     252123   2013.000     3.7029     3.7051   3.309683   3.310170   48.99672  -16.50484     5.9993     6.1057   1986.367    34.9273    34.9307 0.0000e+00
  10506.027     252146   2012.000     3.7034     3.7060   3.309669   3.310198   48.99672  -16.50484     6.0001     6.1072   1985.385    34.9271    34.9306 0.0000e+00
  10506.988     252169   2011.000     3.7043     3.7069   3.309683   3.310231   48.99672  -16.50484     6.0006     6.1080   1984.403    34.9268    34.9305 0.0000e+00
  10507.960     252192   2010.000     3.7051     3.7076   3.309708   3.310258   48.99672  -16.50484     6.0009     6.1074   1983.421    34.9268    34.9306 0.0000e+00
  10508.943     252216   2009.000     3.7058     3.7081   3.309734   3.310264   48.99672  -16.50484     6.0017     6.1078   1982.439    34.9268    34.9306 0.0000e+00
  10509.936     252239   2008.000     3.7064     3.7087   3.309749   3.310270   48.99672  -16.50484     6.0015     6.1085   1981.457    34.9268    34.9305 0.0000e+00
  10510.933     252263   2007.000     3.7070     3.7093   3.309755   3.310279   48.99672  -16.50484     6.0026     6.1087   1980.475    34.9267    34.9305 0.0000e+00
  10511.924     252287   2006.000     3.7076     3.7096   3.309761   3.310263   48.99672  -16.50484     6.0026     6.1104   1979.493    34.9267    34.9304 0.0000e+00
  10512.902     252311   2005.000     3.7080     3.7100   3.309759   3.310240   48.99672  -16.50484     6.0021     6.1120   1978.510    34.9266    34.9302 0.0000e+00
  10513.868     252334   2004.000     3.7085     3.7103   3.309750   3.310219   48.99672  -16.50484     6.0031     6.1138   1977.528    34.9265    34.9301 0.0000e+00
  10514.833     252357   2003.000     3.7088     3.7107   3.309735   3.310198   48.99672  -16.50484     6.0051     6.1158   1976.546    34.9264    34.9299 0.0000e+00
  10515.803     252380   2002.000     3.7092     3.7115   3.309718   3.310194   48.99672  -16.50484     6.0064     6.1164   1975.564    34.9264    34.9296 0.0000e+00
  10516.781     252404   2001.000     3.7096     3.7126   3.309700   3.310239   48.99672  -16.50484     6.0068     6.1166   1974.582    34.9261    34.9293 0.0000e+00
  10517.766     252427   2000.000     3.7105     3.7139   3.309702   3.310305   48.99672  -16.50484     6.0061     6.1174   1973.599    34.9258    34.9292 0.0000e+00
  10518.755     252451   1999.000     3.7116     3.7156   3.309744   3.310391   48.99672  -16.50484     6.0063     6.1175   1972.617    34.9255    34.9290 0.0000e+00
  10519.747     252475   1998.000     3.7128     3.7177   3.309798   3.310534   48.99672  -16.50484     6.0081     6.1177   1971.635    34.9254    34.9290 0.0000e+00
  10520.734     252499   1997.000     3.7142     3.7193   3.309873   3.310669   48.99672  -16.50484     6.0119     6.1187   1970.653    34.9253    34.9293 0.0000e+00
  10521.714     252522   1996.000     3.7158     3.7203   3.309977   3.310739   48.99672  -16.50484     6.0124     6.1183   1969.671    34.9253    34.9295 0.0000e+00
  10522.685     252545   1995.000     3.7174     3.7213   3.310087   3.310778   48.99672  -16.50484     6.0123     6.1156   1968.689    34.9254    34.9294 0.0000e+00
  10523.650     252569   1994.000     3.7186     3.7225   3.310167   3.310828   48.99672  -16.50484     6.0131     6.1138   1967.706    34.9255    34.9293 0.0000e+00
  10524.616     252592   1993.000     3.7198     3.7235   3.310228   3.310885   48.99672  -16.50484     6.0114     6.1130   1966.724    34.9255    34.9293 0.0000e+00
  10525.590     252615   1992.000     3.7208     3.7247   3.310279   3.310937   48.99672  -16.50484     6.0113     6.1137   1965.742    34.9255    34.9292 0.0000e+00
  10526.582     252639   1991.000     3.7219     3.7258   3.310330   3.310998   48.99672  -16.50484     6.0122     6.1151   1964.760    34.9255    34.9292 0.0000e+00
  10527.583     252663   1990.000     3.7231     3.7267   3.310386   3.311037   48.99672  -16.50484     6.0137     6.1155   1963.778    34.9253    34.9292 0.0000e+00
  10528.581     252687   1989.000     3.7242     3.7275   3.310441   3.311059   48.99672  -16.50484     6.0125     6.1156   1962.795    34.9253    34.9290 0.0000e+00
  10529.570     252711   1988.000     3.7253     3.7283   3.310489   3.311086   48.99672  -16.50484     6.0118     6.1169   1961.813    34.9251    34.9290 0.0000e+00
  10530.546     252734   1987.000     3.7262     3.7289   3.310531   3.311104   48.99672  -16.50484     6.0113     6.1187   1960.831    34.9251    34.9291 0.0000e+00
  10531.514     252757   1986.000     3.7269     3.7293   3.310558   3.311106   48.99672  -16.50484     6.0129     6.1198   1959.849    34.9252    34.9291 0.0000e+00
  10532.479     252781   1985.000     3.7275     3.7299   3.310572   3.311106   48.99672  -16.50484     6.0155     6.1204   1958.866    34.9253    34.9290 0.0000e+00
  10533.449     252804   1984.000     3.7280     3.7308   3.310579   3.311130   48.99672  -16.50484     6.0177     6.1213   1957.884    34.9252    34.9288 0.0000e+00
  10534.431     252827   1983.000     3.7288     3.7323   3.310594   3.311206   48.99672  -16.50484     6.0187     6.1219   1956.902    34.9251    34.9286 0.0000e+00
  10535.426     252851   1982.000     3.7299     3.7335   3.310638   3.311288   48.99672  -16.50484     6.0186     6.1209   1955.920    34.9249    34.9288 0.0000e+00
  10536.420     252875   1981.000     3.7311     3.7339   3.310706   3.311307   48.99672  -16.50484     6.0190     6.1209   1954.937    34.9249    34.9290 0.0000e+00
  10537.403     252899   1980.000     3.7319     3.7341   3.310753   3.311281   48.99672  -16.50484     6.0184     6.1235   1953.955    34.9251    34.9290 0.0000e+00
  10538.376     252922   1979.000     3.7324     3.7342   3.310759   3.311243   48.99672  -16.50484     6.0167     6.1258   1952.973    34.9252    34.9290 0.0000e+00
  10539.348     252945   1978.000     3.7326     3.7342   3.310742   3.311197   48.99672  -16.50484     6.0170     6.1258   1951.991    34.9252    34.9289 0.0000e+00
  10540.328     252969   1977.000     3.7327     3.7341   3.310708   3.311145   48.99672  -16.50484     6.0185     6.1252   1951.008    34.9252    34.9289 0.0000e+00
  10541.317     252993   1976.000     3.7327     3.7341   3.310663   3.311095   48.99672  -16.50484     6.0205     6.1252   1950.026    34.9251    34.9287 0.0000e+00
  10542.311     253016   1975.000     3.7326     3.7345   3.310611   3.311074   48.99672  -16.50484     6.0219     6.1238   1949.044    34.9251    34.9286 0.0000e+00
  10543.299     253040   1974.000     3.7328     3.7351   3.310569   3.311085   48.99672  -16.50484     6.0231     6.1229   1948.062    34.9249    34.9285 0.0000e+00
  10544.275     253064   1973.000     3.7331     3.7357   3.310552   3.311104   48.99672  -16.50484     6.0263     6.1227   1947.079    34.9248    34.9286 0.0000e+00
  10545.246     253087   1972.000     3.7337     3.7363   3.310556   3.311118   48.99672  -16.50484     6.0260     6.1232   1946.097    34.9247    34.9286 0.0000e+00
  10546.219     253110   1971.000     3.7343     3.7368   3.310566   3.311129   48.99672  -16.50484     6.0240     6.1261   1945.115    34.9247    34.9287 0.0000e+00
  10547.203     253134   1970.000     3.7348     3.7373   3.310576   3.311131   48.99672  -16.50484     6.0227     6.1290   1944.132    34.9247    34.9287 0.0000e+00
  10548.194     253158   1969.000     3.7353     3.7376   3.310582   3.311119   48.99672  -16.50485     6.0222     6.1307   1943.150    34.9248    34.9287 0.0000e+00
  10549.180     253181   1968.000     3.7357     3.7379   3.310586   3.311100   48.99672  -16.50486     6.0226     6.1303   1942.168    34.9248    34.9286 0.0000e+00
  10550.158     253205   1967.000     3.7361     3.7385   3.310579   3.311089   48.99672  -16.50486     6.0222     6.1303   1941.185    34.9248    34.9284 0.0000e+00
  10551.133     253228   1966.000     3.7365     3.7391   3.310562   3.311110   48.99672  -16.50486     6.0230     6.1314   1940.203    34.9247    34.9284 0.0000e+00
  10552.115     253252   1965.000     3.7369     3.7395   3.310550   3.311119   48.99672  -16.50486     6.0238     6.1304   1939.221    34.9246    34.9286 0.0000e+00
  10553.110     253276   1964.000     3.7374     3.7396   3.310548   3.311096   48.99672  -16.50486     6.0249     6.1281   1938.238    34.9246    34.9287 0.0000e+00
  10554.104     253300   1963.000     3.7377     3.7393   3.310544   3.311032   48.99672  -16.50486     6.0259     6.1274   1937.256    34.9246    34.9287 0.0000e+00
  10555.084     253323   1962.000     3.7378     3.7387   3.310522   3.310938   48.99672  -16.50486     6.0261     6.1278   1936.274    34.9248    34.9287 0.0000e+00
  10556.046     253346   1961.000     3.7375     3.7382   3.310463   3.310839   48.99672  -16.50486     6.0272     6.1302   1935.291    34.9248    34.9285 0.0000e+00
  10557.008     253369   1960.000     3.7371     3.7379   3.310380   3.310756   48.99672  -16.50486     6.0263     6.1333   1934.309    34.9248    34.9284 0.0000e+00
  10557.985     253393   1959.000     3.7368     3.7377   3.310300   3.310691   48.99672  -16.50486     6.0256     6.1340   1933.327    34.9246    34.9283 0.0000e+00
  10558.979     253417   1958.000     3.7366     3.7378   3.310231   3.310645   48.99672  -16.50486     6.0268     6.1340   1932.344    34.9245    34.9281 0.0000e+00
  10559.977     253440   1957.000     3.7365     3.7382   3.310173   3.310625   48.99672  -16.50486     6.0288     6.1323   1931.362    34.9244    34.9279 0.0000e+00
  10560.964     253464   1956.000     3.7367     3.7391   3.310133   3.310638   48.99672  -16.50486     6.0322     6.1307   1930.379    34.9242    34.9276 0.0000e+00
  10561.938     253488   1955.000     3.7372     3.7405   3.310121   3.310712   48.99672  -16.50486     6.0324     6.1302   1929.397    34.9240    34.9274 0.0000e+00
  10562.910     253511   1954.000     3.7382     3.7418   3.310153   3.310808   48.99672  -16.50486     6.0309     6.1320   1928.415    34.9238    34.9277 0.0000e+00
  10563.887     253534   1953.000     3.7393     3.7427   3.310215   3.310869   48.99672  -16.50486     6.0294     6.1348   1927.432    34.9238    34.9280 0.0000e+00
  10564.870     253558   1952.000     3.7403     3.7434   3.310273   3.310896   48.99672  -16.50486     6.0299     6.1360   1926.450    34.9240    34.9280 0.0000e+00
  10565.854     253581   1951.000     3.7411     3.7443   3.310318   3.310925   48.99672  -16.50486     6.0310     6.1331   1925.467    34.9241    34.9279 0.0000e+00
  10566.835     253605   1950.000     3.7420     3.7454   3.310355   3.310977   48.99672  -16.50486     6.0308     6.1306   1924.485    34.9241    34.9279 0.0000e+00
  10567.817     253629   1949.000     3.7431     3.7464   3.310402   3.311038   48.99672  -16.50486     6.0311     6.1303   1923.503    34.9240    34.9280 0.0000e+00
  10568.803     253652   1948.000     3.7441     3.7470   3.310459   3.311070   48.99672  -16.50486     6.0300     6.1307   1922.520    34.9240    34.9282 0.0000e+00
  10569.790     253676   1947.000     3.7450     3.7474   3.310505   3.311069   48.99672  -16.50486     6.0278     6.1317   1921.538    34.9242    34.9283 0.0000e+00
  10570.773     253700   1946.000     3.7455     3.7476   3.310527   3.311050   48.99672  -16.50486     6.0263     6.1324   1920.556    34.9243    34.9283 0.0000e+00
  10571.751     253723   1945.000     3.7459     3.7478   3.310526   3.311027   48.99672  -16.50486     6.0251     6.1322   1919.573    34.9244    34.9283 0.0000e+00
  10572.723     253746   1944.000     3.7462     3.7480   3.310512   3.311004   48.99672  -16.50486     6.0262     6.1308   1918.591    34.9244    34.9283 0.0000e+00
  10573.695     253770   1943.000     3.7464     3.7483   3.310494   3.310987   48.99672  -16.50486     6.0278     6.1294   1917.608    34.9244    34.9282 0.0000e+00
