Data_example/SBE_Data_Processed/JC231/SeaBird/Data/Processed/JC231_CTD_003cfaldb.cnv
* Sea-Bird SBE 9 Data File:
* FileName = C:\Users\sandm\Documents\Cruises\JC231\CTD Data\CTD Raw Data\JC231_CTD_003.hex
* Software Version Seasave V 7.26.7.121
* Temperature SN = 5700
* Conductivity SN = 2164
* Number of Bytes Per Scan = 41
* Number of Voltage Words = 4
* Number of Scans Averaged by the Deck Unit = 1
* NMEA Latitude = 48 57.37 N
* NMEA Longitude = 016 23.99 W
* NMEA UTC (Time) = May 05 2022  07:30:20
* NMEA baud rate = 9600
** Ship: RRS James Cook
** Cruise: JC231
** Cast: 003
** Event:
** Station:
** Julian Day: 125
** Time (GMT): 07:30
** Latitude: 48 57.362' N
** Longitude: 16 23.982'' W
** Depth (uncorrected m): 4812m
** Principal Scientist: Dr Susan Hartman
** Operator:  TP / JG
# nquan = 15
# nvalues = 409                         
# units = specified
# name 0 = timeS: Time, Elapsed [seconds]
# name 1 = scan: Scan Count
# name 2 = prDM: Pressure, Digiquartz [db]
# name 3 = t090C: Temperature [ITS-90, deg C]
# name 4 = t190C: Temperature, 2 [ITS-90, deg C]
# name 5 = c0S/m: Conductivity [S/m]
# name 6 = c1S/m: Conductivity, 2 [S/m]
# name 7 = latitude: Latitude [deg]
# name 8 = longitude: Longitude [deg]
# name 9 = sbeox0ML/L: Oxygen, SBE 43 [ml/l]
# name 10 = sbeox1ML/L: Oxygen, SBE 43, 2 [ml/l]
# name 11 = depSM: Depth [salt water, m], lat = 48.9562
# name 12 = sal00: Salinity, Practical [PSU]
# name 13 = sal11: Salinity, Practical, 2 [PSU]
# name 14 = flag: flag
# span 0 =    576.540,   2168.842       
# span 1 =      13838,      52053       
# span 2 =      1.000,    205.000       
# span 3 =    11.2888,    14.4447       
# span 4 =    11.2891,    14.2857       
# span 5 =   3.961687,   4.303155       
# span 6 =   3.931837,   4.328266       
# span 7 =   48.95620,   48.95622       
# span 8 =  -16.39994,  -16.39988       
# span 9 =     4.1336,     6.1349       
# span 10 =     4.4842,     6.3449      
# span 11 =      0.992,    203.161      
# span 12 =    32.6619,    35.7753      
# span 13 =    32.3429,    36.0808      
# span 14 = 0.0000e+00, 0.0000e+00      
# interval = decibars: 1                
# start_time = May 05 2022 07:30:21 [System UTC, first data scan.]
# bad_flag = -9.990e-29
*END*
    576.540      13838      1.000    14.2269    14.2857   3.961687   3.931837   48.95620  -16.39988     5.4325     5.7504      0.992    32.6619    32.3429 0.0000e+00
    581.708      13962      2.000    14.2091    14.2090   4.250885   4.252438   48.95620  -16.39988     4.9562     5.2923      1.983    35.3443    35.3607 0.0000e+00
    584.034      14018      3.000    14.2553    14.1962   4.298010   4.304316   48.95620  -16.39988     4.6499     5.0391      2.975    35.7357    35.8494 0.0000e+00
    585.845      14061      4.000    14.3195    14.2210   4.296750   4.315487   48.95620  -16.39989     4.4647     4.9561      3.966    35.6642    35.9300 0.0000e+00
    587.863      14110      5.000    14.2548    14.1981   4.299531   4.318819   48.95620  -16.39990     4.3339     4.8328      4.958    35.7495    35.9820 0.0000e+00
    589.888      14158      6.000    14.3341    14.1914   4.299266   4.325370   48.95620  -16.39990     4.3253     4.6101      5.949    35.6732    36.0489 0.0000e+00
    592.267      14215      7.000    14.2639    14.1858   4.302202   4.328266   48.95620  -16.39990     4.2971     4.4842      6.941    35.7651    36.0808 0.0000e+00
    593.978      14256      8.000    14.2620    14.1800   4.303155   4.314928   48.95620  -16.39990     4.2487     4.6988      7.932    35.7753    35.9613 0.0000e+00
    595.444      14292      9.000    14.3899    14.1779   4.299390   4.309488   48.95620  -16.39990     4.2354     4.8683      8.923    35.6216    35.9121 0.0000e+00
    597.379      14338     10.000    14.4447    14.1813   4.294426   4.319020   48.95620  -16.39990     4.1336     4.6777      9.915    35.5247    35.9975 0.0000e+00
    651.041      15626     11.000    14.0747    14.0497   4.274634   4.297010   48.95620  -16.39990     4.6600     4.9025     10.906    35.6812    35.9129 0.0000e+00
    788.081      18915     12.000    13.5186    13.5031   4.211262   4.211154   48.95620  -16.39990     6.1089     6.2267     11.898    35.6035    35.6169 0.0000e+00
    791.698      19002     13.000    13.4836    13.4430   4.208037   4.204235   48.95620  -16.39990     6.1216     6.2360     12.889    35.6054    35.6072 0.0000e+00
    793.903      19055     14.000    13.3937    13.3838   4.199819   4.198637   48.95620  -16.39990     6.1074     6.2275     13.881    35.6111    35.6092 0.0000e+00
    796.233      19111     15.000    13.3120    13.3033   4.192080   4.190607   48.95620  -16.39990     6.0991     6.2109     14.872    35.6137    35.6079 0.0000e+00
    798.181      19157     16.000    13.2605    13.2622   4.185356   4.185544   48.95620  -16.39990     6.0870     6.1972     15.864    35.5977    35.5979 0.0000e+00
    799.739      19195     17.000    13.2392    13.2410   4.182731   4.183171   48.95620  -16.39990     6.0763     6.1909     16.855    35.5922    35.5947 0.0000e+00
    801.339      19233     18.000    13.2236    13.2241   4.180921   4.181260   48.95620  -16.39990     6.0679     6.1849     17.847    35.5892    35.5920 0.0000e+00
    803.308      19280     19.000    13.2082    13.2081   4.179302   4.179540   48.95620  -16.39990     6.0704     6.1820     18.838    35.5877    35.5901 0.0000e+00
    805.747      19339     20.000    13.1802    13.1848   4.176740   4.177238   48.95620  -16.39990     6.0679     6.1823     19.829    35.5893    35.5896 0.0000e+00
    808.174      19397     21.000    13.1496    13.1555   4.173179   4.174189   48.95620  -16.39990     6.0548     6.1692     20.821    35.5835    35.5877 0.0000e+00
    809.998      19441     22.000    13.1317    13.1331   4.170929   4.171698   48.95620  -16.39990     6.0465     6.1545     21.812    35.5785    35.5845 0.0000e+00
    811.499      19477     23.000    13.1181    13.1177   4.168508   4.170100   48.95620  -16.39990     6.0298     6.1489     22.804    35.5677    35.5833 0.0000e+00
    812.970      19512     24.000    13.1063    13.1009   4.163127   4.168402   48.95620  -16.39990     5.9726     6.1434     23.795    35.5270    35.5824 0.0000e+00
    814.834      19557     25.000    13.1079    13.0863   4.164330   4.166683   48.95620  -16.39990     5.8712     6.1376     24.787    35.5365    35.5793 0.0000e+00
    817.200      19614     26.000    13.0737    13.0667   4.165577   4.164919   48.95620  -16.39990     5.8623     6.1288     25.778    35.5802    35.5804 0.0000e+00
    819.132      19660     27.000    13.0295    13.0311   4.161403   4.161763   48.95620  -16.39990     5.8648     6.1123     26.769    35.5814    35.5833 0.0000e+00
    820.645      19696     28.000    12.9933    12.9947   4.157757   4.158141   48.95620  -16.39990     5.8422     6.0993     27.761    35.5801    35.5824 0.0000e+00
    821.957      19728     29.000    12.9684    12.9674   4.155073   4.155322   48.95620  -16.39990     5.8319     6.0859     28.752    35.5774    35.5808 0.0000e+00
    823.200      19758     30.000    12.9444    12.9427   4.152738   4.152791   48.95620  -16.39990     5.8366     6.0776     29.743    35.5772    35.5793 0.0000e+00
    824.461      19788     31.000    12.9196    12.9180   4.150223   4.150299   48.95620  -16.39990     5.8416     6.0734     30.735    35.5760    35.5782 0.0000e+00
    825.837      19821     32.000    12.8981    12.8976   4.147780   4.147941   48.95620  -16.39990     5.8413     6.0703     31.726    35.5724    35.5744 0.0000e+00
    827.487      19861     33.000    12.8835    12.8828   4.146058   4.146234   48.95620  -16.39990     5.8279     6.0688     32.718    35.5692    35.5716 0.0000e+00
    829.420      19907     34.000    12.8651    12.8646   4.144461   4.144636   48.95620  -16.39990     5.8175     6.0669     33.709    35.5708    35.5729 0.0000e+00
    831.174      19949     35.000    12.8267    12.8229   4.141328   4.141255   48.95620  -16.39990     5.8137     6.0566     34.700    35.5764    35.5793 0.0000e+00
    832.580      19983     36.000    12.7874    12.7828   4.137493   4.137184   48.95620  -16.39990     5.8127     6.0512     35.692    35.5763    35.5776 0.0000e+00
    833.886      20014     37.000    12.7596    12.7565   4.134387   4.134298   48.95620  -16.39990     5.8155     6.0497     36.683    35.5722    35.5743 0.0000e+00
    835.282      20048     38.000    12.7333    12.7285   4.131888   4.131692   48.95620  -16.39990     5.8121     6.0461     37.674    35.5726    35.5752 0.0000e+00
    836.820      20085     39.000    12.6916    12.6863   4.128247   4.127861   48.95620  -16.39990     5.8038     6.0430     38.666    35.5764    35.5777 0.0000e+00
    838.324      20121     40.000    12.6455    12.6429   4.123647   4.123511   48.95620  -16.39990     5.7994     6.0348     39.657    35.5752    35.5764 0.0000e+00
    839.701      20154     41.000    12.6086    12.6047   4.119948   4.119842   48.95620  -16.39990     5.7955     6.0276     40.648    35.5740    35.5767 0.0000e+00
    841.094      20187     42.000    12.5772    12.5668   4.116576   4.115972   48.95620  -16.39990     5.7922     6.0237     41.640    35.5707    35.5747 0.0000e+00
    842.808      20228     43.000    12.5529    12.5326   4.114144   4.112266   48.95620  -16.39990     5.7918     6.0227     42.631    35.5697    35.5709 0.0000e+00
    844.804      20276     44.000    12.4977    12.4936   4.109361   4.108503   48.95620  -16.39990     5.7760     6.0169     43.622    35.5754    35.5710 0.0000e+00
    846.377      20314     45.000    12.4495    12.4502   4.104206   4.104370   48.95620  -16.39990     5.7618     6.0094     44.614    35.5707    35.5717 0.0000e+00
    847.642      20344     46.000    12.4196    12.4197   4.100695   4.100878   48.95620  -16.39990     5.7682     6.0076     45.605    35.5646    35.5663 0.0000e+00
    848.838      20373     47.000    12.3980    12.3966   4.098243   4.098328   48.95620  -16.39990     5.7742     6.0062     46.596    35.5609    35.5631 0.0000e+00
    850.093      20403     48.000    12.3752    12.3707   4.095765   4.095548   48.95620  -16.39990     5.7739     6.0041     47.588    35.5581    35.5602 0.0000e+00
    851.580      20439     49.000    12.3516    12.3440   4.093045   4.092377   48.95620  -16.39990     5.7725     5.9964     48.579    35.5536    35.5543 0.0000e+00
    853.469      20484     50.000    12.3305    12.3226   4.090737   4.089692   48.95620  -16.39990     5.7617     5.9869     49.570    35.5508    35.5481 0.0000e+00
    855.307      20528     51.000    12.3124    12.3120   4.088417   4.088395   48.95620  -16.39990     5.7458     5.9777     50.561    35.5450    35.5451 0.0000e+00
    856.833      20565     52.000    12.3021    12.3027   4.087351   4.087625   48.95620  -16.39990     5.7437     5.9670     51.553    35.5440    35.5461 0.0000e+00
    858.223      20598     53.000    12.2894    12.2886   4.086230   4.086441   48.95620  -16.39990     5.7341     5.9566     52.544    35.5447    35.5475 0.0000e+00
    859.562      20630     54.000    12.2696    12.2670   4.084636   4.084620   48.95620  -16.39990     5.7212     5.9425     53.535    35.5476    35.5498 0.0000e+00
    860.913      20663     55.000    12.2479    12.2461   4.082436   4.082459   48.95620  -16.39990     5.7120     5.9256     54.526    35.5464    35.5483 0.0000e+00
    862.322      20697     56.000    12.2312    12.2301   4.080658   4.080759   48.95620  -16.39990     5.7017     5.9121     55.518    35.5445    35.5465 0.0000e+00
    863.832      20733     57.000    12.2189    12.2189   4.079319   4.079531   48.95620  -16.39990     5.6924     5.9031     56.509    35.5427    35.5447 0.0000e+00
    865.473      20772     58.000    12.2095    12.2106   4.078342   4.078652   48.95620  -16.39990     5.6786     5.8941     57.500    35.5417    35.5437 0.0000e+00
    867.218      20814     59.000    12.2027    12.2039   4.077631   4.077991   48.95620  -16.39990     5.6646     5.8889     58.491    35.5407    35.5432 0.0000e+00
    868.895      20854     60.000    12.1931    12.1931   4.076900   4.077184   48.95620  -16.39990     5.6612     5.8886     59.483    35.5424    35.5451 0.0000e+00
    870.357      20890     61.000    12.1703    12.1681   4.075199   4.075229   48.95620  -16.39990     5.6574     5.8787     60.474    35.5470    35.5494 0.0000e+00
    871.725      20922     62.000    12.1404    12.1379   4.072246   4.072151   48.95620  -16.39990     5.6436     5.8644     61.465    35.5462    35.5477 0.0000e+00
    873.125      20956     63.000    12.1140    12.1109   4.069461   4.069330   48.95620  -16.39990     5.6304     5.8548     62.456    35.5438    35.5454 0.0000e+00
    874.516      20989     64.000    12.0909    12.0887   4.066934   4.066859   48.95620  -16.39990     5.6191     5.8462     63.448    35.5406    35.5420 0.0000e+00
    875.886      21022     65.000    12.0743    12.0745   4.065046   4.065177   48.95620  -16.39990     5.6134     5.8392     64.439    35.5376    35.5386 0.0000e+00
    877.371      21058     66.000    12.0660    12.0675   4.063906   4.064270   48.95620  -16.39990     5.6082     5.8360     65.430    35.5339    35.5360 0.0000e+00
    879.132      21100     67.000    12.0612    12.0611   4.063421   4.063683   48.95620  -16.39990     5.6114     5.8322     66.421    35.5333    35.5359 0.0000e+00
    881.099      21147     68.000    12.0462    12.0446   4.062326   4.062289   48.95620  -16.39990     5.6155     5.8253     67.412    35.5364    35.5377 0.0000e+00
    882.768      21187     69.000    12.0230    12.0246   4.060056   4.060336   48.95620  -16.39990     5.6109     5.8205     68.404    35.5359    35.5371 0.0000e+00
    884.070      21219     70.000    12.0051    12.0064   4.058336   4.058682   48.95620  -16.39990     5.5986     5.8154     69.395    35.5357    35.5378 0.0000e+00
    885.239      21247     71.000    11.9869    11.9883   4.056558   4.056864   48.95620  -16.39990     5.5834     5.8096     70.386    35.5352    35.5369 0.0000e+00
    886.396      21275     72.000    11.9763    11.9768   4.055162   4.055511   48.95620  -16.39990     5.5681     5.8014     71.377    35.5313    35.5342 0.0000e+00
    887.652      21305     73.000    11.9727    11.9685   4.054608   4.054661   48.95620  -16.39990     5.5556     5.7933     72.368    35.5288    35.5333 0.0000e+00
    889.370      21346     74.000    11.9810    11.9634   4.055199   4.054064   48.95620  -16.39990     5.5677     5.7888     73.359    35.5262    35.5319 0.0000e+00
    891.806      21404     75.000    11.9715    11.9680   4.054968   4.054334   48.95620  -16.39990     5.5763     5.7896     74.351    35.5326    35.5297 0.0000e+00
    893.517      21445     76.000    11.9558    11.9609   4.053347   4.054153   48.95620  -16.39990     5.5641     5.7863     75.342    35.5312    35.5343 0.0000e+00
    894.735      21475     77.000    11.9498    11.9529   4.052775   4.053340   48.95620  -16.39990     5.5529     5.7785     76.333    35.5310    35.5335 0.0000e+00
    895.855      21502     78.000    11.9438    11.9466   4.052273   4.052774   48.95620  -16.39990     5.5476     5.7745     77.324    35.5313    35.5335 0.0000e+00
    897.054      21530     79.000    11.9387    11.9411   4.051760   4.052232   48.95620  -16.39990     5.5504     5.7744     78.315    35.5307    35.5331 0.0000e+00
    898.459      21564     80.000    11.9356    11.9373   4.051421   4.051838   48.95620  -16.39990     5.5570     5.7726     79.306    35.5299    35.5324 0.0000e+00
    900.174      21605     81.000    11.9328    11.9339   4.051196   4.051537   48.95620  -16.39990     5.5567     5.7711     80.298    35.5299    35.5322 0.0000e+00
    901.970      21648     82.000    11.9281    11.9297   4.050839   4.051200   48.95620  -16.39990     5.5562     5.7692     81.289    35.5305    35.5325 0.0000e+00
    903.560      21686     83.000    11.9232    11.9252   4.050423   4.050838   48.95620  -16.39990     5.5504     5.7685     82.280    35.5306    35.5327 0.0000e+00
    905.063      21723     84.000    11.9186    11.9208   4.050031   4.050466   48.95620  -16.39990     5.5461     5.7667     83.271    35.5307    35.5329 0.0000e+00
    906.526      21758     85.000    11.9151    11.9174   4.049702   4.050151   48.95620  -16.39990     5.5543     5.7625     84.262    35.5304    35.5326 0.0000e+00
    907.930      21791     86.000    11.9127    11.9149   4.049477   4.049934   48.95620  -16.39990     5.5551     5.7614     85.253    35.5301    35.5324 0.0000e+00
    909.325      21825     87.000    11.9107    11.9128   4.049322   4.049766   48.95620  -16.39990     5.5492     5.7631     86.244    35.5299    35.5323 0.0000e+00
    910.792      21860     88.000    11.9089    11.9107   4.049174   4.049586   48.95620  -16.39990     5.5441     5.7660     87.235    35.5298    35.5321 0.0000e+00
    912.387      21898     89.000    11.9063    11.9080   4.048951   4.049340   48.95620  -16.39990     5.5423     5.7672     88.226    35.5297    35.5318 0.0000e+00
    914.034      21938     90.000    11.9029    11.9052   4.048613   4.049053   48.95620  -16.39990     5.5417     5.7653     89.217    35.5291    35.5313 0.0000e+00
    915.668      21977     91.000    11.8997    11.9024   4.048291   4.048785   48.95620  -16.39990     5.5393     5.7628     90.209    35.5286    35.5309 0.0000e+00
    917.186      22013     92.000    11.8971    11.8992   4.048012   4.048479   48.95620  -16.39990     5.5406     5.7643     91.200    35.5279    35.5304 0.0000e+00
    918.491      22045     93.000    11.8949    11.8963   4.047825   4.048208   48.95620  -16.39990     5.5497     5.7657     92.191    35.5277    35.5302 0.0000e+00
    919.747      22075     94.000    11.8930    11.8936   4.047631   4.047924   48.95620  -16.39990     5.5541     5.7648     93.182    35.5271    35.5295 0.0000e+00
    921.227      22110     95.000    11.8913    11.8921   4.047466   4.047756   48.95620  -16.39990     5.5462     5.7670     94.173    35.5267    35.5288 0.0000e+00
    923.045      22154     96.000    11.8879    11.8887   4.047212   4.047501   48.95620  -16.39990     5.5469     5.7662     95.164    35.5270    35.5291 0.0000e+00
