Data_example/SBE_Data_Processed/JC231/SeaBird/Data/Processed/JC231_CTD_005c.ros
* Sea-Bird SBE 9 Data File:
* FileName = C:\Users\sandm\Documents\Cruises\JC231\CTD Data\CTD Raw Data\JC231_CTD_005.hex
* Software Version Seasave V 7.26.7.121
* Temperature SN = 5700
* Conductivity SN = 2164
* Number of Bytes Per Scan = 41
* Number of Voltage Words = 4
* Number of Scans Averaged by the Deck Unit = 1
* NMEA Latitude = 49 00.32 N
* NMEA Longitude = 016 30.09 W
* NMEA UTC (Time) = May 08 2022  12:24:49
* NMEA baud rate = 9600
** Ship: RRS James Cook
** Cruise: JC231
** Cast: 005
** Event:
** Station:
** Julian Day: 128
** Time (GMT): 12:25
** Latitude: 49 0.322' N
** Longitude: 16 30.094' W
** Depth (uncorrected m): 4802m
** Principal Scientist: Dr Susan Hartman
** Operator:  TP / DXC
# nquan = 13
# nvalues = 1029                                  
# units = specified
# name 0 = timeS: Time, Elapsed [seconds]
# name 1 = scan: Scan Count
# name 2 = prDM: Pressure, Digiquartz [db]
# name 3 = t090C: Temperature [ITS-90, deg C]
# name 4 = t190C: Temperature, 2 [ITS-90, deg C]
# name 5 = c0S/m: Conductivity [S/m]
# name 6 = c1S/m: Conductivity, 2 [S/m]
# name 7 = latitude: Latitude [deg]
# name 8 = longitude: Longitude [deg]
# name 9 = sbeox0ML/L: Oxygen, SBE 43 [ml/l]
# name 10 = sbeox1ML/L: Oxygen, SBE 43, 2 [ml/l]
# name 11 = nbf: Bottles Fired
# name 12 = flag:  0.000e+00
# interval = seconds: 0.0416667
# start_time = May 08 2022 12:24:50 [System UTC, first data scan.]
# bad_flag = -9.990e-29
*END*
[from data line 778]
  11784.292     282824    756.188     9.3687     9.3706   3.823774   3.824448   49.00510  -16.50184     4.2046     4.2780         16  0.000e+00
  11784.333     282825    756.188     9.3685     9.3705   3.823768   3.824428   49.00510  -16.50184     4.2090     4.2783         16  0.000e+00
  11784.375     282826    756.188     9.3684     9.3706   3.823768   3.824441   49.00510  -16.50184     4.2096     4.2737         16  0.000e+00
  11784.417     282827    756.188     9.3684     9.3708   3.823742   3.824428   49.00510  -16.50184     4.2101     4.2779         16  0.000e+00
  11784.458     282828    756.161     9.3684     9.3708   3.823735   3.824441   49.00510  -16.50184     4.2106     4.2739         16  0.000e+00
  11784.500     282829    756.093     9.3684     9.3705   3.823755   3.824428   49.00510  -16.50184     4.2105     4.2738         16  0.000e+00
  12029.583     288711    603.964     9.8641     9.8654   3.858180   3.858767   49.00510  -16.50178     4.4958     4.5722         17  0.000e+00
  12029.625     288712    604.059     9.8639     9.8652   3.858161   3.858728   49.00510  -16.50178     4.4952     4.5727         17  0.000e+00
  12029.667     288713    604.059     9.8639     9.8651   3.858128   3.858760   49.00510  -16.50178     4.4990     4.5731         17  0.000e+00
  12029.708     288714    603.856     9.8641     9.8653   3.858122   3.858760   49.00510  -16.50178     4.4994     4.5692         17  0.000e+00
  12029.750     288715    603.856     9.8639     9.8653   3.858174   3.858741   49.00510  -16.50178     4.4999     4.5733         17  0.000e+00
  12029.792     288716    603.965     9.8639     9.8654   3.858135   3.858741   49.00510  -16.50178     4.5006     4.5737         17  0.000e+00
  12029.833     288717    604.168     9.8639     9.8653   3.858141   3.858747   49.00510  -16.50178     4.5012     4.5742         17  0.000e+00
  12029.875     288718    603.761     9.8638     9.8653   3.858180   3.858715   49.00510  -16.50178     4.5016     4.5743         17  0.000e+00
  12029.917     288719    604.060     9.8636     9.8653   3.858193   3.858715   49.00510  -16.50178     4.5023     4.5747         17  0.000e+00
  12029.958     288720    603.965     9.8638     9.8652   3.858161   3.858734   49.00510  -16.50178     4.5022     4.5750         17  0.000e+00
  12030.000     288721    603.965     9.8638     9.8651   3.858180   3.858741   49.00510  -16.50178     4.5014     4.5711         17  0.000e+00
  12030.042     288722    603.965     9.8639     9.8653   3.858167   3.858722   49.00510  -16.50178     4.5006     4.5750         17  0.000e+00
  12030.083     288723    603.965     9.8638     9.8653   3.858206   3.858709   49.00510  -16.50178     4.5011     4.5753         17  0.000e+00
  12030.125     288724    603.965     9.8639     9.8652   3.858225   3.858728   49.00510  -16.50178     4.4965     4.5755         17  0.000e+00
  12030.167     288725    603.965     9.8639     9.8651   3.858199   3.858747   49.00510  -16.50178     4.4957     4.5757         17  0.000e+00
  12030.208     288726    603.965     9.8641     9.8651   3.858193   3.858741   49.00510  -16.50178     4.4992     4.5759         17  0.000e+00
  12030.250     288727    604.060     9.8641     9.8651   3.858193   3.858715   49.00510  -16.50178     4.4953     4.5761         17  0.000e+00
  12030.292     288728    603.965     9.8641     9.8652   3.858161   3.858741   49.00510  -16.50178     4.4988     4.5762         17  0.000e+00
  12030.333     288729    603.965     9.8639     9.8651   3.858232   3.858715   49.00510  -16.50178     4.4949     4.5764         17  0.000e+00
  12030.375     288730    603.965     9.8643     9.8653   3.858232   3.858715   49.00510  -16.50178     4.4940     4.5764         17  0.000e+00
  12030.417     288731    604.060     9.8638     9.8651   3.858225   3.858734   49.00510  -16.50178     4.4933     4.5761         17  0.000e+00
  12030.458     288732    603.965     9.8644     9.8650   3.858225   3.858715   49.00510  -16.50178     4.4924     4.5761         17  0.000e+00
  12030.500     288733    603.965     9.8641     9.8651   3.858225   3.858715   49.00510  -16.50178     4.4954     4.5803         17  0.000e+00
  12030.542     288734    603.856     9.8643     9.8651   3.858199   3.858709   49.00510  -16.50178     4.4907     4.5761         17  0.000e+00
  12030.583     288735    604.060     9.8641     9.8651   3.858193   3.858728   49.00510  -16.50178     4.4906     4.5762         17  0.000e+00
  12030.625     288736    603.856     9.8641     9.8649   3.858212   3.858722   49.00510  -16.50178     4.4903     4.5760         17  0.000e+00
  12030.667     288737    603.965     9.8641     9.8649   3.858199   3.858734   49.00510  -16.50178     4.4895     4.5755         17  0.000e+00
  12030.708     288738    603.965     9.8639     9.8649   3.858167   3.858722   49.00510  -16.50178     4.4937     4.5754         17  0.000e+00
  12030.750     288739    603.965     9.8639     9.8649   3.858128   3.858683   49.00510  -16.50178     4.4898     4.5753         17  0.000e+00
  12030.792     288740    604.060     9.8639     9.8649   3.858141   3.858677   49.00510  -16.50178     4.4941     4.5794         17  0.000e+00
  12030.833     288741    603.965     9.8638     9.8648   3.858128   3.858657   49.00510  -16.50178     4.4945     4.5796         17  0.000e+00
  12030.875     288742    603.965     9.8638     9.8648   3.858148   3.858690   49.00510  -16.50178     4.4906     4.5798         17  0.000e+00
  12030.917     288743    603.965     9.8638     9.8648   3.858154   3.858683   49.00510  -16.50178     4.4904     4.5758         17  0.000e+00
  12030.958     288744    603.965     9.8638     9.8647   3.858180   3.858677   49.00510  -16.50178     4.4903     4.5755         17  0.000e+00
  12031.000     288745    603.856     9.8636     9.8646   3.858193   3.858645   49.00510  -16.50178     4.4939     4.5794         17  0.000e+00
  12031.042     288746    603.965     9.8638     9.8648   3.858141   3.858690   49.00510  -16.50178     4.4889     4.5754         17  0.000e+00
  12031.083     288747    603.965     9.8639     9.8645   3.858122   3.858664   49.00510  -16.50178     4.4887     4.5750         17  0.000e+00
  12031.125     288748    603.965     9.8639     9.8646   3.858219   3.858638   49.00510  -16.50178     4.4930     4.5751         17  0.000e+00
  12031.167     288749    603.965     9.8638     9.8642   3.858206   3.858593   49.00510  -16.50178     4.4929     4.5748         17  0.000e+00
  12031.208     288750    603.965     9.8643     9.8642   3.858193   3.858619   49.00510  -16.50178     4.4889     4.5744         17  0.000e+00
  12031.250     288751    604.060     9.8639     9.8640   3.858161   3.858690   49.00510  -16.50178     4.4933     4.5782         17  0.000e+00
  12031.292     288752    603.857     9.8638     9.8642   3.858154   3.858664   49.00510  -16.50178     4.4893     4.5780         17  0.000e+00
  12031.333     288753    604.060     9.8639     9.8642   3.858154   3.858670   49.00510  -16.50178     4.4937     4.5781         17  0.000e+00
  12031.375     288754    603.857     9.8638     9.8642   3.858180   3.858645   49.00510  -16.50178     4.4941     4.5779         17  0.000e+00
  12031.417     288755    604.060     9.8639     9.8642   3.858161   3.858593   49.00510  -16.50178     4.4948     4.5784         17  0.000e+00
  12031.458     288756    603.857     9.8639     9.8639   3.858154   3.858600   49.00510  -16.50178     4.4908     4.5745         17  0.000e+00
  12031.500     288757    603.965     9.8639     9.8638   3.858128   3.858606   49.00510  -16.50178     4.4952     4.5782         17  0.000e+00
  12031.542     288758    604.060     9.8639     9.8638   3.858122   3.858613   49.00510  -16.50178     4.4914     4.5739         17  0.000e+00
  12031.583     288759    603.965     9.8638     9.8639   3.858122   3.858606   49.00510  -16.50178     4.4914     4.5737         17  0.000e+00
  12222.917     293351    502.624    10.3908    10.3949   3.906729   3.907696   49.00508  -16.50178     4.8214     4.8958         18  0.000e+00
  12222.958     293352    502.719    10.3906    10.3954   3.906748   3.907722   49.00508  -16.50178     4.8177     4.8961         18  0.000e+00
  12223.000     293353    502.828    10.3911    10.3956   3.906735   3.907773   49.00508  -16.50178     4.8219     4.8965         18  0.000e+00
  12223.042     293354    502.624    10.3909    10.3961   3.906748   3.907748   49.00508  -16.50178     4.8222     4.8971         18  0.000e+00
  12223.083     293355    502.733    10.3909    10.3962   3.906761   3.907715   49.00508  -16.50178     4.8234     4.8979         18  0.000e+00
  12223.125     293356    502.624    10.3911    10.3958   3.906761   3.907651   49.00508  -16.50180     4.8238     4.8982         18  0.000e+00
  12223.167     293357    502.814    10.3911    10.3950   3.906787   3.907606   49.00508  -16.50180     4.8202     4.8988         18  0.000e+00
  12223.208     293358    502.624    10.3911    10.3947   3.906800   3.907528   49.00508  -16.50180     4.8243     4.8990         18  0.000e+00
  12223.250     293359    502.733    10.3911    10.3941   3.906768   3.907445   49.00508  -16.50180     4.8249     4.8995         18  0.000e+00
  12223.292     293360    502.733    10.3911    10.3935   3.906787   3.907406   49.00508  -16.50180     4.8249     4.9000         18  0.000e+00
  12223.333     293361    502.516    10.3908    10.3935   3.906768   3.907419   49.00508  -16.50180     4.8253     4.9002         18  0.000e+00
  12223.375     293362    502.922    10.3909    10.3932   3.906761   3.907400   49.00508  -16.50180     4.8260     4.9008         18  0.000e+00
  12223.417     293363    502.733    10.3908    10.3932   3.906761   3.907393   49.00508  -16.50180     4.8222     4.9010         18  0.000e+00
  12223.458     293364    502.733    10.3908    10.3934   3.906761   3.907438   49.00508  -16.50180     4.8222     4.8969         18  0.000e+00
  12223.500     293365    502.733    10.3909    10.3935   3.906761   3.907387   49.00508  -16.50180     4.8216     4.9004         18  0.000e+00
  12223.542     293366    502.611    10.3910    10.3930   3.906761   3.907354   49.00508  -16.50180     4.8257     4.9007         18  0.000e+00
  12223.583     293367    502.733    10.3913    10.3929   3.906787   3.907354   49.00508  -16.50180     4.8221     4.9011         18  0.000e+00
  12223.625     293368    502.733    10.3909    10.3928   3.906768   3.907335   49.00508  -16.50180     4.8222     4.9015         18  0.000e+00
  12223.667     293369    502.733    10.3911    10.3928   3.906761   3.907374   49.00508  -16.50180     4.8222     4.9058         18  0.000e+00
  12223.708     293370    502.624    10.3911    10.3931   3.906761   3.907393   49.00508  -16.50180     4.8264     4.9065         18  0.000e+00
  12223.750     293371    502.719    10.3911    10.3933   3.906761   3.907393   49.00508  -16.50180     4.8271     4.9072         18  0.000e+00
  12223.792     293372    502.733    10.3909    10.3933   3.906735   3.907393   49.00508  -16.50180     4.8272     4.9075         18  0.000e+00
  12223.833     293373    502.733    10.3911    10.3936   3.906781   3.907425   49.00508  -16.50180     4.8235     4.9041         18  0.000e+00
  12223.875     293374    502.733    10.3909    10.3936   3.906768   3.907451   49.00508  -16.50180     4.8273     4.9084         18  0.000e+00
  12223.917     293375    502.733    10.3909    10.3939   3.906761   3.907464   49.00508  -16.50180     4.8231     4.9050         18  0.000e+00
  12223.958     293376    502.719    10.3911    10.3938   3.906761   3.907490   49.00508  -16.50180     4.8267     4.9088         18  0.000e+00
  12224.000     293377    502.733    10.3911    10.3942   3.906761   3.907574   49.00508  -16.50180     4.8225     4.9089         18  0.000e+00
  12224.042     293378    502.733    10.3911    10.3945   3.906735   3.907554   49.00508  -16.50180     4.8220     4.9094         18  0.000e+00
  12224.083     293379    502.733    10.3909    10.3948   3.906748   3.907554   49.00508  -16.50180     4.8256     4.9095         18  0.000e+00
  12224.125     293380    502.828    10.3911    10.3949   3.906735   3.907522   49.00508  -16.50180     4.8262     4.9057         18  0.000e+00
  12224.167     293381    502.611    10.3911    10.3947   3.906748   3.907599   49.00508  -16.50180     4.8218     4.9052         18  0.000e+00
  12224.208     293382    502.733    10.3909    10.3946   3.906761   3.907683   49.00508  -16.50180     4.8256     4.9049         18  0.000e+00
  12224.250     293383    502.733    10.3909    10.3950   3.906761   3.907735   49.00508  -16.50180     4.8219     4.9044         18  0.000e+00
  12224.292     293384    502.733    10.3911    10.3954   3.906761   3.907735   49.00508  -16.50180     4.8213     4.9040         18  0.000e+00
  12224.333     293385    502.624    10.3909    10.3958   3.906761   3.907786   49.00508  -16.50180     4.8212     4.9034         18  0.000e+00
  12224.375     293386    502.814    10.3908    10.3957   3.906761   3.907786   49.00508  -16.50180     4.8250     4.9072         18  0.000e+00
  12224.417     293387    502.733    10.3911    10.3956   3.906735   3.907773   49.00508  -16.50180     4.8207     4.9071         18  0.000e+00
  12224.458     293388    502.733    10.3908    10.3956   3.906748   3.907728   49.00508  -16.50180     4.8244     4.9070         18  0.000e+00
  12224.500     293389    502.624    10.3911    10.3954   3.906761   3.907702   49.00508  -16.50180     4.8242     4.9028         18  0.000e+00
  12224.542     293390    502.733    10.3908    10.3953   3.906761   3.907644   49.00508  -16.50180     4.8200     4.9064         18  0.000e+00
  12224.583     293391    502.611    10.3909    10.3949   3.906735   3.907638   49.00508  -16.50180     4.8193     4.9021         18  0.000e+00
  12224.625     293392    502.733    10.3906    10.3945   3.906748   3.907657   49.00508  -16.50180     4.8194     4.9061         18  0.000e+00
  12224.667     293393    502.733    10.3908    10.3946   3.906761   3.907625   49.00508  -16.50180     4.8235     4.9059         18  0.000e+00
  12224.708     293394    502.624    10.3908    10.3945   3.906761   3.907599   49.00508  -16.50180     4.8198     4.9056         18  0.000e+00
  12224.750     293395    502.624    10.3909    10.3942   3.906735   3.907567   49.00508  -16.50180     4.8198     4.9058         18  0.000e+00
  12224.792     293396    502.814    10.3908    10.3946   3.906729   3.907522   49.00508  -16.50180     4.8193     4.9060         18  0.000e+00
  12224.833     293397    502.529    10.3904    10.3943   3.906729   3.907470   49.00508  -16.50180     4.8192     4.9019         18  0.000e+00
  12224.875     293398    502.828    10.3908    10.3943   3.906729   3.907412   49.00508  -16.50180     4.8188     4.9059         18  0.000e+00
  12224.917     293399    502.624    10.3908    10.3944   3.906781   3.907438   49.00508  -16.50180     4.8182     4.9058         18  0.000e+00
  12627.375     303058    199.165    11.5520    11.5579   4.015949   4.016975   49.00508  -16.50180     5.4566     5.5579         19  0.000e+00
  12627.417     303059    199.165    11.5525    11.5576   4.015976   4.017007   49.00508  -16.50180     5.4570     5.5539         19  0.000e+00
  12627.458     303060    199.071    11.5525    11.5576   4.015976   4.017007   49.00508  -16.50180     5.4617     5.5573         19  0.000e+00
  12627.500     303061    198.976    11.5529    11.5576   4.016061   4.017007   49.00508  -16.50180     5.4586     5.5572         19  0.000e+00
  12627.542     303062    199.071    11.5529    11.5578   4.016068   4.016988   49.00508  -16.50180     5.4595     5.5572         19  0.000e+00
  12627.583     303063    199.071    11.5534    11.5578   4.016061   4.017001   49.00508  -16.50180     5.4604     5.5575         19  0.000e+00
