Data_example/SBE_Data_Processed/JC231/SeaBird/Data/Processed/JC231_CTD_009c.ros
* Sea-Bird SBE 9 Data File:
* FileName = C:\Users\sandm\Documents\Cruises\JC231\CTD Data\CTD Raw Data\JC231_CTD_009.hex
* Software Version Seasave V 7.26.7.121
* Temperature SN = 5700
* Conductivity SN = 2164
* Number of Bytes Per Scan = 41
* Number of Voltage Words = 4
* Number of Scans Averaged by the Deck Unit = 1
* NMEA Latitude = 48 58.43 N
* NMEA Longitude = 016 28.09 W
* NMEA UTC (Time) = May 14 2022  16:01:18
* NMEA baud rate = 9600
** Ship: RRS James Cook
** Cruise: JC231
** Cast: 009
** Event:
** Station:
** Julian Day: 134
** Time (GMT): 16:00
** Latitude: 48 58.433 ' N
** Longitude: 16 28.090 ' W
** Depth (uncorrected m): 4804m
** Principal Scientist: Dr Susan Hartman
** Operator:  TP / JG
# nquan = 13
# nvalues = 1127                                  
# units = specified
# name 0 = timeS: Time, Elapsed [seconds]
# name 1 = scan: Scan Count
# name 2 = prDM: Pressure, Digiquartz [db]
# name 3 = t090C: Temperature [ITS-90, deg C]
# name 4 = t190C: Temperature, 2 [ITS-90, deg C]
# name 5 = c0S/m: Conductivity [S/m]
# name 6 = c1S/m: Conductivity, 2 [S/m]
# name 7 = latitude: Latitude [deg]
# name 8 = longitude: Longitude [deg]
# name 9 = sbeox0ML/L: Oxygen, SBE 43 [ml/l]
# name 10 = sbeox1ML/L: Oxygen, SBE 43, 2 [ml/l]
# name 11 = nbf: Bottles Fired
# name 12 = flag:  0.000e+00
# interval = seconds: 0.0416667
# start_time = May 14 2022 16:01:19 [System UTC, first data scan.]
# bad_flag = -9.990e-29
*END*
[from data line 112]
   1896.958      45528   1012.934     7.5945     7.5972   3.658595   3.659138   48.97470  -16.46824     4.5798     4.5610          3  0.000e+00
   1897.000      45529   1012.839     7.5948     7.5974   3.658551   3.659132   48.97470  -16.46824     4.5798     4.5612          3  0.000e+00
   1897.042      45530   1012.934     7.5943     7.5974   3.658601   3.659151   48.97470  -16.46824     4.5755     4.5615          3  0.000e+00
   1897.083      45531   1012.934     7.5946     7.5974   3.658627   3.659163   48.97470  -16.46824     4.5795     4.5618          3  0.000e+00
   1897.125      45532   1012.934     7.5946     7.5974   3.658595   3.659170   48.97470  -16.46824     4.5796     4.5622          3  0.000e+00
   1897.167      45533   1012.934     7.5946     7.5972   3.658595   3.659138   48.97470  -16.46824     4.5797     4.5619          3  0.000e+00
   1897.208      45534   1012.839     7.5948     7.5972   3.658589   3.659132   48.97470  -16.46824     4.5798     4.5622          3  0.000e+00
   1897.250      45535   1012.934     7.5946     7.5971   3.658589   3.659151   48.97470  -16.46824     4.5795     4.5674          3  0.000e+00
   1897.292      45536   1012.934     7.5946     7.5974   3.658570   3.659145   48.97470  -16.46824     4.5747     4.5630          3  0.000e+00
   1897.333      45537   1012.839     7.5946     7.5972   3.658582   3.659132   48.97470  -16.46824     4.5786     4.5627          3  0.000e+00
   1897.375      45538   1013.043     7.5946     7.5976   3.658563   3.659107   48.97470  -16.46824     4.5788     4.5673          3  0.000e+00
   1897.417      45539   1012.839     7.5946     7.5974   3.658563   3.659145   48.97470  -16.46824     4.5788     4.5628          3  0.000e+00
   1897.458      45540   1012.934     7.5949     7.5974   3.658608   3.659145   48.97470  -16.46824     4.5789     4.5673          3  0.000e+00
   1897.500      45541   1012.839     7.5948     7.5972   3.658627   3.659132   48.97470  -16.46824     4.5789     4.5634          3  0.000e+00
   1897.542      45542   1012.934     7.5948     7.5972   3.658608   3.659107   48.97470  -16.46824     4.5790     4.5639          3  0.000e+00
   1897.583      45543   1012.934     7.5946     7.5972   3.658589   3.659119   48.97470  -16.46824     4.5791     4.5642          3  0.000e+00
   1897.625      45544   1012.934     7.5949     7.5972   3.658614   3.659113   48.97470  -16.46824     4.5792     4.5646          3  0.000e+00
   1897.667      45545   1012.839     7.5948     7.5971   3.658608   3.659101   48.97470  -16.46824     4.5792     4.5644          3  0.000e+00
   1897.708      45546   1012.934     7.5949     7.5971   3.658620   3.659145   48.97470  -16.46824     4.5788     4.5649          3  0.000e+00
   1897.750      45547   1012.839     7.5948     7.5974   3.658570   3.659113   48.97470  -16.46824     4.5789     4.5652          3  0.000e+00
   1897.792      45548   1012.934     7.5949     7.5974   3.658589   3.659107   48.97470  -16.46824     4.5790     4.5652          3  0.000e+00
   1897.833      45549   1012.839     7.5948     7.5974   3.658589   3.659126   48.97470  -16.46824     4.5790     4.5649          3  0.000e+00
   1897.875      45550   1012.934     7.5950     7.5974   3.658614   3.659132   48.97470  -16.46824     4.5791     4.5648          3  0.000e+00
   1897.917      45551   1012.934     7.5948     7.5971   3.658608   3.659132   48.97470  -16.46824     4.5796     4.5654          3  0.000e+00
   1897.958      45552   1012.839     7.5949     7.5972   3.658589   3.659138   48.97470  -16.46824     4.5792     4.5658          3  0.000e+00
   1898.000      45553   1012.935     7.5948     7.5972   3.658614   3.659132   48.97470  -16.46824     4.5788     4.5657          3  0.000e+00
   1898.042      45554   1012.880     7.5948     7.5974   3.658608   3.659151   48.97470  -16.46824     4.5793     4.5656          3  0.000e+00
   1898.083      45555   1012.935     7.5949     7.5972   3.658589   3.659138   48.97470  -16.46824     4.5794     4.5655          3  0.000e+00
   1898.125      45556   1012.839     7.5949     7.5972   3.658614   3.659138   48.97470  -16.46824     4.5750     4.5654          3  0.000e+00
   1898.167      45557   1012.935     7.5949     7.5972   3.658627   3.659132   48.97470  -16.46824     4.5790     4.5653          3  0.000e+00
   1898.208      45558   1012.935     7.5950     7.5972   3.658652   3.659132   48.97470  -16.46824     4.5747     4.5652          3  0.000e+00
   1898.250      45559   1012.839     7.5951     7.5972   3.658633   3.659132   48.97470  -16.46824     4.5787     4.5651          3  0.000e+00
   1898.292      45560   1012.935     7.5951     7.5972   3.658627   3.659138   48.97470  -16.46824     4.5788     4.5650          3  0.000e+00
   1898.333      45561   1012.839     7.5951     7.5978   3.658671   3.659132   48.97470  -16.46824     4.5745     4.5648          3  0.000e+00
   1898.375      45562   1012.935     7.5951     7.5976   3.658639   3.659182   48.97470  -16.46824     4.5781     4.5648          3  0.000e+00
   2379.917      57119    607.296    10.3247    10.3265   3.905683   3.906530   48.97514  -16.46824     4.8033     4.7691          4  0.000e+00
   2379.958      57120    607.092    10.3244    10.3267   3.905644   3.906537   48.97514  -16.46824     4.8034     4.7733          4  0.000e+00
   2380.000      57121    607.092    10.3246    10.3262   3.905689   3.906504   48.97514  -16.46824     4.7998     4.7699          4  0.000e+00
   2380.042      57122    607.092    10.3246    10.3263   3.905709   3.906498   48.97514  -16.46824     4.8034     4.7697          4  0.000e+00
   2380.083      57123    607.228    10.3246    10.3265   3.905709   3.906530   48.97514  -16.46824     4.7999     4.7696          4  0.000e+00
   2380.125      57124    607.201    10.3247    10.3265   3.905702   3.906504   48.97514  -16.46824     4.8036     4.7693          4  0.000e+00
   2380.167      57125    607.201    10.3249    10.3269   3.905702   3.906530   48.97514  -16.46824     4.8034     4.7691          4  0.000e+00
   2380.208      57126    607.093    10.3247    10.3269   3.905709   3.906562   48.97514  -16.46824     4.7994     4.7688          4  0.000e+00
   2380.250      57127    607.093    10.3246    10.3265   3.905728   3.906550   48.97514  -16.46824     4.7992     4.7728          4  0.000e+00
   2380.292      57128    607.093    10.3249    10.3263   3.905741   3.906530   48.97514  -16.46824     4.7987     4.7689          4  0.000e+00
   2380.333      57129    607.133    10.3246    10.3265   3.905689   3.906582   48.97514  -16.46824     4.8025     4.7732          4  0.000e+00
   2380.375      57130    607.201    10.3246    10.3267   3.905696   3.906556   48.97514  -16.46824     4.8024     4.7694          4  0.000e+00
   2380.417      57131    607.093    10.3249    10.3267   3.905709   3.906530   48.97514  -16.46824     4.7983     4.7696          4  0.000e+00
   2380.458      57132    607.201    10.3246    10.3272   3.905709   3.906562   48.97514  -16.46824     4.8021     4.7694          4  0.000e+00
   2380.500      57133    607.093    10.3246    10.3272   3.905709   3.906569   48.97514  -16.46824     4.8022     4.7732          4  0.000e+00
   2380.542      57134    607.201    10.3247    10.3273   3.905728   3.906550   48.97514  -16.46824     4.7983     4.7735          4  0.000e+00
   2380.583      57135    607.133    10.3246    10.3273   3.905715   3.906562   48.97514  -16.46824     4.7981     4.7736          4  0.000e+00
   2380.625      57136    607.201    10.3247    10.3272   3.905683   3.906537   48.97514  -16.46824     4.8019     4.7739          4  0.000e+00
   2380.667      57137    607.093    10.3247    10.3273   3.905696   3.906511   48.97514  -16.46824     4.8024     4.7703          4  0.000e+00
   2380.708      57138    607.201    10.3246    10.3275   3.905683   3.906575   48.97514  -16.46824     4.8027     4.7742          4  0.000e+00
   2380.750      57139    607.201    10.3246    10.3275   3.905676   3.906556   48.97514  -16.46824     4.7991     4.7703          4  0.000e+00
   2380.792      57140    606.998    10.3246    10.3273   3.905722   3.906562   48.97514  -16.46824     4.7985     4.7699          4  0.000e+00
   2380.833      57141    607.228    10.3244    10.3272   3.905689   3.906569   48.97514  -16.46824     4.8020     4.7739          4  0.000e+00
   2380.875      57142    607.093    10.3246    10.3275   3.905676   3.906569   48.97514  -16.46824     4.8022     4.7739          4  0.000e+00
   2380.917      57143    607.093    10.3247    10.3272   3.905696   3.906569   48.97514  -16.46824     4.7985     4.7741          4  0.000e+00
   2380.958      57144    607.201    10.3247    10.3270   3.905683   3.906569   48.97514  -16.46824     4.7982     4.7702          4  0.000e+00
   2381.000      57145    607.201    10.3246    10.3270   3.905696   3.906595   48.97514  -16.46824     4.8016     4.7739          4  0.000e+00
   2381.042      57146    607.093    10.3247    10.3270   3.905728   3.906582   48.97514  -16.46824     4.7975     4.7703          4  0.000e+00
   2381.083      57147    607.228    10.3247    10.3273   3.905715   3.906614   48.97514  -16.46824     4.7975     4.7700          4  0.000e+00
   2381.125      57148    607.093    10.3247    10.3272   3.905754   3.906582   48.97514  -16.46824     4.7973     4.7737          4  0.000e+00
   2381.167      57149    607.201    10.3250    10.3273   3.905722   3.906595   48.97514  -16.46824     4.8011     4.7743          4  0.000e+00
   2381.208      57150    607.201    10.3250    10.3270   3.905709   3.906627   48.97514  -16.46824     4.7937     4.7744          4  0.000e+00
   2381.250      57151    607.201    10.3250    10.3273   3.905728   3.906640   48.97514  -16.46824     4.8006     4.7704          4  0.000e+00
   2381.292      57152    606.998    10.3252    10.3275   3.905715   3.906666   48.97514  -16.46824     4.7969     4.7699          4  0.000e+00
   2381.333      57153    607.323    10.3250    10.3275   3.905709   3.906653   48.97514  -16.46824     4.7967     4.7734          4  0.000e+00
   2381.375      57154    606.998    10.3249    10.3275   3.905709   3.906633   48.97514  -16.46824     4.7965     4.7732          4  0.000e+00
   2381.417      57155    607.201    10.3249    10.3275   3.905709   3.906659   48.97514  -16.46824     4.8000     4.7733          4  0.000e+00
   2381.458      57156    607.093    10.3249    10.3275   3.905709   3.906653   48.97514  -16.46824     4.7964     4.7733          4  0.000e+00
   2381.500      57157    607.201    10.3247    10.3275   3.905709   3.906666   48.97514  -16.46824     4.7965     4.7738          4  0.000e+00
   2381.542      57158    607.093    10.3247    10.3277   3.905683   3.906672   48.97514  -16.46824     4.7964     4.7741          4  0.000e+00
   2381.583      57159    607.324    10.3246    10.3279   3.905696   3.906749   48.97514  -16.46824     4.7969     4.7747          4  0.000e+00
   2381.625      57160    606.998    10.3246    10.3280   3.905683   3.906775   48.97514  -16.46824     4.7967     4.7749          4  0.000e+00
   2381.667      57161    607.296    10.3247    10.3282   3.905696   3.906833   48.97514  -16.46824     4.7969     4.7755          4  0.000e+00
   2381.708      57162    607.201    10.3247    10.3287   3.905728   3.906872   48.97514  -16.46824     4.7968     4.7753          4  0.000e+00
   2381.750      57163    607.093    10.3250    10.3291   3.905715   3.906859   48.97514  -16.46824     4.7930     4.7752          4  0.000e+00
   2381.792      57164    607.229    10.3247    10.3291   3.905754   3.906846   48.97514  -16.46824     4.7967     4.7752          4  0.000e+00
   2381.833      57165    607.201    10.3249    10.3295   3.905722   3.906795   48.97514  -16.46824     4.7964     4.7751          4  0.000e+00
   2381.875      57166    606.998    10.3247    10.3294   3.905709   3.906801   48.97514  -16.46824     4.8002     4.7754          4  0.000e+00
   2381.917      57167    607.201    10.3250    10.3294   3.905683   3.906807   48.97514  -16.46824     4.7969     4.7754          4  0.000e+00
   2399.167      57581    607.299    10.3261    10.3249   3.905852   3.906285   48.97516  -16.46826     4.7969     4.7684          5  0.000e+00
   2399.208      57582    607.326    10.3261    10.3252   3.905865   3.906260   48.97516  -16.46826     4.7936     4.7684          5  0.000e+00
   2399.250      57583    607.299    10.3262    10.3249   3.905878   3.906285   48.97516  -16.46826     4.7976     4.7684          5  0.000e+00
   2399.292      57584    607.204    10.3261    10.3249   3.905878   3.906292   48.97516  -16.46826     4.7981     4.7684          5  0.000e+00
   2399.333      57585    607.096    10.3261    10.3248   3.905904   3.906259   48.97516  -16.46826     4.8021     4.7642          5  0.000e+00
   2399.375      57586    607.408    10.3261    10.3249   3.905884   3.906253   48.97516  -16.46826     4.8032     4.7681          5  0.000e+00
   2399.417      57587    607.096    10.3261    10.3250   3.905878   3.906279   48.97516  -16.46826     4.8000     4.7643          5  0.000e+00
   2399.458      57588    607.326    10.3259    10.3252   3.905904   3.906266   48.97516  -16.46826     4.8004     4.7681          5  0.000e+00
   2399.500      57589    607.299    10.3259    10.3252   3.905858   3.906279   48.97516  -16.46826     4.8006     4.7681          5  0.000e+00
   2399.542      57590    607.204    10.3259    10.3249   3.905865   3.906214   48.97516  -16.46826     4.7969     4.7641          5  0.000e+00
   2399.583      57591    607.299    10.3259    10.3249   3.905852   3.906234   48.97516  -16.46826     4.8007     4.7638          5  0.000e+00
   2399.625      57592    607.299    10.3259    10.3252   3.905845   3.906253   48.97516  -16.46826     4.8044     4.7675          5  0.000e+00
   2399.667      57593    607.204    10.3259    10.3249   3.905897   3.906234   48.97516  -16.46826     4.8010     4.7676          5  0.000e+00
   2399.708      57594    607.231    10.3261    10.3252   3.905858   3.906272   48.97516  -16.46826     4.8016     4.7676          5  0.000e+00
   2399.750      57595    607.299    10.3259    10.3250   3.905865   3.906318   48.97516  -16.46826     4.8019     4.7678          5  0.000e+00
   2399.792      57596    607.299    10.3259    10.3248   3.905871   3.906272   48.97516  -16.46826     4.8021     4.7638          5  0.000e+00
   2399.833      57597    607.204    10.3259    10.3249   3.905826   3.906253   48.97516  -16.46826     4.8015     4.7634          5  0.000e+00
   2399.875      57598    607.299    10.3257    10.3249   3.905858   3.906201   48.97516  -16.46826     4.7980     4.7632          5  0.000e+00
   2399.917      57599    607.204    10.3257    10.3249   3.905852   3.906208   48.97516  -16.46826     4.7974     4.7628          5  0.000e+00
   2399.958      57600    607.232    10.3259    10.3249   3.905865   3.906221   48.97516  -16.46826     4.8046     4.7625          5  0.000e+00
   2400.000      57601    607.299    10.3257    10.3248   3.905878   3.906272   48.97516  -16.46826     4.7975     4.7623          5  0.000e+00
   2400.042      57602    607.299    10.3259    10.3248   3.905826   3.906240   48.97516  -16.46826     4.8008     4.7621          5  0.000e+00
   2400.083      57603    607.204    10.3257    10.3249   3.905832   3.906247   48.97516  -16.46826     4.8006     4.7614          5  0.000e+00
   2400.125      57604    607.204    10.3257    10.3249   3.905845   3.906285   48.97516  -16.46826     4.8007     4.7611          5  0.000e+00
   2400.167      57605    607.408    10.3257    10.3248   3.905845   3.906260   48.97516  -16.46826     4.8010     4.7611          5  0.000e+00
   2400.208      57606    607.137    10.3259    10.3249   3.905845   3.906253   48.97516  -16.46826     4.8010     4.7612          5  0.000e+00
