Data_example/SBE_Data_Processed/JC231/SeaBird/Data/Processed/JC231_CTD_008c.ros
* Sea-Bird SBE 9 Data File:
* FileName = C:\Users\sandm\Documents\Cruises\JC231\CTD Data\CTD Raw Data\JC231_CTD_008.hex
* Software Version Seasave V 7.26.7.121
* Temperature SN = 5700
* Conductivity SN = 2164
* Number of Bytes Per Scan = 41
* Number of Voltage Words = 4
* Number of Scans Averaged by the Deck Unit = 1
* NMEA Latitude = 49 00.50 N
* NMEA Longitude = 016 28.70 W
* NMEA UTC (Time) = May 13 2022  11:46:15
* NMEA baud rate = 9600
** Ship: RRS James Cook
** Cruise: JC231
** Cast: 008
** Event:
** Station:
** Julian Day: 133
** Time (GMT): 11:22
** Latitude: 49 0.538 ' N
** Longitude: 16 28.747' W
** Depth (uncorrected m): 4810m
** Principal Scientist: Dr Susan Hartman
** Operator:  TP / JG
# nquan = 13
# nvalues = 1176                                  
# units = specified
# name 0 = timeS: Time, Elapsed [seconds]
# name 1 = scan: Scan Count
# name 2 = prDM: Pressure, Digiquartz [db]
# name 3 = t090C: Temperature [ITS-90, deg C]
# name 4 = t190C: Temperature, 2 [ITS-90, deg C]
# name 5 = c0S/m: Conductivity [S/m]
# name 6 = c1S/m: Conductivity, 2 [S/m]
# name 7 = latitude: Latitude [deg]
# name 8 = longitude: Longitude [deg]
# name 9 = sbeox0ML/L: Oxygen, SBE 43 [ml/l]
# name 10 = sbeox1ML/L: Oxygen, SBE 43, 2 [ml/l]
# name 11 = nbf: Bottles Fired
# name 12 = flag:  0.000e+00
# interval = seconds: 0.0416667
# start_time = May 13 2022 11:46:16 [System UTC, first data scan.]
# bad_flag = -9.990e-29
*END*
[from data line 889]
  11918.125     286036    108.269    12.2697    12.2701   4.088641   4.089129   49.00798  -16.47972     5.6609     5.6444         19  0.000e+00
  11918.167     286037    108.175    12.2698    12.2703   4.088614   4.089129   49.00798  -16.47972     5.6636     5.6442         19  0.000e+00
  11918.208     286038    108.175    12.2698    12.2702   4.088608   4.089096   49.00798  -16.47972     5.6601     5.6442         19  0.000e+00
  11918.250     286039    108.161    12.2698    12.2703   4.088634   4.089096   49.00798  -16.47972     5.6631     5.6441         19  0.000e+00
  11918.292     286040    108.175    12.2698    12.2705   4.088641   4.089142   49.00798  -16.47972     5.6597     5.6437         19  0.000e+00
  11918.333     286041    108.269    12.2698    12.2705   4.088641   4.089083   49.00798  -16.47972     5.6630     5.6437         19  0.000e+00
  11918.375     286042    108.175    12.2699    12.2705   4.088641   4.089077   49.00798  -16.47972     5.6631     5.6435         19  0.000e+00
  11918.417     286043    108.269    12.2698    12.2705   4.088615   4.089116   49.00798  -16.47972     5.6669     5.6435         19  0.000e+00
  11918.458     286044    108.175    12.2699    12.2705   4.088634   4.089129   49.00798  -16.47972     5.6672     5.6434         19  0.000e+00
  11918.500     286045    108.175    12.2700    12.2703   4.088614   4.089109   49.00798  -16.47972     5.6676     5.6430         19  0.000e+00
  11918.542     286046    108.066    12.2699    12.2704   4.088634   4.089090   49.00798  -16.47972     5.6713     5.6424         19  0.000e+00
  11918.583     286047    108.269    12.2697    12.2705   4.088588   4.089116   49.00798  -16.47972     5.6687     5.6425         19  0.000e+00
  11918.625     286048    108.174    12.2697    12.2705   4.088628   4.089096   49.00798  -16.47972     5.6687     5.6423         19  0.000e+00
  11918.667     286049    108.174    12.2698    12.2707   4.088641   4.089090   49.00798  -16.47972     5.6654     5.6422         19  0.000e+00
  11918.708     286050    108.377    12.2697    12.2705   4.088641   4.089090   49.00798  -16.47972     5.6687     5.6386         19  0.000e+00
  11918.750     286051    108.066    12.2698    12.2705   4.088641   4.089090   49.00798  -16.47972     5.6651     5.6380         19  0.000e+00
  11918.792     286052    108.174    12.2697    12.2705   4.088621   4.089070   49.00798  -16.47972     5.6650     5.6413         19  0.000e+00
  11918.833     286053    108.269    12.2699    12.2704   4.088661   4.089109   49.00798  -16.47972     5.6648     5.6376         19  0.000e+00
  11918.875     286054    108.066    12.2698    12.2705   4.088654   4.089096   49.00798  -16.47972     5.6678     5.6374         19  0.000e+00
  11918.917     286055    108.377    12.2698    12.2705   4.088641   4.089116   49.00798  -16.47972     5.6646     5.6376         19  0.000e+00
  11918.958     286056    108.174    12.2698    12.2707   4.088641   4.089129   49.00798  -16.47972     5.6642     5.6371         19  0.000e+00
  11919.000     286057    108.269    12.2699    12.2705   4.088641   4.089129   49.00798  -16.47972     5.6608     5.6369         19  0.000e+00
  11919.042     286058    108.269    12.2698    12.2707   4.088641   4.089149   49.00798  -16.47972     5.6606     5.6365         19  0.000e+00
  11919.083     286059    108.174    12.2698    12.2705   4.088641   4.089083   49.00798  -16.47972     5.6600     5.6362         19  0.000e+00
  11919.125     286060    108.269    12.2698    12.2707   4.088674   4.089136   49.00798  -16.47972     5.6595     5.6360         19  0.000e+00
  11919.167     286061    108.269    12.2700    12.2708   4.088648   4.089136   49.00798  -16.47972     5.6590     5.6357         19  0.000e+00
  11919.208     286062    108.174    12.2699    12.2707   4.088641   4.089129   49.00798  -16.47972     5.6584     5.6354         19  0.000e+00
  11919.250     286063    108.174    12.2698    12.2709   4.088641   4.089129   49.00798  -16.47972     5.6613     5.6351         19  0.000e+00
  11919.292     286064    108.268    12.2699    12.2707   4.088621   4.089096   49.00798  -16.47972     5.6579     5.6350         19  0.000e+00
  11919.333     286065    108.268    12.2700    12.2707   4.088634   4.089149   49.00798  -16.47972     5.6610     5.6347         19  0.000e+00
  11919.375     286066    108.174    12.2696    12.2705   4.088641   4.089109   49.00798  -16.47972     5.6613     5.6345         19  0.000e+00
  11919.417     286067    108.174    12.2698    12.2707   4.088621   4.089142   49.00798  -16.47972     5.6646     5.6346         19  0.000e+00
  11919.458     286068    108.268    12.2699    12.2707   4.088634   4.089136   49.00798  -16.47972     5.6618     5.6349         19  0.000e+00
  11919.500     286069    108.268    12.2698    12.2709   4.088641   4.089096   49.00798  -16.47972     5.6621     5.6351         19  0.000e+00
  11919.542     286070    108.174    12.2700    12.2705   4.088614   4.089142   49.00798  -16.47972     5.6623     5.6349         19  0.000e+00
  11919.583     286071    108.174    12.2696    12.2705   4.088634   4.089136   49.00798  -16.47972     5.6623     5.6348         19  0.000e+00
  11919.625     286072    108.174    12.2697    12.2707   4.088641   4.089109   49.00798  -16.47972     5.6623     5.6351         19  0.000e+00
  11919.667     286073    108.268    12.2698    12.2707   4.088621   4.089123   49.00798  -16.47972     5.6593     5.6351         19  0.000e+00
  11919.708     286074    108.174    12.2697    12.2707   4.088661   4.089129   49.00798  -16.47972     5.6626     5.6386         19  0.000e+00
  11919.750     286075    108.268    12.2698    12.2707   4.088628   4.089096   49.00798  -16.47972     5.6630     5.6353         19  0.000e+00
  11919.792     286076    108.160    12.2697    12.2707   4.088661   4.089116   49.00798  -16.47972     5.6633     5.6355         19  0.000e+00
  11919.833     286077    108.174    12.2698    12.2708   4.088628   4.089149   49.00798  -16.47972     5.6633     5.6391         19  0.000e+00
  12031.792     288764     91.534    12.2955    12.2871   4.090184   4.089674   49.00800  -16.47976     5.6863     5.6646         20  0.000e+00
  12031.833     288765     90.832    12.2955    12.2872   4.090190   4.089661   49.00800  -16.47976     5.6856     5.6637         20  0.000e+00
  12031.875     288766     91.034    12.2949    12.2872   4.090144   4.089628   49.00800  -16.47976     5.6856     5.6671         20  0.000e+00
  12031.917     288767     91.439    12.2948    12.2872   4.090184   4.089674   49.00800  -16.47976     5.6821     5.6673         20  0.000e+00
  12031.958     288768     91.034    12.2945    12.2874   4.090144   4.089667   49.00800  -16.47976     5.6814     5.6634         20  0.000e+00
  12032.000     288769     91.034    12.2944    12.2872   4.090157   4.089628   49.00800  -16.47976     5.6811     5.6631         20  0.000e+00
  12032.042     288770     91.034    12.2944    12.2876   4.090170   4.089680   49.00800  -16.47976     5.6840     5.6663         20  0.000e+00
  12032.083     288771     91.129    12.2944    12.2874   4.090190   4.089667   49.00800  -16.47976     5.6874     5.6629         20  0.000e+00
  12032.125     288772     91.129    12.2948    12.2876   4.090256   4.089661   49.00800  -16.47976     5.6841     5.6626         20  0.000e+00
  12032.167     288773     91.129    12.2950    12.2872   4.090243   4.089628   49.00800  -16.47976     5.6839     5.6624         20  0.000e+00
  12032.208     288774     91.129    12.2949    12.2874   4.090237   4.089621   49.00800  -16.47976     5.6839     5.6625         20  0.000e+00
  12032.250     288775     91.129    12.2951    12.2874   4.090263   4.089647   49.00800  -16.47976     5.6871     5.6624         20  0.000e+00
  12032.292     288776     91.129    12.2952    12.2876   4.090296   4.089641   49.00800  -16.47976     5.6875     5.6622         20  0.000e+00
  12032.333     288777     91.034    12.2952    12.2876   4.090329   4.089674   49.00800  -16.47976     5.6879     5.6620         20  0.000e+00
  12032.375     288778     91.129    12.2953    12.2881   4.090343   4.089713   49.00800  -16.47976     5.6884     5.6655         20  0.000e+00
  12032.417     288779     91.223    12.2955    12.2883   4.090343   4.089700   49.00800  -16.47976     5.6884     5.6623         20  0.000e+00
  12032.458     288780     91.129    12.2959    12.2881   4.090343   4.089693   49.00800  -16.47976     5.6851     5.6622         20  0.000e+00
  12032.500     288781     91.129    12.2964    12.2880   4.090343   4.089746   49.00800  -16.47976     5.6881     5.6621         20  0.000e+00
  12032.542     288782     91.129    12.2968    12.2881   4.090369   4.089687   49.00800  -16.47976     5.6846     5.6622         20  0.000e+00
  12032.583     288783     91.129    12.2964    12.2883   4.090402   4.089707   49.00800  -16.47976     5.6846     5.6622         20  0.000e+00
  12032.625     288784     91.034    12.2967    12.2880   4.090415   4.089674   49.00800  -16.47976     5.6842     5.6619         20  0.000e+00
  12032.667     288785     91.223    12.2964    12.2880   4.090356   4.089661   49.00800  -16.47976     5.6843     5.6621         20  0.000e+00
  12032.708     288786     91.129    12.2964    12.2878   4.090369   4.089680   49.00800  -16.47976     5.6842     5.6622         20  0.000e+00
  12032.750     288787     91.129    12.2965    12.2880   4.090382   4.089693   49.00800  -16.47976     5.6841     5.6623         20  0.000e+00
  12032.792     288788     91.034    12.2965    12.2881   4.090323   4.089674   49.00800  -16.47976     5.6838     5.6624         20  0.000e+00
  12032.833     288789     91.128    12.2966    12.2881   4.090309   4.089608   49.00800  -16.47976     5.6836     5.6626         20  0.000e+00
  12032.875     288790     91.128    12.2962    12.2880   4.090329   4.089608   49.00800  -16.47976     5.6831     5.6629         20  0.000e+00
  12032.917     288791     91.128    12.2961    12.2876   4.090290   4.089595   49.00800  -16.47976     5.6831     5.6631         20  0.000e+00
  12032.958     288792     91.034    12.2960    12.2872   4.090296   4.089641   49.00800  -16.47976     5.6827     5.6634         20  0.000e+00
  12033.000     288793     91.034    12.2958    12.2872   4.090309   4.089661   49.00800  -16.47976     5.6825     5.6636         20  0.000e+00
  12033.042     288794     91.034    12.2958    12.2871   4.090309   4.089641   49.00800  -16.47976     5.6822     5.6640         20  0.000e+00
  12033.083     288795     91.128    12.2958    12.2872   4.090309   4.089621   49.00800  -16.47976     5.6820     5.6644         20  0.000e+00
  12033.125     288796     91.128    12.2958    12.2872   4.090329   4.089674   49.00800  -16.47976     5.6819     5.6647         20  0.000e+00
  12033.167     288797     91.034    12.2959    12.2874   4.090316   4.089667   49.00800  -16.47976     5.6818     5.6651         20  0.000e+00
  12033.208     288798     91.034    12.2958    12.2874   4.090309   4.089661   49.00800  -16.47976     5.6855     5.6655         20  0.000e+00
  12033.250     288799     91.128    12.2957    12.2878   4.090329   4.089661   49.00800  -16.47976     5.6861     5.6657         20  0.000e+00
  12033.292     288800     91.128    12.2958    12.2878   4.090369   4.089720   49.00800  -16.47976     5.6832     5.6658         20  0.000e+00
  12033.333     288801     91.128    12.2965    12.2878   4.090435   4.089726   49.00800  -16.47976     5.6834     5.6659         20  0.000e+00
  12033.375     288802     91.034    12.2971    12.2880   4.090475   4.089726   49.00800  -16.47976     5.6836     5.6660         20  0.000e+00
  12033.417     288803     91.128    12.2978    12.2881   4.090488   4.089726   49.00800  -16.47976     5.6840     5.6626         20  0.000e+00
  12033.458     288804     91.034    12.2978    12.2883   4.090508   4.089752   49.00800  -16.47976     5.6842     5.6660         20  0.000e+00
  12033.500     288805     91.223    12.2979    12.2883   4.090495   4.089733   49.00800  -16.47976     5.6845     5.6664         20  0.000e+00
  12033.542     288806     91.128    12.2978    12.2883   4.090455   4.089759   49.00800  -16.47976     5.6812     5.6665         20  0.000e+00
  12033.583     288807     91.034    12.2978    12.2886   4.090422   4.089766   49.00800  -16.47976     5.6811     5.6666         20  0.000e+00
  12033.625     288808     91.128    12.2978    12.2883   4.090389   4.089733   49.00800  -16.47976     5.6811     5.6670         20  0.000e+00
  12033.667     288809     91.236    12.2975    12.2883   4.090382   4.089726   49.00800  -16.47976     5.6778     5.6674         20  0.000e+00
  12033.708     288810     90.939    12.2977    12.2881   4.090349   4.089700   49.00800  -16.47976     5.6775     5.6674         20  0.000e+00
  12033.750     288811     91.033    12.2973    12.2881   4.090369   4.089693   49.00800  -16.47976     5.6771     5.6675         20  0.000e+00
  12033.792     288812     91.033    12.2968    12.2878   4.090349   4.089647   49.00800  -16.47976     5.6767     5.6675         20  0.000e+00
  12156.500     291757     50.786    12.7221    12.7246   4.132124   4.132675   49.00798  -16.47972     5.9020     5.8688         21  0.000e+00
  12156.542     291758     51.286    12.7221    12.7239   4.132145   4.132655   49.00798  -16.47972     5.9052     5.8729         21  0.000e+00
  12156.583     291759     50.327    12.7223    12.7241   4.132104   4.132675   49.00798  -16.47972     5.9048     5.8689         21  0.000e+00
  12156.625     291760     50.786    12.7221    12.7243   4.132078   4.132728   49.00798  -16.47972     5.9085     5.8690         21  0.000e+00
  12156.667     291761     50.530    12.7221    12.7249   4.132058   4.132807   49.00798  -16.47972     5.9086     5.8687         21  0.000e+00
  12156.708     291762     50.786    12.7219    12.7251   4.132058   4.132833   49.00798  -16.47972     5.9060     5.8690         21  0.000e+00
  12156.750     291763     50.584    12.7218    12.7257   4.132071   4.132853   49.00798  -16.47972     5.9064     5.8724         21  0.000e+00
  12156.792     291764     50.624    12.7216    12.7260   4.132058   4.132853   49.00798  -16.47972     5.9068     5.8727         21  0.000e+00
  12156.833     291765     50.584    12.7215    12.7262   4.132071   4.132892   49.00798  -16.47972     5.9104     5.8695         21  0.000e+00
  12156.875     291766     50.692    12.7216    12.7264   4.132058   4.132873   49.00798  -16.47972     5.9107     5.8732         21  0.000e+00
  12156.917     291767     50.624    12.7218    12.7265   4.132098   4.132893   49.00798  -16.47972     5.9107     5.8700         21  0.000e+00
  12156.958     291768     50.691    12.7218    12.7266   4.132124   4.132919   49.00798  -16.47972     5.9108     5.8702         21  0.000e+00
  12157.000     291769     50.584    12.7221    12.7269   4.132098   4.132965   49.00798  -16.47972     5.9107     5.8698         21  0.000e+00
  12157.042     291770     50.624    12.7220    12.7269   4.132111   4.132978   49.00798  -16.47972     5.9140     5.8696         21  0.000e+00
  12157.083     291771     50.786    12.7223    12.7275   4.132098   4.132945   49.00798  -16.47972     5.9108     5.8695         21  0.000e+00
  12157.125     291772     50.624    12.7223    12.7276   4.132111   4.132965   49.00798  -16.47972     5.9103     5.8692         21  0.000e+00
  12157.167     291773     50.786    12.7220    12.7275   4.132124   4.132939   49.00798  -16.47972     5.9104     5.8691         21  0.000e+00
  12157.208     291774     50.395    12.7221    12.7274   4.132091   4.132932   49.00798  -16.47972     5.9097     5.8689         21  0.000e+00
  12157.250     291775     50.718    12.7223    12.7274   4.132084   4.132939   49.00798  -16.47972     5.9065     5.8693         21  0.000e+00
  12157.292     291776     50.691    12.7223    12.7272   4.132111   4.132939   49.00798  -16.47972     5.9058     5.8694         21  0.000e+00
