Data_example/SBE_Data_Processed/JC231/SeaBird/Data/Processed/JC231_CTD_005cfaldb.cnv
* Sea-Bird SBE 9 Data File:
* FileName = C:\Users\sandm\Documents\Cruises\JC231\CTD Data\CTD Raw Data\JC231_CTD_005.hex
* Software Version Seasave V 7.26.7.121
* Temperature SN = 5700
* Conductivity SN = 2164
* Number of Bytes Per Scan = 41
* Number of Voltage Words = 4
* Number of Scans Averaged by the Deck Unit = 1
* NMEA Latitude = 49 00.32 N
* NMEA Longitude = 016 30.09 W
* NMEA UTC (Time) = May 08 2022  12:24:49
* NMEA baud rate = 9600
** Ship: RRS James Cook
** Cruise: JC231
** Cast: 005
** Event:
** Station:
** Julian Day: 128
** Time (GMT): 12:25
** Latitude: 49 0.322' N
** Longitude: 16 30.094' W
** Depth (uncorrected m): 4802m
** Principal Scientist: Dr Susan Hartman
** Operator:  TP / DXC
# nquan = 15
# nvalues = 9830                        
# units = specified
# name 0 = timeS: Time, Elapsed [seconds]
# name 1 = scan: Scan Count
# name 2 = prDM: Pressure, Digiquartz [db]
# name 3 = t090C: Temperature [ITS-90, deg C]
# name 4 = t190C: Temperature, 2 [ITS-90, deg C]
# name 5 = c0S/m: Conductivity [S/m]
# name 6 = c1S/m: Conductivity, 2 [S/m]
# name 7 = latitude: Latitude [deg]
# name 8 = longitude: Longitude [deg]
# name 9 = sbeox0ML/L: Oxygen, SBE 43 [ml/l]
# name 10 = sbeox1ML/L: Oxygen, SBE 43, 2 [ml/l]
# name 11 = depSM: Depth [salt water, m], lat = 49.0053
# name 12 = sal00: Salinity, Practical [PSU]
# name 13 = sal11: Salinity, Practical, 2 [PSU]
# name 14 = flag: flag
# span 0 =    353.495,  13907.437       
# span 1 =       8485,     333780       
# span 2 =      1.000,   4919.000       
# span 3 =     2.5274,    14.7365       
# span 4 =     2.5302,    14.5595       
# span 5 =   3.272946,   4.392881       
# span 6 =   3.273528,   4.360083       
# span 7 =   46.79183,   52.43989       
# span 8 =  -17.65841,  -15.75650       
# span 9 =     4.1600,     6.1986       
# span 10 =     4.2313,     6.3352      
# span 11 =      0.992,   4821.762      
# span 12 =    31.6485,    38.0722      
# span 13 =    33.7193,    37.7410      
# span 14 = 0.0000e+00, 0.0000e+00      
# interval = decibars: 1                
# start_time = May 08 2022 12:24:50 [System UTC, first data scan.]
# bad_flag = -9.990e-29
*END*
[from data line 2988]
   3829.815      91917   2989.000     2.9032     2.9053   3.278215   3.278817   49.00510  -16.50183     5.5113     5.6332   2942.769    34.9462    34.9512 0.0000e+00
   3830.804      91940   2990.000     2.9028     2.9048   3.278194   3.278795   49.00510  -16.50184     5.5127     5.6350   2943.747    34.9459    34.9510 0.0000e+00
   3831.795      91964   2991.000     2.9027     2.9046   3.278207   3.278802   49.00510  -16.50183     5.5116     5.6357   2944.724    34.9458    34.9509 0.0000e+00
   3832.786      91988   2992.000     2.9026     2.9045   3.278235   3.278825   49.00510  -16.50182     5.5129     5.6368   2945.702    34.9457    34.9508 0.0000e+00
   3833.768      92011   2993.000     2.9026     2.9044   3.278267   3.278854   49.00510  -16.50182     5.5152     5.6370   2946.680    34.9457    34.9508 0.0000e+00
   3834.730      92035   2994.000     2.9023     2.9041   3.278293   3.278877   49.00510  -16.50182     5.5157     5.6357   2947.657    34.9458    34.9509 0.0000e+00
   3835.672      92057   2995.000     2.9018     2.9035   3.278299   3.278877   49.00510  -16.50182     5.5132     5.6356   2948.635    34.9460    34.9511 0.0000e+00
   3836.610      92080   2996.000     2.9010     2.9025   3.278276   3.278840   49.00510  -16.50182     5.5116     5.6362   2949.613    34.9461    34.9512 0.0000e+00
   3837.567      92103   2997.000     2.9000     2.9015   3.278226   3.278780   49.00510  -16.50182     5.5088     5.6358   2950.591    34.9461    34.9511 0.0000e+00
   3838.553      92126   2998.000     2.8993     2.9010   3.278182   3.278746   49.00510  -16.50182     5.5067     5.6365   2951.568    34.9459    34.9508 0.0000e+00
   3839.562      92150   2999.000     2.8989     2.9007   3.278173   3.278750   49.00510  -16.50182     5.5066     5.6389   2952.546    34.9457    34.9507 0.0000e+00
   3840.575      92175   3000.000     2.8987     2.9005   3.278185   3.278764   49.00510  -16.50182     5.5082     5.6389   2953.524    34.9456    34.9507 0.0000e+00
   3841.566      92199   3001.000     2.8987     2.9004   3.278210   3.278786   49.00510  -16.50182     5.5112     5.6395   2954.502    34.9455    34.9506 0.0000e+00
   3842.533      92222   3002.000     2.8986     2.9004   3.278244   3.278820   49.00510  -16.50182     5.5126     5.6380   2955.479    34.9456    34.9506 0.0000e+00
   3843.483      92245   3003.000     2.8984     2.9004   3.278268   3.278858   49.00510  -16.50182     5.5119     5.6356   2956.457    34.9456    34.9506 0.0000e+00
   3844.433      92267   3004.000     2.8982     2.9002   3.278286   3.278887   49.00510  -16.50182     5.5120     5.6334   2957.435    34.9456    34.9506 0.0000e+00
   3845.396      92290   3005.000     2.8981     2.9000   3.278309   3.278903   49.00510  -16.50182     5.5114     5.6332   2958.412    34.9456    34.9506 0.0000e+00
   3846.375      92314   3006.000     2.8979     2.8998   3.278329   3.278917   49.00510  -16.50182     5.5086     5.6335   2959.390    34.9456    34.9505 0.0000e+00
   3847.361      92338   3007.000     2.8975     2.8996   3.278341   3.278933   49.00510  -16.50182     5.5083     5.6327   2960.368    34.9456    34.9505 0.0000e+00
   3848.342      92361   3008.000     2.8972     2.8993   3.278340   3.278945   49.00510  -16.50181     5.5097     5.6330   2961.345    34.9456    34.9506 0.0000e+00
   3849.314      92385   3009.000     2.8967     2.8988   3.278341   3.278950   49.00510  -16.50180     5.5091     5.6333   2962.323    34.9456    34.9507 0.0000e+00
   3850.280      92408   3010.000     2.8960     2.8981   3.278323   3.278934   49.00510  -16.50180     5.5071     5.6341   2963.301    34.9457    34.9507 0.0000e+00
   3851.250      92431   3011.000     2.8955     2.8975   3.278306   3.278912   49.00510  -16.50180     5.5058     5.6354   2964.278    34.9456    34.9507 0.0000e+00
   3852.231      92455   3012.000     2.8949     2.8968   3.278294   3.278886   49.00510  -16.50180     5.5086     5.6362   2965.256    34.9456    34.9507 0.0000e+00
   3853.220      92478   3013.000     2.8943     2.8960   3.278276   3.278857   49.00510  -16.50180     5.5094     5.6355   2966.234    34.9456    34.9507 0.0000e+00
   3854.206      92502   3014.000     2.8936     2.8954   3.278251   3.278827   49.00510  -16.50180     5.5099     5.6364   2967.211    34.9455    34.9506 0.0000e+00
   3855.181      92525   3015.000     2.8932     2.8949   3.278236   3.278814   49.00510  -16.50180     5.5090     5.6366   2968.189    34.9454    34.9505 0.0000e+00
   3856.146      92549   3016.000     2.8927     2.8944   3.278231   3.278809   49.00510  -16.50180     5.5101     5.6349   2969.166    34.9454    34.9505 0.0000e+00
   3857.114      92572   3017.000     2.8922     2.8939   3.278222   3.278803   49.00510  -16.50180     5.5107     5.6334   2970.144    34.9454    34.9505 0.0000e+00
   3858.090      92595   3018.000     2.8916     2.8934   3.278208   3.278789   49.00510  -16.50180     5.5095     5.6321   2971.122    34.9454    34.9504 0.0000e+00
   3859.070      92619   3019.000     2.8912     2.8929   3.278199   3.278780   49.00510  -16.50180     5.5077     5.6315   2972.099    34.9453    34.9503 0.0000e+00
   3860.049      92642   3020.000     2.8908     2.8926   3.278203   3.278785   49.00510  -16.50180     5.5037     5.6302   2973.077    34.9452    34.9503 0.0000e+00
   3861.025      92666   3021.000     2.8904     2.8921   3.278207   3.278778   49.00510  -16.50180     5.5023     5.6305   2974.055    34.9454    34.9504 0.0000e+00
   3862.000      92689   3022.000     2.8898     2.8914   3.278197   3.278761   49.00510  -16.50180     5.5026     5.6314   2975.032    34.9454    34.9504 0.0000e+00
   3862.975      92712   3023.000     2.8889     2.8905   3.278172   3.278727   49.00510  -16.50180     5.5007     5.6295   2976.010    34.9455    34.9505 0.0000e+00
   3863.947      92736   3024.000     2.8878     2.8895   3.278112   3.278672   49.00510  -16.50180     5.5003     5.6268   2976.987    34.9456    34.9505 0.0000e+00
   3864.918      92759   3025.000     2.8867     2.8884   3.278041   3.278612   49.00510  -16.50180     5.5003     5.6248   2977.965    34.9455    34.9504 0.0000e+00
   3865.888      92782   3026.000     2.8858     2.8876   3.277986   3.278564   49.00510  -16.50180     5.4995     5.6239   2978.943    34.9453    34.9503 0.0000e+00
   3866.861      92806   3027.000     2.8852     2.8871   3.277958   3.278542   49.00510  -16.50180     5.4982     5.6248   2979.920    34.9452    34.9501 0.0000e+00
   3867.836      92829   3028.000     2.8847     2.8866   3.277943   3.278530   49.00510  -16.50180     5.4952     5.6250   2980.898    34.9451    34.9501 0.0000e+00
   3868.815      92853   3029.000     2.8844     2.8862   3.277940   3.278529   49.00510  -16.50179     5.4940     5.6226   2981.875    34.9449    34.9500 0.0000e+00
   3869.794      92876   3030.000     2.8842     2.8860   3.277952   3.278543   49.00510  -16.50179     5.4943     5.6203   2982.853    34.9448    34.9500 0.0000e+00
   3870.774      92900   3031.000     2.8841     2.8859   3.277976   3.278568   49.00510  -16.50178     5.4942     5.6191   2983.831    34.9447    34.9499 0.0000e+00
   3871.749      92923   3032.000     2.8841     2.8859   3.278005   3.278599   49.00510  -16.50179     5.4941     5.6174   2984.808    34.9446    34.9498 0.0000e+00
   3872.718      92946   3033.000     2.8841     2.8859   3.278041   3.278633   49.00510  -16.50179     5.4945     5.6194   2985.786    34.9446    34.9498 0.0000e+00
   3873.687      92969   3034.000     2.8840     2.8858   3.278077   3.278665   49.00510  -16.50180     5.4937     5.6203   2986.763    34.9447    34.9499 0.0000e+00
   3874.661      92993   3035.000     2.8839     2.8856   3.278111   3.278691   49.00510  -16.50179     5.4922     5.6199   2987.741    34.9448    34.9499 0.0000e+00
   3875.643      93016   3036.000     2.8837     2.8854   3.278136   3.278709   49.00510  -16.50179     5.4953     5.6190   2988.718    34.9448    34.9499 0.0000e+00
   3876.627      93040   3037.000     2.8833     2.8848   3.278148   3.278706   49.00510  -16.50178     5.4972     5.6209   2989.696    34.9449    34.9500 0.0000e+00
   3877.610      93064   3038.000     2.8827     2.8842   3.278137   3.278687   49.00510  -16.50178     5.4971     5.6231   2990.673    34.9450    34.9500 0.0000e+00
   3878.586      93087   3039.000     2.8820     2.8836   3.278113   3.278676   49.00510  -16.50178     5.4938     5.6230   2991.651    34.9450    34.9500 0.0000e+00
   3879.558      93110   3040.000     2.8812     2.8830   3.278080   3.278659   49.00510  -16.50178     5.4926     5.6222   2992.628    34.9450    34.9500 0.0000e+00
   3880.528      93134   3041.000     2.8804     2.8822   3.278042   3.278630   49.00510  -16.50178     5.4934     5.6212   2993.606    34.9449    34.9501 0.0000e+00
   3881.495      93157   3042.000     2.8798     2.8815   3.278010   3.278591   49.00510  -16.50178     5.4929     5.6204   2994.583    34.9448    34.9499 0.0000e+00
   3882.464      93180   3043.000     2.8793     2.8811   3.277998   3.278583   49.00510  -16.50178     5.4922     5.6185   2995.561    34.9447    34.9498 0.0000e+00
   3883.438      93204   3044.000     2.8787     2.8806   3.277987   3.278576   49.00510  -16.50178     5.4940     5.6172   2996.538    34.9447    34.9498 0.0000e+00
   3884.421      93227   3045.000     2.8780     2.8800   3.277966   3.278563   49.00510  -16.50179     5.4938     5.6162   2997.516    34.9448    34.9499 0.0000e+00
   3885.409      93251   3046.000     2.8769     2.8790   3.277921   3.278526   49.00510  -16.50179     5.4912     5.6177   2998.493    34.9450    34.9500 0.0000e+00
   3886.395      93274   3047.000     2.8756     2.8776   3.277843   3.278446   49.00510  -16.50179     5.4922     5.6188   2999.471    34.9450    34.9501 0.0000e+00
   3887.369      93298   3048.000     2.8745     2.8761   3.277778   3.278354   49.00510  -16.50178     5.4936     5.6175   3000.448    34.9449    34.9502 0.0000e+00
   3888.333      93321   3049.000     2.8731     2.8744   3.277697   3.278242   49.00510  -16.50178     5.4916     5.6183   3001.426    34.9450    34.9501 0.0000e+00
   3889.292      93344   3050.000     2.8719     2.8733   3.277610   3.278154   49.00510  -16.50178     5.4900     5.6197   3002.403    34.9447    34.9497 0.0000e+00
   3890.254      93367   3051.000     2.8713     2.8729   3.277569   3.278128   49.00510  -16.50178     5.4895     5.6176   3003.381    34.9444    34.9495 0.0000e+00
   3891.228      93390   3052.000     2.8710     2.8726   3.277569   3.278136   49.00510  -16.50178     5.4905     5.6152   3004.358    34.9443    34.9494 0.0000e+00
   3892.210      93414   3053.000     2.8706     2.8724   3.277573   3.278151   49.00510  -16.50178     5.4905     5.6143   3005.336    34.9443    34.9493 0.0000e+00
   3893.191      93438   3054.000     2.8703     2.8723   3.277576   3.278177   49.00510  -16.50178     5.4902     5.6151   3006.313    34.9443    34.9494 0.0000e+00
   3894.163      93461   3055.000     2.8698     2.8719   3.277569   3.278188   49.00510  -16.50178     5.4887     5.6162   3007.291    34.9443    34.9495 0.0000e+00
   3895.135      93484   3056.000     2.8694     2.8713   3.277563   3.278176   49.00510  -16.50178     5.4875     5.6162   3008.268    34.9442    34.9495 0.0000e+00
   3896.112      93508   3057.000     2.8690     2.8709   3.277565   3.278166   49.00510  -16.50178     5.4859     5.6148   3009.246    34.9441    34.9493 0.0000e+00
   3897.096      93531   3058.000     2.8688     2.8706   3.277577   3.278170   49.00510  -16.50178     5.4852     5.6148   3010.223    34.9441    34.9493 0.0000e+00
   3898.076      93555   3059.000     2.8686     2.8703   3.277594   3.278178   49.00510  -16.50177     5.4867     5.6154   3011.201    34.9440    34.9493 0.0000e+00
   3899.044      93578   3060.000     2.8683     2.8700   3.277605   3.278184   49.00510  -16.50176     5.4867     5.6157   3012.178    34.9441    34.9491 0.0000e+00
   3900.003      93601   3061.000     2.8680     2.8699   3.277620   3.278205   49.00510  -16.50176     5.4874     5.6130   3013.155    34.9441    34.9491 0.0000e+00
   3900.964      93624   3062.000     2.8677     2.8697   3.277629   3.278224   49.00510  -16.50176     5.4890     5.6106   3014.133    34.9441    34.9491 0.0000e+00
   3901.939      93648   3063.000     2.8675     2.8695   3.277643   3.278246   49.00510  -16.50176     5.4883     5.6086   3015.110    34.9440    34.9491 0.0000e+00
   3902.924      93671   3064.000     2.8673     2.8692   3.277659   3.278259   49.00510  -16.50176     5.4855     5.6069   3016.088    34.9440    34.9491 0.0000e+00
   3903.909      93695   3065.000     2.8668     2.8686   3.277655   3.278253   49.00510  -16.50176     5.4852     5.6058   3017.065    34.9440    34.9492 0.0000e+00
   3904.887      93718   3066.000     2.8662     2.8680   3.277642   3.278236   49.00510  -16.50176     5.4844     5.6047   3018.043    34.9440    34.9492 0.0000e+00
   3905.864      93742   3067.000     2.8658     2.8675   3.277631   3.278222   49.00510  -16.50176     5.4839     5.6056   3019.020    34.9439    34.9491 0.0000e+00
   3906.846      93765   3068.000     2.8654     2.8671   3.277636   3.278221   49.00511  -16.50176     5.4854     5.6085   3019.997    34.9439    34.9491 0.0000e+00
   3907.830      93789   3069.000     2.8647     2.8664   3.277627   3.278209   49.00511  -16.50176     5.4845     5.6080   3020.975    34.9441    34.9492 0.0000e+00
   3908.802      93812   3070.000     2.8639     2.8656   3.277590   3.278169   49.00512  -16.50176     5.4810     5.6061   3021.952    34.9441    34.9492 0.0000e+00
   3909.755      93835   3071.000     2.8632     2.8650   3.277557   3.278142   49.00511  -16.50176     5.4794     5.6060   3022.930    34.9439    34.9490 0.0000e+00
   3910.702      93858   3072.000     2.8626     2.8644   3.277537   3.278122   49.00511  -16.50176     5.4799     5.6067   3023.907    34.9439    34.9490 0.0000e+00
   3911.660      93881   3073.000     2.8621     2.8638   3.277521   3.278104   49.00510  -16.50176     5.4784     5.6061   3024.884    34.9438    34.9490 0.0000e+00
   3912.639      93904   3074.000     2.8615     2.8631   3.277506   3.278083   49.00510  -16.50176     5.4772     5.6046   3025.862    34.9439    34.9490 0.0000e+00
   3913.630      93928   3075.000     2.8607     2.8622   3.277481   3.278043   49.00510  -16.50176     5.4774     5.6026   3026.839    34.9439    34.9490 0.0000e+00
   3914.625      93952   3076.000     2.8600     2.8614   3.277454   3.277999   49.00510  -16.50177     5.4779     5.6012   3027.816    34.9439    34.9489 0.0000e+00
   3915.614      93976   3077.000     2.8590     2.8604   3.277414   3.277953   49.00511  -16.50176     5.4771     5.6013   3028.794    34.9440    34.9489 0.0000e+00
   3916.592      93999   3078.000     2.8581     2.8597   3.277356   3.277909   49.00511  -16.50176     5.4748     5.6012   3029.771    34.9438    34.9487 0.0000e+00
   3917.560      94022   3079.000     2.8576     2.8593   3.277332   3.277900   49.00512  -16.50177     5.4718     5.5998   3030.749    34.9436    34.9486 0.0000e+00
   3918.518      94045   3080.000     2.8573     2.8589   3.277335   3.277902   49.00512  -16.50177     5.4720     5.5986   3031.726    34.9435    34.9486 0.0000e+00
   3919.474      94068   3081.000     2.8569     2.8583   3.277339   3.277895   49.00512  -16.50178     5.4743     5.5973   3032.703    34.9436    34.9487 0.0000e+00
   3920.438      94092   3082.000     2.8561     2.8575   3.277316   3.277867   49.00511  -16.50178     5.4744     5.5965   3033.680    34.9437    34.9488 0.0000e+00
   3921.416      94115   3083.000     2.8550     2.8564   3.277264   3.277809   49.00511  -16.50177     5.4749     5.5978   3034.658    34.9438    34.9488 0.0000e+00
   3922.401      94139   3084.000     2.8539     2.8554   3.277194   3.277747   49.00510  -16.50178     5.4748     5.5981   3035.635    34.9437    34.9487 0.0000e+00
