Data_example/SBE_Data_Processed/JC231/SeaBird/Data/Processed/JC231_CTD_001c.ros
* Sea-Bird SBE 9 Data File:
* FileName = C:\Users\sandm\Documents\Cruises\JC231\CTD Data\CTD Raw Data\JC231_CTD_001.hex
* Software Version Seasave V 7.26.7.121
* Temperature SN = 5700
* Conductivity SN = 2164
* Number of Bytes Per Scan = 41
* Number of Voltage Words = 4
* Number of Scans Averaged by the Deck Unit = 1
* NMEA Latitude = 48 33.24 N
* NMEA Longitude = 009 55.75 W
* NMEA UTC (Time) = May 02 2022  18:08:10
* NMEA baud rate = 9600
** Ship: RRS James Cook
** Cruise: JC231
** Cast: 001
** Event:
** Station: 001
** Julian Day: 122
** Time (GMT): 18:05
** Latitude: 48 33.239' N
** Longitude: 009 55.746' W
** Depth (uncorrected m): 1900m
** Principal Scientist: Dr Susan Hartman
** Operator:  TP / JG
# nquan = 13
# nvalues = 1176                                  
# units = specified
# name 0 = timeS: Time, Elapsed [seconds]
# name 1 = scan: Scan Count
# name 2 = prDM: Pressure, Digiquartz [db]
# name 3 = t090C: Temperature [ITS-90, deg C]
# name 4 = t190C: Temperature, 2 [ITS-90, deg C]
# name 5 = c0S/m: Conductivity [S/m]
# name 6 = c1S/m: Conductivity, 2 [S/m]
# name 7 = latitude: Latitude [deg]
# name 8 = longitude: Longitude [deg]
# name 9 = sbeox0ML/L: Oxygen, SBE 43 [ml/l]
# name 10 = sbeox1ML/L: Oxygen, SBE 43, 2 [ml/l]
# name 11 = nbf: Bottles Fired
# name 12 = flag:  0.000e+00
# interval = seconds: 0.0416667
# start_time = May 02 2022 18:08:11 [System UTC, first data scan.]
# bad_flag = -9.990e-29
*END*
[from data line 556]
   6833.250     163999    353.474    10.9322    10.9325   3.961801   3.962282   48.55398   -9.92910     4.9991     5.0762         12  0.000e+00
   6833.292     164000    353.487    10.9322    10.9325   3.961788   3.962308   48.55398   -9.92910     4.9992     5.0762         12  0.000e+00
   6833.333     164001    353.582    10.9324    10.9325   3.961756   3.962263   48.55398   -9.92910     5.0033     5.0764         12  0.000e+00
   6833.375     164002    353.474    10.9322    10.9325   3.961815   3.962269   48.55398   -9.92910     4.9997     5.0764         12  0.000e+00
   6833.417     164003    353.474    10.9324    10.9325   3.961769   3.962282   48.55398   -9.92910     4.9997     5.0760         12  0.000e+00
   6833.458     164004    353.582    10.9324    10.9325   3.961769   3.962282   48.55398   -9.92910     4.9957     5.0761         12  0.000e+00
   6833.500     164005    353.474    10.9322    10.9327   3.961769   3.962282   48.55398   -9.92910     4.9992     5.0759         12  0.000e+00
   6833.542     164006    353.474    10.9321    10.9324   3.961775   3.962282   48.55398   -9.92910     4.9997     5.0759         12  0.000e+00
   6833.583     164007    353.582    10.9326    10.9327   3.961730   3.962256   48.55398   -9.92910     4.9956     5.0759         12  0.000e+00
   6833.625     164008    353.474    10.9322    10.9325   3.961782   3.962269   48.55398   -9.92910     4.9991     5.0758         12  0.000e+00
   6833.667     164009    353.474    10.9321    10.9325   3.961788   3.962334   48.55398   -9.92910     4.9990     5.0757         12  0.000e+00
   6833.708     164010    353.474    10.9319    10.9325   3.961782   3.962327   48.55398   -9.92910     4.9995     5.0756         12  0.000e+00
   6833.750     164011    353.582    10.9321    10.9325   3.961769   3.962321   48.55398   -9.92910     5.0000     5.0756         12  0.000e+00
   6833.792     164012    353.474    10.9321    10.9327   3.961775   3.962321   48.55398   -9.92910     5.0004     5.0754         12  0.000e+00
   6833.833     164013    353.474    10.9319    10.9325   3.961769   3.962321   48.55398   -9.92910     5.0008     5.0752         12  0.000e+00
   6833.875     164014    353.595    10.9319    10.9327   3.961749   3.962263   48.55398   -9.92910     5.0014     5.0713         12  0.000e+00
   6833.917     164015    353.474    10.9321    10.9324   3.961769   3.962269   48.55398   -9.92912     5.0012     5.0746         12  0.000e+00
   6833.958     164016    353.582    10.9321    10.9325   3.961743   3.962282   48.55398   -9.92912     5.0012     5.0744         12  0.000e+00
   6834.000     164017    353.474    10.9319    10.9324   3.961743   3.962308   48.55398   -9.92912     5.0010     5.0703         12  0.000e+00
   6834.042     164018    353.582    10.9321    10.9327   3.961802   3.962288   48.55398   -9.92912     5.0014     5.0737         12  0.000e+00
   6834.083     164019    353.582    10.9321    10.9325   3.961782   3.962282   48.55398   -9.92912     5.0013     5.0735         12  0.000e+00
   6834.125     164020    353.379    10.9324    10.9327   3.961749   3.962282   48.55398   -9.92912     4.9969     5.0731         12  0.000e+00
   6834.167     164021    353.474    10.9321    10.9325   3.961828   3.962282   48.55398   -9.92912     5.0003     5.0729         12  0.000e+00
   6834.208     164022    353.582    10.9324    10.9325   3.961762   3.962282   48.55398   -9.92912     5.0002     5.0731         12  0.000e+00
   6834.250     164023    353.474    10.9322    10.9325   3.961795   3.962282   48.55398   -9.92912     4.9999     5.0693         12  0.000e+00
   6834.292     164024    353.582    10.9322    10.9325   3.961788   3.962256   48.55398   -9.92912     4.9997     5.0731         12  0.000e+00
   6834.333     164025    353.582    10.9322    10.9325   3.961743   3.962250   48.55398   -9.92912     4.9995     5.0728         12  0.000e+00
   6834.375     164026    353.474    10.9324    10.9324   3.961769   3.962250   48.55398   -9.92912     4.9997     5.0690         12  0.000e+00
   6834.417     164027    353.596    10.9324    10.9324   3.961756   3.962250   48.55398   -9.92912     4.9995     5.0685         12  0.000e+00
   6834.458     164028    353.474    10.9324    10.9318   3.961762   3.962250   48.55398   -9.92912     4.9996     5.0678         12  0.000e+00
   6834.500     164029    353.582    10.9324    10.9321   3.961749   3.962250   48.55398   -9.92912     4.9994     5.0672         12  0.000e+00
   6834.542     164030    353.474    10.9322    10.9324   3.961749   3.962250   48.55398   -9.92912     4.9990     5.0669         12  0.000e+00
   7086.417     170075    201.981    11.5713    11.5719   4.020270   4.020816   48.55398   -9.92910     5.4136     5.4897         13  0.000e+00
   7086.458     170076    201.684    11.5715    11.5719   4.020264   4.020836   48.55398   -9.92910     5.4064     5.4889         13  0.000e+00
   7086.500     170077    201.589    11.5713    11.5717   4.020283   4.020836   48.55398   -9.92910     5.4063     5.4887         13  0.000e+00
   7086.542     170078    201.711    11.5713    11.5717   4.020296   4.020836   48.55398   -9.92910     5.4064     5.4886         13  0.000e+00
   7086.583     170079    201.778    11.5711    11.5719   4.020316   4.020855   48.55398   -9.92910     5.4061     5.4880         13  0.000e+00
   7086.625     170080    201.778    11.5713    11.5719   4.020277   4.020842   48.55398   -9.92910     5.4058     5.4875         13  0.000e+00
   7086.667     170081    201.589    11.5713    11.5717   4.020283   4.020855   48.55398   -9.92910     5.4060     5.4872         13  0.000e+00
   7086.708     170082    201.805    11.5713    11.5719   4.020297   4.020842   48.55398   -9.92910     5.4059     5.4835         13  0.000e+00
   7086.750     170083    201.684    11.5715    11.5719   4.020270   4.020836   48.55398   -9.92910     5.4058     5.4866         13  0.000e+00
   7086.792     170084    201.684    11.5713    11.5719   4.020283   4.020855   48.55398   -9.92910     5.4096     5.4865         13  0.000e+00
   7086.833     170085    201.684    11.5713    11.5720   4.020270   4.020842   48.55398   -9.92910     5.4062     5.4864         13  0.000e+00
   7086.875     170086    201.806    11.5716    11.5719   4.020283   4.020855   48.55398   -9.92910     5.4092     5.4864         13  0.000e+00
   7086.917     170087    201.779    11.5715    11.5720   4.020270   4.020816   48.55398   -9.92910     5.4083     5.4859         13  0.000e+00
   7086.958     170088    201.779    11.5711    11.5719   4.020264   4.020823   48.55398   -9.92910     5.4035     5.4855         13  0.000e+00
   7087.000     170089    201.589    11.5715    11.5719   4.020283   4.020836   48.55398   -9.92910     5.4019     5.4853         13  0.000e+00
   7087.042     170090    201.806    11.5715    11.5717   4.020270   4.020836   48.55398   -9.92910     5.4006     5.4854         13  0.000e+00
   7087.083     170091    201.684    11.5715    11.5717   4.020264   4.020836   48.55398   -9.92910     5.3996     5.4890         13  0.000e+00
   7087.125     170092    201.684    11.5716    11.5719   4.020264   4.020803   48.55398   -9.92910     5.4021     5.4893         13  0.000e+00
   7087.167     170093    201.684    11.5715    11.5719   4.020283   4.020796   48.55398   -9.92910     5.4016     5.4859         13  0.000e+00
   7087.208     170094    201.711    11.5711    11.5717   4.020270   4.020803   48.55398   -9.92910     5.4017     5.4900         13  0.000e+00
   7087.250     170095    201.684    11.5713    11.5717   4.020231   4.020823   48.55398   -9.92910     5.4012     5.4907         13  0.000e+00
   7087.292     170096    201.590    11.5713    11.5720   4.020250   4.020836   48.55398   -9.92910     5.4007     5.4913         13  0.000e+00
   7087.333     170097    201.779    11.5713    11.5719   4.020264   4.020836   48.55398   -9.92910     5.4008     5.4921         13  0.000e+00
   7087.375     170098    201.711    11.5715    11.5717   4.020264   4.020836   48.55398   -9.92910     5.3969     5.4925         13  0.000e+00
   7087.417     170099    201.590    11.5713    11.5717   4.020264   4.020803   48.55398   -9.92910     5.3999     5.4932         13  0.000e+00
   7087.458     170100    201.779    11.5711    11.5717   4.020264   4.020823   48.55398   -9.92910     5.4080     5.4940         13  0.000e+00
   7087.500     170101    201.590    11.5713    11.5717   4.020264   4.020836   48.55398   -9.92910     5.4127     5.4943         13  0.000e+00
   7087.542     170102    201.711    11.5713    11.5717   4.020264   4.020836   48.55398   -9.92910     5.4109     5.4911         13  0.000e+00
   7087.583     170103    201.684    11.5713    11.5719   4.020283   4.020836   48.55398   -9.92910     5.4123     5.4911         13  0.000e+00
   7087.625     170104    201.684    11.5711    11.5717   4.020270   4.020836   48.55398   -9.92910     5.4094     5.4950         13  0.000e+00
   7087.667     170105    201.779    11.5713    11.5719   4.020283   4.020836   48.55398   -9.92910     5.4099     5.4954         13  0.000e+00
   7087.708     170106    201.711    11.5713    11.5719   4.020244   4.020855   48.55398   -9.92910     5.4143     5.4958         13  0.000e+00
   7087.750     170107    201.590    11.5715    11.5719   4.020277   4.020868   48.55398   -9.92910     5.4113     5.4924         13  0.000e+00
   7087.792     170108    201.684    11.5715    11.5720   4.020270   4.020842   48.55398   -9.92910     5.4118     5.4926         13  0.000e+00
   7087.833     170109    201.779    11.5713    11.5717   4.020264   4.020836   48.55398   -9.92910     5.4124     5.4966         13  0.000e+00
   7087.875     170110    201.603    11.5715    11.5719   4.020231   4.020836   48.55398   -9.92910     5.4088     5.4969         13  0.000e+00
   7087.917     170111    201.887    11.5715    11.5720   4.020277   4.020810   48.55398   -9.92910     5.4052     5.4975         13  0.000e+00
   7087.958     170112    201.684    11.5714    11.5720   4.020296   4.020849   48.55398   -9.92910     5.4007     5.4975         13  0.000e+00
   7088.000     170113    201.684    11.5715    11.5719   4.020237   4.020842   48.55398   -9.92910     5.3999     5.4942         13  0.000e+00
   7088.042     170114    201.806    11.5713    11.5719   4.020250   4.020836   48.55398   -9.92910     5.3988     5.4978         13  0.000e+00
   7088.083     170115    201.685    11.5715    11.5719   4.020283   4.020836   48.55398   -9.92910     5.4024     5.4982         13  0.000e+00
   7088.125     170116    201.590    11.5713    11.5719   4.020244   4.020862   48.55398   -9.92910     5.3987     5.4982         13  0.000e+00
   7088.167     170117    201.779    11.5715    11.5717   4.020250   4.020868   48.55398   -9.92910     5.3993     5.4984         13  0.000e+00
   7088.208     170118    201.806    11.5711    11.5717   4.020231   4.020842   48.55398   -9.92910     5.3954     5.4985         13  0.000e+00
   7088.250     170119    201.685    11.5715    11.5715   4.020250   4.020836   48.55398   -9.92910     5.3984     5.4985         13  0.000e+00
   7088.292     170120    201.685    11.5713    11.5720   4.020231   4.020810   48.55398   -9.92910     5.4025     5.4984         13  0.000e+00
   7088.333     170121    201.685    11.5713    11.5717   4.020277   4.020823   48.55398   -9.92910     5.4027     5.4985         13  0.000e+00
   7088.375     170122    201.806    11.5715    11.5717   4.020237   4.020836   48.55398   -9.92910     5.4074     5.4986         13  0.000e+00
   7088.417     170123    201.590    11.5713    11.5719   4.020250   4.020836   48.55398   -9.92910     5.4085     5.4984         13  0.000e+00
   7101.542     170438    201.786    11.5716    11.5715   4.020297   4.020823   48.55398   -9.92910     5.4080     5.4898         14  0.000e+00
   7101.583     170439    201.786    11.5715    11.5717   4.020297   4.020836   48.55398   -9.92910     5.4111     5.4930         14  0.000e+00
   7101.625     170440    201.597    11.5716    11.5717   4.020296   4.020803   48.55398   -9.92910     5.4101     5.4926         14  0.000e+00
   7101.667     170441    201.813    11.5718    11.5717   4.020270   4.020797   48.55398   -9.92910     5.4100     5.4925         14  0.000e+00
   7101.708     170442    201.691    11.5718    11.5715   4.020336   4.020803   48.55398   -9.92910     5.4135     5.4922         14  0.000e+00
   7101.750     170443    201.786    11.5717    11.5717   4.020310   4.020823   48.55398   -9.92910     5.4133     5.4920         14  0.000e+00
   7101.792     170444    201.691    11.5719    11.5715   4.020316   4.020810   48.55398   -9.92910     5.4095     5.4916         14  0.000e+00
   7101.833     170445    201.718    11.5719    11.5713   4.020303   4.020796   48.55398   -9.92910     5.4088     5.4913         14  0.000e+00
   7101.875     170446    201.786    11.5719    11.5715   4.020316   4.020777   48.55398   -9.92910     5.4082     5.4873         14  0.000e+00
   7101.917     170447    201.691    11.5721    11.5712   4.020329   4.020816   48.55398   -9.92910     5.4074     5.4866         14  0.000e+00
   7101.958     170448    201.691    11.5719    11.5712   4.020382   4.020783   48.55398   -9.92910     5.4068     5.4900         14  0.000e+00
   7102.000     170449    201.718    11.5721    11.5713   4.020343   4.020764   48.55398   -9.92910     5.4023     5.4901         14  0.000e+00
   7102.042     170450    201.786    11.5721    11.5712   4.020329   4.020816   48.55398   -9.92910     5.4091     5.4898         14  0.000e+00
   7102.083     170451    201.786    11.5719    11.5712   4.020329   4.020803   48.55398   -9.92910     5.4129     5.4898         14  0.000e+00
   7102.125     170452    201.691    11.5719    11.5712   4.020303   4.020796   48.55398   -9.92910     5.4088     5.4898         14  0.000e+00
   7102.167     170453    201.719    11.5721    11.5715   4.020296   4.020803   48.55398   -9.92910     5.4120     5.4895         14  0.000e+00
   7102.208     170454    201.597    11.5721    11.5713   4.020296   4.020796   48.55398   -9.92910     5.4083     5.4890         14  0.000e+00
   7102.250     170455    201.786    11.5723    11.5713   4.020323   4.020797   48.55398   -9.92910     5.4082     5.4892         14  0.000e+00
   7102.292     170456    201.786    11.5719    11.5712   4.020329   4.020823   48.55398   -9.92910     5.4120     5.4892         14  0.000e+00
   7102.333     170457    201.719    11.5721    11.5713   4.020329   4.020810   48.55398   -9.92910     5.4126     5.4891         14  0.000e+00
   7102.375     170458    201.692    11.5721    11.5712   4.020329   4.020796   48.55398   -9.92910     5.4090     5.4891         14  0.000e+00
   7102.417     170459    201.786    11.5721    11.5710   4.020349   4.020797   48.55398   -9.92910     5.4088     5.4892         14  0.000e+00
   7102.458     170460    201.692    11.5721    11.5712   4.020310   4.020770   48.55398   -9.92910     5.4125     5.4891         14  0.000e+00
   7102.500     170461    201.719    11.5723    11.5710   4.020316   4.020790   48.55398   -9.92910     5.4088     5.4895         14  0.000e+00
   7102.542     170462    201.894    11.5719    11.5710   4.020329   4.020803   48.55398   -9.92910     5.4126     5.4897         14  0.000e+00
   7102.583     170463    201.786    11.5721    11.5713   4.020303   4.020770   48.55398   -9.92910     5.4127     5.4899         14  0.000e+00
   7102.625     170464    201.692    11.5719    11.5712   4.020316   4.020764   48.55398   -9.92910     5.4134     5.4903         14  0.000e+00
   7102.667     170465    201.813    11.5718    11.5712   4.020329   4.020790   48.55398   -9.92910     5.4141     5.4870         14  0.000e+00
   7102.708     170466    201.597    11.5719    11.5710   4.020329   4.020777   48.55398   -9.92910     5.4147     5.4870         14  0.000e+00
