Data_example/SBE_Data_Processed/JC231/SeaBird/Data/Processed/JC231_CTD_007cfaldb.cnv
* Sea-Bird SBE 9 Data File:
* FileName = C:\Users\sandm\Documents\Cruises\JC231\CTD Data\CTD Raw Data\JC231_CTD_007.hex
* Software Version Seasave V 7.26.7.121
* Temperature SN = 5700
* Conductivity SN = 2164
* Number of Bytes Per Scan = 41
* Number of Voltage Words = 4
* Number of Scans Averaged by the Deck Unit = 1
* NMEA Latitude = 48 56.85 N
* NMEA Longitude = 016 28.41 W
* NMEA UTC (Time) = May 11 2022  08:20:42
* NMEA baud rate = 9600
** Ship: RRS James Cook
** Cruise: JC231
** Cast: 007
** Event:
** Station:
** Julian Day: 131
** Time (GMT): 08:20
** Latitude: 48 56.853' N
** Longitude: 16 28.413' W
** Depth (uncorrected m): 4806m
** Principal Scientist: Dr Susan Hartman
** Operator:  TP / JG
# nquan = 15
# nvalues = 9845                        
# units = specified
# name 0 = timeS: Time, Elapsed [seconds]
# name 1 = scan: Scan Count
# name 2 = prDM: Pressure, Digiquartz [db]
# name 3 = t090C: Temperature [ITS-90, deg C]
# name 4 = t190C: Temperature, 2 [ITS-90, deg C]
# name 5 = c0S/m: Conductivity [S/m]
# name 6 = c1S/m: Conductivity, 2 [S/m]
# name 7 = latitude: Latitude [deg]
# name 8 = longitude: Longitude [deg]
# name 9 = sbeox0ML/L: Oxygen, SBE 43 [ml/l]
# name 10 = sbeox1ML/L: Oxygen, SBE 43, 2 [ml/l]
# name 11 = depSM: Depth [salt water, m], lat = 48.9475
# name 12 = sal00: Salinity, Practical [PSU]
# name 13 = sal11: Salinity, Practical, 2 [PSU]
# name 14 = flag: flag
# span 0 =    281.109,  13760.214       
# span 1 =       6748,     330246       
# span 2 =      1.000,   4924.000       
# span 3 =     2.5308,    14.1540       
# span 4 =     2.5325,    14.2216       
# span 5 =   3.272331,   4.255084       
# span 6 =   3.272864,   4.260562       
# span 7 =   48.75402,   50.06243       
# span 8 =  -16.84877,  -16.40844       
# span 9 =     4.2545,     6.1074       
# span 10 =     4.2825,     6.1854      
# span 11 =      0.992,   4826.635      
# span 12 =    33.8352,    35.6813      
# span 13 =    34.1712,    35.6826      
# span 14 = 0.0000e+00, 0.0000e+00      
# interval = decibars: 1                
# start_time = May 11 2022 08:20:43 [System UTC, first data scan.]
# bad_flag = -9.990e-29
*END*
[from data line 8772]
  11412.258     273895   1073.000     6.9950     6.9972   3.601873   3.602410   48.94750  -16.47354     4.7730     4.8175   1061.163    35.2879    35.2915 0.0000e+00
  11413.270     273919   1072.000     6.9957     6.9990   3.601870   3.602468   48.94750  -16.47354     4.7711     4.8156   1060.177    35.2876    35.2907 0.0000e+00
  11414.277     273944   1071.000     6.9972     7.0015   3.601902   3.602581   48.94750  -16.47354     4.7698     4.8135   1059.190    35.2869    35.2899 0.0000e+00
  11415.263     273967   1070.000     6.9994     7.0056   3.601986   3.602816   48.94750  -16.47354     4.7688     4.8108   1058.204    35.2860    35.2889 0.0000e+00
  11416.227     273990   1069.000     7.0029     7.0111   3.602176   3.603267   48.94750  -16.47354     4.7673     4.8097   1057.217    35.2851    35.2886 0.0000e+00
  11417.189     274014   1068.000     7.0076     7.0166   3.602539   3.603798   48.94750  -16.47354     4.7655     4.8102   1056.231    35.2847    35.2894 0.0000e+00
  11418.166     274037   1067.000     7.0123     7.0209   3.602986   3.604256   48.94750  -16.47354     4.7638     4.8103   1055.244    35.2853    35.2904 0.0000e+00
  11419.168     274061   1066.000     7.0161     7.0228   3.603372   3.604527   48.94750  -16.47354     4.7619     4.8102   1054.258    35.2861    35.2920 0.0000e+00
  11420.183     274085   1065.000     7.0192     7.0220   3.603685   3.604487   48.94750  -16.47354     4.7606     4.8103   1053.271    35.2869    35.2928 0.0000e+00
  11421.184     274109   1064.000     7.0203     7.0200   3.603845   3.604263   48.94750  -16.47354     4.7603     4.8098   1052.285    35.2880    35.2928 0.0000e+00
  11422.160     274133   1063.000     7.0193     7.0176   3.603772   3.603967   48.94750  -16.47355     4.7599     4.8087   1051.299    35.2886    35.2925 0.0000e+00
  11423.126     274156   1062.000     7.0174     7.0168   3.603531   3.603720   48.94750  -16.47355     4.7591     4.8074   1050.312    35.2884    35.2911 0.0000e+00
  11424.099     274179   1061.000     7.0165     7.0195   3.603308   3.603794   48.94750  -16.47356     4.7594     4.8056   1049.326    35.2874    35.2897 0.0000e+00
  11425.087     274203   1060.000     7.0182     7.0258   3.603299   3.604260   48.94750  -16.47356     4.7595     4.8040   1048.339    35.2861    35.2888 0.0000e+00
  11426.085     274227   1059.000     7.0231     7.0354   3.603623   3.605111   48.94750  -16.47356     4.7585     4.8020   1047.353    35.2851    35.2889 0.0000e+00
  11427.085     274251   1058.000     7.0305     7.0483   3.604273   3.606259   48.94750  -16.47356     4.7573     4.7993   1046.366    35.2852    35.2887 0.0000e+00
  11428.077     274275   1057.000     7.0399     7.0663   3.605115   3.607892   48.94750  -16.47356     4.7554     4.7988   1045.379    35.2853    35.2889 0.0000e+00
  11429.060     274298   1056.000     7.0527     7.0836   3.606255   3.609833   48.94750  -16.47356     4.7522     4.7966   1044.393    35.2852    35.2929 0.0000e+00
  11430.046     274322   1055.000     7.0690     7.0956   3.607790   3.611275   48.94750  -16.47356     4.7486     4.7902   1043.406    35.2859    35.2970 0.0000e+00
  11431.039     274346   1054.000     7.0836     7.1063   3.609452   3.612354   48.94750  -16.47356     4.7456     4.7857   1042.420    35.2897    35.2983 0.0000e+00
  11432.039     274370   1053.000     7.0958     7.1214   3.610777   3.613654   48.94750  -16.47356     4.7431     4.7833   1041.433    35.2922    35.2977 0.0000e+00
  11433.041     274394   1052.000     7.1092     7.1412   3.612056   3.615580   48.94750  -16.47356     4.7405     4.7810   1040.447    35.2931    35.2991 0.0000e+00
  11434.038     274418   1051.000     7.1258     7.1565   3.613630   3.617408   48.94750  -16.47356     4.7379     4.7760   1039.460    35.2939    35.3040 0.0000e+00
  11435.015     274441   1050.000     7.1426     7.1660   3.615381   3.618590   48.94750  -16.47356     4.7335     4.7693   1038.474    35.2964    35.3077 0.0000e+00
  11435.967     274464   1049.000     7.1562     7.1720   3.616912   3.619298   48.94750  -16.47356     4.7273     4.7638   1037.487    35.2998    35.3098 0.0000e+00
  11436.909     274487   1048.000     7.1663     7.1765   3.618095   3.619791   48.94750  -16.47356     4.7223     4.7589   1036.501    35.3030    35.3111 0.0000e+00
  11437.865     274510   1047.000     7.1730     7.1799   3.618913   3.620164   48.94750  -16.47356     4.7180     4.7527   1035.514    35.3055    35.3122 0.0000e+00
  11438.859     274534   1046.000     7.1779     7.1827   3.619474   3.620444   48.94750  -16.47356     4.7140     4.7480   1034.528    35.3071    35.3129 0.0000e+00
  11439.897     274559   1045.000     7.1819     7.1857   3.619887   3.620705   48.94750  -16.47356     4.7093     4.7483   1033.541    35.3080    35.3131 0.0000e+00
  11440.940     274584   1044.000     7.1867     7.1892   3.620284   3.621006   48.94750  -16.47356     4.7067     4.7510   1032.554    35.3081    35.3133 0.0000e+00
  11441.953     274608   1043.000     7.1917     7.1931   3.620759   3.621335   48.94750  -16.47356     4.7074     4.7518   1031.568    35.3086    35.3135 0.0000e+00
  11442.943     274632   1042.000     7.1954     7.1968   3.621145   3.621665   48.94750  -16.47356     4.7069     4.7525   1030.581    35.3095    35.3137 0.0000e+00
  11443.924     274655   1041.000     7.1991     7.2007   3.621443   3.622003   48.94750  -16.47356     4.7058     4.7523   1029.595    35.3095    35.3139 0.0000e+00
  11444.899     274679   1040.000     7.2027     7.2049   3.621763   3.622336   48.94750  -16.47356     4.7056     4.7509   1028.608    35.3098    35.3138 0.0000e+00
  11445.867     274702   1039.000     7.2057     7.2093   3.622037   3.622711   48.94750  -16.47356     4.7048     4.7486   1027.621    35.3101    35.3139 0.0000e+00
  11446.828     274725   1038.000     7.2082     7.2141   3.622254   3.623102   48.94750  -16.47356     4.7038     4.7442   1026.635    35.3104    35.3138 0.0000e+00
  11447.788     274748   1037.000     7.2111     7.2197   3.622463   3.623578   48.94750  -16.47357     4.7020     4.7409   1025.648    35.3103    35.3137 0.0000e+00
  11448.753     274771   1036.000     7.2150     7.2252   3.622756   3.624112   48.94750  -16.47358     4.6990     4.7401   1024.662    35.3101    35.3145 0.0000e+00
  11449.733     274795   1035.000     7.2198     7.2289   3.623163   3.624506   48.94750  -16.47358     4.6965     4.7390   1023.675    35.3101    35.3154 0.0000e+00
  11450.737     274819   1034.000     7.2241     7.2322   3.623584   3.624795   48.94750  -16.47357     4.6945     4.7381   1022.688    35.3108    35.3157 0.0000e+00
  11451.762     274843   1033.000     7.2277     7.2372   3.623925   3.625164   48.94750  -16.47356     4.6927     4.7379   1021.702    35.3112    35.3152 0.0000e+00
  11452.782     274868   1032.000     7.2319     7.2454   3.624251   3.625802   48.94750  -16.47356     4.6910     4.7346   1020.715    35.3111    35.3142 0.0000e+00
  11453.776     274892   1031.000     7.2381     7.2582   3.624717   3.626830   48.94750  -16.47356     4.6884     4.7300   1019.728    35.3103    35.3130 0.0000e+00
  11454.738     274915   1030.000     7.2472     7.2771   3.625447   3.628420   48.94750  -16.47356     4.6848     4.7275   1018.742    35.3095    35.3116 0.0000e+00
  11455.686     274937   1029.000     7.2605     7.2950   3.626545   3.630454   48.94749  -16.47356     4.6824     4.7233   1017.755    35.3084    35.3160 0.0000e+00
  11456.642     274960   1028.000     7.2763     7.3051   3.628091   3.631784   48.94749  -16.47356     4.6804     4.7182   1016.769    35.3098    35.3207 0.0000e+00
  11457.621     274984   1027.000     7.2890     7.3111   3.629546   3.632516   48.94748  -16.47356     4.6777     4.7134   1015.782    35.3131    35.3231 0.0000e+00
  11458.631     275008   1026.000     7.2996     7.3164   3.630712   3.633000   48.94749  -16.47356     4.6739     4.7087   1014.795    35.3155    35.3234 0.0000e+00
  11459.660     275033   1025.000     7.3077     7.3249   3.631606   3.633621   48.94750  -16.47356     4.6700     4.7057   1013.809    35.3175    35.3220 0.0000e+00
  11460.673     275057   1024.000     7.3158     7.3366   3.632335   3.634672   48.94750  -16.47356     4.6674     4.7028   1012.822    35.3177    35.3221 0.0000e+00
  11461.650     275081   1023.000     7.3260     7.3450   3.633189   3.635629   48.94750  -16.47356     4.6649     4.6962   1011.835    35.3172    35.3244 0.0000e+00
  11462.604     275104   1022.000     7.3359     7.3505   3.634179   3.636236   48.94749  -16.47355     4.6617     4.6912   1010.849    35.3183    35.3260 0.0000e+00
  11463.562     275126   1021.000     7.3439     7.3544   3.635028   3.636626   48.94748  -16.47355     4.6589     4.6897   1009.862    35.3199    35.3267 0.0000e+00
  11464.543     275150   1020.000     7.3495     7.3573   3.635669   3.636898   48.94748  -16.47355     4.6561     4.6912   1008.875    35.3217    35.3272 0.0000e+00
  11465.550     275174   1019.000     7.3534     7.3593   3.636051   3.637060   48.94748  -16.47355     4.6548     4.6939   1007.889    35.3224    35.3274 0.0000e+00
  11466.578     275199   1018.000     7.3561     7.3614   3.636306   3.637199   48.94748  -16.47355     4.6544     4.6936   1006.902    35.3229    35.3272 0.0000e+00
  11467.638     275224   1017.000     7.3586     7.3649   3.636493   3.637435   48.94748  -16.47354     4.6530     4.6909   1005.915    35.3228    35.3267 0.0000e+00
  11468.764     275251   1016.000     7.3611     7.3691   3.636698   3.637808   48.94748  -16.47354     4.6515     4.6879   1004.928    35.3230    35.3270 0.0000e+00
  11470.009     275281   1015.000     7.3624     7.3748   3.636849   3.638276   48.94748  -16.47354     4.6502     4.6854   1003.942    35.3238    35.3268 0.0000e+00
  11471.436     275315   1014.000     7.3616     7.3819   3.636843   3.638972   48.94748  -16.47354     4.6489     4.6845   1002.955    35.3250    35.3276 0.0000e+00
  11473.171     275357   1013.000     7.3510     7.3855   3.636085   3.639487   48.94748  -16.47355     4.6508     4.6844   1001.968    35.3280    35.3300 0.0000e+00
  11475.477     275412   1012.000     7.3342     7.3758   3.634364   3.638970   48.94748  -16.47355     4.6565     4.6837   1000.982    35.3267    35.3346 0.0000e+00
  11548.660     277169   1011.000     7.3830     7.4005   3.639019   3.641067   48.94749  -16.47358     4.6365     4.6786    999.995    35.3284    35.3329 0.0000e+00
  11563.531     277526   1010.000     7.3974     7.4075   3.640161   3.641649   48.94749  -16.47358     4.6308     4.6751    999.008    35.3267    35.3326 0.0000e+00
  11565.191     277566   1009.000     7.4040     7.4089   3.640817   3.641771   48.94750  -16.47359     4.6325     4.6722    998.021    35.3275    35.3329 0.0000e+00
  11566.674     277601   1008.000     7.4067     7.4092   3.641095   3.641751   48.94750  -16.47360     4.6318     4.6747    997.035    35.3283    35.3329 0.0000e+00
  11568.003     277633   1007.000     7.4080     7.4103   3.641191   3.641762   48.94750  -16.47360     4.6294     4.6748    996.048    35.3285    35.3324 0.0000e+00
  11569.170     277661   1006.000     7.4094     7.4133   3.641243   3.641928   48.94750  -16.47360     4.6274     4.6733    995.061    35.3282    35.3316 0.0000e+00
  11570.233     277687   1005.000     7.4120     7.4189   3.641386   3.642315   48.94750  -16.47359     4.6266     4.6727    994.074    35.3276    35.3306 0.0000e+00
  11571.241     277711   1004.000     7.4164     7.4264   3.641693   3.642968   48.94750  -16.47359     4.6263     4.6716    993.088    35.3269    35.3306 0.0000e+00
  11572.229     277734   1003.000     7.4227     7.4329   3.642204   3.643640   48.94750  -16.47358     4.6270     4.6684    992.101    35.3265    35.3317 0.0000e+00
  11573.203     277758   1002.000     7.4292     7.4377   3.642831   3.644121   48.94750  -16.47358     4.6275     4.6651    991.114    35.3272    35.3325 0.0000e+00
  11574.162     277781   1001.000     7.4342     7.4436   3.643343   3.644575   48.94750  -16.47358     4.6269     4.6627    990.127    35.3281    35.3320 0.0000e+00
  11575.117     277804   1000.000     7.4395     7.4506   3.643790   3.645200   48.94750  -16.47358     4.6260     4.6622    989.141    35.3281    35.3322 0.0000e+00
  11576.085     277827    999.000     7.4453     7.4565   3.644310   3.645815   48.94750  -16.47358     4.6249     4.6612    988.154    35.3284    35.3333 0.0000e+00
  11577.078     277851    998.000     7.4508     7.4605   3.644836   3.646243   48.94750  -16.47358     4.6227     4.6584    987.167    35.3290    35.3344 0.0000e+00
  11578.084     277875    997.000     7.4554     7.4635   3.645286   3.646435   48.94750  -16.47358     4.6205     4.6551    986.180    35.3297    35.3339 0.0000e+00
  11579.085     277899    996.000     7.4592     7.4683   3.645601   3.646714   48.94750  -16.47358     4.6182     4.6535    985.193    35.3297    35.3326 0.0000e+00
  11580.071     277923    995.000     7.4634     7.4753   3.645882   3.647215   48.94750  -16.47359     4.6152     4.6533    984.207    35.3290    35.3314 0.0000e+00
  11581.046     277946    994.000     7.4690     7.4827   3.646267   3.647889   48.94750  -16.47360     4.6136     4.6522    983.220    35.3280    35.3316 0.0000e+00
  11582.017     277969    993.000     7.4753     7.4872   3.646788   3.648401   48.94750  -16.47360     4.6124     4.6502    982.233    35.3277    35.3332 0.0000e+00
  11582.986     277993    992.000     7.4807     7.4881   3.647295   3.648564   48.94750  -16.47360     4.6097     4.6464    981.246    35.3282    35.3344 0.0000e+00
  11583.957     278016    991.000     7.4842     7.4867   3.647677   3.648390   48.94750  -16.47360     4.6069     4.6419    980.259    35.3292    35.3344 0.0000e+00
  11584.936     278039    990.000     7.4852     7.4858   3.647791   3.648135   48.94750  -16.47359     4.6051     4.6391    979.272    35.3300    35.3331 0.0000e+00
  11585.934     278063    989.000     7.4851     7.4870   3.647711   3.648081   48.94750  -16.47358     4.6037     4.6392    978.286    35.3297    35.3317 0.0000e+00
  11586.944     278088    988.000     7.4853     7.4876   3.647602   3.648126   48.94750  -16.47358     4.6032     4.6416    977.299    35.3288    35.3321 0.0000e+00
  11587.942     278112    987.000     7.4861     7.4855   3.647573   3.647941   48.94750  -16.47358     4.6025     4.6449    976.312    35.3281    35.3327 0.0000e+00
  11588.914     278135    986.000     7.4855     7.4795   3.647503   3.647363   48.94750  -16.47358     4.6012     4.6481    975.325    35.3284    35.3329 0.0000e+00
  11589.875     278158    985.000     7.4823     7.4712   3.647186   3.646387   48.94750  -16.47358     4.6012     4.6494    974.338    35.3287    35.3312 0.0000e+00
  11590.849     278181    984.000     7.4767     7.4631   3.646559   3.645329   48.94750  -16.47358     4.6019     4.6490    973.351    35.3280    35.3284 0.0000e+00
  11591.844     278205    983.000     7.4688     7.4554   3.645669   3.644363   48.94750  -16.47358     4.6035     4.6495    972.365    35.3268    35.3262 0.0000e+00
  11592.842     278229    982.000     7.4585     7.4451   3.644518   3.643308   48.94750  -16.47358     4.6065     4.6527    971.378    35.3252    35.3256 0.0000e+00
  11593.823     278253    981.000     7.4463     7.4294   3.643148   3.641700   48.94750  -16.47358     4.6096     4.6531    970.391    35.3232    35.3246 0.0000e+00
  11594.789     278276    980.000     7.4334     7.4173   3.641628   3.639853   48.94750  -16.47358     4.6109     4.6528    969.404    35.3202    35.3172 0.0000e+00
  11595.763     278299    979.000     7.4232     7.4197   3.640168   3.639282   48.94750  -16.47358     4.6109     4.6552    968.417    35.3152    35.3091 0.0000e+00
