Data_example/SBE_Data_Processed/JC231/SeaBird/Data/Processed/JC231_CTD_005c.ros
* Sea-Bird SBE 9 Data File:
* FileName = C:\Users\sandm\Documents\Cruises\JC231\CTD Data\CTD Raw Data\JC231_CTD_005.hex
* Software Version Seasave V 7.26.7.121
* Temperature SN = 5700
* Conductivity SN = 2164
* Number of Bytes Per Scan = 41
* Number of Voltage Words = 4
* Number of Scans Averaged by the Deck Unit = 1
* NMEA Latitude = 49 00.32 N
* NMEA Longitude = 016 30.09 W
* NMEA UTC (Time) = May 08 2022  12:24:49
* NMEA baud rate = 9600
** Ship: RRS James Cook
** Cruise: JC231
** Cast: 005
** Event:
** Station:
** Julian Day: 128
** Time (GMT): 12:25
** Latitude: 49 0.322' N
** Longitude: 16 30.094' W
** Depth (uncorrected m): 4802m
** Principal Scientist: Dr Susan Hartman
** Operator:  TP / DXC
# nquan = 13
# nvalues = 1029                                  
# units = specified
# name 0 = timeS: Time, Elapsed [seconds]
# name 1 = scan: Scan Count
# name 2 = prDM: Pressure, Digiquartz [db]
# name 3 = t090C: Temperature [ITS-90, deg C]
# name 4 = t190C: Temperature, 2 [ITS-90, deg C]
# name 5 = c0S/m: Conductivity [S/m]
# name 6 = c1S/m: Conductivity, 2 [S/m]
# name 7 = latitude: Latitude [deg]
# name 8 = longitude: Longitude [deg]
# name 9 = sbeox0ML/L: Oxygen, SBE 43 [ml/l]
# name 10 = sbeox1ML/L: Oxygen, SBE 43, 2 [ml/l]
# name 11 = nbf: Bottles Fired
# name 12 = flag:  0.000e+00
# interval = seconds: 0.0416667
# start_time = May 08 2022 12:24:50 [System UTC, first data scan.]
# bad_flag = -9.990e-29
*END*
[from data line 556]
  10395.125     249484   1774.169     3.8159     3.8170   3.309111   3.309603   49.00508  -16.50182     6.0490     6.1674         12  0.000e+00
  10395.167     249485   1774.471     3.8161     3.8172   3.309111   3.309591   49.00508  -16.50182     6.0435     6.1670         12  0.000e+00
  10395.208     249486   1774.169     3.8161     3.8169   3.309111   3.309603   49.00508  -16.50182     6.0493     6.1661         12  0.000e+00
  10395.250     249487   1774.265     3.8162     3.8172   3.309092   3.309590   49.00508  -16.50182     6.0435     6.1592         12  0.000e+00
  10395.292     249488   1774.169     3.8159     3.8170   3.309062   3.309603   49.00508  -16.50182     6.0428     6.1585         12  0.000e+00
  10395.333     249489   1774.375     3.8162     3.8171   3.309074   3.309591   49.00508  -16.50182     6.0438     6.1641         12  0.000e+00
  10395.375     249490   1774.265     3.8159     3.8170   3.309080   3.309584   49.00508  -16.50182     6.0366     6.1644         12  0.000e+00
  10395.417     249491   1774.265     3.8162     3.8170   3.309123   3.309560   49.00508  -16.50182     6.0412     6.1648         12  0.000e+00
  10395.458     249492   1774.169     3.8159     3.8172   3.309141   3.309621   49.00508  -16.50182     6.0406     6.1651         12  0.000e+00
  10395.500     249493   1774.169     3.8159     3.8172   3.309117   3.309596   49.00508  -16.50182     6.0401     6.1655         12  0.000e+00
  10395.542     249494   1774.375     3.8161     3.8169   3.309111   3.309603   49.00508  -16.50182     6.0412     6.1661         12  0.000e+00
  10395.583     249495   1774.266     3.8158     3.8171   3.309086   3.309615   49.00508  -16.50182     6.0472     6.1653         12  0.000e+00
  10395.625     249496   1774.266     3.8162     3.8170   3.309105   3.309615   49.00508  -16.50182     6.0415     6.1646         12  0.000e+00
  10395.667     249497   1774.060     3.8159     3.8170   3.309068   3.309633   49.00508  -16.50182     6.0423     6.1708         12  0.000e+00
  10395.708     249498   1774.266     3.8162     3.8170   3.309074   3.309645   49.00508  -16.50182     6.0434     6.1650         12  0.000e+00
  10395.750     249499   1774.266     3.8161     3.8171   3.309080   3.309621   49.00508  -16.50182     6.0430     6.1653         12  0.000e+00
  10395.792     249500   1774.348     3.8160     3.8172   3.309080   3.309615   49.00508  -16.50182     6.0492     6.1655         12  0.000e+00
  10395.833     249501   1774.170     3.8161     3.8170   3.309080   3.309615   49.00508  -16.50182     6.0434     6.1656         12  0.000e+00
  10395.875     249502   1774.266     3.8159     3.8174   3.309080   3.309615   49.00508  -16.50182     6.0511     6.1659         12  0.000e+00
  10395.917     249503   1774.266     3.8161     3.8170   3.309105   3.309615   49.00508  -16.50182     6.0519     6.1661         12  0.000e+00
  10395.958     249504   1774.266     3.8160     3.8174   3.309111   3.309615   49.00508  -16.50182     6.0528     6.1663         12  0.000e+00
  10396.000     249505   1774.376     3.8161     3.8172   3.309086   3.309615   49.00508  -16.50182     6.0471     6.1666         12  0.000e+00
  10396.042     249506   1774.170     3.8158     3.8172   3.309080   3.309590   49.00508  -16.50182     6.0479     6.1667         12  0.000e+00
  10396.083     249507   1774.266     3.8161     3.8172   3.309080   3.309603   49.00508  -16.50182     6.0488     6.1670         12  0.000e+00
  10396.125     249508   1774.266     3.8160     3.8170   3.309105   3.309597   49.00508  -16.50182     6.0484     6.1672         12  0.000e+00
  10396.167     249509   1774.266     3.8159     3.8171   3.309086   3.309609   49.00508  -16.50182     6.0479     6.1674         12  0.000e+00
  10396.208     249510   1774.376     3.8159     3.8172   3.309080   3.309615   49.00508  -16.50182     6.0475     6.1677         12  0.000e+00
  10396.250     249511   1774.170     3.8159     3.8172   3.309105   3.309633   49.00508  -16.50182     6.0535     6.1677         12  0.000e+00
  10396.292     249512   1774.376     3.8157     3.8174   3.309092   3.309597   49.00508  -16.50182     6.0545     6.1681         12  0.000e+00
  10396.333     249513   1774.266     3.8159     3.8169   3.309123   3.309603   49.00508  -16.50182     6.0486     6.1672         12  0.000e+00
  10396.375     249514   1774.170     3.8159     3.8172   3.309123   3.309590   49.00508  -16.50182     6.0546     6.1673         12  0.000e+00
  10396.417     249515   1774.472     3.8159     3.8171   3.309086   3.309603   49.00508  -16.50182     6.0490     6.1677         12  0.000e+00
  10733.625     257608   1519.469     4.3227     4.3254   3.348272   3.348908   49.00510  -16.50182     5.8086     5.9102         13  0.000e+00
  10733.667     257609   1519.360     4.3224     4.3256   3.348278   3.348902   49.00510  -16.50182     5.8078     5.9097         13  0.000e+00
  10733.708     257610   1519.264     4.3225     4.3255   3.348272   3.348926   49.00510  -16.50182     5.8021     5.9101         13  0.000e+00
  10733.750     257611   1519.059     4.3222     4.3256   3.348303   3.348939   49.00510  -16.50182     5.8074     5.9095         13  0.000e+00
  10733.792     257612   1519.360     4.3220     4.3256   3.348303   3.348939   49.00510  -16.50182     5.8070     5.9093         13  0.000e+00
  10733.833     257613   1519.264     4.3221     4.3255   3.348309   3.348939   49.00510  -16.50182     5.8061     5.9088         13  0.000e+00
  10733.875     257614   1519.264     4.3224     4.3258   3.348333   3.348939   49.00510  -16.50182     5.7991     5.9084         13  0.000e+00
  10733.917     257615   1519.264     4.3227     4.3256   3.348309   3.348957   49.00510  -16.50182     5.8032     5.9137         13  0.000e+00
  10733.958     257616   1519.155     4.3226     4.3259   3.348309   3.348945   49.00510  -16.50182     5.7961     5.9083         13  0.000e+00
  10734.000     257617   1519.264     4.3230     4.3256   3.348327   3.348957   49.00510  -16.50182     5.8015     5.9080         13  0.000e+00
  10734.042     257618   1519.360     4.3228     4.3256   3.348339   3.348945   49.00510  -16.50182     5.8007     5.9085         13  0.000e+00
  10734.083     257619   1519.264     4.3230     4.3258   3.348358   3.348939   49.00510  -16.50182     5.7997     5.9138         13  0.000e+00
  10734.125     257620   1519.264     4.3233     4.3258   3.348327   3.348939   49.00510  -16.50182     5.7938     5.9085         13  0.000e+00
  10734.167     257621   1519.264     4.3233     4.3258   3.348352   3.348939   49.00510  -16.50182     5.7929     5.9090         13  0.000e+00
  10734.208     257622   1519.360     4.3233     4.3259   3.348327   3.348933   49.00510  -16.50182     5.7922     5.9086         13  0.000e+00
  10734.250     257623   1519.155     4.3235     4.3259   3.348315   3.348957   49.00510  -16.50182     5.7962     5.9080         13  0.000e+00
  10734.292     257624   1519.264     4.3235     4.3256   3.348327   3.348914   49.00510  -16.50182     5.7966     5.9077         13  0.000e+00
  10734.333     257625   1519.264     4.3235     4.3256   3.348339   3.348951   49.00510  -16.50182     5.7970     5.9083         13  0.000e+00
  10734.375     257626   1519.360     4.3238     4.3258   3.348358   3.348945   49.00510  -16.50182     5.7975     5.9079         13  0.000e+00
  10734.417     257627   1519.265     4.3238     4.3258   3.348327   3.348939   49.00510  -16.50182     5.7904     5.9075         13  0.000e+00
  10734.458     257628   1519.360     4.3238     4.3256   3.348327   3.348908   49.00510  -16.50182     5.7897     5.9072         13  0.000e+00
  10734.500     257629   1519.155     4.3240     4.3256   3.348315   3.348951   49.00510  -16.50182     5.7949     5.9066         13  0.000e+00
  10734.542     257630   1519.265     4.3236     4.3256   3.348333   3.348945   49.00510  -16.50182     5.7955     5.9121         13  0.000e+00
  10734.583     257631   1519.265     4.3236     4.3256   3.348382   3.348939   49.00510  -16.50182     5.8020     5.9126         13  0.000e+00
  10734.625     257632   1519.360     4.3238     4.3254   3.348358   3.348939   49.00510  -16.50182     5.7963     5.9132         13  0.000e+00
  10734.667     257633   1519.265     4.3235     4.3258   3.348358   3.348939   49.00510  -16.50182     5.7966     5.9077         13  0.000e+00
  10734.708     257634   1519.265     4.3235     4.3255   3.348327   3.348908   49.00510  -16.50182     5.7957     5.9140         13  0.000e+00
  10734.750     257635   1519.265     4.3234     4.3254   3.348352   3.348926   49.00510  -16.50182     5.7960     5.9144         13  0.000e+00
  10734.792     257636   1519.361     4.3235     4.3258   3.348364   3.348933   49.00510  -16.50182     5.7964     5.9100         13  0.000e+00
  10734.833     257637   1519.059     4.3236     4.3256   3.348315   3.348957   49.00510  -16.50182     5.7952     5.9092         13  0.000e+00
  10734.875     257638   1519.361     4.3234     4.3256   3.348309   3.348945   49.00510  -16.50182     5.7957     5.9090         13  0.000e+00
  10734.917     257639   1519.470     4.3235     4.3254   3.348333   3.348939   49.00510  -16.50182     5.7960     5.9086         13  0.000e+00
  10734.958     257640   1519.155     4.3236     4.3256   3.348333   3.348939   49.00510  -16.50182     5.7960     5.9088         13  0.000e+00
  10735.000     257641   1519.361     4.3237     4.3256   3.348315   3.348908   49.00510  -16.50182     5.7977     5.9085         13  0.000e+00
  10735.042     257642   1519.265     4.3235     4.3254   3.348352   3.348926   49.00510  -16.50182     5.7992     5.9080         13  0.000e+00
  10735.083     257643   1519.265     4.3238     4.3256   3.348345   3.348939   49.00510  -16.50182     5.8008     5.9142         13  0.000e+00
  10735.125     257644   1519.361     4.3237     4.3253   3.348333   3.348908   49.00510  -16.50182     5.8025     5.9158         13  0.000e+00
  10735.167     257645   1519.265     4.3236     4.3254   3.348339   3.348902   49.00510  -16.50182     5.8029     5.9104         13  0.000e+00
  10735.208     257646   1519.265     4.3239     4.3254   3.348364   3.348902   49.00510  -16.50182     5.8033     5.9099         13  0.000e+00
  10735.250     257647   1519.361     4.3235     4.3252   3.348339   3.348926   49.00510  -16.50182     5.8101     5.9095         13  0.000e+00
  10735.292     257648   1519.361     4.3236     4.3256   3.348315   3.348908   49.00510  -16.50182     5.8104     5.9148         13  0.000e+00
  10735.333     257649   1519.265     4.3236     4.3254   3.348327   3.348926   49.00510  -16.50182     5.8057     5.9094         13  0.000e+00
  10735.375     257650   1519.265     4.3237     4.3256   3.348339   3.348933   49.00510  -16.50182     5.8060     5.9146         13  0.000e+00
  10735.417     257651   1519.265     4.3236     4.3255   3.348333   3.348957   49.00510  -16.50182     5.8051     5.9150         13  0.000e+00
  10735.458     257652   1519.265     4.3236     4.3254   3.348339   3.348945   49.00510  -16.50182     5.8053     5.9154         13  0.000e+00
  10735.500     257653   1519.470     4.3237     4.3254   3.348309   3.348939   49.00510  -16.50182     5.8057     5.9110         13  0.000e+00
  10735.542     257654   1519.265     4.3236     4.3256   3.348333   3.348908   49.00510  -16.50182     5.8058     5.9170         13  0.000e+00
  10735.583     257655   1519.265     4.3236     4.3255   3.348364   3.348902   49.00510  -16.50182     5.8122     5.9174         13  0.000e+00
  10735.625     257656   1519.361     4.3234     4.3256   3.348339   3.348951   49.00510  -16.50182     5.8137     5.9186         13  0.000e+00
  11082.792     265988   1264.547     5.1417     5.1406   3.418468   3.418529   49.00510  -16.50186     5.3944     5.4934         14  0.000e+00
  11082.833     265989   1264.642     5.1419     5.1408   3.418407   3.418530   49.00510  -16.50186     5.4007     5.4891         14  0.000e+00
  11082.875     265990   1264.342     5.1417     5.1406   3.418425   3.418578   49.00510  -16.50186     5.4068     5.4892         14  0.000e+00
  11082.917     265991   1264.642     5.1416     5.1408   3.418444   3.418560   49.00510  -16.50186     5.4028     5.4943         14  0.000e+00
  11082.958     265992   1264.437     5.1416     5.1406   3.418437   3.418560   49.00510  -16.50186     5.3962     5.4891         14  0.000e+00
  11083.000     265993   1264.642     5.1416     5.1406   3.418419   3.418585   49.00510  -16.50186     5.4014     5.4942         14  0.000e+00
  11083.042     265994   1264.342     5.1413     5.1404   3.418419   3.418572   49.00510  -16.50186     5.3958     5.4944         14  0.000e+00
  11083.083     265995   1264.670     5.1412     5.1408   3.418431   3.418585   49.00510  -16.50186     5.4021     5.4949         14  0.000e+00
  11083.125     265996   1264.547     5.1414     5.1404   3.418419   3.418597   49.00510  -16.50186     5.4034     5.4961         14  0.000e+00
  11083.167     265997   1264.437     5.1412     5.1404   3.418407   3.418615   49.00510  -16.50186     5.4036     5.4964         14  0.000e+00
  11083.208     265998   1264.642     5.1416     5.1406   3.418413   3.418603   49.00510  -16.50186     5.4040     5.4969         14  0.000e+00
  11083.250     265999   1264.437     5.1417     5.1402   3.418456   3.418597   49.00510  -16.50186     5.3983     5.4918         14  0.000e+00
  11083.292     266000   1264.642     5.1420     5.1409   3.418431   3.418615   49.00510  -16.50186     5.4033     5.4915         14  0.000e+00
  11083.333     266001   1264.547     5.1422     5.1406   3.418437   3.418627   49.00510  -16.50186     5.4034     5.4911         14  0.000e+00
  11083.375     266002   1264.642     5.1423     5.1408   3.418462   3.418627   49.00510  -16.50186     5.4036     5.4963         14  0.000e+00
  11083.417     266003   1264.342     5.1423     5.1408   3.418431   3.418603   49.00510  -16.50186     5.3966     5.4965         14  0.000e+00
  11083.458     266004   1264.751     5.1422     5.1408   3.418431   3.418572   49.00510  -16.50186     5.3959     5.4920         14  0.000e+00
  11083.500     266005   1264.437     5.1422     5.1409   3.418419   3.418585   49.00510  -16.50186     5.4004     5.4968         14  0.000e+00
  11083.542     266006   1264.574     5.1420     5.1406   3.418456   3.418542   49.00510  -16.50186     5.4005     5.4983         14  0.000e+00
  11083.583     266007   1264.547     5.1420     5.1408   3.418450   3.418554   49.00510  -16.50186     5.4016     5.4988         14  0.000e+00
  11083.625     266008   1264.437     5.1422     5.1408   3.418450   3.418566   49.00510  -16.50186     5.4014     5.4939         14  0.000e+00
  11083.667     266009   1264.547     5.1425     5.1408   3.418437   3.418566   49.00510  -16.50186     5.4014     5.4938         14  0.000e+00
  11083.708     266010   1264.547     5.1423     5.1404   3.418419   3.418536   49.00510  -16.50186     5.3956     5.4991         14  0.000e+00
  11083.750     266011   1264.642     5.1423     5.1404   3.418431   3.418603   49.00510  -16.50186     5.3944     5.4997         14  0.000e+00
  11083.792     266012   1264.437     5.1422     5.1404   3.418444   3.418578   49.00510  -16.50186     5.3999     5.4949         14  0.000e+00
  11083.833     266013   1264.547     5.1423     5.1406   3.418400   3.418536   49.00510  -16.50186     5.4010     5.4948         14  0.000e+00
  11083.875     266014   1264.642     5.1420     5.1404   3.418401   3.418554   49.00510  -16.50186     5.4020     5.4948         14  0.000e+00
  11083.917     266015   1264.437     5.1420     5.1406   3.418437   3.418536   49.00510  -16.50186     5.4028     5.4946         14  0.000e+00
  11083.958     266016   1264.437     5.1419     5.1404   3.418437   3.418554   49.00510  -16.50186     5.4038     5.4999         14  0.000e+00
