Data_example/SBE_Data_Processed/JC231/SeaBird/Data/Processed/JC231_CTD_009cfaldb.cnv
* Sea-Bird SBE 9 Data File:
* FileName = C:\Users\sandm\Documents\Cruises\JC231\CTD Data\CTD Raw Data\JC231_CTD_009.hex
* Software Version Seasave V 7.26.7.121
* Temperature SN = 5700
* Conductivity SN = 2164
* Number of Bytes Per Scan = 41
* Number of Voltage Words = 4
* Number of Scans Averaged by the Deck Unit = 1
* NMEA Latitude = 48 58.43 N
* NMEA Longitude = 016 28.09 W
* NMEA UTC (Time) = May 14 2022  16:01:18
* NMEA baud rate = 9600
** Ship: RRS James Cook
** Cruise: JC231
** Cast: 009
** Event:
** Station:
** Julian Day: 134
** Time (GMT): 16:00
** Latitude: 48 58.433 ' N
** Longitude: 16 28.090 ' W
** Depth (uncorrected m): 4804m
** Principal Scientist: Dr Susan Hartman
** Operator:  TP / JG
# nquan = 15
# nvalues = 2023                        
# units = specified
# name 0 = timeS: Time, Elapsed [seconds]
# name 1 = scan: Scan Count
# name 2 = prDM: Pressure, Digiquartz [db]
# name 3 = t090C: Temperature [ITS-90, deg C]
# name 4 = t190C: Temperature, 2 [ITS-90, deg C]
# name 5 = c0S/m: Conductivity [S/m]
# name 6 = c1S/m: Conductivity, 2 [S/m]
# name 7 = latitude: Latitude [deg]
# name 8 = longitude: Longitude [deg]
# name 9 = sbeox0ML/L: Oxygen, SBE 43 [ml/l]
# name 10 = sbeox1ML/L: Oxygen, SBE 43, 2 [ml/l]
# name 11 = depSM: Depth [salt water, m], lat = 48.9738
# name 12 = sal00: Salinity, Practical [PSU]
# name 13 = sal11: Salinity, Practical, 2 [PSU]
# name 14 = flag: flag
# span 0 =    525.247,   3860.660       
# span 1 =      12607,      92657       
# span 2 =      1.000,   1012.000       
# span 3 =     7.5965,    14.8307       
# span 4 =     7.5937,    14.5109       
# span 5 =   3.658738,   4.351259       
# span 6 =   3.658849,   4.375820       
# span 7 =   48.97390,   48.97650       
# span 8 =  -16.46828,  -16.46816       
# span 9 =     4.1769,     6.3658       
# span 10 =     4.2830,     6.0164      
# span 11 =      0.991,   1000.979      
# span 12 =    34.8614,    36.0437      
# span 13 =    34.5540,    36.2832      
# span 14 = 0.0000e+00, 0.0000e+00      
# interval = decibars: 1                
# start_time = May 14 2022 16:01:19 [System UTC, first data scan.]
# bad_flag = -9.990e-29
*END*
[from data line 1061]
   1974.439      47388    962.000     7.8887     7.9004   3.685947   3.687246   48.97476  -16.46826     4.4937     4.4762    951.637    35.3475    35.3498 0.0000e+00
   1975.434      47411    961.000     7.8931     7.9054   3.686218   3.687665   48.97476  -16.46826     4.4914     4.4716    950.650    35.3466    35.3497 0.0000e+00
   1976.423      47435    960.000     7.8981     7.9120   3.686593   3.688114   48.97476  -16.46826     4.4880     4.4684    949.663    35.3459    35.3483 0.0000e+00
   1977.409      47459    959.000     7.9036     7.9212   3.687017   3.688844   48.97476  -16.46826     4.4852     4.4657    948.676    35.3454    35.3473 0.0000e+00
   1978.395      47482    958.000     7.9101     7.9298   3.687509   3.689656   48.97476  -16.46826     4.4828     4.4626    947.689    35.3446    35.3478 0.0000e+00
   1979.377      47506    957.000     7.9176     7.9386   3.688130   3.690432   48.97476  -16.46826     4.4795     4.4590    946.702    35.3442    35.3478 0.0000e+00
   1980.355      47530    956.000     7.9247     7.9486   3.688780   3.691368   48.97476  -16.46826     4.4761     4.4548    945.715    35.3446    35.3483 0.0000e+00
   1981.333      47553    955.000     7.9332     7.9593   3.689455   3.692384   48.97476  -16.46826     4.4744     4.4516    944.728    35.3437    35.3489 0.0000e+00
   1982.312      47576    954.000     7.9441     7.9715   3.690424   3.693506   48.97476  -16.46826     4.4725     4.4486    943.741    35.3436    35.3491 0.0000e+00
   1983.295      47600    953.000     7.9546     7.9880   3.691476   3.694940   48.97476  -16.46826     4.4686     4.4456    942.754    35.3448    35.3483 0.0000e+00
   1984.283      47624    952.000     7.9657     8.0107   3.692505   3.697083   48.97477  -16.46826     4.4639     4.4441    941.767    35.3451    35.3489 0.0000e+00
   1985.273      47648    951.000     7.9813     8.0284   3.693835   3.699295   48.97477  -16.46826     4.4602     4.4411    940.780    35.3442    35.3553 0.0000e+00
   1986.264      47671    950.000     8.0016     8.0374   3.695757   3.700501   48.97478  -16.46826     4.4584     4.4368    939.793    35.3449    35.3596 0.0000e+00
   1987.256      47695    949.000     8.0186     8.0462   3.697766   3.701210   48.97478  -16.46826     4.4552     4.4321    938.806    35.3497    35.3589 0.0000e+00
   1988.247      47719    948.000     8.0310     8.0618   3.699168   3.702475   48.97478  -16.46826     4.4502     4.4267    937.819    35.3527    35.3572 0.0000e+00
   1989.238      47743    947.000     8.0432     8.0832   3.700360   3.704537   48.97478  -16.46826     4.4460     4.4229    936.832    35.3537    35.3582 0.0000e+00
   1990.229      47766    946.000     8.0570     8.1064   3.701686   3.707006   48.97478  -16.46826     4.4424     4.4193    935.845    35.3545    35.3617 0.0000e+00
   1991.216      47790    945.000     8.0740     8.1250   3.703261   3.709277   48.97478  -16.46826     4.4394     4.4133    934.858    35.3548    35.3678 0.0000e+00
   1992.194      47814    944.000     8.0960     8.1375   3.705433   3.710829   48.97478  -16.46826     4.4373     4.4082    933.871    35.3563    35.3723 0.0000e+00
   1993.168      47837    943.000     8.1143     8.1455   3.707610   3.711867   48.97478  -16.46826     4.4343     4.4053    932.884    35.3617    35.3758 0.0000e+00
   1994.148      47861    942.000     8.1280     8.1506   3.709294   3.712476   48.97478  -16.46826     4.4306     4.4031    931.897    35.3664    35.3777 0.0000e+00
   1995.137      47884    941.000     8.1371     8.1539   3.710456   3.712897   48.97478  -16.46826     4.4271     4.4009    930.910    35.3701    35.3793 0.0000e+00
   1996.134      47908    940.000     8.1430     8.1547   3.711204   3.713053   48.97478  -16.46826     4.4237     4.4003    929.923    35.3726    35.3806 0.0000e+00
   1997.134      47932    939.000     8.1471     8.1544   3.711697   3.713014   48.97478  -16.46826     4.4238     4.4033    928.936    35.3742    35.3809 0.0000e+00
   1998.129      47956    938.000     8.1492     8.1529   3.711976   3.712846   48.97478  -16.46826     4.4243     4.4074    927.949    35.3755    35.3811 0.0000e+00
   1999.114      47980    937.000     8.1500     8.1493   3.712055   3.712431   48.97478  -16.46826     4.4235     4.4103    926.962    35.3760    35.3808 0.0000e+00
   2000.093      48003    936.000     8.1493     8.1438   3.711981   3.711708   48.97478  -16.46826     4.4221     4.4115    925.975    35.3765    35.3790 0.0000e+00
   2001.072      48027    935.000     8.1460     8.1366   3.711609   3.710704   48.97478  -16.46826     4.4212     4.4119    924.988    35.3762    35.3760 0.0000e+00
   2002.054      48050    934.000     8.1412     8.1294   3.710923   3.709571   48.97478  -16.46826     4.4210     4.4126    924.001    35.3742    35.3716 0.0000e+00
   2003.037      48074    933.000     8.1350     8.1233   3.710059   3.708602   48.97478  -16.46826     4.4222     4.4129    923.013    35.3717    35.3679 0.0000e+00
   2004.018      48097    932.000     8.1289     8.1203   3.709092   3.707892   48.97478  -16.46826     4.4237     4.4129    922.026    35.3680    35.3638 0.0000e+00
   2004.995      48121    931.000     8.1240     8.1221   3.708275   3.707729   48.97478  -16.46826     4.4250     4.4118    921.039    35.3646    35.3607 0.0000e+00
   2005.974      48144    930.000     8.1212     8.1298   3.707668   3.708179   48.97478  -16.46826     4.4251     4.4101    920.052    35.3614    35.3582 0.0000e+00
   2006.967      48168    929.000     8.1218     8.1415   3.707411   3.709272   48.97479  -16.46826     4.4240     4.4101    919.065    35.3585    35.3587 0.0000e+00
   2007.975      48192    928.000     8.1264     8.1504   3.707602   3.710315   48.97480  -16.46826     4.4233     4.4105    918.078    35.3564    35.3613 0.0000e+00
   2008.984      48217    927.000     8.1355     8.1564   3.708291   3.711013   48.97480  -16.46826     4.4237     4.4088    917.091    35.3551    35.3632 0.0000e+00
   2009.976      48240    926.000     8.1439     8.1604   3.709190   3.711449   48.97480  -16.46826     4.4238     4.4067    916.104    35.3568    35.3643 0.0000e+00
   2010.949      48264    925.000     8.1498     8.1642   3.709869   3.711791   48.97480  -16.46826     4.4222     4.4047    915.117    35.3585    35.3646 0.0000e+00
   2011.921      48287    924.000     8.1541     8.1691   3.710325   3.712150   48.97480  -16.46826     4.4193     4.4023    914.129    35.3595    35.3640 0.0000e+00
   2012.905      48311    923.000     8.1583     8.1774   3.710690   3.712741   48.97480  -16.46826     4.4167     4.4012    913.142    35.3597    35.3624 0.0000e+00
   2013.897      48335    922.000     8.1635     8.1876   3.711095   3.713693   48.97480  -16.46826     4.4150     4.4012    912.155    35.3593    35.3628 0.0000e+00
   2014.888      48358    921.000     8.1707     8.1904   3.711671   3.714311   48.97480  -16.46826     4.4146     4.4002    911.168    35.3586    35.3671 0.0000e+00
   2015.874      48382    920.000     8.1762     8.1811   3.712272   3.713694   48.97480  -16.46826     4.4156     4.3977    910.181    35.3600    35.3702 0.0000e+00
   2016.854      48405    919.000     8.1749     8.1609   3.712353   3.711753   48.97480  -16.46826     4.4156     4.3941    909.194    35.3627    35.3702 0.0000e+00
   2017.829      48429    918.000     8.1648     8.1388   3.711476   3.709047   48.97480  -16.46826     4.4142     4.3940    908.207    35.3639    35.3640 0.0000e+00
   2018.807      48452    917.000     8.1492     8.1184   3.709706   3.706594   48.97480  -16.46826     4.4128     4.3962    907.219    35.3611    35.3587 0.0000e+00
   2019.794      48476    916.000     8.1346     8.0981   3.707836   3.704071   48.97480  -16.46826     4.4136     4.3977    906.232    35.3562    35.3526 0.0000e+00
   2020.786      48500    915.000     8.1177     8.0835   3.705981   3.701942   48.97480  -16.46825     4.4147     4.3997    905.245    35.3539    35.3450 0.0000e+00
   2021.774      48524    914.000     8.0990     8.0744   3.703665   3.700556   48.97480  -16.46824     4.4142     4.4009    904.258    35.3483    35.3398 0.0000e+00
   2022.753      48547    913.000     8.0857     8.0694   3.701751   3.699687   48.97480  -16.46824     4.4136     4.3992    903.271    35.3417    35.3360 0.0000e+00
   2023.729      48570    912.000     8.0774     8.0677   3.700439   3.699285   48.97480  -16.46824     4.4144     4.3977    902.283    35.3365    35.3339 0.0000e+00
   2024.706      48594    911.000     8.0728     8.0677   3.699642   3.699154   48.97480  -16.46825     4.4156     4.3980    901.296    35.3331    35.3330 0.0000e+00
   2025.687      48617    910.000     8.0705     8.0693   3.699212   3.699174   48.97480  -16.46826     4.4152     4.3991    900.309    35.3312    35.3321 0.0000e+00
   2026.677      48641    909.000     8.0696     8.0748   3.698965   3.699517   48.97481  -16.46826     4.4147     4.3989    899.322    35.3299    35.3306 0.0000e+00
   2027.678      48665    908.000     8.0711     8.0874   3.698929   3.700453   48.97482  -16.46826     4.4145     4.3975    898.335    35.3285    35.3284 0.0000e+00
   2028.682      48689    907.000     8.0770     8.1118   3.699258   3.702422   48.97482  -16.46826     4.4132     4.3985    897.347    35.3266    35.3255 0.0000e+00
   2029.677      48713    906.000     8.0903     8.1448   3.700261   3.705725   48.97482  -16.46826     4.4121     4.3995    896.360    35.3244    35.3282 0.0000e+00
   2030.661      48737    905.000     8.1089     8.1678   3.702056   3.708645   48.97482  -16.46825     4.4106     4.3951    895.373    35.3254    35.3367 0.0000e+00
   2031.642      48760    904.000     8.1284     8.1824   3.703996   3.710480   48.97482  -16.46824     4.4082     4.3879    894.386    35.3271    35.3421 0.0000e+00
   2032.620      48784    903.000     8.1475     8.1913   3.706114   3.711627   48.97482  -16.46824     4.4063     4.3815    893.399    35.3310    35.3459 0.0000e+00
   2033.592      48807    902.000     8.1628     8.1976   3.707839   3.712320   48.97482  -16.46824     4.4037     4.3779    892.411    35.3345    35.3474 0.0000e+00
   2034.563      48831    901.000     8.1756     8.2024   3.709288   3.712819   48.97482  -16.46825     4.4004     4.3768    891.424    35.3376    35.3484 0.0000e+00
   2035.539      48854    900.000     8.1845     8.2058   3.710376   3.713101   48.97482  -16.46826     4.3978     4.3758    890.437    35.3407    35.3485 0.0000e+00
   2036.524      48878    899.000     8.1920     8.2102   3.711140   3.713380   48.97482  -16.46826     4.3960     4.3748    889.450    35.3419    35.3475 0.0000e+00
   2037.519      48901    898.000     8.1986     8.2170   3.711783   3.713890   48.97482  -16.46826     4.3945     4.3746    888.462    35.3426    35.3465 0.0000e+00
   2038.518      48925    897.000     8.2051     8.2240   3.712347   3.714522   48.97482  -16.46826     4.3928     4.3753    887.475    35.3426    35.3468 0.0000e+00
   2039.520      48949    896.000     8.2120     8.2301   3.712933   3.715118   48.97482  -16.46825     4.3910     4.3748    886.488    35.3424    35.3474 0.0000e+00
   2040.518      48973    895.000     8.2189     8.2334   3.713555   3.715505   48.97482  -16.46825     4.3895     4.3717    885.501    35.3425    35.3488 0.0000e+00
   2041.498      48997    894.000     8.2243     8.2329   3.714100   3.715428   48.97482  -16.46824     4.3880     4.3678    884.513    35.3433    35.3489 0.0000e+00
   2042.463      49020    893.000     8.2271     8.2325   3.714395   3.715085   48.97482  -16.46825     4.3863     4.3660    883.526    35.3442    35.3461 0.0000e+00
   2043.432      49043    892.000     8.2281     8.2350   3.714393   3.715014   48.97482  -16.46825     4.3853     4.3654    882.539    35.3436    35.3433 0.0000e+00
   2044.417      49067    891.000     8.2291     8.2403   3.714309   3.715301   48.97483  -16.46826     4.3851     4.3645    881.551    35.3422    35.3415 0.0000e+00
   2045.416      49091    890.000     8.2315     8.2472   3.714315   3.715816   48.97484  -16.46825     4.3841     4.3611    880.564    35.3403    35.3406 0.0000e+00
   2046.419      49115    889.000     8.2360     8.2547   3.714506   3.716425   48.97484  -16.46825     4.3819     4.3582    879.577    35.3383    35.3400 0.0000e+00
   2047.416      49139    888.000     8.2422     8.2611   3.714922   3.717057   48.97484  -16.46824     4.3801     4.3587    878.590    35.3370    35.3408 0.0000e+00
   2048.411      49163    887.000     8.2484     8.2651   3.715434   3.717487   48.97484  -16.46824     4.3785     4.3598    877.602    35.3367    35.3418 0.0000e+00
   2049.403      49187    886.000     8.2537     8.2681   3.715902   3.717754   48.97484  -16.46825     4.3759     4.3606    876.615    35.3369    35.3421 0.0000e+00
   2050.395      49210    885.000     8.2585     8.2722   3.716328   3.718040   48.97484  -16.46825     4.3743     4.3608    875.628    35.3371    35.3415 0.0000e+00
   2051.384      49234    884.000     8.2630     8.2770   3.716705   3.718437   48.97484  -16.46826     4.3745     4.3599    874.640    35.3371    35.3414 0.0000e+00
   2052.362      49258    883.000     8.2679     8.2812   3.717095   3.718789   48.97484  -16.46826     4.3748     4.3574    873.653    35.3368    35.3415 0.0000e+00
   2053.327      49281    882.000     8.2730     8.2851   3.717522   3.719091   48.97484  -16.46826     4.3745     4.3543    872.666    35.3366    35.3413 0.0000e+00
   2054.295      49304    881.000     8.2772     8.2884   3.717912   3.719342   48.97484  -16.46825     4.3736     4.3522    871.678    35.3370    35.3411 0.0000e+00
   2055.283      49328    880.000     8.2804     8.2913   3.718191   3.719559   48.97484  -16.46825     4.3724     4.3515    870.691    35.3373    35.3409 0.0000e+00
   2056.293      49352    879.000     8.2831     8.2938   3.718384   3.719739   48.97484  -16.46824     4.3706     4.3508    869.704    35.3371    35.3408 0.0000e+00
   2057.302      49376    878.000     8.2866     8.2961   3.718603   3.719884   48.97484  -16.46824     4.3698     4.3506    868.716    35.3364    35.3405 0.0000e+00
   2058.291      49400    877.000     8.2902     8.2985   3.718863   3.720011   48.97484  -16.46825     4.3704     4.3499    867.729    35.3360    35.3400 0.0000e+00
   2059.259      49423    876.000     8.2931     8.3003   3.719083   3.720091   48.97484  -16.46825     4.3710     4.3489    866.742    35.3359    35.3394 0.0000e+00
   2060.229      49446    875.000     8.2951     8.3022   3.719219   3.720131   48.97484  -16.46826     4.3713     4.3487    865.754    35.3358    35.3384 0.0000e+00
   2061.219      49470    874.000     8.2966     8.3057   3.719284   3.720242   48.97484  -16.46826     4.3706     4.3488    864.767    35.3355    35.3366 0.0000e+00
   2062.228      49494    873.000     8.2989     8.3118   3.719349   3.720602   48.97484  -16.46825     4.3690     4.3470    863.779    35.3344    35.3347 0.0000e+00
   2063.229      49519    872.000     8.3029     8.3217   3.719520   3.721368   48.97484  -16.46825     4.3673     4.3441    862.792    35.3326    35.3335 0.0000e+00
   2064.214      49542    871.000     8.3090     8.3344   3.719907   3.722561   48.97484  -16.46824     4.3653     4.3427    861.805    35.3311    35.3339 0.0000e+00
   2065.192      49566    870.000     8.3179     8.3484   3.720593   3.723920   48.97484  -16.46824     4.3647     4.3414    860.817    35.3300    35.3349 0.0000e+00
   2066.178      49589    869.000     8.3297     8.3660   3.721638   3.725565   48.97484  -16.46824     4.3635     4.3389    859.830    35.3297    35.3352 0.0000e+00
   2067.170      49613    868.000     8.3433     8.3867   3.722943   3.727640   48.97484  -16.46825     4.3612     4.3366    858.843    35.3305    35.3370 0.0000e+00
