Data_example/SBE_Data_Processed/JC231/SeaBird/Data/Processed/JC231_CTD_006c.ros
* Sea-Bird SBE 9 Data File:
* FileName = C:\Users\sandm\Documents\Cruises\JC231\CTD Data\CTD Raw Data\JC231_CTD_006.hex
* Software Version Seasave V 7.26.7.121
* Temperature SN = 5700
* Conductivity SN = 2164
* Number of Bytes Per Scan = 41
* Number of Voltage Words = 4
* Number of Scans Averaged by the Deck Unit = 1
* NMEA Latitude = 48 59.89 N
* NMEA Longitude = 016 27.00 W
* NMEA UTC (Time) = May 10 2022  15:27:45
* NMEA baud rate = 9600
** Ship: RRS James Cook
** Cruise: JC231
** Cast: 006
** Event:
** Station:
** Julian Day: 130
** Time (GMT): 15:30
** Latitude: 48 59.892' N
** Longitude: 16 27.004' W
** Depth (uncorrected m): 4806m
** Principal Scientist: Dr Susan Hartman
** Operator:  TP / JG
# nquan = 13
# nvalues = 1029                                  
# units = specified
# name 0 = timeS: Time, Elapsed [seconds]
# name 1 = scan: Scan Count
# name 2 = prDM: Pressure, Digiquartz [db]
# name 3 = t090C: Temperature [ITS-90, deg C]
# name 4 = t190C: Temperature, 2 [ITS-90, deg C]
# name 5 = c0S/m: Conductivity [S/m]
# name 6 = c1S/m: Conductivity, 2 [S/m]
# name 7 = latitude: Latitude [deg]
# name 8 = longitude: Longitude [deg]
# name 9 = sbeox0ML/L: Oxygen, SBE 43 [ml/l]
# name 10 = sbeox1ML/L: Oxygen, SBE 43, 2 [ml/l]
# name 11 = nbf: Bottles Fired
# name 12 = flag:  0.000e+00
# interval = seconds: 0.0416667
# start_time = May 10 2022 15:27:47 [System UTC, first data scan.]
# bad_flag = -9.990e-29
*END*
[from data line 445]
   5418.417     130043    254.335    11.5688    11.5748   4.020126   4.021241   48.99796  -16.45530     5.4246     5.5033         10  0.000e+00
   5418.458     130044    254.241    11.5690    11.5749   4.020165   4.021241   48.99796  -16.45530     5.4211     5.5039         10  0.000e+00
   5418.500     130045    254.038    11.5690    11.5746   4.020179   4.021214   48.99796  -16.45530     5.4201     5.5045         10  0.000e+00
   5418.542     130046    254.254    11.5692    11.5745   4.020119   4.021182   48.99796  -16.45530     5.4193     5.5054         10  0.000e+00
   5418.583     130047    254.241    11.5693    11.5742   4.020126   4.021195   48.99796  -16.45530     5.4150     5.5024         10  0.000e+00
   5418.625     130048    254.241    11.5690    11.5741   4.020087   4.021156   48.99796  -16.45530     5.4143     5.5065         10  0.000e+00
   5418.667     130049    254.133    11.5688    11.5741   4.020073   4.021143   48.99796  -16.45530     5.4135     5.5068         10  0.000e+00
   5418.708     130050    254.133    11.5686    11.5738   4.020093   4.021162   48.99796  -16.45530     5.4129     5.5075         10  0.000e+00
   5418.750     130051    254.241    11.5688    11.5738   4.020047   4.021169   48.99796  -16.45530     5.4158     5.5083         10  0.000e+00
   5418.792     130052    254.241    11.5685    11.5739   4.020087   4.021169   48.99796  -16.45530     5.4152     5.5090         10  0.000e+00
   5418.833     130053    254.241    11.5688    11.5741   4.020106   4.021169   48.99796  -16.45530     5.4146     5.5094         10  0.000e+00
   5418.875     130054    254.133    11.5688    11.5742   4.020106   4.021221   48.99796  -16.45530     5.4105     5.5096         10  0.000e+00
   5418.917     130055    254.133    11.5690    11.5748   4.020126   4.021299   48.99796  -16.45530     5.4100     5.5098         10  0.000e+00
   5418.958     130056    254.146    11.5690    11.5753   4.020139   4.021338   48.99796  -16.45530     5.4096     5.5101         10  0.000e+00
   5419.000     130057    254.241    11.5690    11.5758   4.020165   4.021404   48.99796  -16.45530     5.4093     5.5103         10  0.000e+00
   5419.042     130058    254.133    11.5692    11.5764   4.020146   4.021443   48.99796  -16.45530     5.4089     5.5105         10  0.000e+00
   5419.083     130059    254.241    11.5693    11.5765   4.020165   4.021456   48.99796  -16.45530     5.4048     5.5108         10  0.000e+00
   5419.125     130060    254.133    11.5692    11.5768   4.020146   4.021423   48.99796  -16.45530     5.4080     5.5109         10  0.000e+00
   5419.167     130061    254.133    11.5690    11.5770   4.020165   4.021417   48.99796  -16.45530     5.4040     5.5070         10  0.000e+00
   5419.208     130062    254.133    11.5688    11.5767   4.020100   4.021397   48.99796  -16.45530     5.4036     5.5069         10  0.000e+00
   5419.250     130063    254.133    11.5688    11.5767   4.020119   4.021384   48.99796  -16.45530     5.4036     5.5105         10  0.000e+00
   5419.292     130064    254.241    11.5690    11.5765   4.020087   4.021410   48.99796  -16.45530     5.4073     5.5108         10  0.000e+00
   5419.333     130065    254.146    11.5686    11.5767   4.020093   4.021469   48.99796  -16.45530     5.4036     5.5071         10  0.000e+00
   5419.375     130066    254.336    11.5683    11.5765   4.020047   4.021547   48.99796  -16.45530     5.4080     5.5108         10  0.000e+00
   5419.417     130067    254.133    11.5685    11.5765   4.020034   4.021586   48.99796  -16.45530     5.4043     5.5108         10  0.000e+00
   5419.458     130068    254.133    11.5685    11.5766   4.020034   4.021573   48.99796  -16.45530     5.4043     5.5072         10  0.000e+00
   5419.500     130069    254.133    11.5682    11.5770   4.020034   4.021534   48.99796  -16.45530     5.4048     5.5070         10  0.000e+00
   5419.542     130070    254.133    11.5683    11.5777   4.020034   4.021586   48.99796  -16.45530     5.4089     5.5063         10  0.000e+00
   5419.583     130071    254.133    11.5685    11.5782   4.020060   4.021756   48.99796  -16.45530     5.4096     5.5056         10  0.000e+00
   5419.625     130072    254.241    11.5690    11.5789   4.020073   4.021808   48.99796  -16.45530     5.4099     5.5050         10  0.000e+00
   5419.667     130073    254.241    11.5688    11.5792   4.020073   4.021834   48.99796  -16.45530     5.4102     5.5043         10  0.000e+00
   5419.708     130074    254.133    11.5690    11.5791   4.020073   4.021873   48.99796  -16.45530     5.4070     5.4999         10  0.000e+00
   5419.750     130075    254.147    11.5688    11.5794   4.020093   4.021827   48.99796  -16.45530     5.4035     5.5030         10  0.000e+00
   5419.792     130076    254.133    11.5688    11.5798   4.020080   4.021788   48.99796  -16.45530     5.4110     5.5023         10  0.000e+00
   5419.833     130077    254.336    11.5686    11.5798   4.020041   4.021743   48.99796  -16.45530     5.4117     5.5022         10  0.000e+00
   5419.875     130078    254.133    11.5685    11.5798   4.020034   4.021690   48.99796  -16.45530     5.4082     5.5018         10  0.000e+00
   5419.917     130079    254.133    11.5686    11.5792   4.020086   4.021697   48.99796  -16.45530     5.4118     5.4978         10  0.000e+00
   5419.958     130080    254.241    11.5688    11.5791   4.020106   4.021704   48.99796  -16.45530     5.4125     5.5010         10  0.000e+00
   5420.000     130081    254.241    11.5688    11.5791   4.020106   4.021762   48.99796  -16.45530     5.4088     5.4966         10  0.000e+00
   5420.042     130082    254.039    11.5688    11.5789   4.020106   4.021743   48.99796  -16.45530     5.4050     5.4959         10  0.000e+00
   5420.083     130083    254.336    11.5688    11.5789   4.020106   4.021736   48.99796  -16.45530     5.4090     5.4992         10  0.000e+00
   5420.125     130084    254.147    11.5688    11.5784   4.020126   4.021710   48.99796  -16.45530     5.4132     5.4989         10  0.000e+00
   5420.167     130085    254.241    11.5692    11.5779   4.020165   4.021651   48.99796  -16.45530     5.4103     5.4988         10  0.000e+00
   5420.208     130086    254.133    11.5692    11.5777   4.020198   4.021632   48.99796  -16.45530     5.4151     5.4984         10  0.000e+00
   5420.250     130087    254.133    11.5693    11.5774   4.020152   4.021632   48.99796  -16.45530     5.4162     5.4945         10  0.000e+00
   5800.375     139210    152.937    11.9500    11.9511   4.056558   4.057077   48.99794  -16.45606     5.5103     5.5653         11  0.000e+00
   5800.417     139211    152.897    11.9500    11.9512   4.056591   4.057090   48.99794  -16.45606     5.5102     5.5686         11  0.000e+00
   5800.458     139212    152.802    11.9499    11.9512   4.056604   4.057097   48.99794  -16.45606     5.5101     5.5685         11  0.000e+00
   5800.500     139213    152.843    11.9500    11.9512   4.056551   4.057077   48.99794  -16.45606     5.5105     5.5646         11  0.000e+00
   5800.542     139214    152.897    11.9502    11.9511   4.056584   4.057090   48.99794  -16.45606     5.5105     5.5680         11  0.000e+00
   5800.583     139215    152.802    11.9499    11.9512   4.056604   4.057097   48.99794  -16.45606     5.5105     5.5681         11  0.000e+00
   5800.625     139216    152.735    11.9500    11.9511   4.056584   4.057097   48.99794  -16.45606     5.5105     5.5683         11  0.000e+00
   5800.667     139217    152.897    11.9502    11.9511   4.056598   4.057123   48.99794  -16.45606     5.5111     5.5687         11  0.000e+00
   5800.708     139218    152.991    11.9502    11.9512   4.056604   4.057103   48.99794  -16.45606     5.5117     5.5691         11  0.000e+00
   5800.750     139219    152.735    11.9502    11.9512   4.056584   4.057097   48.99794  -16.45606     5.5117     5.5693         11  0.000e+00
   5800.792     139220    152.802    11.9502    11.9514   4.056565   4.057103   48.99794  -16.45606     5.5119     5.5698         11  0.000e+00
   5800.833     139221    152.897    11.9500    11.9511   4.056565   4.057097   48.99794  -16.45606     5.5121     5.5704         11  0.000e+00
   5800.875     139222    152.843    11.9499    11.9512   4.056598   4.057077   48.99794  -16.45606     5.5157     5.5746         11  0.000e+00
   5800.917     139223    152.694    11.9499    11.9511   4.056604   4.057116   48.99794  -16.45606     5.5123     5.5717         11  0.000e+00
   5800.958     139224    152.992    11.9500    11.9511   4.056571   4.057103   48.99794  -16.45606     5.5127     5.5763         11  0.000e+00
   5801.000     139225    152.843    11.9502    11.9512   4.056591   4.057097   48.99794  -16.45606     5.5123     5.5772         11  0.000e+00
   5801.042     139226    152.694    11.9500    11.9512   4.056584   4.057096   48.99794  -16.45606     5.5163     5.5782         11  0.000e+00
   5801.083     139227    152.897    11.9500    11.9512   4.056565   4.057097   48.99794  -16.45606     5.5133     5.5794         11  0.000e+00
   5801.125     139228    152.843    11.9500    11.9511   4.056565   4.057103   48.99794  -16.45606     5.5173     5.5802         11  0.000e+00
   5801.167     139229    152.897    11.9502    11.9511   4.056571   4.057097   48.99794  -16.45606     5.5142     5.5815         11  0.000e+00
   5801.208     139230    152.897    11.9500    11.9511   4.056565   4.057097   48.99794  -16.45606     5.5144     5.5827         11  0.000e+00
   5801.250     139231    152.735    11.9499    11.9511   4.056565   4.057103   48.99794  -16.45606     5.5141     5.5835         11  0.000e+00
   5801.292     139232    152.803    11.9500    11.9511   4.056571   4.057097   48.99794  -16.45606     5.5106     5.5845         11  0.000e+00
   5801.333     139233    152.803    11.9499    11.9511   4.056565   4.057097   48.99794  -16.45606     5.5143     5.5855         11  0.000e+00
   5801.375     139234    152.843    11.9497    11.9512   4.056565   4.057103   48.99794  -16.45606     5.5146     5.5862         11  0.000e+00
   5801.417     139235    152.803    11.9497    11.9511   4.056538   4.057097   48.99794  -16.45606     5.5145     5.5872         11  0.000e+00
   5801.458     139236    152.803    11.9497    11.9511   4.056565   4.057097   48.99794  -16.45606     5.5143     5.5879         11  0.000e+00
   5801.500     139237    152.938    11.9499    11.9511   4.056565   4.057123   48.99794  -16.45606     5.5143     5.5887         11  0.000e+00
   5801.542     139238    152.803    11.9499    11.9512   4.056485   4.057136   48.99794  -16.45606     5.5102     5.5893         11  0.000e+00
   5801.583     139239    152.803    11.9500    11.9509   4.056492   4.057110   48.99794  -16.45606     5.5135     5.5901         11  0.000e+00
   5801.625     139240    152.897    11.9497    11.9512   4.056499   4.057097   48.99794  -16.45606     5.5135     5.5909         11  0.000e+00
   5801.667     139241    152.735    11.9495    11.9512   4.056499   4.057097   48.99794  -16.45606     5.5133     5.5878         11  0.000e+00
   5801.708     139242    152.898    11.9496    11.9512   4.056525   4.057123   48.99794  -16.45606     5.5133     5.5881         11  0.000e+00
   5801.750     139243    152.898    11.9494    11.9512   4.056505   4.057136   48.99794  -16.45606     5.5132     5.5918         11  0.000e+00
   5801.792     139244    152.844    11.9491    11.9512   4.056466   4.057110   48.99794  -16.45606     5.5169     5.5886         11  0.000e+00
   5801.833     139245    152.695    11.9492    11.9514   4.056512   4.057155   48.99794  -16.45606     5.5171     5.5883         11  0.000e+00
   5801.875     139246    152.803    11.9495    11.9512   4.056532   4.057116   48.99794  -16.45606     5.5179     5.5882         11  0.000e+00
   5801.917     139247    152.736    11.9492    11.9512   4.056532   4.057097   48.99794  -16.45606     5.5220     5.5916         11  0.000e+00
   5801.958     139248    152.898    11.9494    11.9511   4.056532   4.057155   48.99794  -16.45608     5.5271     5.5881         11  0.000e+00
   5802.000     139249    152.803    11.9497    11.9512   4.056479   4.057116   48.99794  -16.45608     5.5243     5.5878         11  0.000e+00
   5802.042     139250    152.844    11.9494    11.9513   4.056512   4.057097   48.99794  -16.45608     5.5255     5.5876         11  0.000e+00
   5802.083     139251    152.803    11.9495    11.9512   4.056505   4.057103   48.99794  -16.45608     5.5261     5.5874         11  0.000e+00
   5802.125     139252    152.898    11.9494    11.9512   4.056499   4.057070   48.99794  -16.45608     5.5272     5.5873         11  0.000e+00
   5802.167     139253    152.736    11.9491    11.9512   4.056499   4.057090   48.99794  -16.45608     5.5238     5.5906         11  0.000e+00
   5802.208     139254    152.803    11.9492    11.9512   4.056466   4.057097   48.99794  -16.45608     5.5240     5.5867         11  0.000e+00
   5802.250     139255    152.803    11.9492    11.9512   4.056485   4.057123   48.99794  -16.45608     5.5245     5.5864         11  0.000e+00
   5802.292     139256    152.736    11.9494    11.9512   4.056446   4.057110   48.99794  -16.45608     5.5245     5.5895         11  0.000e+00
   5802.333     139257    152.898    11.9491    11.9512   4.056452   4.057123   48.99794  -16.45608     5.5247     5.5896         11  0.000e+00
   5802.375     139258    152.695    11.9491    11.9511   4.056485   4.057110   48.99794  -16.45608     5.5246     5.5932         11  0.000e+00
   5817.625     139624    153.001    11.9497    11.9514   4.056532   4.057123   48.99796  -16.45610     5.5357     5.6073         12  0.000e+00
   5817.667     139625    152.812    11.9497    11.9514   4.056505   4.057136   48.99796  -16.45610     5.5358     5.6070         12  0.000e+00
   5817.708     139626    152.745    11.9499    11.9512   4.056545   4.057136   48.99796  -16.45610     5.5358     5.6068         12  0.000e+00
   5817.750     139627    152.610    11.9497    11.9512   4.056545   4.057136   48.99796  -16.45610     5.5354     5.6028         12  0.000e+00
   5817.792     139628    152.907    11.9499    11.9513   4.056479   4.057136   48.99796  -16.45610     5.5352     5.6025         12  0.000e+00
   5817.833     139629    152.853    11.9497    11.9512   4.056538   4.057083   48.99796  -16.45610     5.5346     5.6019         12  0.000e+00
   5817.875     139630    152.907    11.9494    11.9512   4.056518   4.057116   48.99796  -16.45610     5.5385     5.6014         12  0.000e+00
   5817.917     139631    152.704    11.9496    11.9514   4.056499   4.057103   48.99796  -16.45610     5.5382     5.6010         12  0.000e+00
   5817.958     139632    152.853    11.9494    11.9514   4.056518   4.057123   48.99796  -16.45612     5.5347     5.6010         12  0.000e+00
   5818.000     139633    152.812    11.9492    11.9514   4.056472   4.057136   48.99796  -16.45612     5.5378     5.6008         12  0.000e+00
   5818.042     139634    152.907    11.9492    11.9514   4.056492   4.057103   48.99796  -16.45612     5.5337     5.6003         12  0.000e+00
   5818.083     139635    152.650    11.9494    11.9512   4.056466   4.057123   48.99796  -16.45612     5.5370     5.6000         12  0.000e+00
   5818.125     139636    152.907    11.9491    11.9513   4.056485   4.057136   48.99796  -16.45612     5.5372     5.6000         12  0.000e+00
   5818.167     139637    152.812    11.9492    11.9514   4.056472   4.057136   48.99796  -16.45612     5.5332     5.5995         12  0.000e+00
   5818.208     139638    152.853    11.9491    11.9514   4.056459   4.057136   48.99796  -16.45612     5.5366     5.5990         12  0.000e+00
   5818.250     139639    152.812    11.9492    11.9514   4.056485   4.057103   48.99796  -16.45612     5.5364     5.5989         12  0.000e+00
