Data_example/SBE_Data_Processed/JC231/SeaBird/Data/Processed/JC231_CTD_006c.ros
* Sea-Bird SBE 9 Data File:
* FileName = C:\Users\sandm\Documents\Cruises\JC231\CTD Data\CTD Raw Data\JC231_CTD_006.hex
* Software Version Seasave V 7.26.7.121
* Temperature SN = 5700
* Conductivity SN = 2164
* Number of Bytes Per Scan = 41
* Number of Voltage Words = 4
* Number of Scans Averaged by the Deck Unit = 1
* NMEA Latitude = 48 59.89 N
* NMEA Longitude = 016 27.00 W
* NMEA UTC (Time) = May 10 2022  15:27:45
* NMEA baud rate = 9600
** Ship: RRS James Cook
** Cruise: JC231
** Cast: 006
** Event:
** Station:
** Julian Day: 130
** Time (GMT): 15:30
** Latitude: 48 59.892' N
** Longitude: 16 27.004' W
** Depth (uncorrected m): 4806m
** Principal Scientist: Dr Susan Hartman
** Operator:  TP / JG
# nquan = 13
# nvalues = 1029                                  
# units = specified
# name 0 = timeS: Time, Elapsed [seconds]
# name 1 = scan: Scan Count
# name 2 = prDM: Pressure, Digiquartz [db]
# name 3 = t090C: Temperature [ITS-90, deg C]
# name 4 = t190C: Temperature, 2 [ITS-90, deg C]
# name 5 = c0S/m: Conductivity [S/m]
# name 6 = c1S/m: Conductivity, 2 [S/m]
# name 7 = latitude: Latitude [deg]
# name 8 = longitude: Longitude [deg]
# name 9 = sbeox0ML/L: Oxygen, SBE 43 [ml/l]
# name 10 = sbeox1ML/L: Oxygen, SBE 43, 2 [ml/l]
# name 11 = nbf: Bottles Fired
# name 12 = flag:  0.000e+00
# interval = seconds: 0.0416667
# start_time = May 10 2022 15:27:47 [System UTC, first data scan.]
# bad_flag = -9.990e-29
*END*
[from data line 112]
   3940.792      94580   1014.660     7.5498     7.5511   3.656803   3.657286   48.99804  -16.45336     4.5288     4.6089          3  0.000e+00
   3940.833      94581   1014.660     7.5499     7.5512   3.656854   3.657292   48.99804  -16.45336     4.5237     4.6038          3  0.000e+00
   3940.875      94582   1014.755     7.5500     7.5511   3.656822   3.657311   48.99804  -16.45336     4.5228     4.6030          3  0.000e+00
   3940.917      94583   1014.660     7.5496     7.5511   3.656803   3.657273   48.99804  -16.45336     4.5226     4.6021          3  0.000e+00
   3940.958      94584   1014.660     7.5499     7.5512   3.656829   3.657267   48.99804  -16.45336     4.5216     4.6066          3  0.000e+00
   3941.000      94585   1014.660     7.5498     7.5511   3.656791   3.657286   48.99804  -16.45336     4.5215     4.6063          3  0.000e+00
   3941.042      94586   1014.660     7.5499     7.5512   3.656822   3.657311   48.99804  -16.45336     4.5221     4.6018          3  0.000e+00
   3941.083      94587   1014.756     7.5498     7.5514   3.656816   3.657273   48.99804  -16.45336     4.5170     4.6016          3  0.000e+00
   3941.125      94588   1014.660     7.5497     7.5514   3.656829   3.657280   48.99804  -16.45336     4.5219     4.6013          3  0.000e+00
   3941.167      94589   1014.660     7.5496     7.5514   3.656841   3.657273   48.99804  -16.45336     4.5168     4.6011          3  0.000e+00
   3941.208      94590   1014.660     7.5500     7.5516   3.656841   3.657286   48.99804  -16.45336     4.5210     4.6010          3  0.000e+00
   3941.250      94591   1014.551     7.5499     7.5514   3.656784   3.657311   48.99804  -16.45336     4.5218     4.6007          3  0.000e+00
   3941.292      94592   1014.551     7.5501     7.5512   3.656822   3.657298   48.99804  -16.45336     4.5226     4.6000          3  0.000e+00
   3941.333      94593   1014.756     7.5497     7.5516   3.656816   3.657305   48.99804  -16.45336     4.5286     4.6000          3  0.000e+00
   3941.375      94594   1014.552     7.5500     7.5514   3.656854   3.657317   48.99804  -16.45336     4.5293     4.5991          3  0.000e+00
   3941.417      94595   1014.756     7.5496     7.5514   3.656816   3.657324   48.99804  -16.45336     4.5253     4.5985          3  0.000e+00
   3941.458      94596   1014.756     7.5499     7.5512   3.656829   3.657342   48.99804  -16.45336     4.5303     4.5978          3  0.000e+00
   3941.500      94597   1014.661     7.5498     7.5514   3.656784   3.657330   48.99804  -16.45336     4.5251     4.6024          3  0.000e+00
   3941.542      94598   1014.552     7.5499     7.5512   3.656797   3.657311   48.99804  -16.45336     4.5250     4.5981          3  0.000e+00
   3941.583      94599   1014.593     7.5500     7.5512   3.656803   3.657317   48.99804  -16.45336     4.5250     4.5980          3  0.000e+00
   3941.625      94600   1014.661     7.5499     7.5514   3.656829   3.657324   48.99804  -16.45336     4.5300     4.5980          3  0.000e+00
   3941.667      94601   1014.756     7.5498     7.5512   3.656816   3.657324   48.99804  -16.45336     4.5307     4.5980          3  0.000e+00
   3941.708      94602   1014.661     7.5498     7.5512   3.656829   3.657324   48.99804  -16.45336     4.5313     4.5980          3  0.000e+00
   3941.750      94603   1014.552     7.5499     7.5514   3.656784   3.657286   48.99804  -16.45336     4.5269     4.5979          3  0.000e+00
   3941.792      94604   1014.756     7.5498     7.5514   3.656822   3.657311   48.99804  -16.45336     4.5269     4.5981          3  0.000e+00
   3941.833      94605   1014.457     7.5497     7.5514   3.656810   3.657298   48.99804  -16.45336     4.5265     4.5980          3  0.000e+00
   3941.875      94606   1014.661     7.5498     7.5514   3.656803   3.657311   48.99804  -16.45336     4.5315     4.6030          3  0.000e+00
   3941.917      94607   1014.661     7.5500     7.5514   3.656803   3.657324   48.99804  -16.45336     4.5279     4.5989          3  0.000e+00
   3941.958      94608   1014.661     7.5500     7.5514   3.656803   3.657311   48.99804  -16.45338     4.5277     4.5991          3  0.000e+00
   3942.000      94609   1014.661     7.5500     7.5517   3.656784   3.657368   48.99804  -16.45338     4.5276     4.6039          3  0.000e+00
   3942.042      94610   1014.661     7.5500     7.5516   3.656822   3.657317   48.99804  -16.45338     4.5274     4.6000          3  0.000e+00
   3942.083      94611   1014.661     7.5498     7.5516   3.656810   3.657311   48.99804  -16.45338     4.5222     4.6001          3  0.000e+00
   3942.125      94612   1014.661     7.5499     7.5517   3.656803   3.657324   48.99804  -16.45338     4.5313     4.6003          3  0.000e+00
   3942.167      94613   1014.457     7.5498     7.5517   3.656803   3.657336   48.99804  -16.45338     4.5268     4.5998          3  0.000e+00
   3942.208      94614   1014.661     7.5496     7.5519   3.656829   3.657324   48.99804  -16.45338     4.5268     4.6043          3  0.000e+00
   4518.333     108441    811.350     8.6993     8.7012   3.753276   3.753944   48.99802  -16.45416     4.2222     4.2884          4  0.000e+00
   4518.375     108442    811.445     8.6990     8.7016   3.753263   3.753912   48.99802  -16.45416     4.2182     4.2888          4  0.000e+00
   4518.417     108443    811.540     8.6988     8.7012   3.753238   3.753937   48.99802  -16.45416     4.2175     4.2893          4  0.000e+00
   4518.458     108444    811.554     8.6987     8.7016   3.753251   3.753931   48.99802  -16.45416     4.2214     4.2891          4  0.000e+00
   4518.500     108445    811.445     8.6984     8.7016   3.753263   3.753931   48.99802  -16.45416     4.2214     4.2890          4  0.000e+00
   4518.542     108446    811.350     8.6984     8.7012   3.753282   3.753950   48.99802  -16.45416     4.2166     4.2894          4  0.000e+00
   4518.583     108447    811.649     8.6987     8.7016   3.753295   3.753982   48.99802  -16.45416     4.2215     4.2900          4  0.000e+00
   4518.625     108448    811.541     8.6988     8.7016   3.753289   3.753950   48.99802  -16.45416     4.2214     4.2899          4  0.000e+00
   4518.667     108449    811.459     8.6990     8.7017   3.753289   3.753925   48.99802  -16.45416     4.2221     4.2897          4  0.000e+00
   4518.708     108450    811.541     8.6988     8.7019   3.753321   3.753944   48.99802  -16.45416     4.2222     4.2897          4  0.000e+00
   4518.750     108451    811.459     8.6988     8.7018   3.753353   3.753982   48.99802  -16.45416     4.2222     4.2896          4  0.000e+00
   4518.792     108452    811.541     8.6990     8.7017   3.753366   3.753950   48.99802  -16.45416     4.2184     4.2901          4  0.000e+00
   4518.833     108453    811.541     8.6990     8.7016   3.753340   3.753950   48.99802  -16.45416     4.2225     4.2901          4  0.000e+00
   4518.875     108454    811.459     8.6993     8.7021   3.753353   3.753956   48.99802  -16.45416     4.2225     4.2900          4  0.000e+00
   4518.917     108455    811.446     8.6993     8.7020   3.753385   3.753963   48.99802  -16.45416     4.2226     4.2899          4  0.000e+00
   4518.958     108456    811.459     8.6993     8.7017   3.753372   3.753988   48.99802  -16.45414     4.2227     4.2899          4  0.000e+00
   4519.000     108457    811.541     8.6996     8.7017   3.753436   3.753995   48.99802  -16.45414     4.2229     4.2899          4  0.000e+00
   4519.042     108458    811.446     8.7000     8.7019   3.753423   3.753975   48.99802  -16.45414     4.2182     4.2898          4  0.000e+00
   4519.083     108459    811.555     8.7000     8.7021   3.753398   3.753988   48.99802  -16.45414     4.2224     4.2898          4  0.000e+00
   4519.125     108460    811.446     8.7001     8.7028   3.753417   3.753995   48.99802  -16.45414     4.2232     4.2896          4  0.000e+00
   4519.167     108461    811.459     8.7005     8.7029   3.753430   3.753995   48.99802  -16.45414     4.2241     4.2896          4  0.000e+00
   4519.208     108462    811.446     8.7003     8.7026   3.753430   3.753963   48.99802  -16.45414     4.2243     4.2896          4  0.000e+00
   4519.250     108463    811.541     8.7004     8.7023   3.753449   3.753982   48.99802  -16.45414     4.2246     4.2896          4  0.000e+00
   4519.292     108464    811.460     8.7003     8.7019   3.753410   3.753963   48.99802  -16.45414     4.2247     4.2895          4  0.000e+00
   4519.333     108465    811.541     8.7003     8.7019   3.753398   3.753988   48.99802  -16.45414     4.2250     4.2940          4  0.000e+00
   4519.375     108466    811.460     8.7005     8.7021   3.753417   3.754020   48.99802  -16.45414     4.2259     4.2899          4  0.000e+00
   4519.417     108467    811.446     8.7003     8.7022   3.753449   3.754001   48.99802  -16.45414     4.2261     4.2898          4  0.000e+00
   4519.458     108468    811.351     8.7006     8.7024   3.753410   3.753994   48.99802  -16.45414     4.2262     4.2897          4  0.000e+00
   4519.500     108469    811.650     8.7005     8.7024   3.753398   3.753995   48.99802  -16.45414     4.2267     4.2898          4  0.000e+00
   4519.542     108470    811.337     8.7003     8.7026   3.753417   3.754014   48.99802  -16.45414     4.2267     4.2896          4  0.000e+00
   4519.583     108471    811.555     8.7004     8.7022   3.753449   3.754007   48.99802  -16.45414     4.2224     4.2896          4  0.000e+00
   4519.625     108472    811.338     8.7003     8.7026   3.753436   3.754020   48.99802  -16.45414     4.2265     4.2894          4  0.000e+00
   4519.667     108473    811.555     8.7006     8.7024   3.753430   3.754026   48.99802  -16.45414     4.2269     4.2895          4  0.000e+00
   4519.708     108474    811.338     8.7008     8.7023   3.753430   3.754007   48.99802  -16.45414     4.2277     4.2893          4  0.000e+00
   4519.750     108475    811.446     8.7007     8.7021   3.753449   3.754039   48.99802  -16.45414     4.2234     4.2893          4  0.000e+00
   4519.792     108476    811.460     8.7009     8.7024   3.753436   3.754033   48.99802  -16.45414     4.2277     4.2898          4  0.000e+00
   4519.833     108477    811.542     8.7007     8.7025   3.753449   3.754026   48.99802  -16.45414     4.2234     4.2898          4  0.000e+00
   4519.875     108478    811.460     8.7008     8.7024   3.753410   3.754058   48.99802  -16.45414     4.2277     4.2941          4  0.000e+00
   4519.917     108479    811.447     8.7006     8.7026   3.753442   3.754058   48.99802  -16.45414     4.2327     4.2946          4  0.000e+00
   4519.958     108480    811.447     8.7007     8.7028   3.753436   3.754083   48.99800  -16.45414     4.2283     4.2950          4  0.000e+00
   4520.000     108481    811.460     8.7005     8.7028   3.753430   3.754096   48.99800  -16.45414     4.2286     4.2910          4  0.000e+00
   4520.042     108482    811.338     8.7006     8.7029   3.753430   3.754096   48.99800  -16.45414     4.2289     4.2952          4  0.000e+00
   4520.083     108483    811.460     8.7003     8.7033   3.753430   3.754096   48.99800  -16.45414     4.2285     4.2957          4  0.000e+00
   4520.125     108484    811.447     8.7008     8.7034   3.753404   3.754077   48.99800  -16.45414     4.2241     4.2916          4  0.000e+00
   4520.167     108485    811.447     8.7005     8.7035   3.753417   3.754090   48.99800  -16.45414     4.2237     4.2958          4  0.000e+00
   4520.208     108486    811.460     8.7003     8.7036   3.753430   3.754064   48.99800  -16.45414     4.2280     4.2967          4  0.000e+00
   4520.250     108487    811.542     8.7004     8.7034   3.753417   3.754083   48.99800  -16.45414     4.2229     4.2972          4  0.000e+00
   4520.292     108488    811.352     8.7005     8.7033   3.753423   3.754077   48.99800  -16.45414     4.2264     4.2929          4  0.000e+00
   4520.333     108489    811.542     8.7005     8.7031   3.753404   3.754090   48.99800  -16.45414     4.2268     4.2973          4  0.000e+00
   4847.750     116347    608.511    10.2379    10.2355   3.899230   3.899442   48.99798  -16.45460     4.6039     4.6530          5  0.000e+00
   4847.792     116348    608.511    10.2380    10.2356   3.899243   3.899455   48.99798  -16.45460     4.6039     4.6534          5  0.000e+00
   4847.833     116349    608.620    10.2381    10.2356   3.899263   3.899442   48.99798  -16.45460     4.6039     4.6580          5  0.000e+00
   4847.875     116350    608.620    10.2383    10.2358   3.899250   3.899404   48.99798  -16.45460     4.6038     4.6589          5  0.000e+00
   4847.917     116351    608.620    10.2385    10.2359   3.899263   3.899372   48.99798  -16.45460     4.6032     4.6593          5  0.000e+00
   4847.958     116352    608.539    10.2385    10.2361   3.899224   3.899391   48.99798  -16.45460     4.5988     4.6596          5  0.000e+00
   4848.000     116353    608.715    10.2383    10.2361   3.899211   3.899365   48.99798  -16.45460     4.6026     4.6606          5  0.000e+00
   4848.042     116354    608.620    10.2382    10.2361   3.899211   3.899391   48.99798  -16.45460     4.6025     4.6614          5  0.000e+00
   4848.083     116355    608.417    10.2379    10.2355   3.899230   3.899378   48.99798  -16.45460     4.6024     4.6621          5  0.000e+00
   4848.125     116356    608.715    10.2380    10.2359   3.899218   3.899333   48.99798  -16.45460     4.5982     4.6631          5  0.000e+00
   4848.167     116357    608.417    10.2378    10.2354   3.899185   3.899359   48.99798  -16.45460     4.5975     4.6638          5  0.000e+00
   4848.208     116358    608.620    10.2380    10.2352   3.899224   3.899307   48.99798  -16.45460     4.6007     4.6644          5  0.000e+00
   4848.250     116359    608.647    10.2378    10.2349   3.899244   3.899320   48.99798  -16.45460     4.6008     4.6648          5  0.000e+00
   4848.292     116360    608.620    10.2378    10.2347   3.899244   3.899281   48.99798  -16.45460     4.6001     4.6651          5  0.000e+00
   4848.333     116361    608.512    10.2378    10.2346   3.899217   3.899281   48.99798  -16.45460     4.6001     4.6654          5  0.000e+00
   4848.375     116362    608.620    10.2379    10.2341   3.899231   3.899217   48.99798  -16.45460     4.5995     4.6658          5  0.000e+00
   4848.417     116363    608.620    10.2377    10.2337   3.899218   3.899262   48.99798  -16.45460     4.5994     4.6703          5  0.000e+00
   4848.458     116364    608.417    10.2378    10.2336   3.899211   3.899268   48.99798  -16.45460     4.5993     4.6667          5  0.000e+00
   4848.500     116365    608.648    10.2378    10.2334   3.899185   3.899268   48.99798  -16.45460     4.6000     4.6712          5  0.000e+00
   4848.542     116366    608.512    10.2378    10.2327   3.899224   3.899256   48.99798  -16.45460     4.6005     4.6677          5  0.000e+00
   4848.583     116367    608.512    10.2377    10.2327   3.899217   3.899262   48.99798  -16.45460     4.6005     4.6675          5  0.000e+00
   4848.625     116368    608.621    10.2378    10.2329   3.899211   3.899256   48.99798  -16.45460     4.5999     4.6713          5  0.000e+00
   4848.667     116369    608.621    10.2378    10.2331   3.899211   3.899314   48.99798  -16.45460     4.5999     4.6677          5  0.000e+00
   4848.708     116370    608.512    10.2378    10.2337   3.899211   3.899333   48.99798  -16.45460     4.5998     4.6718          5  0.000e+00
   4848.750     116371    608.539    10.2380    10.2339   3.899185   3.899372   48.99798  -16.45460     4.5998     4.6718          5  0.000e+00
   4848.792     116372    608.621    10.2376    10.2339   3.899179   3.899397   48.99798  -16.45460     4.5999     4.6722          5  0.000e+00
