Data_example/SBE_Data_Processed/JC231/SeaBird/Data/Processed/JC231_CTD_004c.ros
* Sea-Bird SBE 9 Data File:
* FileName = C:\Users\sandm\Documents\Cruises\JC231\CTD Data\CTD Raw Data\JC231_CTD_004.hex
* Software Version Seasave V 7.26.7.121
* Temperature SN = 5700
* Conductivity SN = 2164
* Number of Bytes Per Scan = 41
* Number of Voltage Words = 4
* Number of Scans Averaged by the Deck Unit = 1
* NMEA Latitude = 49 00.00 N
* NMEA Longitude = 016 30.00 W
* NMEA UTC (Time) = May 06 2022  10:23:58
* NMEA baud rate = 9600
** Ship: RRS James Cook
** Cruise: JC231
** Cast: 004
** Event:
** Station:
** Julian Day: 126
** Time (GMT): 10:30
** Latitude: 48 59.999' N
** Longitude: 16 30.001' W
** Depth (uncorrected m): 4810m
** Principal Scientist: Dr Susan Hartman
** Operator:  TP / JG
# nquan = 13
# nvalues = 1078                                  
# units = specified
# name 0 = timeS: Time, Elapsed [seconds]
# name 1 = scan: Scan Count
# name 2 = prDM: Pressure, Digiquartz [db]
# name 3 = t090C: Temperature [ITS-90, deg C]
# name 4 = t190C: Temperature, 2 [ITS-90, deg C]
# name 5 = c0S/m: Conductivity [S/m]
# name 6 = c1S/m: Conductivity, 2 [S/m]
# name 7 = latitude: Latitude [deg]
# name 8 = longitude: Longitude [deg]
# name 9 = sbeox0ML/L: Oxygen, SBE 43 [ml/l]
# name 10 = sbeox1ML/L: Oxygen, SBE 43, 2 [ml/l]
# name 11 = nbf: Bottles Fired
# name 12 = flag:  0.000e+00
# interval = seconds: 0.0416667
# start_time = May 06 2022 10:23:59 [System UTC, first data scan.]
# bad_flag = -9.990e-29
*END*
[from data line 778]
  14340.833     344181     47.829    12.3309    12.3324   4.089080   4.089571   48.99674  -16.50484     5.8682     5.9784         16  0.000e+00
  14340.875     344182     47.667    12.3311    12.3322   4.089054   4.089590   48.99674  -16.50484     5.8673     5.9781         16  0.000e+00
  14340.917     344183     47.720    12.3309    12.3325   4.089073   4.089577   48.99674  -16.50484     5.8709     5.9780         16  0.000e+00
  14340.958     344184     47.626    12.3311    12.3326   4.089080   4.089571   48.99674  -16.50484     5.8672     5.9777         16  0.000e+00
  14341.000     344185     47.666    12.3313    12.3325   4.089106   4.089590   48.99674  -16.50484     5.8703     5.9775         16  0.000e+00
  14341.042     344186     47.626    12.3314    12.3327   4.089120   4.089584   48.99674  -16.50484     5.8667     5.9775         16  0.000e+00
  14464.792     347156     26.952    12.7841    12.7674   4.132792   4.131505   48.99674  -16.50484     6.0469     6.1336         17  0.000e+00
  14464.833     347157     27.451    12.7842    12.7667   4.132739   4.131544   48.99674  -16.50484     6.0509     6.1375         17  0.000e+00
  14464.875     347158     27.141    12.7839    12.7663   4.132766   4.131637   48.99674  -16.50484     6.0473     6.1370         17  0.000e+00
  14464.917     347159     27.046    12.7842    12.7669   4.132739   4.131801   48.99674  -16.50484     6.0508     6.1370         17  0.000e+00
  14464.958     347160     27.343    12.7842    12.7690   4.132779   4.132026   48.99674  -16.50484     6.0513     6.1370         17  0.000e+00
  14465.000     347161     27.141    12.7844    12.7721   4.132759   4.132204   48.99674  -16.50484     6.0477     6.1366         17  0.000e+00
  14465.042     347162     27.006    12.7843    12.7736   4.132753   4.132296   48.99674  -16.50484     6.0471     6.1325         17  0.000e+00
  14465.083     347163     27.141    12.7844    12.7748   4.132726   4.132368   48.99674  -16.50484     6.0475     6.1323         17  0.000e+00
  14465.125     347164     27.343    12.7841    12.7755   4.132779   4.132388   48.99674  -16.50484     6.0512     6.1321         17  0.000e+00
  14465.167     347165     27.046    12.7840    12.7771   4.132706   4.132296   48.99674  -16.50484     6.0512     6.1347         17  0.000e+00
  14465.208     347166     27.248    12.7841    12.7779   4.132686   4.132190   48.99674  -16.50484     6.0516     6.1310         17  0.000e+00
  14465.250     347167     27.046    12.7836    12.7761   4.132713   4.132138   48.99674  -16.50484     6.0517     6.1305         17  0.000e+00
  14465.292     347168     27.248    12.7836    12.7736   4.132666   4.132072   48.99674  -16.50484     6.0525     6.1338         17  0.000e+00
  14465.333     347169     27.140    12.7834    12.7714   4.132646   4.132006   48.99674  -16.50484     6.0490     6.1339         17  0.000e+00
  14465.375     347170     27.140    12.7834    12.7702   4.132699   4.131894   48.99674  -16.50484     6.0488     6.1305         17  0.000e+00
  14465.417     347171     27.140    12.7832    12.7693   4.132699   4.131907   48.99674  -16.50484     6.0523     6.1303         17  0.000e+00
  14465.458     347172     27.248    12.7834    12.7688   4.132713   4.131861   48.99674  -16.50484     6.0525     6.1301         17  0.000e+00
  14465.500     347173     27.140    12.7836    12.7690   4.132719   4.131815   48.99674  -16.50484     6.0526     6.1297         17  0.000e+00
  14465.542     347174     27.194    12.7836    12.7685   4.132779   4.131801   48.99674  -16.50484     6.0564     6.1330         17  0.000e+00
  14465.583     347175     27.140    12.7832    12.7681   4.132739   4.131834   48.99674  -16.50484     6.0533     6.1329         17  0.000e+00
  14465.625     347176     27.140    12.7832    12.7693   4.132746   4.131927   48.99674  -16.50484     6.0534     6.1292         17  0.000e+00
  14465.667     347177     27.248    12.7834    12.7700   4.132699   4.131979   48.99674  -16.50484     6.0531     6.1324         17  0.000e+00
  14465.708     347178     27.140    12.7832    12.7702   4.132713   4.132039   48.99674  -16.50484     6.0531     6.1322         17  0.000e+00
  14465.750     347179     27.342    12.7834    12.7716   4.132719   4.132184   48.99674  -16.50484     6.0533     6.1321         17  0.000e+00
  14465.792     347180     27.140    12.7836    12.7738   4.132719   4.132316   48.99674  -16.50484     6.0531     6.1319         17  0.000e+00
  14465.833     347181     27.046    12.7832    12.7764   4.132746   4.132401   48.99674  -16.50484     6.0494     6.1314         17  0.000e+00
  14465.875     347182     27.248    12.7834    12.7787   4.132726   4.132474   48.99674  -16.50484     6.0524     6.1312         17  0.000e+00
  14465.917     347183     27.248    12.7836    12.7788   4.132719   4.132467   48.99674  -16.50484     6.0523     6.1346         17  0.000e+00
  14465.958     347184     27.248    12.7836    12.7784   4.132746   4.132316   48.99674  -16.50484     6.0486     6.1314         17  0.000e+00
  14466.000     347185     27.140    12.7836    12.7778   4.132733   4.132217   48.99674  -16.50484     6.0513     6.1312         17  0.000e+00
  14466.042     347186     27.302    12.7837    12.7769   4.132746   4.132091   48.99674  -16.50484     6.0513     6.1316         17  0.000e+00
  14466.083     347187     27.248    12.7836    12.7748   4.132733   4.132006   48.99674  -16.50484     6.0471     6.1355         17  0.000e+00
  14466.125     347188     27.140    12.7837    12.7731   4.132746   4.131874   48.99674  -16.50484     6.0465     6.1361         17  0.000e+00
  14466.167     347189     27.248    12.7837    12.7724   4.132753   4.131735   48.99674  -16.50484     6.0497     6.1364         17  0.000e+00
  14466.208     347190     27.342    12.7841    12.7714   4.132733   4.131670   48.99674  -16.50484     6.0496     6.1370         17  0.000e+00
  14466.250     347191     27.248    12.7840    12.7700   4.132766   4.131584   48.99674  -16.50484     6.0494     6.1375         17  0.000e+00
  14466.292     347192     27.248    12.7841    12.7691   4.132819   4.131577   48.99674  -16.50484     6.0492     6.1379         17  0.000e+00
  14466.333     347193     27.248    12.7841    12.7682   4.132793   4.131498   48.99674  -16.50484     6.0494     6.1419         17  0.000e+00
  14466.375     347194     27.140    12.7842    12.7679   4.132793   4.131393   48.99674  -16.50484     6.0491     6.1426         17  0.000e+00
  14466.417     347195     27.342    12.7842    12.7667   4.132766   4.131347   48.99674  -16.50484     6.0491     6.1435         17  0.000e+00
  14466.458     347196     27.247    12.7840    12.7662   4.132726   4.131307   48.99674  -16.50484     6.0488     6.1441         17  0.000e+00
  14466.500     347197     27.450    12.7842    12.7657   4.132779   4.131241   48.99674  -16.50484     6.0450     6.1446         17  0.000e+00
  14466.542     347198     27.193    12.7841    12.7651   4.132786   4.131221   48.99674  -16.50484     6.0483     6.1450         17  0.000e+00
  14466.583     347199     27.450    12.7842    12.7651   4.132793   4.131281   48.99674  -16.50484     6.0487     6.1456         17  0.000e+00
  14466.625     347200     27.139    12.7842    12.7650   4.132759   4.131327   48.99674  -16.50484     6.0450     6.1459         17  0.000e+00
  14466.667     347201     27.342    12.7844    12.7653   4.132786   4.131360   48.99674  -16.50484     6.0449     6.1465         17  0.000e+00
  14466.708     347202     27.247    12.7842    12.7651   4.132819   4.131373   48.99674  -16.50484     6.0483     6.1468         17  0.000e+00
  14466.750     347203     27.342    12.7848    12.7651   4.132852   4.131314   48.99674  -16.50484     6.0412     6.1473         17  0.000e+00
  14466.792     347204     27.342    12.7846    12.7653   4.132892   4.131162   48.99674  -16.50484     6.0443     6.1477         17  0.000e+00
  14487.417     347699     27.823    12.7886    12.7831   4.133272   4.133041   48.99674  -16.50484     6.0372     6.1541         18  0.000e+00
  14487.458     347700     27.621    12.7887    12.7829   4.133258   4.133080   48.99674  -16.50484     6.0373     6.1542         18  0.000e+00
  14487.500     347701     27.526    12.7885    12.7829   4.133285   4.133054   48.99674  -16.50484     6.0370     6.1505         18  0.000e+00
  14487.542     347702     27.621    12.7887    12.7835   4.133265   4.133094   48.99674  -16.50484     6.0369     6.1501         18  0.000e+00
  14487.583     347703     27.729    12.7886    12.7834   4.133258   4.133113   48.99674  -16.50484     6.0368     6.1500         18  0.000e+00
  14487.625     347704     27.729    12.7888    12.7838   4.133285   4.133094   48.99674  -16.50484     6.0366     6.1495         18  0.000e+00
  14487.667     347705     27.432    12.7887    12.7833   4.133238   4.133021   48.99674  -16.50484     6.0366     6.1488         18  0.000e+00
  14487.708     347706     27.729    12.7885    12.7831   4.133198   4.133001   48.99674  -16.50484     6.0367     6.1485         18  0.000e+00
  14487.750     347707     27.621    12.7884    12.7831   4.133238   4.133001   48.99674  -16.50484     6.0369     6.1478         18  0.000e+00
  14487.792     347708     27.783    12.7881    12.7826   4.133205   4.132975   48.99674  -16.50484     6.0336     6.1477         18  0.000e+00
  14487.833     347709     27.526    12.7885    12.7823   4.133238   4.132982   48.99674  -16.50484     6.0370     6.1471         18  0.000e+00
  14487.875     347710     27.621    12.7882    12.7823   4.133232   4.132968   48.99674  -16.50484     6.0370     6.1503         18  0.000e+00
  14487.917     347711     27.526    12.7882    12.7822   4.133198   4.132935   48.99674  -16.50484     6.0368     6.1467         18  0.000e+00
  14487.958     347712     27.728    12.7885    12.7823   4.133212   4.132982   48.99674  -16.50484     6.0368     6.1463         18  0.000e+00
  14488.000     347713     27.432    12.7884    12.7823   4.133251   4.132962   48.99674  -16.50484     6.0365     6.1488         18  0.000e+00
  14488.042     347714     27.526    12.7883    12.7822   4.133225   4.132935   48.99674  -16.50484     6.0365     6.1452         18  0.000e+00
  14488.083     347715     27.620    12.7884    12.7824   4.133198   4.132982   48.99674  -16.50484     6.0369     6.1447         18  0.000e+00
  14488.125     347716     27.526    12.7886    12.7821   4.133212   4.132975   48.99674  -16.50484     6.0367     6.1441         18  0.000e+00
  14488.167     347717     27.526    12.7885    12.7821   4.133252   4.132869   48.99674  -16.50484     6.0366     6.1435         18  0.000e+00
  14488.208     347718     27.526    12.7886    12.7814   4.133285   4.132850   48.99674  -16.50484     6.0369     6.1433         18  0.000e+00
  14488.250     347719     27.580    12.7886    12.7810   4.133265   4.132777   48.99674  -16.50484     6.0332     6.1466         18  0.000e+00
  14488.292     347720     27.431    12.7883    12.7805   4.133258   4.132751   48.99674  -16.50484     6.0400     6.1465         18  0.000e+00
  14488.333     347721     27.526    12.7886    12.7804   4.133258   4.132711   48.99674  -16.50484     6.0367     6.1430         18  0.000e+00
  14488.375     347722     27.431    12.7886    12.7799   4.133258   4.132738   48.99674  -16.50484     6.0366     6.1426         18  0.000e+00
  14488.417     347723     27.620    12.7885    12.7797   4.133232   4.132691   48.99674  -16.50484     6.0367     6.1424         18  0.000e+00
  14488.458     347724     27.431    12.7884    12.7795   4.133218   4.132645   48.99674  -16.50484     6.0365     6.1419         18  0.000e+00
  14488.500     347725     27.323    12.7885    12.7794   4.133218   4.132665   48.99674  -16.50484     6.0367     6.1417         18  0.000e+00
  14488.542     347726     27.526    12.7884    12.7793   4.133192   4.132691   48.99674  -16.50484     6.0405     6.1417         18  0.000e+00
  14488.583     347727     27.526    12.7884    12.7793   4.133212   4.132652   48.99674  -16.50484     6.0372     6.1413         18  0.000e+00
  14488.625     347728     27.323    12.7883    12.7795   4.133192   4.132718   48.99674  -16.50484     6.0370     6.1407         18  0.000e+00
  14488.667     347729     27.431    12.7881    12.7797   4.133185   4.132771   48.99674  -16.50484     6.0407     6.1403         18  0.000e+00
  14488.708     347730     27.283    12.7882    12.7807   4.133212   4.132935   48.99674  -16.50484     6.0409     6.1399         18  0.000e+00
  14488.750     347731     27.431    12.7882    12.7821   4.133192   4.133245   48.99674  -16.50484     6.0413     6.1396         18  0.000e+00
  14488.792     347732     27.323    12.7882    12.7842   4.133212   4.133515   48.99674  -16.50484     6.0378     6.1391         18  0.000e+00
  14488.833     347733     27.526    12.7882    12.7861   4.133218   4.133687   48.99674  -16.50484     6.0416     6.1389         18  0.000e+00
  14488.875     347734     27.229    12.7882    12.7871   4.133218   4.133707   48.99674  -16.50484     6.0416     6.1384         18  0.000e+00
  14488.917     347735     27.323    12.7881    12.7885   4.133198   4.133720   48.99674  -16.50484     6.0419     6.1382         18  0.000e+00
  14488.958     347736     27.323    12.7880    12.7891   4.133185   4.133726   48.99674  -16.50484     6.0426     6.1380         18  0.000e+00
  14489.000     347737     27.431    12.7881    12.7892   4.133185   4.133647   48.99674  -16.50484     6.0429     6.1379         18  0.000e+00
  14489.042     347738     27.323    12.7882    12.7880   4.133212   4.133469   48.99674  -16.50484     6.0435     6.1382         18  0.000e+00
  14489.083     347739     27.229    12.7883    12.7873   4.133218   4.133377   48.99674  -16.50484     6.0436     6.1381         18  0.000e+00
  14489.125     347740     27.229    12.7881    12.7867   4.133192   4.133285   48.99674  -16.50484     6.0479     6.1384         18  0.000e+00
  14489.167     347741     27.229    12.7882    12.7863   4.133185   4.133225   48.99674  -16.50484     6.0448     6.1383         18  0.000e+00
  14489.208     347742     27.377    12.7880    12.7854   4.133192   4.133120   48.99674  -16.50484     6.0452     6.1385         18  0.000e+00
  14489.250     347743     27.323    12.7881    12.7850   4.133212   4.133021   48.99674  -16.50484     6.0457     6.1384         18  0.000e+00
  14489.292     347744     27.323    12.7883    12.7841   4.133218   4.133001   48.99674  -16.50484     6.0495     6.1384         18  0.000e+00
  14489.333     347745     27.121    12.7882    12.7838   4.133218   4.133027   48.99674  -16.50484     6.0499     6.1384         18  0.000e+00
  14489.375     347746     27.228    12.7881    12.7838   4.133198   4.133054   48.99674  -16.50484     6.0463     6.1422         18  0.000e+00
  14489.417     347747     27.228    12.7883    12.7838   4.133212   4.133067   48.99674  -16.50484     6.0505     6.1392         18  0.000e+00
  14628.250     351079      6.847    14.2858    14.3107   4.281668   4.284296   48.99672  -16.50484     5.9983     6.0773         19  0.000e+00
  14628.292     351080      7.252    14.2867    14.3103   4.281911   4.284337   48.99672  -16.50484     5.9983     6.0779         19  0.000e+00
  14628.333     351081      6.847    14.2888    14.3104   4.282174   4.284356   48.99672  -16.50484     6.0011     6.0779         19  0.000e+00
  14628.375     351082      6.888    14.2910    14.3103   4.282322   4.284296   48.99672  -16.50484     6.0010     6.0782         19  0.000e+00
  14628.417     351083      7.049    14.2925    14.3102   4.282376   4.284249   48.99672  -16.50484     6.0011     6.0786         19  0.000e+00
  14628.458     351084      7.049    14.2931    14.3102   4.282443   4.284323   48.99672  -16.50484     6.0011     6.0788         19  0.000e+00
