Data_example/SBE_Data_Processed/JC231/SeaBird/Data/Processed/JC231_CTD_005cfaldb.cnv
* Sea-Bird SBE 9 Data File:
* FileName = C:\Users\sandm\Documents\Cruises\JC231\CTD Data\CTD Raw Data\JC231_CTD_005.hex
* Software Version Seasave V 7.26.7.121
* Temperature SN = 5700
* Conductivity SN = 2164
* Number of Bytes Per Scan = 41
* Number of Voltage Words = 4
* Number of Scans Averaged by the Deck Unit = 1
* NMEA Latitude = 49 00.32 N
* NMEA Longitude = 016 30.09 W
* NMEA UTC (Time) = May 08 2022  12:24:49
* NMEA baud rate = 9600
** Ship: RRS James Cook
** Cruise: JC231
** Cast: 005
** Event:
** Station:
** Julian Day: 128
** Time (GMT): 12:25
** Latitude: 49 0.322' N
** Longitude: 16 30.094' W
** Depth (uncorrected m): 4802m
** Principal Scientist: Dr Susan Hartman
** Operator:  TP / DXC
# nquan = 15
# nvalues = 9830                        
# units = specified
# name 0 = timeS: Time, Elapsed [seconds]
# name 1 = scan: Scan Count
# name 2 = prDM: Pressure, Digiquartz [db]
# name 3 = t090C: Temperature [ITS-90, deg C]
# name 4 = t190C: Temperature, 2 [ITS-90, deg C]
# name 5 = c0S/m: Conductivity [S/m]
# name 6 = c1S/m: Conductivity, 2 [S/m]
# name 7 = latitude: Latitude [deg]
# name 8 = longitude: Longitude [deg]
# name 9 = sbeox0ML/L: Oxygen, SBE 43 [ml/l]
# name 10 = sbeox1ML/L: Oxygen, SBE 43, 2 [ml/l]
# name 11 = depSM: Depth [salt water, m], lat = 49.0053
# name 12 = sal00: Salinity, Practical [PSU]
# name 13 = sal11: Salinity, Practical, 2 [PSU]
# name 14 = flag: flag
# span 0 =    353.495,  13907.437       
# span 1 =       8485,     333780       
# span 2 =      1.000,   4919.000       
# span 3 =     2.5274,    14.7365       
# span 4 =     2.5302,    14.5595       
# span 5 =   3.272946,   4.392881       
# span 6 =   3.273528,   4.360083       
# span 7 =   46.79183,   52.43989       
# span 8 =  -17.65841,  -15.75650       
# span 9 =     4.1600,     6.1986       
# span 10 =     4.2313,     6.3352      
# span 11 =      0.992,   4821.762      
# span 12 =    31.6485,    38.0722      
# span 13 =    33.7193,    37.7410      
# span 14 = 0.0000e+00, 0.0000e+00      
# interval = decibars: 1                
# start_time = May 08 2022 12:24:50 [System UTC, first data scan.]
# bad_flag = -9.990e-29
*END*
[from data line 2314]
   3172.138      76132   2315.000     3.4688     3.4707   3.302204   3.302764   49.00510  -16.50182     5.8585     5.9804   2282.758    34.9431    34.9478 0.0000e+00
   3173.123      76156   2316.000     3.4670     3.4689   3.302056   3.302622   49.00510  -16.50182     5.8565     5.9790   2283.739    34.9429    34.9476 0.0000e+00
   3174.096      76179   2317.000     3.4655     3.4675   3.301956   3.302535   49.00510  -16.50182     5.8581     5.9789   2284.720    34.9427    34.9475 0.0000e+00
   3175.059      76202   2318.000     3.4643     3.4663   3.301880   3.302468   49.00510  -16.50182     5.8601     5.9794   2285.701    34.9427    34.9475 0.0000e+00
   3176.021      76225   2319.000     3.4635     3.4656   3.301838   3.302430   49.00510  -16.50182     5.8587     5.9771   2286.681    34.9426    34.9474 0.0000e+00
   3176.991      76249   2320.000     3.4628     3.4650   3.301813   3.302414   49.00510  -16.50182     5.8554     5.9771   2287.662    34.9425    34.9473 0.0000e+00
   3177.978      76272   2321.000     3.4621     3.4643   3.301791   3.302396   49.00510  -16.50182     5.8525     5.9794   2288.643    34.9425    34.9474 0.0000e+00
   3178.976      76296   2322.000     3.4616     3.4636   3.301781   3.302372   49.00510  -16.50182     5.8504     5.9812   2289.623    34.9424    34.9474 0.0000e+00
   3179.969      76320   2323.000     3.4611     3.4631   3.301781   3.302364   49.00510  -16.50182     5.8508     5.9814   2290.604    34.9425    34.9473 0.0000e+00
   3180.950      76344   2324.000     3.4608     3.4627   3.301779   3.302366   49.00510  -16.50182     5.8521     5.9802   2291.585    34.9424    34.9473 0.0000e+00
   3181.920      76367   2325.000     3.4606     3.4625   3.301798   3.302379   49.00510  -16.50182     5.8523     5.9791   2292.566    34.9423    34.9472 0.0000e+00
   3182.888      76390   2326.000     3.4605     3.4623   3.301828   3.302405   49.00510  -16.50182     5.8512     5.9804   2293.546    34.9423    34.9472 0.0000e+00
   3183.858      76414   2327.000     3.4602     3.4620   3.301849   3.302428   49.00510  -16.50182     5.8506     5.9810   2294.527    34.9424    34.9473 0.0000e+00
   3184.831      76437   2328.000     3.4596     3.4613   3.301853   3.302425   49.00510  -16.50183     5.8505     5.9794   2295.508    34.9426    34.9476 0.0000e+00
   3185.803      76460   2329.000     3.4580     3.4596   3.301804   3.302357   49.00510  -16.50184     5.8483     5.9769   2296.488    34.9432    34.9481 0.0000e+00
   3186.777      76484   2330.000     3.4554     3.4569   3.301653   3.302194   49.00510  -16.50184     5.8466     5.9755   2297.469    34.9438    34.9486 0.0000e+00
   3187.761      76507   2331.000     3.4526     3.4541   3.301444   3.301980   49.00510  -16.50184     5.8458     5.9762   2298.450    34.9438    34.9485 0.0000e+00
   3188.753      76531   2332.000     3.4502     3.4518   3.301263   3.301805   49.00510  -16.50184     5.8461     5.9777   2299.430    34.9437    34.9484 0.0000e+00
   3189.747      76555   2333.000     3.4481     3.4496   3.301101   3.301650   49.00510  -16.50184     5.8472     5.9778   2300.411    34.9435    34.9484 0.0000e+00
   3190.730      76579   2334.000     3.4461     3.4477   3.300962   3.301511   49.00510  -16.50184     5.8484     5.9776   2301.392    34.9434    34.9483 0.0000e+00
   3191.702      76602   2335.000     3.4447     3.4462   3.300850   3.301398   49.00510  -16.50184     5.8499     5.9777   2302.373    34.9432    34.9480 0.0000e+00
   3192.668      76625   2336.000     3.4436     3.4453   3.300782   3.301339   49.00510  -16.50184     5.8507     5.9781   2303.353    34.9431    34.9478 0.0000e+00
   3193.639      76648   2337.000     3.4429     3.4447   3.300746   3.301313   49.00510  -16.50184     5.8500     5.9768   2304.334    34.9429    34.9477 0.0000e+00
   3194.618      76672   2338.000     3.4422     3.4442   3.300728   3.301303   49.00510  -16.50184     5.8479     5.9760   2305.314    34.9429    34.9477 0.0000e+00
   3195.606      76696   2339.000     3.4413     3.4433   3.300705   3.301284   49.00510  -16.50184     5.8454     5.9765   2306.295    34.9432    34.9479 0.0000e+00
   3196.595      76719   2340.000     3.4401     3.4420   3.300642   3.301225   49.00510  -16.50184     5.8456     5.9766   2307.276    34.9432    34.9481 0.0000e+00
   3197.579      76743   2341.000     3.4391     3.4409   3.300586   3.301158   49.00510  -16.50184     5.8461     5.9753   2308.256    34.9431    34.9481 0.0000e+00
   3198.555      76766   2342.000     3.4379     3.4394   3.300539   3.301086   49.00510  -16.50184     5.8470     5.9749   2309.237    34.9434    34.9483 0.0000e+00
   3199.522      76790   2343.000     3.4365     3.4382   3.300455   3.301004   49.00510  -16.50184     5.8483     5.9757   2310.218    34.9434    34.9482 0.0000e+00
   3200.486      76813   2344.000     3.4354     3.4371   3.300394   3.300951   49.00510  -16.50184     5.8481     5.9760   2311.198    34.9434    34.9482 0.0000e+00
   3201.454      76836   2345.000     3.4344     3.4360   3.300344   3.300902   49.00510  -16.50184     5.8483     5.9765   2312.179    34.9434    34.9482 0.0000e+00
   3202.429      76859   2346.000     3.4332     3.4349   3.300289   3.300842   49.00510  -16.50184     5.8482     5.9758   2313.159    34.9435    34.9483 0.0000e+00
   3203.411      76883   2347.000     3.4321     3.4338   3.300232   3.300785   49.00510  -16.50184     5.8485     5.9735   2314.140    34.9435    34.9483 0.0000e+00
   3204.393      76906   2348.000     3.4308     3.4323   3.300166   3.300712   49.00510  -16.50184     5.8464     5.9739   2315.121    34.9437    34.9485 0.0000e+00
   3205.373      76930   2349.000     3.4294     3.4310   3.300081   3.300622   49.00509  -16.50184     5.8433     5.9764   2316.101    34.9437    34.9484 0.0000e+00
   3206.353      76953   2350.000     3.4284     3.4301   3.300015   3.300568   49.00508  -16.50184     5.8433     5.9773   2317.082    34.9435    34.9483 0.0000e+00
   3207.336      76977   2351.000     3.4276     3.4292   3.299982   3.300538   49.00508  -16.50184     5.8445     5.9762   2318.062    34.9435    34.9483 0.0000e+00
   3208.315      77001   2352.000     3.4263     3.4279   3.299935   3.300487   49.00509  -16.50184     5.8448     5.9747   2319.043    34.9438    34.9487 0.0000e+00
   3209.284      77024   2353.000     3.4239     3.4255   3.299824   3.300371   49.00510  -16.50184     5.8439     5.9726   2320.024    34.9445    34.9493 0.0000e+00
   3210.245      77047   2354.000     3.4208     3.4225   3.299607   3.300159   49.00510  -16.50184     5.8429     5.9713   2321.004    34.9448    34.9495 0.0000e+00
   3211.207      77070   2355.000     3.4185     3.4201   3.299409   3.299965   49.00510  -16.50184     5.8428     5.9688   2321.985    34.9444    34.9492 0.0000e+00
   3212.184      77093   2356.000     3.4167     3.4183   3.299278   3.299828   49.00509  -16.50184     5.8425     5.9668   2322.965    34.9443    34.9491 0.0000e+00
   3213.177      77117   2357.000     3.4149     3.4168   3.299163   3.299726   49.00508  -16.50185     5.8416     5.9661   2323.946    34.9443    34.9490 0.0000e+00
   3214.178      77141   2358.000     3.4134     3.4153   3.299056   3.299629   49.00508  -16.50186     5.8415     5.9657   2324.927    34.9442    34.9490 0.0000e+00
   3215.170      77165   2359.000     3.4121     3.4138   3.298975   3.299543   49.00508  -16.50186     5.8392     5.9662   2325.907    34.9441    34.9490 0.0000e+00
   3216.147      77189   2360.000     3.4104     3.4120   3.298889   3.299447   49.00508  -16.50186     5.8387     5.9677   2326.888    34.9445    34.9494 0.0000e+00
   3217.119      77212   2361.000     3.4082     3.4099   3.298755   3.299301   49.00509  -16.50185     5.8409     5.9682   2327.868    34.9446    34.9494 0.0000e+00
   3218.092      77235   2362.000     3.4068     3.4085   3.298633   3.299187   49.00510  -16.50184     5.8420     5.9685   2328.849    34.9443    34.9490 0.0000e+00
   3219.063      77259   2363.000     3.4059     3.4076   3.298575   3.299135   49.00510  -16.50184     5.8426     5.9694   2329.829    34.9441    34.9488 0.0000e+00
   3220.026      77282   2364.000     3.4051     3.4067   3.298543   3.299100   49.00509  -16.50184     5.8404     5.9681   2330.810    34.9441    34.9489 0.0000e+00
   3220.984      77305   2365.000     3.4038     3.4054   3.298496   3.299043   49.00508  -16.50185     5.8402     5.9649   2331.790    34.9444    34.9492 0.0000e+00
   3221.952      77328   2366.000     3.4019     3.4035   3.298391   3.298937   49.00508  -16.50186     5.8405     5.9626   2332.771    34.9447    34.9495 0.0000e+00
   3222.940      77352   2367.000     3.4000     3.4017   3.298250   3.298807   49.00508  -16.50186     5.8392     5.9623   2333.751    34.9445    34.9494 0.0000e+00
   3223.943      77376   2368.000     3.3982     3.3999   3.298136   3.298702   49.00508  -16.50186     5.8401     5.9603   2334.732    34.9447    34.9496 0.0000e+00
   3224.944      77400   2369.000     3.3955     3.3972   3.297982   3.298540   49.00508  -16.50186     5.8392     5.9602   2335.712    34.9451    34.9500 0.0000e+00
   3225.928      77423   2370.000     3.3931     3.3947   3.297790   3.298345   49.00508  -16.50186     5.8389     5.9619   2336.693    34.9450    34.9498 0.0000e+00
   3226.896      77446   2371.000     3.3912     3.3929   3.297648   3.298206   49.00508  -16.50185     5.8409     5.9619   2337.673    34.9448    34.9496 0.0000e+00
   3227.859      77470   2372.000     3.3897     3.3914   3.297537   3.298100   49.00509  -16.50185     5.8397     5.9619   2338.654    34.9446    34.9495 0.0000e+00
   3228.825      77493   2373.000     3.3884     3.3901   3.297454   3.298019   49.00509  -16.50184     5.8372     5.9613   2339.634    34.9445    34.9495 0.0000e+00
   3229.797      77516   2374.000     3.3871     3.3888   3.297380   3.297939   49.00509  -16.50185     5.8357     5.9588   2340.615    34.9445    34.9494 0.0000e+00
   3230.772      77540   2375.000     3.3862     3.3879   3.297317   3.297878   49.00508  -16.50186     5.8348     5.9576   2341.595    34.9443    34.9492 0.0000e+00
   3231.751      77563   2376.000     3.3855     3.3872   3.297288   3.297848   49.00508  -16.50186     5.8346     5.9587   2342.576    34.9442    34.9491 0.0000e+00
   3232.738      77587   2377.000     3.3848     3.3865   3.297269   3.297825   49.00508  -16.50186     5.8363     5.9597   2343.556    34.9443    34.9491 0.0000e+00
   3233.733      77611   2378.000     3.3842     3.3860   3.297251   3.297816   49.00508  -16.50186     5.8368     5.9594   2344.537    34.9442    34.9490 0.0000e+00
   3234.728      77634   2379.000     3.3837     3.3856   3.297245   3.297819   49.00508  -16.50186     5.8358     5.9585   2345.517    34.9442    34.9490 0.0000e+00
   3235.713      77658   2380.000     3.3829     3.3848   3.297231   3.297810   49.00509  -16.50186     5.8359     5.9590   2346.498    34.9444    34.9493 0.0000e+00
   3236.682      77681   2381.000     3.3816     3.3835   3.297176   3.297756   49.00509  -16.50186     5.8368     5.9599   2347.478    34.9447    34.9496 0.0000e+00
   3237.642      77704   2382.000     3.3806     3.3822   3.297112   3.297678   49.00510  -16.50185     5.8371     5.9608   2348.458    34.9446    34.9496 0.0000e+00
   3238.599      77727   2383.000     3.3796     3.3813   3.297072   3.297623   49.00510  -16.50186     5.8348     5.9609   2349.439    34.9446    34.9494 0.0000e+00
   3239.561      77750   2384.000     3.3790     3.3809   3.297039   3.297603   49.00510  -16.50186     5.8325     5.9591   2350.419    34.9444    34.9491 0.0000e+00
   3240.537      77774   2385.000     3.3788     3.3807   3.297045   3.297619   49.00510  -16.50186     5.8304     5.9574   2351.400    34.9442    34.9490 0.0000e+00
   3241.527      77798   2386.000     3.3788     3.3807   3.297071   3.297653   49.00509  -16.50186     5.8286     5.9568   2352.380    34.9441    34.9490 0.0000e+00
   3242.526      77822   2387.000     3.3787     3.3806   3.297105   3.297688   49.00510  -16.50186     5.8280     5.9574   2353.361    34.9441    34.9490 0.0000e+00
   3243.520      77845   2388.000     3.3786     3.3805   3.297136   3.297717   49.00510  -16.50186     5.8276     5.9567   2354.341    34.9441    34.9490 0.0000e+00
   3244.507      77869   2389.000     3.3784     3.3803   3.297160   3.297739   49.00510  -16.50186     5.8305     5.9565   2355.322    34.9442    34.9491 0.0000e+00
   3245.485      77893   2390.000     3.3780     3.3799   3.297175   3.297754   49.00510  -16.50186     5.8317     5.9558   2356.302    34.9443    34.9492 0.0000e+00
   3246.457      77916   2391.000     3.3775     3.3793   3.297173   3.297748   49.00510  -16.50186     5.8300     5.9570   2357.282    34.9444    34.9492 0.0000e+00
   3247.422      77939   2392.000     3.3769     3.3788   3.297161   3.297734   49.00510  -16.50185     5.8294     5.9591   2358.263    34.9444    34.9492 0.0000e+00
   3248.383      77962   2393.000     3.3763     3.3782   3.297153   3.297728   49.00510  -16.50186     5.8297     5.9594   2359.243    34.9444    34.9492 0.0000e+00
   3249.350      77985   2394.000     3.3757     3.3775   3.297142   3.297715   49.00509  -16.50186     5.8320     5.9569   2360.224    34.9445    34.9493 0.0000e+00
   3250.334      78009   2395.000     3.3750     3.3769   3.297120   3.297693   49.00508  -16.50186     5.8308     5.9563   2361.204    34.9445    34.9492 0.0000e+00
   3251.338      78033   2396.000     3.3746     3.3766   3.297109   3.297691   49.00508  -16.50186     5.8276     5.9570   2362.184    34.9443    34.9491 0.0000e+00
   3252.347      78057   2397.000     3.3742     3.3763   3.297117   3.297706   49.00509  -16.50186     5.8287     5.9557   2363.165    34.9443    34.9491 0.0000e+00
   3253.340      78081   2398.000     3.3735     3.3755   3.297110   3.297700   49.00510  -16.50186     5.8304     5.9539   2364.145    34.9446    34.9494 0.0000e+00
   3254.307      78104   2399.000     3.3718     3.3738   3.297051   3.297635   49.00510  -16.50186     5.8297     5.9523   2365.125    34.9451    34.9500 0.0000e+00
   3255.260      78127   2400.000     3.3694     3.3713   3.296897   3.297478   49.00509  -16.50185     5.8271     5.9531   2366.106    34.9454    34.9503 0.0000e+00
   3256.214      78150   2401.000     3.3676     3.3694   3.296748   3.297320   49.00508  -16.50185     5.8247     5.9547   2367.086    34.9451    34.9499 0.0000e+00
   3257.185      78173   2402.000     3.3663     3.3679   3.296651   3.297211   49.00508  -16.50185     5.8235     5.9551   2368.067    34.9449    34.9498 0.0000e+00
   3258.170      78197   2403.000     3.3650     3.3667   3.296577   3.297130   49.00508  -16.50186     5.8217     5.9533   2369.047    34.9448    34.9496 0.0000e+00
   3259.153      78221   2404.000     3.3639     3.3657   3.296514   3.297076   49.00509  -16.50186     5.8213     5.9534   2370.027    34.9448    34.9495 0.0000e+00
   3260.130      78244   2405.000     3.3631     3.3650   3.296468   3.297040   49.00510  -16.50186     5.8245     5.9547   2371.008    34.9447    34.9494 0.0000e+00
   3261.109      78268   2406.000     3.3623     3.3642   3.296438   3.297012   49.00510  -16.50186     5.8257     5.9548   2371.988    34.9446    34.9494 0.0000e+00
   3262.100      78291   2407.000     3.3618     3.3637   3.296414   3.296993   49.00510  -16.50186     5.8249     5.9547   2372.968    34.9445    34.9493 0.0000e+00
   3263.098      78315   2408.000     3.3616     3.3635   3.296427   3.297005   49.00509  -16.50186     5.8255     5.9553   2373.949    34.9443    34.9492 0.0000e+00
   3264.085      78339   2409.000     3.3615     3.3634   3.296457   3.297031   49.00508  -16.50186     5.8247     5.9550   2374.929    34.9443    34.9492 0.0000e+00
