Data_example/SBE_Data_Processed/JC231/SeaBird/Data/Processed/JC231_CTD_010cfaldb.cnv
* Sea-Bird SBE 9 Data File:
* FileName = C:\Users\sandm\Documents\Cruises\JC231\CTD Data\CTD Raw Data\JC231_CTD_010.hex
* Software Version Seasave V 7.26.7.121
* Temperature SN = 5700
* Conductivity SN = 2164
* Number of Bytes Per Scan = 41
* Number of Voltage Words = 4
* Number of Scans Averaged by the Deck Unit = 1
* NMEA Latitude = 48 58.41 N
* NMEA Longitude = 016 27.23 W
* NMEA UTC (Time) = May 14 2022  20:10:12
* NMEA baud rate = 9600
** Ship: RRS James Cook
** Cruise: JC231
** Cast: 010
** Event:
** Station:
** Julian Day: 134
** Time (GMT): 20:10
** Latitude: 48 58.568 ' N
** Longitude: 16 27.822 ' W
** Depth (uncorrected m): 4808m
** Principal Scientist: Dr Susan Hartman
** Operator:  TP / JG
# nquan = 15
# nvalues = 203                         
# units = specified
# name 0 = timeS: Time, Elapsed [seconds]
# name 1 = scan: Scan Count
# name 2 = prDM: Pressure, Digiquartz [db]
# name 3 = t090C: Temperature [ITS-90, deg C]
# name 4 = t190C: Temperature, 2 [ITS-90, deg C]
# name 5 = c0S/m: Conductivity [S/m]
# name 6 = c1S/m: Conductivity, 2 [S/m]
# name 7 = latitude: Latitude [deg]
# name 8 = longitude: Longitude [deg]
# name 9 = sbeox0ML/L: Oxygen, SBE 43 [ml/l]
# name 10 = sbeox1ML/L: Oxygen, SBE 43, 2 [ml/l]
# name 11 = depSM: Depth [salt water, m], lat = 48.9735
# name 12 = sal00: Salinity, Practical [PSU]
# name 13 = sal11: Salinity, Practical, 2 [PSU]
# name 14 = flag: flag
# span 0 =    280.891,   3302.673       
# span 1 =       6742,      79265       
# span 2 =      1.000,    103.000       
# span 3 =    12.2682,    14.3577       
# span 4 =    12.2699,    14.3958       
# span 5 =   3.975822,   4.292830       
# span 6 =   3.965837,   4.332974       
# span 7 =   48.94511,   48.97358       
# span 8 =  -16.45376,  -16.44418       
# span 9 =     4.5768,     6.4444       
# span 10 =     4.0000,     6.0047      
# span 11 =      0.992,    102.101      
# span 12 =    32.7429,    35.8303      
# span 13 =    32.6171,    36.2358      
# span 14 = 0.0000e+00, 0.0000e+00      
# interval = decibars: 1                
# start_time = May 14 2022 20:10:13 [System UTC, first data scan.]
# bad_flag = -9.990e-29
*END*
    280.891       6742      1.000    14.2823    14.3261   3.975822   3.965837   48.97358  -16.45376     6.0150     5.5399      0.992    32.7429    32.6171 0.0000e+00
    287.013       6889      2.000    14.3078    14.3054   4.291470   4.313092   48.97358  -16.45376     5.3801     5.0772      1.983    35.6264    35.8296 0.0000e+00
    292.409       7019      3.000    14.3577    14.3274   4.292830   4.323964   48.97358  -16.45376     4.8542     4.8567      2.975    35.5929    35.9102 0.0000e+00
    296.904       7127      4.000    14.3269    14.3790   4.283823   4.329660   48.97358  -16.45376     4.7726     4.5685      3.966    35.5372    35.9147 0.0000e+00
    300.201       7206      5.000    14.3234    14.3958   4.281135   4.326135   48.97358  -16.45376     4.7089     4.5296      4.958    35.5151    35.8659 0.0000e+00
    303.186       7277      6.000    14.3213    14.3662   4.280563   4.329444   48.97358  -16.45376     4.6685     4.3151      5.949    35.5113    35.9238 0.0000e+00
    305.967       7344      7.000    14.3114    14.3707   4.280430   4.332974   48.97358  -16.45376     4.6025     4.0536      6.941    35.5188    35.9519 0.0000e+00
    309.639       7432      8.000    14.2841    14.3201   4.281880   4.332366   48.97358  -16.45376     4.5768     4.0364      7.932    35.5569    35.9930 0.0000e+00
    312.609       7504      9.000    14.1928    14.1104   4.281796   4.330154   48.97358  -16.45376     4.6003     4.0218      8.923    35.6402    36.1684 0.0000e+00
    315.277       7568     10.000    14.0036    13.9768   4.283381   4.323959   48.97358  -16.45376     4.5893     4.0000      9.915    35.8303    36.2358 0.0000e+00
    331.137       7948     11.000    13.9990    13.9631   4.281118   4.319834   48.97358  -16.45376     4.7080     4.0269     10.906    35.8130    36.2096 0.0000e+00
    454.181      10901     12.000    13.9380    13.9442   4.255360   4.254997   48.97356  -16.45375     6.3965     6.0047     11.898    35.6280    35.6189 0.0000e+00
    454.262      10903     13.000    13.9210    13.9229   4.253548   4.254351   48.97356  -16.45376     6.3547     5.9629     12.889    35.6265    35.6322 0.0000e+00
    456.609      10960     14.000    13.9189    13.9160   4.253158   4.253515   48.97356  -16.45374     6.3630     5.9597     13.881    35.6243    35.6304 0.0000e+00
    459.655      11033     15.000    13.9148    13.9129   4.252284   4.253154   48.97356  -16.45374     6.3554     5.9577     14.872    35.6195    35.6294 0.0000e+00
    462.319      11097     16.000    13.9066    13.9076   4.249144   4.252712   48.97356  -16.45376     6.3410     5.9540     15.864    35.5972    35.6298 0.0000e+00
    464.754      11155     17.000    13.9026    13.9031   4.251262   4.252257   48.97356  -16.45374     6.3295     5.9495     16.855    35.6204    35.6293 0.0000e+00
    467.197      11214     18.000    13.9015    13.8995   4.251515   4.251923   48.97356  -16.45375     6.3373     5.9511     17.847    35.6234    35.6290 0.0000e+00
    470.226      11286     19.000    13.8968    13.8963   4.251241   4.251622   48.97356  -16.45376     6.3234     5.9467     18.838    35.6247    35.6288 0.0000e+00
    472.854      11350     20.000    13.8919    13.8930   4.250727   4.251326   48.97356  -16.45374     6.3036     5.9373     19.829    35.6240    35.6287 0.0000e+00
    475.086      11403     21.000    13.8903    13.8904   4.250561   4.251102   48.97356  -16.45374     6.3079     5.9372     20.821    35.6236    35.6285 0.0000e+00
    477.897      11471     22.000    13.8899    13.8896   4.250563   4.250992   48.97356  -16.45375     6.3080     5.9357     21.812    35.6235    35.6278 0.0000e+00
    481.147      11549     23.000    13.8824    13.8869   4.249964   4.250932   48.97356  -16.45375     6.2874     5.9332     22.804    35.6244    35.6293 0.0000e+00
    483.240      11599     24.000    13.8768    13.8765   4.249404   4.249975   48.97356  -16.45374     6.2825     5.9310     23.795    35.6239    35.6296 0.0000e+00
    485.614      11656     25.000    13.8751    13.8690   4.249191   4.249144   48.97357  -16.45374     6.2837     5.9275     24.787    35.6231    35.6284 0.0000e+00
    488.723      11730     26.000    13.8644    13.8653   4.248268   4.248778   48.97357  -16.45374     6.2758     5.9268     25.778    35.6239    35.6279 0.0000e+00
    491.334      11793     27.000    13.8587    13.8600   4.247624   4.248278   48.97356  -16.45374     6.2686     5.9245     26.769    35.6228    35.6277 0.0000e+00
    493.476      11844     28.000    13.8577    13.8558   4.247460   4.247854   48.97358  -16.45374     6.2783     5.9189     27.761    35.6218    35.6273 0.0000e+00
    496.675      11921     29.000    13.8555    13.8547   4.247383   4.247731   48.97357  -16.45375     6.2663     5.9238     28.752    35.6227    35.6266 0.0000e+00
    499.076      11979     30.000    13.8485    13.8492   4.246770   4.247326   48.97358  -16.45374     6.2564     5.9249     29.743    35.6230    35.6276 0.0000e+00
    501.293      12032     31.000    13.8411    13.8411   4.246082   4.246576   48.97358  -16.45374     6.2543     5.9230     30.735    35.6230    35.6276 0.0000e+00
    503.537      12086     32.000    13.8322    13.8325   4.245200   4.245709   48.97358  -16.45374     6.2499     5.9231     31.726    35.6226    35.6271 0.0000e+00
    505.765      12139     33.000    13.8268    13.8250   4.244628   4.244997   48.97358  -16.45374     6.2613     5.9244     32.718    35.6218    35.6269 0.0000e+00
    508.129      12196     34.000    13.8265    13.8179   4.244453   4.244220   48.97356  -16.45374     6.2714     5.9269     33.709    35.6200    35.6258 0.0000e+00
    511.783      12284     35.000    13.8022    13.8115   4.242718   4.243975   48.97358  -16.45376     6.2407     5.9243     34.700    35.6259    35.6291 0.0000e+00
    513.603      12327     36.000    13.7728    13.7700   4.239844   4.240470   48.97358  -16.45374     6.2556     5.9236     35.692    35.6257    35.6343 0.0000e+00
    515.304      12368     37.000    13.7622    13.7308   4.238128   4.236276   48.97358  -16.45374     6.2653     5.9290     36.683    35.6191    35.6309 0.0000e+00
    517.818      12429     38.000    13.7354    13.7092   4.236382   4.233388   48.97358  -16.45374     6.2797     5.9288     37.674    35.6272    35.6234 0.0000e+00
    521.196      12510     39.000    13.5628    13.6070   4.222480   4.226584   48.97358  -16.45374     6.3810     5.9380     38.666    35.6567    35.6542 0.0000e+00
    523.504      12565     40.000    13.2272    13.2556   4.191135   4.195548   48.97358  -16.45374     6.4444     5.9039     39.657    35.6735    35.6888 0.0000e+00
    525.070      12603     41.000    13.1009    13.0633   4.173488   4.171979   48.97358  -16.45374     6.4110     5.8814     40.648    35.6236    35.6445 0.0000e+00
    526.994      12649     42.000    13.1288    12.9805   4.172435   4.160085   48.97358  -16.45374     6.4198     5.8758     41.640    35.5869    35.6083 0.0000e+00
    530.932      12743     43.000    12.9651    13.0733   4.160750   4.170823   48.97358  -16.45374     6.4278     5.9044     42.631    35.6288    35.6232 0.0000e+00
    532.967      12792     44.000    12.8545    12.8795   4.147864   4.152586   48.97358  -16.45374     6.3973     5.8696     43.622    35.6090    35.6308 0.0000e+00
    535.099      12843     45.000    12.8172    12.7966   4.143710   4.142364   48.97358  -16.45374     6.3880     5.8576     44.614    35.6039    35.6105 0.0000e+00
    537.367      12898     46.000    12.7550    12.7470   4.137302   4.136836   48.97358  -16.45374     6.3661     5.8382     45.605    35.6006    35.6037 0.0000e+00
    539.863      12958     47.000    12.7485    12.7294   4.135882   4.134350   48.97358  -16.45374     6.3320     5.8257     46.596    35.5927    35.5960 0.0000e+00
    542.855      13030     48.000    12.7114    12.7222   4.132865   4.134080   48.97358  -16.45374     6.3224     5.8221     47.587    35.5982    35.5997 0.0000e+00
    544.755      13075     49.000    12.6808    12.6784   4.129594   4.130018   48.97358  -16.45374     6.2994     5.7995     48.579    35.5953    35.6016 0.0000e+00
    546.833      13125     50.000    12.6781    12.6609   4.128600   4.127476   48.97358  -16.45374     6.2818     5.7866     49.570    35.5878    35.5933 0.0000e+00
    550.129      13204     51.000    12.6579    12.6744   4.127073   4.128900   48.97358  -16.45374     6.2598     5.8011     50.561    35.5918    35.5938 0.0000e+00
    552.341      13257     52.000    12.6408    12.6485   4.125306   4.126799   48.97358  -16.45374     6.2547     5.8000     51.553    35.5904    35.5976 0.0000e+00
    553.973      13296     53.000    12.6366    12.6353   4.124705   4.125207   48.97358  -16.45373     6.2473     5.8044     52.544    35.5882    35.5942 0.0000e+00
    556.109      13348     54.000    12.6331    12.6300   4.124367   4.124439   48.97358  -16.45373     6.2450     5.8097     53.535    35.5878    35.5914 0.0000e+00
    560.247      13447     55.000    12.6241    12.6348   4.123638   4.125162   48.97358  -16.45373     6.2361     5.8045     54.526    35.5888    35.5934 0.0000e+00
    562.422      13499     56.000    12.6117    12.6172   4.122509   4.123778   48.97358  -16.45372     6.2261     5.7933     55.518    35.5893    35.5963 0.0000e+00
    563.682      13529     57.000    12.6057    12.6034   4.121693   4.122159   48.97358  -16.45372     6.2173     5.7752     56.509    35.5865    35.5933 0.0000e+00
    565.264      13567     58.000    12.6065    12.5932   4.121523   4.120807   48.97358  -16.45372     6.2158     5.7565     57.500    35.5837    35.5895 0.0000e+00
    570.246      13687     59.000    12.5967    12.6071   4.121142   4.122340   48.97358  -16.45373     6.1877     5.7730     58.491    35.5889    35.5906 0.0000e+00
    571.997      13729     60.000    12.5832    12.5917   4.119690   4.121264   48.97358  -16.45372     6.1752     5.7614     59.483    35.5873    35.5944 0.0000e+00
    573.280      13760     61.000    12.5811    12.5831   4.119526   4.120330   48.97358  -16.45372     6.1680     5.7393     60.474    35.5872    35.5930 0.0000e+00
    574.883      13798     62.000    12.5821    12.5799   4.119610   4.119997   48.97358  -16.45372     6.1596     5.7238     61.465    35.5866    35.5924 0.0000e+00
    579.805      13916     63.000    12.5761    12.5831   4.119340   4.120281   48.97358  -16.45373     6.1367     5.7398     62.456    35.5892    35.5917 0.0000e+00
    581.640      13960     64.000    12.5646    12.5682   4.118523   4.119333   48.97358  -16.45372     6.1286     5.7263     63.447    35.5918    35.5962 0.0000e+00
    583.079      13995     65.000    12.5498    12.5474   4.117123   4.117414   48.97358  -16.45372     6.1217     5.7051     64.439    35.5918    35.5969 0.0000e+00
    584.681      14033     66.000    12.5447    12.5301   4.116026   4.115310   48.97358  -16.45372     6.1160     5.6897     65.430    35.5857    35.5925 0.0000e+00
    587.871      14110     67.000    12.5376    12.5377   4.115518   4.115792   48.97358  -16.45373     6.1151     5.6965     66.421    35.5870    35.5896 0.0000e+00
    591.738      14203     68.000    12.4863    12.5201   4.110778   4.115190   48.97358  -16.45373     6.0943     5.7089     67.412    35.5894    35.6000 0.0000e+00
    593.266      14239     69.000    12.4552    12.4649   4.106957   4.108894   48.97358  -16.45372     6.0788     5.6674     68.403    35.5814    35.5910 0.0000e+00
    594.657      14273     70.000    12.4441    12.4411   4.105021   4.105536   48.97358  -16.45372     6.0747     5.6417     69.395    35.5728    35.5806 0.0000e+00
    596.511      14317     71.000    12.4531    12.4300   4.105438   4.103586   48.97358  -16.45372     6.0649     5.6305     70.386    35.5678    35.5717 0.0000e+00
    601.431      14435     72.000    12.4344    12.4526   4.104216   4.106700   48.97358  -16.45374     6.0373     5.6555     71.377    35.5732    35.5801 0.0000e+00
    602.998      14473     73.000    12.4247    12.4316   4.102805   4.104372   48.97358  -16.45373     6.0243     5.6409     72.368    35.5683    35.5770 0.0000e+00
    604.245      14503     74.000    12.4256    12.4284   4.102883   4.103706   48.97358  -16.45372     6.0144     5.6308     73.359    35.5678    35.5731 0.0000e+00
    607.488      14581     75.000    12.4286    12.4289   4.103349   4.103752   48.97358  -16.45373     6.0218     5.6319     74.351    35.5691    35.5727 0.0000e+00
    611.029      14666     76.000    12.4305    12.4305   4.103768   4.103988   48.97358  -16.45373     6.0026     5.6315     75.342    35.5708    35.5730 0.0000e+00
    612.250      14695     77.000    12.4288    12.4286   4.104031   4.104287   48.97358  -16.45372     6.0062     5.6374     76.333    35.5746    35.5773 0.0000e+00
    613.536      14726     78.000    12.4248    12.4221   4.103686   4.103875   48.97358  -16.45372     6.0139     5.6471     77.324    35.5746    35.5790 0.0000e+00
    616.143      14788     79.000    12.4259    12.4222   4.103610   4.103700   48.97358  -16.45372     6.0189     5.6471     78.315    35.5724    35.5768 0.0000e+00
    620.622      14896     80.000    12.4136    12.4263   4.102829   4.104374   48.97358  -16.45372     6.0071     5.6471     79.306    35.5760    35.5789 0.0000e+00
    622.527      14942     81.000    12.4041    12.4104   4.101915   4.103084   48.97358  -16.45372     5.9941     5.6376     80.297    35.5758    35.5811 0.0000e+00
    624.157      14981     82.000    12.4041    12.4057   4.101899   4.102581   48.97358  -16.45372     5.9925     5.6392     81.288    35.5752    35.5802 0.0000e+00
    625.662      15017     83.000    12.4054    12.4045   4.102140   4.102534   48.97358  -16.45372     6.0013     5.6419     82.280    35.5758    35.5805 0.0000e+00
    628.986      15097     84.000    12.4044    12.4064   4.102123   4.102694   48.97358  -16.45373     6.0095     5.6448     83.271    35.5761    35.5798 0.0000e+00
    632.317      15177     85.000    12.4004    12.4057   4.101860   4.102755   48.97358  -16.45373     5.9952     5.6445     84.262    35.5769    35.5806 0.0000e+00
    634.022      15218     86.000    12.3974    12.3997   4.101572   4.102241   48.97358  -16.45372     5.9937     5.6415     85.253    35.5766    35.5809 0.0000e+00
    635.942      15264     87.000    12.3975    12.3975   4.101518   4.101950   48.97358  -16.45373     5.9856     5.6331     86.244    35.5755    35.5797 0.0000e+00
    638.718      15330     88.000    12.3960    12.3987   4.101502   4.102066   48.97358  -16.45374     5.9812     5.6379     87.235    35.5763    35.5793 0.0000e+00
    641.227      15390     89.000    12.3917    12.3951   4.101200   4.101978   48.97358  -16.45374     5.9811     5.6382     88.226    35.5771    35.5814 0.0000e+00
    643.234      15439     90.000    12.3857    12.3864   4.100815   4.101370   48.97358  -16.45374     5.9799     5.6370     89.217    35.5786    35.5833 0.0000e+00
    645.478      15492     91.000    12.3839    12.3774   4.100563   4.100600   48.97358  -16.45374     5.9843     5.6410     90.208    35.5774    35.5839 0.0000e+00
    649.073      15579     92.000    12.3667    12.3772   4.099424   4.100627   48.97358  -16.45374     5.9787     5.6452     91.200    35.5823    35.5839 0.0000e+00
    650.914      15623     93.000    12.3493    12.3534   4.097718   4.098791   48.97358  -16.45374     5.9757     5.6383     92.191    35.5818    35.5883 0.0000e+00
    652.475      15660     94.000    12.3468    12.3365   4.097053   4.096861   48.97358  -16.45374     5.9757     5.6319     93.182    35.5772    35.5851 0.0000e+00
    655.287      15728     95.000    12.3427    12.3356   4.096889   4.096403   48.97358  -16.45374     5.9772     5.6335     94.173    35.5791    35.5811 0.0000e+00
    658.392      15802     96.000    12.3154    12.3250   4.094463   4.095886   48.97358  -16.45374     5.9718     5.6272     95.164    35.5810    35.5857 0.0000e+00
