Data_example/SBE_Data_Processed/JC231/SeaBird/Data/Processed/JC231_CTD_003cfaldb.cnv
* Sea-Bird SBE 9 Data File:
* FileName = C:\Users\sandm\Documents\Cruises\JC231\CTD Data\CTD Raw Data\JC231_CTD_003.hex
* Software Version Seasave V 7.26.7.121
* Temperature SN = 5700
* Conductivity SN = 2164
* Number of Bytes Per Scan = 41
* Number of Voltage Words = 4
* Number of Scans Averaged by the Deck Unit = 1
* NMEA Latitude = 48 57.37 N
* NMEA Longitude = 016 23.99 W
* NMEA UTC (Time) = May 05 2022  07:30:20
* NMEA baud rate = 9600
** Ship: RRS James Cook
** Cruise: JC231
** Cast: 003
** Event:
** Station:
** Julian Day: 125
** Time (GMT): 07:30
** Latitude: 48 57.362' N
** Longitude: 16 23.982'' W
** Depth (uncorrected m): 4812m
** Principal Scientist: Dr Susan Hartman
** Operator:  TP / JG
# nquan = 15
# nvalues = 409                         
# units = specified
# name 0 = timeS: Time, Elapsed [seconds]
# name 1 = scan: Scan Count
# name 2 = prDM: Pressure, Digiquartz [db]
# name 3 = t090C: Temperature [ITS-90, deg C]
# name 4 = t190C: Temperature, 2 [ITS-90, deg C]
# name 5 = c0S/m: Conductivity [S/m]
# name 6 = c1S/m: Conductivity, 2 [S/m]
# name 7 = latitude: Latitude [deg]
# name 8 = longitude: Longitude [deg]
# name 9 = sbeox0ML/L: Oxygen, SBE 43 [ml/l]
# name 10 = sbeox1ML/L: Oxygen, SBE 43, 2 [ml/l]
# name 11 = depSM: Depth [salt water, m], lat = 48.9562
# name 12 = sal00: Salinity, Practical [PSU]
# name 13 = sal11: Salinity, Practical, 2 [PSU]
# name 14 = flag: flag
# span 0 =    576.540,   2168.842       
# span 1 =      13838,      52053       
# span 2 =      1.000,    205.000       
# span 3 =    11.2888,    14.4447       
# span 4 =    11.2891,    14.2857       
# span 5 =   3.961687,   4.303155       
# span 6 =   3.931837,   4.328266       
# span 7 =   48.95620,   48.95622       
# span 8 =  -16.39994,  -16.39988       
# span 9 =     4.1336,     6.1349       
# span 10 =     4.4842,     6.3449      
# span 11 =      0.992,    203.161      
# span 12 =    32.6619,    35.7753      
# span 13 =    32.3429,    36.0808      
# span 14 = 0.0000e+00, 0.0000e+00      
# interval = decibars: 1                
# start_time = May 05 2022 07:30:21 [System UTC, first data scan.]
# bad_flag = -9.990e-29
*END*
[from data line 386]
   1934.420      46427     23.000    13.0894    13.0904   4.165079   4.165969   48.95622  -16.39992     6.0166     6.0913     22.804    35.5619    35.5695 0.0000e+00
   1936.443      46476     22.000    13.1168    13.0881   4.168047   4.166564   48.95622  -16.39992     6.0273     6.0960     21.812    35.5650    35.5778 0.0000e+00
   1938.334      46521     21.000    13.1396    13.0784   4.170518   4.165217   48.95622  -16.39992     6.0245     6.0931     20.821    35.5676    35.5745 0.0000e+00
   1940.133      46564     20.000    13.1526    13.1010   4.172108   4.166432   48.95622  -16.39992     6.0286     6.1035     19.830    35.5710    35.5652 0.0000e+00
   1942.265      46615     19.000    13.1586    13.1454   4.172792   4.171286   48.95622  -16.39992     6.0374     6.1248     18.838    35.5723    35.5704 0.0000e+00
   1944.632      46672     18.000    13.1742    13.1663   4.173906   4.173770   48.95622  -16.39992     6.0385     6.1337     17.847    35.5687    35.5748 0.0000e+00
   1946.451      46716     17.000    13.2065    13.1753   4.176938   4.174603   48.95622  -16.39992     6.0602     6.1315     16.855    35.5677    35.5747 0.0000e+00
   1948.031      46754     16.000    13.2200    13.2098   4.178642   4.177038   48.95622  -16.39992     6.0875     6.1497     15.864    35.5717    35.5660 0.0000e+00
   1949.791      46796     15.000    13.2332    13.2544   4.179886   4.181917   48.95622  -16.39992     6.0998     6.1982     14.872    35.5716    35.5711 0.0000e+00
   1952.026      46850     14.000    13.2441    13.2631   4.181172   4.183630   48.95622  -16.39992     6.1062     6.2086     13.881    35.5741    35.5797 0.0000e+00
   1954.391      46906     13.000    13.2771    13.2595   4.183274   4.183252   48.95622  -16.39992     6.1063     6.1954     12.889    35.5636    35.5798 0.0000e+00
   1956.551      46958     12.000    13.3548    13.2623   4.191123   4.183268   48.95622  -16.39992     6.1349     6.1882     11.898    35.5658    35.5778 0.0000e+00
   2033.436      48803     11.000    13.5913    13.6150   4.216124   4.218384   48.95620  -16.39993     6.1183     6.1988     10.906    35.5820    35.5813 0.0000e+00
   2039.478      48948     10.000    13.6371    13.7532   4.220142   4.228575   48.95620  -16.39994     6.1074     6.1740      9.915    35.5777    35.5491 0.0000e+00
   2041.253      48991      9.000    13.7135    14.0009   4.225887   4.251403   48.95620  -16.39994     6.1071     6.1476      8.924    35.5612    35.5339 0.0000e+00
   2043.335      49041      8.000    13.8372    14.0879   4.238776   4.264956   48.95620  -16.39994     6.0913     6.0924      7.932    35.5678    35.5805 0.0000e+00
   2045.732      49099      7.000    13.8745    14.0274   4.243843   4.261543   48.95620  -16.39993     6.0618     6.1096      6.941    35.5811    35.6051 0.0000e+00
   2127.820      51069      6.000    14.0842    14.1292   4.264574   4.270102   48.95621  -16.39994     6.0163     6.0897      5.949    35.5812    35.5911 0.0000e+00
   2160.768      51859      5.000    14.1648    14.1655   4.272577   4.273146   48.95622  -16.39994     5.9988     6.0739      4.958    35.5818    35.5864 0.0000e+00
   2162.832      51909      4.000    14.1636    14.1640   4.272415   4.272741   48.95622  -16.39994     5.9960     6.0790      3.966    35.5818    35.5845 0.0000e+00
   2164.745      51955      3.000    14.1630    14.1637   4.272299   4.271335   48.95622  -16.39994     5.9968     6.0779      2.975    35.5817    35.5721 0.0000e+00
   2166.636      52000      2.000    14.1625    14.1634   4.272200   4.262635   48.95622  -16.39994     5.9936     6.1024      1.983    35.5816    35.4917 0.0000e+00
   2168.842      52053      1.000    14.1616    14.1592   4.272070   4.166520   48.95621  -16.39994     5.9700     6.3449      0.992    35.5817    34.6032 0.0000e+00
