Data_example/SBE_Data_Processed/JC231/SeaBird/Data/Processed/JC231_CTD_008c.ros
* Sea-Bird SBE 9 Data File:
* FileName = C:\Users\sandm\Documents\Cruises\JC231\CTD Data\CTD Raw Data\JC231_CTD_008.hex
* Software Version Seasave V 7.26.7.121
* Temperature SN = 5700
* Conductivity SN = 2164
* Number of Bytes Per Scan = 41
* Number of Voltage Words = 4
* Number of Scans Averaged by the Deck Unit = 1
* NMEA Latitude = 49 00.50 N
* NMEA Longitude = 016 28.70 W
* NMEA UTC (Time) = May 13 2022  11:46:15
* NMEA baud rate = 9600
** Ship: RRS James Cook
** Cruise: JC231
** Cast: 008
** Event:
** Station:
** Julian Day: 133
** Time (GMT): 11:22
** Latitude: 49 0.538 ' N
** Longitude: 16 28.747' W
** Depth (uncorrected m): 4810m
** Principal Scientist: Dr Susan Hartman
** Operator:  TP / JG
# nquan = 13
# nvalues = 1176                                  
# units = specified
# name 0 = timeS: Time, Elapsed [seconds]
# name 1 = scan: Scan Count
# name 2 = prDM: Pressure, Digiquartz [db]
# name 3 = t090C: Temperature [ITS-90, deg C]
# name 4 = t190C: Temperature, 2 [ITS-90, deg C]
# name 5 = c0S/m: Conductivity [S/m]
# name 6 = c1S/m: Conductivity, 2 [S/m]
# name 7 = latitude: Latitude [deg]
# name 8 = longitude: Longitude [deg]
# name 9 = sbeox0ML/L: Oxygen, SBE 43 [ml/l]
# name 10 = sbeox1ML/L: Oxygen, SBE 43, 2 [ml/l]
# name 11 = nbf: Bottles Fired
# name 12 = flag:  0.000e+00
# interval = seconds: 0.0416667
# start_time = May 13 2022 11:46:16 [System UTC, first data scan.]
# bad_flag = -9.990e-29
*END*
[from data line 667]
  10852.792     260468    761.050     9.0895     9.0911   3.788406   3.788931   49.00796  -16.47970     4.2917     4.3154         14  0.000e+00
  10852.833     260469    761.322     9.0896     9.0912   3.788381   3.788950   49.00796  -16.47970     4.2957     4.3116         14  0.000e+00
  10852.875     260470    761.362     9.0896     9.0909   3.788393   3.788957   49.00796  -16.47970     4.2959     4.3115         14  0.000e+00
  10852.917     260471    761.159     9.0896     9.0909   3.788381   3.788925   49.00796  -16.47970     4.2919     4.3109         14  0.000e+00
  10852.958     260472    761.362     9.0896     9.0912   3.788393   3.788970   49.00796  -16.47970     4.2918     4.3103         14  0.000e+00
  10853.000     260473    761.159     9.0896     9.0910   3.788381   3.788931   49.00796  -16.47970     4.2916     4.3097         14  0.000e+00
  10853.042     260474    761.458     9.0896     9.0910   3.788394   3.788938   49.00796  -16.47970     4.2956     4.3098         14  0.000e+00
  10853.083     260475    761.254     9.0893     9.0911   3.788381   3.788931   49.00796  -16.47970     4.2958     4.3096         14  0.000e+00
  10853.125     260476    761.254     9.0893     9.0914   3.788374   3.788944   49.00796  -16.47970     4.2960     4.3134         14  0.000e+00
  10853.167     260477    761.362     9.0890     9.0911   3.788374   3.788906   49.00796  -16.47970     4.2963     4.3140         14  0.000e+00
  10853.208     260478    761.159     9.0890     9.0910   3.788297   3.788931   49.00796  -16.47970     4.2964     4.3143         14  0.000e+00
  10853.250     260479    761.227     9.0884     9.0914   3.788348   3.788919   49.00796  -16.47970     4.2967     4.3104         14  0.000e+00
  10853.292     260480    761.254     9.0888     9.0909   3.788348   3.788950   49.00796  -16.47970     4.2969     4.3148         14  0.000e+00
  10853.333     260481    761.254     9.0890     9.0914   3.788361   3.788950   49.00796  -16.47970     4.2971     4.3109         14  0.000e+00
  10853.375     260482    761.159     9.0888     9.0911   3.788323   3.788957   49.00796  -16.47970     4.2969     4.3147         14  0.000e+00
  10853.417     260483    761.362     9.0886     9.0912   3.788310   3.788950   49.00796  -16.47970     4.2973     4.3153         14  0.000e+00
  10853.458     260484    761.254     9.0886     9.0912   3.788329   3.788931   49.00796  -16.47970     4.2974     4.3157         14  0.000e+00
  10853.500     260485    761.254     9.0886     9.0910   3.788361   3.788944   49.00796  -16.47970     4.2976     4.3162         14  0.000e+00
  10853.542     260486    761.254     9.0886     9.0909   3.788323   3.788919   49.00796  -16.47970     4.2938     4.3123         14  0.000e+00
  10956.792     262964    741.231     9.1941     9.1931   3.796674   3.796978   49.00796  -16.47970     4.3005     4.3205         15  0.000e+00
  10956.833     262965    741.095     9.1938     9.1934   3.796642   3.796984   49.00796  -16.47970     4.3007     4.3247         15  0.000e+00
  10956.875     262966    741.136     9.1939     9.1939   3.796668   3.797003   49.00796  -16.47970     4.3009     4.3251         15  0.000e+00
  10956.917     262967    741.027     9.1938     9.1940   3.796642   3.797010   49.00796  -16.47970     4.2970     4.3211         15  0.000e+00
  10956.958     262968    741.095     9.1936     9.1938   3.796636   3.797029   49.00796  -16.47970     4.2965     4.3211         15  0.000e+00
  10957.000     262969    741.027     9.1933     9.1938   3.796610   3.797042   49.00796  -16.47970     4.2964     4.3215         15  0.000e+00
  10957.042     262970    741.027     9.1936     9.1939   3.796571   3.797054   49.00796  -16.47970     4.2962     4.3214         15  0.000e+00
  10957.083     262971    740.986     9.1935     9.1940   3.796571   3.797042   49.00796  -16.47970     4.2997     4.3257         15  0.000e+00
  10957.125     262972    741.027     9.1936     9.1940   3.796597   3.797042   49.00796  -16.47970     4.2999     4.3261         15  0.000e+00
  10957.167     262973    741.231     9.1936     9.1940   3.796604   3.797067   49.00796  -16.47970     4.3003     4.3266         15  0.000e+00
  10957.208     262974    740.987     9.1935     9.1941   3.796623   3.797080   49.00796  -16.47970     4.2964     4.3225         15  0.000e+00
  10957.250     262975    741.027     9.1933     9.1938   3.796636   3.797061   49.00796  -16.47970     4.2963     4.3224         15  0.000e+00
  10957.292     262976    740.932     9.1932     9.1940   3.796591   3.797074   49.00796  -16.47970     4.2961     4.3222         15  0.000e+00
  10957.333     262977    741.190     9.1932     9.1941   3.796565   3.797080   49.00796  -16.47970     4.2962     4.3222         15  0.000e+00
  10957.375     262978    741.136     9.1930     9.1943   3.796565   3.797080   49.00796  -16.47970     4.3001     4.3220         15  0.000e+00
  10957.417     262979    740.891     9.1930     9.1943   3.796539   3.797099   49.00796  -16.47970     4.2963     4.3218         15  0.000e+00
  10957.458     262980    741.027     9.1928     9.1941   3.796533   3.797074   49.00796  -16.47970     4.3003     4.3217         15  0.000e+00
  10957.500     262981    741.027     9.1927     9.1941   3.796513   3.797042   49.00796  -16.47970     4.3006     4.3216         15  0.000e+00
  10957.542     262982    741.190     9.1928     9.1940   3.796526   3.797016   49.00796  -16.47970     4.2970     4.3216         15  0.000e+00
  10957.583     262983    740.932     9.1928     9.1941   3.796552   3.797029   49.00796  -16.47970     4.2968     4.3213         15  0.000e+00
  10957.625     262984    741.136     9.1928     9.1945   3.796539   3.797067   49.00796  -16.47970     4.3005     4.3213         15  0.000e+00
  10957.667     262985    740.987     9.1927     9.1946   3.796552   3.797035   49.00796  -16.47970     4.2971     4.3211         15  0.000e+00
  10957.708     262986    741.027     9.1925     9.1946   3.796603   3.797061   49.00796  -16.47970     4.2971     4.3210         15  0.000e+00
  10957.750     262987    741.136     9.1925     9.1946   3.796526   3.797099   49.00796  -16.47970     4.2968     4.3209         15  0.000e+00
  10957.792     262988    740.892     9.1930     9.1946   3.796501   3.797054   49.00796  -16.47970     4.2967     4.3250         15  0.000e+00
  10957.833     262989    741.136     9.1927     9.1944   3.796501   3.797042   49.00796  -16.47970     4.2964     4.3212         15  0.000e+00
  10957.875     262990    741.027     9.1928     9.1945   3.796546   3.797054   49.00796  -16.47970     4.2960     4.3209         15  0.000e+00
  10957.917     262991    740.987     9.1927     9.1943   3.796501   3.797042   49.00796  -16.47970     4.3000     4.3208         15  0.000e+00
  10957.958     262992    741.027     9.1925     9.1942   3.796520   3.797016   49.00796  -16.47970     4.3005     4.3207         15  0.000e+00
  10958.000     262993    741.027     9.1927     9.1943   3.796507   3.797029   49.00796  -16.47970     4.2968     4.3205         15  0.000e+00
  10958.042     262994    740.987     9.1927     9.1945   3.796520   3.797042   49.00796  -16.47970     4.2968     4.3203         15  0.000e+00
  10958.083     262995    740.932     9.1927     9.1943   3.796533   3.797023   49.00796  -16.47970     4.2972     4.3202         15  0.000e+00
  10958.125     262996    741.027     9.1927     9.1938   3.796539   3.796984   49.00796  -16.47970     4.2973     4.3201         15  0.000e+00
  10958.167     262997    741.095     9.1928     9.1940   3.796533   3.796997   49.00796  -16.47970     4.2975     4.3243         15  0.000e+00
  10958.208     262998    741.028     9.1928     9.1940   3.796552   3.797010   49.00796  -16.47970     4.2975     4.3246         15  0.000e+00
  10958.250     262999    740.932     9.1928     9.1938   3.796539   3.797029   49.00796  -16.47970     4.2972     4.3206         15  0.000e+00
  10958.292     263000    741.095     9.1928     9.1939   3.796552   3.797023   49.00796  -16.47970     4.3011     4.3205         15  0.000e+00
  10958.333     263001    741.028     9.1927     9.1938   3.796603   3.797061   49.00796  -16.47970     4.2971     4.3202         15  0.000e+00
  10958.375     263002    740.932     9.1927     9.1941   3.796552   3.797048   49.00796  -16.47970     4.2972     4.3200         15  0.000e+00
  10958.417     263003    740.987     9.1928     9.1941   3.796552   3.797067   49.00796  -16.47970     4.2973     4.3198         15  0.000e+00
  10958.458     263004    741.028     9.1932     9.1944   3.796539   3.797086   49.00796  -16.47970     4.2970     4.3196         15  0.000e+00
  10958.500     263005    741.028     9.1928     9.1943   3.796552   3.797054   49.00796  -16.47970     4.2972     4.3238         15  0.000e+00
  10958.542     263006    740.987     9.1930     9.1938   3.796546   3.797067   49.00796  -16.47970     4.3014     4.3241         15  0.000e+00
  10958.583     263007    741.028     9.1928     9.1939   3.796584   3.797080   49.00796  -16.47970     4.2975     4.3205         15  0.000e+00
  10958.625     263008    740.932     9.1930     9.1936   3.796571   3.797048   49.00796  -16.47970     4.2976     4.3246         15  0.000e+00
  10958.667     263009    741.095     9.1932     9.1938   3.796565   3.797023   49.00796  -16.47970     4.2975     4.3250         15  0.000e+00
  10958.708     263010    741.028     9.1932     9.1936   3.796565   3.797010   49.00796  -16.47970     4.2972     4.3252         15  0.000e+00
  10958.750     263011    741.028     9.1930     9.1933   3.796571   3.797010   49.00796  -16.47970     4.2970     4.3211         15  0.000e+00
  10958.792     263012    740.987     9.1933     9.1933   3.796597   3.796984   49.00796  -16.47970     4.2967     4.3252         15  0.000e+00
  11077.167     265853    700.270     9.5474     9.5556   3.829884   3.831134   49.00798  -16.47968     4.4164     4.4341         16  0.000e+00
  11077.208     265854    700.243     9.5483     9.5554   3.829910   3.831134   49.00798  -16.47968     4.4125     4.4339         16  0.000e+00
  11077.250     265855    700.270     9.5485     9.5560   3.829910   3.831096   49.00798  -16.47968     4.4124     4.4337         16  0.000e+00
  11077.292     265856    700.270     9.5491     9.5560   3.829884   3.831096   49.00798  -16.47968     4.4122     4.4340         16  0.000e+00
  11077.333     265857    700.379     9.5490     9.5560   3.829878   3.831147   49.00798  -16.47968     4.4125     4.4338         16  0.000e+00
  11077.375     265858    700.067     9.5488     9.5561   3.829936   3.831127   49.00798  -16.47968     4.4122     4.4334         16  0.000e+00
  11077.417     265859    700.379     9.5485     9.5558   3.829975   3.831128   49.00798  -16.47968     4.4163     4.4339         16  0.000e+00
  11077.458     265860    700.352     9.5482     9.5557   3.829923   3.831108   49.00798  -16.47968     4.4165     4.4342         16  0.000e+00
  11077.500     265861    700.379     9.5475     9.5558   3.829962   3.831057   49.00798  -16.47968     4.4164     4.4297         16  0.000e+00
  11077.542     265862    700.175     9.5480     9.5556   3.829981   3.831031   49.00798  -16.47968     4.4164     4.4331         16  0.000e+00
  11077.583     265863    700.379     9.5478     9.5551   3.830026   3.831032   49.00798  -16.47968     4.4167     4.4335         16  0.000e+00
  11077.625     265864    700.175     9.5477     9.5546   3.830071   3.830961   49.00798  -16.47968     4.4167     4.4337         16  0.000e+00
  11077.667     265865    700.270     9.5474     9.5539   3.830181   3.830904   49.00798  -16.47968     4.4129     4.4298         16  0.000e+00
  11077.708     265866    700.243     9.5485     9.5531   3.830239   3.830897   49.00798  -16.47968     4.4166     4.4296         16  0.000e+00
  11077.750     265867    700.379     9.5506     9.5527   3.830323   3.830904   49.00798  -16.47968     4.4126     4.4290         16  0.000e+00
  11077.792     265868    700.175     9.5512     9.5527   3.830374   3.830948   49.00798  -16.47968     4.4122     4.4330         16  0.000e+00
  11077.833     265869    700.379     9.5504     9.5532   3.830355   3.831038   49.00798  -16.47968     4.4161     4.4333         16  0.000e+00
  11077.875     265870    700.270     9.5498     9.5537   3.830271   3.831076   49.00798  -16.47968     4.4122     4.4287         16  0.000e+00
  11077.917     265871    700.379     9.5491     9.5541   3.830194   3.831121   49.00798  -16.47968     4.4161     4.4285         16  0.000e+00
  11077.958     265872    700.243     9.5496     9.5542   3.830181   3.831134   49.00798  -16.47968     4.4161     4.4320         16  0.000e+00
  11078.000     265873    700.379     9.5509     9.5548   3.830207   3.831115   49.00798  -16.47968     4.4161     4.4276         16  0.000e+00
  11078.042     265874    700.175     9.5512     9.5556   3.830187   3.831153   49.00798  -16.47968     4.4121     4.4267         16  0.000e+00
  11078.083     265875    700.379     9.5500     9.5558   3.830207   3.831192   49.00798  -16.47968     4.4120     4.4261         16  0.000e+00
  11078.125     265876    700.270     9.5501     9.5560   3.830239   3.831236   49.00798  -16.47968     4.4156     4.4296         16  0.000e+00
  11078.167     265877    700.379     9.5507     9.5560   3.830252   3.831262   49.00798  -16.47968     4.4116     4.4256         16  0.000e+00
  11078.208     265878    700.352     9.5511     9.5560   3.830349   3.831243   49.00798  -16.47968     4.4152     4.4254         16  0.000e+00
  11078.250     265879    700.175     9.5519     9.5563   3.830368   3.831243   49.00798  -16.47968     4.4151     4.4251         16  0.000e+00
  11078.292     265880    700.474     9.5527     9.5563   3.830381   3.831185   49.00798  -16.47968     4.4112     4.4251         16  0.000e+00
  11078.333     265881    700.175     9.5530     9.5569   3.830355   3.831191   49.00798  -16.47968     4.4147     4.4290         16  0.000e+00
  11078.375     265882    700.474     9.5532     9.5568   3.830349   3.831236   49.00798  -16.47968     4.4109     4.4253         16  0.000e+00
  11078.417     265883    700.175     9.5529     9.5573   3.830271   3.831236   49.00798  -16.47968     4.4143     4.4250         16  0.000e+00
  11078.458     265884    700.352     9.5522     9.5573   3.830271   3.831211   49.00798  -16.47968     4.4105     4.4250         16  0.000e+00
  11078.500     265885    700.379     9.5516     9.5564   3.830284   3.831160   49.00798  -16.47968     4.4141     4.4245         16  0.000e+00
  11078.542     265886    700.379     9.5511     9.5560   3.830258   3.831108   49.00798  -16.47968     4.4102     4.4240         16  0.000e+00
  11078.583     265887    700.270     9.5509     9.5551   3.830271   3.830993   49.00798  -16.47968     4.4101     4.4234         16  0.000e+00
  11078.625     265888    700.270     9.5511     9.5549   3.830284   3.830897   49.00798  -16.47968     4.4101     4.4234         16  0.000e+00
  11078.667     265889    700.379     9.5514     9.5544   3.830284   3.830814   49.00798  -16.47968     4.4102     4.4234         16  0.000e+00
  11078.708     265890    700.352     9.5509     9.5539   3.830233   3.830814   49.00798  -16.47968     4.4098     4.4229         16  0.000e+00
  11078.750     265891    700.379     9.5500     9.5532   3.830239   3.830865   49.00798  -16.47968     4.4099     4.4229         16  0.000e+00
  11078.792     265892    700.270     9.5489     9.5531   3.830194   3.830916   49.00798  -16.47968     4.4096     4.4229         16  0.000e+00
  11078.833     265893    700.474     9.5489     9.5531   3.830233   3.830980   49.00798  -16.47968     4.4098     4.4187         16  0.000e+00
  11078.875     265894    700.175     9.5489     9.5536   3.830226   3.831006   49.00798  -16.47968     4.4093     4.4223         16  0.000e+00
