Data_example/SBE_Data_Processed/JC231/SeaBird/Data/Processed/JC231_CTD_006c.ros
* Sea-Bird SBE 9 Data File:
* FileName = C:\Users\sandm\Documents\Cruises\JC231\CTD Data\CTD Raw Data\JC231_CTD_006.hex
* Software Version Seasave V 7.26.7.121
* Temperature SN = 5700
* Conductivity SN = 2164
* Number of Bytes Per Scan = 41
* Number of Voltage Words = 4
* Number of Scans Averaged by the Deck Unit = 1
* NMEA Latitude = 48 59.89 N
* NMEA Longitude = 016 27.00 W
* NMEA UTC (Time) = May 10 2022  15:27:45
* NMEA baud rate = 9600
** Ship: RRS James Cook
** Cruise: JC231
** Cast: 006
** Event:
** Station:
** Julian Day: 130
** Time (GMT): 15:30
** Latitude: 48 59.892' N
** Longitude: 16 27.004' W
** Depth (uncorrected m): 4806m
** Principal Scientist: Dr Susan Hartman
** Operator:  TP / JG
# nquan = 13
# nvalues = 1029                                  
# units = specified
# name 0 = timeS: Time, Elapsed [seconds]
# name 1 = scan: Scan Count
# name 2 = prDM: Pressure, Digiquartz [db]
# name 3 = t090C: Temperature [ITS-90, deg C]
# name 4 = t190C: Temperature, 2 [ITS-90, deg C]
# name 5 = c0S/m: Conductivity [S/m]
# name 6 = c1S/m: Conductivity, 2 [S/m]
# name 7 = latitude: Latitude [deg]
# name 8 = longitude: Longitude [deg]
# name 9 = sbeox0ML/L: Oxygen, SBE 43 [ml/l]
# name 10 = sbeox1ML/L: Oxygen, SBE 43, 2 [ml/l]
# name 11 = nbf: Bottles Fired
# name 12 = flag:  0.000e+00
# interval = seconds: 0.0416667
# start_time = May 10 2022 15:27:47 [System UTC, first data scan.]
# bad_flag = -9.990e-29
*END*
[from data line 223]
   4848.875     116374    608.417    10.2376    10.2346   3.899198   3.899462   48.99798  -16.45460     4.5991     4.6728          5  0.000e+00
   4848.917     116375    608.716    10.2375    10.2346   3.899185   3.899475   48.99798  -16.45460     4.5992     4.6733          5  0.000e+00
   4848.958     116376    608.621    10.2375    10.2351   3.899179   3.899487   48.99798  -16.45460     4.5991     4.6734          5  0.000e+00
   4849.000     116377    608.417    10.2377    10.2358   3.899178   3.899533   48.99798  -16.45460     4.5989     4.6735          5  0.000e+00
   4849.042     116378    608.648    10.2374    10.2359   3.899179   3.899526   48.99798  -16.45460     4.5996     4.6738          5  0.000e+00
   4849.083     116379    608.512    10.2373    10.2365   3.899179   3.899539   48.99798  -16.45460     4.6039     4.6739          5  0.000e+00
   4849.125     116380    608.621    10.2372    10.2365   3.899179   3.899565   48.99798  -16.45460     4.6002     4.6782          5  0.000e+00
   4849.167     116381    608.512    10.2371    10.2366   3.899146   3.899591   48.99798  -16.45460     4.6050     4.6740          5  0.000e+00
   4849.208     116382    608.621    10.2374    10.2368   3.899166   3.899526   48.99798  -16.45460     4.6012     4.6736          5  0.000e+00
   4849.250     116383    608.621    10.2373    10.2373   3.899198   3.899545   48.99798  -16.45460     4.6018     4.6736          5  0.000e+00
   4849.292     116384    608.540    10.2370    10.2370   3.899185   3.899520   48.99798  -16.45460     4.6018     4.6730          5  0.000e+00
   4849.333     116385    608.621    10.2370    10.2371   3.899198   3.899533   48.99798  -16.45460     4.6061     4.6729          5  0.000e+00
   4849.375     116386    608.621    10.2370    10.2368   3.899185   3.899507   48.99798  -16.45460     4.6073     4.6728          5  0.000e+00
   4849.417     116387    608.512    10.2370    10.2368   3.899146   3.899500   48.99798  -16.45460     4.6040     4.6725          5  0.000e+00
   4849.458     116388    608.621    10.2372    10.2366   3.899140   3.899520   48.99798  -16.45460     4.6084     4.6724          5  0.000e+00
   4849.500     116389    608.716    10.2370    10.2365   3.899140   3.899565   48.99798  -16.45460     4.6090     4.6763          5  0.000e+00
   4849.542     116390    608.309    10.2374    10.2365   3.899165   3.899520   48.99798  -16.45460     4.6136     4.6720          5  0.000e+00
   4849.583     116391    608.852    10.2371    10.2368   3.899146   3.899520   48.99798  -16.45460     4.6106     4.6719          5  0.000e+00
   4849.625     116392    608.621    10.2372    10.2366   3.899166   3.899487   48.99798  -16.45460     4.6066     4.6714          5  0.000e+00
   4849.667     116393    608.621    10.2370    10.2366   3.899120   3.899462   48.99798  -16.45460     4.6065     4.6710          5  0.000e+00
   4849.708     116394    608.621    10.2370    10.2365   3.899107   3.899468   48.99798  -16.45460     4.6107     4.6746          5  0.000e+00
   4849.750     116395    608.513    10.2370    10.2363   3.899159   3.899494   48.99798  -16.45460     4.6110     4.6745          5  0.000e+00
   4867.958     116832    608.633    10.2354    10.2380   3.899023   3.899674   48.99798  -16.45458     4.6017     4.6775          6  0.000e+00
   4868.000     116833    608.429    10.2355    10.2381   3.898984   3.899668   48.99798  -16.45458     4.6013     4.6770          6  0.000e+00
   4868.042     116834    608.633    10.2357    10.2380   3.898990   3.899649   48.99798  -16.45458     4.6011     4.6767          6  0.000e+00
   4868.083     116835    608.524    10.2358    10.2380   3.898977   3.899616   48.99798  -16.45458     4.6007     4.6722          6  0.000e+00
   4868.125     116836    608.660    10.2362    10.2378   3.898990   3.899623   48.99798  -16.45458     4.6005     4.6714          6  0.000e+00
   4868.167     116837    608.524    10.2360    10.2376   3.899003   3.899668   48.99798  -16.45458     4.6001     4.6705          6  0.000e+00
   4868.208     116838    608.633    10.2361    10.2376   3.899003   3.899668   48.99798  -16.45458     4.5992     4.6702          6  0.000e+00
   4868.250     116839    608.524    10.2360    10.2377   3.898977   3.899623   48.99798  -16.45458     4.5939     4.6734          6  0.000e+00
   4868.292     116840    608.633    10.2361    10.2376   3.899023   3.899636   48.99798  -16.45458     4.5974     4.6694          6  0.000e+00
   4868.333     116841    608.633    10.2360    10.2376   3.899010   3.899629   48.99798  -16.45458     4.5971     4.6690          6  0.000e+00
   4868.375     116842    608.430    10.2359    10.2378   3.899003   3.899642   48.99798  -16.45458     4.5967     4.6685          6  0.000e+00
   4868.417     116843    608.755    10.2360    10.2376   3.899003   3.899629   48.99798  -16.45458     4.5965     4.6684          6  0.000e+00
   4868.458     116844    608.525    10.2357    10.2380   3.899023   3.899610   48.99798  -16.45458     4.5961     4.6675          6  0.000e+00
   4868.500     116845    608.525    10.2358    10.2380   3.899010   3.899610   48.99798  -16.45458     4.5958     4.6631          6  0.000e+00
   4868.542     116846    608.525    10.2359    10.2380   3.899055   3.899623   48.99798  -16.45458     4.5954     4.6665          6  0.000e+00
   4868.583     116847    608.633    10.2360    10.2375   3.899016   3.899642   48.99798  -16.45458     4.5952     4.6663          6  0.000e+00
   4868.625     116848    608.525    10.2357    10.2378   3.899023   3.899661   48.99798  -16.45458     4.5948     4.6660          6  0.000e+00
   4868.667     116849    608.457    10.2358    10.2380   3.899036   3.899648   48.99798  -16.45458     4.5944     4.6653          6  0.000e+00
   4868.708     116850    608.633    10.2361    10.2376   3.899062   3.899616   48.99798  -16.45458     4.5992     4.6652          6  0.000e+00
   4868.750     116851    608.633    10.2359    10.2378   3.899049   3.899597   48.99798  -16.45458     4.6001     4.6650          6  0.000e+00
   4868.792     116852    608.525    10.2360    10.2378   3.899042   3.899603   48.99798  -16.45458     4.5959     4.6606          6  0.000e+00
   4868.833     116853    608.634    10.2361    10.2378   3.899062   3.899649   48.99798  -16.45458     4.5957     4.6642          6  0.000e+00
   4868.875     116854    608.430    10.2362    10.2377   3.899049   3.899597   48.99798  -16.45458     4.5995     4.6635          6  0.000e+00
   4868.917     116855    608.525    10.2364    10.2378   3.899062   3.899629   48.99798  -16.45458     4.5998     4.6634          6  0.000e+00
   4868.958     116856    608.661    10.2362    10.2380   3.899094   3.899661   48.99798  -16.45458     4.5964     4.6592          6  0.000e+00
   4869.000     116857    608.525    10.2362    10.2380   3.899107   3.899623   48.99798  -16.45458     4.5960     4.6587          6  0.000e+00
   4869.042     116858    608.634    10.2360    10.2380   3.899107   3.899623   48.99798  -16.45458     4.5963     4.6628          6  0.000e+00
   4869.083     116859    608.525    10.2361    10.2380   3.899107   3.899668   48.99798  -16.45458     4.5966     4.6627          6  0.000e+00
   4869.125     116860    608.525    10.2363    10.2378   3.899127   3.899642   48.99798  -16.45458     4.5962     4.6628          6  0.000e+00
   4869.167     116861    608.634    10.2367    10.2380   3.899140   3.899642   48.99798  -16.45458     4.6003     4.6629          6  0.000e+00
   4869.208     116862    608.457    10.2370    10.2379   3.899165   3.899648   48.99798  -16.45458     4.6010     4.6633          6  0.000e+00
   4869.250     116863    608.634    10.2370    10.2380   3.899179   3.899687   48.99798  -16.45458     4.5971     4.6598          6  0.000e+00
   4869.292     116864    608.525    10.2365    10.2380   3.899179   3.899681   48.99798  -16.45458     4.6011     4.6636          6  0.000e+00
   4869.333     116865    608.525    10.2362    10.2380   3.899146   3.899668   48.99798  -16.45458     4.5976     4.6596          6  0.000e+00
   4869.375     116866    608.634    10.2362    10.2380   3.899166   3.899674   48.99798  -16.45458     4.5980     4.6636          6  0.000e+00
   4869.417     116867    608.634    10.2366    10.2381   3.899146   3.899655   48.99798  -16.45458     4.6020     4.6638          6  0.000e+00
   4869.458     116868    608.458    10.2371    10.2380   3.899191   3.899661   48.99798  -16.45458     4.5984     4.6644          6  0.000e+00
   4869.500     116869    608.634    10.2377    10.2381   3.899185   3.899674   48.99798  -16.45458     4.5982     4.6606          6  0.000e+00
   4869.542     116870    608.634    10.2378    10.2382   3.899179   3.899694   48.99798  -16.45458     4.6022     4.6646          6  0.000e+00
   4869.583     116871    608.431    10.2381    10.2381   3.899178   3.899661   48.99798  -16.45458     4.6023     4.6648          6  0.000e+00
   4869.625     116872    608.729    10.2382    10.2381   3.899120   3.899668   48.99798  -16.45458     4.6034     4.6653          6  0.000e+00
   4869.667     116873    608.431    10.2385    10.2381   3.899126   3.899668   48.99798  -16.45458     4.6034     4.6655          6  0.000e+00
   4869.708     116874    608.526    10.2385    10.2381   3.899140   3.899623   48.99798  -16.45458     4.6000     4.6619          6  0.000e+00
   4869.750     116875    608.661    10.2383    10.2383   3.899140   3.899700   48.99798  -16.45458     4.5997     4.6660          6  0.000e+00
   4869.792     116876    608.526    10.2378    10.2383   3.899140   3.899719   48.99798  -16.45458     4.5999     4.6622          6  0.000e+00
   4869.833     116877    608.526    10.2373    10.2385   3.899140   3.899719   48.99798  -16.45458     4.6046     4.6623          6  0.000e+00
   4869.875     116878    608.634    10.2372    10.2384   3.899140   3.899700   48.99798  -16.45458     4.6006     4.6665          6  0.000e+00
   4869.917     116879    608.526    10.2370    10.2385   3.899166   3.899681   48.99798  -16.45458     4.6046     4.6670          6  0.000e+00
   4869.958     116880    608.634    10.2367    10.2385   3.899146   3.899719   48.99798  -16.45458     4.6055     4.6676          6  0.000e+00
   5147.083     123531    405.873    11.0354    11.0337   3.971358   3.971557   48.99796  -16.45482     5.1218     5.2044          7  0.000e+00
   5147.125     123532    405.846    11.0356    11.0335   3.971371   3.971602   48.99796  -16.45482     5.1177     5.2008          7  0.000e+00
   5147.167     123533    405.846    11.0356    11.0335   3.971332   3.971576   48.99796  -16.45482     5.1172     5.2006          7  0.000e+00
   5147.208     123534    405.873    11.0356    11.0336   3.971332   3.971583   48.99796  -16.45482     5.1209     5.2004          7  0.000e+00
   5147.250     123535    405.846    11.0356    11.0336   3.971391   3.971589   48.99796  -16.45482     5.1168     5.2002          7  0.000e+00
   5147.292     123536    405.941    11.0358    11.0338   3.971338   3.971609   48.99796  -16.45482     5.1164     5.2040          7  0.000e+00
   5147.333     123537    405.846    11.0358    11.0338   3.971358   3.971602   48.99796  -16.45482     5.1159     5.2036          7  0.000e+00
   5147.375     123538    405.968    11.0358    11.0337   3.971384   3.971589   48.99796  -16.45482     5.1196     5.1999          7  0.000e+00
   5147.417     123539    405.846    11.0356    11.0336   3.971351   3.971589   48.99796  -16.45482     5.1197     5.1991          7  0.000e+00
   5147.458     123540    405.846    11.0358    11.0335   3.971377   3.971609   48.99796  -16.45482     5.1157     5.1988          7  0.000e+00
   5147.500     123541    405.846    11.0354    11.0336   3.971351   3.971544   48.99796  -16.45482     5.1200     5.1985          7  0.000e+00
   5147.542     123542    405.873    11.0354    11.0333   3.971364   3.971602   48.99796  -16.45482     5.1160     5.1981          7  0.000e+00
   5147.583     123543    406.049    11.0358    11.0333   3.971358   3.971596   48.99796  -16.45482     5.1158     5.1974          7  0.000e+00
   5147.625     123544    405.752    11.0354    11.0332   3.971371   3.971557   48.99796  -16.45482     5.1112     5.1968          7  0.000e+00
   5147.667     123545    405.873    11.0354    11.0331   3.971358   3.971550   48.99796  -16.45482     5.1146     5.2004          7  0.000e+00
   5147.708     123546    405.941    11.0356    11.0331   3.971371   3.971550   48.99796  -16.45482     5.1190     5.1969          7  0.000e+00
   5147.750     123547    405.846    11.0354    11.0331   3.971345   3.971557   48.99796  -16.45482     5.1151     5.1963          7  0.000e+00
   5147.792     123548    405.941    11.0356    11.0331   3.971319   3.971505   48.99796  -16.45482     5.1150     5.1963          7  0.000e+00
   5147.833     123549    405.765    11.0356    11.0329   3.971384   3.971531   48.99796  -16.45482     5.1187     5.1957          7  0.000e+00
   5147.875     123550    405.941    11.0354    11.0328   3.971391   3.971576   48.99796  -16.45482     5.1151     5.1953          7  0.000e+00
   5147.917     123551    405.846    11.0354    11.0331   3.971351   3.971570   48.99796  -16.45482     5.1148     5.1912          7  0.000e+00
   5147.958     123552    406.077    11.0356    11.0329   3.971338   3.971525   48.99796  -16.45482     5.1107     5.1948          7  0.000e+00
   5148.000     123553    405.847    11.0356    11.0329   3.971351   3.971537   48.99796  -16.45482     5.1141     5.1946          7  0.000e+00
   5148.042     123554    405.941    11.0354    11.0329   3.971371   3.971524   48.99796  -16.45482     5.1099     5.1945          7  0.000e+00
   5148.083     123555    405.847    11.0356    11.0328   3.971332   3.971570   48.99796  -16.45482     5.1134     5.1901          7  0.000e+00
   5148.125     123556    405.968    11.0354    11.0329   3.971332   3.971544   48.99796  -16.45482     5.1135     5.1936          7  0.000e+00
   5148.167     123557    405.847    11.0356    11.0329   3.971351   3.971518   48.99796  -16.45482     5.1134     5.1934          7  0.000e+00
   5148.208     123558    405.941    11.0354    11.0331   3.971371   3.971537   48.99796  -16.45482     5.1140     5.1933          7  0.000e+00
   5148.250     123559    405.874    11.0356    11.0329   3.971345   3.971524   48.99796  -16.45482     5.1140     5.1932          7  0.000e+00
   5148.292     123560    405.941    11.0356    11.0328   3.971351   3.971537   48.99796  -16.45482     5.1101     5.1932          7  0.000e+00
   5148.333     123561    405.847    11.0356    11.0331   3.971371   3.971511   48.99796  -16.45482     5.1132     5.1930          7  0.000e+00
   5148.375     123562    405.941    11.0356    11.0329   3.971358   3.971512   48.99796  -16.45482     5.1134     5.1930          7  0.000e+00
   5148.417     123563    405.874    11.0358    11.0333   3.971371   3.971518   48.99796  -16.45482     5.1134     5.1928          7  0.000e+00
   5148.458     123564    405.941    11.0354    11.0328   3.971345   3.971537   48.99796  -16.45482     5.1096     5.1928          7  0.000e+00
   5148.500     123565    405.942    11.0354    11.0329   3.971319   3.971589   48.99796  -16.45482     5.1139     5.1927          7  0.000e+00
   5148.542     123566    405.752    11.0356    11.0329   3.971358   3.971563   48.99796  -16.45482     5.1141     5.1920          7  0.000e+00
   5148.583     123567    406.172    11.0356    11.0329   3.971358   3.971525   48.99796  -16.45482     5.1146     5.1922          7  0.000e+00
   5148.625     123568    405.847    11.0356    11.0331   3.971338   3.971518   48.99796  -16.45482     5.1147     5.1919          7  0.000e+00
   5148.667     123569    405.847    11.0354    11.0328   3.971351   3.971518   48.99796  -16.45482     5.1150     5.1918          7  0.000e+00
