Data_example/SBE_Data_Processed/JC231/SeaBird/Data/Processed/JC231_CTD_010c.ros
* Sea-Bird SBE 9 Data File:
* FileName = C:\Users\sandm\Documents\Cruises\JC231\CTD Data\CTD Raw Data\JC231_CTD_010.hex
* Software Version Seasave V 7.26.7.121
* Temperature SN = 5700
* Conductivity SN = 2164
* Number of Bytes Per Scan = 41
* Number of Voltage Words = 4
* Number of Scans Averaged by the Deck Unit = 1
* NMEA Latitude = 48 58.41 N
* NMEA Longitude = 016 27.23 W
* NMEA UTC (Time) = May 14 2022  20:10:12
* NMEA baud rate = 9600
** Ship: RRS James Cook
** Cruise: JC231
** Cast: 010
** Event:
** Station:
** Julian Day: 134
** Time (GMT): 20:10
** Latitude: 48 58.568 ' N
** Longitude: 16 27.822 ' W
** Depth (uncorrected m): 4808m
** Principal Scientist: Dr Susan Hartman
** Operator:  TP / JG
# nquan = 13
# nvalues = 1127                                  
# units = specified
# name 0 = timeS: Time, Elapsed [seconds]
# name 1 = scan: Scan Count
# name 2 = prDM: Pressure, Digiquartz [db]
# name 3 = t090C: Temperature [ITS-90, deg C]
# name 4 = t190C: Temperature, 2 [ITS-90, deg C]
# name 5 = c0S/m: Conductivity [S/m]
# name 6 = c1S/m: Conductivity, 2 [S/m]
# name 7 = latitude: Latitude [deg]
# name 8 = longitude: Longitude [deg]
# name 9 = sbeox0ML/L: Oxygen, SBE 43 [ml/l]
# name 10 = sbeox1ML/L: Oxygen, SBE 43, 2 [ml/l]
# name 11 = nbf: Bottles Fired
# name 12 = flag:  0.000e+00
# interval = seconds: 0.0416667
# start_time = May 14 2022 20:10:13 [System UTC, first data scan.]
# bad_flag = -9.990e-29
*END*
[from data line 334]
   1512.208      36294     93.301    12.3493    12.3506   4.097273   4.097845   48.97358  -16.45374     5.7135     5.6458          7  0.000e+00
   1512.250      36295     93.396    12.3494    12.3507   4.097259   4.097832   48.97358  -16.45374     5.7128     5.6427          7  0.000e+00
   1512.292      36296     93.396    12.3494    12.3505   4.097266   4.097871   48.97358  -16.45374     5.7156     5.6428          7  0.000e+00
   1512.333      36297     93.396    12.3494    12.3506   4.097273   4.097832   48.97358  -16.45374     5.7223     5.6465          7  0.000e+00
   1512.375      36298     93.301    12.3495    12.3505   4.097292   4.097851   48.97358  -16.45374     5.7226     5.6468          7  0.000e+00
   1512.417      36299     93.504    12.3497    12.3508   4.097326   4.097851   48.97358  -16.45374     5.7299     5.6473          7  0.000e+00
   1512.458      36300     93.301    12.3499    12.3507   4.097365   4.097825   48.97358  -16.45374     5.7348     5.6475          7  0.000e+00
   1512.500      36301     93.301    12.3500    12.3504   4.097319   4.097851   48.97358  -16.45374     5.7368     5.6479          7  0.000e+00
   1512.542      36302     93.301    12.3502    12.3504   4.097326   4.097799   48.97358  -16.45374     5.7421     5.6482          7  0.000e+00
   2191.375      52594     46.525    12.7851    12.7764   4.138681   4.138199   48.97356  -16.45376     6.0053     5.8621          8  0.000e+00
   2191.417      52595     46.660    12.7849    12.7764   4.138648   4.138193   48.97356  -16.45376     6.0050     5.8622          8  0.000e+00
   2191.458      52596     46.417    12.7854    12.7762   4.138648   4.138166   48.97356  -16.45376     6.0077     5.8617          8  0.000e+00
   2191.500      52597     46.660    12.7851    12.7759   4.138674   4.138127   48.97356  -16.45374     6.0075     5.8616          8  0.000e+00
   2191.542      52598     46.525    12.7848    12.7761   4.138621   4.138061   48.97356  -16.45374     6.0103     5.8611          8  0.000e+00
   2191.583      52599     46.660    12.7845    12.7755   4.138608   4.138021   48.97356  -16.45374     6.0103     5.8609          8  0.000e+00
   2191.625      52600     46.525    12.7844    12.7747   4.138588   4.138034   48.97356  -16.45374     6.0101     5.8639          8  0.000e+00
   2191.667      52601     46.620    12.7841    12.7741   4.138541   4.138048   48.97356  -16.45374     6.0135     5.8603          8  0.000e+00
   2191.708      52602     46.754    12.7840    12.7741   4.138508   4.138048   48.97356  -16.45374     6.0107     5.8601          8  0.000e+00
   2191.750      52603     46.525    12.7832    12.7745   4.138481   4.138074   48.97356  -16.45374     6.0138     5.8596          8  0.000e+00
   2191.792      52604     46.660    12.7827    12.7740   4.138495   4.138001   48.97356  -16.45374     6.0168     5.8598          8  0.000e+00
   2191.833      52605     46.525    12.7832    12.7740   4.138468   4.138001   48.97356  -16.45374     6.0163     5.8594          8  0.000e+00
   2191.875      52606     46.660    12.7831    12.7740   4.138415   4.138034   48.97356  -16.45374     6.0160     5.8592          8  0.000e+00
   2191.917      52607     46.620    12.7820    12.7744   4.138262   4.138048   48.97356  -16.45374     6.0153     5.8588          8  0.000e+00
   2191.958      52608     46.620    12.7813    12.7743   4.138235   4.138074   48.97356  -16.45374     6.0111     5.8584          8  0.000e+00
   2192.000      52609     46.755    12.7814    12.7745   4.138249   4.138107   48.97356  -16.45374     6.0036     5.8545          8  0.000e+00
   2192.042      52610     46.525    12.7809    12.7749   4.138202   4.138146   48.97356  -16.45374     5.9955     5.8571          8  0.000e+00
   2192.083      52611     46.755    12.7806    12.7750   4.138209   4.138180   48.97356  -16.45374     5.9944     5.8568          8  0.000e+00
   2192.125      52612     46.525    12.7809    12.7753   4.138235   4.138166   48.97356  -16.45374     5.9961     5.8564          8  0.000e+00
   2192.167      52613     46.755    12.7809    12.7750   4.138229   4.138160   48.97356  -16.45374     5.9920     5.8565          8  0.000e+00
   2192.208      52614     46.620    12.7809    12.7750   4.138242   4.138160   48.97356  -16.45374     5.9975     5.8562          8  0.000e+00
   2192.250      52615     46.728    12.7807    12.7748   4.138222   4.138127   48.97356  -16.45374     5.9971     5.8561          8  0.000e+00
   2192.292      52616     46.755    12.7809    12.7745   4.138215   4.138094   48.97356  -16.45374     5.9963     5.8524          8  0.000e+00
   2192.333      52617     46.620    12.7807    12.7745   4.138195   4.138107   48.97356  -16.45374     5.9921     5.8518          8  0.000e+00
   2192.375      52618     46.660    12.7809    12.7741   4.138149   4.138041   48.97356  -16.45374     5.9875     5.8546          8  0.000e+00
   2192.417      52619     46.822    12.7802    12.7743   4.138109   4.138067   48.97356  -16.45374     5.9797     5.8545          8  0.000e+00
   2192.458      52620     46.660    12.7798    12.7741   4.138109   4.138087   48.97356  -16.45374     5.9781     5.8506          8  0.000e+00
   2192.500      52621     46.728    12.7795    12.7741   4.138022   4.138087   48.97356  -16.45374     5.9669     5.8504          8  0.000e+00
   2192.542      52622     46.822    12.7789    12.7741   4.137996   4.138028   48.97356  -16.45374     5.9653     5.8500          8  0.000e+00
   2192.583      52623     46.755    12.7788    12.7738   4.138029   4.138034   48.97356  -16.45374     5.9636     5.8497          8  0.000e+00
   2192.625      52624     46.728    12.7786    12.7741   4.138082   4.138100   48.97356  -16.45374     5.9586     5.8494          8  0.000e+00
   2192.667      52625     46.849    12.7791    12.7745   4.138102   4.138147   48.97356  -16.45374     5.9502     5.8493          8  0.000e+00
   2192.708      52626     46.728    12.7791    12.7750   4.138102   4.138160   48.97356  -16.45374     5.9485     5.8486          8  0.000e+00
   2192.750      52627     46.849    12.7793    12.7750   4.138142   4.138160   48.97356  -16.45374     5.9436     5.8486          8  0.000e+00
   2192.792      52628     46.822    12.7794    12.7752   4.138169   4.138160   48.97356  -16.45374     5.9417     5.8484          8  0.000e+00
   2192.833      52629     46.823    12.7798    12.7750   4.138149   4.138180   48.97356  -16.45374     5.9433     5.8482          8  0.000e+00
   2192.875      52630     46.850    12.7799    12.7752   4.138202   4.138193   48.97356  -16.45374     5.9454     5.8481          8  0.000e+00
   2192.917      52631     46.917    12.7799    12.7754   4.138182   4.138166   48.97356  -16.45374     5.9448     5.8480          8  0.000e+00
   2192.958      52632     46.755    12.7799    12.7750   4.138202   4.138213   48.97356  -16.45374     5.9403     5.8513          8  0.000e+00
   2193.000      52633     46.917    12.7801    12.7750   4.138215   4.138199   48.97356  -16.45374     5.9423     5.8481          8  0.000e+00
   2193.042      52634     46.850    12.7801    12.7750   4.138215   4.138219   48.97356  -16.45374     5.9411     5.8479          8  0.000e+00
   2193.083      52635     47.025    12.7801    12.7757   4.138215   4.138232   48.97356  -16.45374     5.9466     5.8479          8  0.000e+00
   2193.125      52636     46.728    12.7799    12.7753   4.138155   4.138232   48.97356  -16.45374     5.9487     5.8476          8  0.000e+00
   2193.167      52637     46.958    12.7799    12.7755   4.138149   4.138232   48.97356  -16.45374     5.9514     5.8474          8  0.000e+00
   2193.208      52638     46.917    12.7798    12.7755   4.138169   4.138252   48.97356  -16.45374     5.9479     5.8473          8  0.000e+00
   2193.250      52639     47.052    12.7799    12.7755   4.138202   4.138239   48.97356  -16.45374     5.9480     5.8474          8  0.000e+00
   2193.292      52640     46.917    12.7802    12.7757   4.138195   4.138232   48.97356  -16.45374     5.9513     5.8472          8  0.000e+00
   2193.333      52641     46.958    12.7801    12.7755   4.138229   4.138232   48.97356  -16.45374     5.9550     5.8472          8  0.000e+00
   2193.375      52642     46.917    12.7804    12.7755   4.138269   4.138232   48.97356  -16.45374     5.9521     5.8472          8  0.000e+00
   2201.667      52841     46.854    12.7718    12.7755   4.137397   4.138232   48.97356  -16.45374     5.9710     5.8422          9  0.000e+00
   2201.708      52842     46.733    12.7717    12.7752   4.137390   4.138232   48.97356  -16.45374     5.9712     5.8423          9  0.000e+00
   2201.750      52843     47.030    12.7718    12.7755   4.137357   4.138232   48.97356  -16.45374     5.9719     5.8426          9  0.000e+00
   2201.792      52844     46.760    12.7715    12.7754   4.137377   4.138252   48.97356  -16.45374     5.9724     5.8426          9  0.000e+00
   2201.833      52845     46.922    12.7720    12.7757   4.137390   4.138206   48.97356  -16.45374     5.9700     5.8426          9  0.000e+00
   2201.875      52846     46.963    12.7715    12.7755   4.137390   4.138193   48.97356  -16.45374     5.9648     5.8425          9  0.000e+00
   2201.917      52847     46.828    12.7717    12.7757   4.137390   4.138219   48.97356  -16.45374     5.9591     5.8425          9  0.000e+00
   2201.958      52848     46.963    12.7720    12.7758   4.137437   4.138232   48.97356  -16.45374     5.9567     5.8428          9  0.000e+00
   2202.000      52849     46.828    12.7723    12.7757   4.137490   4.138232   48.97356  -16.45374     5.9507     5.8464          9  0.000e+00
   2202.042      52850     47.030    12.7730    12.7757   4.137497   4.138199   48.97356  -16.45374     5.9549     5.8433          9  0.000e+00
   2202.083      52851     46.760    12.7728    12.7758   4.137464   4.138219   48.97356  -16.45374     5.9563     5.8465          9  0.000e+00
   2202.125      52852     47.030    12.7728    12.7759   4.137490   4.138232   48.97356  -16.45374     5.9582     5.8436          9  0.000e+00
   2202.167      52853     46.760    12.7726    12.7757   4.137523   4.138232   48.97356  -16.45374     5.9635     5.8472          9  0.000e+00
   2202.208      52854     47.030    12.7737    12.7759   4.137610   4.138252   48.97356  -16.45374     5.9634     5.8479          9  0.000e+00
   2202.250      52855     46.855    12.7743    12.7758   4.137696   4.138239   48.97356  -16.45374     5.9633     5.8479          9  0.000e+00
   2202.292      52856     47.030    12.7746    12.7757   4.137710   4.138199   48.97356  -16.45374     5.9604     5.8447          9  0.000e+00
   2202.333      52857     46.828    12.7750    12.7755   4.137683   4.138219   48.97356  -16.45374     5.9611     5.8448          9  0.000e+00
   2202.375      52858     46.963    12.7751    12.7755   4.137710   4.138199   48.97356  -16.45374     5.9593     5.8483          9  0.000e+00
   2202.417      52859     46.922    12.7751    12.7755   4.137630   4.138246   48.97356  -16.45374     5.9605     5.8484          9  0.000e+00
   2202.458      52860     46.963    12.7748    12.7757   4.137623   4.138206   48.97356  -16.45374     5.9649     5.8490          9  0.000e+00
   2202.500      52861     46.922    12.7745    12.7755   4.137583   4.138193   48.97356  -16.45376     5.9691     5.8456          9  0.000e+00
   2202.542      52862     46.855    12.7742    12.7757   4.137550   4.138219   48.97356  -16.45376     5.9702     5.8454          9  0.000e+00
   2202.583      52863     47.030    12.7740    12.7755   4.137563   4.138252   48.97356  -16.45376     5.9716     5.8454          9  0.000e+00
   2202.625      52864     47.030    12.7735    12.7755   4.137537   4.138206   48.97356  -16.45376     5.9728     5.8456          9  0.000e+00
   2202.667      52865     46.855    12.7730    12.7755   4.137484   4.138219   48.97356  -16.45376     5.9709     5.8453          9  0.000e+00
   2202.708      52866     47.125    12.7730    12.7757   4.137490   4.138199   48.97356  -16.45376     5.9721     5.8489          9  0.000e+00
   2202.750      52867     46.855    12.7726    12.7757   4.137497   4.138246   48.97356  -16.45376     5.9667     5.8453          9  0.000e+00
   2202.792      52868     47.031    12.7725    12.7754   4.137444   4.138239   48.97356  -16.45376     5.9611     5.8492          9  0.000e+00
   2202.833      52869     47.058    12.7726    12.7753   4.137477   4.138252   48.97356  -16.45376     5.9584     5.8462          9  0.000e+00
   2202.875      52870     47.031    12.7726    12.7755   4.137464   4.138206   48.97356  -16.45376     5.9554     5.8460          9  0.000e+00
   2202.917      52871     46.923    12.7728    12.7753   4.137464   4.138246   48.97356  -16.45376     5.9520     5.8458          9  0.000e+00
   2202.958      52872     47.058    12.7726    12.7755   4.137457   4.138265   48.97356  -16.45376     5.9485     5.8493          9  0.000e+00
   2203.000      52873     46.923    12.7726    12.7759   4.137484   4.138292   48.97356  -16.45376     5.9477     5.8493          9  0.000e+00
   2203.042      52874     47.058    12.7726    12.7759   4.137437   4.138305   48.97356  -16.45376     5.9436     5.8460          9  0.000e+00
   2203.083      52875     46.923    12.7726    12.7759   4.137457   4.138305   48.97356  -16.45376     5.9389     5.8458          9  0.000e+00
   2203.125      52876     47.166    12.7726    12.7764   4.137430   4.138272   48.97356  -16.45376     5.9408     5.8458          9  0.000e+00
   2203.167      52877     47.031    12.7722    12.7764   4.137397   4.138345   48.97356  -16.45376     5.9462     5.8455          9  0.000e+00
   2203.208      52878     46.963    12.7718    12.7767   4.137371   4.138345   48.97356  -16.45376     5.9459     5.8452          9  0.000e+00
   2203.250      52879     47.125    12.7715    12.7768   4.137351   4.138364   48.97356  -16.45376     5.9527     5.8452          9  0.000e+00
   2203.292      52880     47.031    12.7715    12.7767   4.137377   4.138378   48.97356  -16.45376     5.9565     5.8450          9  0.000e+00
   2203.333      52881     47.058    12.7715    12.7766   4.137417   4.138318   48.97356  -16.45376     5.9577     5.8449          9  0.000e+00
   2203.375      52882     47.125    12.7720    12.7763   4.137450   4.138246   48.97356  -16.45376     5.9553     5.8413          9  0.000e+00
   2203.417      52883     47.058    12.7720    12.7759   4.137457   4.138173   48.97356  -16.45376     5.9527     5.8444          9  0.000e+00
   2203.458      52884     47.031    12.7726    12.7755   4.137464   4.138180   48.97356  -16.45376     5.9560     5.8443          9  0.000e+00
   2203.500      52885     47.058    12.7725    12.7750   4.137430   4.138193   48.97356  -16.45374     5.9593     5.8442          9  0.000e+00
   2203.542      52886     47.126    12.7728    12.7748   4.137444   4.138134   48.97356  -16.45374     5.9625     5.8441          9  0.000e+00
   2203.583      52887     47.031    12.7725    12.7748   4.137384   4.138173   48.97356  -16.45374     5.9627     5.8404          9  0.000e+00
   2203.625      52888     47.166    12.7721    12.7747   4.137404   4.138167   48.97356  -16.45374     5.9594     5.8436          9  0.000e+00
   2203.667      52889     46.923    12.7725    12.7749   4.137397   4.138160   48.97356  -16.45374     5.9553     5.8433          9  0.000e+00
   2223.542      53366     47.245    12.7745    12.7767   4.137657   4.138450   48.97356  -16.45376     6.0212     5.8565         10  0.000e+00
   2223.583      53367     47.367    12.7746    12.7769   4.137730   4.138417   48.97356  -16.45376     6.0206     5.8603         10  0.000e+00
   2223.625      53368     47.246    12.7751    12.7769   4.137750   4.138411   48.97356  -16.45376     6.0192     5.8568         10  0.000e+00
