Data_example/SBE_Data_Processed/JC231/SeaBird/Data/Processed/JC231_CTD_007cfaldb.cnv
* Sea-Bird SBE 9 Data File:
* FileName = C:\Users\sandm\Documents\Cruises\JC231\CTD Data\CTD Raw Data\JC231_CTD_007.hex
* Software Version Seasave V 7.26.7.121
* Temperature SN = 5700
* Conductivity SN = 2164
* Number of Bytes Per Scan = 41
* Number of Voltage Words = 4
* Number of Scans Averaged by the Deck Unit = 1
* NMEA Latitude = 48 56.85 N
* NMEA Longitude = 016 28.41 W
* NMEA UTC (Time) = May 11 2022  08:20:42
* NMEA baud rate = 9600
** Ship: RRS James Cook
** Cruise: JC231
** Cast: 007
** Event:
** Station:
** Julian Day: 131
** Time (GMT): 08:20
** Latitude: 48 56.853' N
** Longitude: 16 28.413' W
** Depth (uncorrected m): 4806m
** Principal Scientist: Dr Susan Hartman
** Operator:  TP / JG
# nquan = 15
# nvalues = 9845                        
# units = specified
# name 0 = timeS: Time, Elapsed [seconds]
# name 1 = scan: Scan Count
# name 2 = prDM: Pressure, Digiquartz [db]
# name 3 = t090C: Temperature [ITS-90, deg C]
# name 4 = t190C: Temperature, 2 [ITS-90, deg C]
# name 5 = c0S/m: Conductivity [S/m]
# name 6 = c1S/m: Conductivity, 2 [S/m]
# name 7 = latitude: Latitude [deg]
# name 8 = longitude: Longitude [deg]
# name 9 = sbeox0ML/L: Oxygen, SBE 43 [ml/l]
# name 10 = sbeox1ML/L: Oxygen, SBE 43, 2 [ml/l]
# name 11 = depSM: Depth [salt water, m], lat = 48.9475
# name 12 = sal00: Salinity, Practical [PSU]
# name 13 = sal11: Salinity, Practical, 2 [PSU]
# name 14 = flag: flag
# span 0 =    281.109,  13760.214       
# span 1 =       6748,     330246       
# span 2 =      1.000,   4924.000       
# span 3 =     2.5308,    14.1540       
# span 4 =     2.5325,    14.2216       
# span 5 =   3.272331,   4.255084       
# span 6 =   3.272864,   4.260562       
# span 7 =   48.75402,   50.06243       
# span 8 =  -16.84877,  -16.40844       
# span 9 =     4.2545,     6.1074       
# span 10 =     4.2825,     6.1854      
# span 11 =      0.992,   4826.635      
# span 12 =    33.8352,    35.6813      
# span 13 =    34.1712,    35.6826      
# span 14 = 0.0000e+00, 0.0000e+00      
# interval = decibars: 1                
# start_time = May 11 2022 08:20:43 [System UTC, first data scan.]
# bad_flag = -9.990e-29
*END*
[from data line 7037]
   9272.170     222533   2808.000     3.0249     3.0271   3.282318   3.282827   48.94754  -16.47353     5.6053     5.7200   2765.739    34.9482    34.9520 0.0000e+00
   9273.130     222556   2807.000     3.0252     3.0274   3.282313   3.282816   48.94754  -16.47354     5.6054     5.7202   2764.760    34.9482    34.9519 0.0000e+00
   9274.089     222579   2806.000     3.0256     3.0277   3.282306   3.282811   48.94754  -16.47353     5.6052     5.7220   2763.782    34.9482    34.9520 0.0000e+00
   9275.058     222602   2805.000     3.0259     3.0279   3.282299   3.282794   48.94754  -16.47353     5.6062     5.7230   2762.803    34.9482    34.9520 0.0000e+00
   9276.044     222626   2804.000     3.0262     3.0282   3.282289   3.282778   48.94753  -16.47352     5.6074     5.7242   2761.824    34.9483    34.9520 0.0000e+00
   9277.046     222650   2803.000     3.0264     3.0286   3.282271   3.282770   48.94752  -16.47352     5.6085     5.7253   2760.846    34.9483    34.9520 0.0000e+00
   9278.052     222674   2802.000     3.0267     3.0289   3.282257   3.282765   48.94752  -16.47351     5.6095     5.7255   2759.867    34.9483    34.9520 0.0000e+00
   9279.046     222698   2801.000     3.0271     3.0293   3.282250   3.282758   48.94752  -16.47351     5.6094     5.7243   2758.889    34.9483    34.9520 0.0000e+00
   9280.018     222721   2800.000     3.0274     3.0296   3.282242   3.282751   48.94752  -16.47351     5.6087     5.7235   2757.910    34.9483    34.9520 0.0000e+00
   9280.972     222744   2799.000     3.0277     3.0300   3.282232   3.282747   48.94752  -16.47352     5.6092     5.7228   2756.932    34.9483    34.9520 0.0000e+00
   9281.923     222767   2798.000     3.0280     3.0305   3.282220   3.282749   48.94752  -16.47352     5.6091     5.7232   2755.953    34.9483    34.9519 0.0000e+00
   9282.879     222790   2797.000     3.0284     3.0311   3.282215   3.282764   48.94752  -16.47353     5.6079     5.7233   2754.974    34.9482    34.9519 0.0000e+00
   9283.850     222813   2796.000     3.0290     3.0315   3.282224   3.282772   48.94752  -16.47354     5.6084     5.7236   2753.996    34.9482    34.9520 0.0000e+00
   9284.837     222837   2795.000     3.0296     3.0321   3.282236   3.282775   48.94752  -16.47354     5.6106     5.7261   2753.017    34.9482    34.9519 0.0000e+00
   9285.839     222861   2794.000     3.0302     3.0328   3.282251   3.282804   48.94752  -16.47353     5.6110     5.7277   2752.039    34.9481    34.9520 0.0000e+00
   9286.850     222885   2793.000     3.0310     3.0337   3.282278   3.282831   48.94752  -16.47352     5.6103     5.7289   2751.060    34.9481    34.9518 0.0000e+00
   9287.857     222910   2792.000     3.0319     3.0349   3.282314   3.282887   48.94752  -16.47352     5.6103     5.7284   2750.081    34.9480    34.9517 0.0000e+00
   9288.846     222933   2791.000     3.0327     3.0360   3.282352   3.282954   48.94752  -16.47352     5.6121     5.7274   2749.103    34.9480    34.9517 0.0000e+00
   9289.817     222957   2790.000     3.0336     3.0370   3.282391   3.283004   48.94752  -16.47352     5.6139     5.7285   2748.124    34.9481    34.9518 0.0000e+00
   9290.777     222980   2789.000     3.0344     3.0381   3.282425   3.283056   48.94752  -16.47352     5.6163     5.7307   2747.145    34.9481    34.9516 0.0000e+00
   9291.735     223003   2788.000     3.0354     3.0394   3.282465   3.283132   48.94752  -16.47352     5.6187     5.7315   2746.167    34.9479    34.9516 0.0000e+00
   9292.695     223026   2787.000     3.0366     3.0407   3.282523   3.283205   48.94752  -16.47352     5.6195     5.7323   2745.188    34.9478    34.9517 0.0000e+00
   9293.655     223049   2786.000     3.0378     3.0417   3.282593   3.283270   48.94752  -16.47353     5.6193     5.7339   2744.209    34.9478    34.9518 0.0000e+00
   9294.618     223072   2785.000     3.0390     3.0422   3.282668   3.283299   48.94752  -16.47354     5.6177     5.7339   2743.231    34.9479    34.9521 0.0000e+00
   9295.585     223095   2784.000     3.0400     3.0426   3.282729   3.283302   48.94752  -16.47354     5.6173     5.7324   2742.252    34.9480    34.9521 0.0000e+00
   9296.565     223119   2783.000     3.0407     3.0429   3.282764   3.283297   48.94752  -16.47354     5.6188     5.7317   2741.274    34.9482    34.9522 0.0000e+00
   9297.562     223142   2782.000     3.0412     3.0432   3.282776   3.283281   48.94752  -16.47353     5.6204     5.7332   2740.295    34.9483    34.9522 0.0000e+00
   9298.575     223167   2781.000     3.0415     3.0434   3.282772   3.283263   48.94752  -16.47352     5.6207     5.7367   2739.316    34.9483    34.9522 0.0000e+00
   9299.590     223191   2780.000     3.0417     3.0434   3.282756   3.283232   48.94752  -16.47352     5.6209     5.7377   2738.337    34.9484    34.9523 0.0000e+00
   9300.591     223215   2779.000     3.0417     3.0432   3.282729   3.283184   48.94752  -16.47352     5.6208     5.7384   2737.359    34.9485    34.9523 0.0000e+00
   9301.572     223239   2778.000     3.0417     3.0432   3.282694   3.283135   48.94752  -16.47352     5.6215     5.7390   2736.380    34.9486    34.9523 0.0000e+00
   9302.529     223262   2777.000     3.0417     3.0433   3.282656   3.283101   48.94752  -16.47352     5.6213     5.7379   2735.401    34.9486    34.9522 0.0000e+00
   9303.476     223284   2776.000     3.0417     3.0435   3.282621   3.283080   48.94752  -16.47352     5.6216     5.7365   2734.423    34.9486    34.9522 0.0000e+00
   9304.422     223307   2775.000     3.0419     3.0437   3.282593   3.283064   48.94752  -16.47353     5.6220     5.7346   2733.444    34.9485    34.9522 0.0000e+00
   9305.370     223330   2774.000     3.0422     3.0440   3.282572   3.283049   48.94752  -16.47353     5.6230     5.7356   2732.465    34.9484    34.9522 0.0000e+00
   9306.326     223353   2773.000     3.0424     3.0442   3.282556   3.283037   48.94752  -16.47354     5.6242     5.7376   2731.487    34.9484    34.9522 0.0000e+00
   9307.302     223376   2772.000     3.0427     3.0445   3.282542   3.283022   48.94752  -16.47353     5.6251     5.7377   2730.508    34.9484    34.9522 0.0000e+00
   9308.304     223400   2771.000     3.0429     3.0448   3.282525   3.283008   48.94752  -16.47353     5.6254     5.7383   2729.529    34.9485    34.9522 0.0000e+00
   9309.329     223425   2770.000     3.0431     3.0453   3.282506   3.283006   48.94752  -16.47352     5.6269     5.7392   2728.550    34.9485    34.9521 0.0000e+00
   9310.351     223449   2769.000     3.0435     3.0463   3.282494   3.283038   48.94752  -16.47352     5.6270     5.7407   2727.572    34.9483    34.9519 0.0000e+00
   9311.350     223473   2768.000     3.0442     3.0475   3.282505   3.283096   48.94752  -16.47352     5.6262     5.7416   2726.593    34.9482    34.9518 0.0000e+00
   9312.325     223497   2767.000     3.0452     3.0484   3.282541   3.283152   48.94752  -16.47353     5.6258     5.7417   2725.614    34.9480    34.9519 0.0000e+00
   9313.286     223520   2766.000     3.0463     3.0494   3.282599   3.283197   48.94752  -16.47353     5.6263     5.7421   2724.636    34.9480    34.9519 0.0000e+00
   9314.243     223543   2765.000     3.0473     3.0500   3.282654   3.283231   48.94752  -16.47353     5.6274     5.7426   2723.657    34.9481    34.9521 0.0000e+00
   9315.204     223566   2764.000     3.0480     3.0503   3.282692   3.283227   48.94752  -16.47353     5.6274     5.7432   2722.678    34.9482    34.9522 0.0000e+00
   9316.173     223589   2763.000     3.0485     3.0502   3.282707   3.283194   48.94752  -16.47352     5.6284     5.7443   2721.699    34.9483    34.9523 0.0000e+00
   9317.153     223613   2762.000     3.0488     3.0502   3.282696   3.283150   48.94752  -16.47352     5.6309     5.7446   2720.721    34.9484    34.9523 0.0000e+00
   9318.141     223636   2761.000     3.0489     3.0504   3.282668   3.283118   48.94752  -16.47352     5.6313     5.7443   2719.742    34.9484    34.9522 0.0000e+00
   9319.127     223660   2760.000     3.0489     3.0508   3.282636   3.283108   48.94752  -16.47353     5.6305     5.7451   2718.763    34.9484    34.9521 0.0000e+00
   9320.100     223683   2759.000     3.0491     3.0517   3.282608   3.283125   48.94752  -16.47353     5.6320     5.7466   2717.784    34.9484    34.9517 0.0000e+00
   9321.058     223706   2758.000     3.0496     3.0531   3.282601   3.283195   48.94752  -16.47354     5.6336     5.7459   2716.806    34.9482    34.9516 0.0000e+00
   9322.019     223729   2757.000     3.0505     3.0540   3.282631   3.283260   48.94752  -16.47354     5.6338     5.7462   2715.827    34.9481    34.9519 0.0000e+00
   9323.002     223753   2756.000     3.0515     3.0545   3.282679   3.283284   48.94752  -16.47354     5.6350     5.7489   2714.848    34.9480    34.9520 0.0000e+00
   9324.015     223777   2755.000     3.0523     3.0551   3.282718   3.283296   48.94752  -16.47354     5.6362     5.7506   2713.869    34.9481    34.9520 0.0000e+00
   9325.039     223802   2754.000     3.0529     3.0556   3.282740   3.283306   48.94752  -16.47353     5.6366     5.7514   2712.890    34.9482    34.9520 0.0000e+00
   9326.045     223826   2753.000     3.0536     3.0561   3.282755   3.283306   48.94752  -16.47352     5.6377     5.7517   2711.912    34.9481    34.9521 0.0000e+00
   9327.020     223849   2752.000     3.0542     3.0564   3.282773   3.283300   48.94752  -16.47352     5.6396     5.7518   2710.933    34.9481    34.9521 0.0000e+00
   9327.970     223872   2751.000     3.0546     3.0568   3.282784   3.283292   48.94752  -16.47353     5.6415     5.7526   2709.954    34.9482    34.9520 0.0000e+00
   9328.914     223895   2750.000     3.0550     3.0576   3.282784   3.283303   48.94752  -16.47354     5.6417     5.7530   2708.975    34.9483    34.9518 0.0000e+00
   9329.870     223918   2749.000     3.0555     3.0592   3.282785   3.283371   48.94752  -16.47354     5.6417     5.7543   2707.996    34.9482    34.9513 0.0000e+00
   9330.848     223941   2748.000     3.0566     3.0618   3.282814   3.283537   48.94752  -16.47354     5.6420     5.7559   2707.017    34.9479    34.9510 0.0000e+00
   9331.841     223965   2747.000     3.0584     3.0639   3.282911   3.283718   48.94752  -16.47354     5.6426     5.7540   2706.039    34.9476    34.9514 0.0000e+00
   9332.832     223989   2746.000     3.0605     3.0655   3.283048   3.283834   48.94752  -16.47354     5.6432     5.7531   2705.060    34.9475    34.9516 0.0000e+00
   9333.808     224012   2745.000     3.0624     3.0671   3.283188   3.283937   48.94752  -16.47354     5.6438     5.7536   2704.081    34.9476    34.9515 0.0000e+00
   9334.780     224036   2744.000     3.0643     3.0686   3.283320   3.284042   48.94752  -16.47353     5.6454     5.7539   2703.102    34.9476    34.9516 0.0000e+00
   9335.757     224059   2743.000     3.0660     3.0700   3.283441   3.284130   48.94752  -16.47352     5.6465     5.7545   2702.123    34.9478    34.9517 0.0000e+00
   9336.742     224083   2742.000     3.0672     3.0713   3.283536   3.284220   48.94752  -16.47352     5.6454     5.7544   2701.145    34.9480    34.9519 0.0000e+00
   9337.727     224106   2741.000     3.0685     3.0722   3.283610   3.284284   48.94752  -16.47352     5.6454     5.7536   2700.166    34.9480    34.9521 0.0000e+00
   9338.698     224130   2740.000     3.0698     3.0727   3.283694   3.284305   48.94752  -16.47352     5.6456     5.7532   2699.187    34.9481    34.9523 0.0000e+00
   9339.659     224153   2739.000     3.0707     3.0732   3.283750   3.284305   48.94752  -16.47353     5.6458     5.7517   2698.208    34.9483    34.9522 0.0000e+00
   9340.623     224176   2738.000     3.0713     3.0738   3.283779   3.284319   48.94752  -16.47353     5.6450     5.7514   2697.229    34.9484    34.9522 0.0000e+00
   9341.604     224199   2737.000     3.0719     3.0745   3.283796   3.284338   48.94752  -16.47354     5.6444     5.7518   2696.250    34.9485    34.9522 0.0000e+00
   9342.598     224223   2736.000     3.0724     3.0752   3.283804   3.284372   48.94752  -16.47353     5.6447     5.7541   2695.271    34.9485    34.9523 0.0000e+00
   9343.585     224247   2735.000     3.0730     3.0757   3.283821   3.284387   48.94752  -16.47352     5.6445     5.7560   2694.292    34.9485    34.9524 0.0000e+00
   9344.560     224270   2734.000     3.0736     3.0760   3.283838   3.284375   48.94752  -16.47352     5.6445     5.7568   2693.314    34.9486    34.9524 0.0000e+00
   9345.530     224294   2733.000     3.0741     3.0764   3.283847   3.284371   48.94752  -16.47352     5.6441     5.7588   2692.335    34.9486    34.9524 0.0000e+00
   9346.505     224317   2732.000     3.0745     3.0769   3.283852   3.284365   48.94752  -16.47352     5.6441     5.7598   2691.356    34.9486    34.9523 0.0000e+00
   9347.487     224341   2731.000     3.0750     3.0778   3.283855   3.284386   48.94752  -16.47352     5.6453     5.7603   2690.377    34.9486    34.9520 0.0000e+00
   9348.461     224364   2730.000     3.0756     3.0790   3.283858   3.284452   48.94752  -16.47352     5.6479     5.7627   2689.398    34.9485    34.9519 0.0000e+00
   9349.422     224387   2729.000     3.0766     3.0804   3.283889   3.284541   48.94752  -16.47352     5.6495     5.7645   2688.419    34.9483    34.9520 0.0000e+00
   9350.375     224410   2728.000     3.0778     3.0816   3.283953   3.284632   48.94752  -16.47352     5.6521     5.7628   2687.440    34.9482    34.9522 0.0000e+00
   9351.335     224433   2727.000     3.0788     3.0824   3.284020   3.284688   48.94752  -16.47353     5.6515     5.7598   2686.461    34.9484    34.9525 0.0000e+00
   9352.317     224457   2726.000     3.0798     3.0830   3.284077   3.284707   48.94752  -16.47352     5.6486     5.7573   2685.482    34.9485    34.9526 0.0000e+00
   9353.318     224481   2725.000     3.0806     3.0833   3.284125   3.284710   48.94752  -16.47352     5.6493     5.7553   2684.503    34.9486    34.9527 0.0000e+00
   9354.327     224505   2724.000     3.0813     3.0837   3.284154   3.284706   48.94752  -16.47351     5.6500     5.7537   2683.525    34.9488    34.9527 0.0000e+00
   9355.323     224529   2723.000     3.0818     3.0844   3.284167   3.284712   48.94752  -16.47351     5.6485     5.7529   2682.546    34.9488    34.9525 0.0000e+00
   9356.301     224552   2722.000     3.0824     3.0858   3.284179   3.284764   48.94752  -16.47350     5.6467     5.7543   2681.567    34.9488    34.9521 0.0000e+00
   9357.262     224575   2721.000     3.0834     3.0874   3.284212   3.284875   48.94752  -16.47351     5.6451     5.7552   2680.588    34.9486    34.9522 0.0000e+00
   9358.219     224598   2720.000     3.0848     3.0883   3.284283   3.284940   48.94752  -16.47351     5.6435     5.7550   2679.609    34.9484    34.9525 0.0000e+00
   9359.179     224621   2719.000     3.0860     3.0889   3.284365   3.284960   48.94752  -16.47352     5.6434     5.7549   2678.630    34.9486    34.9526 0.0000e+00
   9360.145     224644   2718.000     3.0868     3.0894   3.284415   3.284965   48.94752  -16.47352     5.6442     5.7553   2677.651    34.9487    34.9526 0.0000e+00
   9361.111     224668   2717.000     3.0874     3.0897   3.284437   3.284964   48.94752  -16.47352     5.6449     5.7573   2676.672    34.9488    34.9527 0.0000e+00
   9362.077     224691   2716.000     3.0879     3.0901   3.284446   3.284956   48.94752  -16.47352     5.6461     5.7597   2675.693    34.9488    34.9527 0.0000e+00
   9363.053     224714   2715.000     3.0884     3.0904   3.284454   3.284947   48.94752  -16.47352     5.6461     5.7607   2674.714    34.9489    34.9527 0.0000e+00
   9364.049     224738   2714.000     3.0889     3.0907   3.284459   3.284938   48.94752  -16.47352     5.6464     5.7599   2673.735    34.9489    34.9527 0.0000e+00
