Data_example/SBE_Data_Processed/JC231/SeaBird/Data/Processed/JC231_CTD_010c.ros
* Sea-Bird SBE 9 Data File:
* FileName = C:\Users\sandm\Documents\Cruises\JC231\CTD Data\CTD Raw Data\JC231_CTD_010.hex
* Software Version Seasave V 7.26.7.121
* Temperature SN = 5700
* Conductivity SN = 2164
* Number of Bytes Per Scan = 41
* Number of Voltage Words = 4
* Number of Scans Averaged by the Deck Unit = 1
* NMEA Latitude = 48 58.41 N
* NMEA Longitude = 016 27.23 W
* NMEA UTC (Time) = May 14 2022  20:10:12
* NMEA baud rate = 9600
** Ship: RRS James Cook
** Cruise: JC231
** Cast: 010
** Event:
** Station:
** Julian Day: 134
** Time (GMT): 20:10
** Latitude: 48 58.568 ' N
** Longitude: 16 27.822 ' W
** Depth (uncorrected m): 4808m
** Principal Scientist: Dr Susan Hartman
** Operator:  TP / JG
# nquan = 13
# nvalues = 1127                                  
# units = specified
# name 0 = timeS: Time, Elapsed [seconds]
# name 1 = scan: Scan Count
# name 2 = prDM: Pressure, Digiquartz [db]
# name 3 = t090C: Temperature [ITS-90, deg C]
# name 4 = t190C: Temperature, 2 [ITS-90, deg C]
# name 5 = c0S/m: Conductivity [S/m]
# name 6 = c1S/m: Conductivity, 2 [S/m]
# name 7 = latitude: Latitude [deg]
# name 8 = longitude: Longitude [deg]
# name 9 = sbeox0ML/L: Oxygen, SBE 43 [ml/l]
# name 10 = sbeox1ML/L: Oxygen, SBE 43, 2 [ml/l]
# name 11 = nbf: Bottles Fired
# name 12 = flag:  0.000e+00
# interval = seconds: 0.0416667
# start_time = May 14 2022 20:10:13 [System UTC, first data scan.]
# bad_flag = -9.990e-29
*END*
[from data line 112]
   1288.167      30917    102.449    12.2795    12.2810   4.090301   4.090978   48.97356  -16.45374     5.7841     5.6215          3  0.000e+00
   1288.208      30918    102.247    12.2795    12.2814   4.090287   4.090959   48.97356  -16.45374     5.7776     5.6213          3  0.000e+00
   1288.250      30919    102.247    12.2795    12.2811   4.090281   4.090932   48.97356  -16.45374     5.7774     5.6216          3  0.000e+00
   1288.292      30920    102.152    12.2795    12.2814   4.090281   4.090945   48.97356  -16.45374     5.7735     5.6214          3  0.000e+00
   1288.333      30921    102.449    12.2794    12.2817   4.090281   4.090978   48.97356  -16.45374     5.7696     5.6215          3  0.000e+00
   1288.375      30922    102.152    12.2795    12.2817   4.090281   4.091011   48.97356  -16.45374     5.7716     5.6212          3  0.000e+00
   1288.417      30923    102.152    12.2795    12.2819   4.090281   4.091024   48.97356  -16.45374     5.7739     5.6210          3  0.000e+00
   1288.458      30924    102.247    12.2794    12.2819   4.090301   4.091057   48.97356  -16.45374     5.7764     5.6209          3  0.000e+00
   1288.500      30925    102.152    12.2795    12.2821   4.090287   4.091031   48.97356  -16.45374     5.7723     5.6207          3  0.000e+00
   1288.542      30926    102.341    12.2795    12.2824   4.090301   4.091051   48.97356  -16.45374     5.7677     5.6206          3  0.000e+00
   1288.583      30927    102.044    12.2797    12.2824   4.090287   4.091064   48.97356  -16.45374     5.7661     5.6201          3  0.000e+00
   1288.625      30928    102.152    12.2797    12.2826   4.090327   4.091064   48.97356  -16.45374     5.7654     5.6199          3  0.000e+00
   1288.667      30929    102.152    12.2799    12.2828   4.090347   4.091090   48.97356  -16.45374     5.7647     5.6199          3  0.000e+00
   1288.708      30930    102.152    12.2799    12.2826   4.090347   4.091070   48.97356  -16.45374     5.7643     5.6196          3  0.000e+00
   1288.750      30931    102.152    12.2802    12.2830   4.090347   4.091083   48.97356  -16.45374     5.7572     5.6193          3  0.000e+00
   1288.792      30932    102.044    12.2802    12.2826   4.090373   4.091096   48.97356  -16.45374     5.7568     5.6192          3  0.000e+00
   1288.833      30933    102.152    12.2805    12.2829   4.090407   4.091070   48.97356  -16.45374     5.7565     5.6189          3  0.000e+00
   1288.875      30934    102.044    12.2804    12.2829   4.090360   4.091064   48.97356  -16.45374     5.7597     5.6184          3  0.000e+00
   1288.917      30935    102.044    12.2805    12.2831   4.090347   4.091064   48.97356  -16.45374     5.7598     5.6179          3  0.000e+00
   1288.958      30936    102.044    12.2805    12.2833   4.090373   4.091064   48.97356  -16.45374     5.7666     5.6175          3  0.000e+00
   1289.000      30937    102.152    12.2806    12.2830   4.090387   4.091083   48.97356  -16.45374     5.7667     5.6171          3  0.000e+00
   1289.042      30938    102.044    12.2805    12.2831   4.090387   4.091037   48.97356  -16.45374     5.7632     5.6168          3  0.000e+00
   1289.083      30939    102.044    12.2809    12.2833   4.090407   4.091083   48.97356  -16.45374     5.7659     5.6166          3  0.000e+00
   1289.125      30940    101.950    12.2805    12.2833   4.090360   4.091070   48.97356  -16.45374     5.7690     5.6163          3  0.000e+00
   1289.167      30941    101.950    12.2806    12.2831   4.090373   4.091083   48.97356  -16.45374     5.7656     5.6161          3  0.000e+00
   1289.208      30942    102.044    12.2808    12.2829   4.090354   4.091070   48.97356  -16.45374     5.7650     5.6160          3  0.000e+00
   1289.250      30943    102.152    12.2805    12.2830   4.090347   4.091083   48.97356  -16.45374     5.7610     5.6158          3  0.000e+00
   1289.292      30944    101.855    12.2806    12.2829   4.090400   4.091044   48.97356  -16.45374     5.7597     5.6157          3  0.000e+00
   1289.333      30945    102.152    12.2802    12.2831   4.090393   4.091077   48.97356  -16.45374     5.7558     5.6160          3  0.000e+00
   1289.375      30946    101.842    12.2806    12.2831   4.090387   4.091070   48.97356  -16.45374     5.7611     5.6158          3  0.000e+00
   1289.417      30947    102.152    12.2804    12.2831   4.090354   4.091083   48.97356  -16.45374     5.7609     5.6158          3  0.000e+00
   1289.458      30948    101.950    12.2804    12.2833   4.090347   4.091070   48.97356  -16.45374     5.7605     5.6154          3  0.000e+00
   1289.500      30949    101.950    12.2804    12.2830   4.090347   4.091064   48.97356  -16.45374     5.7565     5.6151          3  0.000e+00
   1289.542      30950    102.044    12.2802    12.2831   4.090320   4.091031   48.97356  -16.45374     5.7526     5.6149          3  0.000e+00
   1289.583      30951    101.950    12.2801    12.2829   4.090334   4.091024   48.97356  -16.45374     5.7514     5.6149          3  0.000e+00
   1469.000      35257     93.083    12.3494    12.3486   4.097233   4.097602   48.97358  -16.45374     5.7412     5.6343          4  0.000e+00
   1469.042      35258     92.988    12.3494    12.3486   4.097226   4.097608   48.97358  -16.45374     5.7412     5.6342          4  0.000e+00
   1469.083      35259     93.083    12.3492    12.3486   4.097259   4.097602   48.97358  -16.45374     5.7403     5.6343          4  0.000e+00
   1469.125      35260     92.988    12.3493    12.3485   4.097239   4.097621   48.97358  -16.45374     5.7491     5.6342          4  0.000e+00
   1469.167      35261     93.285    12.3496    12.3486   4.097226   4.097615   48.97358  -16.45374     5.7552     5.6342          4  0.000e+00
   1469.208      35262     92.880    12.3493    12.3486   4.097226   4.097601   48.97358  -16.45374     5.7613     5.6336          4  0.000e+00
   1469.250      35263     93.083    12.3494    12.3487   4.097173   4.097680   48.97358  -16.45374     5.7647     5.6338          4  0.000e+00
   1469.292      35264     92.988    12.3493    12.3486   4.097239   4.097634   48.97358  -16.45374     5.7683     5.6339          4  0.000e+00
   1469.333      35265     92.880    12.3493    12.3488   4.097213   4.097601   48.97358  -16.45374     5.7683     5.6340          4  0.000e+00
   1469.375      35266     92.988    12.3493    12.3487   4.097193   4.097641   48.97358  -16.45374     5.7751     5.6378          4  0.000e+00
   1469.417      35267     92.988    12.3491    12.3486   4.097219   4.097634   48.97358  -16.45374     5.7717     5.6383          4  0.000e+00
   1469.458      35268     92.988    12.3493    12.3488   4.097226   4.097608   48.97358  -16.45374     5.7714     5.6353          4  0.000e+00
   1469.500      35269     92.880    12.3493    12.3487   4.097259   4.097641   48.97358  -16.45374     5.7739     5.6351          4  0.000e+00
   1469.542      35270     92.880    12.3494    12.3486   4.097213   4.097634   48.97358  -16.45374     5.7796     5.6353          4  0.000e+00
   1469.583      35271     92.880    12.3493    12.3488   4.097219   4.097608   48.97358  -16.45374     5.7821     5.6356          4  0.000e+00
   1469.625      35272     92.880    12.3496    12.3489   4.097226   4.097608   48.97358  -16.45374     5.7810     5.6359          4  0.000e+00
   1469.667      35273     92.988    12.3494    12.3486   4.097259   4.097628   48.97358  -16.45374     5.7861     5.6360          4  0.000e+00
   1469.708      35274     92.880    12.3494    12.3486   4.097213   4.097608   48.97358  -16.45374     5.7841     5.6359          4  0.000e+00
   1469.750      35275     92.786    12.3496    12.3486   4.097272   4.097608   48.97358  -16.45374     5.7814     5.6358          4  0.000e+00
   1469.792      35276     92.988    12.3495    12.3485   4.097279   4.097602   48.97358  -16.45374     5.7886     5.6396          4  0.000e+00
   1469.833      35277     92.786    12.3497    12.3484   4.097292   4.097608   48.97358  -16.45374     5.7958     5.6398          4  0.000e+00
   1469.875      35278     92.988    12.3496    12.3486   4.097266   4.097575   48.97358  -16.45374     5.8003     5.6367          4  0.000e+00
   1469.917      35279     92.786    12.3497    12.3485   4.097292   4.097569   48.97358  -16.45374     5.8047     5.6402          4  0.000e+00
   1469.958      35280     92.786    12.3497    12.3487   4.097246   4.097601   48.97358  -16.45374     5.8093     5.6369          4  0.000e+00
   1470.000      35281     92.880    12.3497    12.3483   4.097306   4.097601   48.97358  -16.45374     5.8074     5.6407          4  0.000e+00
   1470.042      35282     92.786    12.3500    12.3486   4.097286   4.097575   48.97358  -16.45374     5.8049     5.6410          4  0.000e+00
   1470.083      35283     92.786    12.3497    12.3486   4.097292   4.097601   48.97358  -16.45374     5.8053     5.6413          4  0.000e+00
   1470.125      35284     92.786    12.3497    12.3485   4.097325   4.097601   48.97358  -16.45374     5.8055     5.6417          4  0.000e+00
   1470.167      35285     92.786    12.3494    12.3487   4.097306   4.097601   48.97358  -16.45374     5.8018     5.6421          4  0.000e+00
   1470.208      35286     92.692    12.3499    12.3485   4.097279   4.097608   48.97358  -16.45374     5.8006     5.6424          4  0.000e+00
   1470.250      35287     92.989    12.3497    12.3486   4.097292   4.097602   48.97358  -16.45374     5.7965     5.6466          4  0.000e+00
   1470.292      35288     92.786    12.3498    12.3486   4.097325   4.097601   48.97358  -16.45374     5.7914     5.6435          4  0.000e+00
   1470.333      35289     92.692    12.3499    12.3486   4.097286   4.097641   48.97358  -16.45374     5.7893     5.6438          4  0.000e+00
   1470.375      35290     92.786    12.3497    12.3486   4.097292   4.097615   48.97358  -16.45374     5.7836     5.6439          4  0.000e+00
   1470.417      35291     92.692    12.3500    12.3488   4.097279   4.097608   48.97358  -16.45374     5.7746     5.6478          4  0.000e+00
   1470.458      35292     92.786    12.3499    12.3486   4.097312   4.097601   48.97358  -16.45374     5.7718     5.6482          4  0.000e+00
   1470.500      35293     92.692    12.3500    12.3487   4.097286   4.097575   48.97358  -16.45374     5.7691     5.6451          4  0.000e+00
   1470.542      35294     92.881    12.3499    12.3486   4.097239   4.097628   48.97358  -16.45374     5.7665     5.6488          4  0.000e+00
   1470.583      35295     92.692    12.3499    12.3488   4.097305   4.097634   48.97358  -16.45374     5.7635     5.6493          4  0.000e+00
   1470.625      35296     92.786    12.3500    12.3487   4.097286   4.097608   48.97358  -16.45374     5.7606     5.6500          4  0.000e+00
   1470.667      35297     92.786    12.3497    12.3486   4.097292   4.097582   48.97358  -16.45374     5.7576     5.6470          4  0.000e+00
   1470.708      35298     92.584    12.3500    12.3490   4.097266   4.097621   48.97358  -16.45374     5.7578     5.6467          4  0.000e+00
   1470.750      35299     92.692    12.3498    12.3486   4.097266   4.097634   48.97358  -16.45374     5.7583     5.6467          4  0.000e+00
   1470.792      35300     92.881    12.3499    12.3490   4.097239   4.097647   48.97358  -16.45374     5.7525     5.6470          4  0.000e+00
   1470.833      35301     92.692    12.3500    12.3487   4.097286   4.097634   48.97358  -16.45374     5.7498     5.6471          4  0.000e+00
   1470.875      35302     92.786    12.3497    12.3488   4.097266   4.097615   48.97358  -16.45374     5.7441     5.6471          4  0.000e+00
   1470.917      35303     92.692    12.3497    12.3486   4.097266   4.097628   48.97358  -16.45374     5.7385     5.6505          4  0.000e+00
   1470.958      35304     92.786    12.3497    12.3489   4.097272   4.097634   48.97358  -16.45374     5.7436     5.6507          4  0.000e+00
   1471.000      35305     92.692    12.3498    12.3488   4.097292   4.097674   48.97358  -16.45374     5.7462     5.6508          4  0.000e+00
   1481.458      35556     92.495    12.3504    12.3521   4.097358   4.097963   48.97358  -16.45374     5.7510     5.6503          5  0.000e+00
   1481.500      35557     92.589    12.3505    12.3520   4.097319   4.097969   48.97358  -16.45374     5.7503     5.6503          5  0.000e+00
   1481.542      35558     92.697    12.3504    12.3523   4.097299   4.097963   48.97358  -16.45374     5.7463     5.6502          5  0.000e+00
   1481.583      35559     92.589    12.3502    12.3523   4.097358   4.097969   48.97358  -16.45374     5.7382     5.6500          5  0.000e+00
   1481.625      35560     92.697    12.3502    12.3522   4.097319   4.097989   48.97358  -16.45374     5.7332     5.6499          5  0.000e+00
   1481.667      35561     92.589    12.3500    12.3521   4.097299   4.097969   48.97358  -16.45374     5.7347     5.6497          5  0.000e+00
   1481.708      35562     92.697    12.3502    12.3521   4.097299   4.097996   48.97358  -16.45374     5.7334     5.6495          5  0.000e+00
   1481.750      35563     92.697    12.3502    12.3525   4.097305   4.097969   48.97358  -16.45374     5.7325     5.6496          5  0.000e+00
   1481.792      35564     92.697    12.3500    12.3521   4.097325   4.098015   48.97358  -16.45374     5.7282     5.6497          5  0.000e+00
   1481.833      35565     92.589    12.3502    12.3524   4.097312   4.098015   48.97358  -16.45374     5.7270     5.6493          5  0.000e+00
   1481.875      35566     92.792    12.3500    12.3523   4.097279   4.097996   48.97358  -16.45374     5.7295     5.6528          5  0.000e+00
   1481.917      35567     92.697    12.3499    12.3524   4.097319   4.098002   48.97358  -16.45374     5.7254     5.6494          5  0.000e+00
   1481.958      35568     92.792    12.3502    12.3520   4.097332   4.097969   48.97358  -16.45374     5.7244     5.6531          5  0.000e+00
   1482.000      35569     92.792    12.3497    12.3521   4.097312   4.097930   48.97358  -16.45374     5.7267     5.6498          5  0.000e+00
   1482.042      35570     92.792    12.3502    12.3521   4.097325   4.097963   48.97358  -16.45374     5.7224     5.6498          5  0.000e+00
   1482.083      35571     92.590    12.3502    12.3520   4.097332   4.097936   48.97358  -16.45374     5.7210     5.6496          5  0.000e+00
   1482.125      35572     92.792    12.3500    12.3519   4.097332   4.097950   48.97358  -16.45374     5.7167     5.6496          5  0.000e+00
   1482.167      35573     92.792    12.3504    12.3520   4.097312   4.097943   48.97358  -16.45374     5.7157     5.6495          5  0.000e+00
   1482.208      35574     92.792    12.3503    12.3517   4.097352   4.097956   48.97358  -16.45374     5.7181     5.6527          5  0.000e+00
   1482.250      35575     92.792    12.3502    12.3519   4.097372   4.097943   48.97358  -16.45374     5.7237     5.6493          5  0.000e+00
   1482.292      35576     92.887    12.3505    12.3515   4.097378   4.097871   48.97358  -16.45374     5.7231     5.6493          5  0.000e+00
   1482.333      35577     92.887    12.3504    12.3516   4.097378   4.097877   48.97358  -16.45374     5.7223     5.6491          5  0.000e+00
   1482.375      35578     92.792    12.3505    12.3513   4.097372   4.097871   48.97358  -16.45374     5.7248     5.6524          5  0.000e+00
   1482.417      35579     92.995    12.3504    12.3511   4.097345   4.097851   48.97358  -16.45374     5.7280     5.6491          5  0.000e+00
   1482.458      35580     92.792    12.3505    12.3511   4.097392   4.097877   48.97358  -16.45374     5.7281     5.6523          5  0.000e+00
   1482.500      35581     92.887    12.3507    12.3510   4.097378   4.097897   48.97358  -16.45374     5.7320     5.6492          5  0.000e+00
