Data_example/SBE_Data_Processed/JC231/SeaBird/Data/Processed/JC231_CTD_003c.ros
* Sea-Bird SBE 9 Data File:
* FileName = C:\Users\sandm\Documents\Cruises\JC231\CTD Data\CTD Raw Data\JC231_CTD_003.hex
* Software Version Seasave V 7.26.7.121
* Temperature SN = 5700
* Conductivity SN = 2164
* Number of Bytes Per Scan = 41
* Number of Voltage Words = 4
* Number of Scans Averaged by the Deck Unit = 1
* NMEA Latitude = 48 57.37 N
* NMEA Longitude = 016 23.99 W
* NMEA UTC (Time) = May 05 2022  07:30:20
* NMEA baud rate = 9600
** Ship: RRS James Cook
** Cruise: JC231
** Cast: 003
** Event:
** Station:
** Julian Day: 125
** Time (GMT): 07:30
** Latitude: 48 57.362' N
** Longitude: 16 23.982'' W
** Depth (uncorrected m): 4812m
** Principal Scientist: Dr Susan Hartman
** Operator:  TP / JG
# nquan = 13
# nvalues = 1176                                  
# units = specified
# name 0 = timeS: Time, Elapsed [seconds]
# name 1 = scan: Scan Count
# name 2 = prDM: Pressure, Digiquartz [db]
# name 3 = t090C: Temperature [ITS-90, deg C]
# name 4 = t190C: Temperature, 2 [ITS-90, deg C]
# name 5 = c0S/m: Conductivity [S/m]
# name 6 = c1S/m: Conductivity, 2 [S/m]
# name 7 = latitude: Latitude [deg]
# name 8 = longitude: Longitude [deg]
# name 9 = sbeox0ML/L: Oxygen, SBE 43 [ml/l]
# name 10 = sbeox1ML/L: Oxygen, SBE 43, 2 [ml/l]
# name 11 = nbf: Bottles Fired
# name 12 = flag:  0.000e+00
# interval = seconds: 0.0416667
# start_time = May 05 2022 07:30:21 [System UTC, first data scan.]
# bad_flag = -9.990e-29
*END*
[from data line 112]
   1155.917      27743    203.386    11.2928    11.2933   3.987247   3.987525   48.95620  -16.39992     5.2866     5.4213          3  0.000e+00
   1155.958      27744    203.264    11.2931    11.2933   3.987260   3.987492   48.95620  -16.39992     5.2904     5.4219          3  0.000e+00
   1156.000      27745    203.359    11.2931    11.2931   3.987247   3.987544   48.95620  -16.39992     5.2874     5.4226          3  0.000e+00
   1156.042      27746    203.277    11.2931    11.2933   3.987240   3.987525   48.95620  -16.39992     5.2879     5.4232          3  0.000e+00
   1156.083      27747    203.359    11.2933    11.2933   3.987207   3.987492   48.95620  -16.39992     5.2919     5.4236          3  0.000e+00
   1156.125      27748    203.264    11.2933    11.2931   3.987201   3.987473   48.95620  -16.39992     5.2884     5.4276          3  0.000e+00
   1156.167      27749    203.277    11.2933    11.2931   3.987279   3.987460   48.95620  -16.39992     5.2929     5.4285          3  0.000e+00
   1156.208      27750    203.264    11.2933    11.2930   3.987227   3.987401   48.95620  -16.39992     5.2935     5.4291          3  0.000e+00
   1156.250      27751    203.264    11.2933    11.2929   3.987227   3.987447   48.95620  -16.39992     5.2945     5.4297          3  0.000e+00
   1156.292      27752    203.156    11.2930    11.2928   3.987240   3.987434   48.95620  -16.39992     5.2911     5.4301          3  0.000e+00
   1156.333      27753    203.385    11.2931    11.2926   3.987181   3.987460   48.95620  -16.39992     5.2953     5.4308          3  0.000e+00
   1156.375      27754    203.156    11.2929    11.2926   3.987220   3.987434   48.95620  -16.39992     5.2958     5.4311          3  0.000e+00
   1156.417      27755    203.264    11.2928    11.2926   3.987207   3.987395   48.95620  -16.39992     5.2965     5.4279          3  0.000e+00
   1156.458      27756    203.183    11.2928    11.2924   3.987227   3.987395   48.95620  -16.39992     5.2970     5.4317          3  0.000e+00
   1156.500      27757    203.264    11.2928    11.2923   3.987207   3.987362   48.95620  -16.39992     5.2937     5.4321          3  0.000e+00
   1156.542      27758    203.156    11.2930    11.2921   3.987253   3.987323   48.95620  -16.39992     5.2977     5.4321          3  0.000e+00
   1156.583      27759    203.385    11.2929    11.2923   3.987247   3.987356   48.95620  -16.39992     5.2985     5.4321          3  0.000e+00
   1156.625      27760    203.061    11.2929    11.2924   3.987207   3.987408   48.95620  -16.39992     5.2989     5.4318          3  0.000e+00
   1156.667      27761    203.358    11.2928    11.2924   3.987201   3.987382   48.95620  -16.39992     5.2953     5.4319          3  0.000e+00
   1156.708      27762    203.156    11.2928    11.2926   3.987201   3.987434   48.95620  -16.39992     5.2992     5.4315          3  0.000e+00
   1156.750      27763    203.075    11.2928    11.2926   3.987201   3.987460   48.95620  -16.39992     5.2998     5.4315          3  0.000e+00
   1156.792      27764    203.264    11.2928    11.2926   3.987201   3.987414   48.95620  -16.39992     5.3005     5.4318          3  0.000e+00
   1156.833      27765    203.156    11.2928    11.2926   3.987174   3.987421   48.95620  -16.39992     5.3006     5.4314          3  0.000e+00
   1156.875      27766    203.277    11.2929    11.2924   3.987220   3.987382   48.95620  -16.39992     5.3008     5.4316          3  0.000e+00
   1156.917      27767    203.061    11.2931    11.2926   3.987207   3.987408   48.95620  -16.39992     5.3007     5.4310          3  0.000e+00
   1156.958      27768    203.264    11.2931    11.2924   3.987253   3.987395   48.95620  -16.39992     5.3014     5.4311          3  0.000e+00
   1157.000      27769    203.075    11.2928    11.2923   3.987246   3.987349   48.95620  -16.39992     5.2974     5.4306          3  0.000e+00
   1157.042      27770    203.156    11.2931    11.2921   3.987240   3.987375   48.95620  -16.39992     5.3009     5.4305          3  0.000e+00
   1157.083      27771    203.264    11.2933    11.2924   3.987260   3.987362   48.95620  -16.39992     5.2976     5.4338          3  0.000e+00
   1157.125      27772    203.183    11.2930    11.2919   3.987273   3.987336   48.95620  -16.39992     5.2971     5.4302          3  0.000e+00
   1157.167      27773    203.156    11.2933    11.2919   3.987194   3.987375   48.95620  -16.39992     5.2972     5.4299          3  0.000e+00
   1157.208      27774    203.264    11.2931    11.2917   3.987188   3.987369   48.95620  -16.39992     5.3008     5.4298          3  0.000e+00
   1157.250      27775    203.156    11.2929    11.2916   3.987227   3.987356   48.95620  -16.39992     5.2969     5.4294          3  0.000e+00
   1157.292      27776    203.183    11.2929    11.2916   3.987240   3.987356   48.95620  -16.39992     5.3004     5.4287          3  0.000e+00
   1157.333      27777    203.156    11.2929    11.2919   3.987240   3.987336   48.95620  -16.39992     5.2965     5.4321          3  0.000e+00
   1182.000      28369    204.259    11.2880    11.2897   3.986696   3.987083   48.95620  -16.39992     5.3117     5.4267          4  0.000e+00
   1182.042      28370    204.056    11.2882    11.2897   3.986683   3.987083   48.95620  -16.39992     5.3152     5.4227          4  0.000e+00
   1182.083      28371    203.962    11.2880    11.2895   3.986703   3.987051   48.95620  -16.39992     5.3154     5.4218          4  0.000e+00
   1182.125      28372    204.070    11.2880    11.2893   3.986690   3.987044   48.95620  -16.39992     5.3117     5.4211          4  0.000e+00
   1182.167      28373    204.165    11.2879    11.2893   3.986683   3.987012   48.95620  -16.39992     5.3155     5.4204          4  0.000e+00
   1182.208      28374    204.056    11.2879    11.2891   3.986650   3.987025   48.95620  -16.39992     5.3161     5.4195          4  0.000e+00
   1182.250      28375    204.178    11.2880    11.2889   3.986670   3.987018   48.95620  -16.39992     5.3163     5.4193          4  0.000e+00
   1182.292      28376    204.056    11.2879    11.2890   3.986703   3.986979   48.95620  -16.39992     5.3164     5.4188          4  0.000e+00
   1182.333      28377    204.165    11.2877    11.2888   3.986690   3.987025   48.95620  -16.39992     5.3171     5.4148          4  0.000e+00
   1182.375      28378    204.178    11.2879    11.2888   3.986683   3.987012   48.95620  -16.39992     5.3173     5.4176          4  0.000e+00
   1182.417      28379    204.259    11.2879    11.2888   3.986683   3.987057   48.95620  -16.39992     5.3175     5.4173          4  0.000e+00
   1182.458      28380    204.056    11.2879    11.2887   3.986650   3.986999   48.95620  -16.39992     5.3179     5.4132          4  0.000e+00
   1182.500      28381    204.178    11.2880    11.2887   3.986696   3.987018   48.95620  -16.39992     5.3181     5.4161          4  0.000e+00
   1182.542      28382    204.164    11.2880    11.2887   3.986736   3.987012   48.95620  -16.39992     5.3181     5.4156          4  0.000e+00
   1182.583      28383    204.164    11.2880    11.2888   3.986696   3.987038   48.95620  -16.39992     5.3182     5.4154          4  0.000e+00
   1182.625      28384    204.273    11.2878    11.2887   3.986650   3.986986   48.95620  -16.39992     5.3184     5.4154          4  0.000e+00
   1182.667      28385    204.164    11.2880    11.2887   3.986670   3.987005   48.95620  -16.39992     5.3183     5.4148          4  0.000e+00
   1182.708      28386    204.354    11.2877    11.2887   3.986703   3.987031   48.95620  -16.39992     5.3189     5.4111          4  0.000e+00
   1182.750      28387    204.070    11.2879    11.2888   3.986690   3.987012   48.95620  -16.39992     5.3192     5.4142          4  0.000e+00
   1182.792      28388    204.259    11.2879    11.2888   3.986664   3.987012   48.95620  -16.39992     5.3199     5.4144          4  0.000e+00
   1182.833      28389    204.164    11.2877    11.2888   3.986696   3.987031   48.95620  -16.39992     5.3203     5.4143          4  0.000e+00
   1182.875      28390    204.259    11.2877    11.2884   3.986690   3.987018   48.95620  -16.39992     5.3164     5.4144          4  0.000e+00
   1182.917      28391    204.381    11.2880    11.2888   3.986651   3.987057   48.95620  -16.39992     5.3160     5.4108          4  0.000e+00
   1182.958      28392    204.164    11.2876    11.2888   3.986696   3.987044   48.95620  -16.39992     5.3194     5.4142          4  0.000e+00
   1183.000      28393    204.259    11.2879    11.2890   3.986716   3.987044   48.95620  -16.39992     5.3194     5.4144          4  0.000e+00
   1183.042      28394    204.178    11.2880    11.2888   3.986690   3.987070   48.95620  -16.39992     5.3158     5.4145          4  0.000e+00
   1183.083      28395    204.259    11.2879    11.2891   3.986683   3.987057   48.95620  -16.39992     5.3154     5.4147          4  0.000e+00
   1183.125      28396    204.353    11.2879    11.2890   3.986703   3.987070   48.95620  -16.39992     5.3189     5.4151          4  0.000e+00
   1183.167      28397    204.178    11.2879    11.2890   3.986716   3.987077   48.95620  -16.39992     5.3153     5.4152          4  0.000e+00
   1183.208      28398    204.353    11.2880    11.2891   3.986716   3.987135   48.95620  -16.39992     5.3149     5.4118          4  0.000e+00
   1183.250      28399    204.353    11.2879    11.2896   3.986690   3.987096   48.95620  -16.39992     5.3144     5.4155          4  0.000e+00
   1183.292      28400    204.178    11.2879    11.2893   3.986703   3.987109   48.95620  -16.39992     5.3138     5.4158          4  0.000e+00
   1183.333      28401    204.353    11.2879    11.2895   3.986690   3.987109   48.95620  -16.39992     5.3134     5.4163          4  0.000e+00
   1183.375      28402    204.164    11.2880    11.2895   3.986703   3.987109   48.95620  -16.39992     5.3128     5.4166          4  0.000e+00
   1183.417      28403    204.380    11.2879    11.2893   3.986716   3.987090   48.95620  -16.39992     5.3164     5.4173          4  0.000e+00
   1183.458      28404    204.353    11.2880    11.2895   3.986716   3.987077   48.95620  -16.39992     5.3163     5.4177          4  0.000e+00
   1183.500      28405    204.259    11.2882    11.2893   3.986736   3.987083   48.95620  -16.39992     5.3167     5.4182          4  0.000e+00
   1183.542      28406    204.259    11.2880    11.2891   3.986749   3.987077   48.95620  -16.39992     5.3127     5.4188          4  0.000e+00
   1183.583      28407    204.380    11.2881    11.2893   3.986723   3.987096   48.95620  -16.39992     5.3127     5.4232          4  0.000e+00
   1183.625      28408    204.353    11.2883    11.2893   3.986736   3.987090   48.95620  -16.39992     5.3122     5.4237          4  0.000e+00
   1183.667      28409    204.259    11.2883    11.2891   3.986775   3.987103   48.95620  -16.39992     5.3116     5.4246          4  0.000e+00
   1183.708      28410    204.380    11.2885    11.2895   3.986755   3.987083   48.95620  -16.39992     5.3116     5.4257          4  0.000e+00
   1183.750      28411    204.259    11.2885    11.2893   3.986775   3.987109   48.95620  -16.39992     5.3110     5.4266          4  0.000e+00
   1183.792      28412    204.353    11.2883    11.2893   3.986755   3.987083   48.95620  -16.39992     5.3146     5.4273          4  0.000e+00
   1183.833      28413    204.272    11.2887    11.2891   3.986749   3.987083   48.95620  -16.39992     5.3105     5.4279          4  0.000e+00
   1183.875      28414    204.461    11.2887    11.2893   3.986775   3.987103   48.95620  -16.39992     5.3101     5.4286          4  0.000e+00
   1183.917      28415    204.259    11.2886    11.2893   3.986788   3.987083   48.95620  -16.39992     5.3094     5.4291          4  0.000e+00
   1183.958      28416    204.380    11.2887    11.2893   3.986788   3.987083   48.95620  -16.39992     5.3090     5.4298          4  0.000e+00
   1184.000      28417    204.259    11.2887    11.2893   3.986788   3.987051   48.95620  -16.39992     5.3084     5.4304          4  0.000e+00
   1201.250      28831    204.068    11.2871    11.2905   3.986546   3.987220   48.95620  -16.39992     5.3323     5.4273          5  0.000e+00
   1201.292      28832    203.960    11.2872    11.2907   3.986539   3.987213   48.95620  -16.39992     5.3314     5.4305          5  0.000e+00
   1201.333      28833    204.351    11.2870    11.2907   3.986565   3.987213   48.95620  -16.39992     5.3269     5.4310          5  0.000e+00
   1201.375      28834    204.068    11.2872    11.2908   3.986546   3.987220   48.95620  -16.39992     5.3292     5.4269          5  0.000e+00
   1201.417      28835    204.162    11.2869    11.2905   3.986539   3.987187   48.95620  -16.39992     5.3282     5.4307          5  0.000e+00
   1201.458      28836    204.054    11.2871    11.2907   3.986513   3.987187   48.95620  -16.39992     5.3275     5.4304          5  0.000e+00
   1201.500      28837    204.068    11.2871    11.2905   3.986526   3.987181   48.95620  -16.39992     5.3229     5.4270          5  0.000e+00
   1201.542      28838    204.162    11.2871    11.2905   3.986539   3.987181   48.95620  -16.39992     5.3257     5.4307          5  0.000e+00
   1201.583      28839    204.162    11.2871    11.2907   3.986539   3.987187   48.95620  -16.39992     5.3210     5.4309          5  0.000e+00
   1201.625      28840    204.054    11.2872    11.2905   3.986539   3.987207   48.95620  -16.39992     5.3201     5.4311          5  0.000e+00
   1201.667      28841    204.068    11.2870    11.2905   3.986539   3.987174   48.95620  -16.39992     5.3232     5.4314          5  0.000e+00
   1201.708      28842    204.054    11.2871    11.2907   3.986539   3.987200   48.95620  -16.39992     5.3184     5.4278          5  0.000e+00
   1201.750      28843    204.054    11.2874    11.2905   3.986539   3.987187   48.95620  -16.39992     5.3214     5.4315          5  0.000e+00
   1201.792      28844    204.068    11.2869    11.2907   3.986539   3.987187   48.95620  -16.39992     5.3215     5.4318          5  0.000e+00
   1201.833      28845    204.054    11.2872    11.2907   3.986487   3.987181   48.95620  -16.39992     5.3171     5.4320          5  0.000e+00
   1201.875      28846    204.054    11.2871    11.2905   3.986493   3.987161   48.95620  -16.39992     5.3161     5.4320          5  0.000e+00
   1201.917      28847    203.973    11.2871    11.2905   3.986559   3.987200   48.95620  -16.39992     5.3145     5.4318          5  0.000e+00
   1201.958      28848    203.959    11.2872    11.2902   3.986578   3.987155   48.95620  -16.39992     5.3135     5.4283          5  0.000e+00
   1202.000      28849    204.054    11.2871    11.2903   3.986519   3.987181   48.95620  -16.39992     5.3165     5.4282          5  0.000e+00
   1202.042      28850    203.973    11.2869    11.2903   3.986526   3.987155   48.95620  -16.39992     5.3163     5.4315          5  0.000e+00
   1202.083      28851    204.162    11.2871    11.2900   3.986539   3.987168   48.95620  -16.39992     5.3123     5.4315          5  0.000e+00
   1202.125      28852    203.851    11.2872    11.2903   3.986565   3.987161   48.95620  -16.39992     5.3115     5.4278          5  0.000e+00
   1202.167      28853    204.068    11.2871    11.2905   3.986519   3.987122   48.95620  -16.39992     5.3110     5.4278          5  0.000e+00
   1202.208      28854    203.959    11.2871    11.2900   3.986539   3.987148   48.95620  -16.39992     5.3103     5.4273          5  0.000e+00
   1202.250      28855    204.054    11.2871    11.2902   3.986539   3.987174   48.95620  -16.39992     5.3098     5.4306          5  0.000e+00
   1202.292      28856    203.757    11.2872    11.2902   3.986539   3.987148   48.95620  -16.39992     5.3134     5.4303          5  0.000e+00
