Data_example/SBE_Data_Processed/JC231/SeaBird/Data/Processed/JC231_CTD_007c.ros
* Sea-Bird SBE 9 Data File:
* FileName = C:\Users\sandm\Documents\Cruises\JC231\CTD Data\CTD Raw Data\JC231_CTD_007.hex
* Software Version Seasave V 7.26.7.121
* Temperature SN = 5700
* Conductivity SN = 2164
* Number of Bytes Per Scan = 41
* Number of Voltage Words = 4
* Number of Scans Averaged by the Deck Unit = 1
* NMEA Latitude = 48 56.85 N
* NMEA Longitude = 016 28.41 W
* NMEA UTC (Time) = May 11 2022  08:20:42
* NMEA baud rate = 9600
** Ship: RRS James Cook
** Cruise: JC231
** Cast: 007
** Event:
** Station:
** Julian Day: 131
** Time (GMT): 08:20
** Latitude: 48 56.853' N
** Longitude: 16 28.413' W
** Depth (uncorrected m): 4806m
** Principal Scientist: Dr Susan Hartman
** Operator:  TP / JG
# nquan = 13
# nvalues = 1176                                  
# units = specified
# name 0 = timeS: Time, Elapsed [seconds]
# name 1 = scan: Scan Count
# name 2 = prDM: Pressure, Digiquartz [db]
# name 3 = t090C: Temperature [ITS-90, deg C]
# name 4 = t190C: Temperature, 2 [ITS-90, deg C]
# name 5 = c0S/m: Conductivity [S/m]
# name 6 = c1S/m: Conductivity, 2 [S/m]
# name 7 = latitude: Latitude [deg]
# name 8 = longitude: Longitude [deg]
# name 9 = sbeox0ML/L: Oxygen, SBE 43 [ml/l]
# name 10 = sbeox1ML/L: Oxygen, SBE 43, 2 [ml/l]
# name 11 = nbf: Bottles Fired
# name 12 = flag:  0.000e+00
# interval = seconds: 0.0416667
# start_time = May 11 2022 08:20:43 [System UTC, first data scan.]
# bad_flag = -9.990e-29
*END*
[from data line 112]
   6621.042     158906   4893.612     2.5650     2.5662   3.311124   3.311627   48.94752  -16.47354     5.2429     5.3764          3  0.000e+00
   6621.083     158907   4893.443     2.5648     2.5661   3.311173   3.311620   48.94752  -16.47354     5.2428     5.3769          3  0.000e+00
   6621.125     158908   4893.387     2.5648     2.5664   3.311179   3.311596   48.94752  -16.47354     5.2428     5.3776          3  0.000e+00
   6621.167     158909   4893.669     2.5645     2.5662   3.311167   3.311633   48.94752  -16.47354     5.2508     5.3784          3  0.000e+00
   6621.208     158910   4893.500     2.5648     2.5660   3.311149   3.311669   48.94752  -16.47354     5.2425     5.3790          3  0.000e+00
   6621.250     158911   4893.330     2.5647     2.5662   3.311136   3.311657   48.94752  -16.47354     5.2422     5.3795          3  0.000e+00
   6621.292     158912   4893.613     2.5648     2.5661   3.311136   3.311651   48.94752  -16.47354     5.2422     5.3804          3  0.000e+00
   6621.333     158913   4893.444     2.5648     2.5661   3.311161   3.311669   48.94752  -16.47354     5.2419     5.3810          3  0.000e+00
   6621.375     158914   4893.500     2.5647     2.5664   3.311142   3.311633   48.94752  -16.47354     5.2417     5.3817          3  0.000e+00
   6621.417     158915   4893.670     2.5648     2.5661   3.311118   3.311621   48.94752  -16.47354     5.2416     5.3825          3  0.000e+00
   6621.458     158916   4893.500     2.5648     2.5662   3.311149   3.311621   48.94752  -16.47354     5.2413     5.3831          3  0.000e+00
   6621.500     158917   4893.331     2.5648     2.5662   3.311148   3.311639   48.94752  -16.47354     5.2410     5.3836          3  0.000e+00
   6621.542     158918   4893.613     2.5647     2.5661   3.311136   3.311627   48.94752  -16.47354     5.2410     5.3845          3  0.000e+00
   6621.583     158919   4893.557     2.5650     2.5661   3.311161   3.311639   48.94752  -16.47354     5.2407     5.3736          3  0.000e+00
   6621.625     158920   4893.500     2.5648     2.5661   3.311142   3.311651   48.94752  -16.47354     5.2405     5.3827          3  0.000e+00
   6621.667     158921   4893.444     2.5647     2.5662   3.311136   3.311627   48.94752  -16.47354     5.2403     5.3834          3  0.000e+00
   6621.708     158922   4893.501     2.5648     2.5662   3.311088   3.311639   48.94752  -16.47354     5.2401     5.3843          3  0.000e+00
   6621.750     158923   4893.557     2.5648     2.5662   3.311124   3.311651   48.94752  -16.47354     5.2503     5.3851          3  0.000e+00
   6621.792     158924   4893.501     2.5648     2.5661   3.311161   3.311633   48.94752  -16.47354     5.2420     5.3859          3  0.000e+00
   6621.833     158925   4893.557     2.5647     2.5661   3.311124   3.311645   48.94752  -16.47354     5.2418     5.3868          3  0.000e+00
   6621.875     158926   4893.501     2.5648     2.5662   3.311106   3.311627   48.94752  -16.47354     5.2415     5.3875          3  0.000e+00
   6621.917     158927   4893.444     2.5647     2.5661   3.311149   3.311639   48.94752  -16.47354     5.2411     5.3883          3  0.000e+00
   6621.958     158928   4893.614     2.5647     2.5663   3.311149   3.311627   48.94752  -16.47354     5.2409     5.3892          3  0.000e+00
   6622.000     158929   4893.445     2.5650     2.5662   3.311161   3.311663   48.94752  -16.47354     5.2404     5.3899          3  0.000e+00
   6622.042     158930   4893.614     2.5647     2.5661   3.311149   3.311657   48.94752  -16.47354     5.2299     5.3909          3  0.000e+00
   6622.083     158931   4893.671     2.5648     2.5661   3.311161   3.311651   48.94752  -16.47354     5.2376     5.3917          3  0.000e+00
   6622.125     158932   4893.388     2.5647     2.5662   3.311124   3.311651   48.94752  -16.47354     5.2373     5.3923          3  0.000e+00
   6622.167     158933   4893.671     2.5650     2.5662   3.311149   3.311669   48.94752  -16.47354     5.2372     5.3899          3  0.000e+00
   6622.208     158934   4893.501     2.5647     2.5662   3.311149   3.311657   48.94752  -16.47354     5.2473     5.3871          3  0.000e+00
   6622.250     158935   4893.671     2.5647     2.5662   3.311136   3.311627   48.94752  -16.47354     5.2496     5.3844          3  0.000e+00
   6622.292     158936   4893.388     2.5648     2.5661   3.311161   3.311620   48.94752  -16.47354     5.2514     5.3847          3  0.000e+00
   6622.333     158937   4893.671     2.5647     2.5661   3.311142   3.311639   48.94752  -16.47354     5.2407     5.3853          3  0.000e+00
   6622.375     158938   4893.501     2.5648     2.5661   3.311136   3.311651   48.94752  -16.47354     5.2399     5.3855          3  0.000e+00
   6622.417     158939   4893.671     2.5648     2.5662   3.311136   3.311651   48.94752  -16.47354     5.2394     5.3860          3  0.000e+00
   6622.458     158940   4893.389     2.5648     2.5661   3.311161   3.311627   48.94752  -16.47354     5.2386     5.3747          3  0.000e+00
   6994.750     167875   4587.728     2.5400     2.5413   3.299138   3.299581   48.94748  -16.47354     5.2555     5.3757          4  0.000e+00
   6994.792     167876   4587.841     2.5398     2.5413   3.299101   3.299599   48.94748  -16.47354     5.2452     5.3765          4  0.000e+00
   6994.833     167877   4587.897     2.5398     2.5410   3.299089   3.299629   48.94748  -16.47354     5.2521     5.3744          4  0.000e+00
   6994.875     167878   4587.728     2.5398     2.5414   3.299125   3.299599   48.94748  -16.47354     5.2634     5.3859          4  0.000e+00
   6994.917     167879   4587.728     2.5398     2.5413   3.299119   3.299581   48.94748  -16.47354     5.2550     5.3867          4  0.000e+00
   6994.958     167880   4587.841     2.5400     2.5413   3.299095   3.299599   48.94748  -16.47354     5.2541     5.3765          4  0.000e+00
   6995.000     167881   4587.841     2.5400     2.5413   3.299089   3.299593   48.94748  -16.47354     5.2531     5.3772          4  0.000e+00
   6995.042     167882   4587.841     2.5398     2.5413   3.299107   3.299581   48.94748  -16.47354     5.2422     5.3750          4  0.000e+00
   6995.083     167883   4587.841     2.5400     2.5411   3.299107   3.299599   48.94748  -16.47354     5.2509     5.3759          4  0.000e+00
   6995.125     167884   4587.841     2.5398     2.5411   3.299138   3.299611   48.94748  -16.47354     5.2522     5.3769          4  0.000e+00
   6995.167     167885   4587.841     2.5397     2.5413   3.299101   3.299593   48.94748  -16.47354     5.2534     5.3779          4  0.000e+00
   6995.208     167886   4587.729     2.5398     2.5411   3.299107   3.299605   48.94748  -16.47354     5.2545     5.3761          4  0.000e+00
   6995.250     167887   4587.842     2.5400     2.5411   3.299132   3.299611   48.94748  -16.47354     5.2558     5.3852          4  0.000e+00
   6995.292     167888   4587.940     2.5398     2.5413   3.299119   3.299611   48.94748  -16.47354     5.2571     5.3862          4  0.000e+00
   6995.333     167889   4587.842     2.5400     2.5413   3.299119   3.299611   48.94748  -16.47354     5.2559     5.3761          4  0.000e+00
   6995.375     167890   4587.729     2.5397     2.5414   3.299071   3.299611   48.94748  -16.47354     5.2570     5.3739          4  0.000e+00
   6995.417     167891   4587.842     2.5398     2.5411   3.299125   3.299629   48.94748  -16.47354     5.2582     5.3750          4  0.000e+00
   6995.458     167892   4587.842     2.5397     2.5413   3.299138   3.299623   48.94748  -16.47354     5.2593     5.3870          4  0.000e+00
   6995.500     167893   4587.842     2.5398     2.5411   3.299101   3.299611   48.94748  -16.47354     5.2604     5.3910          4  0.000e+00
   6995.542     167894   4587.842     2.5399     2.5413   3.299132   3.299629   48.94748  -16.47354     5.2517     5.3841          4  0.000e+00
   6995.583     167895   4587.842     2.5398     2.5413   3.299125   3.299617   48.94748  -16.47354     5.2582     5.3854          4  0.000e+00
   6995.625     167896   4588.053     2.5398     2.5411   3.299107   3.299611   48.94748  -16.47354     5.2594     5.3869          4  0.000e+00
   6995.667     167897   4587.730     2.5398     2.5414   3.299113   3.299611   48.94748  -16.47354     5.2603     5.3881          4  0.000e+00
   6995.708     167898   4587.842     2.5400     2.5411   3.299119   3.299611   48.94748  -16.47354     5.2517     5.3976          4  0.000e+00
   6995.750     167899   4587.842     2.5400     2.5414   3.299071   3.299635   48.94748  -16.47354     5.2484     5.3880          4  0.000e+00
   6995.792     167900   4587.730     2.5398     2.5411   3.299101   3.299617   48.94748  -16.47354     5.2473     5.3973          4  0.000e+00
   6995.833     167901   4587.997     2.5398     2.5411   3.299107   3.299587   48.94748  -16.47354     5.2540     5.4017          4  0.000e+00
   6995.875     167902   4587.730     2.5399     2.5413   3.299089   3.299623   48.94748  -16.47354     5.2429     5.3949          4  0.000e+00
   6995.917     167903   4587.941     2.5398     2.5411   3.299132   3.299623   48.94748  -16.47354     5.2518     5.4044          4  0.000e+00
   6995.958     167904   4587.843     2.5398     2.5411   3.299125   3.299611   48.94748  -16.47354     5.2431     5.4055          4  0.000e+00
   6996.000     167905   4587.730     2.5400     2.5413   3.299107   3.299611   48.94748  -16.47354     5.2496     5.3956          4  0.000e+00
   6996.042     167906   4587.941     2.5397     2.5413   3.299089   3.299593   48.94748  -16.47354     5.2510     5.4048          4  0.000e+00
   6996.083     167907   4587.843     2.5398     2.5410   3.299107   3.299605   48.94748  -16.47354     5.2498     5.3949          4  0.000e+00
   6996.125     167908   4587.843     2.5398     2.5411   3.299119   3.299611   48.94748  -16.47354     5.2485     5.3930          4  0.000e+00
   6996.167     167909   4587.843     2.5398     2.5414   3.299095   3.299587   48.94748  -16.47354     5.2496     5.4049          4  0.000e+00
   6996.208     167910   4587.942     2.5398     2.5414   3.299125   3.299581   48.94748  -16.47354     5.2507     5.4059          4  0.000e+00
   6996.250     167911   4587.730     2.5398     2.5411   3.299101   3.299605   48.94748  -16.47354     5.2394     5.4067          4  0.000e+00
   6996.292     167912   4587.942     2.5398     2.5413   3.299107   3.299611   48.94748  -16.47354     5.2384     5.3967          4  0.000e+00
   6996.333     167913   4587.843     2.5400     2.5411   3.299119   3.299593   48.94748  -16.47354     5.2372     5.4053          4  0.000e+00
   6996.375     167914   4587.843     2.5402     2.5414   3.299107   3.299605   48.94748  -16.47354     5.2338     5.3950          4  0.000e+00
   6996.417     167915   4587.731     2.5400     2.5413   3.299113   3.299611   48.94748  -16.47354     5.2303     5.4035          4  0.000e+00
   6996.458     167916   4588.055     2.5397     2.5411   3.299095   3.299587   48.94748  -16.47354     5.2394     5.4042          4  0.000e+00
   6996.500     167917   4587.731     2.5398     2.5413   3.299089   3.299605   48.94748  -16.47354     5.2380     5.3935          4  0.000e+00
   6996.542     167918   4587.844     2.5399     2.5410   3.299132   3.299611   48.94748  -16.47354     5.2392     5.3910          4  0.000e+00
   6996.583     167919   4587.942     2.5397     2.5413   3.299138   3.299611   48.94748  -16.47354     5.2404     5.3885          4  0.000e+00
   6996.625     167920   4587.731     2.5398     2.5413   3.299119   3.299593   48.94748  -16.47354     5.2316     5.3858          4  0.000e+00
   6996.667     167921   4587.844     2.5400     2.5411   3.299095   3.299581   48.94748  -16.47354     5.2306     5.3973          4  0.000e+00
   6996.708     167922   4587.942     2.5395     2.5413   3.299089   3.299599   48.94748  -16.47354     5.2298     5.4007          4  0.000e+00
   6996.750     167923   4587.731     2.5398     2.5413   3.299101   3.299587   48.94748  -16.47354     5.2386     5.4040          4  0.000e+00
   7403.542     177686   4277.287     2.5333     2.5349   3.288419   3.288902   48.94752  -16.47356     5.2671     5.4010          5  0.000e+00
   7403.583     177687   4277.287     2.5333     2.5348   3.288431   3.288902   48.94752  -16.47356     5.2568     5.3893          5  0.000e+00
   7403.625     177688   4277.133     2.5333     2.5346   3.288406   3.288902   48.94752  -16.47356     5.2557     5.3981          5  0.000e+00
   7403.667     177689   4277.287     2.5333     2.5348   3.288400   3.288883   48.94752  -16.47356     5.2640     5.3968          5  0.000e+00
   7403.708     177690   4277.189     2.5333     2.5349   3.288376   3.288896   48.94752  -16.47356     5.2651     5.3979          5  0.000e+00
   7403.750     177691   4277.231     2.5334     2.5348   3.288413   3.288908   48.94752  -16.47356     5.2662     5.3992          5  0.000e+00
   7403.792     177692   4277.189     2.5333     2.5349   3.288406   3.288950   48.94752  -16.47356     5.2765     5.4003          5  0.000e+00
   7403.833     177693   4277.189     2.5334     2.5349   3.288400   3.288902   48.94752  -16.47356     5.2682     5.4015          5  0.000e+00
   7403.875     177694   4277.343     2.5333     2.5349   3.288400   3.288920   48.94752  -16.47356     5.2692     5.4001          5  0.000e+00
   7403.917     177695   4277.287     2.5333     2.5348   3.288400   3.288883   48.94752  -16.47356     5.2701     5.4012          5  0.000e+00
   7403.958     177696   4277.077     2.5332     2.5349   3.288419   3.288877   48.94752  -16.47356     5.2688     5.3994          5  0.000e+00
   7404.000     177697   4277.344     2.5333     2.5348   3.288382   3.288871   48.94752  -16.47356     5.2585     5.3876          5  0.000e+00
   7404.042     177698   4277.077     2.5333     2.5349   3.288413   3.288926   48.94752  -16.47356     5.2550     5.3960          5  0.000e+00
   7404.083     177699   4277.344     2.5334     2.5349   3.288407   3.288908   48.94752  -16.47356     5.2611     5.3944          5  0.000e+00
   7404.125     177700   4277.189     2.5333     2.5348   3.288400   3.288932   48.94752  -16.47356     5.2618     5.3952          5  0.000e+00
   7404.167     177701   4277.288     2.5334     2.5348   3.288400   3.288908   48.94752  -16.47356     5.2626     5.3961          5  0.000e+00
   7404.208     177702   4277.133     2.5334     2.5349   3.288352   3.288950   48.94752  -16.47356     5.2541     5.3941          5  0.000e+00
   7404.250     177703   4277.189     2.5332     2.5349   3.288406   3.288950   48.94752  -16.47356     5.2600     5.3949          5  0.000e+00
   7404.292     177704   4277.288     2.5334     2.5346   3.288431   3.288908   48.94752  -16.47356     5.2587     5.3958          5  0.000e+00
   7404.333     177705   4277.232     2.5331     2.5352   3.288407   3.288908   48.94752  -16.47356     5.2573     5.3937          5  0.000e+00
   7404.375     177706   4277.288     2.5333     2.5349   3.288400   3.288932   48.94752  -16.47356     5.2579     5.3917          5  0.000e+00
   7404.417     177707   4277.190     2.5333     2.5349   3.288419   3.288920   48.94752  -16.47356     5.2584     5.3922          5  0.000e+00
   7404.458     177708   4277.232     2.5334     2.5349   3.288449   3.288932   48.94752  -16.47356     5.2590     5.3928          5  0.000e+00
   7404.500     177709   4277.190     2.5333     2.5349   3.288437   3.288908   48.94752  -16.47356     5.2688     5.3933          5  0.000e+00
   7404.542     177710   4277.190     2.5333     2.5349   3.288406   3.288932   48.94752  -16.47356     5.2621     5.3939          5  0.000e+00
   7404.583     177711   4277.344     2.5336     2.5353   3.288419   3.288890   48.94752  -16.47356     5.2627     5.3843          5  0.000e+00
