Data_example/SBE_Data_Processed/JC231/SeaBird/Data/Processed/JC231_CTD_010cfaldb.cnv
* Sea-Bird SBE 9 Data File:
* FileName = C:\Users\sandm\Documents\Cruises\JC231\CTD Data\CTD Raw Data\JC231_CTD_010.hex
* Software Version Seasave V 7.26.7.121
* Temperature SN = 5700
* Conductivity SN = 2164
* Number of Bytes Per Scan = 41
* Number of Voltage Words = 4
* Number of Scans Averaged by the Deck Unit = 1
* NMEA Latitude = 48 58.41 N
* NMEA Longitude = 016 27.23 W
* NMEA UTC (Time) = May 14 2022  20:10:12
* NMEA baud rate = 9600
** Ship: RRS James Cook
** Cruise: JC231
** Cast: 010
** Event:
** Station:
** Julian Day: 134
** Time (GMT): 20:10
** Latitude: 48 58.568 ' N
** Longitude: 16 27.822 ' W
** Depth (uncorrected m): 4808m
** Principal Scientist: Dr Susan Hartman
** Operator:  TP / JG
# nquan = 15
# nvalues = 203                         
# units = specified
# name 0 = timeS: Time, Elapsed [seconds]
# name 1 = scan: Scan Count
# name 2 = prDM: Pressure, Digiquartz [db]
# name 3 = t090C: Temperature [ITS-90, deg C]
# name 4 = t190C: Temperature, 2 [ITS-90, deg C]
# name 5 = c0S/m: Conductivity [S/m]
# name 6 = c1S/m: Conductivity, 2 [S/m]
# name 7 = latitude: Latitude [deg]
# name 8 = longitude: Longitude [deg]
# name 9 = sbeox0ML/L: Oxygen, SBE 43 [ml/l]
# name 10 = sbeox1ML/L: Oxygen, SBE 43, 2 [ml/l]
# name 11 = depSM: Depth [salt water, m], lat = 48.9735
# name 12 = sal00: Salinity, Practical [PSU]
# name 13 = sal11: Salinity, Practical, 2 [PSU]
# name 14 = flag: flag
# span 0 =    280.891,   3302.673       
# span 1 =       6742,      79265       
# span 2 =      1.000,    103.000       
# span 3 =    12.2682,    14.3577       
# span 4 =    12.2699,    14.3958       
# span 5 =   3.975822,   4.292830       
# span 6 =   3.965837,   4.332974       
# span 7 =   48.94511,   48.97358       
# span 8 =  -16.45376,  -16.44418       
# span 9 =     4.5768,     6.4444       
# span 10 =     4.0000,     6.0047      
# span 11 =      0.992,    102.101      
# span 12 =    32.7429,    35.8303      
# span 13 =    32.6171,    36.2358      
# span 14 = 0.0000e+00, 0.0000e+00      
# interval = decibars: 1                
# start_time = May 14 2022 20:10:13 [System UTC, first data scan.]
# bad_flag = -9.990e-29
*END*
[from data line 97]
    662.259      15895     98.000    12.2863    12.2841   4.090784   4.091017   48.97358  -16.45374     5.9329     5.5814     97.146    35.5721    35.5764 0.0000e+00
    665.097      15963     99.000    12.2862    12.2836   4.090916   4.090877   48.97358  -16.45374     5.9288     5.5895     98.137    35.5730    35.5751 0.0000e+00
    667.952      16032    100.000    12.2737    12.2775   4.089775   4.090535   48.97358  -16.45374     5.9215     5.5912     99.128    35.5734    35.5772 0.0000e+00
    669.960      16080    101.000    12.2682    12.2704   4.089085   4.089715   48.97358  -16.45374     5.9152     5.5926    100.119    35.5714    35.5755 0.0000e+00
    672.104      16132    102.000    12.2684    12.2699   4.089065   4.089632   48.97358  -16.45374     5.9175     5.5976    101.110    35.5706    35.5747 0.0000e+00
    709.242      17023    103.000    12.2713    12.2716   4.089388   4.089875   48.97358  -16.45374     5.9364     5.6002    102.101    35.5705    35.5750 0.0000e+00
    720.139      17284    102.000    12.2730    12.2719   4.089527   4.089801   48.97358  -16.45376     5.9224     5.5980    101.110    35.5707    35.5744 0.0000e+00
   1275.837      30621    101.000    12.2877    12.2908   4.091001   4.091819   48.97356  -16.45374     5.7731     5.6162    100.119    35.5715    35.5766 0.0000e+00
   1393.672      33449    100.000    12.2955    12.2966   4.091751   4.092368   48.97356  -16.45374     5.7313     5.6199     99.128    35.5718    35.5768 0.0000e+00
   1399.424      33587     99.000    12.2972    12.3046   4.091852   4.093109   48.97356  -16.45374     5.7346     5.6156     98.137    35.5716    35.5768 0.0000e+00
   1402.773      33668     98.000    12.3056    12.3161   4.092645   4.094234   48.97356  -16.45374     5.7500     5.6206     97.146    35.5718    35.5773 0.0000e+00
   1405.029      33722     97.000    12.3156    12.3269   4.093778   4.095392   48.97356  -16.45374     5.7422     5.6332     96.155    35.5737    35.5787 0.0000e+00
   1410.937      33863     96.000    12.3169    12.3321   4.093861   4.096122   48.97356  -16.45374     5.7537     5.6404     95.164    35.5738    35.5813 0.0000e+00
   1413.506      33925     95.000    12.3227    12.3327   4.094627   4.096214   48.97356  -16.45374     5.7389     5.6427     94.173    35.5761    35.5820 0.0000e+00
   1513.389      36322     93.000    12.3439    12.3448   4.095015   4.095554   48.94511  -16.44418     5.7452     5.6401     92.191    35.5562    35.5607 0.0000e+00
   1552.936      37271     92.000    12.3518    12.3543   4.097392   4.098132   48.97356  -16.45374     5.7539     5.6439     91.199    35.5767    35.5815 0.0000e+00
   1565.271      37568     91.000    12.3563    12.3594   4.097715   4.098481   48.97356  -16.45374     5.7561     5.6424     90.208    35.5760    35.5805 0.0000e+00
   1567.252      37615     90.000    12.3662    12.3740   4.098515   4.099560   48.97356  -16.45374     5.7711     5.6481     89.217    35.5748    35.5775 0.0000e+00
   1568.835      37653     89.000    12.3749    12.3906   4.099379   4.101169   48.97356  -16.45374     5.7569     5.6487     88.226    35.5753    35.5778 0.0000e+00
   1570.859      37702     88.000    12.3748    12.3979   4.099661   4.102187   48.97356  -16.45374     5.7460     5.6541     87.235    35.5786    35.5812 0.0000e+00
   1575.204      37806     87.000    12.3773    12.3986   4.099603   4.102227   48.97356  -16.45373     5.7649     5.6498     86.244    35.5761    35.5813 0.0000e+00
   1577.416      37859     86.000    12.3889    12.4016   4.100346   4.102353   48.97356  -16.45374     5.7843     5.6518     85.253    35.5727    35.5802 0.0000e+00
   1578.746      37891     85.000    12.4046    12.4142   4.101773   4.103190   48.97356  -16.45374     5.7856     5.6612     84.262    35.5721    35.5768 0.0000e+00
   1580.174      37925     84.000    12.4146    12.4254   4.102967   4.104475   48.97356  -16.45374     5.7694     5.6676     83.271    35.5747    35.5790 0.0000e+00
   1583.478      38004     83.000    12.4163    12.4296   4.103391   4.105040   48.97356  -16.45373     5.7726     5.6704     82.280    35.5776    35.5810 0.0000e+00
   1587.262      38095     82.000    12.4162    12.4296   4.103184   4.105043   48.97356  -16.45373     5.8041     5.6708     81.289    35.5761    35.5815 0.0000e+00
   1588.612      38128     81.000    12.4242    12.4322   4.103701   4.105012   48.97356  -16.45374     5.7893     5.6698     80.297    35.5740    35.5791 0.0000e+00
   1590.179      38165     80.000    12.4317    12.4405   4.104464   4.105614   48.97356  -16.45373     5.7767     5.6654     79.306    35.5747    35.5775 0.0000e+00
   1592.276      38216     79.000    12.4304    12.4416   4.104642   4.105705   48.97356  -16.45372     5.7652     5.6514     78.315    35.5781    35.5778 0.0000e+00
   1596.595      38319     78.000    12.4263    12.4395   4.103919   4.105552   48.97356  -16.45372     5.7841     5.6568     77.324    35.5754    35.5788 0.0000e+00
   1598.612      38368     77.000    12.4275    12.4368   4.103695   4.105172   48.97356  -16.45374     5.7947     5.6594     76.333    35.5725    35.5781 0.0000e+00
   1600.245      38407     76.000    12.4293    12.4343   4.103371   4.104500   48.97356  -16.45374     5.7611     5.6511     75.342    35.5682    35.5744 0.0000e+00
   1602.301      38456     75.000    12.4297    12.4323   4.103117   4.103809   48.97356  -16.45372     5.7490     5.6345     74.350    35.5657    35.5700 0.0000e+00
   1605.659      38537     74.000    12.4298    12.4313   4.103217   4.103549   48.97356  -16.45372     5.7608     5.6271     73.359    35.5671    35.5688 0.0000e+00
   1608.491      38605     73.000    12.4296    12.4315   4.103136   4.103537   48.97356  -16.45373     5.7985     5.6303     72.368    35.5669    35.5690 0.0000e+00
   1610.055      38642     72.000    12.4293    12.4320   4.102835   4.103504   48.97356  -16.45374     5.7768     5.6310     71.377    35.5647    35.5686 0.0000e+00
   1612.130      38692     71.000    12.4293    12.4368   4.102730   4.103809   48.97356  -16.45374     5.7542     5.6341     70.386    35.5641    35.5675 0.0000e+00
   1615.171      38765     70.000    12.4307    12.4493   4.102797   4.105190   48.97356  -16.45372     5.7641     5.6502     69.395    35.5639    35.5695 0.0000e+00
   1617.853      38829     69.000    12.4429    12.4487   4.103663   4.105112   48.97356  -16.45373     5.7706     5.6457     68.403    35.5611    35.5697 0.0000e+00
   1620.030      38882     68.000    12.4789    12.4738   4.107279   4.107196   48.97356  -16.45374     5.7836     5.6578     67.412    35.5625    35.5666 0.0000e+00
   1621.929      38927     67.000    12.4901    12.5138   4.109322   4.111265   48.97356  -16.45374     5.7959     5.6854     66.421    35.5721    35.5684 0.0000e+00
   1624.905      38999     66.000    12.4878    12.5482   4.108773   4.115785   48.97356  -16.45374     5.7890     5.7052     65.430    35.5694    35.5800 0.0000e+00
   1627.907      39071     65.000    12.5135    12.5685   4.110856   4.118192   48.97356  -16.45374     5.7981     5.7087     64.439    35.5656    35.5845 0.0000e+00
   1629.665      39113     64.000    12.5470    12.5696   4.114734   4.118617   48.97356  -16.45374     5.8157     5.7128     63.447    35.5718    35.5879 0.0000e+00
   1631.434      39155     63.000    12.5685    12.5737   4.117408   4.118649   48.97356  -16.45374     5.8301     5.7205     62.456    35.5778    35.5849 0.0000e+00
   1634.179      39221     62.000    12.5658    12.5761   4.117551   4.118755   48.97356  -16.45374     5.8298     5.7356     61.465    35.5822    35.5841 0.0000e+00
   1637.552      39302     61.000    12.5638    12.5814   4.116923   4.119157   48.97356  -16.45374     5.8603     5.7376     60.474    35.5784    35.5834 0.0000e+00
   1638.976      39336     60.000    12.5790    12.5885   4.118116   4.119756   48.97356  -16.45374     5.8731     5.7476     59.483    35.5760    35.5828 0.0000e+00
   1640.665      39377     59.000    12.5848    12.6005   4.119110   4.120915   48.97356  -16.45374     5.8530     5.7714     58.491    35.5805    35.5831 0.0000e+00
   1644.627      39472     58.000    12.5899    12.6106   4.119496   4.121967   48.97356  -16.45374     5.8768     5.7819     57.500    35.5799    35.5841 0.0000e+00
   1646.851      39525     57.000    12.5995    12.6187   4.120189   4.122754   48.97356  -16.45374     5.9024     5.7943     56.509    35.5779    35.5846 0.0000e+00
   1648.500      39565     56.000    12.6160    12.6367   4.121690   4.124163   48.97356  -16.45374     5.9118     5.7971     55.518    35.5772    35.5815 0.0000e+00
   1650.526      39614     55.000    12.6194    12.6512   4.122486   4.125983   48.97358  -16.45374     5.9127     5.8112     54.526    35.5821    35.5858 0.0000e+00
   1653.448      39684     54.000    12.6225    12.6529   4.122603   4.126370   48.97357  -16.45374     5.9156     5.8134     53.535    35.5808    35.5883 0.0000e+00
   1656.529      39758     53.000    12.6434    12.6505   4.124214   4.125951   48.97356  -16.45374     5.9324     5.8061     52.544    35.5770    35.5870 0.0000e+00
   1658.526      39806     52.000    12.6697    12.6578   4.126857   4.126597   48.97356  -16.45374     5.9424     5.8067     51.553    35.5780    35.5868 0.0000e+00
   1660.608      39856     51.000    12.6725    12.6638   4.127657   4.127125   48.97358  -16.45374     5.9189     5.8052     50.561    35.5835    35.5866 0.0000e+00
   1663.391      39922     50.000    12.6811    12.6866   4.128141   4.128970   48.97358  -16.45374     5.9490     5.8077     49.570    35.5805    35.5833 0.0000e+00
   1665.554      39974     49.000    12.6935    12.7018   4.129467   4.130806   48.97358  -16.45374     5.9403     5.8119     48.579    35.5820    35.5871 0.0000e+00
   1668.109      40036     48.000    12.7064    12.7153   4.130712   4.131989   48.97358  -16.45374     5.9401     5.8138     47.587    35.5823    35.5862 0.0000e+00
   1682.432      40379     47.000    12.7326    12.7376   4.133750   4.134546   48.97358  -16.45374     5.9686     5.8335     46.596    35.5872    35.5901 0.0000e+00
   2112.926      50711     46.000    12.7644    12.7729   4.136573   4.137787   48.97357  -16.45374     5.9929     5.8452     45.605    35.5848    35.5885 0.0000e+00
   2302.053      55250     45.000    12.7903    12.8080   4.138847   4.140671   48.97356  -16.45374     5.9878     5.8472     44.614    35.5826    35.5835 0.0000e+00
   2308.171      55397     44.000    12.8058    12.8693   4.140374   4.146102   48.97356  -16.45374     5.9745     5.8555     43.622    35.5831    35.5782 0.0000e+00
   2311.436      55475     43.000    12.8494    12.9351   4.143170   4.152624   48.97356  -16.45374     5.9827     5.8566     42.631    35.5693    35.5792 0.0000e+00
   2313.088      55515     42.000    13.0033    13.0801   4.155346   4.162817   48.97356  -16.45374     5.9436     5.8640     41.640    35.5416    35.5408 0.0000e+00
   2314.821      55557     41.000    13.1004    13.2736   4.169255   4.184401   48.97356  -16.45374     5.9774     5.8856     40.648    35.5836    35.5655 0.0000e+00
   2318.121      55636     40.000    13.0629    13.4900   4.164193   4.207314   48.97356  -16.45374     5.9503     5.9008     39.657    35.5710    35.5808 0.0000e+00
   2320.604      55695     39.000    13.2436    13.5870   4.179351   4.219284   48.97356  -16.45374     5.8981     5.9095     38.666    35.5464    35.6039 0.0000e+00
   2322.500      55741     38.000    13.4625    13.6703   4.201801   4.225244   48.97356  -16.45374     5.9157     5.9070     37.674    35.5553    35.5829 0.0000e+00
   2324.826      55797     37.000    13.6436    13.7799   4.222532   4.238636   48.97356  -16.45374     5.9350     5.9170     36.683    35.5826    35.6074 0.0000e+00
   2327.594      55863     36.000    13.7106    13.7803   4.230762   4.240131   48.97356  -16.45374     5.9495     5.9138     35.692    35.5983    35.6215 0.0000e+00
   2330.241      55927     35.000    13.7961    13.7378   4.239864   4.236088   48.97356  -16.45374     5.9681     5.9139     34.700    35.6047    35.6235 0.0000e+00
   2333.875      56014     34.000    13.8039    13.7094   4.240919   4.231754   48.97356  -16.45374     5.9690     5.9139     33.709    35.6078    35.6095 0.0000e+00
   2346.267      56311     33.000    13.8339    13.7756   4.244714   4.239087   48.97357  -16.45374     5.9817     5.9183     32.718    35.6160    35.6173 0.0000e+00
   2434.851      58437     32.000    13.8543    13.8612   4.247170   4.248397   48.97357  -16.45375     6.0057     5.9255     31.726    35.6205    35.6256 0.0000e+00
   2438.653      58529     31.000    13.8564    13.8589   4.247241   4.248063   48.97356  -16.45376     6.0111     5.9255     30.735    35.6197    35.6250 0.0000e+00
   2441.113      58588     30.000    13.8582    13.8610   4.247391   4.248213   48.97356  -16.45374     6.0156     5.9273     29.743    35.6199    35.6249 0.0000e+00
   2443.558      58646     29.000    13.8591    13.8630   4.247439   4.248407   48.97358  -16.45374     6.0138     5.9220     28.752    35.6198    35.6253 0.0000e+00
   2445.769      58699     28.000    13.8611    13.8628   4.247590   4.248337   48.97358  -16.45374     6.0152     5.9217     27.761    35.6199    35.6252 0.0000e+00
   2448.424      58763     27.000    13.8628    13.8653   4.247692   4.248493   48.97356  -16.45374     6.0194     5.9233     26.769    35.6196    35.6249 0.0000e+00
   2450.673      58817     26.000    13.8658    13.8676   4.247972   4.248709   48.97356  -16.45374     6.0173     5.9225     25.778    35.6199    35.6252 0.0000e+00
   2453.519      58885     25.000    13.8674    13.8699   4.248061   4.248881   48.97356  -16.45374     6.0368     5.9226     24.787    35.6197    35.6251 0.0000e+00
   2455.655      58937     24.000    13.8712    13.8733   4.248397   4.249165   48.97356  -16.45374     6.0342     5.9241     23.795    35.6197    35.6250 0.0000e+00
   2457.671      58985     23.000    13.8730    13.8759   4.248562   4.249366   48.97356  -16.45374     6.0279     5.9280     22.804    35.6200    35.6248 0.0000e+00
   2460.043      59042     22.000    13.8766    13.8800   4.248859   4.249779   48.97356  -16.45374     6.0270     5.9252     21.812    35.6199    35.6254 0.0000e+00
   2462.974      59112     21.000    13.8782    13.8811   4.249013   4.249870   48.97356  -16.45374     6.0329     5.9262     20.821    35.6203    35.6256 0.0000e+00
   2465.651      59177     20.000    13.8832    13.8826   4.249381   4.249948   48.97356  -16.45374     6.0572     5.9285     19.829    35.6195    35.6253 0.0000e+00
   2467.480      59221     19.000    13.8853    13.8861   4.249651   4.250179   48.97356  -16.45374     6.0510     5.9280     18.838    35.6205    35.6247 0.0000e+00
   2469.493      59269     18.000    13.8845    13.8919   4.249523   4.250734   48.97356  -16.45374     6.0341     5.9343     17.847    35.6205    35.6249 0.0000e+00
   2472.717      59346     17.000    13.8862    13.8938   4.249634   4.250978   48.97356  -16.45374     6.0652     5.9315     16.855    35.6204    35.6259 0.0000e+00
   2475.062      59402     16.000    13.8898    13.8942   4.249891   4.250973   48.97356  -16.45374     6.0788     5.9255     15.864    35.6199    35.6259 0.0000e+00
   2477.165      59453     15.000    13.8931    13.8955   4.250217   4.251015   48.97356  -16.45374     6.0582     5.9350     14.872    35.6203    35.6255 0.0000e+00
   2479.892      59518     14.000    13.8969    13.8987   4.250521   4.251277   48.97356  -16.45374     6.0749     5.9412     13.881    35.6200    35.6254 0.0000e+00
   2482.247      59575     13.000    13.9010    13.9029   4.250896   4.251660   48.97356  -16.45374     6.0827     5.9310     12.889    35.6201    35.6255 0.0000e+00
