Data_example/SBE_Data_Processed/JC231/SeaBird/Data/Processed/JC231_CTD_011c.ros
* Sea-Bird SBE 9 Data File:
* FileName = C:\Users\sandm\Documents\Cruises\JC231\CTD Data\CTD Raw Data\JC231_CTD_011.hex
* Software Version Seasave V 7.26.7.121
* Temperature SN = 5700
* Conductivity SN = 2164
* Number of Bytes Per Scan = 41
* Number of Voltage Words = 4
* Number of Scans Averaged by the Deck Unit = 1
* NMEA Latitude = 49 00.00 N
* NMEA Longitude = 016 30.00 W
* NMEA UTC (Time) = May 15 2022  08:45:01
* NMEA baud rate = 9600
** Ship: RRS James Cook
** Cruise: JC231
** Cast: 011
** Event:
** Station:
** Julian Day: 135
** Time (GMT): 08:50
** Latitude: 49 0.00 ' N
** Longitude: 16 30.00 ' W
** Depth (uncorrected m): 4807m
** Principal Scientist: Dr Susan Hartman
** Operator:  TP / JG
# nquan = 13
# nvalues = 1176                                  
# units = specified
# name 0 = timeS: Time, Elapsed [seconds]
# name 1 = scan: Scan Count
# name 2 = prDM: Pressure, Digiquartz [db]
# name 3 = t090C: Temperature [ITS-90, deg C]
# name 4 = t190C: Temperature, 2 [ITS-90, deg C]
# name 5 = c0S/m: Conductivity [S/m]
# name 6 = c1S/m: Conductivity, 2 [S/m]
# name 7 = latitude: Latitude [deg]
# name 8 = longitude: Longitude [deg]
# name 9 = sbeox0ML/L: Oxygen, SBE 43 [ml/l]
# name 10 = sbeox1ML/L: Oxygen, SBE 43, 2 [ml/l]
# name 11 = nbf: Bottles Fired
# name 12 = flag:  0.000e+00
# interval = seconds: 0.0416667
# start_time = May 15 2022 08:45:02 [System UTC, first data scan.]
# bad_flag = -9.990e-29
*END*
[from data line 778]
  11817.625     283624    665.298    10.1328    10.1312   3.890492   3.890745   48.99996  -16.50000     4.7078     4.6775         16  0.000e+00
  11817.667     283625    665.298    10.1330    10.1311   3.890492   3.890726   48.99996  -16.50000     4.7112     4.6815         16  0.000e+00
  11817.708     283626    665.312    10.1328    10.1308   3.890492   3.890719   48.99996  -16.50000     4.7076     4.6817         16  0.000e+00
  11817.750     283627    665.298    10.1328    10.1304   3.890466   3.890719   48.99996  -16.50000     4.7071     4.6778         16  0.000e+00
  11817.792     283628    665.298    10.1326    10.1305   3.890479   3.890719   48.99996  -16.50000     4.7109     4.6818         16  0.000e+00
  11817.833     283629    665.407    10.1325    10.1306   3.890466   3.890681   48.99996  -16.50000     4.7073     4.6779         16  0.000e+00
  11922.000     286129    644.911    10.2565    10.2567   3.902298   3.902658   48.99996  -16.49998     4.8541     4.8373         17  0.000e+00
  11922.042     286130    645.006    10.2568    10.2565   3.902272   3.902665   48.99996  -16.49998     4.8578     4.8375         17  0.000e+00
  11922.083     286131    645.019    10.2565    10.2567   3.902318   3.902626   48.99996  -16.49998     4.8580     4.8371         17  0.000e+00
  11922.125     286132    644.911    10.2565    10.2567   3.902278   3.902632   48.99996  -16.49998     4.8585     4.8371         17  0.000e+00
  11922.167     286133    644.911    10.2568    10.2567   3.902285   3.902665   48.99996  -16.49998     4.8587     4.8367         17  0.000e+00
  11922.208     286134    645.006    10.2570    10.2565   3.902272   3.902620   48.99996  -16.49998     4.8589     4.8368         17  0.000e+00
  11922.250     286135    645.019    10.2568    10.2566   3.902298   3.902632   48.99996  -16.49998     4.8591     4.8369         17  0.000e+00
  11922.292     286136    645.006    10.2565    10.2564   3.902298   3.902587   48.99996  -16.49998     4.8594     4.8370         17  0.000e+00
  11922.333     286137    644.911    10.2569    10.2564   3.902298   3.902626   48.99996  -16.49998     4.8595     4.8365         17  0.000e+00
  11922.375     286138    644.911    10.2566    10.2564   3.902272   3.902613   48.99996  -16.49998     4.8562     4.8365         17  0.000e+00
  11922.417     286139    645.019    10.2569    10.2565   3.902285   3.902658   48.99996  -16.49998     4.8600     4.8366         17  0.000e+00
  11922.458     286140    644.911    10.2566    10.2565   3.902272   3.902620   48.99996  -16.49998     4.8602     4.8324         17  0.000e+00
  11922.500     286141    645.019    10.2567    10.2564   3.902285   3.902607   48.99996  -16.49998     4.8601     4.8321         17  0.000e+00
  11922.542     286142    644.911    10.2568    10.2564   3.902259   3.902607   48.99996  -16.49998     4.8564     4.8317         17  0.000e+00
  11922.583     286143    645.019    10.2567    10.2564   3.902285   3.902607   48.99996  -16.49998     4.8563     4.8314         17  0.000e+00
  11922.625     286144    645.006    10.2569    10.2562   3.902272   3.902607   48.99996  -16.49998     4.8597     4.8352         17  0.000e+00
  11922.667     286145    645.019    10.2564    10.2565   3.902285   3.902632   48.99996  -16.49998     4.8600     4.8353         17  0.000e+00
  11922.708     286146    645.006    10.2567    10.2564   3.902298   3.902613   48.99996  -16.49998     4.8602     4.8313         17  0.000e+00
  11922.750     286147    644.911    10.2566    10.2564   3.902298   3.902632   48.99996  -16.49998     4.8603     4.8350         17  0.000e+00
  11922.792     286148    644.911    10.2567    10.2562   3.902272   3.902639   48.99996  -16.49998     4.8567     4.8311         17  0.000e+00
  11922.833     286149    645.019    10.2567    10.2564   3.902272   3.902613   48.99996  -16.49998     4.8567     4.8308         17  0.000e+00
  11922.875     286150    645.101    10.2566    10.2562   3.902266   3.902633   48.99996  -16.49998     4.8602     4.8347         17  0.000e+00
  11922.917     286151    644.816    10.2567    10.2562   3.902239   3.902639   48.99996  -16.49998     4.8602     4.8347         17  0.000e+00
  11922.958     286152    645.006    10.2568    10.2564   3.902253   3.902639   48.99996  -16.49998     4.8564     4.8350         17  0.000e+00
  11923.000     286153    645.019    10.2565    10.2564   3.902266   3.902639   48.99996  -16.49998     4.8559     4.8310         17  0.000e+00
  11923.042     286154    645.006    10.2569    10.2562   3.902266   3.902639   48.99996  -16.49998     4.8554     4.8308         17  0.000e+00
  11923.083     286155    644.911    10.2568    10.2567   3.902265   3.902639   48.99996  -16.49998     4.8549     4.8304         17  0.000e+00
  11923.125     286156    645.006    10.2569    10.2565   3.902272   3.902639   48.99996  -16.49998     4.8549     4.8344         17  0.000e+00
  11923.167     286157    644.911    10.2566    10.2564   3.902291   3.902613   48.99996  -16.49998     4.8544     4.8346         17  0.000e+00
  11923.208     286158    645.006    10.2569    10.2564   3.902298   3.902632   48.99996  -16.49998     4.8543     4.8307         17  0.000e+00
  11923.250     286159    645.019    10.2567    10.2564   3.902246   3.902639   48.99996  -16.49998     4.8543     4.8305         17  0.000e+00
  11923.292     286160    644.911    10.2568    10.2565   3.902278   3.902639   48.99996  -16.49998     4.8542     4.8298         17  0.000e+00
  11923.333     286161    645.019    10.2565    10.2564   3.902246   3.902639   48.99996  -16.49998     4.8581     4.8292         17  0.000e+00
  11923.375     286162    645.006    10.2568    10.2565   3.902279   3.902639   48.99996  -16.49998     4.8583     4.8332         17  0.000e+00
  11923.417     286163    645.019    10.2565    10.2567   3.902246   3.902639   48.99996  -16.49998     4.8545     4.8288         17  0.000e+00
  11923.458     286164    645.006    10.2567    10.2565   3.902240   3.902639   48.99996  -16.49998     4.8582     4.8328         17  0.000e+00
  11923.500     286165    645.019    10.2566    10.2564   3.902259   3.902639   48.99996  -16.49998     4.8582     4.8289         17  0.000e+00
  11923.542     286166    645.006    10.2565    10.2565   3.902285   3.902665   48.99996  -16.49998     4.8581     4.8287         17  0.000e+00
  11923.583     286167    644.911    10.2566    10.2565   3.902298   3.902645   48.99996  -16.49998     4.8545     4.8285         17  0.000e+00
  11923.625     286168    645.006    10.2564    10.2562   3.902272   3.902639   48.99996  -16.49998     4.8545     4.8285         17  0.000e+00
  11923.667     286169    645.019    10.2567    10.2564   3.902266   3.902665   48.99996  -16.49998     4.8544     4.8284         17  0.000e+00
  11923.708     286170    645.101    10.2566    10.2564   3.902266   3.902652   48.99996  -16.49998     4.8541     4.8283         17  0.000e+00
  11923.750     286171    645.019    10.2564    10.2564   3.902272   3.902613   48.99996  -16.49998     4.8540     4.8323         17  0.000e+00
  11923.792     286172    644.911    10.2568    10.2564   3.902265   3.902607   48.99996  -16.49998     4.8539     4.8326         17  0.000e+00
  11923.833     286173    645.114    10.2565    10.2564   3.902266   3.902607   48.99996  -16.49998     4.8576     4.8331         17  0.000e+00
  11923.875     286174    645.101    10.2565    10.2564   3.902285   3.902652   48.99996  -16.49998     4.8575     4.8335         17  0.000e+00
  11923.917     286175    644.911    10.2566    10.2561   3.902246   3.902594   48.99996  -16.49998     4.8539     4.8296         17  0.000e+00
  11923.958     286176    645.006    10.2565    10.2564   3.902253   3.902594   48.99996  -16.49998     4.8539     4.8301         17  0.000e+00
  11924.000     286177    645.114    10.2563    10.2562   3.902240   3.902633   48.99996  -16.49998     4.8579     4.8301         17  0.000e+00
  12326.417     295835    300.367    11.6442    11.6474   4.028104   4.028760   49.00000  -16.49998     5.5139     5.4481         18  0.000e+00
  12326.458     295836    300.515    11.6447    11.6475   4.028117   4.028728   49.00000  -16.49998     5.5106     5.4484         18  0.000e+00
  12326.500     295837    300.258    11.6447    11.6474   4.028137   4.028773   49.00000  -16.49998     5.5106     5.4446         18  0.000e+00
  12326.542     295838    300.461    11.6450    11.6474   4.028150   4.028734   49.00000  -16.49998     5.5144     5.4483         18  0.000e+00
  12326.583     295839    300.421    11.6452    11.6475   4.028177   4.028773   49.00000  -16.49998     5.5110     5.4484         18  0.000e+00
  12326.625     295840    300.366    11.6453    11.6475   4.028209   4.028734   49.00000  -16.49998     5.5112     5.4486         18  0.000e+00
  12326.667     295841    300.366    11.6457    11.6475   4.028223   4.028747   49.00000  -16.49998     5.5113     5.4484         18  0.000e+00
  12326.708     295842    300.312    11.6458    11.6475   4.028223   4.028780   49.00000  -16.49998     5.5115     5.4481         18  0.000e+00
  12326.750     295843    300.461    11.6458    11.6475   4.028275   4.028760   49.00000  -16.49998     5.5118     5.4479         18  0.000e+00
  12326.792     295844    300.366    11.6462    11.6474   4.028295   4.028727   49.00000  -16.49998     5.5120     5.4480         18  0.000e+00
  12326.833     295845    300.420    11.6465    11.6475   4.028295   4.028721   49.00000  -16.49998     5.5122     5.4482         18  0.000e+00
  12326.875     295846    300.366    11.6468    11.6470   4.028341   4.028721   49.00000  -16.49998     5.5089     5.4483         18  0.000e+00
  12326.917     295847    300.312    11.6470    11.6474   4.028361   4.028695   49.00000  -16.49998     5.5088     5.4484         18  0.000e+00
  12326.958     295848    300.461    11.6475    11.6472   4.028361   4.028656   49.00000  -16.49998     5.5122     5.4486         18  0.000e+00
  12327.000     295849    300.366    11.6473    11.6468   4.028308   4.028649   49.00000  -16.49998     5.5089     5.4487         18  0.000e+00
  12327.042     295850    300.515    11.6473    11.6470   4.028341   4.028675   49.00000  -16.49998     5.5126     5.4489         18  0.000e+00
  12327.083     295851    300.258    11.6472    11.6470   4.028334   4.028688   49.00000  -16.49998     5.5125     5.4488         18  0.000e+00
  12327.125     295852    300.366    11.6470    11.6468   4.028328   4.028688   49.00000  -16.49998     5.5127     5.4490         18  0.000e+00
  12327.167     295853    300.515    11.6468    11.6470   4.028302   4.028656   49.00000  -16.49998     5.5158     5.4493         18  0.000e+00
  12327.208     295854    300.163    11.6468    11.6467   4.028262   4.028623   49.00000  -16.49998     5.5156     5.4454         18  0.000e+00
  12327.250     295855    300.461    11.6465    11.6465   4.028229   4.028636   49.00000  -16.49998     5.5158     5.4492         18  0.000e+00
  12327.292     295856    300.420    11.6466    11.6465   4.028163   4.028649   49.00000  -16.49998     5.5160     5.4493         18  0.000e+00
  12327.333     295857    300.366    11.6462    11.6465   4.028097   4.028649   49.00000  -16.49998     5.5163     5.4494         18  0.000e+00
  12327.375     295858    300.312    11.6457    11.6464   4.028084   4.028623   49.00000  -16.49998     5.5130     5.4533         18  0.000e+00
  12327.417     295859    300.258    11.6458    11.6467   4.028104   4.028669   49.00000  -16.49998     5.5164     5.4495         18  0.000e+00
  12327.458     295860    300.461    11.6457    11.6461   4.028058   4.028577   49.00000  -16.49998     5.5171     5.4498         18  0.000e+00
  12327.500     295861    300.312    11.6453    11.6460   4.028097   4.028564   49.00000  -16.49998     5.5172     5.4498         18  0.000e+00
  12327.542     295862    300.366    11.6449    11.6456   4.028137   4.028577   49.00000  -16.49998     5.5140     5.4500         18  0.000e+00
  12327.583     295863    300.258    11.6445    11.6456   4.028124   4.028551   49.00000  -16.49998     5.5174     5.4500         18  0.000e+00
  12327.625     295864    300.420    11.6445    11.6458   4.028091   4.028545   49.00000  -16.49998     5.5180     5.4499         18  0.000e+00
  12327.667     295865    300.366    11.6444    11.6460   4.028104   4.028564   49.00000  -16.49998     5.5217     5.4533         18  0.000e+00
  12327.708     295866    300.258    11.6445    11.6458   4.028137   4.028551   49.00000  -16.49998     5.5188     5.4537         18  0.000e+00
  12327.750     295867    300.515    11.6447    11.6456   4.028124   4.028623   49.00000  -16.49998     5.5227     5.4542         18  0.000e+00
  12327.792     295868    300.258    11.6447    11.6456   4.028170   4.028590   49.00000  -16.49998     5.5232     5.4545         18  0.000e+00
  12327.833     295869    300.312    11.6449    11.6458   4.028190   4.028630   49.00000  -16.49998     5.5239     5.4548         18  0.000e+00
  12327.875     295870    300.366    11.6445    11.6460   4.028157   4.028649   49.00000  -16.49998     5.5280     5.4548         18  0.000e+00
  12327.917     295871    300.366    11.6444    11.6461   4.028124   4.028590   49.00000  -16.49998     5.5286     5.4548         18  0.000e+00
  12327.958     295872    300.420    11.6443    11.6463   4.028137   4.028630   49.00000  -16.49998     5.5257     5.4551         18  0.000e+00
  12328.000     295873    300.257    11.6444    11.6465   4.028150   4.028623   49.00000  -16.49998     5.5256     5.4553         18  0.000e+00
  12328.042     295874    300.366    11.6443    11.6463   4.028150   4.028636   49.00000  -16.49998     5.5222     5.4553         18  0.000e+00
  12328.083     295875    300.420    11.6440    11.6464   4.028150   4.028623   49.00000  -16.49998     5.5219     5.4552         18  0.000e+00
  12328.125     295876    300.366    11.6441    11.6465   4.028124   4.028617   49.00000  -16.49998     5.5216     5.4553         18  0.000e+00
  12328.167     295877    300.257    11.6442    11.6463   4.028170   4.028669   49.00000  -16.49998     5.5179     5.4554         18  0.000e+00
  12328.208     295878    300.420    11.6443    11.6465   4.028190   4.028656   49.00000  -16.49998     5.5176     5.4557         18  0.000e+00
  12328.250     295879    300.366    11.6449    11.6465   4.028190   4.028623   49.00000  -16.49998     5.5175     5.4559         18  0.000e+00
  12328.292     295880    300.311    11.6449    11.6465   4.028130   4.028669   49.00000  -16.49998     5.5206     5.4559         18  0.000e+00
  12328.333     295881    300.365    11.6449    11.6463   4.028170   4.028656   49.00000  -16.49998     5.5203     5.4561         18  0.000e+00
  12328.375     295882    300.460    11.6455    11.6463   4.028157   4.028649   49.00000  -16.49998     5.5199     5.4563         18  0.000e+00
  12328.417     295883    300.217    11.6453    11.6467   4.028176   4.028675   49.00000  -16.49998     5.5161     5.4562         18  0.000e+00
  12447.833     298749    270.126    11.8666    11.8671   4.052110   4.052543   49.00000  -16.50000     5.6071     5.5501         19  0.000e+00
  12447.875     298750    270.126    11.8664    11.8672   4.052124   4.052517   49.00000  -16.50000     5.6106     5.5534         19  0.000e+00
  12447.917     298751    270.126    11.8667    11.8669   4.052130   4.052537   49.00000  -16.50000     5.6105     5.5533         19  0.000e+00
  12447.958     298752    270.018    11.8669    11.8672   4.052110   4.052582   49.00000  -16.50000     5.6104     5.5533         19  0.000e+00
  12448.000     298753    270.126    11.8669    11.8672   4.052143   4.052556   49.00000  -16.50000     5.6069     5.5495         19  0.000e+00
  12448.042     298754    270.018    11.8669    11.8672   4.052170   4.052550   49.00000  -16.50000     5.6065     5.5488         19  0.000e+00
