Data_example/SBE_Data_Processed/JC231/SeaBird/Data/Processed/JC231_CTD_008c.ros
* Sea-Bird SBE 9 Data File:
* FileName = C:\Users\sandm\Documents\Cruises\JC231\CTD Data\CTD Raw Data\JC231_CTD_008.hex
* Software Version Seasave V 7.26.7.121
* Temperature SN = 5700
* Conductivity SN = 2164
* Number of Bytes Per Scan = 41
* Number of Voltage Words = 4
* Number of Scans Averaged by the Deck Unit = 1
* NMEA Latitude = 49 00.50 N
* NMEA Longitude = 016 28.70 W
* NMEA UTC (Time) = May 13 2022  11:46:15
* NMEA baud rate = 9600
** Ship: RRS James Cook
** Cruise: JC231
** Cast: 008
** Event:
** Station:
** Julian Day: 133
** Time (GMT): 11:22
** Latitude: 49 0.538 ' N
** Longitude: 16 28.747' W
** Depth (uncorrected m): 4810m
** Principal Scientist: Dr Susan Hartman
** Operator:  TP / JG
# nquan = 13
# nvalues = 1176                                  
# units = specified
# name 0 = timeS: Time, Elapsed [seconds]
# name 1 = scan: Scan Count
# name 2 = prDM: Pressure, Digiquartz [db]
# name 3 = t090C: Temperature [ITS-90, deg C]
# name 4 = t190C: Temperature, 2 [ITS-90, deg C]
# name 5 = c0S/m: Conductivity [S/m]
# name 6 = c1S/m: Conductivity, 2 [S/m]
# name 7 = latitude: Latitude [deg]
# name 8 = longitude: Longitude [deg]
# name 9 = sbeox0ML/L: Oxygen, SBE 43 [ml/l]
# name 10 = sbeox1ML/L: Oxygen, SBE 43, 2 [ml/l]
# name 11 = nbf: Bottles Fired
# name 12 = flag:  0.000e+00
# interval = seconds: 0.0416667
# start_time = May 13 2022 11:46:16 [System UTC, first data scan.]
# bad_flag = -9.990e-29
*END*
[from data line 112]
   6433.042     154394   4275.263     2.5400     2.5411   3.288947   3.289456   49.00798  -16.47970     5.2594     5.4017          3  0.000e+00
   6433.083     154395   4275.376     2.5400     2.5411   3.288941   3.289468   49.00798  -16.47970     5.2604     5.3950          3  0.000e+00
   6433.125     154396   4275.320     2.5396     2.5413   3.288941   3.289480   49.00798  -16.47970     5.2613     5.3931          3  0.000e+00
   6433.167     154397   4275.264     2.5398     2.5414   3.288941   3.289456   49.00798  -16.47970     5.2622     5.4014          3  0.000e+00
   6433.208     154398   4275.165     2.5398     2.5411   3.288941   3.289450   49.00798  -16.47970     5.2538     5.3918          3  0.000e+00
   6433.250     154399   4275.432     2.5398     2.5411   3.288941   3.289474   49.00798  -16.47970     5.2622     5.3900          3  0.000e+00
   6433.292     154400   4275.264     2.5398     2.5414   3.288916   3.289438   49.00798  -16.47970     5.2631     5.3879          3  0.000e+00
   6433.333     154401   4275.208     2.5397     2.5411   3.288910   3.289462   49.00798  -16.47970     5.2549     5.3859          3  0.000e+00
   6433.375     154402   4275.264     2.5398     2.5411   3.288910   3.289480   49.00798  -16.47970     5.2540     5.3969          3  0.000e+00
   6433.417     154403   4275.166     2.5398     2.5414   3.288886   3.289480   49.00798  -16.47970     5.2531     5.3900          3  0.000e+00
   6433.458     154404   4275.320     2.5396     2.5413   3.288923   3.289480   49.00798  -16.47970     5.2525     5.4012          3  0.000e+00
   6433.500     154405   4275.377     2.5395     2.5411   3.288917   3.289480   49.00798  -16.47970     5.2611     5.4048          3  0.000e+00
   6433.542     154406   4275.264     2.5398     2.5411   3.288910   3.289480   49.00798  -16.47970     5.2602     5.3952          3  0.000e+00
   6433.583     154407   4275.208     2.5398     2.5413   3.288953   3.289480   49.00798  -16.47970     5.2614     5.3933          3  0.000e+00
   6433.625     154408   4275.265     2.5398     2.5410   3.288898   3.289504   49.00798  -16.47970     5.2535     5.3915          3  0.000e+00
   6433.667     154409   4275.265     2.5398     2.5410   3.288898   3.289444   49.00798  -16.47970     5.2599     5.3999          3  0.000e+00
   6433.708     154410   4275.209     2.5397     2.5410   3.288910   3.289444   49.00798  -16.47970     5.2612     5.4005          3  0.000e+00
   6433.750     154411   4275.167     2.5398     2.5413   3.288953   3.289474   49.00798  -16.47970     5.2603     5.3982          3  0.000e+00
   6433.792     154412   4275.265     2.5396     2.5413   3.288923   3.289432   49.00798  -16.47970     5.2616     5.3987          3  0.000e+00
   6433.833     154413   4275.321     2.5400     2.5411   3.288929   3.289444   49.00798  -16.47970     5.2535     5.3887          3  0.000e+00
   6433.875     154414   4275.167     2.5398     2.5410   3.288941   3.289450   49.00798  -16.47970     5.2619     5.3992          3  0.000e+00
   6433.917     154415   4275.167     2.5398     2.5411   3.288892   3.289426   49.00798  -16.47970     5.2540     5.4021          3  0.000e+00
   6433.958     154416   4275.209     2.5397     2.5411   3.288923   3.289444   49.00798  -16.47970     5.2625     5.3949          3  0.000e+00
   6434.000     154417   4275.378     2.5400     2.5411   3.288941   3.289450   49.00798  -16.47970     5.2639     5.3954          3  0.000e+00
   6434.042     154418   4275.111     2.5398     2.5410   3.288941   3.289450   49.00798  -16.47970     5.2651     5.3958          3  0.000e+00
   6434.083     154419   4275.266     2.5397     2.5410   3.288941   3.289474   49.00798  -16.47970     5.2758     5.3966          3  0.000e+00
   6434.125     154420   4275.167     2.5398     2.5410   3.288916   3.289480   49.00798  -16.47970     5.2698     5.3945          3  0.000e+00
   6434.167     154421   4275.210     2.5397     2.5413   3.288953   3.289480   49.00798  -16.47970     5.2711     5.3926          3  0.000e+00
   6434.208     154422   4275.167     2.5400     2.5411   3.288971   3.289462   49.00798  -16.47970     5.2702     5.3906          3  0.000e+00
   6434.250     154423   4275.168     2.5397     2.5413   3.288923   3.289450   49.00800  -16.47972     5.2693     5.4015          3  0.000e+00
   6434.292     154424   4275.210     2.5400     2.5408   3.288929   3.289450   49.00800  -16.47972     5.2591     5.4050          3  0.000e+00
   6434.333     154425   4275.168     2.5398     2.5411   3.288916   3.289474   49.00800  -16.47972     5.2653     5.3954          3  0.000e+00
   6434.375     154426   4275.168     2.5397     2.5410   3.288929   3.289456   49.00800  -16.47972     5.2663     5.3935          3  0.000e+00
   6434.417     154427   4275.112     2.5398     2.5411   3.288916   3.289450   49.00800  -16.47972     5.2580     5.4016          3  0.000e+00
   6434.458     154428   4275.168     2.5399     2.5410   3.288910   3.289450   49.00800  -16.47972     5.2663     5.3920          3  0.000e+00
   6696.792     160724   4109.765     2.5423     2.5439   3.283674   3.284217   49.00798  -16.47972     5.2698     5.3951          4  0.000e+00
   6696.833     160725   4109.920     2.5420     2.5437   3.283680   3.284211   49.00798  -16.47972     5.2693     5.4018          4  0.000e+00
   6696.875     160726   4109.766     2.5423     2.5436   3.283680   3.284211   49.00798  -16.47972     5.2685     5.4008          4  0.000e+00
   6696.917     160727   4109.822     2.5422     2.5436   3.283680   3.284211   49.00798  -16.47972     5.2679     5.3998          4  0.000e+00
   6696.958     160728   4109.864     2.5422     2.5436   3.283680   3.284229   49.00798  -16.47972     5.2584     5.4013          4  0.000e+00
   6697.000     160729   4109.710     2.5420     2.5437   3.283680   3.284241   49.00798  -16.47972     5.2737     5.4026          4  0.000e+00
   6697.042     160730   4109.864     2.5423     2.5437   3.283632   3.284217   49.00798  -16.47972     5.2592     5.4041          4  0.000e+00
   6697.083     160731   4109.864     2.5422     2.5437   3.283638   3.284211   49.00798  -16.47972     5.2658     5.3957          4  0.000e+00
   6697.125     160732   4109.822     2.5422     2.5437   3.283668   3.284229   49.00798  -16.47972     5.2742     5.4046          4  0.000e+00
   6697.167     160733   4109.864     2.5422     2.5436   3.283680   3.284193   49.00798  -16.47972     5.2666     5.3964          4  0.000e+00
   6697.208     160734   4109.920     2.5422     2.5436   3.283680   3.284223   49.00798  -16.47972     5.2661     5.4028          4  0.000e+00
   6697.250     160735   4109.864     2.5420     2.5437   3.283680   3.284217   49.00798  -16.47972     5.2566     5.4018          4  0.000e+00
   6697.292     160736   4109.822     2.5422     2.5439   3.283680   3.284229   49.00798  -16.47972     5.2631     5.4031          4  0.000e+00
   6697.333     160737   4109.766     2.5422     2.5436   3.283698   3.284193   49.00798  -16.47972     5.2556     5.4046          4  0.000e+00
   6697.375     160738   4109.977     2.5423     2.5437   3.283686   3.284199   49.00798  -16.47972     5.2625     5.4036          4  0.000e+00
   6697.417     160739   4109.823     2.5418     2.5438   3.283680   3.284229   49.00798  -16.47972     5.2621     5.4048          4  0.000e+00
   6697.458     160740   4109.865     2.5423     2.5436   3.283680   3.284217   49.00798  -16.47972     5.2617     5.4062          4  0.000e+00
   6697.500     160741   4109.823     2.5422     2.5436   3.283680   3.284211   49.00798  -16.47972     5.2704     5.4075          4  0.000e+00
   6697.542     160742   4109.865     2.5420     2.5439   3.283698   3.284211   49.00798  -16.47972     5.2630     5.4089          4  0.000e+00
   6697.583     160743   4109.921     2.5422     2.5434   3.283711   3.284229   49.00798  -16.47972     5.2646     5.4077          4  0.000e+00
   6697.625     160744   4109.767     2.5423     2.5436   3.283662   3.284217   49.00798  -16.47972     5.2642     5.3990          4  0.000e+00
   6697.667     160745   4109.865     2.5423     2.5436   3.283650   3.284211   49.00798  -16.47972     5.2659     5.4052          4  0.000e+00
   6697.708     160746   4109.921     2.5423     2.5436   3.283674   3.284211   49.00798  -16.47972     5.2766     5.4039          4  0.000e+00
   6697.750     160747   4109.865     2.5420     2.5436   3.283680   3.284229   49.00798  -16.47972     5.2693     5.4050          4  0.000e+00
   6697.792     160748   4109.921     2.5423     2.5437   3.283680   3.284217   49.00798  -16.47972     5.2691     5.4061          4  0.000e+00
   6697.833     160749   4109.865     2.5423     2.5437   3.283723   3.284187   49.00798  -16.47972     5.2688     5.4073          4  0.000e+00
   6697.875     160750   4109.922     2.5422     2.5437   3.283692   3.284199   49.00798  -16.47972     5.2686     5.4084          4  0.000e+00
   6697.917     160751   4109.767     2.5422     2.5436   3.283680   3.284211   49.00798  -16.47972     5.2772     5.4095          4  0.000e+00
   6697.958     160752   4109.922     2.5422     2.5436   3.283704   3.284187   49.00798  -16.47972     5.2700     5.4107          4  0.000e+00
   6698.000     160753   4109.768     2.5423     2.5437   3.283710   3.284199   49.00798  -16.47972     5.2715     5.4019          4  0.000e+00
   6698.042     160754   4109.866     2.5422     2.5437   3.283686   3.284211   49.00798  -16.47972     5.2625     5.4106          4  0.000e+00
   6698.083     160755   4110.034     2.5422     2.5437   3.283656   3.284211   49.00798  -16.47972     5.2694     5.4093          4  0.000e+00
   6698.125     160756   4109.656     2.5422     2.5436   3.283674   3.284211   49.00798  -16.47972     5.2621     5.4076          4  0.000e+00
   6698.167     160757   4109.922     2.5422     2.5437   3.283680   3.284229   49.00798  -16.47972     5.2782     5.4062          4  0.000e+00
   6698.208     160758   4109.866     2.5425     2.5439   3.283723   3.284193   49.00798  -16.47972     5.2710     5.4071          4  0.000e+00
   6698.250     160759   4109.824     2.5423     2.5437   3.283692   3.284223   49.00798  -16.47972     5.2729     5.3982          4  0.000e+00
   6698.292     160760   4109.978     2.5422     2.5436   3.283680   3.284217   49.00798  -16.47972     5.2820     5.4067          4  0.000e+00
   6698.333     160761   4109.768     2.5423     2.5436   3.283680   3.284211   49.00798  -16.47972     5.2747     5.4050          4  0.000e+00
   6698.375     160762   4109.824     2.5422     2.5434   3.283680   3.284211   49.00798  -16.47972     5.2727     5.4060          4  0.000e+00
   6698.417     160763   4109.867     2.5422     2.5434   3.283704   3.284211   49.00798  -16.47972     5.2726     5.4070          4  0.000e+00
   6698.458     160764   4109.824     2.5422     2.5437   3.283711   3.284187   49.00798  -16.47972     5.2724     5.4079          4  0.000e+00
   6698.500     160765   4109.867     2.5423     2.5436   3.283686   3.284199   49.00798  -16.47972     5.2722     5.4088          4  0.000e+00
   6698.542     160766   4109.923     2.5422     2.5436   3.283698   3.284211   49.00798  -16.47972     5.2721     5.4098          4  0.000e+00
   6698.583     160767   4109.867     2.5422     2.5436   3.283692   3.284211   49.00798  -16.47972     5.2719     5.4081          4  0.000e+00
   6698.625     160768   4109.769     2.5423     2.5436   3.283680   3.284211   49.00798  -16.47972     5.2717     5.4063          4  0.000e+00
   6698.667     160769   4109.825     2.5420     2.5436   3.283680   3.284187   49.00798  -16.47972     5.2716     5.4070          4  0.000e+00
   6698.708     160770   4109.867     2.5423     2.5437   3.283656   3.284199   49.00798  -16.47972     5.2715     5.4078          4  0.000e+00
   6698.750     160771   4109.713     2.5422     2.5436   3.283692   3.284211   49.00798  -16.47972     5.2821     5.4084          4  0.000e+00
   6698.792     160772   4109.867     2.5423     2.5436   3.283686   3.284211   49.00798  -16.47972     5.2750     5.4066          4  0.000e+00
   7411.250     177871   3522.036     2.6387     2.6396   3.272687   3.273168   49.00798  -16.47970     5.3445     5.4665          5  0.000e+00
   7411.292     177872   3521.785     2.6387     2.6396   3.272711   3.273168   49.00798  -16.47970     5.3454     5.4667          5  0.000e+00
   7411.333     177873   3522.036     2.6387     2.6396   3.272693   3.273168   49.00798  -16.47970     5.3467     5.4672          5  0.000e+00
   7411.375     177874   3521.785     2.6385     2.6395   3.272650   3.273168   49.00798  -16.47970     5.3397     5.4674          5  0.000e+00
   7411.417     177875   3522.036     2.6387     2.6395   3.272650   3.273168   49.00798  -16.47970     5.3395     5.4679          5  0.000e+00
   7411.458     177876   3521.827     2.6388     2.6395   3.272656   3.273144   49.00798  -16.47970     5.3390     5.4681          5  0.000e+00
   7411.500     177877   3521.896     2.6387     2.6398   3.272681   3.273156   49.00798  -16.47970     5.3468     5.4684          5  0.000e+00
   7411.542     177878   3522.036     2.6387     2.6398   3.272687   3.273144   49.00798  -16.47970     5.3386     5.4689          5  0.000e+00
   7411.583     177879   3521.785     2.6386     2.6398   3.272687   3.273156   49.00798  -16.47970     5.3381     5.4690          5  0.000e+00
   7411.625     177880   3522.036     2.6387     2.6398   3.272669   3.273168   49.00798  -16.47970     5.3381     5.4695          5  0.000e+00
   7411.667     177881   3521.897     2.6387     2.6398   3.272663   3.273168   49.00798  -16.47970     5.3442     5.4698          5  0.000e+00
   7411.708     177882   3521.939     2.6385     2.6398   3.272681   3.273144   49.00798  -16.47970     5.3360     5.4701          5  0.000e+00
   7411.750     177883   3521.939     2.6387     2.6399   3.272669   3.273156   49.00798  -16.47970     5.3358     5.4704          5  0.000e+00
   7411.792     177884   3521.897     2.6387     2.6396   3.272699   3.273168   49.00798  -16.47970     5.3340     5.4687          5  0.000e+00
   7411.833     177885   3521.939     2.6384     2.6398   3.272699   3.273144   49.00798  -16.47970     5.3420     5.4689          5  0.000e+00
   7411.875     177886   3521.897     2.6388     2.6398   3.272663   3.273156   49.00798  -16.47970     5.3433     5.4692          5  0.000e+00
   7411.917     177887   3522.036     2.6385     2.6396   3.272681   3.273144   49.00798  -16.47970     5.3449     5.4695          5  0.000e+00
   7411.958     177888   3521.897     2.6385     2.6396   3.272663   3.273114   49.00798  -16.47970     5.3462     5.4676          5  0.000e+00
   7412.000     177889   3521.939     2.6383     2.6396   3.272681   3.273174   49.00798  -16.47970     5.3460     5.4678          5  0.000e+00
   7412.042     177890   3521.939     2.6387     2.6398   3.272663   3.273174   49.00798  -16.47970     5.3458     5.4658          5  0.000e+00
   7412.083     177891   3521.897     2.6384     2.6398   3.272656   3.273168   49.00798  -16.47970     5.3391     5.4659          5  0.000e+00
   7412.125     177892   3521.939     2.6388     2.6398   3.272656   3.273187   49.00798  -16.47970     5.3389     5.4660          5  0.000e+00
   7412.167     177893   3522.106     2.6385     2.6396   3.272681   3.273175   49.00798  -16.47970     5.3389     5.4662          5  0.000e+00
   7412.208     177894   3521.827     2.6385     2.6399   3.272687   3.273144   49.00798  -16.47970     5.3466     5.4661          5  0.000e+00
   7412.250     177895   3521.995     2.6385     2.6396   3.272687   3.273181   49.00798  -16.47972     5.3466     5.4663          5  0.000e+00
   7412.292     177896   3521.939     2.6384     2.6399   3.272663   3.273150   49.00798  -16.47972     5.3400     5.4663          5  0.000e+00
