Data_example/SBE_Data_Processed/JC231/SeaBird/Data/Processed/JC231_CTD_009cfaldb.cnv
* Sea-Bird SBE 9 Data File:
* FileName = C:\Users\sandm\Documents\Cruises\JC231\CTD Data\CTD Raw Data\JC231_CTD_009.hex
* Software Version Seasave V 7.26.7.121
* Temperature SN = 5700
* Conductivity SN = 2164
* Number of Bytes Per Scan = 41
* Number of Voltage Words = 4
* Number of Scans Averaged by the Deck Unit = 1
* NMEA Latitude = 48 58.43 N
* NMEA Longitude = 016 28.09 W
* NMEA UTC (Time) = May 14 2022  16:01:18
* NMEA baud rate = 9600
** Ship: RRS James Cook
** Cruise: JC231
** Cast: 009
** Event:
** Station:
** Julian Day: 134
** Time (GMT): 16:00
** Latitude: 48 58.433 ' N
** Longitude: 16 28.090 ' W
** Depth (uncorrected m): 4804m
** Principal Scientist: Dr Susan Hartman
** Operator:  TP / JG
# nquan = 15
# nvalues = 2023                        
# units = specified
# name 0 = timeS: Time, Elapsed [seconds]
# name 1 = scan: Scan Count
# name 2 = prDM: Pressure, Digiquartz [db]
# name 3 = t090C: Temperature [ITS-90, deg C]
# name 4 = t190C: Temperature, 2 [ITS-90, deg C]
# name 5 = c0S/m: Conductivity [S/m]
# name 6 = c1S/m: Conductivity, 2 [S/m]
# name 7 = latitude: Latitude [deg]
# name 8 = longitude: Longitude [deg]
# name 9 = sbeox0ML/L: Oxygen, SBE 43 [ml/l]
# name 10 = sbeox1ML/L: Oxygen, SBE 43, 2 [ml/l]
# name 11 = depSM: Depth [salt water, m], lat = 48.9738
# name 12 = sal00: Salinity, Practical [PSU]
# name 13 = sal11: Salinity, Practical, 2 [PSU]
# name 14 = flag: flag
# span 0 =    525.247,   3860.660       
# span 1 =      12607,      92657       
# span 2 =      1.000,   1012.000       
# span 3 =     7.5965,    14.8307       
# span 4 =     7.5937,    14.5109       
# span 5 =   3.658738,   4.351259       
# span 6 =   3.658849,   4.375820       
# span 7 =   48.97390,   48.97650       
# span 8 =  -16.46828,  -16.46816       
# span 9 =     4.1769,     6.3658       
# span 10 =     4.2830,     6.0164      
# span 11 =      0.991,   1000.979      
# span 12 =    34.8614,    36.0437      
# span 13 =    34.5540,    36.2832      
# span 14 = 0.0000e+00, 0.0000e+00      
# interval = decibars: 1                
# start_time = May 14 2022 16:01:19 [System UTC, first data scan.]
# bad_flag = -9.990e-29
*END*
[from data line 1832]
   3056.351      73353    191.000    12.0219    12.0279   4.067835   4.069052   48.97576  -16.46826     5.6402     5.5363    189.293    35.5590    35.5652 0.0000e+00
   3057.355      73378    190.000    12.0242    12.0288   4.068045   4.069113   48.97576  -16.46826     5.6401     5.5380    188.302    35.5594    35.5654 0.0000e+00
   3058.351      73401    189.000    12.0258    12.0297   4.068188   4.069139   48.97577  -16.46826     5.6399     5.5395    187.312    35.5597    35.5652 0.0000e+00
   3059.342      73425    188.000    12.0272    12.0321   4.068287   4.069259   48.97577  -16.46826     5.6393     5.5396    186.321    35.5598    35.5646 0.0000e+00
   3060.332      73449    187.000    12.0287    12.0371   4.068376   4.069634   48.97578  -16.46826     5.6406     5.5405    185.330    35.5596    35.5639 0.0000e+00
   3061.314      73473    186.000    12.0315    12.0422   4.068550   4.070207   48.97578  -16.46826     5.6443     5.5395    184.340    35.5590    35.5651 0.0000e+00
   3062.279      73496    185.000    12.0359    12.0442   4.068919   4.070536   48.97578  -16.46826     5.6495     5.5391    183.349    35.5589    35.5668 0.0000e+00
   3063.238      73519    184.000    12.0395    12.0437   4.069337   4.070507   48.97578  -16.46826     5.6506     5.5382    182.358    35.5601    35.5675 0.0000e+00
   3064.202      73542    183.000    12.0411    12.0441   4.069544   4.070377   48.97578  -16.46826     5.6412     5.5335    181.368    35.5610    35.5663 0.0000e+00
   3065.185      73565    182.000    12.0423    12.0478   4.069606   4.070577   48.97578  -16.46826     5.6433     5.5296    180.377    35.5609    35.5652 0.0000e+00
   3066.182      73589    181.000    12.0446    12.0539   4.069745   4.071137   48.97578  -16.46826     5.6416     5.5315    179.386    35.5604    35.5652 0.0000e+00
   3067.186      73613    180.000    12.0488    12.0614   4.070067   4.071877   48.97578  -16.46826     5.6348     5.5340    178.396    35.5601    35.5657 0.0000e+00
   3068.180      73637    179.000    12.0545    12.0681   4.070592   4.072671   48.97578  -16.46826     5.6375     5.5370    177.405    35.5602    35.5675 0.0000e+00
   3069.162      73661    178.000    12.0608    12.0722   4.071256   4.073198   48.97578  -16.46826     5.6477     5.5412    176.415    35.5611    35.5692 0.0000e+00
   3070.145      73684    177.000    12.0660    12.0747   4.071849   4.073503   48.97578  -16.46826     5.6481     5.5426    175.424    35.5624    35.5702 0.0000e+00
   3071.136      73708    176.000    12.0700    12.0764   4.072320   4.073684   48.97578  -16.46826     5.6442     5.5408    174.433    35.5636    35.5708 0.0000e+00
   3072.136      73732    175.000    12.0727    12.0779   4.072640   4.073825   48.97578  -16.46826     5.6487     5.5391    173.442    35.5646    35.5712 0.0000e+00
   3073.131      73756    174.000    12.0747    12.0789   4.072848   4.073912   48.97578  -16.46826     5.6528     5.5402    172.452    35.5652    35.5715 0.0000e+00
   3074.114      73780    173.000    12.0762    12.0796   4.073003   4.073949   48.97578  -16.46826     5.6499     5.5378    171.461    35.5657    35.5717 0.0000e+00
   3075.095      73803    172.000    12.0773    12.0802   4.073090   4.073959   48.97578  -16.46826     5.6494     5.5324    170.470    35.5660    35.5716 0.0000e+00
   3076.084      73827    171.000    12.0780    12.0807   4.073137   4.073953   48.97578  -16.46826     5.6504     5.5302    169.480    35.5662    35.5716 0.0000e+00
   3077.085      73851    170.000    12.0788    12.0809   4.073154   4.073916   48.97578  -16.46826     5.6483     5.5332    168.489    35.5661    35.5715 0.0000e+00
   3078.088      73875    169.000    12.0794    12.0808   4.073165   4.073839   48.97578  -16.46826     5.6474     5.5344    167.498    35.5660    35.5713 0.0000e+00
   3079.084      73899    168.000    12.0798    12.0810   4.073140   4.073757   48.97578  -16.46826     5.6482     5.5322    166.508    35.5658    35.5707 0.0000e+00
   3080.071      73923    167.000    12.0800    12.0812   4.073090   4.073686   48.97579  -16.46826     5.6484     5.5296    165.517    35.5656    35.5703 0.0000e+00
   3081.051      73946    166.000    12.0801    12.0813   4.073018   4.073602   48.97579  -16.46826     5.6487     5.5263    164.526    35.5652    35.5698 0.0000e+00
   3082.031      73970    165.000    12.0802    12.0817   4.072934   4.073554   48.97580  -16.46826     5.6463     5.5238    163.535    35.5647    35.5694 0.0000e+00
   3083.015      73993    164.000    12.0803    12.0825   4.072860   4.073542   48.97580  -16.46826     5.6475     5.5209    162.545    35.5643    35.5690 0.0000e+00
   3083.996      74017    163.000    12.0807    12.0838   4.072813   4.073589   48.97580  -16.46826     5.6441     5.5197    161.554    35.5640    35.5686 0.0000e+00
   3084.972      74040    162.000    12.0815    12.0852   4.072803   4.073683   48.97580  -16.46826     5.6380     5.5182    160.563    35.5636    35.5686 0.0000e+00
   3085.956      74064    161.000    12.0826    12.0865   4.072843   4.073774   48.97580  -16.46826     5.6372     5.5143    159.573    35.5634    35.5687 0.0000e+00
   3086.959      74088    160.000    12.0837    12.0882   4.072904   4.073881   48.97580  -16.46826     5.6428     5.5117    158.582    35.5633    35.5686 0.0000e+00
   3087.986      74113    159.000    12.0851    12.0901   4.072988   4.074033   48.97580  -16.46826     5.6457     5.5112    157.591    35.5632    35.5687 0.0000e+00
   3089.052      74138    158.000    12.0869    12.0918   4.073112   4.074188   48.97580  -16.46826     5.6471     5.5105    156.600    35.5632    35.5691 0.0000e+00
   3090.193      74166    157.000    12.0889    12.0919   4.073277   4.074252   48.97580  -16.46826     5.6358     5.5082    155.609    35.5633    35.5700 0.0000e+00
   3091.451      74196    156.000    12.0909    12.0893   4.073459   4.074036   48.97580  -16.46826     5.6305     5.5036    154.619    35.5636    35.5708 0.0000e+00
   3092.872      74230    155.000    12.0943    12.0871   4.073696   4.073713   48.97580  -16.46826     5.6254     5.5037    153.628    35.5632    35.5702 0.0000e+00
   3094.589      74271    154.000    12.1009    12.0838   4.074260   4.073426   48.97580  -16.46826     5.6112     5.5100    152.637    35.5629    35.5710 0.0000e+00
   3096.950      74328    153.000    12.1043    12.0730   4.074840   4.072485   48.97580  -16.46826     5.5951     5.5206    151.646    35.5657    35.5725 0.0000e+00
   3175.862      76222    152.000    12.1219    12.1217   4.076664   4.077183   48.97588  -16.46826     5.6163     5.4953    150.656    35.5672    35.5724 0.0000e+00
   3182.122      76372    151.000    12.1247    12.1273   4.076881   4.077683   48.97588  -16.46826     5.6291     5.4964    149.665    35.5671    35.5724 0.0000e+00
   3183.782      76412    150.000    12.1275    12.1298   4.077132   4.077919   48.97588  -16.46825     5.6364     5.4948    148.674    35.5673    35.5728 0.0000e+00
   3185.158      76445    149.000    12.1290    12.1317   4.077259   4.078056   48.97588  -16.46826     5.6356     5.4954    147.683    35.5675    35.5728 0.0000e+00
   3186.386      76474    148.000    12.1308    12.1346   4.077373   4.078263   48.97588  -16.46826     5.6420     5.4958    146.692    35.5674    35.5724 0.0000e+00
   3187.507      76501    147.000    12.1333    12.1387   4.077551   4.078597   48.97588  -16.46826     5.6482     5.4921    145.702    35.5672    35.5722 0.0000e+00
   3188.555      76526    146.000    12.1361    12.1436   4.077786   4.079016   48.97588  -16.46826     5.6488     5.4896    144.711    35.5672    35.5721 0.0000e+00
   3189.572      76551    145.000    12.1398    12.1481   4.078073   4.079478   48.97588  -16.46826     5.6480     5.4895    143.720    35.5670    35.5727 0.0000e+00
   3190.584      76575    144.000    12.1440    12.1524   4.078461   4.079880   48.97588  -16.46826     5.6441     5.4881    142.729    35.5672    35.5730 0.0000e+00
   3191.580      76599    143.000    12.1480    12.1574   4.078842   4.080305   48.97588  -16.46826     5.6390     5.4897    141.738    35.5675    35.5729 0.0000e+00
   3192.556      76622    142.000    12.1523    12.1638   4.079221   4.080881   48.97588  -16.46826     5.6420     5.4903    140.747    35.5675    35.5728 0.0000e+00
   3193.521      76645    141.000    12.1577    12.1697   4.079692   4.081503   48.97588  -16.46826     5.6422     5.4881    139.757    35.5675    35.5737 0.0000e+00
   3194.482      76669    140.000    12.1639    12.1743   4.080267   4.082006   48.97588  -16.46826     5.6476     5.4865    138.766    35.5677    35.5747 0.0000e+00
   3195.449      76692    139.000    12.1692    12.1777   4.080856   4.082377   48.97589  -16.46826     5.6521     5.4871    137.775    35.5688    35.5755 0.0000e+00
   3196.429      76715    138.000    12.1732    12.1804   4.081291   4.082649   48.97589  -16.46826     5.6515     5.4885    136.784    35.5696    35.5760 0.0000e+00
   3197.425      76739    137.000    12.1766    12.1834   4.081642   4.082905   48.97590  -16.46826     5.6434     5.4910    135.793    35.5702    35.5760 0.0000e+00
   3198.434      76763    136.000    12.1799    12.1879   4.081942   4.083250   48.97590  -16.46826     5.6329     5.4924    134.802    35.5705    35.5756 0.0000e+00
   3199.445      76788    135.000    12.1839    12.1959   4.082273   4.083866   48.97590  -16.46826     5.6366     5.4907    133.811    35.5703    35.5744 0.0000e+00
   3200.443      76812    134.000    12.1900    12.2063   4.082753   4.084862   48.97590  -16.46826     5.6431     5.4879    132.821    35.5696    35.5746 0.0000e+00
   3201.420      76835    133.000    12.1987    12.2152   4.083508   4.085821   48.97590  -16.46826     5.6420     5.4846    131.830    35.5691    35.5760 0.0000e+00
   3202.381      76858    132.000    12.2074    12.2225   4.084411   4.086583   48.97590  -16.46826     5.6386     5.4810    130.839    35.5701    35.5769 0.0000e+00
   3203.345      76881    131.000    12.2146    12.2301   4.085181   4.087300   48.97590  -16.46826     5.6377     5.4797    129.848    35.5712    35.5771 0.0000e+00
   3204.318      76905    130.000    12.2218    12.2381   4.085876   4.088124   48.97590  -16.46826     5.6443     5.4798    128.857    35.5715    35.5780 0.0000e+00
   3205.298      76928    129.000    12.2291    12.2437   4.086613   4.088826   48.97590  -16.46826     5.6502     5.4824    127.866    35.5722    35.5798 0.0000e+00
   3206.269      76951    128.000    12.2359    12.2471   4.087314   4.089221   48.97590  -16.46826     5.6495     5.4852    126.875    35.5730    35.5809 0.0000e+00
   3207.234      76975    127.000    12.2413    12.2502   4.087919   4.089494   48.97590  -16.46826     5.6429     5.4851    125.884    35.5742    35.5811 0.0000e+00
   3208.209      76998    126.000    12.2451    12.2538   4.088362   4.089794   48.97590  -16.46826     5.6360     5.4840    124.893    35.5753    35.5810 0.0000e+00
   3209.212      77022    125.000    12.2484    12.2581   4.088667   4.090188   48.97590  -16.46826     5.6379     5.4844    123.902    35.5756    35.5812 0.0000e+00
   3210.239      77047    124.000    12.2524    12.2630   4.089013   4.090637   48.97590  -16.46826     5.6364     5.4864    122.912    35.5756    35.5813 0.0000e+00
   3211.265      77071    123.000    12.2567    12.2685   4.089421   4.091154   48.97590  -16.46826     5.6393     5.4854    121.921    35.5760    35.5816 0.0000e+00
   3212.265      77095    122.000    12.2617    12.2729   4.089853   4.091639   48.97590  -16.46826     5.6469     5.4835    120.930    35.5758    35.5826 0.0000e+00
   3213.231      77119    121.000    12.2670    12.2751   4.090372   4.091915   48.97590  -16.46826     5.6485     5.4844    119.939    35.5763    35.5835 0.0000e+00
   3214.182      77141    120.000    12.2706    12.2761   4.090800   4.092017   48.97590  -16.46826     5.6364     5.4855    118.948    35.5775    35.5841 0.0000e+00
   3215.138      77164    119.000    12.2727    12.2765   4.091034   4.092032   48.97590  -16.46826     5.6345     5.4839    117.957    35.5782    35.5842 0.0000e+00
   3216.110      77188    118.000    12.2739    12.2776   4.091149   4.092051   48.97591  -16.46826     5.6477     5.4809    116.966    35.5786    35.5839 0.0000e+00
   3217.094      77211    117.000    12.2749    12.2805   4.091210   4.092208   48.97591  -16.46826     5.6500     5.4776    115.975    35.5786    35.5831 0.0000e+00
   3218.079      77235    116.000    12.2765    12.2863   4.091296   4.092622   48.97592  -16.46826     5.6516     5.4773    114.984    35.5784    35.5820 0.0000e+00
   3219.061      77258    115.000    12.2795    12.2973   4.091485   4.093475   48.97592  -16.46826     5.6475     5.4818    113.993    35.5779    35.5803 0.0000e+00
   3220.054      77282    114.000    12.2850    12.3157   4.091898   4.095114   48.97592  -16.46826     5.6348     5.4885    113.002    35.5771    35.5792 0.0000e+00
   3221.063      77307    113.000    12.2954    12.3338   4.092691   4.097202   48.97592  -16.46826     5.6257     5.4934    112.011    35.5753    35.5826 0.0000e+00
   3222.073      77331    112.000    12.3129    12.3460   4.094251   4.098770   48.97592  -16.46826     5.6324     5.4957    111.020    35.5743    35.5867 0.0000e+00
   3223.065      77355    111.000    12.3284    12.3533   4.096102   4.099713   48.97592  -16.46826     5.6441     5.4944    110.029    35.5780    35.5894 0.0000e+00
   3224.037      77378    110.000    12.3389    12.3584   4.097389   4.100308   48.97592  -16.46826     5.6445     5.4926    109.038    35.5810    35.5908 0.0000e+00
   3225.009      77401    109.000    12.3468    12.3624   4.098332   4.100770   48.97592  -16.46826     5.6509     5.4951    108.047    35.5831    35.5919 0.0000e+00
   3226.021      77426    108.000    12.3527    12.3652   4.099053   4.101112   48.97592  -16.46826     5.6585     5.4994    107.056    35.5849    35.5931 0.0000e+00
   3227.114      77452    107.000    12.3569    12.3673   4.099577   4.101338   48.97592  -16.46826     5.6536     5.5022    106.065    35.5864    35.5937 0.0000e+00
   3228.341      77481    106.000    12.3605    12.3691   4.099952   4.101533   48.97592  -16.46826     5.6539     5.5061    105.074    35.5871    35.5943 0.0000e+00
   3229.755      77515    105.000    12.3659    12.3651   4.100426   4.101408   48.97592  -16.46826     5.6550     5.5111    104.083    35.5870    35.5973 0.0000e+00
   3231.417      77555    104.000    12.3760    12.3466   4.101365   4.099744   48.97592  -16.46825     5.6535     5.5047    103.092    35.5870    35.5991 0.0000e+00
   3233.553      77606    103.000    12.3837    12.3194   4.102403   4.096803   48.97593  -16.46825     5.6501     5.4930    102.101    35.5901    35.5969 0.0000e+00
   3297.113      79132    102.000    12.4049    12.3876   4.104793   4.103667   48.97600  -16.46824     5.6643     5.5130    101.110    35.5937    35.5991 0.0000e+00
   3320.751      79699    101.000    12.4123    12.4152   4.105583   4.106411   48.97602  -16.46824     5.6837     5.5217    100.119    35.5948    35.6000 0.0000e+00
   3322.270      79735    100.000    12.4143    12.4182   4.105696   4.106618   48.97602  -16.46824     5.6798     5.5179     99.128    35.5944    35.5996 0.0000e+00
   3323.800      79772     99.000    12.4171    12.4232   4.105929   4.107063   48.97602  -16.46824     5.6932     5.5182     98.137    35.5944    35.5996 0.0000e+00
   3325.084      79803     98.000    12.4211    12.4285   4.106240   4.107580   48.97602  -16.46824     5.7027     5.5229     97.146    35.5941    35.6000 0.0000e+00
   3326.220      79830     97.000    12.4257    12.4336   4.106670   4.108066   48.97602  -16.46824     5.7108     5.5226     96.155    35.5943    35.6003 0.0000e+00
