Data_example/SBE_Data_Processed/JC231/SeaBird/Data/Processed/JC231_CTD_005cfaldb.cnv
* Sea-Bird SBE 9 Data File:
* FileName = C:\Users\sandm\Documents\Cruises\JC231\CTD Data\CTD Raw Data\JC231_CTD_005.hex
* Software Version Seasave V 7.26.7.121
* Temperature SN = 5700
* Conductivity SN = 2164
* Number of Bytes Per Scan = 41
* Number of Voltage Words = 4
* Number of Scans Averaged by the Deck Unit = 1
* NMEA Latitude = 49 00.32 N
* NMEA Longitude = 016 30.09 W
* NMEA UTC (Time) = May 08 2022  12:24:49
* NMEA baud rate = 9600
** Ship: RRS James Cook
** Cruise: JC231
** Cast: 005
** Event:
** Station:
** Julian Day: 128
** Time (GMT): 12:25
** Latitude: 49 0.322' N
** Longitude: 16 30.094' W
** Depth (uncorrected m): 4802m
** Principal Scientist: Dr Susan Hartman
** Operator:  TP / DXC
# nquan = 15
# nvalues = 9830                        
# units = specified
# name 0 = timeS: Time, Elapsed [seconds]
# name 1 = scan: Scan Count
# name 2 = prDM: Pressure, Digiquartz [db]
# name 3 = t090C: Temperature [ITS-90, deg C]
# name 4 = t190C: Temperature, 2 [ITS-90, deg C]
# name 5 = c0S/m: Conductivity [S/m]
# name 6 = c1S/m: Conductivity, 2 [S/m]
# name 7 = latitude: Latitude [deg]
# name 8 = longitude: Longitude [deg]
# name 9 = sbeox0ML/L: Oxygen, SBE 43 [ml/l]
# name 10 = sbeox1ML/L: Oxygen, SBE 43, 2 [ml/l]
# name 11 = depSM: Depth [salt water, m], lat = 49.0053
# name 12 = sal00: Salinity, Practical [PSU]
# name 13 = sal11: Salinity, Practical, 2 [PSU]
# name 14 = flag: flag
# span 0 =    353.495,  13907.437       
# span 1 =       8485,     333780       
# span 2 =      1.000,   4919.000       
# span 3 =     2.5274,    14.7365       
# span 4 =     2.5302,    14.5595       
# span 5 =   3.272946,   4.392881       
# span 6 =   3.273528,   4.360083       
# span 7 =   46.79183,   52.43989       
# span 8 =  -17.65841,  -15.75650       
# span 9 =     4.1600,     6.1986       
# span 10 =     4.2313,     6.3352      
# span 11 =      0.992,   4821.762      
# span 12 =    31.6485,    38.0722      
# span 13 =    33.7193,    37.7410      
# span 14 = 0.0000e+00, 0.0000e+00      
# interval = decibars: 1                
# start_time = May 08 2022 12:24:50 [System UTC, first data scan.]
# bad_flag = -9.990e-29
*END*
[from data line 4820]
   5664.671     135953   4821.000     2.5554     2.5570   3.307882   3.308589   49.00510  -16.50182     5.2430     5.3672   4726.734    34.9028    34.9095 0.0000e+00
   5666.534     135998   4822.000     2.5554     2.5571   3.307919   3.308629   49.00510  -16.50182     5.2423     5.3631   4727.704    34.9029    34.9095 0.0000e+00
   5668.412     136043   4823.000     2.5555     2.5572   3.307957   3.308662   49.00510  -16.50182     5.2409     5.3661   4728.674    34.9028    34.9094 0.0000e+00
   5670.397     136091   4824.000     2.5556     2.5572   3.307991   3.308699   49.00510  -16.50182     5.2399     5.3664   4729.643    34.9028    34.9094 0.0000e+00
   5672.379     136138   4825.000     2.5557     2.5573   3.308033   3.308738   49.00510  -16.50182     5.2379     5.3648   4730.613    34.9028    34.9094 0.0000e+00
   5674.230     136183   4826.000     2.5558     2.5574   3.308075   3.308778   49.00510  -16.50182     5.2380     5.3631   4731.583    34.9028    34.9094 0.0000e+00
   5676.121     136228   4827.000     2.5560     2.5576   3.308121   3.308823   49.00510  -16.50183     5.2439     5.3610   4732.553    34.9028    34.9094 0.0000e+00
   5678.086     136275   4828.000     2.5560     2.5576   3.308161   3.308863   49.00510  -16.50184     5.2424     5.3612   4733.523    34.9028    34.9095 0.0000e+00
   5680.057     136322   4829.000     2.5561     2.5577   3.308205   3.308901   49.00510  -16.50184     5.2437     5.3644   4734.493    34.9029    34.9094 0.0000e+00
   5681.992     136369   4830.000     2.5562     2.5579   3.308248   3.308944   49.00510  -16.50184     5.2325     5.3670   4735.463    34.9028    34.9094 0.0000e+00
   5683.862     136414   4831.000     2.5564     2.5580   3.308291   3.308986   49.00510  -16.50184     5.2427     5.3645   4736.432    34.9028    34.9094 0.0000e+00
   5685.747     136459   4832.000     2.5565     2.5580   3.308331   3.309025   49.00510  -16.50184     5.2404     5.3661   4737.402    34.9028    34.9094 0.0000e+00
   5687.737     136507   4833.000     2.5566     2.5582   3.308373   3.309065   49.00510  -16.50184     5.2376     5.3679   4738.372    34.9028    34.9093 0.0000e+00
   5689.692     136554   4834.000     2.5567     2.5583   3.308418   3.309111   49.00510  -16.50184     5.2387     5.3634   4739.342    34.9028    34.9093 0.0000e+00
   5691.550     136598   4835.000     2.5568     2.5585   3.308459   3.309156   49.00510  -16.50184     5.2385     5.3620   4740.312    34.9028    34.9094 0.0000e+00
   5693.423     136643   4836.000     2.5569     2.5586   3.308498   3.309202   49.00510  -16.50184     5.2378     5.3631   4741.282    34.9028    34.9094 0.0000e+00
   5695.404     136691   4837.000     2.5571     2.5587   3.308546   3.309245   49.00510  -16.50184     5.2405     5.3619   4742.251    34.9028    34.9094 0.0000e+00
   5697.400     136739   4838.000     2.5572     2.5588   3.308593   3.309290   49.00510  -16.50184     5.2399     5.3635   4743.221    34.9028    34.9094 0.0000e+00
   5699.302     136784   4839.000     2.5574     2.5589   3.308635   3.309337   49.00510  -16.50184     5.2360     5.3637   4744.191    34.9028    34.9095 0.0000e+00
   5701.160     136829   4840.000     2.5575     2.5591   3.308679   3.309381   49.00510  -16.50184     5.2392     5.3618   4745.161    34.9028    34.9095 0.0000e+00
   5703.062     136874   4841.000     2.5576     2.5592   3.308725   3.309423   49.00510  -16.50184     5.2370     5.3642   4746.131    34.9028    34.9095 0.0000e+00
   5705.060     136922   4842.000     2.5578     2.5592   3.308770   3.309458   49.00510  -16.50184     5.2361     5.3654   4747.100    34.9028    34.9094 0.0000e+00
   5707.026     136970   4843.000     2.5578     2.5594   3.308805   3.309500   49.00510  -16.50184     5.2367     5.3630   4748.070    34.9028    34.9094 0.0000e+00
   5708.918     137015   4844.000     2.5579     2.5595   3.308848   3.309544   49.00510  -16.50184     5.2440     5.3605   4749.040    34.9028    34.9094 0.0000e+00
   5710.778     137060   4845.000     2.5580     2.5597   3.308892   3.309588   49.00510  -16.50184     5.2381     5.3654   4750.010    34.9029    34.9094 0.0000e+00
   5712.699     137106   4846.000     2.5581     2.5598   3.308934   3.309631   49.00510  -16.50184     5.2389     5.3620   4750.980    34.9028    34.9094 0.0000e+00
   5714.700     137154   4847.000     2.5583     2.5599   3.308976   3.309676   49.00510  -16.50184     5.2385     5.3633   4751.949    34.9028    34.9094 0.0000e+00
   5716.671     137201   4848.000     2.5584     2.5600   3.309020   3.309719   49.00510  -16.50184     5.2412     5.3645   4752.919    34.9028    34.9094 0.0000e+00
   5718.581     137247   4849.000     2.5586     2.5602   3.309067   3.309761   49.00510  -16.50184     5.2400     5.3661   4753.889    34.9028    34.9094 0.0000e+00
   5720.462     137292   4850.000     2.5587     2.5603   3.309112   3.309804   49.00510  -16.50184     5.2436     5.3661   4754.859    34.9028    34.9094 0.0000e+00
   5722.373     137338   4851.000     2.5588     2.5604   3.309155   3.309846   49.00510  -16.50184     5.2420     5.3645   4755.828    34.9028    34.9093 0.0000e+00
   5724.339     137385   4852.000     2.5590     2.5605   3.309197   3.309891   49.00510  -16.50184     5.2404     5.3609   4756.798    34.9028    34.9094 0.0000e+00
   5726.252     137431   4853.000     2.5591     2.5607   3.309240   3.309935   49.00510  -16.50184     5.2375     5.3589   4757.768    34.9027    34.9094 0.0000e+00
   5728.209     137478   4854.000     2.5593     2.5608   3.309287   3.309979   49.00510  -16.50184     5.2385     5.3623   4758.738    34.9028    34.9094 0.0000e+00
   5730.178     137525   4855.000     2.5594     2.5609   3.309333   3.310021   49.00510  -16.50184     5.2420     5.3624   4759.707    34.9028    34.9094 0.0000e+00
   5732.056     137570   4856.000     2.5595     2.5610   3.309377   3.310065   49.00510  -16.50184     5.2373     5.3626   4760.677    34.9028    34.9094 0.0000e+00
   5733.979     137617   4857.000     2.5596     2.5612   3.309419   3.310114   49.00510  -16.50184     5.2368     5.3654   4761.647    34.9028    34.9094 0.0000e+00
   5735.944     137664   4858.000     2.5598     2.5613   3.309463   3.310158   49.00510  -16.50184     5.2414     5.3651   4762.617    34.9028    34.9094 0.0000e+00
   5737.908     137711   4859.000     2.5599     2.5614   3.309508   3.310202   49.00510  -16.50185     5.2412     5.3637   4763.586    34.9028    34.9094 0.0000e+00
   5739.866     137758   4860.000     2.5600     2.5616   3.309550   3.310244   49.00510  -16.50185     5.2347     5.3647   4764.556    34.9028    34.9094 0.0000e+00
   5741.814     137805   4861.000     2.5602     2.5617   3.309594   3.310288   49.00510  -16.50184     5.2403     5.3660   4765.526    34.9028    34.9094 0.0000e+00
   5743.997     137857   4862.000     2.5604     2.5619   3.309637   3.310332   49.00508  -16.50184     5.2477     5.3673   4766.495    34.9027    34.9094 0.0000e+00
   5804.449     139308   4863.000     2.5605     2.5621   3.309686   3.310379   49.00510  -16.50184     5.2423     5.3673   4767.465    34.9028    34.9093 0.0000e+00
   5814.061     139538   4864.000     2.5606     2.5622   3.309732   3.310424   49.00510  -16.50184     5.2413     5.3673   4768.435    34.9029    34.9094 0.0000e+00
   5815.941     139584   4865.000     2.5607     2.5624   3.309774   3.310467   49.00510  -16.50184     5.2398     5.3634   4769.405    34.9028    34.9093 0.0000e+00
   5817.736     139627   4866.000     2.5608     2.5625   3.309817   3.310508   49.00510  -16.50184     5.2410     5.3626   4770.374    34.9028    34.9093 0.0000e+00
   5819.542     139670   4867.000     2.5609     2.5626   3.309861   3.310545   49.00510  -16.50184     5.2377     5.3628   4771.344    34.9029    34.9093 0.0000e+00
   5821.404     139715   4868.000     2.5611     2.5627   3.309905   3.310589   49.00510  -16.50184     5.2456     5.3651   4772.314    34.9029    34.9093 0.0000e+00
   5823.348     139761   4869.000     2.5612     2.5628   3.309948   3.310635   49.00510  -16.50184     5.2445     5.3642   4773.283    34.9029    34.9094 0.0000e+00
   5825.321     139809   4870.000     2.5613     2.5629   3.309993   3.310678   49.00510  -16.50184     5.2422     5.3642   4774.253    34.9029    34.9093 0.0000e+00
   5827.257     139855   4871.000     2.5615     2.5630   3.310037   3.310722   49.00510  -16.50184     5.2442     5.3665   4775.223    34.9029    34.9093 0.0000e+00
   5829.157     139901   4872.000     2.5616     2.5632   3.310081   3.310765   49.00512  -16.50184     5.2392     5.3640   4776.192    34.9029    34.9093 0.0000e+00
   5831.054     139946   4873.000     2.5617     2.5633   3.310124   3.310810   49.00512  -16.50184     5.2429     5.3635   4777.162    34.9028    34.9094 0.0000e+00
   5832.992     139993   4874.000     2.5618     2.5634   3.310166   3.310855   49.00510  -16.50184     5.2452     5.3663   4778.132    34.9029    34.9094 0.0000e+00
   5834.974     140040   4875.000     2.5620     2.5635   3.310209   3.310898   49.00510  -16.50184     5.2381     5.3661   4779.101    34.9029    34.9094 0.0000e+00
   5836.910     140087   4876.000     2.5621     2.5637   3.310250   3.310941   49.00510  -16.50184     5.2434     5.3655   4780.071    34.9028    34.9094 0.0000e+00
   5838.798     140132   4877.000     2.5622     2.5638   3.310294   3.310985   49.00511  -16.50184     5.2393     5.3643   4781.041    34.9028    34.9094 0.0000e+00
   5840.707     140178   4878.000     2.5624     2.5639   3.310337   3.311028   49.00510  -16.50184     5.2404     5.3630   4782.010    34.9028    34.9093 0.0000e+00
   5842.668     140225   4879.000     2.5625     2.5641   3.310382   3.311069   49.00510  -16.50184     5.2393     5.3630   4782.980    34.9028    34.9093 0.0000e+00
   5844.625     140272   4880.000     2.5626     2.5642   3.310426   3.311114   49.00510  -16.50184     5.2406     5.3638   4783.950    34.9028    34.9093 0.0000e+00
   5846.527     140318   4881.000     2.5628     2.5644   3.310471   3.311162   49.00510  -16.50184     5.2391     5.3664   4784.919    34.9028    34.9094 0.0000e+00
   5848.429     140363   4882.000     2.5629     2.5645   3.310513   3.311202   49.00510  -16.50184     5.2403     5.3662   4785.889    34.9028    34.9093 0.0000e+00
   5850.359     140410   4883.000     2.5630     2.5646   3.310557   3.311244   49.00510  -16.50184     5.2457     5.3672   4786.858    34.9028    34.9093 0.0000e+00
   5852.332     140457   4884.000     2.5631     2.5647   3.310602   3.311287   49.00510  -16.50184     5.2397     5.3645   4787.828    34.9029    34.9093 0.0000e+00
   5854.302     140504   4885.000     2.5632     2.5648   3.310647   3.311330   49.00510  -16.50184     5.2336     5.3662   4788.798    34.9029    34.9093 0.0000e+00
   5856.155     140549   4886.000     2.5634     2.5649   3.310690   3.311374   49.00510  -16.50184     5.2426     5.3677   4789.767    34.9029    34.9093 0.0000e+00
   5858.035     140594   4887.000     2.5635     2.5651   3.310735   3.311418   49.00510  -16.50184     5.2412     5.3694   4790.737    34.9029    34.9094 0.0000e+00
   5860.031     140642   4888.000     2.5636     2.5652   3.310778   3.311463   49.00510  -16.50184     5.2458     5.3663   4791.706    34.9029    34.9094 0.0000e+00
   5862.013     140689   4889.000     2.5638     2.5653   3.310818   3.311505   49.00510  -16.50184     5.2415     5.3625   4792.676    34.9028    34.9093 0.0000e+00
   5863.918     140735   4890.000     2.5639     2.5655   3.310861   3.311549   49.00510  -16.50184     5.2429     5.3620   4793.646    34.9028    34.9093 0.0000e+00
   5865.756     140779   4891.000     2.5641     2.5656   3.310906   3.311594   49.00510  -16.50184     5.2345     5.3644   4794.615    34.9028    34.9093 0.0000e+00
   5867.637     140824   4892.000     2.5642     2.5657   3.310950   3.311637   49.00510  -16.50184     5.2363     5.3628   4795.585    34.9028    34.9094 0.0000e+00
   5869.663     140873   4893.000     2.5643     2.5659   3.310993   3.311678   49.00510  -16.50184     5.2442     5.3648   4796.554    34.9028    34.9093 0.0000e+00
   5871.668     140921   4894.000     2.5645     2.5660   3.311038   3.311721   49.00510  -16.50184     5.2397     5.3662   4797.524    34.9028    34.9093 0.0000e+00
   5873.549     140966   4895.000     2.5646     2.5661   3.311082   3.311765   49.00510  -16.50184     5.2421     5.3638   4798.494    34.9029    34.9093 0.0000e+00
   5875.386     141010   4896.000     2.5647     2.5663   3.311125   3.311810   49.00510  -16.50184     5.2458     5.3654   4799.463    34.9029    34.9093 0.0000e+00
   5877.299     141056   4897.000     2.5648     2.5664   3.311166   3.311859   49.00510  -16.50184     5.2372     5.3661   4800.433    34.9028    34.9094 0.0000e+00
   5879.314     141105   4898.000     2.5650     2.5665   3.311213   3.311902   49.00510  -16.50184     5.2494     5.3651   4801.402    34.9029    34.9094 0.0000e+00
   5881.301     141152   4899.000     2.5651     2.5667   3.311258   3.311945   49.00510  -16.50184     5.2448     5.3655   4802.372    34.9029    34.9094 0.0000e+00
   5883.223     141198   4900.000     2.5652     2.5668   3.311304   3.311988   49.00510  -16.50184     5.2395     5.3649   4803.341    34.9029    34.9094 0.0000e+00
   5885.063     141243   4901.000     2.5654     2.5669   3.311349   3.312032   49.00510  -16.50184     5.2419     5.3652   4804.311    34.9029    34.9094 0.0000e+00
   5886.931     141287   4902.000     2.5655     2.5670   3.311388   3.312075   49.00510  -16.50184     5.2434     5.3656   4805.280    34.9028    34.9094 0.0000e+00
   5888.954     141336   4903.000     2.5657     2.5672   3.311428   3.312119   49.00510  -16.50184     5.2444     5.3642   4806.250    34.9028    34.9094 0.0000e+00
   5890.992     141385   4904.000     2.5658     2.5673   3.311472   3.312164   49.00510  -16.50184     5.2406     5.3661   4807.220    34.9028    34.9094 0.0000e+00
   5892.871     141430   4905.000     2.5659     2.5674   3.311517   3.312209   49.00510  -16.50184     5.2500     5.3682   4808.189    34.9029    34.9094 0.0000e+00
   5894.710     141474   4906.000     2.5660     2.5676   3.311561   3.312251   49.00510  -16.50184     5.2356     5.3668   4809.159    34.9028    34.9094 0.0000e+00
   5896.603     141519   4907.000     2.5662     2.5677   3.311610   3.312291   49.00510  -16.50184     5.2553     5.3675   4810.128    34.9029    34.9093 0.0000e+00
   5898.570     141567   4908.000     2.5663     2.5678   3.311652   3.312335   49.00510  -16.50184     5.2403     5.3703   4811.098    34.9029    34.9093 0.0000e+00
   5900.582     141615   4909.000     2.5664     2.5680   3.311696   3.312382   49.00510  -16.50184     5.2442     5.3697   4812.067    34.9028    34.9094 0.0000e+00
   5902.548     141662   4910.000     2.5666     2.5681   3.311742   3.312426   49.00510  -16.50184     5.2387     5.3655   4813.037    34.9029    34.9093 0.0000e+00
   5904.411     141707   4911.000     2.5667     2.5683   3.311784   3.312466   49.00510  -16.50184     5.2500     5.3630   4814.006    34.9028    34.9093 0.0000e+00
   5906.251     141751   4912.000     2.5668     2.5684   3.311827   3.312510   49.00510  -16.50184     5.2346     5.3642   4814.976    34.9028    34.9092 0.0000e+00
   5908.188     141798   4913.000     2.5670     2.5685   3.311872   3.312554   49.00510  -16.50184     5.2459     5.3666   4815.945    34.9029    34.9093 0.0000e+00
   5910.185     141845   4914.000     2.5671     2.5687   3.311917   3.312597   49.00510  -16.50184     5.2462     5.3680   4816.915    34.9029    34.9093 0.0000e+00
   5912.104     141892   4915.000     2.5672     2.5688   3.311959   3.312643   49.00510  -16.50185     5.2403     5.3664   4817.884    34.9029    34.9093 0.0000e+00
