Data_example/SBE_Data_Processed/JC231/SeaBird/Data/Processed/JC231_CTD_006cfaldb.cnv
* Sea-Bird SBE 9 Data File:
* FileName = C:\Users\sandm\Documents\Cruises\JC231\CTD Data\CTD Raw Data\JC231_CTD_006.hex
* Software Version Seasave V 7.26.7.121
* Temperature SN = 5700
* Conductivity SN = 2164
* Number of Bytes Per Scan = 41
* Number of Voltage Words = 4
* Number of Scans Averaged by the Deck Unit = 1
* NMEA Latitude = 48 59.89 N
* NMEA Longitude = 016 27.00 W
* NMEA UTC (Time) = May 10 2022  15:27:45
* NMEA baud rate = 9600
** Ship: RRS James Cook
** Cruise: JC231
** Cast: 006
** Event:
** Station:
** Julian Day: 130
** Time (GMT): 15:30
** Latitude: 48 59.892' N
** Longitude: 16 27.004' W
** Depth (uncorrected m): 4806m
** Principal Scientist: Dr Susan Hartman
** Operator:  TP / JG
# nquan = 15
# nvalues = 2026                        
# units = specified
# name 0 = timeS: Time, Elapsed [seconds]
# name 1 = scan: Scan Count
# name 2 = prDM: Pressure, Digiquartz [db]
# name 3 = t090C: Temperature [ITS-90, deg C]
# name 4 = t190C: Temperature, 2 [ITS-90, deg C]
# name 5 = c0S/m: Conductivity [S/m]
# name 6 = c1S/m: Conductivity, 2 [S/m]
# name 7 = latitude: Latitude [deg]
# name 8 = longitude: Longitude [deg]
# name 9 = sbeox0ML/L: Oxygen, SBE 43 [ml/l]
# name 10 = sbeox1ML/L: Oxygen, SBE 43, 2 [ml/l]
# name 11 = depSM: Depth [salt water, m], lat = 48.9982
# name 12 = sal00: Salinity, Practical [PSU]
# name 13 = sal11: Salinity, Practical, 2 [PSU]
# name 14 = flag: flag
# span 0 =    687.209,   6515.422       
# span 1 =      16494,     156371       
# span 2 =      1.000,   1014.000       
# span 3 =     7.4803,    13.9105       
# span 4 =     7.4847,    13.9136       
# span 5 =   3.643881,   4.247297       
# span 6 =   3.644501,   4.247864       
# span 7 =   48.99794,   49.00697       
# span 8 =  -16.45956,  -16.45001       
# span 9 =     4.1729,     5.9313       
# span 10 =     4.2432,     6.0029      
# span 11 =      0.991,   1002.950      
# span 12 =    30.5994,    35.6839      
# span 13 =    33.4187,    35.6882      
# span 14 = 0.0000e+00, 0.0000e+00      
# interval = decibars: 1                
# start_time = May 10 2022 15:27:47 [System UTC, first data scan.]
# bad_flag = -9.990e-29
*END*
[from data line 1446]
   4919.722     118074    581.000    10.3799    10.3868   3.912373   3.913580   48.99796  -16.45456     4.6972     4.7754    575.265    35.4194    35.4249 0.0000e+00
   4920.710     118098    580.000    10.3829    10.3888   3.912673   3.913758   48.99797  -16.45457     4.6991     4.7771    574.276    35.4199    35.4252 0.0000e+00
   4921.713     118122    579.000    10.3853    10.3918   3.912906   3.913965   48.99798  -16.45458     4.7001     4.7762    573.287    35.4204    35.4248 0.0000e+00
   4922.714     118146    578.000    10.3880    10.3979   3.913117   3.914385   48.99798  -16.45458     4.7019     4.7766    572.298    35.4203    35.4235 0.0000e+00
   4923.704     118170    577.000    10.3926    10.4084   3.913436   3.915267   48.99798  -16.45458     4.7041     4.7822    571.310    35.4196    35.4227 0.0000e+00
   4924.694     118194    576.000    10.4005    10.4181   3.914062   3.916345   48.99798  -16.45458     4.7078     4.7933    570.321    35.4187    35.4246 0.0000e+00
   4925.700     118218    575.000    10.4087    10.4243   3.914929   3.917098   48.99797  -16.45458     4.7158     4.8087    569.332    35.4199    35.4267 0.0000e+00
   4926.719     118242    574.000    10.4158    10.4281   3.915658   3.917530   48.99796  -16.45458     4.7274     4.8213    568.343    35.4209    35.4279 0.0000e+00
   4927.733     118267    573.000    10.4219    10.4309   3.916310   3.917786   48.99796  -16.45457     4.7378     4.8279    567.354    35.4220    35.4282 0.0000e+00
   4928.729     118290    572.000    10.4259    10.4334   3.916756   3.917980   48.99796  -16.45457     4.7461     4.8334    566.366    35.4230    35.4282 0.0000e+00
   4929.707     118314    571.000    10.4289    10.4362   3.917034   3.918158   48.99796  -16.45456     4.7559     4.8366    565.377    35.4233    35.4277 0.0000e+00
   4930.675     118337    570.000    10.4319    10.4403   3.917261   3.918399   48.99796  -16.45456     4.7650     4.8405    564.388    35.4233    35.4266 0.0000e+00
   4931.637     118360    569.000    10.4354    10.4462   3.917496   3.918822   48.99796  -16.45457     4.7725     4.8487    563.399    35.4226    35.4256 0.0000e+00
   4932.586     118383    568.000    10.4401    10.4529   3.917809   3.919437   48.99796  -16.45458     4.7803     4.8574    562.410    35.4217    35.4257 0.0000e+00
   4933.525     118406    567.000    10.4461    10.4584   3.918291   3.920032   48.99797  -16.45459     4.7858     4.8583    561.422    35.4212    35.4268 0.0000e+00
   4934.470     118428    566.000    10.4521    10.4623   3.918877   3.920472   48.99797  -16.45460     4.7897     4.8513    560.433    35.4218    35.4280 0.0000e+00
   4935.449     118452    565.000    10.4567    10.4652   3.919401   3.920785   48.99797  -16.45460     4.7936     4.8502    559.444    35.4231    35.4288 0.0000e+00
   4936.472     118476    564.000    10.4600    10.4676   3.919756   3.921019   48.99797  -16.45460     4.7953     4.8592    558.455    35.4239    35.4292 0.0000e+00
   4937.527     118502    563.000    10.4628    10.4706   3.920036   3.921268   48.99796  -16.45460     4.7936     4.8650    557.466    35.4244    35.4293 0.0000e+00
   4938.581     118527    562.000    10.4660    10.4736   3.920295   3.921542   48.99796  -16.45460     4.7921     4.8651    556.478    35.4244    35.4296 0.0000e+00
   4939.603     118551    561.000    10.4695    10.4756   3.920603   3.921723   48.99796  -16.45460     4.7938     4.8653    555.489    35.4246    35.4299 0.0000e+00
   4940.589     118575    560.000    10.4723    10.4776   3.920876   3.921849   48.99796  -16.45460     4.7987     4.8680    554.500    35.4250    35.4297 0.0000e+00
   4941.552     118598    559.000    10.4746    10.4792   3.921064   3.921958   48.99796  -16.45460     4.8044     4.8692    553.511    35.4251    35.4297 0.0000e+00
   4942.510     118621    558.000    10.4767    10.4803   3.921214   3.922010   48.99796  -16.45460     4.8071     4.8686    552.522    35.4250    35.4297 0.0000e+00
   4943.471     118644    557.000    10.4780    10.4807   3.921304   3.921989   48.99796  -16.45461     4.8052     4.8687    551.533    35.4251    35.4295 0.0000e+00
   4944.439     118668    556.000    10.4786    10.4815   3.921309   3.921922   48.99796  -16.45462     4.8023     4.8719    550.544    35.4251    35.4284 0.0000e+00
   4945.416     118691    555.000    10.4791    10.4851   3.921260   3.922020   48.99796  -16.45462     4.8013     4.8787    549.556    35.4246    35.4264 0.0000e+00
   4946.396     118715    554.000    10.4809    10.4924   3.921258   3.922514   48.99796  -16.45463     4.8026     4.8888    548.567    35.4233    35.4248 0.0000e+00
   4947.378     118738    553.000    10.4855    10.5006   3.921485   3.923260   48.99796  -16.45463     4.8081     4.8975    547.578    35.4215    35.4248 0.0000e+00
   4948.369     118762    552.000    10.4921    10.5078   3.922011   3.923984   48.99796  -16.45464     4.8169     4.9024    546.589    35.4209    35.4256 0.0000e+00
   4949.374     118786    551.000    10.4989    10.5126   3.922619   3.924537   48.99796  -16.45464     4.8249     4.9046    545.600    35.4209    35.4269 0.0000e+00
   4950.393     118810    550.000    10.5052    10.5153   3.923242   3.924844   48.99796  -16.45464     4.8291     4.9046    544.611    35.4215    35.4279 0.0000e+00
   4951.412     118835    549.000    10.5095    10.5171   3.923710   3.925000   48.99796  -16.45464     4.8318     4.9039    543.622    35.4225    35.4282 0.0000e+00
   4952.415     118859    548.000    10.5124    10.5194   3.924007   3.925156   48.99796  -16.45464     4.8342     4.9053    542.633    35.4232    35.4279 0.0000e+00
   4953.405     118883    547.000    10.5149    10.5234   3.924220   3.925438   48.99796  -16.45465     4.8352     4.9100    541.644    35.4233    35.4274 0.0000e+00
   4954.396     118906    546.000    10.5182    10.5279   3.924472   3.925833   48.99796  -16.45465     4.8373     4.9144    540.656    35.4231    35.4275 0.0000e+00
   4955.397     118931    545.000    10.5225    10.5313   3.924817   3.926164   48.99796  -16.45466     4.8408     4.9138    539.667    35.4229    35.4279 0.0000e+00
   4956.402     118955    544.000    10.5263    10.5338   3.925171   3.926373   48.99796  -16.45466     4.8443     4.9126    538.678    35.4232    35.4280 0.0000e+00
   4957.403     118979    543.000    10.5295    10.5361   3.925449   3.926532   48.99796  -16.45466     4.8470     4.9157    537.689    35.4234    35.4279 0.0000e+00
   4958.393     119002    542.000    10.5319    10.5382   3.925657   3.926680   48.99796  -16.45466     4.8508     4.9232    536.700    35.4235    35.4278 0.0000e+00
   4959.363     119026    541.000    10.5343    10.5397   3.925814   3.926799   48.99797  -16.45467     4.8544     4.9300    535.711    35.4233    35.4280 0.0000e+00
   4960.318     119049    540.000    10.5367    10.5405   3.925994   3.926848   48.99797  -16.45467     4.8568     4.9330    534.722    35.4232    35.4281 0.0000e+00
   4961.277     119072    539.000    10.5381    10.5411   3.926110   3.926857   48.99798  -16.45468     4.8607     4.9322    533.733    35.4235    35.4281 0.0000e+00
   4962.257     119095    538.000    10.5389    10.5422   3.926157   3.926878   48.99798  -16.45468     4.8674     4.9329    532.744    35.4236    35.4276 0.0000e+00
   4963.265     119119    537.000    10.5397    10.5446   3.926176   3.926987   48.99797  -16.45468     4.8717     4.9332    531.755    35.4234    35.4269 0.0000e+00
   4964.285     119144    536.000    10.5412    10.5476   3.926226   3.927191   48.99797  -16.45468     4.8714     4.9318    530.766    35.4229    35.4265 0.0000e+00
   4965.298     119168    535.000    10.5436    10.5503   3.926351   3.927388   48.99796  -16.45468     4.8693     4.9288    529.777    35.4224    35.4263 0.0000e+00
   4966.296     119192    534.000    10.5464    10.5519   3.926534   3.927507   48.99796  -16.45469     4.8643     4.9223    528.788    35.4220    35.4264 0.0000e+00
   4967.283     119216    533.000    10.5486    10.5529   3.926700   3.927557   48.99796  -16.45469     4.8558     4.9160    527.799    35.4219    35.4264 0.0000e+00
   4968.277     119240    532.000    10.5499    10.5539   3.926795   3.927595   48.99796  -16.45470     4.8474     4.9158    526.810    35.4221    35.4262 0.0000e+00
   4969.280     119264    531.000    10.5510    10.5553   3.926843   3.927664   48.99796  -16.45470     4.8443     4.9166    525.821    35.4219    35.4261 0.0000e+00
   4970.279     119288    530.000    10.5522    10.5564   3.926899   3.927734   48.99796  -16.45470     4.8454     4.9167    524.832    35.4217    35.4262 0.0000e+00
   4971.261     119311    529.000    10.5535    10.5574   3.926967   3.927776   48.99796  -16.45470     4.8509     4.9203    523.843    35.4216    35.4260 0.0000e+00
   4972.232     119335    528.000    10.5548    10.5594   3.927031   3.927871   48.99797  -16.45470     4.8579     4.9215    522.854    35.4215    35.4255 0.0000e+00
   4973.205     119358    527.000    10.5565    10.5628   3.927120   3.928097   48.99796  -16.45470     4.8621     4.9242    521.865    35.4212    35.4249 0.0000e+00
   4974.188     119382    526.000    10.5591    10.5677   3.927291   3.928457   48.99796  -16.45470     4.8631     4.9310    520.876    35.4208    35.4243 0.0000e+00
   4975.180     119405    525.000    10.5628    10.5740   3.927551   3.928979   48.99796  -16.45470     4.8639     4.9392    519.887    35.4203    35.4239 0.0000e+00
   4976.179     119429    524.000    10.5679    10.5803   3.927942   3.929555   48.99796  -16.45470     4.8632     4.9477    518.898    35.4197    35.4240 0.0000e+00
   4977.177     119453    523.000    10.5737    10.5859   3.928433   3.930083   48.99796  -16.45471     4.8642     4.9541    517.909    35.4195    35.4243 0.0000e+00
   4978.169     119477    522.000    10.5799    10.5913   3.928969   3.930546   48.99796  -16.45472     4.8720     4.9587    516.920    35.4194    35.4242 0.0000e+00
   4979.159     119501    521.000    10.5853    10.5969   3.929482   3.931037   48.99797  -16.45472     4.8812     4.9613    515.931    35.4198    35.4242 0.0000e+00
   4980.146     119525    520.000    10.5903    10.6016   3.929932   3.931498   48.99798  -16.45472     4.8851     4.9658    514.942    35.4199    35.4248 0.0000e+00
   4981.136     119548    519.000    10.5954    10.6055   3.930376   3.931852   48.99798  -16.45472     4.8880     4.9724    513.953    35.4199    35.4250 0.0000e+00
   4982.132     119572    518.000    10.5999    10.6098   3.930798   3.932218   48.99798  -16.45472     4.8944     4.9772    512.964    35.4202    35.4249 0.0000e+00
   4983.128     119596    517.000    10.6042    10.6143   3.931177   3.932644   48.99798  -16.45472     4.9030     4.9773    511.975    35.4203    35.4254 0.0000e+00
   4984.118     119620    516.000    10.6086    10.6184   3.931573   3.933035   48.99798  -16.45471     4.9077     4.9732    510.986    35.4205    35.4257 0.0000e+00
   4985.097     119643    515.000    10.6129    10.6234   3.931975   3.933461   48.99798  -16.45470     4.9083     4.9715    509.997    35.4209    35.4257 0.0000e+00
   4986.068     119667    514.000    10.6172    10.6302   3.932362   3.934053   48.99798  -16.45470     4.9064     4.9774    509.008    35.4211    35.4255 0.0000e+00
   4987.037     119690    513.000    10.6227    10.6399   3.932841   3.934887   48.99798  -16.45470     4.9068     4.9840    508.019    35.4209    35.4250 0.0000e+00
   4988.015     119713    512.000    10.6307    10.6531   3.933519   3.936129   48.99798  -16.45471     4.9094     4.9903    507.030    35.4205    35.4251 0.0000e+00
   4989.002     119737    511.000    10.6419    10.6641   3.934519   3.937443   48.99798  -16.45472     4.9128     4.9971    506.041    35.4202    35.4281 0.0000e+00
   4989.986     119761    510.000    10.6538    10.6707   3.935767   3.938264   48.99798  -16.45473     4.9185     5.0026    505.052    35.4217    35.4305 0.0000e+00
   4990.956     119784    509.000    10.6626    10.6742   3.936806   3.938694   48.99798  -16.45474     4.9252     5.0055    504.063    35.4241    35.4319 0.0000e+00
   4991.919     119807    508.000    10.6682    10.6757   3.937500   3.938871   48.99798  -16.45474     4.9300     5.0047    503.073    35.4261    35.4326 0.0000e+00
   4992.905     119831    507.000    10.6715    10.6760   3.937899   3.938862   48.99798  -16.45474     4.9330     4.9995    502.084    35.4273    35.4327 0.0000e+00
   4993.933     119855    506.000    10.6732    10.6765   3.938080   3.938832   48.99798  -16.45473     4.9354     5.0000    501.095    35.4280    35.4324 0.0000e+00
   4994.977     119880    505.000    10.6742    10.6774   3.938133   3.938867   48.99798  -16.45472     4.9354     5.0079    500.106    35.4280    35.4323 0.0000e+00
   4995.997     119905    504.000    10.6752    10.6786   3.938173   3.938937   48.99798  -16.45471     4.9363     5.0105    499.117    35.4279    35.4322 0.0000e+00
   4996.984     119929    503.000    10.6764    10.6810   3.938239   3.939103   48.99798  -16.45470     4.9381     5.0091    498.128    35.4278    35.4321 0.0000e+00
   4997.956     119952    502.000    10.6782    10.6841   3.938359   3.939370   48.99798  -16.45470     4.9391     5.0126    497.139    35.4277    35.4322 0.0000e+00
   4998.917     119975    501.000    10.6809    10.6876   3.938557   3.939690   48.99798  -16.45470     4.9403     5.0182    496.150    35.4276    35.4324 0.0000e+00
   4999.860     119998    500.000    10.6842    10.6917   3.938841   3.940036   48.99798  -16.45471     4.9423     5.0207    495.161    35.4277    35.4324 0.0000e+00
   5000.786     120020    499.000    10.6878    10.6975   3.939165   3.940503   48.99798  -16.45472     4.9442     5.0224    494.171    35.4279    35.4319 0.0000e+00
   5001.723     120042    498.000    10.6923    10.7043   3.939551   3.941165   48.99798  -16.45472     4.9447     5.0287    493.182    35.4278    35.4324 0.0000e+00
   5002.695     120066    497.000    10.6976    10.7102   3.940049   3.941788   48.99798  -16.45472     4.9474     5.0390    492.193    35.4282    35.4335 0.0000e+00
   5003.705     120090    496.000    10.7033    10.7144   3.940592   3.942254   48.99798  -16.45472     4.9555     5.0497    491.204    35.4286    35.4345 0.0000e+00
   5004.738     120115    495.000    10.7084    10.7176   3.941115   3.942568   48.99798  -16.45472     4.9703     5.0572    490.215    35.4293    35.4351 0.0000e+00
   5005.774     120140    494.000    10.7129    10.7208   3.941565   3.942829   48.99798  -16.45472     4.9866     5.0640    489.226    35.4299    35.4350 0.0000e+00
   5006.791     120164    493.000    10.7166    10.7249   3.941909   3.943167   48.99798  -16.45472     4.9979     5.0688    488.237    35.4303    35.4349 0.0000e+00
   5007.781     120188    492.000    10.7205    10.7297   3.942236   3.943598   48.99798  -16.45471     5.0045     5.0695    487.247    35.4302    35.4350 0.0000e+00
   5008.749     120211    491.000    10.7251    10.7340   3.942629   3.944026   48.99798  -16.45471     5.0094     5.0718    486.258    35.4302    35.4356 0.0000e+00
   5009.711     120234    490.000    10.7295    10.7378   3.943060   3.944392   48.99798  -16.45470     5.0106     5.0745    485.269    35.4308    35.4360 0.0000e+00
   5010.680     120257    489.000    10.7333    10.7416   3.943446   3.944745   48.99798  -16.45471     5.0081     5.0769    484.280    35.4313    35.4364 0.0000e+00
   5011.657     120281    488.000    10.7370    10.7446   3.943787   3.945047   48.99798  -16.45472     5.0063     5.0785    483.291    35.4317    35.4370 0.0000e+00
   5012.634     120304    487.000    10.7407    10.7472   3.944126   3.945281   48.99798  -16.45472     5.0057     5.0781    482.301    35.4320    35.4373 0.0000e+00
   5013.607     120328    486.000    10.7435    10.7493   3.944416   3.945486   48.99798  -16.45472     5.0030     5.0760    481.312    35.4326    35.4377 0.0000e+00
