Data_example/SBE_Data_Processed/JC231/SeaBird/Data/Processed/JC231_CTD_007c.ros
* Sea-Bird SBE 9 Data File:
* FileName = C:\Users\sandm\Documents\Cruises\JC231\CTD Data\CTD Raw Data\JC231_CTD_007.hex
* Software Version Seasave V 7.26.7.121
* Temperature SN = 5700
* Conductivity SN = 2164
* Number of Bytes Per Scan = 41
* Number of Voltage Words = 4
* Number of Scans Averaged by the Deck Unit = 1
* NMEA Latitude = 48 56.85 N
* NMEA Longitude = 016 28.41 W
* NMEA UTC (Time) = May 11 2022  08:20:42
* NMEA baud rate = 9600
** Ship: RRS James Cook
** Cruise: JC231
** Cast: 007
** Event:
** Station:
** Julian Day: 131
** Time (GMT): 08:20
** Latitude: 48 56.853' N
** Longitude: 16 28.413' W
** Depth (uncorrected m): 4806m
** Principal Scientist: Dr Susan Hartman
** Operator:  TP / JG
# nquan = 13
# nvalues = 1176                                  
# units = specified
# name 0 = timeS: Time, Elapsed [seconds]
# name 1 = scan: Scan Count
# name 2 = prDM: Pressure, Digiquartz [db]
# name 3 = t090C: Temperature [ITS-90, deg C]
# name 4 = t190C: Temperature, 2 [ITS-90, deg C]
# name 5 = c0S/m: Conductivity [S/m]
# name 6 = c1S/m: Conductivity, 2 [S/m]
# name 7 = latitude: Latitude [deg]
# name 8 = longitude: Longitude [deg]
# name 9 = sbeox0ML/L: Oxygen, SBE 43 [ml/l]
# name 10 = sbeox1ML/L: Oxygen, SBE 43, 2 [ml/l]
# name 11 = nbf: Bottles Fired
# name 12 = flag:  0.000e+00
# interval = seconds: 0.0416667
# start_time = May 11 2022 08:20:43 [System UTC, first data scan.]
# bad_flag = -9.990e-29
*END*
[from data line 778]
  11536.125     276868   1011.641     7.3995     7.4007   3.640616   3.640985   48.94748  -16.47358     4.6335     4.6793         16  0.000e+00
  11536.167     276869   1011.750     7.3997     7.4007   3.640641   3.640997   48.94748  -16.47358     4.6296     4.6791         16  0.000e+00
  11536.208     276870   1011.641     7.3994     7.4008   3.640653   3.640966   48.94748  -16.47358     4.6336     4.6783         16  0.000e+00
  11536.250     276871   1011.750     7.3995     7.4010   3.640622   3.640972   48.94748  -16.47358     4.6337     4.6775         16  0.000e+00
  11536.292     276872   1011.696     7.3995     7.4011   3.640616   3.640960   48.94748  -16.47358     4.6294     4.6773         16  0.000e+00
  11536.333     276873   1011.641     7.3995     7.4010   3.640660   3.640960   48.94748  -16.47358     4.6289     4.6772         16  0.000e+00
  11869.958     284880    757.582     8.8324     8.8318   3.763525   3.763937   48.94748  -16.47358     4.2969     4.3258         17  0.000e+00
  11870.000     284881    757.582     8.8322     8.8318   3.763525   3.763937   48.94748  -16.47358     4.3007     4.3259         17  0.000e+00
  11870.042     284882    757.582     8.8322     8.8321   3.763519   3.763937   48.94748  -16.47358     4.2967     4.3254         17  0.000e+00
  11870.083     284883    757.582     8.8323     8.8323   3.763519   3.763905   48.94748  -16.47358     4.2963     4.3250         17  0.000e+00
  11870.125     284884    757.582     8.8324     8.8324   3.763525   3.763925   48.94748  -16.47358     4.2960     4.3250         17  0.000e+00
  11870.167     284885    757.446     8.8322     8.8327   3.763545   3.763905   48.94748  -16.47358     4.2956     4.3250         17  0.000e+00
  11870.208     284886    757.677     8.8324     8.8330   3.763551   3.763874   48.94748  -16.47358     4.2958     4.3252         17  0.000e+00
  11870.250     284887    757.473     8.8324     8.8330   3.763532   3.763918   48.94748  -16.47358     4.2954     4.3246         17  0.000e+00
  11870.292     284888    757.582     8.8321     8.8330   3.763545   3.763918   48.94748  -16.47358     4.2951     4.3247         17  0.000e+00
  11870.333     284889    757.582     8.8325     8.8333   3.763532   3.763931   48.94748  -16.47358     4.2952     4.3291         17  0.000e+00
  11870.375     284890    757.473     8.8324     8.8332   3.763493   3.763956   48.94748  -16.47358     4.2953     4.3252         17  0.000e+00
  11870.417     284891    757.650     8.8320     8.8330   3.763506   3.763944   48.94748  -16.47358     4.2910     4.3253         17  0.000e+00
  11870.458     284892    757.473     8.8322     8.8332   3.763525   3.763956   48.94748  -16.47358     4.2903     4.3252         17  0.000e+00
  11870.500     284893    757.473     8.8321     8.8335   3.763519   3.763944   48.94748  -16.47358     4.2896     4.3247         17  0.000e+00
  11870.542     284894    757.582     8.8324     8.8337   3.763519   3.763956   48.94748  -16.47358     4.2931     4.3247         17  0.000e+00
  11870.583     284895    757.582     8.8322     8.8337   3.763481   3.763969   48.94748  -16.47358     4.2888     4.3242         17  0.000e+00
  11870.625     284896    757.582     8.8322     8.8337   3.763481   3.763969   48.94748  -16.47358     4.2882     4.3242         17  0.000e+00
  11870.667     284897    757.473     8.8320     8.8335   3.763506   3.763944   48.94748  -16.47358     4.2917     4.3241         17  0.000e+00
  11870.708     284898    757.650     8.8318     8.8333   3.763481   3.763937   48.94748  -16.47358     4.2879     4.3198         17  0.000e+00
  11870.750     284899    757.582     8.8320     8.8337   3.763506   3.763956   48.94748  -16.47358     4.2877     4.3236         17  0.000e+00
  11870.792     284900    757.473     8.8317     8.8335   3.763468   3.763988   48.94750  -16.47358     4.2913     4.3236         17  0.000e+00
  11870.833     284901    757.582     8.8314     8.8333   3.763487   3.763950   48.94750  -16.47358     4.2912     4.3236         17  0.000e+00
  11870.875     284902    757.677     8.8311     8.8332   3.763461   3.763956   48.94750  -16.47358     4.2871     4.3237         17  0.000e+00
  11870.917     284903    757.473     8.8315     8.8333   3.763487   3.763944   48.94750  -16.47358     4.2905     4.3230         17  0.000e+00
  11870.958     284904    757.446     8.8316     8.8332   3.763461   3.763937   48.94750  -16.47358     4.2867     4.3181         17  0.000e+00
  11871.000     284905    757.677     8.8314     8.8332   3.763474   3.763956   48.94750  -16.47358     4.2908     4.3221         17  0.000e+00
  11871.042     284906    757.473     8.8314     8.8332   3.763448   3.763912   48.94750  -16.47358     4.2866     4.3176         17  0.000e+00
  11871.083     284907    757.582     8.8314     8.8328   3.763474   3.763975   48.94750  -16.47358     4.2862     4.3215         17  0.000e+00
  11871.125     284908    757.582     8.8315     8.8330   3.763487   3.763963   48.94750  -16.47358     4.2862     4.3215         17  0.000e+00
  11871.167     284909    757.582     8.8316     8.8332   3.763493   3.763937   48.94750  -16.47358     4.2899     4.3220         17  0.000e+00
  11871.208     284910    757.582     8.8314     8.8330   3.763461   3.763956   48.94750  -16.47358     4.2862     4.3177         17  0.000e+00
  11871.250     284911    757.541     8.8316     8.8333   3.763474   3.763969   48.94750  -16.47358     4.2862     4.3215         17  0.000e+00
  11871.292     284912    757.677     8.8316     8.8333   3.763468   3.764020   48.94750  -16.47358     4.2864     4.3222         17  0.000e+00
  11871.333     284913    757.582     8.8316     8.8335   3.763506   3.763963   48.94750  -16.47358     4.2860     4.3222         17  0.000e+00
  11871.375     284914    757.473     8.8317     8.8335   3.763493   3.764013   48.94750  -16.47358     4.2897     4.3222         17  0.000e+00
  11871.417     284915    757.582     8.8319     8.8337   3.763493   3.764007   48.94750  -16.47358     4.2899     4.3223         17  0.000e+00
  11871.458     284916    757.473     8.8317     8.8333   3.763461   3.764001   48.94750  -16.47358     4.2863     4.3223         17  0.000e+00
  11871.500     284917    757.650     8.8320     8.8337   3.763513   3.764001   48.94750  -16.47358     4.2865     4.3181         17  0.000e+00
  11871.542     284918    757.677     8.8319     8.8335   3.763519   3.764001   48.94750  -16.47358     4.2867     4.3177         17  0.000e+00
  11871.583     284919    757.473     8.8321     8.8335   3.763519   3.764001   48.94750  -16.47358     4.2905     4.3215         17  0.000e+00
  11871.625     284920    757.582     8.8322     8.8335   3.763500   3.763975   48.94750  -16.47358     4.2871     4.3217         17  0.000e+00
  11871.667     284921    757.582     8.8322     8.8335   3.763538   3.763969   48.94750  -16.47358     4.2874     4.3218         17  0.000e+00
  11871.708     284922    757.582     8.8320     8.8335   3.763500   3.763969   48.94750  -16.47358     4.2918     4.3219         17  0.000e+00
  11871.750     284923    757.582     8.8322     8.8335   3.763519   3.763969   48.94750  -16.47358     4.2924     4.3220         17  0.000e+00
  11871.792     284924    757.650     8.8323     8.8333   3.763493   3.763969   48.94750  -16.47358     4.2928     4.3222         17  0.000e+00
  11871.833     284925    757.582     8.8320     8.8330   3.763506   3.763969   48.94750  -16.47358     4.2931     4.3179         17  0.000e+00
  11871.875     284926    757.582     8.8320     8.8330   3.763525   3.763969   48.94750  -16.47358     4.2893     4.3175         17  0.000e+00
  11871.917     284927    757.473     8.8320     8.8327   3.763519   3.763944   48.94750  -16.47358     4.2892     4.3171         17  0.000e+00
  11871.958     284928    757.582     8.8317     8.8328   3.763551   3.763918   48.94750  -16.47358     4.2896     4.3212         17  0.000e+00
  12209.458     293028    503.742    10.6667    10.6704   3.937405   3.938058   48.94748  -16.47356     5.0311     5.0552         18  0.000e+00
  12209.500     293029    504.054    10.6667    10.6705   3.937405   3.938065   48.94748  -16.47356     5.0310     5.0552         18  0.000e+00
  12209.542     293030    503.959    10.6669    10.6702   3.937392   3.938097   48.94748  -16.47356     5.0272     5.0548         18  0.000e+00
  12209.583     293031    503.959    10.6671    10.6703   3.937398   3.938052   48.94748  -16.47356     5.0307     5.0546         18  0.000e+00
  12209.625     293032    504.054    10.6671    10.6705   3.937379   3.938039   48.94748  -16.47356     5.0308     5.0543         18  0.000e+00
  12209.667     293033    503.946    10.6669    10.6702   3.937392   3.938065   48.94748  -16.47356     5.0271     5.0539         18  0.000e+00
  12209.708     293034    503.647    10.6667    10.6702   3.937418   3.938019   48.94748  -16.47356     5.0305     5.0538         18  0.000e+00
  12209.750     293035    504.054    10.6671    10.6702   3.937438   3.938032   48.94748  -16.47356     5.0308     5.0542         18  0.000e+00
  12209.792     293036    503.959    10.6671    10.6705   3.937385   3.938065   48.94748  -16.47356     5.0309     5.0541         18  0.000e+00
  12209.833     293037    503.959    10.6673    10.6705   3.937392   3.938052   48.94748  -16.47356     5.0307     5.0538         18  0.000e+00
  12209.875     293038    503.959    10.6671    10.6704   3.937418   3.938039   48.94748  -16.47356     5.0272     5.0535         18  0.000e+00
  12209.917     293039    503.946    10.6669    10.6705   3.937405   3.938039   48.94748  -16.47356     5.0308     5.0571         18  0.000e+00
  12209.958     293040    503.851    10.6664    10.6702   3.937405   3.938065   48.94748  -16.47356     5.0313     5.0534         18  0.000e+00
  12210.000     293041    503.959    10.6666    10.6702   3.937405   3.938078   48.94748  -16.47356     5.0316     5.0535         18  0.000e+00
  12210.042     293042    504.054    10.6667    10.6703   3.937392   3.938045   48.94748  -16.47356     5.0319     5.0532         18  0.000e+00
  12210.083     293043    503.851    10.6667    10.6705   3.937398   3.938039   48.94748  -16.47356     5.0320     5.0526         18  0.000e+00
  12210.125     293044    503.837    10.6666    10.6704   3.937431   3.938091   48.94748  -16.47356     5.0285     5.0486         18  0.000e+00
  12210.167     293045    503.959    10.6667    10.6705   3.937425   3.938084   48.94748  -16.47356     5.0285     5.0522         18  0.000e+00
  12210.208     293046    504.054    10.6671    10.6705   3.937438   3.938123   48.94748  -16.47356     5.0323     5.0523         18  0.000e+00
  12210.250     293047    503.756    10.6669    10.6705   3.937444   3.938091   48.94748  -16.47356     5.0287     5.0521         18  0.000e+00
  12210.292     293048    503.959    10.6671    10.6704   3.937464   3.938104   48.94748  -16.47356     5.0326     5.0482         18  0.000e+00
  12210.333     293049    503.946    10.6673    10.6705   3.937490   3.938110   48.94748  -16.47356     5.0329     5.0478         18  0.000e+00
  12210.375     293050    503.959    10.6676    10.6707   3.937477   3.938110   48.94748  -16.47356     5.0333     5.0514         18  0.000e+00
  12210.417     293051    503.851    10.6676    10.6704   3.937477   3.938110   48.94748  -16.47356     5.0336     5.0514         18  0.000e+00
  12210.458     293052    504.054    10.6676    10.6705   3.937496   3.938084   48.94748  -16.47356     5.0338     5.0511         18  0.000e+00
  12210.500     293053    503.647    10.6676    10.6705   3.937470   3.938103   48.94748  -16.47356     5.0340     5.0509         18  0.000e+00
  12210.542     293054    504.040    10.6671    10.6705   3.937470   3.938084   48.94748  -16.47356     5.0344     5.0512         18  0.000e+00
  12210.583     293055    503.959    10.6676    10.6704   3.937477   3.938078   48.94748  -16.47356     5.0347     5.0511         18  0.000e+00
  12210.625     293056    503.851    10.6673    10.6704   3.937477   3.938078   48.94748  -16.47356     5.0348     5.0511         18  0.000e+00
  12210.667     293057    503.959    10.6673    10.6705   3.937490   3.938078   48.94748  -16.47356     5.0349     5.0472         18  0.000e+00
  12210.708     293058    503.851    10.6676    10.6703   3.937477   3.938045   48.94748  -16.47356     5.0312     5.0463         18  0.000e+00
  12210.750     293059    503.946    10.6674    10.6700   3.937451   3.938065   48.94748  -16.47356     5.0348     5.0456         18  0.000e+00
  12210.792     293060    503.851    10.6673    10.6702   3.937444   3.938097   48.94748  -16.47356     5.0349     5.0491         18  0.000e+00
  12210.833     293061    503.959    10.6676    10.6702   3.937451   3.938110   48.94748  -16.47356     5.0351     5.0492         18  0.000e+00
  12210.875     293062    503.959    10.6676    10.6702   3.937470   3.938058   48.94748  -16.47356     5.0393     5.0453         18  0.000e+00
  12210.917     293063    503.851    10.6674    10.6699   3.937477   3.938039   48.94748  -16.47356     5.0359     5.0449         18  0.000e+00
  12210.958     293064    503.837    10.6677    10.6704   3.937477   3.938097   48.94748  -16.47356     5.0397     5.0449         18  0.000e+00
  12211.000     293065    504.054    10.6676    10.6704   3.937516   3.938110   48.94748  -16.47356     5.0399     5.0491         18  0.000e+00
  12211.042     293066    503.756    10.6677    10.6705   3.937490   3.938129   48.94748  -16.47356     5.0364     5.0490         18  0.000e+00
  12211.083     293067    503.959    10.6676    10.6704   3.937477   3.938123   48.94748  -16.47356     5.0366     5.0457         18  0.000e+00
  12211.125     293068    503.959    10.6677    10.6707   3.937496   3.938110   48.94748  -16.47356     5.0367     5.0455         18  0.000e+00
  12211.167     293069    503.742    10.6677    10.6706   3.937470   3.938136   48.94748  -16.47356     5.0400     5.0451         18  0.000e+00
  12211.208     293070    503.959    10.6676    10.6705   3.937418   3.938091   48.94748  -16.47356     5.0406     5.0450         18  0.000e+00
  12211.250     293071    503.851    10.6676    10.6705   3.937431   3.938097   48.94748  -16.47356     5.0409     5.0447         18  0.000e+00
  12211.292     293072    503.851    10.6674    10.6705   3.937503   3.938110   48.94748  -16.47356     5.0412     5.0445         18  0.000e+00
  12211.333     293073    503.959    10.6674    10.6702   3.937431   3.938110   48.94748  -16.47356     5.0416     5.0445         18  0.000e+00
  12211.375     293074    503.945    10.6676    10.6705   3.937483   3.938084   48.94748  -16.47356     5.0419     5.0443         18  0.000e+00
  12211.417     293075    503.756    10.6677    10.6700   3.937457   3.938104   48.94748  -16.47356     5.0417     5.0441         18  0.000e+00
  12211.458     293076    503.851    10.6677    10.6702   3.937451   3.938058   48.94748  -16.47356     5.0421     5.0440         18  0.000e+00
  12604.375     302506    200.197    11.7422    11.7435   4.036394   4.036849   48.94746  -16.47354     5.6057     5.5949         19  0.000e+00
  12604.417     302507    200.386    11.7418    11.7436   4.036381   4.036869   48.94746  -16.47354     5.6063     5.5953         19  0.000e+00
  12604.458     302508    200.413    11.7419    11.7433   4.036341   4.036843   48.94746  -16.47354     5.6067     5.5956         19  0.000e+00
  12604.500     302509    200.386    11.7418    11.7434   4.036361   4.036836   48.94746  -16.47354     5.6068     5.5959         19  0.000e+00
  12604.542     302510    200.386    11.7421    11.7437   4.036374   4.036856   48.94746  -16.47354     5.6068     5.5958         19  0.000e+00
  12604.583     302511    200.291    11.7421    11.7438   4.036420   4.036843   48.94746  -16.47354     5.6034     5.5961         19  0.000e+00
