Data_example/SBE_Data_Processed/JC231/SeaBird/Data/Processed/JC231_CTD_006c.ros
* Sea-Bird SBE 9 Data File:
* FileName = C:\Users\sandm\Documents\Cruises\JC231\CTD Data\CTD Raw Data\JC231_CTD_006.hex
* Software Version Seasave V 7.26.7.121
* Temperature SN = 5700
* Conductivity SN = 2164
* Number of Bytes Per Scan = 41
* Number of Voltage Words = 4
* Number of Scans Averaged by the Deck Unit = 1
* NMEA Latitude = 48 59.89 N
* NMEA Longitude = 016 27.00 W
* NMEA UTC (Time) = May 10 2022  15:27:45
* NMEA baud rate = 9600
** Ship: RRS James Cook
** Cruise: JC231
** Cast: 006
** Event:
** Station:
** Julian Day: 130
** Time (GMT): 15:30
** Latitude: 48 59.892' N
** Longitude: 16 27.004' W
** Depth (uncorrected m): 4806m
** Principal Scientist: Dr Susan Hartman
** Operator:  TP / JG
# nquan = 13
# nvalues = 1029                                  
# units = specified
# name 0 = timeS: Time, Elapsed [seconds]
# name 1 = scan: Scan Count
# name 2 = prDM: Pressure, Digiquartz [db]
# name 3 = t090C: Temperature [ITS-90, deg C]
# name 4 = t190C: Temperature, 2 [ITS-90, deg C]
# name 5 = c0S/m: Conductivity [S/m]
# name 6 = c1S/m: Conductivity, 2 [S/m]
# name 7 = latitude: Latitude [deg]
# name 8 = longitude: Longitude [deg]
# name 9 = sbeox0ML/L: Oxygen, SBE 43 [ml/l]
# name 10 = sbeox1ML/L: Oxygen, SBE 43, 2 [ml/l]
# name 11 = nbf: Bottles Fired
# name 12 = flag:  0.000e+00
# interval = seconds: 0.0416667
# start_time = May 10 2022 15:27:47 [System UTC, first data scan.]
# bad_flag = -9.990e-29
*END*
[from data line 334]
   5148.750     123571    405.942    11.0356    11.0329   3.971378   3.971563   48.99796  -16.45482     5.1199     5.1959          7  0.000e+00
   5148.792     123572    405.847    11.0356    11.0328   3.971384   3.971557   48.99796  -16.45482     5.1202     5.1961          7  0.000e+00
   5148.833     123573    406.145    11.0356    11.0329   3.971378   3.971551   48.99796  -16.45482     5.1171     5.1926          7  0.000e+00
   5148.875     123574    405.766    11.0356    11.0328   3.971410   3.971557   48.99796  -16.45482     5.1132     5.1922          7  0.000e+00
   5148.917     123575    405.942    11.0354    11.0329   3.971358   3.971550   48.99796  -16.45482     5.1173     5.1925          7  0.000e+00
   5148.958     123576    405.847    11.0356    11.0328   3.971364   3.971550   48.99796  -16.45482     5.1135     5.1966          7  0.000e+00
   5149.000     123577    405.969    11.0358    11.0329   3.971384   3.971550   48.99796  -16.45482     5.1177     5.1973          7  0.000e+00
   5149.042     123578    405.942    11.0354    11.0329   3.971351   3.971550   48.99796  -16.45482     5.1176     5.1980          7  0.000e+00
   5149.083     123579    405.942    11.0358    11.0329   3.971351   3.971589   48.99796  -16.45482     5.1176     5.1986          7  0.000e+00
   5170.583     124095    405.767    11.0376    11.0347   3.971528   3.971693   48.99796  -16.45486     5.1174     5.1931          8  0.000e+00
   5170.625     124096    406.160    11.0374    11.0345   3.971561   3.971648   48.99796  -16.45486     5.1188     5.1975          8  0.000e+00
   5170.667     124097    405.984    11.0372    11.0347   3.971541   3.971654   48.99796  -16.45486     5.1192     5.1980          8  0.000e+00
   5170.708     124098    405.862    11.0377    11.0344   3.971541   3.971661   48.99796  -16.45486     5.1196     5.1985          8  0.000e+00
   5170.750     124099    405.862    11.0374    11.0345   3.971528   3.971628   48.99796  -16.45486     5.1202     5.1987          8  0.000e+00
   5170.792     124100    405.957    11.0377    11.0343   3.971567   3.971674   48.99796  -16.45486     5.1213     5.1950          8  0.000e+00
   5170.833     124101    406.092    11.0377    11.0342   3.971580   3.971674   48.99796  -16.45486     5.1179     5.1988          8  0.000e+00
   5170.875     124102    405.862    11.0376    11.0343   3.971593   3.971661   48.99796  -16.45486     5.1219     5.1988          8  0.000e+00
   5170.917     124103    405.957    11.0377    11.0343   3.971580   3.971680   48.99796  -16.45486     5.1220     5.2029          8  0.000e+00
   5170.958     124104    405.984    11.0374    11.0342   3.971567   3.971667   48.99796  -16.45486     5.1226     5.2000          8  0.000e+00
   5171.000     124105    405.862    11.0377    11.0341   3.971574   3.971680   48.99796  -16.45486     5.1231     5.1965          8  0.000e+00
   5171.042     124106    406.065    11.0374    11.0343   3.971567   3.971648   48.99796  -16.45486     5.1232     5.1968          8  0.000e+00
   5171.083     124107    406.065    11.0374    11.0343   3.971574   3.971654   48.99796  -16.45486     5.1197     5.2004          8  0.000e+00
   5171.125     124108    405.889    11.0374    11.0341   3.971580   3.971661   48.99796  -16.45486     5.1232     5.1966          8  0.000e+00
   5171.167     124109    406.066    11.0376    11.0342   3.971594   3.971661   48.99796  -16.45486     5.1279     5.1964          8  0.000e+00
   5171.208     124110    405.957    11.0374    11.0342   3.971580   3.971693   48.99796  -16.45486     5.1242     5.1961          8  0.000e+00
   5171.250     124111    405.984    11.0374    11.0344   3.971541   3.971667   48.99796  -16.45486     5.1242     5.1958          8  0.000e+00
   5171.292     124112    405.957    11.0374    11.0345   3.971541   3.971661   48.99796  -16.45486     5.1247     5.1955          8  0.000e+00
   5171.333     124113    405.863    11.0374    11.0343   3.971548   3.971661   48.99796  -16.45486     5.1287     5.1991          8  0.000e+00
   5171.375     124114    406.066    11.0376    11.0341   3.971528   3.971628   48.99796  -16.45486     5.1292     5.1955          8  0.000e+00
   5171.417     124115    405.890    11.0374    11.0342   3.971541   3.971661   48.99796  -16.45486     5.1254     5.1951          8  0.000e+00
   5171.458     124116    405.957    11.0376    11.0342   3.971587   3.971635   48.99796  -16.45486     5.1252     5.1949          8  0.000e+00
   5171.500     124117    406.161    11.0372    11.0343   3.971561   3.971648   48.99796  -16.45486     5.1252     5.1947          8  0.000e+00
   5171.542     124118    405.890    11.0374    11.0342   3.971548   3.971661   48.99796  -16.45486     5.1248     5.1982          8  0.000e+00
   5171.583     124119    405.957    11.0372    11.0345   3.971561   3.971693   48.99796  -16.45486     5.1251     5.1983          8  0.000e+00
   5171.625     124120    405.958    11.0374    11.0345   3.971528   3.971693   48.99796  -16.45486     5.1290     5.1945          8  0.000e+00
   5171.667     124121    405.958    11.0374    11.0346   3.971522   3.971693   48.99796  -16.45486     5.1292     5.1945          8  0.000e+00
   5171.708     124122    405.985    11.0372    11.0349   3.971515   3.971745   48.99796  -16.45486     5.1294     5.1903          8  0.000e+00
   5171.750     124123    405.863    11.0371    11.0347   3.971561   3.971732   48.99796  -16.45486     5.1254     5.1935          8  0.000e+00
   5171.792     124124    406.066    11.0372    11.0349   3.971541   3.971706   48.99796  -16.45486     5.1252     5.1934          8  0.000e+00
   5171.833     124125    406.066    11.0374    11.0350   3.971541   3.971719   48.99796  -16.45486     5.1288     5.1931          8  0.000e+00
   5171.875     124126    405.782    11.0374    11.0350   3.971528   3.971726   48.99796  -16.45486     5.1292     5.1926          8  0.000e+00
   5171.917     124127    406.066    11.0372    11.0352   3.971567   3.971700   48.99796  -16.45486     5.1254     5.1886          8  0.000e+00
   5171.958     124128    405.958    11.0372    11.0353   3.971528   3.971648   48.99796  -16.45486     5.1295     5.1879          8  0.000e+00
   5172.000     124129    405.890    11.0374    11.0347   3.971521   3.971654   48.99796  -16.45486     5.1253     5.1912          8  0.000e+00
   5172.042     124130    406.066    11.0372    11.0345   3.971541   3.971628   48.99796  -16.45486     5.1249     5.1872          8  0.000e+00
   5172.083     124131    405.958    11.0372    11.0344   3.971528   3.971648   48.99796  -16.45486     5.1243     5.1865          8  0.000e+00
   5172.125     124132    405.863    11.0374    11.0336   3.971541   3.971628   48.99796  -16.45486     5.1241     5.1859          8  0.000e+00
   5172.167     124133    406.093    11.0372    11.0340   3.971561   3.971661   48.99796  -16.45486     5.1237     5.1854          8  0.000e+00
   5172.208     124134    405.863    11.0372    11.0339   3.971574   3.971661   48.99796  -16.45486     5.1230     5.1847          8  0.000e+00
   5172.250     124135    405.958    11.0372    11.0338   3.971554   3.971661   48.99796  -16.45486     5.1229     5.1807          8  0.000e+00
   5172.292     124136    405.985    11.0374    11.0336   3.971561   3.971661   48.99796  -16.45486     5.1228     5.1803          8  0.000e+00
   5172.333     124137    406.066    11.0372    11.0338   3.971548   3.971641   48.99796  -16.45486     5.1269     5.1834          8  0.000e+00
   5172.375     124138    405.863    11.0371    11.0339   3.971561   3.971622   48.99796  -16.45486     5.1226     5.1832          8  0.000e+00
   5172.417     124139    406.066    11.0372    11.0338   3.971548   3.971674   48.99796  -16.45486     5.1267     5.1833          8  0.000e+00
   5172.458     124140    405.985    11.0371    11.0340   3.971548   3.971667   48.99796  -16.45486     5.1270     5.1829          8  0.000e+00
   5172.500     124141    405.958    11.0371    11.0342   3.971587   3.971661   48.99796  -16.45486     5.1268     5.1829          8  0.000e+00
   5172.542     124142    406.066    11.0372    11.0342   3.971508   3.971667   48.99796  -16.45486     5.1231     5.1787          8  0.000e+00
   5172.583     124143    405.958    11.0371    11.0345   3.971541   3.971687   48.99796  -16.45486     5.1263     5.1780          8  0.000e+00
   5402.958     129672    254.326    11.5682    11.5677   4.019975   4.020393   48.99796  -16.45522     5.4233     5.4914          9  0.000e+00
   5403.000     129673    254.043    11.5678    11.5676   4.019968   4.020341   48.99796  -16.45522     5.4199     5.4878          9  0.000e+00
   5403.042     129674    254.327    11.5680    11.5676   4.019968   4.020347   48.99796  -16.45522     5.4237     5.4880          9  0.000e+00
   5403.083     129675    254.124    11.5682    11.5674   4.019988   4.020334   48.99796  -16.45522     5.4202     5.4879          9  0.000e+00
   5403.125     129676    254.029    11.5685    11.5674   4.020001   4.020295   48.99796  -16.45522     5.4203     5.4880          9  0.000e+00
   5403.167     129677    254.327    11.5685    11.5674   4.020001   4.020308   48.99796  -16.45522     5.4203     5.4883          9  0.000e+00
   5403.208     129678    254.029    11.5686    11.5670   4.020001   4.020269   48.99796  -16.45522     5.4242     5.4883          9  0.000e+00
   5403.250     129679    254.124    11.5683    11.5669   4.020001   4.020302   48.99796  -16.45522     5.4250     5.4882          9  0.000e+00
   5403.292     129680    254.124    11.5685    11.5670   4.020001   4.020269   48.99796  -16.45522     5.4252     5.4885          9  0.000e+00
   5403.333     129681    254.232    11.5690    11.5669   4.019975   4.020275   48.99796  -16.45522     5.4254     5.4885          9  0.000e+00
   5403.375     129682    254.124    11.5693    11.5669   4.019968   4.020262   48.99796  -16.45522     5.4255     5.4888          9  0.000e+00
   5403.417     129683    254.137    11.5686    11.5669   4.019968   4.020256   48.99796  -16.45522     5.4257     5.4888          9  0.000e+00
   5403.458     129684    254.232    11.5686    11.5667   4.019968   4.020223   48.99796  -16.45522     5.4303     5.4889          9  0.000e+00
   5403.500     129685    254.029    11.5682    11.5666   4.019968   4.020243   48.99796  -16.45522     5.4313     5.4892          9  0.000e+00
   5403.542     129686    254.232    11.5680    11.5667   4.020014   4.020275   48.99796  -16.45522     5.4325     5.4894          9  0.000e+00
   5403.583     129687    254.124    11.5683    11.5667   4.019981   4.020288   48.99796  -16.45522     5.4290     5.4898          9  0.000e+00
   5403.625     129688    254.124    11.5682    11.5666   4.019968   4.020230   48.99796  -16.45522     5.4295     5.4938          9  0.000e+00
   5403.667     129689    254.232    11.5682    11.5669   4.019935   4.020269   48.99796  -16.45522     5.4296     5.4944          9  0.000e+00
   5403.708     129690    254.124    11.5682    11.5670   4.019955   4.020288   48.99796  -16.45522     5.4296     5.4948          9  0.000e+00
   5403.750     129691    254.232    11.5683    11.5672   4.019988   4.020315   48.99796  -16.45522     5.4296     5.4955          9  0.000e+00
   5403.792     129692    254.138    11.5683    11.5670   4.019975   4.020328   48.99796  -16.45522     5.4256     5.4960          9  0.000e+00
   5403.833     129693    254.124    11.5680    11.5674   4.019988   4.020321   48.99796  -16.45522     5.4291     5.4928          9  0.000e+00
   5403.875     129694    254.124    11.5683    11.5674   4.019975   4.020321   48.99796  -16.45522     5.4295     5.4931          9  0.000e+00
   5403.917     129695    254.233    11.5680    11.5670   4.019968   4.020347   48.99796  -16.45522     5.4296     5.4973          9  0.000e+00
   5403.958     129696    254.124    11.5680    11.5674   4.019968   4.020302   48.99796  -16.45524     5.4294     5.4975          9  0.000e+00
   5404.000     129697    254.233    11.5678    11.5674   4.019968   4.020289   48.99796  -16.45524     5.4334     5.4979          9  0.000e+00
   5404.042     129698    254.124    11.5677    11.5670   4.019968   4.020341   48.99796  -16.45524     5.4297     5.4981          9  0.000e+00
   5404.083     129699    254.125    11.5677    11.5672   4.019968   4.020302   48.99796  -16.45524     5.4335     5.4985          9  0.000e+00
   5404.125     129700    254.233    11.5673    11.5670   4.019909   4.020308   48.99796  -16.45524     5.4300     5.4989          9  0.000e+00
   5404.167     129701    254.138    11.5672    11.5669   4.019922   4.020295   48.99796  -16.45524     5.4337     5.5032          9  0.000e+00
   5404.208     129702    254.125    11.5672    11.5667   4.019929   4.020288   48.99796  -16.45524     5.4300     5.5039          9  0.000e+00
   5404.250     129703    254.125    11.5670    11.5672   4.019902   4.020288   48.99796  -16.45524     5.4337     5.5049          9  0.000e+00
   5404.292     129704    254.233    11.5669    11.5670   4.019916   4.020308   48.99796  -16.45524     5.4340     5.5056          9  0.000e+00
   5404.333     129705    254.125    11.5670    11.5670   4.019929   4.020295   48.99796  -16.45524     5.4301     5.5062          9  0.000e+00
   5404.375     129706    254.125    11.5665    11.5670   4.019929   4.020288   48.99796  -16.45524     5.4337     5.5068          9  0.000e+00
   5404.417     129707    254.125    11.5667    11.5672   4.019902   4.020288   48.99796  -16.45524     5.4338     5.5074          9  0.000e+00
   5404.458     129708    254.125    11.5667    11.5670   4.019896   4.020288   48.99796  -16.45524     5.4338     5.5080          9  0.000e+00
   5404.500     129709    254.125    11.5665    11.5669   4.019869   4.020262   48.99796  -16.45524     5.4338     5.5086          9  0.000e+00
   5404.542     129710    254.233    11.5665    11.5670   4.019863   4.020230   48.99796  -16.45524     5.4344     5.5093          9  0.000e+00
   5404.583     129711    254.044    11.5665    11.5669   4.019830   4.020269   48.99796  -16.45524     5.4342     5.5093          9  0.000e+00
   5404.625     129712    254.233    11.5667    11.5670   4.019823   4.020289   48.99796  -16.45524     5.4342     5.5096          9  0.000e+00
   5404.667     129713    254.125    11.5663    11.5669   4.019850   4.020288   48.99796  -16.45524     5.4306     5.5096          9  0.000e+00
   5404.708     129714    254.125    11.5662    11.5669   4.019830   4.020288   48.99796  -16.45524     5.4344     5.5101          9  0.000e+00
   5404.750     129715    254.233    11.5662    11.5669   4.019823   4.020315   48.99796  -16.45524     5.4343     5.5106          9  0.000e+00
   5404.792     129716    254.233    11.5659    11.5669   4.019797   4.020321   48.99796  -16.45524     5.4342     5.5111          9  0.000e+00
   5404.833     129717    253.922    11.5659    11.5672   4.019764   4.020295   48.99796  -16.45524     5.4342     5.5112          9  0.000e+00
   5404.875     129718    254.328    11.5659    11.5672   4.019777   4.020289   48.99796  -16.45524     5.4303     5.5115          9  0.000e+00
   5404.917     129719    254.030    11.5657    11.5672   4.019791   4.020288   48.99796  -16.45524     5.4338     5.5113          9  0.000e+00
   5404.958     129720    254.139    11.5659    11.5672   4.019791   4.020288   48.99796  -16.45524     5.4375     5.5114          9  0.000e+00
   5418.250     130039    253.930    11.5701    11.5748   4.020225   4.021267   48.99796  -16.45530     5.4233     5.4979         10  0.000e+00
   5418.292     130040    254.335    11.5700    11.5748   4.020152   4.021228   48.99796  -16.45530     5.4226     5.4985         10  0.000e+00
   5418.333     130041    254.038    11.5693    11.5748   4.020086   4.021260   48.99796  -16.45530     5.4219     5.4986         10  0.000e+00
