Data_example/SBE_Data_Processed/JC231/SeaBird/Data/Processed/JC231_CTD_002cfaldb.cnv
* Sea-Bird SBE 9 Data File:
* FileName = C:\Users\sandm\Documents\Cruises\JC231\CTD Data\CTD Raw Data\JC231_CTD_002.hex
* Software Version Seasave V 7.26.7.121
* Temperature SN = 5700
* Conductivity SN = 2164
* Number of Bytes Per Scan = 41
* Number of Voltage Words = 4
* Number of Scans Averaged by the Deck Unit = 1
* NMEA Latitude = 48 58.03 N
* NMEA Longitude = 016 21.45 W
* NMEA UTC (Time) = May 04 2022  10:05:52
* NMEA baud rate = 9600
** Ship: RRS James Cook
** Cruise: JC231
** Cast: 002
** Event:
** Station:
** Julian Day: 124
** Time (GMT): 10:05
** Latitude: 48 58.031' N
** Longitude: 16 21.446'' W
** Depth (uncorrected m): 4808m
** Principal Scientist: Dr Susan Hartman
** Operator:  TP / JG
# nquan = 15
# nvalues = 9823                        
# units = specified
# name 0 = timeS: Time, Elapsed [seconds]
# name 1 = scan: Scan Count
# name 2 = prDM: Pressure, Digiquartz [db]
# name 3 = t090C: Temperature [ITS-90, deg C]
# name 4 = t190C: Temperature, 2 [ITS-90, deg C]
# name 5 = c0S/m: Conductivity [S/m]
# name 6 = c1S/m: Conductivity, 2 [S/m]
# name 7 = latitude: Latitude [deg]
# name 8 = longitude: Longitude [deg]
# name 9 = sbeox0ML/L: Oxygen, SBE 43 [ml/l]
# name 10 = sbeox1ML/L: Oxygen, SBE 43, 2 [ml/l]
# name 11 = depSM: Depth [salt water, m], lat = 48.9672
# name 12 = sal00: Salinity, Practical [PSU]
# name 13 = sal11: Salinity, Practical, 2 [PSU]
# name 14 = flag: flag
# span 0 =    556.629,  15242.215       
# span 1 =      13360,     365814       
# span 2 =      1.000,   4913.000       
# span 3 =     2.5313,    14.3419       
# span 4 =     2.5328,    14.9534       
# span 5 =   3.273353,   4.297760       
# span 6 =   3.273910,   4.343507       
# span 7 =   48.96722,   49.03990       
# span 8 =  -16.38173,  -16.35744       
# span 9 =     3.9795,     6.1667       
# span 10 =     4.2589,     6.2378      
# span 11 =      0.992,   4815.962      
# span 12 =    34.9028,    35.8404      
# span 13 =    34.9080,    35.9321      
# span 14 = 0.0000e+00, 0.0000e+00      
# interval = decibars: 1                
# start_time = May 04 2022 10:05:53 [System UTC, first data scan.]
# bad_flag = -9.990e-29
*END*
[from data line 868]
   1973.063      47355    870.000     8.4394     8.4413   3.738301   3.738748   48.96722  -16.35746     4.2824     4.3705    860.818    35.3964    35.3992 0.0000e+00
   1974.049      47378    871.000     8.4339     8.4359   3.737775   3.738252   48.96722  -16.35746     4.2819     4.3703    861.805    35.3959    35.3989 0.0000e+00
   1975.035      47402    872.000     8.4283     8.4299   3.737251   3.737703   48.96722  -16.35746     4.2818     4.3721    862.793    35.3954    35.3986 0.0000e+00
   1976.019      47425    873.000     8.4210     8.4219   3.736655   3.737038   48.96722  -16.35746     4.2844     4.3754    863.780    35.3959    35.3990 0.0000e+00
   1976.998      47449    874.000     8.4105     8.4108   3.735793   3.736113   48.96722  -16.35746     4.2878     4.3774    864.767    35.3968    35.3999 0.0000e+00
   1977.977      47472    875.000     8.3943     8.3931   3.734510   3.734715   48.96722  -16.35746     4.2893     4.3779    865.755    35.3989    35.4023 0.0000e+00
   1978.961      47496    876.000     8.3710     8.3693   3.732451   3.732480   48.96722  -16.35746     4.2893     4.3780    866.742    35.3999    35.4019 0.0000e+00
   1979.950      47520    877.000     8.3523     8.3519   3.730268   3.730392   48.96722  -16.35746     4.2923     4.3794    867.729    35.3950    35.3967 0.0000e+00
   1980.934      47543    878.000     8.3414     8.3428   3.728867   3.729210   48.96722  -16.35746     4.2972     4.3823    868.717    35.3906    35.3928 0.0000e+00
   1981.913      47567    879.000     8.3367     8.3391   3.728209   3.728718   48.96722  -16.35746     4.3031     4.3842    869.704    35.3878    35.3908 0.0000e+00
   1982.890      47590    880.000     8.3353     8.3378   3.728105   3.728660   48.96722  -16.35746     4.3068     4.3852    870.691    35.3876    35.3911 0.0000e+00
   1983.870      47614    881.000     8.3339     8.3362   3.728091   3.728615   48.96722  -16.35746     4.3056     4.3872    871.679    35.3884    35.3917 0.0000e+00
   1984.853      47637    882.000     8.3320     8.3343   3.728007   3.728515   48.96722  -16.35746     4.3032     4.3905    872.666    35.3889    35.3921 0.0000e+00
   1985.840      47661    883.000     8.3298     8.3319   3.727867   3.728365   48.96722  -16.35746     4.3010     4.3935    873.653    35.3892    35.3924 0.0000e+00
   1986.832      47685    884.000     8.3275     8.3297   3.727729   3.728229   48.96722  -16.35746     4.3017     4.3942    874.641    35.3896    35.3927 0.0000e+00
   1987.824      47709    885.000     8.3247     8.3270   3.727622   3.728127   48.96722  -16.35746     4.3059     4.3926    875.628    35.3908    35.3939 0.0000e+00
   1988.817      47733    886.000     8.3206     8.3229   3.727354   3.727856   48.96722  -16.35746     4.3076     4.3914    876.615    35.3916    35.3946 0.0000e+00
   1989.805      47756    887.000     8.3175     8.3197   3.727069   3.727566   48.96722  -16.35746     4.3076     4.3921    877.603    35.3912    35.3942 0.0000e+00
   1990.785      47780    888.000     8.3150     8.3173   3.726880   3.727377   48.96722  -16.35746     4.3087     4.3924    878.590    35.3912    35.3942 0.0000e+00
   1991.756      47803    889.000     8.3134     8.3157   3.726764   3.727272   48.96722  -16.35746     4.3096     4.3934    879.577    35.3912    35.3943 0.0000e+00
   1992.722      47826    890.000     8.3124     8.3147   3.726725   3.727234   48.96722  -16.35746     4.3103     4.3963    880.565    35.3913    35.3944 0.0000e+00
   1993.691      47850    891.000     8.3111     8.3134   3.726691   3.727201   48.96722  -16.35746     4.3119     4.3976    881.552    35.3917    35.3948 0.0000e+00
   1994.670      47873    892.000     8.3091     8.3115   3.726595   3.727101   48.96722  -16.35746     4.3120     4.3972    882.539    35.3922    35.3952 0.0000e+00
   1995.660      47897    893.000     8.3061     8.3085   3.726405   3.726907   48.96722  -16.35746     4.3119     4.3965    883.527    35.3928    35.3957 0.0000e+00
   1996.657      47921    894.000     8.3019     8.3043   3.726091   3.726586   48.96722  -16.35746     4.3133     4.3967    884.514    35.3931    35.3961 0.0000e+00
   1997.654      47945    895.000     8.2965     8.2988   3.725669   3.726156   48.96722  -16.35746     4.3148     4.3968    885.501    35.3937    35.3965 0.0000e+00
   1998.643      47968    896.000     8.2887     8.2911   3.725032   3.725525   48.96722  -16.35746     4.3144     4.3973    886.488    35.3943    35.3970 0.0000e+00
   1999.627      47992    897.000     8.2830     8.2855   3.724367   3.724884   48.96722  -16.35746     4.3130     4.3997    887.476    35.3924    35.3954 0.0000e+00
   2000.612      48016    898.000     8.2803     8.2827   3.724080   3.724607   48.96722  -16.35746     4.3136     4.4013    888.463    35.3916    35.3947 0.0000e+00
   2001.601      48039    899.000     8.2788     8.2814   3.724002   3.724536   48.96722  -16.35746     4.3178     4.4032    889.450    35.3918    35.3949 0.0000e+00
   2002.591      48063    900.000     8.2786     8.2813   3.724075   3.724633   48.96722  -16.35746     4.3218     4.4061    890.437    35.3923    35.3955 0.0000e+00
   2003.576      48087    901.000     8.2801     8.2829   3.724372   3.724966   48.96722  -16.35746     4.3226     4.4085    891.425    35.3935    35.3970 0.0000e+00
   2004.559      48110    902.000     8.2826     8.2854   3.724839   3.725432   48.96722  -16.35746     4.3208     4.4098    892.412    35.3955    35.3990 0.0000e+00
   2005.541      48134    903.000     8.2852     8.2880   3.725315   3.725894   48.96722  -16.35746     4.3183     4.4098    893.399    35.3975    35.4009 0.0000e+00
   2006.519      48157    904.000     8.2878     8.2910   3.725733   3.726345   48.96722  -16.35746     4.3191     4.4111    894.386    35.3989    35.4021 0.0000e+00
   2007.491      48181    905.000     8.2911     8.2944   3.726201   3.726856   48.96722  -16.35746     4.3230     4.4136    895.374    35.4001    35.4038 0.0000e+00
   2008.458      48204    906.000     8.2936     8.2966   3.726634   3.727243   48.96722  -16.35746     4.3260     4.4154    896.361    35.4017    35.4052 0.0000e+00
   2009.425      48227    907.000     8.2949     8.2975   3.726931   3.727499   48.96722  -16.35746     4.3267     4.4150    897.348    35.4031    35.4065 0.0000e+00
   2010.406      48251    908.000     8.2942     8.2966   3.727050   3.727573   48.96722  -16.35746     4.3257     4.4129    898.335    35.4046    35.4078 0.0000e+00
   2011.405      48275    909.000     8.2914     8.2936   3.726945   3.727444   48.96722  -16.35746     4.3261     4.4105    899.322    35.4058    35.4089 0.0000e+00
   2012.414      48299    910.000     8.2859     8.2880   3.726617   3.727093   48.96722  -16.35746     4.3264     4.4115    900.310    35.4074    35.4104 0.0000e+00
   2013.423      48323    911.000     8.2782     8.2803   3.726057   3.726531   48.96722  -16.35746     4.3269     4.4141    901.297    35.4087    35.4116 0.0000e+00
   2014.423      48347    912.000     8.2659     8.2680   3.725199   3.725671   48.96722  -16.35746     4.3272     4.4155    902.284    35.4114    35.4143 0.0000e+00
   2015.409      48371    913.000     8.2468     8.2488   3.723685   3.724129   48.96722  -16.35746     4.3285     4.4184    903.271    35.4139    35.4167 0.0000e+00
   2016.384      48394    914.000     8.2287     8.2307   3.721817   3.722258   48.96722  -16.35746     4.3308     4.4241    904.258    35.4118    35.4145 0.0000e+00
   2017.355      48418    915.000     8.2180     8.2201   3.720503   3.720972   48.96722  -16.35746     4.3348     4.4309    905.246    35.4080    35.4109 0.0000e+00
   2018.330      48441    916.000     8.2128     8.2151   3.719883   3.720379   48.96722  -16.35746     4.3415     4.4355    906.233    35.4061    35.4092 0.0000e+00
   2019.308      48464    917.000     8.2111     8.2135   3.719710   3.720223   48.96722  -16.35746     4.3466     4.4373    907.220    35.4055    35.4086 0.0000e+00
   2020.289      48488    918.000     8.2099     8.2123   3.719708   3.720222   48.96722  -16.35746     4.3487     4.4363    908.207    35.4063    35.4093 0.0000e+00
   2021.269      48511    919.000     8.2088     8.2111   3.719665   3.720177   48.96722  -16.35746     4.3490     4.4352    909.194    35.4065    35.4096 0.0000e+00
   2022.248      48535    920.000     8.2081     8.2104   3.719646   3.720152   48.96722  -16.35746     4.3494     4.4356    910.181    35.4065    35.4096 0.0000e+00
   2023.229      48558    921.000     8.2075     8.2098   3.719641   3.720142   48.96722  -16.35746     4.3500     4.4357    911.169    35.4066    35.4097 0.0000e+00
   2024.216      48582    922.000     8.2069     8.2091   3.719630   3.720129   48.96722  -16.35746     4.3491     4.4356    912.156    35.4067    35.4097 0.0000e+00
   2025.209      48606    923.000     8.2062     8.2083   3.719623   3.720114   48.96722  -16.35746     4.3489     4.4364    913.143    35.4068    35.4099 0.0000e+00
   2026.209      48630    924.000     8.2052     8.2073   3.719595   3.720081   48.96722  -16.35746     4.3500     4.4376    914.130    35.4070    35.4101 0.0000e+00
   2027.209      48654    925.000     8.2041     8.2063   3.719532   3.720036   48.96722  -16.35746     4.3496     4.4376    915.117    35.4070    35.4101 0.0000e+00
   2028.204      48678    926.000     8.2030     8.2053   3.719473   3.719984   48.96722  -16.35746     4.3488     4.4373    916.104    35.4071    35.4101 0.0000e+00
   2029.189      48702    927.000     8.2017     8.2041   3.719395   3.719913   48.96722  -16.35746     4.3495     4.4382    917.091    35.4071    35.4101 0.0000e+00
   2030.165      48725    928.000     8.2004     8.2028   3.719304   3.719817   48.96722  -16.35746     4.3486     4.4394    918.078    35.4069    35.4100 0.0000e+00
   2031.138      48748    929.000     8.1992     8.2015   3.719212   3.719720   48.96722  -16.35746     4.3482     4.4400    919.066    35.4067    35.4098 0.0000e+00
   2032.111      48772    930.000     8.1979     8.2002   3.719134   3.719631   48.96722  -16.35746     4.3518     4.4398    920.053    35.4067    35.4097 0.0000e+00
   2033.090      48795    931.000     8.1959     8.1982   3.719032   3.719523   48.96722  -16.35746     4.3547     4.4393    921.040    35.4072    35.4101 0.0000e+00
   2034.071      48819    932.000     8.1920     8.1943   3.718806   3.719292   48.96722  -16.35746     4.3520     4.4398    922.027    35.4081    35.4111 0.0000e+00
   2035.059      48842    933.000     8.1871     8.1892   3.718417   3.718889   48.96722  -16.35746     4.3491     4.4405    923.014    35.4084    35.4113 0.0000e+00
   2036.055      48866    934.000     8.1823     8.1845   3.717980   3.718454   48.96722  -16.35746     4.3521     4.4408    924.001    35.4081    35.4110 0.0000e+00
   2037.054      48890    935.000     8.1787     8.1811   3.717618   3.718109   48.96722  -16.35746     4.3574     4.4413    924.988    35.4074    35.4103 0.0000e+00
   2038.044      48914    936.000     8.1754     8.1778   3.717363   3.717864   48.96722  -16.35746     4.3608     4.4437    925.975    35.4075    35.4105 0.0000e+00
   2039.021      48938    937.000     8.1700     8.1719   3.716998   3.717480   48.96722  -16.35746     4.3608     4.4461    926.962    35.4087    35.4119 0.0000e+00
   2039.993      48961    938.000     8.1603     8.1618   3.716280   3.716693   48.96722  -16.35746     4.3605     4.4496    927.949    35.4102    35.4131 0.0000e+00
   2040.972      48984    939.000     8.1492     8.1507   3.715222   3.715626   48.96722  -16.35746     4.3623     4.4548    928.936    35.4096    35.4125 0.0000e+00
   2041.965      49008    940.000     8.1349     8.1359   3.714030   3.714398   48.96722  -16.35746     4.3659     4.4581    929.924    35.4108    35.4137 0.0000e+00
   2042.964      49032    941.000     8.1142     8.1147   3.712253   3.712555   48.96722  -16.35746     4.3706     4.4602    930.911    35.4122    35.4148 0.0000e+00
   2043.961      49056    942.000     8.0900     8.0901   3.710004   3.710276   48.96722  -16.35746     4.3748     4.4644    931.898    35.4120    35.4147 0.0000e+00
   2044.943      49080    943.000     8.0622     8.0624   3.707405   3.707619   48.96722  -16.35746     4.3793     4.4690    932.885    35.4116    35.4138 0.0000e+00
   2045.912      49103    944.000     8.0378     8.0386   3.704762   3.705060   48.96722  -16.35746     4.3848     4.4758    933.872    35.4075    35.4098 0.0000e+00
   2046.877      49126    945.000     8.0180     8.0191   3.702595   3.702944   48.96722  -16.35746     4.3916     4.4841    934.859    35.4038    35.4063 0.0000e+00
   2047.846      49149    946.000     8.0052     8.0064   3.701031   3.701419   48.96722  -16.35746     4.3985     4.4928    935.846    35.3994    35.4023 0.0000e+00
   2048.828      49173    947.000     7.9971     7.9982   3.700078   3.700476   48.96722  -16.35746     4.4057     4.4981    936.833    35.3969    35.4000 0.0000e+00
   2049.823      49197    948.000     7.9911     7.9916   3.699426   3.699781   48.96722  -16.35746     4.4113     4.5007    937.820    35.3955    35.3987 0.0000e+00
   2050.826      49221    949.000     7.9862     7.9863   3.698916   3.699207   48.96722  -16.35746     4.4121     4.5035    938.807    35.3945    35.3975 0.0000e+00
   2051.830      49245    950.000     7.9825     7.9827   3.698527   3.698810   48.96722  -16.35746     4.4122     4.5051    939.794    35.3935    35.3963 0.0000e+00
   2052.826      49269    951.000     7.9798     7.9807   3.698267   3.698579   48.96722  -16.35746     4.4135     4.5033    940.781    35.3930    35.3955 0.0000e+00
   2053.811      49292    952.000     7.9800     7.9816   3.698215   3.698646   48.96722  -16.35746     4.4142     4.5017    941.768    35.3918    35.3948 0.0000e+00
   2054.781      49316    953.000     7.9825     7.9841   3.698617   3.699086   48.96722  -16.35746     4.4147     4.5021    942.755    35.3932    35.3966 0.0000e+00
   2055.748      49339    954.000     7.9832     7.9848   3.698956   3.699402   48.96722  -16.35746     4.4154     4.5043    943.742    35.3956    35.3988 0.0000e+00
   2056.716      49362    955.000     7.9831     7.9842   3.699065   3.699481   48.96722  -16.35746     4.4146     4.5057    944.729    35.3964    35.3997 0.0000e+00
   2057.691      49386    956.000     7.9822     7.9822   3.699076   3.699397   48.96722  -16.35746     4.4142     4.5047    945.716    35.3969    35.4004 0.0000e+00
   2058.672      49409    957.000     7.9804     7.9801   3.698984   3.699199   48.96722  -16.35746     4.4168     4.5032    946.703    35.3974    35.3999 0.0000e+00
   2059.656      49433    958.000     7.9781     7.9785   3.698789   3.699060   48.96722  -16.35746     4.4183     4.5032    947.690    35.3970    35.3996 0.0000e+00
   2060.646      49457    959.000     7.9766     7.9768   3.698631   3.698929   48.96722  -16.35746     4.4174     4.5041    948.677    35.3964    35.3994 0.0000e+00
   2061.639      49480    960.000     7.9755     7.9753   3.698548   3.698793   48.96722  -16.35746     4.4166     4.5053    949.664    35.3961    35.3990 0.0000e+00
   2062.633      49504    961.000     7.9740     7.9744   3.698456   3.698714   48.96722  -16.35746     4.4160     4.5068    950.651    35.3962    35.3986 0.0000e+00
   2063.620      49528    962.000     7.9724     7.9736   3.698321   3.698679   48.96722  -16.35746     4.4149     4.5083    951.638    35.3959    35.3985 0.0000e+00
   2064.600      49551    963.000     7.9709     7.9723   3.698215   3.698627   48.96722  -16.35746     4.4148     4.5078    952.625    35.3958    35.3989 0.0000e+00
   2065.573      49575    964.000     7.9691     7.9704   3.698111   3.698514   48.96722  -16.35746     4.4174     4.5064    953.612    35.3961    35.3991 0.0000e+00
