Data_example/SBE_Data_Processed/JC231/SeaBird/Data/Processed/JC231_CTD_009c.ros
* Sea-Bird SBE 9 Data File:
* FileName = C:\Users\sandm\Documents\Cruises\JC231\CTD Data\CTD Raw Data\JC231_CTD_009.hex
* Software Version Seasave V 7.26.7.121
* Temperature SN = 5700
* Conductivity SN = 2164
* Number of Bytes Per Scan = 41
* Number of Voltage Words = 4
* Number of Scans Averaged by the Deck Unit = 1
* NMEA Latitude = 48 58.43 N
* NMEA Longitude = 016 28.09 W
* NMEA UTC (Time) = May 14 2022  16:01:18
* NMEA baud rate = 9600
** Ship: RRS James Cook
** Cruise: JC231
** Cast: 009
** Event:
** Station:
** Julian Day: 134
** Time (GMT): 16:00
** Latitude: 48 58.433 ' N
** Longitude: 16 28.090 ' W
** Depth (uncorrected m): 4804m
** Principal Scientist: Dr Susan Hartman
** Operator:  TP / JG
# nquan = 13
# nvalues = 1127                                  
# units = specified
# name 0 = timeS: Time, Elapsed [seconds]
# name 1 = scan: Scan Count
# name 2 = prDM: Pressure, Digiquartz [db]
# name 3 = t090C: Temperature [ITS-90, deg C]
# name 4 = t190C: Temperature, 2 [ITS-90, deg C]
# name 5 = c0S/m: Conductivity [S/m]
# name 6 = c1S/m: Conductivity, 2 [S/m]
# name 7 = latitude: Latitude [deg]
# name 8 = longitude: Longitude [deg]
# name 9 = sbeox0ML/L: Oxygen, SBE 43 [ml/l]
# name 10 = sbeox1ML/L: Oxygen, SBE 43, 2 [ml/l]
# name 11 = nbf: Bottles Fired
# name 12 = flag:  0.000e+00
# interval = seconds: 0.0416667
# start_time = May 14 2022 16:01:19 [System UTC, first data scan.]
# bad_flag = -9.990e-29
*END*
[from data line 223]
   2400.292      57608    607.205    10.3257    10.3249   3.905865   3.906279   48.97516  -16.46826     4.8006     4.7609          5  0.000e+00
   2400.333      57609    607.205    10.3257    10.3250   3.905852   3.906266   48.97516  -16.46826     4.8042     4.7649          5  0.000e+00
   2400.375      57610    607.300    10.3255    10.3249   3.905845   3.906253   48.97516  -16.46826     4.8044     4.7653          5  0.000e+00
   2400.417      57611    607.137    10.3257    10.3248   3.905865   3.906234   48.97516  -16.46826     4.8043     4.7615          5  0.000e+00
   2400.458      57612    607.408    10.3255    10.3249   3.905852   3.906272   48.97516  -16.46826     4.8045     4.7615          5  0.000e+00
   2400.500      57613    607.096    10.3257    10.3249   3.905819   3.906259   48.97516  -16.46826     4.8009     4.7612          5  0.000e+00
   2400.542      57614    607.300    10.3256    10.3249   3.905832   3.906234   48.97516  -16.46826     4.8010     4.7654          5  0.000e+00
   2400.583      57615    607.205    10.3254    10.3252   3.905819   3.906221   48.97516  -16.46826     4.8045     4.7657          5  0.000e+00
   2400.625      57616    607.300    10.3254    10.3248   3.905852   3.906247   48.97516  -16.46826     4.8048     4.7662          5  0.000e+00
   2400.667      57617    607.232    10.3257    10.3250   3.905826   3.906253   48.97516  -16.46826     4.8013     4.7624          5  0.000e+00
   2400.708      57618    607.205    10.3255    10.3246   3.905832   3.906253   48.97516  -16.46826     4.8009     4.7665          5  0.000e+00
   2400.750      57619    607.205    10.3255    10.3248   3.905787   3.906253   48.97516  -16.46826     4.8008     4.7628          5  0.000e+00
   2400.792      57620    607.205    10.3254    10.3246   3.905800   3.906253   48.97516  -16.46826     4.8046     4.7628          5  0.000e+00
   2400.833      57621    607.300    10.3254    10.3249   3.905813   3.906234   48.97516  -16.46826     4.8046     4.7628          5  0.000e+00
   2400.875      57622    607.205    10.3255    10.3252   3.905780   3.906221   48.97516  -16.46826     4.8010     4.7628          5  0.000e+00
   2400.917      57623    607.232    10.3250    10.3249   3.905826   3.906247   48.97516  -16.46826     4.8009     4.7628          5  0.000e+00
   2400.958      57624    607.300    10.3257    10.3250   3.905865   3.906227   48.97516  -16.46826     4.8008     4.7629          5  0.000e+00
   2401.000      57625    607.205    10.3257    10.3248   3.905852   3.906247   48.97516  -16.46826     4.8045     4.7630          5  0.000e+00
   2401.042      57626    607.300    10.3257    10.3248   3.905865   3.906253   48.97516  -16.46826     4.8010     4.7631          5  0.000e+00
   2401.083      57627    607.300    10.3259    10.3246   3.905852   3.906227   48.97516  -16.46826     4.7971     4.7632          5  0.000e+00
   2401.125      57628    607.096    10.3257    10.3248   3.905865   3.906279   48.97516  -16.46826     4.8003     4.7632          5  0.000e+00
   2401.167      57629    607.327    10.3257    10.3248   3.905852   3.906260   48.97516  -16.46826     4.8039     4.7630          5  0.000e+00
   2671.375      64114    404.895    11.2719    11.2734   3.996643   3.997350   48.97540  -16.46826     5.3994     5.3675          6  0.000e+00
   2671.417      64115    404.895    11.2721    11.2730   3.996617   3.997350   48.97540  -16.46826     5.3995     5.3673          6  0.000e+00
   2671.458      64116    404.922    11.2719    11.2735   3.996643   3.997311   48.97540  -16.46826     5.3996     5.3671          6  0.000e+00
   2671.500      64117    404.895    11.2716    11.2732   3.996578   3.997305   48.97540  -16.46826     5.3961     5.3669          6  0.000e+00
   2671.542      64118    404.800    11.2718    11.2732   3.996578   3.997337   48.97540  -16.46826     5.3998     5.3666          6  0.000e+00
   2671.583      64119    405.003    11.2716    11.2734   3.996604   3.997350   48.97540  -16.46826     5.4001     5.3665          6  0.000e+00
   2671.625      64120    404.922    11.2716    11.2732   3.996565   3.997350   48.97540  -16.46826     5.4000     5.3662          6  0.000e+00
   2671.667      64121    404.800    11.2716    11.2730   3.996551   3.997318   48.97540  -16.46826     5.4001     5.3659          6  0.000e+00
   2671.708      64122    404.800    11.2713    11.2730   3.996551   3.997337   48.97540  -16.46826     5.3967     5.3656          6  0.000e+00
   2671.750      64123    405.003    11.2713    11.2730   3.996578   3.997311   48.97540  -16.46826     5.4004     5.3654          6  0.000e+00
   2671.792      64124    404.827    11.2713    11.2730   3.996551   3.997337   48.97540  -16.46826     5.4005     5.3650          6  0.000e+00
   2671.833      64125    404.895    11.2713    11.2730   3.996525   3.997370   48.97540  -16.46826     5.4044     5.3647          6  0.000e+00
   2671.875      64126    404.895    11.2713    11.2732   3.996519   3.997357   48.97540  -16.46826     5.4049     5.3643          6  0.000e+00
   2671.917      64127    405.003    11.2711    11.2732   3.996519   3.997402   48.97540  -16.46826     5.4059     5.3644          6  0.000e+00
   2671.958      64128    404.922    11.2709    11.2735   3.996460   3.997363   48.97540  -16.46826     5.4064     5.3601          6  0.000e+00
   2672.000      64129    404.800    11.2708    11.2737   3.996466   3.997402   48.97540  -16.46826     5.4033     5.3631          6  0.000e+00
   2672.042      64130    405.004    11.2709    11.2737   3.996479   3.997383   48.97540  -16.46826     5.4037     5.3633          6  0.000e+00
   2672.083      64131    405.004    11.2708    11.2737   3.996453   3.997409   48.97540  -16.46826     5.4037     5.3594          6  0.000e+00
   2672.125      64132    404.828    11.2706    11.2737   3.996447   3.997422   48.97540  -16.46826     5.4038     5.3589          6  0.000e+00
   2672.167      64133    404.801    11.2703    11.2741   3.996447   3.997422   48.97540  -16.46826     5.4041     5.3585          6  0.000e+00
   2672.208      64134    404.895    11.2706    11.2741   3.996466   3.997389   48.97540  -16.46826     5.4042     5.3583          6  0.000e+00
   2672.250      64135    404.895    11.2703    11.2737   3.996453   3.997409   48.97540  -16.46826     5.4006     5.3580          6  0.000e+00
   2672.292      64136    405.017    11.2703    11.2736   3.996473   3.997389   48.97540  -16.46826     5.4076     5.3578          6  0.000e+00
   2672.333      64137    404.895    11.2706    11.2737   3.996453   3.997383   48.97540  -16.46826     5.4081     5.3536          6  0.000e+00
   2672.375      64138    404.895    11.2706    11.2734   3.996440   3.997344   48.97540  -16.46826     5.4084     5.3569          6  0.000e+00
   2672.417      64139    405.004    11.2703    11.2734   3.996473   3.997344   48.97540  -16.46826     5.4091     5.3567          6  0.000e+00
   2672.458      64140    404.923    11.2708    11.2734   3.996486   3.997318   48.97540  -16.46826     5.4093     5.3604          6  0.000e+00
   2672.500      64141    404.801    11.2705    11.2734   3.996506   3.997337   48.97540  -16.46826     5.4026     5.3566          6  0.000e+00
   2672.542      64142    405.004    11.2705    11.2734   3.996519   3.997318   48.97540  -16.46826     5.4060     5.3569          6  0.000e+00
   2672.583      64143    404.923    11.2706    11.2730   3.996506   3.997337   48.97540  -16.46826     5.4096     5.3567          6  0.000e+00
   2672.625      64144    404.896    11.2708    11.2730   3.996512   3.997318   48.97540  -16.46826     5.4098     5.3605          6  0.000e+00
   2672.667      64145    404.896    11.2708    11.2730   3.996538   3.997324   48.97540  -16.46826     5.4134     5.3607          6  0.000e+00
   2672.708      64146    405.004    11.2709    11.2728   3.996552   3.997344   48.97540  -16.46826     5.4101     5.3571          6  0.000e+00
   2672.750      64147    404.828    11.2713    11.2727   3.996578   3.997350   48.97540  -16.46824     5.4098     5.3608          6  0.000e+00
   2672.792      64148    404.896    11.2714    11.2730   3.996604   3.997318   48.97540  -16.46824     5.4133     5.3611          6  0.000e+00
   2672.833      64149    405.099    11.2714    11.2730   3.996591   3.997311   48.97540  -16.46824     5.4100     5.3615          6  0.000e+00
   2672.875      64150    404.801    11.2714    11.2732   3.996591   3.997311   48.97540  -16.46824     5.4099     5.3576          6  0.000e+00
   2672.917      64151    404.923    11.2718    11.2730   3.996611   3.997337   48.97540  -16.46824     5.4064     5.3615          6  0.000e+00
   2672.958      64152    404.896    11.2718    11.2730   3.996611   3.997331   48.97540  -16.46824     5.4102     5.3579          6  0.000e+00
   2673.000      64153    404.896    11.2718    11.2728   3.996565   3.997311   48.97540  -16.46824     5.4103     5.3578          6  0.000e+00
   2673.042      64154    405.004    11.2719    11.2727   3.996578   3.997253   48.97540  -16.46824     5.4068     5.3617          6  0.000e+00
   2673.083      64155    404.828    11.2721    11.2725   3.996591   3.997266   48.97540  -16.46824     5.4101     5.3580          6  0.000e+00
   2673.125      64156    404.896    11.2719    11.2727   3.996591   3.997246   48.97540  -16.46824     5.4103     5.3619          6  0.000e+00
   2673.167      64157    405.004    11.2718    11.2727   3.996630   3.997292   48.97540  -16.46824     5.4104     5.3622          6  0.000e+00
   2673.208      64158    404.896    11.2718    11.2728   3.996604   3.997253   48.97540  -16.46824     5.4101     5.3625          6  0.000e+00
   2673.250      64159    404.923    11.2718    11.2728   3.996611   3.997253   48.97540  -16.46824     5.4098     5.3585          6  0.000e+00
   2673.292      64160    404.896    11.2718    11.2728   3.996624   3.997298   48.97540  -16.46824     5.4101     5.3623          6  0.000e+00
   2673.333      64161    404.801    11.2718    11.2728   3.996624   3.997311   48.97540  -16.46824     5.4101     5.3626          6  0.000e+00
   2673.375      64162    404.896    11.2718    11.2728   3.996611   3.997285   48.97540  -16.46824     5.4101     5.3591          6  0.000e+00
   2693.625      64648    405.020    11.2706    11.2716   3.996447   3.997103   48.97544  -16.46824     5.4083     5.3610          7  0.000e+00
   2693.667      64649    405.142    11.2705    11.2715   3.996473   3.997123   48.97544  -16.46824     5.4084     5.3611          7  0.000e+00
   2693.708      64650    405.020    11.2705    11.2713   3.996453   3.997136   48.97544  -16.46824     5.4082     5.3572          7  0.000e+00
   2693.750      64651    405.020    11.2705    11.2716   3.996466   3.997110   48.97544  -16.46824     5.4082     5.3607          7  0.000e+00
   2693.792      64652    405.020    11.2706    11.2716   3.996453   3.997123   48.97544  -16.46824     5.4118     5.3607          7  0.000e+00
   2693.833      64653    405.034    11.2705    11.2715   3.996473   3.997136   48.97544  -16.46824     5.4120     5.3607          7  0.000e+00
   2693.875      64654    405.020    11.2706    11.2715   3.996427   3.997097   48.97544  -16.46824     5.4122     5.3607          7  0.000e+00
   2693.917      64655    405.020    11.2705    11.2713   3.996466   3.997123   48.97544  -16.46824     5.4088     5.3607          7  0.000e+00
   2693.958      64656    405.115    11.2705    11.2716   3.996473   3.997136   48.97544  -16.46824     5.4121     5.3608          7  0.000e+00
   2694.000      64657    404.939    11.2706    11.2716   3.996453   3.997136   48.97544  -16.46824     5.4118     5.3568          7  0.000e+00
   2694.042      64658    405.020    11.2705    11.2716   3.996447   3.997110   48.97544  -16.46824     5.4121     5.3565          7  0.000e+00
   2694.083      64659    405.210    11.2705    11.2715   3.996473   3.997155   48.97544  -16.46824     5.4087     5.3563          7  0.000e+00
   2694.125      64660    405.034    11.2705    11.2716   3.996473   3.997142   48.97544  -16.46824     5.4121     5.3597          7  0.000e+00
   2694.167      64661    405.020    11.2705    11.2716   3.996479   3.997123   48.97544  -16.46824     5.4086     5.3594          7  0.000e+00
   2694.208      64662    405.020    11.2705    11.2715   3.996453   3.997129   48.97544  -16.46824     5.4120     5.3591          7  0.000e+00
   2694.250      64663    405.020    11.2703    11.2715   3.996447   3.997110   48.97544  -16.46824     5.4122     5.3591          7  0.000e+00
   2694.292      64664    405.034    11.2706    11.2715   3.996473   3.997123   48.97544  -16.46824     5.4120     5.3591          7  0.000e+00
   2694.333      64665    405.115    11.2706    11.2715   3.996473   3.997110   48.97544  -16.46824     5.4121     5.3596          7  0.000e+00
   2694.375      64666    405.020    11.2706    11.2715   3.996479   3.997123   48.97544  -16.46824     5.4157     5.3596          7  0.000e+00
   2694.417      64667    405.020    11.2706    11.2713   3.996486   3.997136   48.97544  -16.46824     5.4125     5.3597          7  0.000e+00
   2694.458      64668    404.939    11.2705    11.2715   3.996506   3.997123   48.97544  -16.46824     5.4088     5.3597          7  0.000e+00
   2694.500      64669    405.210    11.2705    11.2713   3.996519   3.997103   48.97544  -16.46824     5.4087     5.3599          7  0.000e+00
   2694.542      64670    405.020    11.2706    11.2712   3.996506   3.997123   48.97544  -16.46824     5.4087     5.3598          7  0.000e+00
   2694.583      64671    405.020    11.2706    11.2713   3.996486   3.997136   48.97544  -16.46824     5.4051     5.3599          7  0.000e+00
   2694.625      64672    405.034    11.2708    11.2713   3.996506   3.997136   48.97544  -16.46824     5.4085     5.3599          7  0.000e+00
   2694.667      64673    405.115    11.2708    11.2715   3.996493   3.997110   48.97544  -16.46824     5.4120     5.3639          7  0.000e+00
   2694.708      64674    405.115    11.2705    11.2715   3.996486   3.997123   48.97544  -16.46824     5.4124     5.3608          7  0.000e+00
   2694.750      64675    405.021    11.2708    11.2715   3.996499   3.997123   48.97544  -16.46824     5.4124     5.3608          7  0.000e+00
   2694.792      64676    405.034    11.2706    11.2715   3.996512   3.997129   48.97542  -16.46824     5.4091     5.3609          7  0.000e+00
   2694.833      64677    404.912    11.2706    11.2715   3.996519   3.997136   48.97542  -16.46824     5.4088     5.3608          7  0.000e+00
   2694.875      64678    405.115    11.2709    11.2713   3.996493   3.997136   48.97542  -16.46824     5.4123     5.3610          7  0.000e+00
   2694.917      64679    405.210    11.2708    11.2716   3.996473   3.997110   48.97542  -16.46824     5.4089     5.3611          7  0.000e+00
   2694.958      64680    405.237    11.2708    11.2713   3.996506   3.997123   48.97542  -16.46824     5.4123     5.3612          7  0.000e+00
   2695.000      64681    404.912    11.2706    11.2713   3.996440   3.997110   48.97542  -16.46824     5.4085     5.3610          7  0.000e+00
   2695.042      64682    404.912    11.2706    11.2713   3.996466   3.997116   48.97542  -16.46824     5.4082     5.3607          7  0.000e+00
   2695.083      64683    405.116    11.2705    11.2714   3.996486   3.997129   48.97542  -16.46824     5.4115     5.3608          7  0.000e+00
   2695.125      64684    405.143    11.2706    11.2713   3.996447   3.997110   48.97542  -16.46824     5.4115     5.3609          7  0.000e+00
   2695.167      64685    404.913    11.2706    11.2715   3.996473   3.997123   48.97542  -16.46824     5.4074     5.3612          7  0.000e+00
   2695.208      64686    405.210    11.2705    11.2713   3.996427   3.997110   48.97542  -16.46824     5.4074     5.3614          7  0.000e+00
