Data_example/SBE_Data_Processed/JC231/SeaBird/Data/Processed/JC231_CTD_002c.ros
* Sea-Bird SBE 9 Data File:
* FileName = C:\Users\sandm\Documents\Cruises\JC231\CTD Data\CTD Raw Data\JC231_CTD_002.hex
* Software Version Seasave V 7.26.7.121
* Temperature SN = 5700
* Conductivity SN = 2164
* Number of Bytes Per Scan = 41
* Number of Voltage Words = 4
* Number of Scans Averaged by the Deck Unit = 1
* NMEA Latitude = 48 58.03 N
* NMEA Longitude = 016 21.45 W
* NMEA UTC (Time) = May 04 2022  10:05:52
* NMEA baud rate = 9600
** Ship: RRS James Cook
** Cruise: JC231
** Cast: 002
** Event:
** Station:
** Julian Day: 124
** Time (GMT): 10:05
** Latitude: 48 58.031' N
** Longitude: 16 21.446'' W
** Depth (uncorrected m): 4808m
** Principal Scientist: Dr Susan Hartman
** Operator:  TP / JG
# nquan = 13
# nvalues = 1127                                  
# units = specified
# name 0 = timeS: Time, Elapsed [seconds]
# name 1 = scan: Scan Count
# name 2 = prDM: Pressure, Digiquartz [db]
# name 3 = t090C: Temperature [ITS-90, deg C]
# name 4 = t190C: Temperature, 2 [ITS-90, deg C]
# name 5 = c0S/m: Conductivity [S/m]
# name 6 = c1S/m: Conductivity, 2 [S/m]
# name 7 = latitude: Latitude [deg]
# name 8 = longitude: Longitude [deg]
# name 9 = sbeox0ML/L: Oxygen, SBE 43 [ml/l]
# name 10 = sbeox1ML/L: Oxygen, SBE 43, 2 [ml/l]
# name 11 = nbf: Bottles Fired
# name 12 = flag:  0.000e+00
# interval = seconds: 0.0416667
# start_time = May 04 2022 10:05:53 [System UTC, first data scan.]
# bad_flag = -9.990e-29
*END*
[from data line 1001]
  14605.208     350526     98.221    11.8646    11.8666   4.044129   4.044649   48.96724  -16.35746     5.6780     5.7624         21  0.000e+00
  14605.250     350527     97.830    11.8644    11.8665   4.044090   4.044649   48.96724  -16.35746     5.6747     5.7622         21  0.000e+00
  14605.292     350528     98.221    11.8643    11.8664   4.044129   4.044643   48.96724  -16.35746     5.6753     5.7626         21  0.000e+00
  14605.333     350529     97.924    11.8643    11.8665   4.044129   4.044642   48.96724  -16.35746     5.6749     5.7588         21  0.000e+00
  14605.375     350530     97.924    11.8646    11.8664   4.044090   4.044669   48.96724  -16.35746     5.6752     5.7585         21  0.000e+00
  14605.417     350531     97.924    11.8644    11.8662   4.044189   4.044682   48.96724  -16.35746     5.6751     5.7579         21  0.000e+00
  14605.458     350532     98.127    11.8646    11.8664   4.044169   4.044682   48.96724  -16.35746     5.6751     5.7578         21  0.000e+00
  14605.500     350533     97.924    11.8644    11.8662   4.044123   4.044649   48.96724  -16.35746     5.6791     5.7610         21  0.000e+00
  14605.542     350534     98.032    11.8648    11.8662   4.044143   4.044642   48.96724  -16.35746     5.6761     5.7578         21  0.000e+00
  14605.583     350535     97.924    11.8646    11.8662   4.044096   4.044642   48.96724  -16.35746     5.6759     5.7574         21  0.000e+00
  14605.625     350536     97.924    11.8646    11.8662   4.044083   4.044669   48.96724  -16.35746     5.6725     5.7571         21  0.000e+00
  14605.667     350537     97.924    11.8641    11.8660   4.044057   4.044682   48.96724  -16.35746     5.6763     5.7608         21  0.000e+00
  14605.708     350538     97.829    11.8643    11.8662   4.044017   4.044701   48.96724  -16.35746     5.6766     5.7571         21  0.000e+00
  14605.750     350539     98.032    11.8638    11.8658   4.044037   4.044656   48.96724  -16.35746     5.6772     5.7570         21  0.000e+00
  14605.792     350540     97.924    11.8636    11.8662   4.044044   4.044642   48.96724  -16.35746     5.6772     5.7603         21  0.000e+00
  14605.833     350541     97.924    11.8635    11.8660   4.043991   4.044590   48.96724  -16.35746     5.6776     5.7571         21  0.000e+00
  14605.875     350542     97.924    11.8636    11.8655   4.044057   4.044597   48.96724  -16.35746     5.6781     5.7604         21  0.000e+00
  14605.917     350543     97.721    11.8636    11.8658   4.044030   4.044584   48.96724  -16.35746     5.6779     5.7567         21  0.000e+00
  14605.958     350544     97.829    11.8635    11.8655   4.044037   4.044577   48.96724  -16.35746     5.6785     5.7568         21  0.000e+00
  14606.000     350545     97.924    11.8633    11.8658   4.044017   4.044577   48.96724  -16.35746     5.6786     5.7569         21  0.000e+00
  14606.042     350546     97.924    11.8636    11.8655   4.044030   4.044597   48.96724  -16.35746     5.6748     5.7570         21  0.000e+00
  14606.083     350547     97.829    11.8635    11.8657   4.044024   4.044610   48.96724  -16.35746     5.6782     5.7570         21  0.000e+00
  14606.125     350548     97.721    11.8635    11.8653   4.044011   4.044610   48.96724  -16.35746     5.6782     5.7567         21  0.000e+00
  14606.167     350549     97.829    11.8633    11.8654   4.043991   4.044557   48.96724  -16.35746     5.6783     5.7565         21  0.000e+00
  14606.208     350550     97.721    11.8635    11.8655   4.044024   4.044564   48.96724  -16.35746     5.6783     5.7562         21  0.000e+00
  14606.250     350551     97.829    11.8631    11.8653   4.043991   4.044544   48.96724  -16.35746     5.6785     5.7560         21  0.000e+00
  14606.292     350552     97.829    11.8631    11.8653   4.044004   4.044564   48.96724  -16.35746     5.6747     5.7558         21  0.000e+00
  14606.333     350553     97.829    11.8633    11.8657   4.043984   4.044577   48.96724  -16.35746     5.6743     5.7558         21  0.000e+00
  15027.792     360668     27.361    12.8091    12.7814   4.138254   4.136087   48.96724  -16.35744     5.9661     6.0423         22  0.000e+00
  15027.833     360669     27.159    12.8082    12.7812   4.138407   4.136054   48.96724  -16.35744     5.9667     6.0389         22  0.000e+00
  15027.875     360670     27.266    12.8091    12.7807   4.138726   4.135969   48.96724  -16.35744     5.9669     6.0425         22  0.000e+00
  15027.917     360671     27.266    12.8115    12.7801   4.138919   4.135936   48.96724  -16.35744     5.9706     6.0425         22  0.000e+00
  15027.958     360672     27.266    12.8132    12.7800   4.138966   4.135936   48.96724  -16.35744     5.9674     6.0425         22  0.000e+00
  15028.000     360673     27.266    12.8144    12.7793   4.138986   4.135909   48.96724  -16.35744     5.9676     6.0426         22  0.000e+00
  15028.042     360674     27.158    12.8155    12.7784   4.139046   4.135936   48.96724  -16.35744     5.9677     6.0426         22  0.000e+00
  15028.083     360675     27.361    12.8163    12.7780   4.139119   4.135883   48.96724  -16.35744     5.9644     6.0393         22  0.000e+00
  15028.125     360676     27.266    12.8164    12.7774   4.139119   4.135916   48.96724  -16.35744     5.9643     6.0426         22  0.000e+00
  15028.167     360677     27.266    12.8163    12.7774   4.139099   4.135857   48.96724  -16.35744     5.9679     6.0430         22  0.000e+00
  15028.208     360678     27.266    12.8165    12.7774   4.139099   4.135857   48.96724  -16.35744     5.9682     6.0434         22  0.000e+00
  15028.250     360679     27.266    12.8160    12.7773   4.139125   4.135837   48.96724  -16.35744     5.9649     6.0400         22  0.000e+00
  15028.292     360680     27.212    12.8163    12.7773   4.139092   4.135731   48.96724  -16.35744     5.9644     6.0433         22  0.000e+00
  15028.333     360681     27.455    12.8160    12.7771   4.139012   4.135659   48.96724  -16.35744     5.9678     6.0437         22  0.000e+00
  15028.375     360682     27.064    12.8156    12.7768   4.139012   4.135645   48.96724  -16.35744     5.9642     6.0439         22  0.000e+00
  15028.417     360683     27.360    12.8157    12.7761   4.139039   4.135573   48.96724  -16.35744     5.9680     6.0445         22  0.000e+00
  15028.458     360684     27.158    12.8156    12.7757   4.139059   4.135540   48.96724  -16.35744     5.9641     6.0445         22  0.000e+00
  15028.500     360685     27.360    12.8155    12.7752   4.139066   4.135481   48.96724  -16.35744     5.9642     6.0450         22  0.000e+00
  15028.542     360686     27.266    12.8156    12.7750   4.139086   4.135487   48.96724  -16.35744     5.9637     6.0452         22  0.000e+00
  15028.583     360687     27.266    12.8155    12.7747   4.139026   4.135507   48.96724  -16.35744     5.9633     6.0454         22  0.000e+00
  15028.625     360688     27.455    12.8154    12.7745   4.138992   4.135501   48.96724  -16.35744     5.9630     6.0458         22  0.000e+00
  15028.667     360689     27.158    12.8150    12.7745   4.138912   4.135474   48.96724  -16.35744     5.9624     6.0459         22  0.000e+00
  15028.708     360690     27.360    12.8144    12.7745   4.138853   4.135527   48.96724  -16.35744     5.9626     6.0463         22  0.000e+00
  15028.750     360691     27.158    12.8139    12.7743   4.138806   4.135487   48.96724  -16.35744     5.9620     6.0465         22  0.000e+00
  15028.792     360692     27.360    12.8131    12.7745   4.138753   4.135435   48.96724  -16.35744     5.9655     6.0469         22  0.000e+00
  15028.833     360693     27.319    12.8119    12.7743   4.138633   4.135382   48.96724  -16.35744     5.9619     6.0508         22  0.000e+00
  15028.875     360694     27.265    12.8107    12.7745   4.138500   4.135355   48.96724  -16.35744     5.9620     6.0475         22  0.000e+00
  15028.917     360695     27.360    12.8101    12.7740   4.138400   4.135329   48.96724  -16.35744     5.9617     6.0512         22  0.000e+00
  15028.958     360696     27.360    12.8089    12.7736   4.138380   4.135375   48.96724  -16.35744     5.9614     6.0483         22  0.000e+00
  15029.000     360697     27.265    12.8085    12.7735   4.138274   4.135454   48.96724  -16.35744     5.9646     6.0520         22  0.000e+00
  15029.042     360698     27.265    12.8078    12.7735   4.138221   4.135520   48.96724  -16.35744     5.9610     6.0523         22  0.000e+00
  15029.083     360699     27.360    12.8071    12.7735   4.138154   4.135481   48.96724  -16.35744     5.9607     6.0527         22  0.000e+00
  15029.125     360700     27.265    12.8068    12.7731   4.138134   4.135448   48.96724  -16.35744     5.9602     6.0529         22  0.000e+00
  15029.167     360701     27.360    12.8061    12.7728   4.138114   4.135402   48.96724  -16.35744     5.9599     6.0533         22  0.000e+00
  15029.208     360702     27.359    12.8058    12.7730   4.138147   4.135415   48.96724  -16.35744     5.9594     6.0535         22  0.000e+00
  15029.250     360703     27.359    12.8060    12.7733   4.138194   4.135349   48.96724  -16.35744     5.9593     6.0538         22  0.000e+00
  15029.292     360704     27.265    12.8066    12.7730   4.138187   4.135329   48.96724  -16.35744     5.9625     6.0540         22  0.000e+00
  15029.333     360705     27.359    12.8068    12.7726   4.138221   4.135296   48.96724  -16.35744     5.9592     6.0543         22  0.000e+00
  15029.375     360706     27.413    12.8070    12.7716   4.138261   4.135257   48.96724  -16.35744     5.9629     6.0550         22  0.000e+00
  15029.417     360707     27.265    12.8071    12.7714   4.138300   4.135204   48.96724  -16.35744     5.9594     6.0554         22  0.000e+00
  15029.458     360708     27.454    12.8073    12.7707   4.138320   4.135125   48.96724  -16.35744     5.9596     6.0559         22  0.000e+00
  15029.500     360709     27.157    12.8077    12.7705   4.138367   4.134993   48.96724  -16.35744     5.9630     6.0559         22  0.000e+00
  15029.542     360710     27.359    12.8076    12.7700   4.138354   4.134966   48.96724  -16.35744     5.9599     6.0563         22  0.000e+00
  15029.583     360711     27.359    12.8078    12.7695   4.138274   4.135013   48.96724  -16.35744     5.9599     6.0565         22  0.000e+00
  15029.625     360712     27.359    12.8076    12.7695   4.138161   4.135052   48.96724  -16.35744     5.9600     6.0566         22  0.000e+00
  15029.667     360713     27.359    12.8075    12.7696   4.138074   4.135144   48.96724  -16.35744     5.9601     6.0564         22  0.000e+00
  15029.708     360714     27.359    12.8066    12.7700   4.138061   4.135296   48.96724  -16.35744     5.9603     6.0529         22  0.000e+00
  15029.750     360715     27.561    12.8066    12.7709   4.138068   4.135455   48.96724  -16.35744     5.9642     6.0562         22  0.000e+00
  15029.792     360716     27.265    12.8070    12.7719   4.138061   4.135606   48.96724  -16.35744     5.9645     6.0556         22  0.000e+00
  15140.458     363372     16.983    13.1835    13.1799   4.174293   4.174382   48.96724  -16.35746     6.0847     6.2140         23  0.000e+00
  15140.500     363373     16.889    13.1824    13.1823   4.174086   4.174594   48.96724  -16.35746     6.0842     6.2134         23  0.000e+00
  15140.542     363374     16.781    13.1814    13.1830   4.173726   4.174746   48.96724  -16.35746     6.0843     6.2131         23  0.000e+00
  15140.583     363375     17.091    13.1783    13.1835   4.173352   4.174845   48.96724  -16.35746     6.0844     6.2134         23  0.000e+00
  15140.625     363376     16.686    13.1743    13.1851   4.173131   4.175024   48.96724  -16.35746     6.0841     6.2126         23  0.000e+00
  15140.667     363377     16.983    13.1718    13.1873   4.173005   4.175137   48.96724  -16.35746     6.0845     6.2124         23  0.000e+00
  15140.708     363378     16.983    13.1704    13.1891   4.172978   4.175262   48.96724  -16.35746     6.0810     6.2120         23  0.000e+00
  15140.750     363379     16.686    13.1692    13.1901   4.173005   4.175302   48.96724  -16.35746     6.0837     6.2118         23  0.000e+00
  15140.792     363380     16.983    13.1680    13.1905   4.173038   4.175243   48.96724  -16.35746     6.0837     6.2118         23  0.000e+00
  15140.833     363381     16.929    13.1680    13.1909   4.173105   4.175249   48.96724  -16.35746     6.0837     6.2118         23  0.000e+00
  15140.875     363382     16.888    13.1687    13.1906   4.173365   4.175236   48.96724  -16.35746     6.0836     6.2119         23  0.000e+00
  15140.917     363383     16.888    13.1700    13.1905   4.173746   4.175229   48.96724  -16.35746     6.0799     6.2120         23  0.000e+00
  15140.958     363384     16.780    13.1723    13.1901   4.174273   4.175229   48.96724  -16.35746     6.0828     6.2120         23  0.000e+00
  15141.000     363385     16.983    13.1753    13.1896   4.174667   4.175249   48.96724  -16.35746     6.0827     6.2123         23  0.000e+00
  15141.042     363386     16.983    13.1790    13.1895   4.174714   4.175322   48.96724  -16.35746     6.0790     6.2121         23  0.000e+00
  15141.083     363387     16.888    13.1810    13.1895   4.174547   4.175388   48.96724  -16.35746     6.0823     6.2117         23  0.000e+00
  15141.125     363388     16.780    13.1821    13.1892   4.174474   4.175434   48.96724  -16.35746     6.0789     6.2114         23  0.000e+00
  15141.167     363389     16.983    13.1826    13.1892   4.174407   4.175448   48.96724  -16.35746     6.0794     6.2116         23  0.000e+00
  15141.208     363390     16.983    13.1833    13.1891   4.174420   4.175474   48.96724  -16.35746     6.0794     6.2117         23  0.000e+00
  15141.250     363391     16.780    13.1831    13.1892   4.174393   4.175481   48.96724  -16.35746     6.0794     6.2115         23  0.000e+00
  15141.292     363392     16.983    13.1829    13.1896   4.174273   4.175534   48.96724  -16.35746     6.0797     6.2117         23  0.000e+00
  15141.333     363393     16.983    13.1826    13.1896   4.174247   4.175527   48.96724  -16.35746     6.0840     6.2117         23  0.000e+00
  15141.375     363394     16.982    13.1818    13.1892   4.174186   4.175435   48.96724  -16.35746     6.0811     6.2119         23  0.000e+00
  15141.417     363395     16.888    13.1808    13.1887   4.174040   4.175348   48.96724  -16.35746     6.0811     6.2116         23  0.000e+00
  15141.458     363396     16.888    13.1793    13.1884   4.173853   4.175276   48.96724  -16.35746     6.0812     6.2114         23  0.000e+00
  15141.500     363397     17.090    13.1781    13.1875   4.173726   4.175183   48.96724  -16.35746     6.0819     6.2117         23  0.000e+00
  15141.542     363398     16.780    13.1773    13.1870   4.173672   4.175070   48.96724  -16.35746     6.0817     6.2116         23  0.000e+00
  15141.583     363399     17.090    13.1768    13.1860   4.173712   4.175044   48.96724  -16.35746     6.0893     6.2154         23  0.000e+00
  15141.625     363400     16.888    13.1762    13.1858   4.173739   4.175044   48.96724  -16.35746     6.0864     6.2153         23  0.000e+00
  15141.667     363401     17.023    13.1758    13.1856   4.173766   4.175044   48.96724  -16.35746     6.0833     6.2122         23  0.000e+00
  15141.708     363402     16.888    13.1758    13.1856   4.173752   4.174984   48.96724  -16.35746     6.0837     6.2121         23  0.000e+00
  15141.750     363403     17.090    13.1756    13.1849   4.173733   4.174945   48.96724  -16.35746     6.0840     6.2123         23  0.000e+00
  15141.792     363404     16.982    13.1757    13.1848   4.173819   4.174938   48.96724  -16.35746     6.0845     6.2123         23  0.000e+00
