Data_example/SBE_Data_Processed/JC231/SeaBird/Data/Processed/JC231_CTD_003cfaldb.cnv
* Sea-Bird SBE 9 Data File:
* FileName = C:\Users\sandm\Documents\Cruises\JC231\CTD Data\CTD Raw Data\JC231_CTD_003.hex
* Software Version Seasave V 7.26.7.121
* Temperature SN = 5700
* Conductivity SN = 2164
* Number of Bytes Per Scan = 41
* Number of Voltage Words = 4
* Number of Scans Averaged by the Deck Unit = 1
* NMEA Latitude = 48 57.37 N
* NMEA Longitude = 016 23.99 W
* NMEA UTC (Time) = May 05 2022  07:30:20
* NMEA baud rate = 9600
** Ship: RRS James Cook
** Cruise: JC231
** Cast: 003
** Event:
** Station:
** Julian Day: 125
** Time (GMT): 07:30
** Latitude: 48 57.362' N
** Longitude: 16 23.982'' W
** Depth (uncorrected m): 4812m
** Principal Scientist: Dr Susan Hartman
** Operator:  TP / JG
# nquan = 15
# nvalues = 409                         
# units = specified
# name 0 = timeS: Time, Elapsed [seconds]
# name 1 = scan: Scan Count
# name 2 = prDM: Pressure, Digiquartz [db]
# name 3 = t090C: Temperature [ITS-90, deg C]
# name 4 = t190C: Temperature, 2 [ITS-90, deg C]
# name 5 = c0S/m: Conductivity [S/m]
# name 6 = c1S/m: Conductivity, 2 [S/m]
# name 7 = latitude: Latitude [deg]
# name 8 = longitude: Longitude [deg]
# name 9 = sbeox0ML/L: Oxygen, SBE 43 [ml/l]
# name 10 = sbeox1ML/L: Oxygen, SBE 43, 2 [ml/l]
# name 11 = depSM: Depth [salt water, m], lat = 48.9562
# name 12 = sal00: Salinity, Practical [PSU]
# name 13 = sal11: Salinity, Practical, 2 [PSU]
# name 14 = flag: flag
# span 0 =    576.540,   2168.842       
# span 1 =      13838,      52053       
# span 2 =      1.000,    205.000       
# span 3 =    11.2888,    14.4447       
# span 4 =    11.2891,    14.2857       
# span 5 =   3.961687,   4.303155       
# span 6 =   3.931837,   4.328266       
# span 7 =   48.95620,   48.95622       
# span 8 =  -16.39994,  -16.39988       
# span 9 =     4.1336,     6.1349       
# span 10 =     4.4842,     6.3449      
# span 11 =      0.992,    203.161      
# span 12 =    32.6619,    35.7753      
# span 13 =    32.3429,    36.0808      
# span 14 = 0.0000e+00, 0.0000e+00      
# interval = decibars: 1                
# start_time = May 05 2022 07:30:21 [System UTC, first data scan.]
# bad_flag = -9.990e-29
*END*
[from data line 193]
   1029.524      24710    194.000    11.3438    11.3443   3.993376   3.993606   48.95620  -16.39990     5.1843     5.3621    192.265    35.4733    35.4751 0.0000e+00
   1030.639      24736    195.000    11.3296    11.3304   3.991775   3.991998   48.95620  -16.39990     5.1660     5.3440    193.256    35.4707    35.4721 0.0000e+00
   1031.833      24765    196.000    11.3195    11.3211   3.990391   3.990718   48.95620  -16.39990     5.1497     5.3354    194.246    35.4662    35.4679 0.0000e+00
   1033.005      24793    197.000    11.3134    11.3157   3.989618   3.990037   48.95620  -16.39990     5.1427     5.3370    195.237    35.4639    35.4658 0.0000e+00
   1034.072      24819    198.000    11.3082    11.3112   3.989085   3.989580   48.95620  -16.39990     5.1430     5.3439    196.227    35.4631    35.4651 0.0000e+00
   1035.026      24842    199.000    11.3033    11.3065   3.988584   3.989136   48.95620  -16.39990     5.1481     5.3529    197.218    35.4625    35.4648 0.0000e+00
   1035.899      24863    200.000    11.2979    11.3010   3.988086   3.988623   48.95620  -16.39990     5.1567     5.3646    198.208    35.4622    35.4646 0.0000e+00
   1036.736      24883    201.000    11.2929    11.2954   3.987512   3.988016   48.95620  -16.39990     5.1694     5.3819    199.199    35.4609    35.4635 0.0000e+00
   1037.601      24903    202.000    11.2905    11.2925   3.987108   3.987568   48.95620  -16.39990     5.1903     5.4058    200.189    35.4587    35.4614 0.0000e+00
   1038.651      24929    203.000    11.2918    11.2922   3.987086   3.987475   48.95620  -16.39990     5.2192     5.4323    201.180    35.4568    35.4603 0.0000e+00
   1099.532      26390    204.000    11.2924    11.2942   3.987246   3.987730   48.95620  -16.39992     5.2804     5.4252    202.171    35.4573    35.4604 0.0000e+00
   1192.343      28617    205.000    11.2888    11.2891   3.986824   3.987051   48.95620  -16.39992     5.3080     5.4359    203.161    35.4562    35.4582 0.0000e+00
   1165.206      27966    204.000    11.2906    11.2914   3.986988   3.987299   48.95620  -16.39992     5.3029     5.4286    202.171    35.4565    35.4588 0.0000e+00
   1215.935      29183    203.000    11.2892    11.2928   3.986666   3.987303   48.95620  -16.39992     5.2938     5.4229    201.180    35.4551    35.4580 0.0000e+00
   1225.699      29418    202.000    11.2937    11.2981   3.986966   3.987700   48.95620  -16.39992     5.2786     5.3967    200.189    35.4542    35.4573 0.0000e+00
   1226.399      29435    201.000    11.2979    11.3025   3.987403   3.988157   48.95620  -16.39992     5.2668     5.3666    199.199    35.4550    35.4580 0.0000e+00
   1227.308      29456    200.000    11.3006    11.3063   3.987712   3.988532   48.95620  -16.39992     5.2560     5.3498    198.208    35.4559    35.4586 0.0000e+00
   1228.209      29478    199.000    11.3029    11.3100   3.987949   3.988905   48.95620  -16.39992     5.2468     5.3404    197.218    35.4565    35.4591 0.0000e+00
   1229.213      29502    198.000    11.3047    11.3149   3.988146   3.989377   48.95620  -16.39992     5.2353     5.3313    196.227    35.4572    35.4595 0.0000e+00
   1230.380      29530    197.000    11.3065    11.3201   3.988304   3.989948   48.95620  -16.39992     5.2221     5.3240    195.237    35.4575    35.4607 0.0000e+00
   1231.609      29560    196.000    11.3112    11.3262   3.988619   3.990511   48.95620  -16.39992     5.2180     5.3177    194.246    35.4566    35.4609 0.0000e+00
   1232.711      29586    195.000    11.3186    11.3358   3.989289   3.991355   48.95620  -16.39992     5.2157     5.3190    193.255    35.4565    35.4605 0.0000e+00
   1233.684      29609    194.000    11.3279    11.3462   3.990131   3.992467   48.95620  -16.39992     5.2096     5.3273    192.265    35.4563    35.4620 0.0000e+00
   1234.606      29632    193.000    11.3375    11.3575   3.991206   3.993570   48.95620  -16.39992     5.2111     5.3434    191.274    35.4583    35.4625 0.0000e+00
   1235.528      29654    192.000    11.3457    11.3733   3.992133   3.995124   48.95620  -16.39992     5.2207     5.3715    190.284    35.4600    35.4632 0.0000e+00
   1236.460      29676    191.000    11.3565    11.3866   3.993151   3.996861   48.95620  -16.39992     5.2386     5.4097    189.293    35.4602    35.4681 0.0000e+00
   1237.395      29698    190.000    11.3691    11.3942   3.994510   3.997949   48.95620  -16.39992     5.2670     5.4483    188.302    35.4621    35.4720 0.0000e+00
   1238.337      29721    189.000    11.3803    11.3981   3.995850   3.998505   48.95620  -16.39992     5.3022     5.4787    187.312    35.4650    35.4743 0.0000e+00
   1239.302      29744    188.000    11.3879    11.4003   3.996897   3.998746   48.95620  -16.39992     5.3405     5.5004    186.321    35.4686    35.4750 0.0000e+00
   1240.315      29769    187.000    11.3920    11.4038   3.997474   3.999015   48.95620  -16.39992     5.3719     5.5136    185.331    35.4708    35.4748 0.0000e+00
   1241.368      29794    186.000    11.3953    11.4088   3.997803   3.999541   48.95620  -16.39992     5.3851     5.5153    184.340    35.4713    35.4756 0.0000e+00
   1242.419      29819    185.000    11.3999    11.4132   3.998219   4.000075   48.95620  -16.39992     5.3894     5.5090    183.349    35.4715    35.4772 0.0000e+00
   1243.430      29843    184.000    11.4052    11.4160   3.998775   4.000436   48.95620  -16.39992     5.3968     5.5066    182.359    35.4724    35.4785 0.0000e+00
   1244.408      29867    183.000    11.4095    11.4167   3.999300   4.000598   48.95620  -16.39992     5.4006     5.5087    181.368    35.4739    35.4799 0.0000e+00
   1245.388      29890    182.000    11.4120    11.4137   3.999659   4.000392   48.95620  -16.39992     5.4034     5.5107    180.377    35.4755    35.4811 0.0000e+00
   1246.399      29915    181.000    11.4116    11.4041   3.999736   3.999548   48.95620  -16.39992     5.4065     5.5075    179.387    35.4771    35.4825 0.0000e+00
   1247.421      29939    180.000    11.4061    11.3823   3.999310   3.997403   48.95620  -16.39992     5.4021     5.4959    178.396    35.4786    35.4826 0.0000e+00
   1248.408      29963    179.000    11.3920    11.3570   3.998029   3.994057   48.95620  -16.39992     5.3943     5.4843    177.406    35.4799    35.4741 0.0000e+00
   1249.363      29986    178.000    11.3711    11.3426   3.995603   3.991572   48.95620  -16.39992     5.3858     5.4783    176.415    35.4764    35.4638 0.0000e+00
   1250.330      30009    177.000    11.3536    11.3361   3.992962   3.990328   48.95620  -16.39992     5.3755     5.4776    175.424    35.4674    35.4581 0.0000e+00
   1251.333      30033    176.000    11.3435    11.3335   3.991200   3.989785   48.95620  -16.39992     5.3624     5.4802    174.433    35.4601    35.4556 0.0000e+00
   1252.349      30057    175.000    11.3377    11.3327   3.990215   3.989549   48.95620  -16.39992     5.3601     5.4847    173.443    35.4563    35.4545 0.0000e+00
   1253.343      30081    174.000    11.3345    11.3332   3.989623   3.989480   48.95620  -16.39992     5.3635     5.4866    172.452    35.4540    35.4538 0.0000e+00
   1254.308      30104    173.000    11.3328    11.3347   3.989280   3.989545   48.95620  -16.39992     5.3679     5.4869    171.461    35.4526    35.4535 0.0000e+00
   1255.253      30127    172.000    11.3328    11.3365   3.989124   3.989701   48.95620  -16.39992     5.3747     5.4874    170.471    35.4516    35.4537 0.0000e+00
   1256.196      30150    171.000    11.3337    11.3389   3.989134   3.989881   48.95620  -16.39992     5.3735     5.4908    169.480    35.4513    35.4537 0.0000e+00
   1257.173      30173    170.000    11.3353    11.3440   3.989224   3.990255   48.95620  -16.39992     5.3728     5.4944    168.489    35.4510    35.4529 0.0000e+00
   1258.213      30198    169.000    11.3389    11.3534   3.989476   3.991156   48.95620  -16.39992     5.3808     5.4927    167.499    35.4505    35.4532 0.0000e+00
   1259.314      30225    168.000    11.3454    11.3624   3.990075   3.992238   48.95620  -16.39992     5.3864     5.4891    166.508    35.4507    35.4558 0.0000e+00
   1260.408      30251    167.000    11.3536    11.3708   3.990871   3.993116   48.95620  -16.39992     5.3874     5.4884    165.517    35.4511    35.4569 0.0000e+00
   1261.422      30275    166.000    11.3634    11.3848   3.991864   3.994265   48.95620  -16.39992     5.3886     5.4850    164.526    35.4520    35.4553 0.0000e+00
   1262.356      30298    165.000    11.3764    11.4105   3.993044   3.996489   48.95620  -16.39992     5.3892     5.4828    163.536    35.4517    35.4531 0.0000e+00
   1263.260      30319    164.000    11.3957    11.4455   3.994840   4.000018   48.95620  -16.39992     5.3900     5.4908    162.545    35.4514    35.4549 0.0000e+00
   1264.180      30341    163.000    11.4201    11.4818   3.997415   4.004307   48.95620  -16.39992     5.3953     5.5053    161.554    35.4540    35.4631 0.0000e+00
   1265.144      30364    162.000    11.4474    11.5140   4.000436   4.008224   48.95620  -16.39992     5.4038     5.5245    160.563    35.4581    35.4714 0.0000e+00
   1266.153      30389    161.000    11.4772    11.5465   4.003801   4.011987   48.95620  -16.39992     5.4146     5.5512    159.573    35.4633    35.4779 0.0000e+00
   1267.193      30414    160.000    11.5075    11.5778   4.007321   4.015728   48.95620  -16.39992     5.4279     5.5779    158.582    35.4696    35.4853 0.0000e+00
   1268.239      30439    159.000    11.5369    11.6022   4.010673   4.018952   48.95620  -16.39992     5.4439     5.5977    157.591    35.4750    35.4942 0.0000e+00
   1269.260      30463    158.000    11.5657    11.6164   4.014011   4.021012   48.95620  -16.39992     5.4600     5.6075    156.600    35.4808    35.5014 0.0000e+00
   1270.251      30487    157.000    11.5888    11.6246   4.017028   4.022156   48.95620  -16.39992     5.4729     5.6097    155.610    35.4889    35.5052 0.0000e+00
   1271.232      30511    156.000    11.6043    11.6292   4.019134   4.022818   48.95620  -16.39992     5.4855     5.6091    154.619    35.4953    35.5078 0.0000e+00
   1272.240      30535    155.000    11.6146    11.6321   4.020601   4.023167   48.95620  -16.39992     5.4944     5.6055    153.628    35.5004    35.5089 0.0000e+00
   1273.306      30560    154.000    11.6178    11.6347   4.021324   4.023448   48.95620  -16.39992     5.4952     5.6006    152.637    35.5049    35.5096 0.0000e+00
   1274.540      30590    153.000    11.6098    11.6351   4.020984   4.023595   48.95620  -16.39992     5.4875     5.6022    151.647    35.5097    35.5111 0.0000e+00
   1355.196      32526    152.000    11.6231    11.6365   4.022348   4.023806   48.95620  -16.39992     5.4965     5.6081    150.656    35.5108    35.5123 0.0000e+00
   1385.063      33243    151.000    11.6360    11.6402   4.023325   4.024059   48.95620  -16.39992     5.5041     5.6110    149.665    35.5085    35.5117 0.0000e+00
   1385.548      33254    150.000    11.6384    11.6449   4.023470   4.024436   48.95620  -16.39992     5.5078     5.6133    148.674    35.5081    35.5114 0.0000e+00
   1386.728      33282    149.000    11.6425    11.6490   4.023819   4.024875   48.95620  -16.39992     5.5094     5.6169    147.683    35.5081    35.5122 0.0000e+00
   1387.847      33309    148.000    11.6455    11.6513   4.024144   4.025103   48.95620  -16.39992     5.5072     5.6178    146.693    35.5089    35.5128 0.0000e+00
   1388.953      33336    147.000    11.6478    11.6530   4.024346   4.025216   48.95620  -16.39992     5.4985     5.6155    145.702    35.5091    35.5127 0.0000e+00
   1390.026      33362    146.000    11.6496    11.6528   4.024490   4.025168   48.95620  -16.39992     5.4911     5.6127    144.711    35.5092    35.5128 0.0000e+00
   1391.041      33386    145.000    11.6500    11.6509   4.024496   4.024843   48.95620  -16.39992     5.4897     5.6100    143.720    35.5093    35.5119 0.0000e+00
   1392.010      33409    144.000    11.6492    11.6498   4.024320   4.024570   48.95620  -16.39992     5.4974     5.6081    142.729    35.5088    35.5107 0.0000e+00
   1392.972      33432    143.000    11.6483    11.6497   4.024097   4.024436   48.95620  -16.39992     5.5024     5.6100    141.738    35.5079    35.5099 0.0000e+00
   1393.953      33456    142.000    11.6478    11.6505   4.023928   4.024410   48.95620  -16.39992     5.4990     5.6101    140.748    35.5072    35.5094 0.0000e+00
   1394.940      33480    141.000    11.6479    11.6518   4.023833   4.024484   48.95620  -16.39992     5.4921     5.6064    139.757    35.5066    35.5092 0.0000e+00
   1395.904      33503    140.000    11.6487    11.6540   4.023817   4.024619   48.95620  -16.39992     5.4903     5.6041    138.766    35.5061    35.5090 0.0000e+00
   1396.839      33525    139.000    11.6501    11.6569   4.023883   4.024866   48.95620  -16.39992     5.4877     5.6050    137.775    35.5058    35.5090 0.0000e+00
   1397.752      33547    138.000    11.6522    11.6602   4.024034   4.025170   48.95620  -16.39992     5.4847     5.6078    136.784    35.5058    35.5093 0.0000e+00
   1398.666      33569    137.000    11.6545    11.6647   4.024249   4.025533   48.95620  -16.39992     5.4821     5.6084    135.793    35.5061    35.5091 0.0000e+00
   1399.612      33592    136.000    11.6567    11.6730   4.024460   4.026193   48.95620  -16.39992     5.4808     5.6064    134.802    35.5066    35.5081 0.0000e+00
   1400.636      33616    135.000    11.6592    11.6843   4.024672   4.027350   48.95620  -16.39992     5.4865     5.6003    133.812    35.5067    35.5091 0.0000e+00
   1401.790      33644    134.000    11.6634    11.6943   4.025039   4.028533   48.95620  -16.39992     5.4975     5.5966    132.821    35.5068    35.5116 0.0000e+00
   1403.056      33674    133.000    11.6697    11.7020   4.025560   4.029415   48.95620  -16.39992     5.4984     5.6016    131.830    35.5063    35.5134 0.0000e+00
   1404.234      33703    132.000    11.6834    11.7072   4.026657   4.030006   48.95620  -16.39992     5.4925     5.6018    130.839    35.5044    35.5147 0.0000e+00
   1405.218      33726    131.000    11.6951    11.7097   4.027990   4.030266   48.95620  -16.39992     5.4917     5.5956    129.848    35.5068    35.5153 0.0000e+00
   1406.063      33747    130.000    11.7006    11.7105   4.028740   4.030316   48.95620  -16.39993     5.4850     5.5841    128.857    35.5094    35.5155 0.0000e+00
   1406.843      33765    129.000    11.7036    11.7123   4.029064   4.030294   48.95620  -16.39993     5.4714     5.5658    127.866    35.5102    35.5140 0.0000e+00
   1407.613      33784    128.000    11.7063    11.7163   4.029254   4.030552   48.95620  -16.39992     5.4566     5.5437    126.875    35.5099    35.5131 0.0000e+00
   1408.417      33803    127.000    11.7096    11.7194   4.029524   4.030916   48.95620  -16.39992     5.4445     5.5264    125.885    35.5098    35.5141 0.0000e+00
   1409.302      33824    126.000    11.7124    11.7213   4.029824   4.031123   48.95620  -16.39992     5.4352     5.5155    124.894    35.5105    35.5148 0.0000e+00
   1410.318      33849    125.000    11.7146    11.7240   4.030058   4.031285   48.95620  -16.39992     5.4271     5.4998    123.903    35.5112    35.5143 0.0000e+00
   1411.500      33877    124.000    11.7158    11.7288   4.030183   4.031702   48.95620  -16.39992     5.4176     5.4757    122.912    35.5118    35.5142 0.0000e+00
   1412.812      33908    123.000    11.7177    11.7352   4.030292   4.032304   48.95620  -16.39992     5.4046     5.4523    121.921    35.5114    35.5145 0.0000e+00
   1414.061      33938    122.000    11.7264    11.7458   4.030818   4.033223   48.95620  -16.39992     5.3953     5.4292    120.930    35.5088    35.5138 0.0000e+00
   1415.125      33964    121.000    11.7409    11.7592   4.032089   4.034534   48.95620  -16.39992     5.3695     5.4095    119.939    35.5078    35.5144 0.0000e+00
