Data_example/SBE_Data_Processed/JC231/SeaBird/Data/Processed/JC231_CTD_008c.ros
* Sea-Bird SBE 9 Data File:
* FileName = C:\Users\sandm\Documents\Cruises\JC231\CTD Data\CTD Raw Data\JC231_CTD_008.hex
* Software Version Seasave V 7.26.7.121
* Temperature SN = 5700
* Conductivity SN = 2164
* Number of Bytes Per Scan = 41
* Number of Voltage Words = 4
* Number of Scans Averaged by the Deck Unit = 1
* NMEA Latitude = 49 00.50 N
* NMEA Longitude = 016 28.70 W
* NMEA UTC (Time) = May 13 2022  11:46:15
* NMEA baud rate = 9600
** Ship: RRS James Cook
** Cruise: JC231
** Cast: 008
** Event:
** Station:
** Julian Day: 133
** Time (GMT): 11:22
** Latitude: 49 0.538 ' N
** Longitude: 16 28.747' W
** Depth (uncorrected m): 4810m
** Principal Scientist: Dr Susan Hartman
** Operator:  TP / JG
# nquan = 13
# nvalues = 1176                                  
# units = specified
# name 0 = timeS: Time, Elapsed [seconds]
# name 1 = scan: Scan Count
# name 2 = prDM: Pressure, Digiquartz [db]
# name 3 = t090C: Temperature [ITS-90, deg C]
# name 4 = t190C: Temperature, 2 [ITS-90, deg C]
# name 5 = c0S/m: Conductivity [S/m]
# name 6 = c1S/m: Conductivity, 2 [S/m]
# name 7 = latitude: Latitude [deg]
# name 8 = longitude: Longitude [deg]
# name 9 = sbeox0ML/L: Oxygen, SBE 43 [ml/l]
# name 10 = sbeox1ML/L: Oxygen, SBE 43, 2 [ml/l]
# name 11 = nbf: Bottles Fired
# name 12 = flag:  0.000e+00
# interval = seconds: 0.0416667
# start_time = May 13 2022 11:46:16 [System UTC, first data scan.]
# bad_flag = -9.990e-29
*END*
[from data line 1001]
  12157.375     291778     50.624    12.7224    12.7269   4.132131   4.132893   49.00798  -16.47972     5.9046     5.8694         21  0.000e+00
  12157.417     291779     50.583    12.7224    12.7268   4.132118   4.132906   49.00798  -16.47972     5.9044     5.8693         21  0.000e+00
  12157.458     291780     50.691    12.7223    12.7265   4.132124   4.132873   49.00798  -16.47972     5.9076     5.8695         21  0.000e+00
  12157.500     291781     50.529    12.7224    12.7260   4.132144   4.132853   49.00798  -16.47972     5.9110     5.8732         21  0.000e+00
  12157.542     291782     50.583    12.7221    12.7256   4.132158   4.132807   49.00798  -16.47972     5.9081     5.8699         21  0.000e+00
  12157.583     291783     50.394    12.7221    12.7255   4.132151   4.132794   49.00798  -16.47972     5.9115     5.8696         21  0.000e+00
  12157.625     291784     50.718    12.7224    12.7256   4.132211   4.132794   49.00798  -16.47972     5.9122     5.8697         21  0.000e+00
  12157.667     291785     50.583    12.7227    12.7258   4.132171   4.132866   49.00798  -16.47972     5.9158     5.8659         21  0.000e+00
  12157.708     291786     50.529    12.7227    12.7260   4.132211   4.132846   49.00798  -16.47972     5.9165     5.8654         21  0.000e+00
  12157.750     291787     50.583    12.7229    12.7261   4.132237   4.132833   49.00798  -16.47972     5.9174     5.8650         21  0.000e+00
  12157.792     291788     50.489    12.7229    12.7262   4.132224   4.132853   49.00798  -16.47972     5.9178     5.8645         21  0.000e+00
  12157.833     291789     50.624    12.7229    12.7267   4.132204   4.132866   49.00798  -16.47972     5.9185     5.8645         21  0.000e+00
  12157.875     291790     50.489    12.7231    12.7264   4.132271   4.132886   49.00798  -16.47972     5.9190     5.8641         21  0.000e+00
  12157.917     291791     50.691    12.7231    12.7264   4.132277   4.132873   49.00798  -16.47972     5.9197     5.8639         21  0.000e+00
  12157.958     291792     50.529    12.7234    12.7266   4.132124   4.132866   49.00798  -16.47972     5.9199     5.8637         21  0.000e+00
  12158.000     291793     50.488    12.7239    12.7264   4.132005   4.132866   49.00798  -16.47972     5.9233     5.8637         21  0.000e+00
  12158.042     291794     50.583    12.7236    12.7265   4.132184   4.132853   49.00798  -16.47972     5.9236     5.8634         21  0.000e+00
  12158.083     291795     50.623    12.7234    12.7264   4.132237   4.132893   49.00798  -16.47972     5.9207     5.8597         21  0.000e+00
  12158.125     291796     50.583    12.7231    12.7265   4.132237   4.132925   49.00798  -16.47972     5.9239     5.8626         21  0.000e+00
  12158.167     291797     50.421    12.7233    12.7268   4.132224   4.132912   49.00798  -16.47972     5.9208     5.8586         21  0.000e+00
  12158.208     291798     50.691    12.7233    12.7267   4.132178   4.132893   49.00798  -16.47972     5.9212     5.8619         21  0.000e+00
  12158.250     291799     50.583    12.7233    12.7266   4.132151   4.132873   49.00800  -16.47972     5.9178     5.8581         21  0.000e+00
  12158.292     291800     50.529    12.7231    12.7265   4.132158   4.132866   49.00800  -16.47972     5.9176     5.8611         21  0.000e+00
  12158.333     291801     50.488    12.7223    12.7264   4.132124   4.132866   49.00800  -16.47972     5.9144     5.8612         21  0.000e+00
  12158.375     291802     50.488    12.7226    12.7261   4.132124   4.132853   49.00800  -16.47972     5.9108     5.8614         21  0.000e+00
  12158.417     291803     50.718    12.7224    12.7260   4.132144   4.132833   49.00800  -16.47972     5.9103     5.8615         21  0.000e+00
  12158.458     291804     50.394    12.7227    12.7259   4.132131   4.132833   49.00800  -16.47972     5.9058     5.8579         21  0.000e+00
  12158.500     291805     50.583    12.7233    12.7260   4.132151   4.132800   49.00800  -16.47972     5.9050     5.8612         21  0.000e+00
  12232.458     293580     43.693    12.7458    12.7467   4.134116   4.134571   49.00798  -16.47970     5.9080     5.8966         22  0.000e+00
  12232.500     293581     43.248    12.7455    12.7467   4.134070   4.134591   49.00798  -16.47970     5.9076     5.8931         22  0.000e+00
  12232.542     293582     43.653    12.7456    12.7470   4.134077   4.134604   49.00798  -16.47970     5.9109     5.8969         22  0.000e+00
  12232.583     293583     43.545    12.7458    12.7469   4.134090   4.134610   49.00798  -16.47970     5.9076     5.8971         22  0.000e+00
  12232.625     293584     43.788    12.7456    12.7470   4.134097   4.134578   49.00798  -16.47970     5.9075     5.8978         22  0.000e+00
  12232.667     293585     43.450    12.7458    12.7472   4.134090   4.134591   49.00798  -16.47970     5.9068     5.8978         22  0.000e+00
  12232.708     293586     43.450    12.7458    12.7470   4.134090   4.134584   49.00798  -16.47970     5.9064     5.8980         22  0.000e+00
  12232.750     293587     43.653    12.7458    12.7472   4.134116   4.134597   49.00798  -16.47970     5.9027     5.8984         22  0.000e+00
  12232.792     293588     43.585    12.7458    12.7469   4.134043   4.134577   49.00798  -16.47970     5.9022     5.8985         22  0.000e+00
  12232.833     293589     43.652    12.7458    12.7470   4.134103   4.134571   49.00798  -16.47970     5.9018     5.8987         22  0.000e+00
  12232.875     293590     43.450    12.7455    12.7470   4.134070   4.134577   49.00798  -16.47970     5.9014     5.8990         22  0.000e+00
  12232.917     293591     43.585    12.7458    12.7471   4.134083   4.134597   49.00798  -16.47970     5.8977     5.8992         22  0.000e+00
  12232.958     293592     43.450    12.7458    12.7472   4.134090   4.134604   49.00798  -16.47970     5.9004     5.8991         22  0.000e+00
  12233.000     293593     43.652    12.7456    12.7471   4.134090   4.134610   49.00798  -16.47970     5.9036     5.9029         22  0.000e+00
  12233.042     293594     43.544    12.7456    12.7472   4.134096   4.134604   49.00798  -16.47970     5.9035     5.9031         22  0.000e+00
  12233.083     293595     43.490    12.7456    12.7472   4.134063   4.134657   49.00798  -16.47970     5.9035     5.9033         22  0.000e+00
  12233.125     293596     43.355    12.7456    12.7474   4.134083   4.134676   49.00798  -16.47970     5.9033     5.9034         22  0.000e+00
  12233.167     293597     43.652    12.7456    12.7472   4.134090   4.134683   49.00798  -16.47970     5.9040     5.9003         22  0.000e+00
  12233.208     293598     43.490    12.7455    12.7474   4.134090   4.134650   49.00798  -16.47970     5.9074     5.9001         22  0.000e+00
  12233.250     293599     43.544    12.7456    12.7476   4.134096   4.134643   49.00798  -16.47970     5.9081     5.9000         22  0.000e+00
  12233.292     293600     43.450    12.7456    12.7477   4.134090   4.134663   49.00798  -16.47970     5.9085     5.9032         22  0.000e+00
  12233.333     293601     43.544    12.7456    12.7476   4.134090   4.134683   49.00798  -16.47970     5.9092     5.9034         22  0.000e+00
  12233.375     293602     43.490    12.7455    12.7475   4.134116   4.134650   49.00798  -16.47970     5.9063     5.8999         22  0.000e+00
  12233.417     293603     43.544    12.7455    12.7477   4.134070   4.134643   49.00798  -16.47970     5.9065     5.8996         22  0.000e+00
  12233.458     293604     43.355    12.7456    12.7476   4.134083   4.134703   49.00798  -16.47970     5.9030     5.9027         22  0.000e+00
  12233.500     293605     43.544    12.7456    12.7479   4.134090   4.134663   49.00798  -16.47970     5.8995     5.9031         22  0.000e+00
  12233.542     293606     43.490    12.7455    12.7477   4.134090   4.134696   49.00798  -16.47970     5.8992     5.9030         22  0.000e+00
  12233.583     293607     43.450    12.7455    12.7477   4.134116   4.134683   49.00798  -16.47970     5.9022     5.9032         22  0.000e+00
  12233.625     293608     43.450    12.7456    12.7479   4.134103   4.134657   49.00798  -16.47970     5.9020     5.9030         22  0.000e+00
  12233.667     293609     43.396    12.7456    12.7477   4.134063   4.134670   49.00798  -16.47970     5.9017     5.9028         22  0.000e+00
  12233.708     293610     43.652    12.7458    12.7479   4.134103   4.134676   49.00798  -16.47970     5.9016     5.9031         22  0.000e+00
  12233.750     293611     43.247    12.7456    12.7479   4.134070   4.134656   49.00798  -16.47970     5.9010     5.9029         22  0.000e+00
  12233.792     293612     43.544    12.7456    12.7480   4.134077   4.134696   49.00798  -16.47970     5.9013     5.9029         22  0.000e+00
  12233.833     293613     43.396    12.7455    12.7479   4.134063   4.134683   49.00798  -16.47970     5.9012     5.9028         22  0.000e+00
  12233.875     293614     43.450    12.7458    12.7477   4.134083   4.134650   49.00798  -16.47970     5.9042     5.9025         22  0.000e+00
  12233.917     293615     43.450    12.7453    12.7475   4.134090   4.134624   49.00798  -16.47970     5.9043     5.9025         22  0.000e+00
  12233.958     293616     43.450    12.7453    12.7475   4.134063   4.134657   49.00798  -16.47970     5.9007     5.9025         22  0.000e+00
  12234.000     293617     43.396    12.7453    12.7476   4.133997   4.134650   49.00798  -16.47970     5.9002     5.9023         22  0.000e+00
  12234.042     293618     43.355    12.7451    12.7475   4.134037   4.134610   49.00798  -16.47970     5.8996     5.9019         22  0.000e+00
  12234.083     293619     43.544    12.7452    12.7474   4.133997   4.134643   49.00798  -16.47970     5.8992     5.8983         22  0.000e+00
  12234.125     293620     43.395    12.7450    12.7472   4.134003   4.134643   49.00798  -16.47970     5.9019     5.8978         22  0.000e+00
  12234.167     293621     43.449    12.7448    12.7472   4.133990   4.134643   49.00798  -16.47970     5.8986     5.8973         22  0.000e+00
  12234.208     293622     43.355    12.7448    12.7472   4.133983   4.134624   49.00798  -16.47970     5.8982     5.8968         22  0.000e+00
  12234.250     293623     43.449    12.7448    12.7472   4.134037   4.134637   49.00798  -16.47970     5.8982     5.8963         22  0.000e+00
  12234.292     293624     43.490    12.7448    12.7472   4.134030   4.134643   49.00798  -16.47970     5.8981     5.8958         22  0.000e+00
  12234.333     293625     43.247    12.7447    12.7472   4.134043   4.134643   49.00798  -16.47970     5.8979     5.8951         22  0.000e+00
  12234.375     293626     43.544    12.7447    12.7472   4.133997   4.134650   49.00798  -16.47970     5.8984     5.8948         22  0.000e+00
  12234.417     293627     43.247    12.7443    12.7472   4.133983   4.134617   49.00798  -16.47970     5.9017     5.8940         22  0.000e+00
  12234.458     293628     43.490    12.7441    12.7471   4.133950   4.134657   49.00798  -16.47970     5.9024     5.8939         22  0.000e+00
  12605.875     302542     18.833    14.0198    14.0185   4.262176   4.262327   49.00798  -16.47972     5.8799     5.8833         23  0.000e+00
  12605.917     302543     18.927    14.0198    14.0181   4.262136   4.262313   49.00798  -16.47972     5.8770     5.8828         23  0.000e+00
  12605.958     302544     18.631    14.0197    14.0181   4.262142   4.262313   49.00798  -16.47972     5.8797     5.8821         23  0.000e+00
  12606.000     302545     18.631    14.0198    14.0178   4.262149   4.262260   49.00798  -16.47972     5.8796     5.8818         23  0.000e+00
  12606.042     302546     18.833    14.0198    14.0174   4.262149   4.262266   49.00798  -16.47972     5.8831     5.8818         23  0.000e+00
  12606.083     302547     18.725    14.0197    14.0172   4.262156   4.262253   49.00798  -16.47972     5.8801     5.8814         23  0.000e+00
  12606.125     302548     18.833    14.0197    14.0172   4.262129   4.262266   49.00798  -16.47972     5.8835     5.8812         23  0.000e+00
  12606.167     302549     18.833    14.0198    14.0172   4.262142   4.262333   49.00798  -16.47972     5.8806     5.8809         23  0.000e+00
  12606.208     302550     18.725    14.0200    14.0174   4.262149   4.262326   49.00798  -16.47972     5.8803     5.8806         23  0.000e+00
  12606.250     302551     18.833    14.0202    14.0172   4.262183   4.262313   49.00798  -16.47972     5.8836     5.8838         23  0.000e+00
  12606.292     302552     18.833    14.0197    14.0172   4.262163   4.262286   49.00798  -16.47972     5.8837     5.8804         23  0.000e+00
  12606.333     302553     18.927    14.0197    14.0170   4.262095   4.262280   49.00798  -16.47972     5.8870     5.8805         23  0.000e+00
  12606.375     302554     18.833    14.0195    14.0171   4.262075   4.262253   49.00798  -16.47972     5.8874     5.8802         23  0.000e+00
  12606.417     302555     18.833    14.0192    14.0169   4.262082   4.262246   49.00798  -16.47972     5.8878     5.8802         23  0.000e+00
  12606.458     302556     18.833    14.0192    14.0167   4.262041   4.262266   49.00798  -16.47972     5.8852     5.8834         23  0.000e+00
  12606.500     302557     18.927    14.0190    14.0169   4.262068   4.262253   49.00798  -16.47972     5.8854     5.8838         23  0.000e+00
  12606.542     302558     18.833    14.0188    14.0170   4.262055   4.262266   49.00798  -16.47972     5.8822     5.8840         23  0.000e+00
  12606.583     302559     19.021    14.0185    14.0169   4.261988   4.262307   49.00798  -16.47972     5.8793     5.8844         23  0.000e+00
  12606.625     302560     18.725    14.0185    14.0172   4.261994   4.262286   49.00798  -16.47972     5.8854     5.8845         23  0.000e+00
  12606.667     302561     18.927    14.0182    14.0172   4.261981   4.262307   49.00798  -16.47972     5.8859     5.8849         23  0.000e+00
  12606.708     302562     18.927    14.0182    14.0172   4.261974   4.262320   49.00798  -16.47972     5.8828     5.8852         23  0.000e+00
  12606.750     302563     18.927    14.0182    14.0172   4.261967   4.262260   49.00798  -16.47972     5.8827     5.8855         23  0.000e+00
  12606.792     302564     19.021    14.0182    14.0174   4.261994   4.262300   49.00798  -16.47972     5.8826     5.8859         23  0.000e+00
  12606.833     302565     18.927    14.0183    14.0172   4.262035   4.262340   49.00798  -16.47972     5.8789     5.8861         23  0.000e+00
  12606.875     302566     19.021    14.0183    14.0174   4.262102   4.262327   49.00798  -16.47972     5.8818     5.8865         23  0.000e+00
  12606.917     302567     18.927    14.0188    14.0174   4.262109   4.262320   49.00798  -16.47972     5.8781     5.8867         23  0.000e+00
  12606.958     302568     18.927    14.0192    14.0176   4.262089   4.262313   49.00798  -16.47972     5.8806     5.8870         23  0.000e+00
  12607.000     302569     19.021    14.0193    14.0174   4.262163   4.262313   49.00798  -16.47972     5.8770     5.8908         23  0.000e+00
  12607.042     302570     18.927    14.0193    14.0172   4.262129   4.262260   49.00798  -16.47972     5.8765     5.8879         23  0.000e+00
  12607.083     302571     19.129    14.0197    14.0172   4.262142   4.262240   49.00798  -16.47972     5.8733     5.8884         23  0.000e+00
  12607.125     302572     18.927    14.0197    14.0172   4.262156   4.262246   49.00798  -16.47972     5.8695     5.8919         23  0.000e+00
  12607.167     302573     18.927    14.0198    14.0172   4.262183   4.262293   49.00798  -16.47972     5.8721     5.8924         23  0.000e+00
  12607.208     302574     19.129    14.0197    14.0172   4.262183   4.262287   49.00798  -16.47972     5.8717     5.8932         23  0.000e+00
