Data_example/SBE_Data_Processed/JC231/SeaBird/Data/Processed/JC231_CTD_002cfaldb.cnv
* Sea-Bird SBE 9 Data File:
* FileName = C:\Users\sandm\Documents\Cruises\JC231\CTD Data\CTD Raw Data\JC231_CTD_002.hex
* Software Version Seasave V 7.26.7.121
* Temperature SN = 5700
* Conductivity SN = 2164
* Number of Bytes Per Scan = 41
* Number of Voltage Words = 4
* Number of Scans Averaged by the Deck Unit = 1
* NMEA Latitude = 48 58.03 N
* NMEA Longitude = 016 21.45 W
* NMEA UTC (Time) = May 04 2022  10:05:52
* NMEA baud rate = 9600
** Ship: RRS James Cook
** Cruise: JC231
** Cast: 002
** Event:
** Station:
** Julian Day: 124
** Time (GMT): 10:05
** Latitude: 48 58.031' N
** Longitude: 16 21.446'' W
** Depth (uncorrected m): 4808m
** Principal Scientist: Dr Susan Hartman
** Operator:  TP / JG
# nquan = 15
# nvalues = 9823                        
# units = specified
# name 0 = timeS: Time, Elapsed [seconds]
# name 1 = scan: Scan Count
# name 2 = prDM: Pressure, Digiquartz [db]
# name 3 = t090C: Temperature [ITS-90, deg C]
# name 4 = t190C: Temperature, 2 [ITS-90, deg C]
# name 5 = c0S/m: Conductivity [S/m]
# name 6 = c1S/m: Conductivity, 2 [S/m]
# name 7 = latitude: Latitude [deg]
# name 8 = longitude: Longitude [deg]
# name 9 = sbeox0ML/L: Oxygen, SBE 43 [ml/l]
# name 10 = sbeox1ML/L: Oxygen, SBE 43, 2 [ml/l]
# name 11 = depSM: Depth [salt water, m], lat = 48.9672
# name 12 = sal00: Salinity, Practical [PSU]
# name 13 = sal11: Salinity, Practical, 2 [PSU]
# name 14 = flag: flag
# span 0 =    556.629,  15242.215       
# span 1 =      13360,     365814       
# span 2 =      1.000,   4913.000       
# span 3 =     2.5313,    14.3419       
# span 4 =     2.5328,    14.9534       
# span 5 =   3.273353,   4.297760       
# span 6 =   3.273910,   4.343507       
# span 7 =   48.96722,   49.03990       
# span 8 =  -16.38173,  -16.35744       
# span 9 =     3.9795,     6.1667       
# span 10 =     4.2589,     6.2378      
# span 11 =      0.992,   4815.962      
# span 12 =    34.9028,    35.8404      
# span 13 =    34.9080,    35.9321      
# span 14 = 0.0000e+00, 0.0000e+00      
# interval = decibars: 1                
# start_time = May 04 2022 10:05:53 [System UTC, first data scan.]
# bad_flag = -9.990e-29
*END*
[from data line 4338]
   5357.895     128590   4340.000     2.5340     2.5356   3.290519   3.291110   48.96723  -16.35746     5.2792     5.3956   4259.750    34.9078    34.9132 0.0000e+00
   5358.840     128613   4341.000     2.5341     2.5356   3.290553   3.291142   48.96722  -16.35746     5.2728     5.3951   4260.722    34.9077    34.9131 0.0000e+00
   5359.786     128636   4342.000     2.5341     2.5356   3.290586   3.291174   48.96722  -16.35746     5.2704     5.3953   4261.694    34.9077    34.9131 0.0000e+00
   5360.738     128659   4343.000     2.5340     2.5355   3.290614   3.291202   48.96722  -16.35746     5.2725     5.3956   4262.666    34.9078    34.9132 0.0000e+00
   5361.698     128682   4344.000     2.5339     2.5354   3.290639   3.291227   48.96722  -16.35746     5.2684     5.3943   4263.638    34.9078    34.9132 0.0000e+00
   5362.668     128705   4345.000     2.5338     2.5353   3.290663   3.291248   48.96722  -16.35746     5.2672     5.3938   4264.610    34.9077    34.9131 0.0000e+00
   5363.647     128729   4346.000     2.5338     2.5353   3.290691   3.291276   48.96722  -16.35746     5.2699     5.3926   4265.581    34.9077    34.9130 0.0000e+00
   5364.629     128752   4347.000     2.5337     2.5352   3.290722   3.291303   48.96722  -16.35746     5.2714     5.3934   4266.553    34.9077    34.9131 0.0000e+00
   5365.611     128776   4348.000     2.5336     2.5350   3.290746   3.291324   48.96722  -16.35746     5.2704     5.3955   4267.525    34.9077    34.9131 0.0000e+00
   5366.583     128799   4349.000     2.5334     2.5348   3.290759   3.291337   48.96722  -16.35746     5.2707     5.3960   4268.497    34.9077    34.9130 0.0000e+00
   5367.547     128822   4350.000     2.5332     2.5348   3.290774   3.291357   48.96722  -16.35746     5.2735     5.3959   4269.469    34.9076    34.9130 0.0000e+00
   5368.505     128845   4351.000     2.5332     2.5347   3.290801   3.291387   48.96722  -16.35746     5.2719     5.3949   4270.441    34.9076    34.9130 0.0000e+00
   5369.463     128868   4352.000     2.5332     2.5347   3.290832   3.291420   48.96722  -16.35746     5.2715     5.3946   4271.413    34.9076    34.9130 0.0000e+00
   5370.422     128891   4353.000     2.5332     2.5347   3.290867   3.291454   48.96722  -16.35746     5.2687     5.3924   4272.385    34.9076    34.9130 0.0000e+00
   5371.383     128914   4354.000     2.5332     2.5348   3.290900   3.291487   48.96722  -16.35746     5.2661     5.3918   4273.356    34.9076    34.9129 0.0000e+00
   5372.344     128937   4355.000     2.5332     2.5348   3.290934   3.291521   48.96722  -16.35746     5.2724     5.3935   4274.328    34.9076    34.9129 0.0000e+00
   5373.306     128960   4356.000     2.5333     2.5348   3.290971   3.291557   48.96722  -16.35746     5.2768     5.3950   4275.300    34.9075    34.9129 0.0000e+00
   5374.268     128983   4357.000     2.5333     2.5349   3.291011   3.291595   48.96722  -16.35746     5.2766     5.3961   4276.272    34.9075    34.9128 0.0000e+00
   5375.232     129007   4358.000     2.5334     2.5350   3.291049   3.291635   48.96722  -16.35746     5.2754     5.3965   4277.244    34.9075    34.9128 0.0000e+00
   5376.197     129030   4359.000     2.5335     2.5351   3.291088   3.291676   48.96722  -16.35746     5.2751     5.3956   4278.216    34.9075    34.9128 0.0000e+00
   5377.159     129053   4360.000     2.5336     2.5351   3.291128   3.291714   48.96722  -16.35746     5.2720     5.3939   4279.187    34.9075    34.9129 0.0000e+00
   5378.122     129076   4361.000     2.5336     2.5351   3.291164   3.291748   48.96722  -16.35746     5.2690     5.3932   4280.159    34.9075    34.9129 0.0000e+00
   5379.090     129099   4362.000     2.5337     2.5352   3.291198   3.291785   48.96722  -16.35746     5.2681     5.3899   4281.131    34.9074    34.9128 0.0000e+00
   5380.063     129123   4363.000     2.5338     2.5353   3.291238   3.291827   48.96722  -16.35746     5.2691     5.3893   4282.103    34.9074    34.9128 0.0000e+00
   5381.037     129146   4364.000     2.5339     2.5354   3.291280   3.291872   48.96722  -16.35746     5.2679     5.3915   4283.075    34.9074    34.9128 0.0000e+00
   5382.007     129169   4365.000     2.5340     2.5356   3.291323   3.291915   48.96722  -16.35746     5.2701     5.3925   4284.047    34.9074    34.9128 0.0000e+00
   5382.970     129192   4366.000     2.5341     2.5357   3.291365   3.291957   48.96722  -16.35746     5.2691     5.3916   4285.018    34.9074    34.9128 0.0000e+00
   5383.929     129215   4367.000     2.5341     2.5357   3.291404   3.291998   48.96722  -16.35746     5.2704     5.3942   4285.990    34.9074    34.9128 0.0000e+00
   5384.889     129238   4368.000     2.5342     2.5356   3.291440   3.292031   48.96722  -16.35746     5.2756     5.3960   4286.962    34.9073    34.9129 0.0000e+00
   5385.851     129261   4369.000     2.5341     2.5355   3.291472   3.292053   48.96722  -16.35746     5.2729     5.3958   4287.934    34.9074    34.9128 0.0000e+00
   5386.818     129285   4370.000     2.5340     2.5354   3.291496   3.292071   48.96722  -16.35746     5.2704     5.3929   4288.905    34.9074    34.9128 0.0000e+00
   5387.786     129308   4371.000     2.5339     2.5353   3.291520   3.292098   48.96722  -16.35746     5.2680     5.3883   4289.877    34.9074    34.9128 0.0000e+00
   5388.755     129331   4372.000     2.5338     2.5351   3.291547   3.292118   48.96722  -16.35746     5.2686     5.3861   4290.849    34.9074    34.9128 0.0000e+00
   5389.723     129354   4373.000     2.5337     2.5348   3.291569   3.292128   48.96722  -16.35746     5.2687     5.3881   4291.821    34.9074    34.9128 0.0000e+00
   5390.689     129378   4374.000     2.5333     2.5346   3.291574   3.292131   48.96722  -16.35746     5.2697     5.3907   4292.793    34.9074    34.9128 0.0000e+00
   5391.654     129401   4375.000     2.5330     2.5344   3.291574   3.292142   48.96722  -16.35746     5.2697     5.3921   4293.764    34.9073    34.9127 0.0000e+00
   5392.619     129424   4376.000     2.5329     2.5344   3.291588   3.292166   48.96722  -16.35746     5.2694     5.3919   4294.736    34.9073    34.9126 0.0000e+00
   5393.586     129447   4377.000     2.5327     2.5343   3.291605   3.292194   48.96722  -16.35746     5.2703     5.3923   4295.708    34.9072    34.9126 0.0000e+00
   5394.556     129470   4378.000     2.5327     2.5343   3.291629   3.292222   48.96722  -16.35746     5.2712     5.3920   4296.680    34.9072    34.9125 0.0000e+00
   5395.527     129494   4379.000     2.5327     2.5343   3.291662   3.292254   48.96722  -16.35746     5.2699     5.3928   4297.651    34.9071    34.9125 0.0000e+00
   5396.494     129517   4380.000     2.5328     2.5343   3.291699   3.292287   48.96722  -16.35746     5.2712     5.3933   4298.623    34.9071    34.9125 0.0000e+00
   5397.453     129540   4381.000     2.5327     2.5342   3.291728   3.292315   48.96722  -16.35746     5.2724     5.3930   4299.595    34.9071    34.9125 0.0000e+00
   5398.407     129563   4382.000     2.5326     2.5342   3.291754   3.292344   48.96722  -16.35746     5.2731     5.3909   4300.567    34.9071    34.9125 0.0000e+00
   5399.364     129586   4383.000     2.5326     2.5342   3.291784   3.292373   48.96722  -16.35746     5.2716     5.3896   4301.538    34.9071    34.9124 0.0000e+00
   5400.329     129609   4384.000     2.5326     2.5341   3.291814   3.292402   48.96722  -16.35746     5.2732     5.3907   4302.510    34.9071    34.9125 0.0000e+00
   5401.300     129632   4385.000     2.5325     2.5341   3.291843   3.292430   48.96722  -16.35746     5.2739     5.3938   4303.482    34.9071    34.9124 0.0000e+00
   5402.277     129656   4386.000     2.5325     2.5341   3.291871   3.292460   48.96722  -16.35746     5.2603     5.3957   4304.453    34.9070    34.9124 0.0000e+00
   5403.252     129679   4387.000     2.5325     2.5341   3.291903   3.292492   48.96722  -16.35746     5.2683     5.3961   4305.425    34.9070    34.9124 0.0000e+00
   5404.219     129702   4388.000     2.5325     2.5341   3.291938   3.292527   48.96722  -16.35746     5.2730     5.3960   4306.397    34.9071    34.9124 0.0000e+00
   5405.177     129725   4389.000     2.5325     2.5340   3.291968   3.292551   48.96722  -16.35746     5.2692     5.3932   4307.369    34.9071    34.9124 0.0000e+00
   5406.133     129748   4390.000     2.5323     2.5338   3.291991   3.292571   48.96722  -16.35746     5.2693     5.3919   4308.340    34.9071    34.9124 0.0000e+00
   5407.093     129771   4391.000     2.5322     2.5336   3.292011   3.292587   48.96722  -16.35746     5.2707     5.3943   4309.312    34.9071    34.9124 0.0000e+00
   5408.058     129794   4392.000     2.5320     2.5334   3.292028   3.292604   48.96722  -16.35746     5.2706     5.3935   4310.284    34.9070    34.9124 0.0000e+00
   5409.028     129818   4393.000     2.5318     2.5332   3.292040   3.292619   48.96722  -16.35746     5.2685     5.3910   4311.255    34.9070    34.9124 0.0000e+00
   5409.997     129841   4394.000     2.5317     2.5332   3.292054   3.292638   48.96722  -16.35746     5.2662     5.3900   4312.227    34.9069    34.9122 0.0000e+00
   5410.962     129864   4395.000     2.5317     2.5332   3.292083   3.292667   48.96722  -16.35746     5.2677     5.3891   4313.199    34.9068    34.9122 0.0000e+00
   5411.923     129887   4396.000     2.5317     2.5332   3.292118   3.292702   48.96722  -16.35746     5.2669     5.3896   4314.170    34.9068    34.9122 0.0000e+00
   5412.883     129910   4397.000     2.5318     2.5332   3.292155   3.292735   48.96722  -16.35746     5.2699     5.3904   4315.142    34.9068    34.9122 0.0000e+00
   5413.844     129933   4398.000     2.5318     2.5332   3.292191   3.292771   48.96722  -16.35746     5.2723     5.3907   4316.114    34.9068    34.9122 0.0000e+00
   5414.806     129956   4399.000     2.5318     2.5333   3.292225   3.292811   48.96722  -16.35746     5.2691     5.3909   4317.085    34.9068    34.9122 0.0000e+00
   5415.769     129979   4400.000     2.5318     2.5333   3.292259   3.292849   48.96722  -16.35746     5.2680     5.3891   4318.057    34.9068    34.9123 0.0000e+00
   5416.735     130003   4401.000     2.5318     2.5334   3.292296   3.292884   48.96722  -16.35746     5.2709     5.3902   4319.029    34.9068    34.9122 0.0000e+00
   5417.706     130026   4402.000     2.5319     2.5334   3.292333   3.292918   48.96722  -16.35746     5.2737     5.3943   4320.000    34.9068    34.9122 0.0000e+00
   5418.679     130049   4403.000     2.5320     2.5335   3.292374   3.292957   48.96722  -16.35746     5.2716     5.3947   4320.972    34.9068    34.9121 0.0000e+00
   5419.654     130073   4404.000     2.5320     2.5336   3.292414   3.292998   48.96722  -16.35746     5.2673     5.3926   4321.944    34.9068    34.9121 0.0000e+00
   5420.624     130096   4405.000     2.5321     2.5336   3.292451   3.293037   48.96722  -16.35746     5.2678     5.3909   4322.915    34.9068    34.9122 0.0000e+00
   5421.586     130119   4406.000     2.5321     2.5336   3.292484   3.293071   48.96722  -16.35746     5.2697     5.3928   4323.887    34.9068    34.9122 0.0000e+00
   5422.544     130142   4407.000     2.5321     2.5336   3.292515   3.293103   48.96722  -16.35746     5.2685     5.3958   4324.858    34.9067    34.9122 0.0000e+00
   5423.502     130165   4408.000     2.5320     2.5335   3.292543   3.293131   48.96722  -16.35746     5.2652     5.3946   4325.830    34.9067    34.9122 0.0000e+00
   5424.463     130188   4409.000     2.5319     2.5335   3.292565   3.293156   48.96722  -16.35746     5.2673     5.3922   4326.802    34.9067    34.9121 0.0000e+00
   5425.427     130211   4410.000     2.5318     2.5334   3.292588   3.293182   48.96722  -16.35746     5.2682     5.3897   4327.773    34.9067    34.9121 0.0000e+00
   5426.395     130234   4411.000     2.5319     2.5334   3.292618   3.293213   48.96722  -16.35746     5.2670     5.3900   4328.745    34.9066    34.9121 0.0000e+00
   5427.365     130258   4412.000     2.5319     2.5334   3.292656   3.293246   48.96722  -16.35746     5.2663     5.3901   4329.717    34.9066    34.9121 0.0000e+00
   5428.334     130281   4413.000     2.5320     2.5335   3.292696   3.293282   48.96722  -16.35746     5.2666     5.3895   4330.688    34.9066    34.9120 0.0000e+00
   5429.303     130304   4414.000     2.5320     2.5335   3.292737   3.293318   48.96722  -16.35746     5.2677     5.3894   4331.660    34.9067    34.9120 0.0000e+00
   5430.270     130327   4415.000     2.5321     2.5336   3.292777   3.293355   48.96722  -16.35746     5.2681     5.3887   4332.631    34.9067    34.9120 0.0000e+00
   5431.236     130351   4416.000     2.5321     2.5336   3.292811   3.293389   48.96722  -16.35746     5.2702     5.3868   4333.603    34.9067    34.9120 0.0000e+00
   5432.202     130374   4417.000     2.5320     2.5335   3.292840   3.293418   48.96722  -16.35746     5.2705     5.3857   4334.575    34.9067    34.9120 0.0000e+00
   5433.165     130397   4418.000     2.5318     2.5333   3.292859   3.293439   48.96722  -16.35746     5.2672     5.3860   4335.546    34.9067    34.9121 0.0000e+00
   5434.126     130420   4419.000     2.5316     2.5331   3.292866   3.293452   48.96722  -16.35746     5.2684     5.3888   4336.518    34.9067    34.9121 0.0000e+00
   5435.085     130443   4420.000     2.5314     2.5329   3.292877   3.293467   48.96722  -16.35746     5.2697     5.3915   4337.489    34.9066    34.9120 0.0000e+00
   5436.041     130466   4421.000     2.5314     2.5329   3.292901   3.293492   48.96722  -16.35746     5.2681     5.3942   4338.461    34.9065    34.9119 0.0000e+00
   5436.998     130489   4422.000     2.5313     2.5328   3.292932   3.293522   48.96722  -16.35746     5.2706     5.3948   4339.432    34.9066    34.9120 0.0000e+00
   5437.961     130512   4423.000     2.5314     2.5329   3.292965   3.293556   48.96722  -16.35746     5.2716     5.3938   4340.404    34.9065    34.9119 0.0000e+00
   5438.930     130535   4424.000     2.5313     2.5329   3.292997   3.293588   48.96722  -16.35746     5.2717     5.3925   4341.376    34.9065    34.9119 0.0000e+00
   5439.905     130559   4425.000     2.5313     2.5329   3.293028   3.293622   48.96722  -16.35746     5.2682     5.3908   4342.347    34.9065    34.9119 0.0000e+00
   5440.884     130582   4426.000     2.5313     2.5329   3.293060   3.293652   48.96722  -16.35746     5.2681     5.3903   4343.319    34.9065    34.9119 0.0000e+00
   5441.864     130606   4427.000     2.5313     2.5328   3.293094   3.293679   48.96722  -16.35746     5.2698     5.3922   4344.290    34.9065    34.9119 0.0000e+00
   5442.841     130629   4428.000     2.5313     2.5329   3.293129   3.293712   48.96722  -16.35746     5.2693     5.3926   4345.262    34.9065    34.9118 0.0000e+00
   5443.811     130652   4429.000     2.5314     2.5330   3.293165   3.293753   48.96722  -16.35746     5.2727     5.3905   4346.233    34.9064    34.9118 0.0000e+00
   5444.775     130676   4430.000     2.5315     2.5331   3.293207   3.293795   48.96722  -16.35746     5.2712     5.3887   4347.205    34.9064    34.9117 0.0000e+00
   5445.734     130699   4431.000     2.5316     2.5332   3.293251   3.293838   48.96722  -16.35746     5.2682     5.3863   4348.176    34.9064    34.9117 0.0000e+00
   5446.692     130722   4432.000     2.5318     2.5334   3.293292   3.293883   48.96722  -16.35746     5.2662     5.3857   4349.148    34.9064    34.9117 0.0000e+00
   5447.653     130745   4433.000     2.5319     2.5335   3.293333   3.293927   48.96722  -16.35746     5.2650     5.3885   4350.119    34.9063    34.9117 0.0000e+00
   5448.619     130768   4434.000     2.5320     2.5336   3.293375   3.293968   48.96722  -16.35746     5.2642     5.3912   4351.091    34.9063    34.9117 0.0000e+00
