Data_example/SBE_Data_Processed/JC231/SeaBird/Data/Processed/JC231_CTD_008cfaldb.cnv
* Sea-Bird SBE 9 Data File:
* FileName = C:\Users\sandm\Documents\Cruises\JC231\CTD Data\CTD Raw Data\JC231_CTD_008.hex
* Software Version Seasave V 7.26.7.121
* Temperature SN = 5700
* Conductivity SN = 2164
* Number of Bytes Per Scan = 41
* Number of Voltage Words = 4
* Number of Scans Averaged by the Deck Unit = 1
* NMEA Latitude = 49 00.50 N
* NMEA Longitude = 016 28.70 W
* NMEA UTC (Time) = May 13 2022  11:46:15
* NMEA baud rate = 9600
** Ship: RRS James Cook
** Cruise: JC231
** Cast: 008
** Event:
** Station:
** Julian Day: 133
** Time (GMT): 11:22
** Latitude: 49 0.538 ' N
** Longitude: 16 28.747' W
** Depth (uncorrected m): 4810m
** Principal Scientist: Dr Susan Hartman
** Operator:  TP / JG
# nquan = 15
# nvalues = 9816                        
# units = specified
# name 0 = timeS: Time, Elapsed [seconds]
# name 1 = scan: Scan Count
# name 2 = prDM: Pressure, Digiquartz [db]
# name 3 = t090C: Temperature [ITS-90, deg C]
# name 4 = t190C: Temperature, 2 [ITS-90, deg C]
# name 5 = c0S/m: Conductivity [S/m]
# name 6 = c1S/m: Conductivity, 2 [S/m]
# name 7 = latitude: Latitude [deg]
# name 8 = longitude: Longitude [deg]
# name 9 = sbeox0ML/L: Oxygen, SBE 43 [ml/l]
# name 10 = sbeox1ML/L: Oxygen, SBE 43, 2 [ml/l]
# name 11 = depSM: Depth [salt water, m], lat = 49.0083
# name 12 = sal00: Salinity, Practical [PSU]
# name 13 = sal11: Salinity, Practical, 2 [PSU]
# name 14 = flag: flag
# span 0 =    -18.124,  12756.750       
# span 1 =       -434,     306163       
# span 2 =      1.000,   4922.000       
# span 3 =     2.5365,    14.1141       
# span 4 =     2.5380,    14.1212       
# span 5 =   3.272130,   4.271179       
# span 6 =   3.272735,   4.272195       
# span 7 =   48.99701,   49.00834       
# span 8 =  -16.47980,  -16.47607       
# span 9 =     4.2270,     6.0534       
# span 10 =     4.2506,     6.1318      
# span 11 =      0.992,   4824.669      
# span 12 =    34.9030,    35.6850      
# span 13 =    34.9084,    35.6884      
# span 14 = 0.0000e+00, 0.0000e+00      
# interval = decibars: 1                
# start_time = May 13 2022 11:46:16 [System UTC, first data scan.]
# bad_flag = -9.990e-29
*END*
[from data line 2314]
   2819.717      67674   2341.000     3.3698     3.3713   3.294279   3.294806   49.00816  -16.47900     5.9007     5.9740   2308.256    34.9414    34.9461 0.0000e+00
   2820.702      67698   2342.000     3.3682     3.3698   3.294189   3.294715   49.00816  -16.47900     5.9018     5.9748   2309.236    34.9415    34.9460 0.0000e+00
   2821.696      67722   2343.000     3.3670     3.3687   3.294098   3.294643   49.00816  -16.47900     5.9031     5.9747   2310.217    34.9413    34.9459 0.0000e+00
   2822.693      67746   2344.000     3.3658     3.3676   3.294032   3.294588   49.00816  -16.47900     5.9011     5.9726   2311.198    34.9412    34.9460 0.0000e+00
   2823.683      67769   2345.000     3.3646     3.3662   3.293967   3.294519   49.00816  -16.47900     5.8994     5.9703   2312.178    34.9413    34.9461 0.0000e+00
   2824.658      67793   2346.000     3.3632     3.3649   3.293891   3.294443   49.00816  -16.47900     5.8983     5.9698   2313.159    34.9414    34.9461 0.0000e+00
   2825.617      67816   2347.000     3.3621     3.3638   3.293823   3.294375   49.00816  -16.47900     5.8988     5.9709   2314.139    34.9413    34.9460 0.0000e+00
   2826.568      67839   2348.000     3.3612     3.3630   3.293781   3.294336   49.00816  -16.47900     5.8990     5.9726   2315.120    34.9412    34.9459 0.0000e+00
   2827.520      67861   2349.000     3.3604     3.3622   3.293746   3.294307   49.00816  -16.47900     5.8987     5.9730   2316.101    34.9413    34.9460 0.0000e+00
   2828.485      67885   2350.000     3.3594     3.3613   3.293699   3.294268   49.00816  -16.47900     5.8992     5.9741   2317.081    34.9413    34.9460 0.0000e+00
   2829.468      67908   2351.000     3.3582     3.3600   3.293648   3.294210   49.00816  -16.47900     5.9003     5.9747   2318.062    34.9414    34.9462 0.0000e+00
   2830.468      67932   2352.000     3.3567     3.3585   3.293564   3.294119   49.00816  -16.47900     5.8993     5.9738   2319.042    34.9415    34.9462 0.0000e+00
   2831.473      67956   2353.000     3.3556     3.3575   3.293493   3.294051   49.00816  -16.47900     5.8983     5.9723   2320.023    34.9414    34.9460 0.0000e+00
   2832.476      67980   2354.000     3.3545     3.3565   3.293446   3.294011   49.00816  -16.47900     5.8971     5.9699   2321.004    34.9415    34.9461 0.0000e+00
   2833.463      68004   2355.000     3.3533     3.3553   3.293379   3.293952   49.00816  -16.47900     5.8950     5.9674   2321.984    34.9416    34.9462 0.0000e+00
   2834.433      68027   2356.000     3.3523     3.3544   3.293322   3.293902   49.00816  -16.47900     5.8925     5.9678   2322.965    34.9415    34.9462 0.0000e+00
   2835.392      68050   2357.000     3.3515     3.3535   3.293284   3.293866   49.00816  -16.47899     5.8901     5.9679   2323.945    34.9414    34.9462 0.0000e+00
   2836.344      68073   2358.000     3.3509     3.3529   3.293259   3.293838   49.00816  -16.47898     5.8905     5.9662   2324.926    34.9413    34.9461 0.0000e+00
   2837.292      68096   2359.000     3.3505     3.3525   3.293261   3.293838   49.00816  -16.47898     5.8916     5.9674   2325.906    34.9412    34.9460 0.0000e+00
   2838.247      68119   2360.000     3.3503     3.3522   3.293275   3.293847   49.00816  -16.47899     5.8931     5.9671   2326.887    34.9412    34.9459 0.0000e+00
   2839.218      68142   2361.000     3.3501     3.3520   3.293297   3.293863   49.00816  -16.47900     5.8941     5.9657   2327.867    34.9412    34.9459 0.0000e+00
   2840.213      68166   2362.000     3.3499     3.3518   3.293319   3.293883   49.00816  -16.47900     5.8954     5.9667   2328.848    34.9412    34.9459 0.0000e+00
   2841.232      68191   2363.000     3.3496     3.3515   3.293333   3.293901   49.00816  -16.47900     5.8963     5.9690   2329.829    34.9412    34.9459 0.0000e+00
   2842.264      68215   2364.000     3.3493     3.3510   3.293340   3.293906   49.00817  -16.47900     5.8951     5.9712   2330.809    34.9412    34.9460 0.0000e+00
   2843.281      68240   2365.000     3.3485     3.3501   3.293335   3.293888   49.00818  -16.47900     5.8956     5.9728   2331.790    34.9415    34.9463 0.0000e+00
   2844.266      68263   2366.000     3.3471     3.3486   3.293281   3.293821   49.00818  -16.47900     5.8955     5.9723   2332.770    34.9418    34.9466 0.0000e+00
   2845.222      68286   2367.000     3.3455     3.3471   3.293193   3.293731   49.00818  -16.47900     5.8952     5.9718   2333.751    34.9420    34.9467 0.0000e+00
   2846.157      68309   2368.000     3.3437     3.3454   3.293092   3.293637   49.00817  -16.47899     5.8936     5.9707   2334.731    34.9422    34.9469 0.0000e+00
   2847.090      68331   2369.000     3.3413     3.3431   3.292956   3.293504   49.00816  -16.47898     5.8934     5.9699   2335.712    34.9426    34.9473 0.0000e+00
   2848.032      68354   2370.000     3.3387     3.3404   3.292767   3.293318   49.00816  -16.47898     5.8930     5.9684   2336.692    34.9427    34.9474 0.0000e+00
   2848.988      68377   2371.000     3.3368     3.3385   3.292601   3.293155   49.00816  -16.47898     5.8933     5.9664   2337.673    34.9423    34.9470 0.0000e+00
   2849.968      68400   2372.000     3.3355     3.3372   3.292506   3.293057   49.00817  -16.47899     5.8928     5.9652   2338.653    34.9420    34.9468 0.0000e+00
   2850.980      68425   2373.000     3.3346     3.3362   3.292450   3.292996   49.00818  -16.47900     5.8915     5.9655   2339.634    34.9419    34.9466 0.0000e+00
   2852.019      68449   2374.000     3.3339     3.3356   3.292416   3.292968   49.00818  -16.47900     5.8907     5.9656   2340.614    34.9418    34.9465 0.0000e+00
   2853.059      68474   2375.000     3.3334     3.3352   3.292408   3.292967   49.00818  -16.47900     5.8911     5.9656   2341.595    34.9417    34.9464 0.0000e+00
   2854.069      68499   2376.000     3.3329     3.3348   3.292404   3.292969   49.00818  -16.47900     5.8905     5.9655   2342.575    34.9417    34.9464 0.0000e+00
   2855.043      68522   2377.000     3.3326     3.3344   3.292406   3.292972   49.00818  -16.47900     5.8897     5.9658   2343.556    34.9416    34.9464 0.0000e+00
   2855.992      68545   2378.000     3.3321     3.3339   3.292407   3.292967   49.00818  -16.47899     5.8886     5.9667   2344.536    34.9417    34.9464 0.0000e+00
   2856.927      68567   2379.000     3.3316     3.3335   3.292407   3.292964   49.00818  -16.47899     5.8881     5.9675   2345.517    34.9417    34.9464 0.0000e+00
   2857.863      68590   2380.000     3.3313     3.3331   3.292412   3.292972   49.00818  -16.47898     5.8887     5.9669   2346.497    34.9417    34.9464 0.0000e+00
   2858.808      68612   2381.000     3.3310     3.3328   3.292423   3.292984   49.00818  -16.47898     5.8881     5.9650   2347.477    34.9417    34.9464 0.0000e+00
   2859.773      68636   2382.000     3.3307     3.3324   3.292436   3.292994   49.00818  -16.47899     5.8872     5.9651   2348.458    34.9417    34.9465 0.0000e+00
   2860.763      68659   2383.000     3.3303     3.3320   3.292446   3.292999   49.00818  -16.47899     5.8867     5.9663   2349.438    34.9417    34.9464 0.0000e+00
   2861.775      68684   2384.000     3.3300     3.3317   3.292450   3.293009   49.00818  -16.47900     5.8873     5.9670   2350.419    34.9416    34.9464 0.0000e+00
   2862.802      68708   2385.000     3.3297     3.3315   3.292463   3.293029   49.00818  -16.47900     5.8866     5.9668   2351.399    34.9416    34.9464 0.0000e+00
   2863.822      68733   2386.000     3.3295     3.3313   3.292486   3.293049   49.00818  -16.47900     5.8838     5.9664   2352.380    34.9416    34.9464 0.0000e+00
   2864.809      68756   2387.000     3.3294     3.3311   3.292509   3.293067   49.00818  -16.47900     5.8826     5.9663   2353.360    34.9416    34.9464 0.0000e+00
   2865.762      68779   2388.000     3.3291     3.3308   3.292530   3.293084   49.00818  -16.47899     5.8829     5.9652   2354.340    34.9416    34.9464 0.0000e+00
   2866.697      68802   2389.000     3.3287     3.3303   3.292545   3.293092   49.00818  -16.47899     5.8841     5.9639   2355.321    34.9418    34.9466 0.0000e+00
   2867.637      68824   2390.000     3.3280     3.3296   3.292540   3.293080   49.00818  -16.47898     5.8861     5.9632   2356.301    34.9420    34.9467 0.0000e+00
   2868.603      68847   2391.000     3.3268     3.3283   3.292496   3.293030   49.00818  -16.47898     5.8867     5.9635   2357.282    34.9423    34.9471 0.0000e+00
   2869.595      68871   2392.000     3.3250     3.3264   3.292404   3.292921   49.00818  -16.47898     5.8872     5.9632   2358.262    34.9426    34.9473 0.0000e+00
   2870.596      68895   2393.000     3.3231     3.3246   3.292278   3.292800   49.00818  -16.47899     5.8876     5.9628   2359.243    34.9426    34.9473 0.0000e+00
   2871.589      68919   2394.000     3.3214     3.3231   3.292156   3.292700   49.00818  -16.47899     5.8877     5.9618   2360.223    34.9425    34.9471 0.0000e+00
   2872.565      68943   2395.000     3.3205     3.3223   3.292079   3.292642   49.00818  -16.47900     5.8859     5.9605   2361.203    34.9421    34.9469 0.0000e+00
   2873.531      68966   2396.000     3.3201     3.3219   3.292067   3.292632   49.00818  -16.47900     5.8849     5.9608   2362.184    34.9419    34.9467 0.0000e+00
   2874.497      68989   2397.000     3.3198     3.3216   3.292081   3.292642   49.00818  -16.47900     5.8848     5.9614   2363.164    34.9419    34.9467 0.0000e+00
   2875.468      69012   2398.000     3.3194     3.3211   3.292092   3.292647   49.00818  -16.47900     5.8855     5.9629   2364.144    34.9420    34.9468 0.0000e+00
   2876.442      69036   2399.000     3.3187     3.3202   3.292088   3.292630   49.00818  -16.47900     5.8848     5.9630   2365.125    34.9423    34.9471 0.0000e+00
   2877.415      69059   2400.000     3.3172     3.3185   3.292029   3.292549   49.00818  -16.47900     5.8836     5.9618   2366.105    34.9427    34.9475 0.0000e+00
   2878.388      69082   2401.000     3.3153     3.3167   3.291912   3.292427   49.00818  -16.47900     5.8830     5.9611   2367.086    34.9428    34.9474 0.0000e+00
   2879.365      69106   2402.000     3.3139     3.3156   3.291806   3.292345   49.00818  -16.47899     5.8836     5.9625   2368.066    34.9425    34.9472 0.0000e+00
   2880.348      69129   2403.000     3.3131     3.3149   3.291759   3.292314   49.00818  -16.47899     5.8837     5.9638   2369.046    34.9423    34.9471 0.0000e+00
   2881.344      69153   2404.000     3.3126     3.3143   3.291742   3.292304   49.00818  -16.47900     5.8831     5.9643   2370.027    34.9423    34.9471 0.0000e+00
   2882.349      69177   2405.000     3.3120     3.3137   3.291730   3.292295   49.00818  -16.47900     5.8811     5.9640   2371.007    34.9423    34.9471 0.0000e+00
   2883.357      69202   2406.000     3.3113     3.3130   3.291709   3.292270   49.00818  -16.47900     5.8802     5.9630   2371.987    34.9423    34.9472 0.0000e+00
   2884.352      69225   2407.000     3.3105     3.3122   3.291680   3.292236   49.00818  -16.47900     5.8805     5.9615   2372.968    34.9423    34.9471 0.0000e+00
   2885.322      69249   2408.000     3.3098     3.3116   3.291650   3.292209   49.00818  -16.47900     5.8804     5.9613   2373.948    34.9422    34.9470 0.0000e+00
   2886.267      69271   2409.000     3.3093     3.3111   3.291634   3.292196   49.00818  -16.47900     5.8810     5.9612   2374.928    34.9421    34.9469 0.0000e+00
   2887.196      69294   2410.000     3.3089     3.3107   3.291636   3.292195   49.00818  -16.47899     5.8817     5.9601   2375.909    34.9421    34.9468 0.0000e+00
   2888.125      69316   2411.000     3.3086     3.3104   3.291645   3.292210   49.00818  -16.47898     5.8826     5.9590   2376.889    34.9421    34.9468 0.0000e+00
   2889.078      69339   2412.000     3.3084     3.3102   3.291664   3.292232   49.00818  -16.47898     5.8819     5.9601   2377.869    34.9420    34.9469 0.0000e+00
   2890.069      69363   2413.000     3.3080     3.3098   3.291682   3.292249   49.00818  -16.47899     5.8815     5.9616   2378.850    34.9422    34.9470 0.0000e+00
   2891.096      69387   2414.000     3.3071     3.3090   3.291671   3.292240   49.00818  -16.47900     5.8822     5.9618   2379.830    34.9425    34.9473 0.0000e+00
   2892.149      69413   2415.000     3.3059     3.3076   3.291619   3.292182   49.00818  -16.47900     5.8818     5.9605   2380.810    34.9427    34.9476 0.0000e+00
   2893.192      69438   2416.000     3.3044     3.3060   3.291537   3.292091   49.00818  -16.47900     5.8809     5.9574   2381.790    34.9429    34.9477 0.0000e+00
   2894.200      69462   2417.000     3.3027     3.3043   3.291433   3.291985   49.00818  -16.47900     5.8792     5.9537   2382.771    34.9430    34.9478 0.0000e+00
   2895.170      69485   2418.000     3.3004     3.3020   3.291304   3.291844   49.00818  -16.47900     5.8773     5.9520   2383.751    34.9433    34.9481 0.0000e+00
   2896.112      69508   2419.000     3.2981     3.2999   3.291130   3.291676   49.00818  -16.47900     5.8764     5.9515   2384.731    34.9433    34.9479 0.0000e+00
   2897.038      69530   2420.000     3.2969     3.2987   3.291011   3.291575   49.00818  -16.47899     5.8764     5.9524   2385.712    34.9427    34.9474 0.0000e+00
   2897.964      69552   2421.000     3.2964     3.2982   3.290976   3.291539   49.00818  -16.47898     5.8771     5.9534   2386.692    34.9424    34.9471 0.0000e+00
   2898.907      69575   2422.000     3.2960     3.2978   3.290974   3.291538   49.00818  -16.47898     5.8777     5.9536   2387.672    34.9423    34.9470 0.0000e+00
   2899.873      69598   2423.000     3.2957     3.2976   3.290982   3.291547   49.00818  -16.47898     5.8778     5.9535   2388.652    34.9422    34.9469 0.0000e+00
   2900.859      69622   2424.000     3.2954     3.2973   3.290991   3.291559   49.00818  -16.47898     5.8782     5.9556   2389.633    34.9422    34.9469 0.0000e+00
   2901.854      69646   2425.000     3.2952     3.2971   3.291008   3.291576   49.00818  -16.47898     5.8790     5.9577   2390.613    34.9421    34.9468 0.0000e+00
   2902.850      69669   2426.000     3.2949     3.2969   3.291031   3.291602   49.00818  -16.47898     5.8791     5.9586   2391.593    34.9422    34.9469 0.0000e+00
   2903.843      69693   2427.000     3.2941     3.2961   3.291024   3.291597   49.00818  -16.47899     5.8796     5.9589   2392.574    34.9425    34.9473 0.0000e+00
   2904.833      69717   2428.000     3.2928     3.2948   3.290959   3.291534   49.00818  -16.47899     5.8811     5.9575   2393.554    34.9427    34.9474 0.0000e+00
   2905.824      69741   2429.000     3.2912     3.2935   3.290874   3.291462   49.00818  -16.47900     5.8825     5.9554   2394.534    34.9429    34.9474 0.0000e+00
   2906.815      69765   2430.000     3.2891     3.2916   3.290746   3.291360   49.00818  -16.47900     5.8820     5.9553   2395.514    34.9431    34.9477 0.0000e+00
   2907.799      69788   2431.000     3.2871     3.2893   3.290593   3.291202   49.00818  -16.47900     5.8798     5.9558   2396.494    34.9429    34.9478 0.0000e+00
   2908.769      69811   2432.000     3.2857     3.2875   3.290481   3.291060   49.00818  -16.47899     5.8777     5.9576   2397.475    34.9426    34.9475 0.0000e+00
   2909.723      69834   2433.000     3.2847     3.2862   3.290417   3.290965   49.00818  -16.47899     5.8760     5.9604   2398.455    34.9425    34.9473 0.0000e+00
   2910.666      69857   2434.000     3.2839     3.2854   3.290380   3.290911   49.00818  -16.47898     5.8745     5.9616   2399.435    34.9424    34.9471 0.0000e+00
   2911.611      69880   2435.000     3.2831     3.2849   3.290348   3.290894   49.00818  -16.47898     5.8746     5.9624   2400.415    34.9423    34.9470 0.0000e+00
