Data_example/SBE_Data_Processed/JC231/SeaBird/Data/Processed/JC231_CTD_003c.ros
* Sea-Bird SBE 9 Data File:
* FileName = C:\Users\sandm\Documents\Cruises\JC231\CTD Data\CTD Raw Data\JC231_CTD_003.hex
* Software Version Seasave V 7.26.7.121
* Temperature SN = 5700
* Conductivity SN = 2164
* Number of Bytes Per Scan = 41
* Number of Voltage Words = 4
* Number of Scans Averaged by the Deck Unit = 1
* NMEA Latitude = 48 57.37 N
* NMEA Longitude = 016 23.99 W
* NMEA UTC (Time) = May 05 2022  07:30:20
* NMEA baud rate = 9600
** Ship: RRS James Cook
** Cruise: JC231
** Cast: 003
** Event:
** Station:
** Julian Day: 125
** Time (GMT): 07:30
** Latitude: 48 57.362' N
** Longitude: 16 23.982'' W
** Depth (uncorrected m): 4812m
** Principal Scientist: Dr Susan Hartman
** Operator:  TP / JG
# nquan = 13
# nvalues = 1176                                  
# units = specified
# name 0 = timeS: Time, Elapsed [seconds]
# name 1 = scan: Scan Count
# name 2 = prDM: Pressure, Digiquartz [db]
# name 3 = t090C: Temperature [ITS-90, deg C]
# name 4 = t190C: Temperature, 2 [ITS-90, deg C]
# name 5 = c0S/m: Conductivity [S/m]
# name 6 = c1S/m: Conductivity, 2 [S/m]
# name 7 = latitude: Latitude [deg]
# name 8 = longitude: Longitude [deg]
# name 9 = sbeox0ML/L: Oxygen, SBE 43 [ml/l]
# name 10 = sbeox1ML/L: Oxygen, SBE 43, 2 [ml/l]
# name 11 = nbf: Bottles Fired
# name 12 = flag:  0.000e+00
# interval = seconds: 0.0416667
# start_time = May 05 2022 07:30:21 [System UTC, first data scan.]
# bad_flag = -9.990e-29
*END*
[from data line 778]
   1832.417      43979     32.033    12.8639    12.8634   4.143087   4.143372   48.95622  -16.39992     5.9474     6.0545         16  0.000e+00
   1832.458      43980     31.871    12.8636    12.8630   4.143054   4.143372   48.95622  -16.39992     5.9466     6.0506         16  0.000e+00
   1832.500      43981     32.033    12.8636    12.8629   4.143047   4.143306   48.95622  -16.39992     5.9501     6.0537         16  0.000e+00
   1832.542      43982     31.939    12.8634    12.8625   4.143067   4.143299   48.95622  -16.39992     5.9501     6.0535         16  0.000e+00
   1832.583      43983     32.033    12.8636    12.8621   4.143080   4.143313   48.95622  -16.39992     5.9503     6.0535         16  0.000e+00
   1832.625      43984     31.979    12.8638    12.8623   4.143160   4.143280   48.95622  -16.39992     5.9502     6.0497         16  0.000e+00
   1862.042      44690     32.371    12.8646    12.8660   4.143300   4.143788   48.95620  -16.39992     5.9511     6.0399         17  0.000e+00
   1862.083      44691     32.236    12.8651    12.8660   4.143347   4.143761   48.95620  -16.39992     5.9549     6.0399         17  0.000e+00
   1862.125      44692     32.236    12.8656    12.8656   4.143367   4.143768   48.95620  -16.39992     5.9552     6.0435         17  0.000e+00
   1862.167      44693     32.033    12.8659    12.8656   4.143367   4.143788   48.95620  -16.39992     5.9519     6.0437         17  0.000e+00
   1862.208      44694     32.276    12.8659    12.8656   4.143387   4.143755   48.95620  -16.39994     5.9519     6.0443         17  0.000e+00
   1862.250      44695     32.236    12.8661    12.8656   4.143427   4.143748   48.95620  -16.39994     5.9516     6.0446         17  0.000e+00
   1862.292      44696     32.033    12.8662    12.8655   4.143413   4.143742   48.95620  -16.39994     5.9516     6.0409         17  0.000e+00
   1862.333      44697     32.236    12.8661    12.8651   4.143347   4.143695   48.95620  -16.39994     5.9519     6.0407         17  0.000e+00
   1862.375      44698     32.168    12.8662    12.8655   4.143387   4.143695   48.95620  -16.39994     5.9556     6.0441         17  0.000e+00
   1862.417      44699     32.128    12.8664    12.8649   4.143373   4.143682   48.95620  -16.39994     5.9520     6.0408         17  0.000e+00
   1862.458      44700     32.128    12.8661    12.8649   4.143367   4.143643   48.95620  -16.39994     5.9521     6.0407         17  0.000e+00
   1862.500      44701     32.033    12.8662    12.8644   4.143393   4.143557   48.95620  -16.39994     5.9557     6.0406         17  0.000e+00
   1862.542      44702     32.168    12.8654    12.8643   4.143327   4.143577   48.95620  -16.39994     5.9526     6.0406         17  0.000e+00
   1862.583      44703     32.128    12.8654    12.8639   4.143300   4.143550   48.95620  -16.39994     5.9526     6.0402         17  0.000e+00
   1862.625      44704     32.033    12.8651    12.8635   4.143320   4.143524   48.95620  -16.39994     5.9558     6.0397         17  0.000e+00
   1862.667      44705     32.033    12.8654    12.8635   4.143307   4.143530   48.95620  -16.39994     5.9561     6.0360         17  0.000e+00
   1862.708      44706     32.236    12.8654    12.8635   4.143320   4.143577   48.95620  -16.39994     5.9565     6.0356         17  0.000e+00
   1862.750      44707     31.979    12.8656    12.8634   4.143327   4.143577   48.95620  -16.39994     5.9561     6.0349         17  0.000e+00
   1862.792      44708     32.033    12.8654    12.8634   4.143353   4.143557   48.95620  -16.39994     5.9527     6.0345         17  0.000e+00
   1862.833      44709     32.128    12.8654    12.8632   4.143340   4.143517   48.95620  -16.39994     5.9562     6.0341         17  0.000e+00
   1862.875      44710     32.033    12.8653    12.8632   4.143333   4.143517   48.95620  -16.39994     5.9526     6.0335         17  0.000e+00
   1862.917      44711     32.074    12.8654    12.8630   4.143307   4.143563   48.95620  -16.39994     5.9561     6.0331         17  0.000e+00
   1862.958      44712     31.939    12.8651    12.8634   4.143293   4.143557   48.95620  -16.39994     5.9524     6.0289         17  0.000e+00
   1863.000      44713     31.939    12.8651    12.8635   4.143267   4.143610   48.95620  -16.39994     5.9521     6.0281         17  0.000e+00
   1863.042      44714     32.033    12.8649    12.8635   4.143233   4.143590   48.95620  -16.39994     5.9551     6.0309         17  0.000e+00
   1863.083      44715     31.979    12.8646    12.8634   4.143247   4.143590   48.95620  -16.39994     5.9551     6.0304         17  0.000e+00
   1863.125      44716     31.939    12.8644    12.8635   4.143233   4.143577   48.95620  -16.39994     5.9551     6.0299         17  0.000e+00
   1863.167      44717     32.033    12.8641    12.8635   4.143167   4.143557   48.95620  -16.39994     5.9548     6.0260         17  0.000e+00
   1863.208      44718     32.033    12.8642    12.8639   4.143174   4.143596   48.95620  -16.39994     5.9546     6.0252         17  0.000e+00
   1863.250      44719     31.683    12.8638    12.8635   4.143133   4.143570   48.95622  -16.39992     5.9506     6.0277         17  0.000e+00
   1863.292      44720     31.939    12.8636    12.8637   4.143167   4.143596   48.95622  -16.39992     5.9539     6.0275         17  0.000e+00
   1863.333      44721     31.939    12.8637    12.8635   4.143107   4.143570   48.95622  -16.39992     5.9505     6.0239         17  0.000e+00
   1863.375      44722     31.939    12.8633    12.8635   4.143107   4.143570   48.95622  -16.39992     5.9536     6.0235         17  0.000e+00
   1863.417      44723     31.872    12.8634    12.8635   4.143087   4.143537   48.95622  -16.39992     5.9533     6.0230         17  0.000e+00
   1863.458      44724     31.831    12.8632    12.8635   4.143107   4.143478   48.95622  -16.39992     5.9535     6.0227         17  0.000e+00
   1863.500      44725     31.831    12.8631    12.8630   4.143060   4.143451   48.95622  -16.39992     5.9533     6.0259         17  0.000e+00
   1863.542      44726     31.737    12.8631    12.8627   4.143047   4.143405   48.95622  -16.39992     5.9492     6.0259         17  0.000e+00
   1863.583      44727     31.831    12.8626    12.8623   4.143014   4.143379   48.95622  -16.39992     5.9490     6.0225         17  0.000e+00
   1863.625      44728     31.777    12.8623    12.8621   4.143034   4.143385   48.95622  -16.39992     5.9483     6.0222         17  0.000e+00
   1863.667      44729     31.737    12.8625    12.8620   4.143014   4.143431   48.95622  -16.39992     5.9443     6.0254         17  0.000e+00
   1863.708      44730     31.831    12.8625    12.8623   4.143007   4.143491   48.95622  -16.39992     5.9473     6.0220         17  0.000e+00
   1863.750      44731     31.831    12.8621    12.8623   4.143007   4.143484   48.95622  -16.39992     5.9503     6.0250         17  0.000e+00
   1863.792      44732     31.480    12.8619    12.8625   4.142954   4.143464   48.95622  -16.39992     5.9464     6.0213         17  0.000e+00
   1863.833      44733     31.737    12.8621    12.8627   4.142940   4.143504   48.95622  -16.39992     5.9499     6.0212         17  0.000e+00
   1863.875      44734     31.737    12.8616    12.8629   4.142907   4.143478   48.95622  -16.39992     5.9464     6.0246         17  0.000e+00
   1863.917      44735     31.629    12.8613    12.8627   4.142841   4.143504   48.95622  -16.39992     5.9460     6.0246         17  0.000e+00
   1863.958      44736     31.777    12.8611    12.8629   4.142827   4.143504   48.95622  -16.39992     5.9494     6.0252         17  0.000e+00
   1864.000      44737     31.534    12.8604    12.8629   4.142747   4.143484   48.95622  -16.39992     5.9457     6.0220         17  0.000e+00
   1864.042      44738     31.534    12.8600    12.8627   4.142694   4.143444   48.95622  -16.39992     5.9454     6.0255         17  0.000e+00
   1879.208      45102     31.833    12.8641    12.8599   4.143260   4.143260   48.95622  -16.39992     5.9536     6.0513         18  0.000e+00
   1879.250      45103     31.981    12.8644    12.8601   4.143233   4.143306   48.95622  -16.39992     5.9506     6.0477         18  0.000e+00
   1879.292      45104     31.941    12.8644    12.8602   4.143247   4.143306   48.95622  -16.39992     5.9544     6.0474         18  0.000e+00
   1879.333      45105     31.941    12.8649    12.8602   4.143260   4.143233   48.95622  -16.39992     5.9549     6.0472         18  0.000e+00
   1879.375      45106     32.035    12.8653    12.8606   4.143307   4.143280   48.95622  -16.39992     5.9551     6.0469         18  0.000e+00
   1879.417      45107     31.833    12.8653    12.8604   4.143327   4.143286   48.95622  -16.39992     5.9554     6.0500         18  0.000e+00
   1879.458      45108     31.981    12.8653    12.8606   4.143307   4.143299   48.95622  -16.39992     5.9559     6.0500         18  0.000e+00
   1879.500      45109     31.941    12.8651    12.8608   4.143267   4.143273   48.95622  -16.39992     5.9522     6.0463         18  0.000e+00
   1879.542      45110     31.833    12.8651    12.8608   4.143287   4.143280   48.95622  -16.39992     5.9517     6.0493         18  0.000e+00
   1879.583      45111     31.941    12.8648    12.8606   4.143300   4.143299   48.95622  -16.39992     5.9554     6.0456         18  0.000e+00
   1879.625      45112     32.075    12.8646    12.8606   4.143267   4.143260   48.95622  -16.39992     5.9517     6.0452         18  0.000e+00
   1879.667      45113     31.833    12.8646    12.8604   4.143260   4.143233   48.95622  -16.39992     5.9510     6.0445         18  0.000e+00
   1879.708      45114     32.035    12.8644    12.8608   4.143233   4.143273   48.95622  -16.39992     5.9543     6.0439         18  0.000e+00
   1879.750      45115     31.833    12.8643    12.8606   4.143247   4.143299   48.95622  -16.39992     5.9506     6.0431         18  0.000e+00
   1879.792      45116     31.981    12.8642    12.8606   4.143180   4.143286   48.95622  -16.39992     5.9542     6.0428         18  0.000e+00
   1879.833      45117     31.738    12.8641    12.8605   4.143153   4.143266   48.95622  -16.39992     5.9538     6.0422         18  0.000e+00
   1879.875      45118     32.035    12.8636    12.8608   4.143120   4.143280   48.95622  -16.39992     5.9537     6.0420         18  0.000e+00
   1879.917      45119     31.941    12.8636    12.8608   4.143140   4.143299   48.95622  -16.39992     5.9496     6.0415         18  0.000e+00
   1879.958      45120     31.873    12.8636    12.8610   4.143127   4.143286   48.95622  -16.39992     5.9491     6.0374         18  0.000e+00
   1880.000      45121     31.941    12.8636    12.8608   4.143167   4.143299   48.95622  -16.39992     5.9524     6.0366         18  0.000e+00
   1880.042      45122     32.035    12.8632    12.8606   4.143160   4.143313   48.95622  -16.39992     5.9484     6.0359         18  0.000e+00
   1880.083      45123     31.833    12.8633    12.8608   4.143153   4.143306   48.95622  -16.39992     5.9477     6.0349         18  0.000e+00
   1880.125      45124     31.873    12.8634    12.8608   4.143094   4.143313   48.95622  -16.39992     5.9472     6.0341         18  0.000e+00
   1880.167      45125     31.833    12.8631    12.8606   4.143107   4.143332   48.95622  -16.39992     5.9504     6.0367         18  0.000e+00
   1880.208      45126     31.833    12.8633    12.8606   4.143087   4.143319   48.95622  -16.39992     5.9502     6.0326         18  0.000e+00
   1880.250      45127     32.035    12.8629    12.8610   4.143080   4.143280   48.95622  -16.39992     5.9502     6.0319         18  0.000e+00
   1880.292      45128     31.738    12.8628    12.8606   4.143020   4.143332   48.95622  -16.39992     5.9461     6.0310         18  0.000e+00
   1880.333      45129     31.981    12.8629    12.8608   4.143060   4.143319   48.95622  -16.39992     5.9493     6.0306         18  0.000e+00
   1880.375      45130     31.738    12.8631    12.8608   4.143080   4.143313   48.95622  -16.39992     5.9452     6.0298         18  0.000e+00
   1880.417      45131     31.833    12.8630    12.8610   4.143080   4.143306   48.95622  -16.39992     5.9450     6.0258         18  0.000e+00
   1880.458      45132     31.941    12.8631    12.8608   4.143134   4.143286   48.95622  -16.39992     5.9448     6.0285         18  0.000e+00
   1880.500      45133     31.981    12.8629    12.8610   4.143127   4.143266   48.95622  -16.39992     5.9441     6.0280         18  0.000e+00
   1880.542      45134     31.833    12.8631    12.8610   4.143167   4.143332   48.95622  -16.39992     5.9437     6.0241         18  0.000e+00
   1880.583      45135     31.738    12.8632    12.8613   4.143127   4.143372   48.95622  -16.39992     5.9433     6.0269         18  0.000e+00
   1880.625      45136     31.833    12.8636    12.8611   4.143140   4.143359   48.95622  -16.39992     5.9431     6.0268         18  0.000e+00
   1880.667      45137     31.873    12.8638    12.8611   4.143173   4.143372   48.95622  -16.39992     5.9424     6.0266         18  0.000e+00
   1880.708      45138     31.941    12.8639    12.8610   4.143160   4.143306   48.95622  -16.39992     5.9421     6.0265         18  0.000e+00
   1880.750      45139     31.738    12.8641    12.8608   4.143173   4.143247   48.95622  -16.39992     5.9380     6.0262         18  0.000e+00
   1880.792      45140     31.833    12.8641    12.8606   4.143187   4.143214   48.95622  -16.39992     5.9406     6.0261         18  0.000e+00
   1880.833      45141     31.873    12.8642    12.8604   4.143153   4.143253   48.95622  -16.39992     5.9403     6.0298         18  0.000e+00
   1880.875      45142     31.738    12.8643    12.8606   4.143207   4.143280   48.95622  -16.39992     5.9362     6.0263         18  0.000e+00
   1880.917      45143     31.833    12.8642    12.8608   4.143167   4.143299   48.95622  -16.39992     5.9393     6.0300         18  0.000e+00
   1880.958      45144     31.833    12.8642    12.8608   4.143207   4.143313   48.95622  -16.39992     5.9316     6.0270         18  0.000e+00
   1881.000      45145     31.833    12.8643    12.8610   4.143227   4.143306   48.95622  -16.39992     5.9379     6.0304         18  0.000e+00
   1881.042      45146     31.685    12.8642    12.8610   4.143193   4.143286   48.95622  -16.39992     5.9339     6.0305         18  0.000e+00
   1881.083      45147     31.738    12.8641    12.8606   4.143187   4.143214   48.95622  -16.39992     5.9333     6.0311         18  0.000e+00
   1881.125      45148     31.833    12.8639    12.8604   4.143134   4.143207   48.95622  -16.39992     5.9369     6.0317         18  0.000e+00
   1881.167      45149     31.739    12.8636    12.8601   4.143140   4.143227   48.95622  -16.39992     5.9334     6.0322         18  0.000e+00
   1881.208      45150     31.873    12.8635    12.8597   4.143094   4.143214   48.95622  -16.39992     5.9333     6.0329         18  0.000e+00
   1992.042      47810     11.702    13.5174    13.5106   4.209222   4.208669   48.95622  -16.39992     6.1103     6.1987         19  0.000e+00
   1992.083      47811     11.890    13.5169    13.5092   4.209135   4.208749   48.95622  -16.39992     6.1074     6.1981         19  0.000e+00
   1992.125      47812     11.796    13.5157    13.5086   4.208907   4.208716   48.95622  -16.39992     6.1109     6.1939         19  0.000e+00
   1992.167      47813     11.702    13.5137    13.5077   4.208706   4.208537   48.95622  -16.39992     6.1115     6.1932         19  0.000e+00
   1992.208      47814     11.796    13.5117    13.5063   4.208525   4.208317   48.95622  -16.39992     6.1088     6.1925         19  0.000e+00
   1992.250      47815     11.890    13.5102    13.5049   4.208452   4.208178   48.95622  -16.39992     6.1127     6.1918         19  0.000e+00
