Data_example/SBE_Data_Processed/JC231/SeaBird/Data/Processed/JC231_CTD_002c.ros
* Sea-Bird SBE 9 Data File:
* FileName = C:\Users\sandm\Documents\Cruises\JC231\CTD Data\CTD Raw Data\JC231_CTD_002.hex
* Software Version Seasave V 7.26.7.121
* Temperature SN = 5700
* Conductivity SN = 2164
* Number of Bytes Per Scan = 41
* Number of Voltage Words = 4
* Number of Scans Averaged by the Deck Unit = 1
* NMEA Latitude = 48 58.03 N
* NMEA Longitude = 016 21.45 W
* NMEA UTC (Time) = May 04 2022  10:05:52
* NMEA baud rate = 9600
** Ship: RRS James Cook
** Cruise: JC231
** Cast: 002
** Event:
** Station:
** Julian Day: 124
** Time (GMT): 10:05
** Latitude: 48 58.031' N
** Longitude: 16 21.446'' W
** Depth (uncorrected m): 4808m
** Principal Scientist: Dr Susan Hartman
** Operator:  TP / JG
# nquan = 13
# nvalues = 1127                                  
# units = specified
# name 0 = timeS: Time, Elapsed [seconds]
# name 1 = scan: Scan Count
# name 2 = prDM: Pressure, Digiquartz [db]
# name 3 = t090C: Temperature [ITS-90, deg C]
# name 4 = t190C: Temperature, 2 [ITS-90, deg C]
# name 5 = c0S/m: Conductivity [S/m]
# name 6 = c1S/m: Conductivity, 2 [S/m]
# name 7 = latitude: Latitude [deg]
# name 8 = longitude: Longitude [deg]
# name 9 = sbeox0ML/L: Oxygen, SBE 43 [ml/l]
# name 10 = sbeox1ML/L: Oxygen, SBE 43, 2 [ml/l]
# name 11 = nbf: Bottles Fired
# name 12 = flag:  0.000e+00
# interval = seconds: 0.0416667
# start_time = May 04 2022 10:05:53 [System UTC, first data scan.]
# bad_flag = -9.990e-29
*END*
[from data line 445]
  10580.667     253937   2536.239     3.1901     3.1904   3.286387   3.286736   48.96724  -16.35746     5.7607     5.8592         10  0.000e+00
  10580.708     253938   2536.335     3.1900     3.1905   3.286393   3.286760   48.96724  -16.35746     5.7605     5.8590         10  0.000e+00
  10580.750     253939   2536.335     3.1901     3.1903   3.286405   3.286772   48.96724  -16.35746     5.7525     5.8588         10  0.000e+00
  10580.792     253940   2536.336     3.1901     3.1904   3.286411   3.286754   48.96724  -16.35746     5.7582     5.8658         10  0.000e+00
  10580.833     253941   2536.239     3.1902     3.1905   3.286411   3.286766   48.96724  -16.35746     5.7580     5.8596         10  0.000e+00
  10580.875     253942   2536.128     3.1902     3.1904   3.286387   3.286754   48.96724  -16.35746     5.7578     5.8592         10  0.000e+00
  10580.917     253943   2536.336     3.1901     3.1902   3.286423   3.286742   48.96724  -16.35746     5.7578     5.8592         10  0.000e+00
  10580.958     253944   2536.239     3.1900     3.1903   3.286393   3.286760   48.96724  -16.35746     5.7576     5.8588         10  0.000e+00
  10581.000     253945   2536.336     3.1902     3.1904   3.286399   3.286754   48.96724  -16.35746     5.7574     5.8585         10  0.000e+00
  10581.042     253946   2536.336     3.1899     3.1902   3.286411   3.286718   48.96724  -16.35746     5.7496     5.8583         10  0.000e+00
  10581.083     253947   2536.239     3.1904     3.1902   3.286411   3.286766   48.96724  -16.35746     5.7552     5.8579         10  0.000e+00
  10581.125     253948   2536.239     3.1901     3.1902   3.286399   3.286748   48.96724  -16.35746     5.7552     5.8576         10  0.000e+00
  10581.167     253949   2536.336     3.1904     3.1902   3.286405   3.286742   48.96724  -16.35746     5.7552     5.8574         10  0.000e+00
  10581.208     253950   2536.336     3.1899     3.1905   3.286411   3.286772   48.96724  -16.35746     5.7551     5.8570         10  0.000e+00
  10581.250     253951   2536.239     3.1901     3.1903   3.286411   3.286748   48.96724  -16.35746     5.7550     5.8639         10  0.000e+00
  10581.292     253952   2536.239     3.1899     3.1904   3.286387   3.286748   48.96724  -16.35746     5.7549     5.8577         10  0.000e+00
  10581.333     253953   2536.239     3.1901     3.1903   3.286381   3.286766   48.96724  -16.35746     5.7548     5.8574         10  0.000e+00
  10581.375     253954   2536.239     3.1901     3.1904   3.286423   3.286772   48.96724  -16.35746     5.7547     5.8570         10  0.000e+00
  10581.417     253955   2536.447     3.1901     3.1903   3.286369   3.286779   48.96724  -16.35746     5.7548     5.8569         10  0.000e+00
  10581.458     253956   2536.239     3.1899     3.1903   3.286393   3.286748   48.96724  -16.35746     5.7546     5.8564         10  0.000e+00
  10581.500     253957   2536.336     3.1900     3.1900   3.286411   3.286785   48.96724  -16.35746     5.7546     5.8561         10  0.000e+00
  10581.542     253958   2536.336     3.1902     3.1903   3.286375   3.286766   48.96724  -16.35746     5.7545     5.8629         10  0.000e+00
  10581.583     253959   2536.129     3.1901     3.1904   3.286375   3.286766   48.96724  -16.35746     5.7543     5.8565         10  0.000e+00
  10581.625     253960   2536.240     3.1902     3.1902   3.286381   3.286736   48.96724  -16.35746     5.7542     5.8563         10  0.000e+00
  10581.667     253961   2536.336     3.1901     3.1902   3.286381   3.286760   48.96724  -16.35746     5.7543     5.8559         10  0.000e+00
  10581.708     253962   2536.336     3.1899     3.1905   3.286381   3.286748   48.96724  -16.35746     5.7561     5.8555         10  0.000e+00
  10581.750     253963   2536.336     3.1901     3.1905   3.286399   3.286748   48.96724  -16.35746     5.7561     5.8551         10  0.000e+00
  10581.792     253964   2536.240     3.1901     3.1902   3.286387   3.286742   48.96724  -16.35746     5.7560     5.8546         10  0.000e+00
  10581.833     253965   2536.240     3.1902     3.1903   3.286356   3.286772   48.96724  -16.35746     5.7560     5.8614         10  0.000e+00
  10581.875     253966   2536.240     3.1902     3.1904   3.286393   3.286772   48.96724  -16.35746     5.7560     5.8623         10  0.000e+00
  10581.917     253967   2536.447     3.1902     3.1905   3.286387   3.286748   48.96724  -16.35746     5.7562     5.8561         10  0.000e+00
  10581.958     253968   2536.337     3.1902     3.1903   3.286344   3.286748   48.96724  -16.35746     5.7561     5.8541         10  0.000e+00
  10582.000     253969   2536.129     3.1901     3.1902   3.286368   3.286718   48.96724  -16.35746     5.7560     5.8534         10  0.000e+00
  10582.042     253970   2536.337     3.1901     3.1905   3.286381   3.286766   48.96724  -16.35746     5.7561     5.8543         10  0.000e+00
  10582.083     253971   2536.240     3.1899     3.1900   3.286399   3.286772   48.96724  -16.35746     5.7560     5.8553         10  0.000e+00
  10582.125     253972   2536.337     3.1901     3.1903   3.286387   3.286748   48.96724  -16.35746     5.7580     5.8548         10  0.000e+00
  10582.167     253973   2536.337     3.1899     3.1904   3.286381   3.286748   48.96724  -16.35746     5.7581     5.8544         10  0.000e+00
  10582.208     253974   2536.337     3.1901     3.1903   3.286381   3.286742   48.96724  -16.35746     5.7582     5.8539         10  0.000e+00
  10582.250     253975   2536.337     3.1901     3.1903   3.286381   3.286760   48.96724  -16.35746     5.7583     5.8534         10  0.000e+00
  10582.292     253976   2536.130     3.1901     3.1905   3.286356   3.286754   48.96724  -16.35746     5.7582     5.8528         10  0.000e+00
  10582.333     253977   2536.337     3.1902     3.1903   3.286369   3.286791   48.96724  -16.35746     5.7603     5.8539         10  0.000e+00
  10582.375     253978   2536.448     3.1899     3.1900   3.286369   3.286766   48.96724  -16.35746     5.7606     5.8551         10  0.000e+00
  10582.417     253979   2536.130     3.1902     3.1902   3.286350   3.286742   48.96724  -16.35746     5.7605     5.8545         10  0.000e+00
  10582.458     253980   2536.337     3.1901     3.1903   3.286369   3.286742   48.96724  -16.35746     5.7608     5.8558         10  0.000e+00
  10582.500     253981   2536.337     3.1902     3.1900   3.286399   3.286772   48.96724  -16.35746     5.7532     5.8555         10  0.000e+00
  10938.417     262523   2280.139     3.4212     3.4227   3.296276   3.296747   48.96722  -16.35746     5.8976     5.9933         11  0.000e+00
  10938.458     262524   2280.139     3.4210     3.4227   3.296251   3.296765   48.96722  -16.35746     5.8920     5.9864         11  0.000e+00
  10938.500     262525   2280.139     3.4210     3.4230   3.296245   3.296778   48.96722  -16.35746     5.8919     5.9851         11  0.000e+00
  10938.542     262526   2280.139     3.4210     3.4230   3.296245   3.296753   48.96722  -16.35746     5.8918     5.9838         11  0.000e+00
  10938.583     262527   2280.029     3.4212     3.4228   3.296264   3.296747   48.96722  -16.35746     5.8916     5.9892         11  0.000e+00
  10938.625     262528   2280.236     3.4210     3.4228   3.296251   3.296747   48.96722  -16.35746     5.8917     5.9825         11  0.000e+00
  10938.667     262529   2279.933     3.4212     3.4226   3.296264   3.296747   48.96722  -16.35746     5.8841     5.9877         11  0.000e+00
  10938.708     262530   2280.139     3.4210     3.4227   3.296276   3.296723   48.96722  -16.35746     5.8972     5.9877         11  0.000e+00
  10938.750     262531   2280.139     3.4213     3.4225   3.296276   3.296717   48.96722  -16.35746     5.8915     5.9888         11  0.000e+00
  10938.792     262532   2280.029     3.4215     3.4225   3.296276   3.296717   48.96722  -16.35746     5.8913     5.9898         11  0.000e+00
  10938.833     262533   2280.139     3.4213     3.4225   3.296294   3.296717   48.96722  -16.35746     5.8913     5.9842         11  0.000e+00
  10938.875     262534   2280.057     3.4215     3.4226   3.296306   3.296693   48.96722  -16.35746     5.8912     5.9827         11  0.000e+00
  10938.917     262535   2280.139     3.4215     3.4227   3.296282   3.296705   48.96722  -16.35746     5.8821     5.9814         11  0.000e+00
  10938.958     262536   2280.140     3.4215     3.4227   3.296276   3.296693   48.96722  -16.35746     5.8877     5.9881         11  0.000e+00
  10939.000     262537   2280.140     3.4212     3.4225   3.296294   3.296705   48.96722  -16.35746     5.8876     5.9824         11  0.000e+00
  10939.042     262538   2280.236     3.4213     3.4225   3.296324   3.296669   48.96722  -16.35746     5.8876     5.9812         11  0.000e+00
  10939.083     262539   2280.029     3.4212     3.4224   3.296331   3.296675   48.96722  -16.35746     5.8874     5.9865         11  0.000e+00
  10939.125     262540   2280.140     3.4213     3.4223   3.296331   3.296705   48.96722  -16.35746     5.8801     5.9796         11  0.000e+00
  10939.167     262541   2280.140     3.4212     3.4225   3.296312   3.296693   48.96722  -16.35746     5.8857     5.9795         11  0.000e+00
  10939.208     262542   2279.933     3.4215     3.4222   3.296324   3.296663   48.96722  -16.35746     5.8928     5.9780         11  0.000e+00
  10939.250     262543   2280.140     3.4214     3.4221   3.296312   3.296723   48.96722  -16.35746     5.8856     5.9836         11  0.000e+00
  10939.292     262544   2280.140     3.4216     3.4222   3.296306   3.296723   48.96722  -16.35746     5.8927     5.9847         11  0.000e+00
  10939.333     262545   2280.140     3.4216     3.4222   3.296306   3.296717   48.96722  -16.35746     5.8869     5.9859         11  0.000e+00
  10939.375     262546   2280.140     3.4217     3.4223   3.296282   3.296717   48.96722  -16.35746     5.8884     5.9870         11  0.000e+00
  10939.417     262547   2280.140     3.4216     3.4222   3.296294   3.296693   48.96722  -16.35746     5.8883     5.9801         11  0.000e+00
  10939.458     262548   2280.140     3.4218     3.4223   3.296306   3.296705   48.96722  -16.35746     5.8881     5.9799         11  0.000e+00
  10939.500     262549   2279.933     3.4219     3.4222   3.296306   3.296735   48.96722  -16.35746     5.8878     5.9865         11  0.000e+00
  10939.542     262550   2280.140     3.4217     3.4223   3.296324   3.296723   48.96722  -16.35746     5.8878     5.9866         11  0.000e+00
  10939.583     262551   2280.237     3.4216     3.4222   3.296312   3.296717   48.96722  -16.35746     5.8878     5.9865         11  0.000e+00
  10939.625     262552   2280.140     3.4218     3.4224   3.296324   3.296717   48.96722  -16.35746     5.8948     5.9875         11  0.000e+00
  10939.667     262553   2280.140     3.4216     3.4223   3.296312   3.296717   48.96722  -16.35746     5.8873     5.9818         11  0.000e+00
  10939.708     262554   2279.933     3.4218     3.4225   3.296324   3.296693   48.96722  -16.35746     5.8850     5.9815         11  0.000e+00
  10939.750     262555   2280.140     3.4217     3.4225   3.296312   3.296705   48.96722  -16.35746     5.8849     5.9884         11  0.000e+00
  10939.792     262556   2280.140     3.4218     3.4225   3.296324   3.296717   48.96722  -16.35746     5.8828     5.9896         11  0.000e+00
  10939.833     262557   2280.140     3.4218     3.4223   3.296312   3.296735   48.96722  -16.35746     5.8823     5.9908         11  0.000e+00
  10939.875     262558   2280.140     3.4223     3.4225   3.296306   3.296723   48.96722  -16.35746     5.8819     5.9920         11  0.000e+00
  10939.917     262559   2280.030     3.4217     3.4225   3.296306   3.296717   48.96722  -16.35746     5.8814     5.9931         11  0.000e+00
  10939.958     262560   2280.140     3.4221     3.4225   3.296306   3.296717   48.96724  -16.35746     5.8901     5.9876         11  0.000e+00
  10940.000     262561   2279.961     3.4220     3.4223   3.296324   3.296735   48.96724  -16.35746     5.8839     5.9862         11  0.000e+00
  10940.042     262562   2280.237     3.4221     3.4225   3.296312   3.296723   48.96724  -16.35746     5.8837     5.9919         11  0.000e+00
  10940.083     262563   2280.030     3.4222     3.4223   3.296306   3.296717   48.96724  -16.35746     5.8849     5.9916         11  0.000e+00
  10940.125     262564   2280.237     3.4223     3.4223   3.296306   3.296693   48.96724  -16.35746     5.8847     5.9930         11  0.000e+00
  10940.167     262565   2280.030     3.4223     3.4225   3.296306   3.296729   48.96724  -16.35746     5.8841     5.9871         11  0.000e+00
  10940.208     262566   2280.030     3.4222     3.4223   3.296324   3.296699   48.96724  -16.35746     5.8911     5.9939         11  0.000e+00
  10940.250     262567   2280.141     3.4219     3.4223   3.296312   3.296705   48.96724  -16.35746     5.8852     5.9952         11  0.000e+00
  10940.292     262568   2280.141     3.4220     3.4225   3.296324   3.296717   48.96724  -16.35746     5.8865     5.9882         11  0.000e+00
  10940.333     262569   2280.141     3.4221     3.4223   3.296312   3.296717   48.96724  -16.35746     5.8879     5.9937         11  0.000e+00
  10940.375     262570   2280.141     3.4218     3.4227   3.296306   3.296717   48.96724  -16.35746     5.8876     5.9935         11  0.000e+00
  10940.417     262571   2279.934     3.4221     3.4223   3.296282   3.296759   48.96724  -16.35746     5.8872     5.9864         11  0.000e+00
  11340.750     272179   2024.240     3.6468     3.6479   3.304982   3.305410   48.96724  -16.35746     5.9988     6.0932         12  0.000e+00
  11340.792     272180   2024.350     3.6470     3.6479   3.305013   3.305404   48.96724  -16.35746     6.0001     6.0925         12  0.000e+00
  11340.833     272181   2024.240     3.6468     3.6478   3.304988   3.305380   48.96724  -16.35746     5.9944     6.0917         12  0.000e+00
  11340.875     272182   2024.240     3.6470     3.6477   3.305031   3.305446   48.96724  -16.35746     5.9995     6.0909         12  0.000e+00
  11340.917     272183   2024.240     3.6470     3.6479   3.304994   3.305446   48.96724  -16.35746     5.9992     6.0902         12  0.000e+00
  11340.958     272184   2024.199     3.6468     3.6477   3.305013   3.305440   48.96724  -16.35746     5.9935     6.0970         12  0.000e+00
  11341.000     272185   2024.350     3.6467     3.6477   3.305007   3.305440   48.96724  -16.35746     5.9987     6.0975         12  0.000e+00
  11341.042     272186   2024.240     3.6468     3.6475   3.305007   3.305440   48.96724  -16.35746     5.9982     6.0925         12  0.000e+00
  11341.083     272187   2024.240     3.6465     3.6478   3.304994   3.305410   48.96724  -16.35746     5.9909     6.0982         12  0.000e+00
  11341.125     272188   2024.240     3.6468     3.6479   3.305001   3.305428   48.96724  -16.35746     5.9974     6.0921         12  0.000e+00
  11341.167     272189   2024.240     3.6468     3.6477   3.304994   3.305440   48.96724  -16.35746     5.9985     6.0989         12  0.000e+00
  11341.208     272190   2024.240     3.6468     3.6477   3.304976   3.305440   48.96724  -16.35746     5.9928     6.0940         12  0.000e+00
  11341.250     272191   2024.240     3.6466     3.6477   3.304994   3.305440   48.96724  -16.35746     5.9925     6.0944         12  0.000e+00
  11341.292     272192   2024.350     3.6468     3.6479   3.304995   3.305440   48.96724  -16.35746     5.9992     6.1014         12  0.000e+00
  11341.333     272193   2024.144     3.6468     3.6478   3.305025   3.305416   48.96724  -16.35746     5.9987     6.0952         12  0.000e+00
  11341.375     272194   2024.351     3.6468     3.6479   3.305049   3.305404   48.96724  -16.35746     5.9931     6.0958         12  0.000e+00
