Data_example/SBE_Data_Processed/JC231/SeaBird/Data/Processed/JC231_CTD_006cfaldb.cnv
* Sea-Bird SBE 9 Data File:
* FileName = C:\Users\sandm\Documents\Cruises\JC231\CTD Data\CTD Raw Data\JC231_CTD_006.hex
* Software Version Seasave V 7.26.7.121
* Temperature SN = 5700
* Conductivity SN = 2164
* Number of Bytes Per Scan = 41
* Number of Voltage Words = 4
* Number of Scans Averaged by the Deck Unit = 1
* NMEA Latitude = 48 59.89 N
* NMEA Longitude = 016 27.00 W
* NMEA UTC (Time) = May 10 2022  15:27:45
* NMEA baud rate = 9600
** Ship: RRS James Cook
** Cruise: JC231
** Cast: 006
** Event:
** Station:
** Julian Day: 130
** Time (GMT): 15:30
** Latitude: 48 59.892' N
** Longitude: 16 27.004' W
** Depth (uncorrected m): 4806m
** Principal Scientist: Dr Susan Hartman
** Operator:  TP / JG
# nquan = 15
# nvalues = 2026                        
# units = specified
# name 0 = timeS: Time, Elapsed [seconds]
# name 1 = scan: Scan Count
# name 2 = prDM: Pressure, Digiquartz [db]
# name 3 = t090C: Temperature [ITS-90, deg C]
# name 4 = t190C: Temperature, 2 [ITS-90, deg C]
# name 5 = c0S/m: Conductivity [S/m]
# name 6 = c1S/m: Conductivity, 2 [S/m]
# name 7 = latitude: Latitude [deg]
# name 8 = longitude: Longitude [deg]
# name 9 = sbeox0ML/L: Oxygen, SBE 43 [ml/l]
# name 10 = sbeox1ML/L: Oxygen, SBE 43, 2 [ml/l]
# name 11 = depSM: Depth [salt water, m], lat = 48.9982
# name 12 = sal00: Salinity, Practical [PSU]
# name 13 = sal11: Salinity, Practical, 2 [PSU]
# name 14 = flag: flag
# span 0 =    687.209,   6515.422       
# span 1 =      16494,     156371       
# span 2 =      1.000,   1014.000       
# span 3 =     7.4803,    13.9105       
# span 4 =     7.4847,    13.9136       
# span 5 =   3.643881,   4.247297       
# span 6 =   3.644501,   4.247864       
# span 7 =   48.99794,   49.00697       
# span 8 =  -16.45956,  -16.45001       
# span 9 =     4.1729,     5.9313       
# span 10 =     4.2432,     6.0029      
# span 11 =      0.991,   1002.950      
# span 12 =    30.5994,    35.6839      
# span 13 =    33.4187,    35.6882      
# span 14 = 0.0000e+00, 0.0000e+00      
# interval = decibars: 1                
# start_time = May 10 2022 15:27:47 [System UTC, first data scan.]
# bad_flag = -9.990e-29
*END*
[from data line 964]
   2014.377      48346    965.000     7.5461     7.5477   3.651627   3.651960   48.99820  -16.45055     4.4722     4.5698    954.596    35.3216    35.3237 0.0000e+00
   2015.375      48370    966.000     7.5260     7.5276   3.649555   3.649911   48.99820  -16.45055     4.4794     4.5725    955.583    35.3190    35.3213 0.0000e+00
   2016.367      48394    967.000     7.5064     7.5083   3.647410   3.647763   48.99820  -16.45056     4.4855     4.5743    956.570    35.3151    35.3171 0.0000e+00
   2017.352      48417    968.000     7.4915     7.4940   3.645617   3.646038   48.99820  -16.45056     4.4907     4.5779    957.557    35.3104    35.3124 0.0000e+00
   2018.329      48441    969.000     7.4828     7.4860   3.644395   3.644909   48.99820  -16.45057     4.4965     4.5799    958.544    35.3055    35.3078 0.0000e+00
   2019.297      48464    970.000     7.4803     7.4847   3.643881   3.644501   48.99820  -16.45057     4.5028     4.5800    959.531    35.3020    35.3042 0.0000e+00
   2020.260      48487    971.000     7.4836     7.4916   3.643964   3.644875   48.99820  -16.45057     4.5019     4.5787    960.517    35.2990    35.3008 0.0000e+00
   2021.226      48510    972.000     7.4985     7.5099   3.644961   3.646333   48.99820  -16.45056     4.4931     4.5727    961.504    35.2943    35.2977 0.0000e+00
   2022.199      48534    973.000     7.5370     7.5509   3.647845   3.649573   48.99820  -16.45056     4.4869     4.5686    962.491    35.2863    35.2910 0.0000e+00
   2023.178      48557    974.000     7.6174     7.6320   3.654795   3.656905   48.99820  -16.45056     4.4900     4.5695    963.478    35.2798    35.2879 0.0000e+00
   2024.162      48581    975.000     7.6949     7.7023   3.664883   3.666477   48.99820  -16.45057     4.4879     4.5579    964.465    35.3100    35.3198 0.0000e+00
   2025.153      48605    976.000     7.7339     7.7406   3.671207   3.672185   48.99820  -16.45057     4.4676     4.5354    965.452    35.3384    35.3422 0.0000e+00
   2026.145      48628    977.000     7.7580     7.7649   3.674527   3.675644   48.99820  -16.45058     4.4479     4.5195    966.439    35.3494    35.3544 0.0000e+00
   2027.134      48652    978.000     7.7732     7.7776   3.676921   3.677761   48.99820  -16.45058     4.4373     4.5124    967.426    35.3593    35.3640 0.0000e+00
   2028.120      48676    979.000     7.7780     7.7805   3.678138   3.678719   48.99820  -16.45059     4.4323     4.5094    968.413    35.3671    35.3708 0.0000e+00
   2029.102      48699    980.000     7.7745     7.7758   3.678290   3.678682   48.99820  -16.45060     4.4320     4.5108    969.400    35.3718    35.3747 0.0000e+00
   2030.083      48723    981.000     7.7682     7.7695   3.677807   3.678140   48.99820  -16.45060     4.4342     4.5122    970.386    35.3724    35.3748 0.0000e+00
   2031.067      48747    982.000     7.7623     7.7638   3.677267   3.677614   48.99820  -16.45060     4.4362     4.5094    971.373    35.3721    35.3744 0.0000e+00
   2032.052      48770    983.000     7.7571     7.7589   3.676756   3.677143   48.99820  -16.45060     4.4385     4.5069    972.360    35.3715    35.3738 0.0000e+00
   2033.033      48794    984.000     7.7528     7.7548   3.676319   3.676736   48.99820  -16.45060     4.4408     4.5121    973.347    35.3706    35.3731 0.0000e+00
   2034.003      48817    985.000     7.7490     7.7508   3.675984   3.676410   48.99820  -16.45060     4.4423     4.5185    974.334    35.3704    35.3731 0.0000e+00
   2034.964      48840    986.000     7.7436     7.7450   3.675570   3.675946   48.99820  -16.45060     4.4417     4.5214    975.321    35.3709    35.3735 0.0000e+00
   2035.928      48863    987.000     7.7362     7.7369   3.674931   3.675237   48.99820  -16.45060     4.4428     4.5218    976.307    35.3710    35.3736 0.0000e+00
   2036.910      48887    988.000     7.7258     7.7259   3.674012   3.674249   48.99820  -16.45061     4.4483     4.5236    977.294    35.3711    35.3736 0.0000e+00
   2037.911      48911    989.000     7.7102     7.7094   3.672685   3.672824   48.99820  -16.45062     4.4539     4.5274    978.281    35.3721    35.3743 0.0000e+00
   2038.915      48935    990.000     7.6886     7.6885   3.670663   3.670784   48.99820  -16.45062     4.4556     4.5342    979.268    35.3716    35.3730 0.0000e+00
   2039.914      48959    991.000     7.6678     7.6690   3.668372   3.668620   48.99820  -16.45063     4.4575     4.5428    980.255    35.3675    35.3689 0.0000e+00
   2040.909      48983    992.000     7.6558     7.6582   3.666685   3.667095   48.99820  -16.45064     4.4654     4.5498    981.242    35.3609    35.3629 0.0000e+00
   2041.894      49006    993.000     7.6510     7.6539   3.665979   3.666504   48.99820  -16.45064     4.4723     4.5550    982.228    35.3577    35.3604 0.0000e+00
   2042.863      49030    994.000     7.6473     7.6499   3.665663   3.666191   48.99820  -16.45064     4.4754     4.5583    983.215    35.3575    35.3606 0.0000e+00
   2043.816      49053    995.000     7.6408     7.6429   3.665208   3.665671   48.99820  -16.45064     4.4760     4.5612    984.202    35.3587    35.3615 0.0000e+00
   2044.768      49075    996.000     7.6346     7.6366   3.664566   3.664991   48.99820  -16.45064     4.4768     4.5644    985.189    35.3576    35.3602 0.0000e+00
   2045.733      49099    997.000     7.6287     7.6307   3.664076   3.664503   48.99820  -16.45064     4.4795     4.5677    986.176    35.3578    35.3604 0.0000e+00
   2046.722      49122    998.000     7.6191     7.6210   3.663485   3.663898   48.99820  -16.45064     4.4817     4.5696    987.162    35.3606    35.3632 0.0000e+00
   2047.731      49147    999.000     7.6093     7.6107   3.662618   3.663005   48.99820  -16.45064     4.4844     4.5703    988.149    35.3607    35.3634 0.0000e+00
   2048.742      49171   1000.000     7.6053     7.6062   3.662147   3.662458   48.99820  -16.45065     4.4893     4.5736    989.136    35.3592    35.3616 0.0000e+00
   2049.738      49195   1001.000     7.6020     7.6037   3.661941   3.662311   48.99820  -16.45066     4.4918     4.5767    990.123    35.3598    35.3621 0.0000e+00
   2050.714      49218   1002.000     7.5983     7.5999   3.661651   3.662070   48.99820  -16.45066     4.4935     4.5785    991.109    35.3599    35.3628 0.0000e+00
   2051.678      49241   1003.000     7.5939     7.5959   3.661351   3.661761   48.99820  -16.45066     4.4970     4.5813    992.096    35.3606    35.3631 0.0000e+00
   2052.645      49264   1004.000     7.5890     7.5913   3.660956   3.661424   48.99820  -16.45066     4.5010     4.5833    993.083    35.3609    35.3636 0.0000e+00
   2053.627      49288   1005.000     7.5839     7.5862   3.660493   3.660958   48.99820  -16.45067     4.5035     4.5845    994.070    35.3606    35.3633 0.0000e+00
   2054.620      49312   1006.000     7.5776     7.5794   3.659998   3.660426   48.99820  -16.45068     4.5028     4.5856    995.056    35.3611    35.3640 0.0000e+00
   2055.612      49336   1007.000     7.5687     7.5699   3.659214   3.659558   48.99820  -16.45068     4.5002     4.5862    996.043    35.3612    35.3637 0.0000e+00
   2056.606      49360   1008.000     7.5599     7.5609   3.658297   3.658620   48.99820  -16.45068     4.4996     4.5880    997.030    35.3597    35.3621 0.0000e+00
   2057.623      49384   1009.000     7.5526     7.5530   3.657465   3.657731   48.99820  -16.45068     4.5028     4.5913    998.017    35.3576    35.3600 0.0000e+00
   2058.701      49410   1010.000     7.5479     7.5486   3.656855   3.657122   48.99820  -16.45068     4.5044     4.5948    999.003    35.3553    35.3574 0.0000e+00
   2059.883      49438   1011.000     7.5452     7.5462   3.656519   3.656835   48.99820  -16.45067     4.5065     4.5931    999.990    35.3539    35.3563 0.0000e+00
   2061.229      49470   1012.000     7.5428     7.5431   3.656290   3.656552   48.99820  -16.45067     4.5096     4.5907   1000.977    35.3535    35.3559 0.0000e+00
   2062.893      49510   1013.000     7.5396     7.5396   3.655936   3.656172   48.99820  -16.45068     4.5110     4.5948   1001.964    35.3523    35.3549 0.0000e+00
   2871.240      68911   1014.000     7.5477     7.5433   3.656525   3.656434   48.99814  -16.45185     4.5208     4.5995   1002.950    35.3500    35.3535 0.0000e+00
   4094.727      98274   1013.000     7.5496     7.5512   3.656730   3.657178   48.99804  -16.45358     4.5287     4.6019   1001.964    35.3508    35.3540 0.0000e+00
   4057.330      97377   1012.000     7.5500     7.5536   3.656707   3.657314   48.99805  -16.45354     4.5231     4.6044   1000.977    35.3506    35.3536 0.0000e+00
   4058.716      97410   1011.000     7.5518     7.5594   3.656787   3.657747   48.99806  -16.45355     4.5233     4.6063    999.990    35.3502    35.3529 0.0000e+00
   4059.934      97439   1010.000     7.5559     7.5662   3.657071   3.658396   48.99806  -16.45356     4.5253     4.6049    999.004    35.3496    35.3535 0.0000e+00
   4061.070      97467   1009.000     7.5609     7.5713   3.657524   3.658940   48.99806  -16.45356     4.5300     4.6032    998.017    35.3498    35.3547 0.0000e+00
   4062.152      97493   1008.000     7.5660     7.5752   3.658003   3.659323   48.99806  -16.45356     4.5330     4.6012    997.030    35.3504    35.3554 0.0000e+00
   4063.195      97518   1007.000     7.5704     7.5810   3.658441   3.659743   48.99806  -16.45356     4.5302     4.5995    996.043    35.3511    35.3545 0.0000e+00
   4064.222      97542   1006.000     7.5750     7.5913   3.658843   3.660615   48.99806  -16.45356     4.5253     4.6011    995.057    35.3513    35.3540 0.0000e+00
   4065.239      97567   1005.000     7.5821     7.5976   3.659398   3.661490   48.99805  -16.45356     4.5229     4.5993    994.070    35.3506    35.3575 0.0000e+00
   4066.234      97591   1004.000     7.5899     7.5989   3.660185   3.661703   48.99804  -16.45356     4.5215     4.5946    993.083    35.3516    35.3589 0.0000e+00
   4067.211      97614   1003.000     7.5943     7.5987   3.660767   3.661622   48.99804  -16.45355     4.5187     4.5926    992.096    35.3540    35.3588 0.0000e+00
   4068.179      97637   1002.000     7.5956     7.5989   3.660933   3.661508   48.99804  -16.45354     4.5148     4.5917    991.109    35.3549    35.3578 0.0000e+00
   4069.151      97661   1001.000     7.5960     7.6004   3.660909   3.661526   48.99805  -16.45355     4.5120     4.5896    990.123    35.3547    35.3570 0.0000e+00
   4070.125      97684   1000.000     7.5969     7.6042   3.660874   3.661752   48.99806  -16.45355     4.5097     4.5898    989.136    35.3539    35.3560 0.0000e+00
   4071.087      97707    999.000     7.5996     7.6083   3.660988   3.662154   48.99806  -16.45356     4.5082     4.5905    988.149    35.3529    35.3567 0.0000e+00
   4072.034      97730    998.000     7.6032     7.6113   3.661281   3.662412   48.99806  -16.45357     4.5054     4.5888    987.162    35.3529    35.3569 0.0000e+00
   4072.975      97752    997.000     7.6064     7.6150   3.661563   3.662630   48.99806  -16.45358     4.5026     4.5868    986.176    35.3532    35.3560 0.0000e+00
   4073.931      97775    996.000     7.6095     7.6208   3.661793   3.662988   48.99806  -16.45359     4.5024     4.5854    985.189    35.3530    35.3545 0.0000e+00
   4074.923      97799    995.000     7.6136     7.6275   3.662054   3.663464   48.99806  -16.45359     4.5036     4.5828    984.202    35.3522    35.3533 0.0000e+00
   4075.953      97824    994.000     7.6187     7.6338   3.662393   3.663953   48.99806  -16.45359     4.5031     4.5788    983.215    35.3512    35.3527 0.0000e+00
   4076.995      97849    993.000     7.6248     7.6401   3.662800   3.664461   48.99806  -16.45358     4.4984     4.5765    982.228    35.3498    35.3523 0.0000e+00
   4078.027      97874    992.000     7.6323     7.6485   3.663351   3.665154   48.99806  -16.45357     4.4933     4.5748    981.242    35.3487    35.3518 0.0000e+00
   4079.039      97898    991.000     7.6407     7.6598   3.664045   3.666095   48.99805  -16.45356     4.4923     4.5723    980.255    35.3481    35.3510 0.0000e+00
   4080.033      97922    990.000     7.6500     7.6738   3.664855   3.667411   48.99804  -16.45356     4.4901     4.5683    979.268    35.3480    35.3515 0.0000e+00
   4081.014      97945    989.000     7.6616     7.6869   3.665845   3.668719   48.99804  -16.45356     4.4882     4.5622    978.281    35.3474    35.3529 0.0000e+00
   4081.979      97969    988.000     7.6757     7.7015   3.667140   3.670102   48.99805  -16.45356     4.4867     4.5576    977.294    35.3476    35.3536 0.0000e+00
   4082.923      97991    987.000     7.6906     7.7174   3.668594   3.671742   48.99806  -16.45357     4.4836     4.5557    976.307    35.3488    35.3556 0.0000e+00
   4083.850      98013    986.000     7.7052     7.7292   3.670086   3.673188   48.99806  -16.45358     4.4806     4.5526    975.321    35.3506    35.3598 0.0000e+00
   4084.776      98036    985.000     7.7186     7.7377   3.671569   3.674135   48.99806  -16.45359     4.4767     4.5487    974.334    35.3535    35.3619 0.0000e+00
   4085.719      98058    984.000     7.7282     7.7460   3.672752   3.674978   48.99806  -16.45359     4.4728     4.5455    973.347    35.3570    35.3630 0.0000e+00
   4086.698      98082    983.000     7.7355     7.7520   3.673567   3.675710   48.99806  -16.45360     4.4712     4.5425    972.360    35.3589    35.3653 0.0000e+00
   4087.718      98106    982.000     7.7426     7.7561   3.674273   3.676122   48.99806  -16.45360     4.4698     4.5396    971.373    35.3598    35.3661 0.0000e+00
   4088.769      98131    981.000     7.7488     7.7589   3.674933   3.676453   48.99806  -16.45359     4.4674     4.5379    970.386    35.3612    35.3673 0.0000e+00
   4089.822      98157    980.000     7.7537     7.7516   3.675443   3.676131   48.99806  -16.45358     4.4666     4.5417    969.399    35.3621    35.3716 0.0000e+00
   4090.855      98182    979.000     7.7546     7.7183   3.675697   3.673705   48.99806  -16.45357     4.4662     4.5478    968.413    35.3645    35.3795 0.0000e+00
   4091.860      98206    978.000     7.7417     7.6572   3.674962   3.667803   48.99806  -16.45357     4.4659     4.5522    967.426    35.3700    35.3781 0.0000e+00
   4092.836      98229    977.000     7.7047     7.5830   3.672068   3.659716   48.99805  -16.45357     4.4658     4.5572    966.439    35.3766    35.3661 0.0000e+00
   4093.793      98252    976.000     7.6374     7.5276   3.665858   3.652007   48.99805  -16.45358     4.4657     4.5691    965.452    35.3780    35.3393 0.0000e+00
   4094.741      98275    975.000     7.5686     7.5056   3.657536   3.647762   48.99806  -16.45359     4.4702     4.5837    964.465    35.3580    35.3160 0.0000e+00
   4095.684      98297    974.000     7.5271     7.5090   3.651019   3.646855   48.99806  -16.45360     4.4837     4.5912    963.478    35.3301    35.3033 0.0000e+00
   4096.631      98320    973.000     7.5134     7.5277   3.647976   3.648071   48.99806  -16.45361     4.5016     4.5906    962.491    35.3114    35.2980 0.0000e+00
   4097.594      98343    972.000     7.5176     7.5521   3.647418   3.650442   48.99806  -16.45361     4.5136     4.5859    961.504    35.3016    35.2996 0.0000e+00
   4098.580      98367    971.000     7.5316     7.5730   3.648383   3.652787   48.99806  -16.45361     4.5162     4.5762    960.517    35.2985    35.3043 0.0000e+00
   4099.599      98391    970.000     7.5499     7.5911   3.650047   3.654770   48.99806  -16.45360     4.5111     4.5661    959.531    35.2984    35.3080 0.0000e+00
   4100.644      98416    969.000     7.5687     7.6084   3.652003   3.656558   48.99806  -16.45360     4.5018     4.5612    958.544    35.3011    35.3102 0.0000e+00
   4101.686      98441    968.000     7.5876     7.6310   3.653882   3.658598   48.99806  -16.45359     4.4916     4.5572    957.557    35.3028    35.3100 0.0000e+00
