Data_example/SBE_Data_Processed/JC231/SeaBird/Data/Processed/JC231_CTD_004c.ros
* Sea-Bird SBE 9 Data File:
* FileName = C:\Users\sandm\Documents\Cruises\JC231\CTD Data\CTD Raw Data\JC231_CTD_004.hex
* Software Version Seasave V 7.26.7.121
* Temperature SN = 5700
* Conductivity SN = 2164
* Number of Bytes Per Scan = 41
* Number of Voltage Words = 4
* Number of Scans Averaged by the Deck Unit = 1
* NMEA Latitude = 49 00.00 N
* NMEA Longitude = 016 30.00 W
* NMEA UTC (Time) = May 06 2022  10:23:58
* NMEA baud rate = 9600
** Ship: RRS James Cook
** Cruise: JC231
** Cast: 004
** Event:
** Station:
** Julian Day: 126
** Time (GMT): 10:30
** Latitude: 48 59.999' N
** Longitude: 16 30.001' W
** Depth (uncorrected m): 4810m
** Principal Scientist: Dr Susan Hartman
** Operator:  TP / JG
# nquan = 13
# nvalues = 1078                                  
# units = specified
# name 0 = timeS: Time, Elapsed [seconds]
# name 1 = scan: Scan Count
# name 2 = prDM: Pressure, Digiquartz [db]
# name 3 = t090C: Temperature [ITS-90, deg C]
# name 4 = t190C: Temperature, 2 [ITS-90, deg C]
# name 5 = c0S/m: Conductivity [S/m]
# name 6 = c1S/m: Conductivity, 2 [S/m]
# name 7 = latitude: Latitude [deg]
# name 8 = longitude: Longitude [deg]
# name 9 = sbeox0ML/L: Oxygen, SBE 43 [ml/l]
# name 10 = sbeox1ML/L: Oxygen, SBE 43, 2 [ml/l]
# name 11 = nbf: Bottles Fired
# name 12 = flag:  0.000e+00
# interval = seconds: 0.0416667
# start_time = May 06 2022 10:23:59 [System UTC, first data scan.]
# bad_flag = -9.990e-29
*END*
[from data line 445]
  13084.500     314029    400.381    10.6798    10.6789   3.931634   3.931786   48.99672  -16.50488     5.0084     5.0914         10  0.000e+00
  13084.542     314030    400.705    10.6800    10.6787   3.931602   3.931767   48.99672  -16.50488     5.0091     5.0916         10  0.000e+00
  13084.583     314031    400.489    10.6798    10.6788   3.931582   3.931812   48.99672  -16.50488     5.0053     5.0915         10  0.000e+00
  13084.625     314032    400.502    10.6797    10.6787   3.931582   3.931806   48.99672  -16.50488     5.0052     5.0954         10  0.000e+00
  13084.667     314033    400.692    10.6798    10.6787   3.931582   3.931773   48.99672  -16.50488     5.0100     5.0959         10  0.000e+00
  13084.708     314034    400.489    10.6798    10.6789   3.931608   3.931760   48.99672  -16.50488     5.0063     5.0961         10  0.000e+00
  13084.750     314035    400.502    10.6798    10.6789   3.931569   3.931786   48.99672  -16.50488     5.0105     5.0925         10  0.000e+00
  13084.792     314036    400.584    10.6800    10.6788   3.931595   3.931799   48.99672  -16.50488     5.0069     5.0925         10  0.000e+00
  13084.833     314037    400.502    10.6798    10.6791   3.931569   3.931799   48.99672  -16.50488     5.0111     5.0923         10  0.000e+00
  13084.875     314038    400.584    10.6798    10.6787   3.931576   3.931799   48.99672  -16.50488     5.0075     5.0924         10  0.000e+00
  13084.917     314039    400.502    10.6798    10.6791   3.931582   3.931793   48.99672  -16.50488     5.0117     5.0962         10  0.000e+00
  13084.958     314040    400.489    10.6798    10.6793   3.931589   3.931819   48.99672  -16.50488     5.0123     5.0925         10  0.000e+00
  13085.000     314041    400.584    10.6798    10.6789   3.931582   3.931857   48.99672  -16.50488     5.0088     5.0925         10  0.000e+00
  13085.042     314042    400.597    10.6797    10.6791   3.931608   3.931812   48.99672  -16.50488     5.0130     5.0964         10  0.000e+00
  13085.083     314043    400.489    10.6798    10.6789   3.931589   3.931799   48.99672  -16.50488     5.0094     5.0966         10  0.000e+00
  13085.125     314044    400.597    10.6800    10.6791   3.931641   3.931819   48.99672  -16.50488     5.0137     5.0969         10  0.000e+00
  13085.167     314045    400.381    10.6797    10.6788   3.931602   3.931806   48.99672  -16.50488     5.0137     5.0971         10  0.000e+00
  13085.208     314046    400.597    10.6800    10.6791   3.931608   3.931773   48.99672  -16.50488     5.0103     5.0935         10  0.000e+00
  13085.250     314047    400.489    10.6798    10.6791   3.931595   3.931812   48.99672  -16.50488     5.0104     5.0972         10  0.000e+00
  13085.292     314048    400.489    10.6798    10.6791   3.931582   3.931831   48.99672  -16.50488     5.0141     5.0935         10  0.000e+00
  13085.333     314049    400.502    10.6798    10.6791   3.931582   3.931806   48.99672  -16.50488     5.0106     5.0973         10  0.000e+00
  13085.375     314050    400.584    10.6798    10.6791   3.931608   3.931799   48.99672  -16.50488     5.0102     5.0976         10  0.000e+00
  13085.417     314051    400.502    10.6798    10.6791   3.931641   3.931819   48.99672  -16.50486     5.0097     5.0977         10  0.000e+00
  13085.458     314052    400.489    10.6798    10.6793   3.931602   3.931806   48.99672  -16.50486     5.0140     5.0979         10  0.000e+00
  13085.500     314053    400.502    10.6797    10.6793   3.931582   3.931844   48.99672  -16.50486     5.0100     5.0980         10  0.000e+00
  13085.542     314054    400.381    10.6799    10.6793   3.931608   3.931812   48.99672  -16.50486     5.0136     5.0981         10  0.000e+00
  13085.583     314055    400.584    10.6798    10.6791   3.931595   3.931819   48.99672  -16.50486     5.0097     5.0984         10  0.000e+00
  13085.625     314056    400.597    10.6798    10.6793   3.931582   3.931831   48.99672  -16.50486     5.0134     5.0981         10  0.000e+00
  13085.667     314057    400.584    10.6798    10.6793   3.931582   3.931831   48.99672  -16.50486     5.0135     5.0982         10  0.000e+00
  13085.708     314058    400.408    10.6800    10.6793   3.931556   3.931806   48.99672  -16.50486     5.0098     5.0981         10  0.000e+00
  13085.750     314059    400.489    10.6798    10.6791   3.931550   3.931819   48.99672  -16.50486     5.0141     5.0986         10  0.000e+00
  13085.792     314060    400.597    10.6797    10.6794   3.931576   3.931806   48.99672  -16.50486     5.0107     5.0987         10  0.000e+00
  13085.833     314061    400.584    10.6795    10.6791   3.931582   3.931799   48.99672  -16.50486     5.0144     5.0988         10  0.000e+00
  13085.875     314062    400.489    10.6797    10.6791   3.931563   3.931819   48.99672  -16.50486     5.0108     5.0987         10  0.000e+00
  13085.917     314063    400.502    10.6798    10.6793   3.931550   3.931831   48.99672  -16.50486     5.0103     5.0987         10  0.000e+00
  13085.958     314064    400.584    10.6797    10.6791   3.931576   3.931831   48.99672  -16.50486     5.0141     5.0988         10  0.000e+00
  13086.000     314065    400.502    10.6797    10.6791   3.931589   3.931806   48.99672  -16.50486     5.0141     5.0987         10  0.000e+00
  13086.042     314066    400.489    10.6795    10.6791   3.931582   3.931819   48.99672  -16.50486     5.0147     5.0986         10  0.000e+00
  13086.083     314067    400.502    10.6795    10.6789   3.931582   3.931831   48.99672  -16.50486     5.0106     5.0986         10  0.000e+00
  13086.125     314068    400.584    10.6797    10.6789   3.931556   3.931831   48.99672  -16.50486     5.0149     5.1029         10  0.000e+00
  13086.167     314069    400.584    10.6797    10.6791   3.931576   3.931831   48.99672  -16.50486     5.0155     5.0993         10  0.000e+00
  13086.208     314070    400.597    10.6797    10.6791   3.931589   3.931831   48.99672  -16.50486     5.0155     5.0991         10  0.000e+00
  13086.250     314071    400.489    10.6797    10.6791   3.931556   3.931831   48.99672  -16.50486     5.0155     5.0989         10  0.000e+00
  13086.292     314072    400.502    10.6795    10.6793   3.931550   3.931831   48.99672  -16.50486     5.0155     5.0988         10  0.000e+00
  13086.333     314073    400.584    10.6795    10.6789   3.931550   3.931806   48.99672  -16.50486     5.0155     5.0987         10  0.000e+00
  13321.125     319708    248.659    11.2391    11.2371   3.983994   3.984040   48.99672  -16.50484     5.4965     5.5933         11  0.000e+00
  13321.167     319709    248.848    11.2395    11.2372   3.984007   3.984040   48.99672  -16.50484     5.4882     5.5933         11  0.000e+00
  13321.208     319710    248.848    11.2393    11.2372   3.983994   3.984040   48.99672  -16.50484     5.4913     5.5930         11  0.000e+00
  13321.250     319711    248.861    11.2395    11.2370   3.984007   3.984040   48.99672  -16.50484     5.4870     5.5928         11  0.000e+00
  13321.292     319712    248.658    11.2395    11.2370   3.983994   3.984040   48.99672  -16.50484     5.4902     5.5925         11  0.000e+00
  13321.333     319713    248.956    11.2395    11.2368   3.983988   3.984014   48.99672  -16.50484     5.4902     5.5921         11  0.000e+00
  13321.375     319714    248.861    11.2395    11.2370   3.984007   3.984027   48.99672  -16.50484     5.4900     5.5918         11  0.000e+00
  13321.417     319715    248.658    11.2393    11.2365   3.983987   3.984014   48.99672  -16.50484     5.4899     5.5915         11  0.000e+00
  13321.458     319716    248.848    11.2395    11.2368   3.984007   3.984001   48.99672  -16.50484     5.4860     5.5914         11  0.000e+00
  13321.500     319717    248.956    11.2395    11.2367   3.984020   3.984053   48.99672  -16.50484     5.4857     5.5912         11  0.000e+00
  13321.542     319718    248.767    11.2395    11.2367   3.984020   3.984073   48.99672  -16.50484     5.4892     5.5909         11  0.000e+00
  13321.583     319719    248.658    11.2393    11.2367   3.984020   3.984047   48.99672  -16.50484     5.4894     5.5906         11  0.000e+00
  13321.625     319720    248.848    11.2393    11.2367   3.983961   3.984060   48.99672  -16.50484     5.4899     5.5942         11  0.000e+00
  13321.667     319721    248.956    11.2393    11.2364   3.984001   3.984073   48.99672  -16.50484     5.4903     5.5945         11  0.000e+00
  13321.708     319722    248.766    11.2393    11.2367   3.984020   3.984047   48.99672  -16.50484     5.4906     5.5944         11  0.000e+00
  13321.750     319723    248.848    11.2392    11.2367   3.983961   3.984092   48.99672  -16.50484     5.4912     5.5908         11  0.000e+00
  13321.792     319724    248.753    11.2393    11.2368   3.984001   3.984079   48.99672  -16.50484     5.4916     5.5942         11  0.000e+00
  13321.833     319725    248.956    11.2391    11.2370   3.983961   3.984073   48.99672  -16.50484     5.4924     5.5944         11  0.000e+00
  13321.875     319726    248.766    11.2393    11.2370   3.983974   3.984047   48.99672  -16.50484     5.4924     5.5947         11  0.000e+00
  13321.917     319727    248.848    11.2391    11.2373   3.983987   3.984092   48.99672  -16.50484     5.4967     5.5914         11  0.000e+00
  13321.958     319728    248.753    11.2393    11.2373   3.984007   3.984112   48.99672  -16.50484     5.4938     5.5914         11  0.000e+00
  13322.000     319729    248.847    11.2391    11.2375   3.983961   3.984112   48.99672  -16.50484     5.4982     5.5950         11  0.000e+00
  13322.042     319730    248.766    11.2391    11.2373   3.984027   3.984112   48.99672  -16.50484     5.4949     5.5950         11  0.000e+00
  13322.083     319731    248.956    11.2390    11.2375   3.984001   3.984112   48.99672  -16.50484     5.4954     5.5956         11  0.000e+00
  13322.125     319732    248.753    11.2391    11.2375   3.983955   3.984112   48.99672  -16.50484     5.4996     5.5958         11  0.000e+00
  13322.167     319733    248.847    11.2391    11.2377   3.983974   3.984131   48.99672  -16.50484     5.4966     5.5959         11  0.000e+00
  13322.208     319734    248.766    11.2391    11.2377   3.983987   3.984164   48.99672  -16.50484     5.4975     5.5963         11  0.000e+00
  13322.250     319735    248.956    11.2391    11.2378   3.983981   3.984125   48.99672  -16.50484     5.5021     5.5969         11  0.000e+00
  13322.292     319736    248.847    11.2393    11.2379   3.983981   3.984131   48.99672  -16.50484     5.5030     5.5972         11  0.000e+00
  13322.333     319737    248.847    11.2390    11.2377   3.983955   3.984170   48.99672  -16.50484     5.5036     5.5976         11  0.000e+00
  13322.375     319738    248.766    11.2391    11.2382   3.983974   3.984151   48.99672  -16.50484     5.5006     5.5980         11  0.000e+00
  13322.417     319739    248.847    11.2393    11.2382   3.984007   3.984144   48.99672  -16.50486     5.5012     5.5984         11  0.000e+00
  13322.458     319740    248.847    11.2390    11.2382   3.983961   3.984144   48.99672  -16.50486     5.5059     5.5989         11  0.000e+00
  13322.500     319741    248.847    11.2390    11.2380   3.983974   3.984170   48.99672  -16.50486     5.5025     5.5989         11  0.000e+00
  13322.542     319742    248.766    11.2391    11.2382   3.983955   3.984151   48.99672  -16.50486     5.5026     5.5989         11  0.000e+00
  13322.583     319743    248.847    11.2391    11.2380   3.983974   3.984144   48.99672  -16.50486     5.5073     5.5994         11  0.000e+00
  13322.625     319744    248.955    11.2393    11.2382   3.983955   3.984144   48.99672  -16.50486     5.5046     5.5998         11  0.000e+00
  13322.667     319745    248.753    11.2391    11.2384   3.984001   3.984170   48.99672  -16.50486     5.5047     5.5997         11  0.000e+00
  13322.708     319746    248.861    11.2391    11.2382   3.983988   3.984151   48.99672  -16.50486     5.5090     5.5998         11  0.000e+00
  13322.750     319747    248.847    11.2391    11.2384   3.983955   3.984118   48.99672  -16.50486     5.5058     5.5997         11  0.000e+00
  13322.792     319748    248.753    11.2392    11.2385   3.983948   3.984157   48.99672  -16.50486     5.5100     5.6034         11  0.000e+00
  13322.833     319749    248.955    11.2391    11.2386   3.983974   3.984151   48.99672  -16.50486     5.5109     5.6000         11  0.000e+00
  13322.875     319750    248.861    11.2391    11.2387   3.983988   3.984118   48.99672  -16.50486     5.5071     5.5999         11  0.000e+00
  13322.917     319751    248.752    11.2393    11.2382   3.983987   3.984053   48.99672  -16.50486     5.5073     5.5998         11  0.000e+00
  13322.958     319752    248.752    11.2391    11.2380   3.983987   3.984060   48.99672  -16.50486     5.5076     5.5997         11  0.000e+00
  13323.000     319753    248.955    11.2391    11.2380   3.984007   3.984099   48.99672  -16.50486     5.5076     5.5997         11  0.000e+00
  13323.042     319754    248.861    11.2391    11.2375   3.983994   3.984079   48.99672  -16.50486     5.5078     5.5999         11  0.000e+00
  13323.083     319755    248.847    11.2391    11.2375   3.983955   3.984073   48.99672  -16.50486     5.5077     5.5998         11  0.000e+00
  13323.125     319756    248.752    11.2391    11.2375   3.983994   3.984047   48.99672  -16.50486     5.5114     5.5996         11  0.000e+00
  13338.833     320133    248.858    11.2393    11.2389   3.984020   3.984248   48.99672  -16.50484     5.5098     5.5729         12  0.000e+00
  13338.875     320134    248.844    11.2395    11.2389   3.983994   3.984196   48.99672  -16.50484     5.5096     5.5728         12  0.000e+00
  13338.917     320135    248.844    11.2391    11.2387   3.984033   3.984203   48.99672  -16.50484     5.5090     5.5726         12  0.000e+00
  13338.958     320136    248.952    11.2395    11.2384   3.984020   3.984190   48.99672  -16.50484     5.5088     5.5727         12  0.000e+00
  13339.000     320137    249.061    11.2391    11.2387   3.984014   3.984203   48.99672  -16.50484     5.5087     5.5727         12  0.000e+00
  13339.042     320138    248.844    11.2393    11.2387   3.984040   3.984190   48.99672  -16.50484     5.5123     5.5726         12  0.000e+00
  13339.083     320139    248.952    11.2391    11.2389   3.984027   3.984177   48.99672  -16.50484     5.5087     5.5728         12  0.000e+00
  13339.125     320140    248.844    11.2395    11.2390   3.984020   3.984177   48.99672  -16.50484     5.5084     5.5729         12  0.000e+00
  13339.167     320141    248.858    11.2391    11.2390   3.984020   3.984177   48.99672  -16.50484     5.5082     5.5732         12  0.000e+00
  13339.208     320142    248.952    11.2395    11.2389   3.984020   3.984235   48.99672  -16.50484     5.5080     5.5698         12  0.000e+00
  13339.250     320143    248.952    11.2395    11.2389   3.984020   3.984196   48.99672  -16.50484     5.5117     5.5736         12  0.000e+00
  13339.292     320144    248.844    11.2395    11.2390   3.984040   3.984151   48.99672  -16.50484     5.5079     5.5739         12  0.000e+00
  13339.333     320145    248.952    11.2396    11.2389   3.984053   3.984164   48.99672  -16.50484     5.5077     5.5745         12  0.000e+00
  13339.375     320146    249.047    11.2396    11.2389   3.984020   3.984177   48.99672  -16.50484     5.5076     5.5751         12  0.000e+00
  13339.417     320147    248.750    11.2395    11.2389   3.984014   3.984203   48.99672  -16.50484     5.5111     5.5755         12  0.000e+00
  13339.458     320148    249.047    11.2396    11.2388   3.984066   3.984216   48.99672  -16.50484     5.5115     5.5761         12  0.000e+00
