Data_example/SBE_Data_Processed/JC231/SeaBird/Data/Processed/JC231_CTD_009cfaldb.cnv
* Sea-Bird SBE 9 Data File:
* FileName = C:\Users\sandm\Documents\Cruises\JC231\CTD Data\CTD Raw Data\JC231_CTD_009.hex
* Software Version Seasave V 7.26.7.121
* Temperature SN = 5700
* Conductivity SN = 2164
* Number of Bytes Per Scan = 41
* Number of Voltage Words = 4
* Number of Scans Averaged by the Deck Unit = 1
* NMEA Latitude = 48 58.43 N
* NMEA Longitude = 016 28.09 W
* NMEA UTC (Time) = May 14 2022  16:01:18
* NMEA baud rate = 9600
** Ship: RRS James Cook
** Cruise: JC231
** Cast: 009
** Event:
** Station:
** Julian Day: 134
** Time (GMT): 16:00
** Latitude: 48 58.433 ' N
** Longitude: 16 28.090 ' W
** Depth (uncorrected m): 4804m
** Principal Scientist: Dr Susan Hartman
** Operator:  TP / JG
# nquan = 15
# nvalues = 2023                        
# units = specified
# name 0 = timeS: Time, Elapsed [seconds]
# name 1 = scan: Scan Count
# name 2 = prDM: Pressure, Digiquartz [db]
# name 3 = t090C: Temperature [ITS-90, deg C]
# name 4 = t190C: Temperature, 2 [ITS-90, deg C]
# name 5 = c0S/m: Conductivity [S/m]
# name 6 = c1S/m: Conductivity, 2 [S/m]
# name 7 = latitude: Latitude [deg]
# name 8 = longitude: Longitude [deg]
# name 9 = sbeox0ML/L: Oxygen, SBE 43 [ml/l]
# name 10 = sbeox1ML/L: Oxygen, SBE 43, 2 [ml/l]
# name 11 = depSM: Depth [salt water, m], lat = 48.9738
# name 12 = sal00: Salinity, Practical [PSU]
# name 13 = sal11: Salinity, Practical, 2 [PSU]
# name 14 = flag: flag
# span 0 =    525.247,   3860.660       
# span 1 =      12607,      92657       
# span 2 =      1.000,   1012.000       
# span 3 =     7.5965,    14.8307       
# span 4 =     7.5937,    14.5109       
# span 5 =   3.658738,   4.351259       
# span 6 =   3.658849,   4.375820       
# span 7 =   48.97390,   48.97650       
# span 8 =  -16.46828,  -16.46816       
# span 9 =     4.1769,     6.3658       
# span 10 =     4.2830,     6.0164      
# span 11 =      0.991,   1000.979      
# span 12 =    34.8614,    36.0437      
# span 13 =    34.5540,    36.2832      
# span 14 = 0.0000e+00, 0.0000e+00      
# interval = decibars: 1                
# start_time = May 14 2022 16:01:19 [System UTC, first data scan.]
# bad_flag = -9.990e-29
*END*
    525.247      12607      1.000    14.4527    14.5109   4.223038   4.195312   48.97392  -16.46817     5.3018     5.2044      0.991    34.8614    34.5540 0.0000e+00
    527.452      12660      2.000    14.4269    14.4278   4.290381   4.290460   48.97392  -16.46818     5.3460     5.5620      1.983    35.5069    35.5070 0.0000e+00
    530.587      12735      3.000    14.4596    14.4071   4.316883   4.322063   48.97392  -16.46817     5.1090     5.4631      2.975    35.7219    35.8184 0.0000e+00
    531.800      12764      4.000    14.5605    14.4182   4.327332   4.330583   48.97392  -16.46816     4.9649     5.1889      3.966    35.7250    35.8868 0.0000e+00
    533.302      12800      5.000    14.6226    14.4250   4.335120   4.349063   48.97392  -16.46817     4.7178     4.8392      4.958    35.7393    36.0516 0.0000e+00
    535.225      12846      6.000    14.4919    14.4253   4.345505   4.366781   48.97392  -16.46818     4.4788     4.5219      5.949    35.9559    36.2154 0.0000e+00
    537.412      12899      7.000    14.4330    14.4421   4.349110   4.375820   48.97392  -16.46818     4.3060     4.3633      6.941    36.0437    36.2832 0.0000e+00
    539.674      12953      8.000    14.4344    14.4294   4.341941   4.366766   48.97392  -16.46818     4.1769     4.3944      7.932    35.9755    36.2106 0.0000e+00
    541.371      12994      9.000    14.5004    14.4146   4.344964   4.348065   48.97392  -16.46818     4.2091     4.6469      8.923    35.9417    36.0503 0.0000e+00
    542.859      13030     10.000    14.6803    14.4078   4.350605   4.338608   48.97392  -16.46818     4.3238     4.9053      9.915    35.8269    35.9684 0.0000e+00
    544.801      13076     11.000    14.8307    14.4014   4.349260   4.344917   48.97392  -16.46818     4.4262     4.7951     10.906    35.6756    36.0326 0.0000e+00
    547.592      13143     12.000    14.6001    14.4070   4.351259   4.348372   48.97392  -16.46818     4.4804     4.5283     11.898    35.9062    36.0590 0.0000e+00
    598.240      14359     13.000    14.2773    14.2079   4.299471   4.306069   48.97391  -16.46818     5.3692     5.1887     12.889    35.7245    35.8495 0.0000e+00
    734.914      17639     14.000    13.9128    13.9111   4.253010   4.253730   48.97392  -16.46818     6.0294     5.9342     13.881    35.6285    35.6369 0.0000e+00
    741.088      17787     15.000    13.9004    13.8982   4.251355   4.251563   48.97392  -16.46818     6.0454     5.9556     14.872    35.6242    35.6282 0.0000e+00
    743.298      17840     16.000    13.8966    13.8970   4.251041   4.251433   48.97392  -16.46818     6.0408     5.9561     15.864    35.6243    35.6277 0.0000e+00
    745.520      17893     17.000    13.8951    13.8961   4.250869   4.251381   48.97392  -16.46818     6.0381     5.9559     16.855    35.6237    35.6275 0.0000e+00
    747.735      17947     18.000    13.8936    13.8946   4.250781   4.251293   48.97392  -16.46818     6.0070     5.9579     17.847    35.6238    35.6277 0.0000e+00
    749.420      17987     19.000    13.8913    13.8923   4.250629   4.251142   48.97392  -16.46818     6.0071     5.9519     18.838    35.6241    35.6280 0.0000e+00
    750.887      18022     20.000    13.8883    13.8893   4.250389   4.250900   48.97392  -16.46818     6.0255     5.9475     19.829    35.6242    35.6281 0.0000e+00
    752.437      18059     21.000    13.8856    13.8861   4.250144   4.250621   48.97392  -16.46818     6.0371     5.9519     20.821    35.6240    35.6280 0.0000e+00
    754.338      18105     22.000    13.8839    13.8829   4.249969   4.250332   48.97392  -16.46818     6.0565     5.9543     21.812    35.6236    35.6279 0.0000e+00
    756.929      18167     23.000    13.8801    13.8787   4.249733   4.249963   48.97392  -16.46818     6.0218     5.9499     22.804    35.6244    35.6279 0.0000e+00
    759.088      18219     24.000    13.8726    13.8740   4.249011   4.249549   48.97392  -16.46818     5.9960     5.9476     23.795    35.6241    35.6279 0.0000e+00
    760.596      18255     25.000    13.8694    13.8708   4.248636   4.249245   48.97392  -16.46818     6.0123     5.9442     24.787    35.6232    35.6277 0.0000e+00
    762.124      18292     26.000    13.8672    13.8680   4.248393   4.248983   48.97392  -16.46818     6.0272     5.9441     25.778    35.6225    35.6274 0.0000e+00
    764.519      18349     27.000    13.8659    13.8648   4.248326   4.248688   48.97392  -16.46819     6.0548     5.9415     26.769    35.6227    35.6271 0.0000e+00
    804.730      19315     28.000    13.8457    13.8568   4.246490   4.247956   48.97390  -16.46821     6.0464     5.9446     27.761    35.6239    35.6272 0.0000e+00
    829.858      19918     29.000    13.7982    13.8089   4.242260   4.243982   48.97390  -16.46822     6.0187     5.9413     28.752    35.6279    35.6341 0.0000e+00
    831.602      19959     30.000    13.7435    13.7406   4.236911   4.237150   48.97390  -16.46822     6.0080     5.9251     29.743    35.6280    35.6330 0.0000e+00
    833.196      19998     31.000    13.7043    13.7006   4.232576   4.232608   48.97390  -16.46823     5.9968     5.9257     30.735    35.6233    35.6271 0.0000e+00
    834.495      20029     32.000    13.6737    13.6704   4.229490   4.229511   48.97390  -16.46824     6.0014     5.9254     31.726    35.6224    35.6256 0.0000e+00
    835.628      20056     33.000    13.6453    13.6433   4.226616   4.226733   48.97390  -16.46824     6.0002     5.9288     32.718    35.6213    35.6243 0.0000e+00
    836.665      20081     34.000    13.6189    13.6166   4.223954   4.224176   48.97390  -16.46824     6.0043     5.9320     33.709    35.6204    35.6247 0.0000e+00
    837.657      20105     35.000    13.5832    13.5777   4.220999   4.220966   48.97390  -16.46824     6.0175     5.9348     34.700    35.6254    35.6302 0.0000e+00
    838.648      20129     36.000    13.5348    13.5290   4.216474   4.216195   48.97390  -16.46824     6.0274     5.9378     35.692    35.6274    35.6302 0.0000e+00
    839.650      20153     37.000    13.4883    13.4832   4.211521   4.211342   48.97390  -16.46823     6.0351     5.9397     36.683    35.6236    35.6267 0.0000e+00
    840.653      20177     38.000    13.4381    13.4306   4.206862   4.206646   48.97390  -16.46822     6.0466     5.9419     37.674    35.6260    35.6310 0.0000e+00
    841.648      20201     39.000    13.3591    13.3459   4.200588   4.199874   48.97390  -16.46822     6.0536     5.9361     38.666    35.6401    35.6457 0.0000e+00
    842.641      20224     40.000    13.2485    13.2334   4.191055   4.189884   48.97390  -16.46823     6.0491     5.9212     39.657    35.6528    35.6557 0.0000e+00
    843.632      20248     41.000    13.1507    13.1409   4.180633   4.179808   48.97390  -16.46824     6.0348     5.9048     40.648    35.6449    35.6463 0.0000e+00
    844.619      20272     42.000    13.0794    13.0710   4.173077   4.172647   48.97390  -16.46824     6.0178     5.8889     41.640    35.6395    35.6433 0.0000e+00
    845.605      20296     43.000    13.0151    13.0089   4.166767   4.166391   48.97390  -16.46824     5.9997     5.8718     42.631    35.6392    35.6415 0.0000e+00
    846.596      20319     44.000    12.9710    12.9672   4.161621   4.161588   48.97390  -16.46824     5.9819     5.8557     43.622    35.6311    35.6344 0.0000e+00
    847.594      20343     45.000    12.9366    12.9320   4.158101   4.158108   48.97390  -16.46824     5.9661     5.8428     44.614    35.6294    35.6338 0.0000e+00
    848.594      20367     46.000    12.8960    12.8887   4.154529   4.154321   48.97390  -16.46823     5.9531     5.8280     45.605    35.6330    35.6379 0.0000e+00
    849.589      20391     47.000    12.8451    12.8377   4.149984   4.149544   48.97390  -16.46822     5.9325     5.8040     46.596    35.6370    35.6398 0.0000e+00
    850.573      20415     48.000    12.8038    12.7996   4.145336   4.145170   48.97390  -16.46822     5.9043     5.7730     47.587    35.6309    35.6333 0.0000e+00
    851.556      20438     49.000    12.7731    12.7683   4.142084   4.142073   48.97390  -16.46822     5.8783     5.7433     48.579    35.6283    35.6326 0.0000e+00
    852.548      20462     50.000    12.7374    12.7329   4.138883   4.138732   48.97390  -16.46823     5.8535     5.7153     49.570    35.6307    35.6335 0.0000e+00
    853.547      20486     51.000    12.7114    12.7102   4.135729   4.135880   48.97390  -16.46824     5.8240     5.6919     50.561    35.6246    35.6271 0.0000e+00
    854.547      20510     52.000    12.6975    12.6977   4.133985   4.134353   48.97390  -16.46824     5.7984     5.6794     51.553    35.6205    35.6238 0.0000e+00
    855.536      20534     53.000    12.6877    12.6881   4.132933   4.133362   48.97390  -16.46824     5.7858     5.6730     52.544    35.6192    35.6229 0.0000e+00
    856.522      20558     54.000    12.6767    12.6766   4.131959   4.132362   48.97390  -16.46823     5.7833     5.6669     53.535    35.6197    35.6237 0.0000e+00
    857.512      20581     55.000    12.6593    12.6575   4.130593   4.130854   48.97390  -16.46823     5.7825     5.6631     54.526    35.6226    35.6268 0.0000e+00
    858.515      20605     56.000    12.6298    12.6268   4.128146   4.128167   48.97390  -16.46822     5.7715     5.6592     55.518    35.6264    35.6295 0.0000e+00
    859.530      20630     57.000    12.6022    12.6020   4.124878   4.125036   48.97390  -16.46822     5.7558     5.6508     56.509    35.6206    35.6224 0.0000e+00
    860.537      20654     58.000    12.5932    12.5951   4.123361   4.123887   48.97390  -16.46823     5.7415     5.6348     57.500    35.6140    35.6174 0.0000e+00
    861.516      20677     59.000    12.5920    12.5940   4.123205   4.123810   48.97390  -16.46823     5.7247     5.6158     58.491    35.6133    35.6172 0.0000e+00
    862.471      20700     60.000    12.5921    12.5942   4.123293   4.123888   48.97390  -16.46824     5.7150     5.6036     59.483    35.6135    35.6173 0.0000e+00
    863.417      20723     61.000    12.5924    12.5945   4.123399   4.123994   48.97390  -16.46824     5.7076     5.5976     60.474    35.6139    35.6176 0.0000e+00
    864.380      20746     62.000    12.5925    12.5945   4.123480   4.124071   48.97390  -16.46823     5.7004     5.5970     61.465    35.6141    35.6179 0.0000e+00
    865.369      20770     63.000    12.5918    12.5937   4.123539   4.124116   48.97390  -16.46823     5.6973     5.5958     62.456    35.6149    35.6187 0.0000e+00
    866.385      20794     64.000    12.5883    12.5896   4.123446   4.123980   48.97390  -16.46822     5.6948     5.5875     63.447    35.6169    35.6209 0.0000e+00
    867.418      20819     65.000    12.5791    12.5795   4.122928   4.123333   48.97390  -16.46822     5.6845     5.5735     64.439    35.6202    35.6237 0.0000e+00
    868.457      20844     66.000    12.5685    12.5692   4.121949   4.122291   48.97390  -16.46822     5.6660     5.5568     65.430    35.6203    35.6230 0.0000e+00
    869.488      20869     67.000    12.5607    12.5618   4.121134   4.121552   48.97390  -16.46822     5.6523     5.5450     66.421    35.6194    35.6224 0.0000e+00
    870.499      20893     68.000    12.5543    12.5558   4.120474   4.120952   48.97390  -16.46823     5.6444     5.5422     67.412    35.6186    35.6219 0.0000e+00
    871.481      20917     69.000    12.5498    12.5515   4.119953   4.120473   48.97390  -16.46823     5.6394     5.5420     68.403    35.6174    35.6209 0.0000e+00
    872.442      20940     70.000    12.5469    12.5486   4.119619   4.120157   48.97390  -16.46824     5.6345     5.5394     69.395    35.6165    35.6201 0.0000e+00
    873.395      20962     71.000    12.5440    12.5457   4.119369   4.119903   48.97390  -16.46823     5.6318     5.5373     70.386    35.6164    35.6200 0.0000e+00
    874.354      20985     72.000    12.5407    12.5425   4.119067   4.119605   48.97390  -16.46823     5.6310     5.5376     71.377    35.6162    35.6197 0.0000e+00
    875.331      21009     73.000    12.5383    12.5402   4.118799   4.119353   48.97390  -16.46822     5.6265     5.5374     72.368    35.6154    35.6190 0.0000e+00
    876.325      21033     74.000    12.5366    12.5384   4.118627   4.119181   48.97390  -16.46822     5.6231     5.5317     73.359    35.6150    35.6186 0.0000e+00
    877.326      21057     75.000    12.5351    12.5370   4.118494   4.119054   48.97390  -16.46822     5.6239     5.5240     74.350    35.6147    35.6183 0.0000e+00
    878.329      21081     76.000    12.5338    12.5357   4.118397   4.118959   48.97390  -16.46822     5.6216     5.5197     75.342    35.6145    35.6182 0.0000e+00
    879.331      21105     77.000    12.5321    12.5339   4.118282   4.118830   48.97390  -16.46822     5.6187     5.5187     76.333    35.6146    35.6182 0.0000e+00
    880.339      21129     78.000    12.5295    12.5313   4.118089   4.118627   48.97390  -16.46822     5.6186     5.5227     77.324    35.6147    35.6182 0.0000e+00
    881.341      21153     79.000    12.5262    12.5279   4.117803   4.118337   48.97390  -16.46822     5.6192     5.5272     78.315    35.6147    35.6182 0.0000e+00
    882.328      21177     80.000    12.5220    12.5234   4.117441   4.117953   48.97390  -16.46822     5.6172     5.5284     79.306    35.6147    35.6183 0.0000e+00
    883.304      21200     81.000    12.5160    12.5169   4.116938   4.117398   48.97390  -16.46822     5.6154     5.5272     80.297    35.6151    35.6187 0.0000e+00
    884.280      21224     82.000    12.5065    12.5069   4.116119   4.116507   48.97390  -16.46822     5.6156     5.5236     81.288    35.6158    35.6191 0.0000e+00
    885.264      21247     83.000    12.4941    12.4940   4.114926   4.115259   48.97390  -16.46822     5.6153     5.5202     82.280    35.6155    35.6188 0.0000e+00
    886.259      21271     84.000    12.4809    12.4814   4.113496   4.113821   48.97390  -16.46822     5.6137     5.5198     83.271    35.6137    35.6164 0.0000e+00
    887.258      21295     85.000    12.4727    12.4738   4.112355   4.112784   48.97390  -16.46822     5.6121     5.5196     84.262    35.6101    35.6132 0.0000e+00
    888.256      21319     86.000    12.4679    12.4694   4.111741   4.112232   48.97390  -16.46822     5.6099     5.5168     85.253    35.6082    35.6116 0.0000e+00
    889.244      21343     87.000    12.4639    12.4654   4.111341   4.111848   48.97390  -16.46822     5.6055     5.5142     86.244    35.6077    35.6112 0.0000e+00
    890.222      21366     88.000    12.4597    12.4611   4.110930   4.111420   48.97390  -16.46822     5.6001     5.5114     87.235    35.6072    35.6107 0.0000e+00
    891.197      21390     89.000    12.4564    12.4580   4.110549   4.111042   48.97390  -16.46822     5.5982     5.5070     88.226    35.6063    35.6095 0.0000e+00
    892.176      21413     90.000    12.4548    12.4567   4.110339   4.110869   48.97390  -16.46822     5.5955     5.5047     89.217    35.6053    35.6087 0.0000e+00
    893.172      21437     91.000    12.4536    12.4554   4.110247   4.110792   48.97390  -16.46822     5.5950     5.5051     90.208    35.6052    35.6087 0.0000e+00
    894.187      21461     92.000    12.4509    12.4528   4.110090   4.110629   48.97390  -16.46822     5.5950     5.5012     91.200    35.6057    35.6092 0.0000e+00
    895.203      21486     93.000    12.4464    12.4481   4.109704   4.110241   48.97390  -16.46822     5.5908     5.4971     92.191    35.6058    35.6094 0.0000e+00
    896.209      21510     94.000    12.4419    12.4433   4.109240   4.109747   48.97390  -16.46822     5.5865     5.4971     93.182    35.6052    35.6087 0.0000e+00
    897.202      21534     95.000    12.4372    12.4385   4.108769   4.109246   48.97390  -16.46822     5.5850     5.4988     94.173    35.6046    35.6080 0.0000e+00
    898.187      21557     96.000    12.4330    12.4345   4.108295   4.108775   48.97390  -16.46822     5.5853     5.5006     95.164    35.6035    35.6068 0.0000e+00
