Data_example/SBE_Data_Processed/JC231/SeaBird/Data/Processed/JC231_CTD_005c.ros
* Sea-Bird SBE 9 Data File:
* FileName = C:\Users\sandm\Documents\Cruises\JC231\CTD Data\CTD Raw Data\JC231_CTD_005.hex
* Software Version Seasave V 7.26.7.121
* Temperature SN = 5700
* Conductivity SN = 2164
* Number of Bytes Per Scan = 41
* Number of Voltage Words = 4
* Number of Scans Averaged by the Deck Unit = 1
* NMEA Latitude = 49 00.32 N
* NMEA Longitude = 016 30.09 W
* NMEA UTC (Time) = May 08 2022  12:24:49
* NMEA baud rate = 9600
** Ship: RRS James Cook
** Cruise: JC231
** Cast: 005
** Event:
** Station:
** Julian Day: 128
** Time (GMT): 12:25
** Latitude: 49 0.322' N
** Longitude: 16 30.094' W
** Depth (uncorrected m): 4802m
** Principal Scientist: Dr Susan Hartman
** Operator:  TP / DXC
# nquan = 13
# nvalues = 1029                                  
# units = specified
# name 0 = timeS: Time, Elapsed [seconds]
# name 1 = scan: Scan Count
# name 2 = prDM: Pressure, Digiquartz [db]
# name 3 = t090C: Temperature [ITS-90, deg C]
# name 4 = t190C: Temperature, 2 [ITS-90, deg C]
# name 5 = c0S/m: Conductivity [S/m]
# name 6 = c1S/m: Conductivity, 2 [S/m]
# name 7 = latitude: Latitude [deg]
# name 8 = longitude: Longitude [deg]
# name 9 = sbeox0ML/L: Oxygen, SBE 43 [ml/l]
# name 10 = sbeox1ML/L: Oxygen, SBE 43, 2 [ml/l]
# name 11 = nbf: Bottles Fired
# name 12 = flag:  0.000e+00
# interval = seconds: 0.0416667
# start_time = May 08 2022 12:24:50 [System UTC, first data scan.]
# bad_flag = -9.990e-29
*END*
[from data line 334]
   8596.167     206309   3049.778     2.8802     2.8814   3.278157   3.278746   49.00508  -16.50182     5.5024     5.6099          7  0.000e+00
   8596.208     206310   3049.875     2.8806     2.8815   3.278193   3.278734   49.00508  -16.50182     5.5065     5.6014          7  0.000e+00
   8596.250     206311   3049.875     2.8802     2.8815   3.278187   3.278746   49.00508  -16.50182     5.5083     5.6072          7  0.000e+00
   8596.292     206312   3049.778     2.8802     2.8814   3.278187   3.278734   49.00508  -16.50182     5.5077     5.6067          7  0.000e+00
   8596.333     206313   3049.778     2.8802     2.8814   3.278181   3.278740   49.00508  -16.50182     5.5070     5.6159          7  0.000e+00
   8596.375     206314   3049.778     2.8807     2.8814   3.278199   3.278710   49.00508  -16.50182     5.4976     5.6091          7  0.000e+00
   8596.417     206315   3049.667     2.8806     2.8814   3.278169   3.278716   49.00508  -16.50182     5.5055     5.6086          7  0.000e+00
   8596.458     206316   3049.876     2.8802     2.8814   3.278151   3.278728   49.00508  -16.50182     5.5050     5.6082          7  0.000e+00
   8596.500     206317   3049.778     2.8801     2.8817   3.278169   3.278728   49.00508  -16.50182     5.5040     5.6156          7  0.000e+00
   8954.417     214907   2792.977     3.0589     3.0601   3.284701   3.285293   49.00510  -16.50184     5.5968     5.7297          8  0.000e+00
   8954.458     214908   2792.977     3.0587     3.0601   3.284737   3.285323   49.00510  -16.50184     5.5985     5.7295          8  0.000e+00
   8954.500     214909   2792.977     3.0587     3.0601   3.284731   3.285287   49.00510  -16.50184     5.6003     5.7368          8  0.000e+00
   8954.542     214910   2793.088     3.0588     3.0601   3.284737   3.285293   49.00510  -16.50184     5.6001     5.7382          8  0.000e+00
   8954.583     214911   2792.977     3.0587     3.0599   3.284725   3.285299   49.00510  -16.50184     5.6019     5.7318          8  0.000e+00
   8954.625     214912   2792.977     3.0589     3.0601   3.284743   3.285281   49.00510  -16.50184     5.6120     5.7390          8  0.000e+00
   8954.667     214913   2793.088     3.0588     3.0602   3.284707   3.285275   49.00510  -16.50184     5.6079     5.7327          8  0.000e+00
   8954.708     214914   2792.978     3.0589     3.0599   3.284713   3.285269   49.00510  -16.50184     5.6077     5.7322          8  0.000e+00
   8954.750     214915   2792.978     3.0587     3.0602   3.284725   3.285251   49.00510  -16.50184     5.6077     5.7318          8  0.000e+00
   8954.792     214916   2793.088     3.0589     3.0602   3.284701   3.285281   49.00510  -16.50184     5.6180     5.7315          8  0.000e+00
   8954.833     214917   2792.978     3.0590     3.0602   3.284749   3.285281   49.00510  -16.50184     5.6219     5.7386          8  0.000e+00
   8954.875     214918   2792.978     3.0587     3.0601   3.284713   3.285293   49.00510  -16.50184     5.6179     5.7321          8  0.000e+00
   8954.917     214919   2793.089     3.0587     3.0601   3.284713   3.285275   49.00510  -16.50184     5.6201     5.7334          8  0.000e+00
   8954.958     214920   2793.089     3.0587     3.0602   3.284701   3.285269   49.00510  -16.50184     5.6202     5.7330          8  0.000e+00
   8955.000     214921   2793.089     3.0587     3.0601   3.284737   3.285275   49.00510  -16.50184     5.6387     5.7326          8  0.000e+00
   8955.042     214922   2792.978     3.0588     3.0599   3.284755   3.285293   49.00510  -16.50184     5.6427     5.7322          8  0.000e+00
   8955.083     214923   2792.978     3.0589     3.0602   3.284731   3.285281   49.00510  -16.50184     5.6385     5.7317          8  0.000e+00
   8955.125     214924   2793.089     3.0588     3.0601   3.284737   3.285293   49.00510  -16.50184     5.6404     5.7315          8  0.000e+00
   8955.167     214925   2792.881     3.0589     3.0601   3.284682   3.285275   49.00510  -16.50184     5.6440     5.7309          8  0.000e+00
   8955.208     214926   2793.089     3.0587     3.0601   3.284707   3.285269   49.00510  -16.50184     5.6481     5.7307          8  0.000e+00
   8955.250     214927   2792.978     3.0586     3.0601   3.284725   3.285275   49.00510  -16.50184     5.6518     5.7302          8  0.000e+00
   8955.292     214928   2792.978     3.0588     3.0601   3.284725   3.285311   49.00510  -16.50184     5.6514     5.7298          8  0.000e+00
   8955.333     214929   2792.978     3.0586     3.0601   3.284725   3.285287   49.00510  -16.50184     5.6508     5.7295          8  0.000e+00
   8955.375     214930   2793.089     3.0587     3.0601   3.284701   3.285275   49.00510  -16.50184     5.6501     5.7292          8  0.000e+00
   8955.417     214931   2792.978     3.0588     3.0599   3.284731   3.285269   49.00510  -16.50184     5.6512     5.7303          8  0.000e+00
   8955.458     214932   2793.089     3.0589     3.0601   3.284725   3.285269   49.00510  -16.50184     5.6442     5.7376          8  0.000e+00
   8955.500     214933   2793.089     3.0587     3.0601   3.284743   3.285275   49.00510  -16.50184     5.6372     5.7312          8  0.000e+00
   8955.542     214934   2792.978     3.0587     3.0601   3.284707   3.285245   49.00510  -16.50184     5.6446     5.7307          8  0.000e+00
   8955.583     214935   2793.089     3.0587     3.0599   3.284695   3.285263   49.00510  -16.50184     5.6462     5.7305          8  0.000e+00
   8955.625     214936   2792.979     3.0587     3.0599   3.284737   3.285251   49.00510  -16.50184     5.6394     5.7375          8  0.000e+00
   8955.667     214937   2792.979     3.0588     3.0601   3.284707   3.285263   49.00510  -16.50184     5.6391     5.7310          8  0.000e+00
   8955.708     214938   2793.089     3.0586     3.0599   3.284749   3.285293   49.00510  -16.50184     5.6472     5.7307          8  0.000e+00
   8955.750     214939   2792.979     3.0587     3.0599   3.284713   3.285281   49.00510  -16.50184     5.6469     5.7318          8  0.000e+00
   8955.792     214940   2792.979     3.0587     3.0599   3.284713   3.285245   49.00510  -16.50184     5.6528     5.7330          8  0.000e+00
   8955.833     214941   2793.117     3.0586     3.0599   3.284743   3.285287   49.00510  -16.50184     5.6464     5.7328          8  0.000e+00
   8955.875     214942   2792.979     3.0585     3.0599   3.284707   3.285275   49.00510  -16.50184     5.6357     5.7323          8  0.000e+00
   8955.917     214943   2793.090     3.0587     3.0598   3.284695   3.285251   49.00510  -16.50184     5.6313     5.7321          8  0.000e+00
   8955.958     214944   2792.979     3.0587     3.0601   3.284731   3.285263   49.00510  -16.50184     5.6370     5.7317          8  0.000e+00
   8956.000     214945   2793.201     3.0586     3.0599   3.284725   3.285245   49.00510  -16.50184     5.6325     5.7300          8  0.000e+00
   8956.042     214946   2792.882     3.0585     3.0599   3.284725   3.285263   49.00510  -16.50184     5.6275     5.7277          8  0.000e+00
   8956.083     214947   2793.090     3.0586     3.0599   3.284701   3.285293   49.00510  -16.50184     5.6249     5.7274          8  0.000e+00
   8956.125     214948   2793.090     3.0586     3.0599   3.284713   3.285275   49.00510  -16.50184     5.6138     5.7270          8  0.000e+00
   8956.167     214949   2792.979     3.0587     3.0599   3.284725   3.285269   49.00510  -16.50184     5.6109     5.7280          8  0.000e+00
   8956.208     214950   2793.090     3.0584     3.0599   3.284725   3.285275   49.00510  -16.50184     5.6164     5.7277          8  0.000e+00
   8956.250     214951   2792.979     3.0587     3.0598   3.284713   3.285269   49.00510  -16.50184     5.6135     5.7273          8  0.000e+00
   8956.292     214952   2792.979     3.0586     3.0599   3.284719   3.285269   49.00510  -16.50184     5.6025     5.7269          8  0.000e+00
   8956.333     214953   2793.090     3.0585     3.0601   3.284725   3.285293   49.00510  -16.50184     5.6058     5.7341          8  0.000e+00
   8956.375     214954   2792.979     3.0589     3.0601   3.284725   3.285275   49.00510  -16.50184     5.6048     5.7276          8  0.000e+00
   8956.417     214955   2793.090     3.0585     3.0601   3.284701   3.285293   49.00510  -16.50184     5.6062     5.7272          8  0.000e+00
   9312.917     223511   2536.578     3.2325     3.2333   3.290070   3.290572   49.00508  -16.50184     5.7870     5.8824          9  0.000e+00
   9312.958     223512   2536.578     3.2325     3.2332   3.290040   3.290566   49.00508  -16.50184     5.7876     5.8824          9  0.000e+00
   9313.000     223513   2536.578     3.2322     3.2334   3.290052   3.290584   49.00508  -16.50184     5.7805     5.8823          9  0.000e+00
   9313.042     223514   2536.578     3.2325     3.2333   3.290064   3.290572   49.00508  -16.50184     5.7793     5.8823          9  0.000e+00
   9313.083     223515   2536.578     3.2325     3.2334   3.290064   3.290584   49.00508  -16.50184     5.7860     5.8823          9  0.000e+00
   9313.125     223516   2536.468     3.2324     3.2333   3.290064   3.290572   49.00508  -16.50184     5.7886     5.8823          9  0.000e+00
   9313.167     223517   2536.579     3.2324     3.2334   3.290064   3.290608   49.00508  -16.50184     5.7895     5.8823          9  0.000e+00
   9313.208     223518   2536.579     3.2325     3.2334   3.290064   3.290578   49.00508  -16.50184     5.7903     5.8895          9  0.000e+00
   9313.250     223519   2536.675     3.2324     3.2336   3.290082   3.290584   49.00508  -16.50184     5.7913     5.8837          9  0.000e+00
   9313.292     223520   2536.468     3.2325     3.2336   3.290070   3.290548   49.00508  -16.50184     5.7823     5.8835          9  0.000e+00
   9313.333     223521   2536.579     3.2324     3.2334   3.290064   3.290578   49.00508  -16.50184     5.7891     5.8835          9  0.000e+00
   9313.375     223522   2536.675     3.2324     3.2334   3.290064   3.290596   49.00508  -16.50184     5.7823     5.8835          9  0.000e+00
   9313.417     223523   2536.675     3.2323     3.2336   3.290040   3.290572   49.00508  -16.50184     5.7891     5.8835          9  0.000e+00
   9313.458     223524   2536.579     3.2325     3.2334   3.290033   3.290566   49.00508  -16.50184     5.7803     5.8834          9  0.000e+00
   9313.500     223525   2536.579     3.2324     3.2334   3.290052   3.290608   49.00508  -16.50184     5.7852     5.8904          9  0.000e+00
   9313.542     223526   2536.579     3.2325     3.2334   3.290064   3.290578   49.00508  -16.50184     5.7744     5.8917          9  0.000e+00
   9313.583     223527   2536.579     3.2325     3.2334   3.290064   3.290584   49.00508  -16.50184     5.7714     5.8858          9  0.000e+00
   9313.625     223528   2536.676     3.2324     3.2333   3.290082   3.290614   49.00508  -16.50184     5.7685     5.8928          9  0.000e+00
   9313.667     223529   2536.676     3.2325     3.2336   3.290070   3.290578   49.00508  -16.50184     5.7674     5.8868          9  0.000e+00
   9313.708     223530   2536.579     3.2324     3.2334   3.290064   3.290608   49.00508  -16.50184     5.7663     5.8880          9  0.000e+00
   9313.750     223531   2536.676     3.2327     3.2336   3.290040   3.290602   49.00508  -16.50184     5.7732     5.8878          9  0.000e+00
   9313.792     223532   2536.676     3.2325     3.2333   3.290076   3.290548   49.00508  -16.50184     5.7664     5.8877          9  0.000e+00
   9313.833     223533   2536.579     3.2325     3.2336   3.290094   3.290578   49.00508  -16.50184     5.7635     5.8946          9  0.000e+00
   9313.875     223534   2536.676     3.2327     3.2334   3.290070   3.290596   49.00508  -16.50184     5.7627     5.8944          9  0.000e+00
   9313.917     223535   2536.676     3.2327     3.2338   3.290064   3.290596   49.00508  -16.50184     5.7697     5.8939          9  0.000e+00
   9313.958     223536   2536.579     3.2325     3.2334   3.290082   3.290596   49.00508  -16.50184     5.7707     5.8948          9  0.000e+00
   9314.000     223537   2536.676     3.2327     3.2334   3.290094   3.290596   49.00508  -16.50184     5.7718     5.8886          9  0.000e+00
   9314.042     223538   2536.676     3.2327     3.2334   3.290094   3.290572   49.00508  -16.50184     5.7652     5.8881          9  0.000e+00
   9314.083     223539   2536.579     3.2325     3.2334   3.290131   3.290584   49.00508  -16.50184     5.7644     5.8875          9  0.000e+00
   9314.125     223540   2536.676     3.2327     3.2334   3.290106   3.290596   49.00510  -16.50184     5.7639     5.8957          9  0.000e+00
   9314.167     223541   2536.676     3.2327     3.2334   3.290113   3.290596   49.00510  -16.50184     5.7614     5.8894          9  0.000e+00
   9314.208     223542   2536.580     3.2327     3.2333   3.290100   3.290572   49.00510  -16.50184     5.7588     5.8816          9  0.000e+00
   9314.250     223543   2536.676     3.2327     3.2334   3.290113   3.290584   49.00510  -16.50184     5.7661     5.8870          9  0.000e+00
   9314.292     223544   2536.676     3.2329     3.2336   3.290076   3.290572   49.00510  -16.50184     5.7597     5.8865          9  0.000e+00
   9314.333     223545   2536.676     3.2327     3.2334   3.290106   3.290584   49.00510  -16.50184     5.7669     5.8861          9  0.000e+00
   9314.375     223546   2536.676     3.2329     3.2336   3.290076   3.290596   49.00510  -16.50184     5.7683     5.8870          9  0.000e+00
   9314.417     223547   2536.676     3.2327     3.2333   3.290082   3.290572   49.00510  -16.50184     5.7620     5.8867          9  0.000e+00
   9314.458     223548   2536.676     3.2330     3.2334   3.290094   3.290608   49.00510  -16.50184     5.7693     5.8934          9  0.000e+00
   9314.500     223549   2536.676     3.2329     3.2336   3.290094   3.290602   49.00510  -16.50184     5.7708     5.8871          9  0.000e+00
   9314.542     223550   2536.580     3.2329     3.2336   3.290094   3.290572   49.00510  -16.50184     5.7722     5.8866          9  0.000e+00
   9314.583     223551   2536.677     3.2330     3.2334   3.290094   3.290584   49.00510  -16.50184     5.7718     5.8934          9  0.000e+00
   9314.625     223552   2536.677     3.2327     3.2334   3.290094   3.290572   49.00510  -16.50184     5.7655     5.8943          9  0.000e+00
   9314.667     223553   2536.787     3.2327     3.2336   3.290094   3.290584   49.00510  -16.50184     5.7652     5.8880          9  0.000e+00
   9314.708     223554   2536.677     3.2329     3.2336   3.290094   3.290596   49.00510  -16.50184     5.7648     5.8945          9  0.000e+00
   9314.750     223555   2536.469     3.2329     3.2334   3.290070   3.290572   49.00510  -16.50184     5.7566     5.8879          9  0.000e+00
   9314.792     223556   2536.677     3.2325     3.2334   3.290064   3.290584   49.00510  -16.50184     5.7549     5.8874          9  0.000e+00
   9314.833     223557   2536.787     3.2327     3.2336   3.290125   3.290596   49.00510  -16.50184     5.7474     5.8869          9  0.000e+00
   9314.875     223558   2536.677     3.2327     3.2333   3.290082   3.290572   49.00510  -16.50184     5.7459     5.8862          9  0.000e+00
   9314.917     223559   2536.580     3.2327     3.2336   3.290082   3.290584   49.00510  -16.50184     5.7506     5.8840          9  0.000e+00
   9681.625     232360   2280.247     3.4872     3.4884   3.302136   3.302713   49.00508  -16.50184     5.8663     5.9746         10  0.000e+00
   9681.667     232361   2280.550     3.4875     3.4886   3.302154   3.302701   49.00508  -16.50184     5.8655     5.9755         10  0.000e+00
   9681.708     232362   2280.454     3.4872     3.4885   3.302142   3.302671   49.00508  -16.50184     5.8717     5.9761         10  0.000e+00
