Data_example/SBE_Data_Processed/JC231/SeaBird/Data/Processed/JC231_CTD_008cfaldb.cnv
* Sea-Bird SBE 9 Data File:
* FileName = C:\Users\sandm\Documents\Cruises\JC231\CTD Data\CTD Raw Data\JC231_CTD_008.hex
* Software Version Seasave V 7.26.7.121
* Temperature SN = 5700
* Conductivity SN = 2164
* Number of Bytes Per Scan = 41
* Number of Voltage Words = 4
* Number of Scans Averaged by the Deck Unit = 1
* NMEA Latitude = 49 00.50 N
* NMEA Longitude = 016 28.70 W
* NMEA UTC (Time) = May 13 2022  11:46:15
* NMEA baud rate = 9600
** Ship: RRS James Cook
** Cruise: JC231
** Cast: 008
** Event:
** Station:
** Julian Day: 133
** Time (GMT): 11:22
** Latitude: 49 0.538 ' N
** Longitude: 16 28.747' W
** Depth (uncorrected m): 4810m
** Principal Scientist: Dr Susan Hartman
** Operator:  TP / JG
# nquan = 15
# nvalues = 9816                        
# units = specified
# name 0 = timeS: Time, Elapsed [seconds]
# name 1 = scan: Scan Count
# name 2 = prDM: Pressure, Digiquartz [db]
# name 3 = t090C: Temperature [ITS-90, deg C]
# name 4 = t190C: Temperature, 2 [ITS-90, deg C]
# name 5 = c0S/m: Conductivity [S/m]
# name 6 = c1S/m: Conductivity, 2 [S/m]
# name 7 = latitude: Latitude [deg]
# name 8 = longitude: Longitude [deg]
# name 9 = sbeox0ML/L: Oxygen, SBE 43 [ml/l]
# name 10 = sbeox1ML/L: Oxygen, SBE 43, 2 [ml/l]
# name 11 = depSM: Depth [salt water, m], lat = 49.0083
# name 12 = sal00: Salinity, Practical [PSU]
# name 13 = sal11: Salinity, Practical, 2 [PSU]
# name 14 = flag: flag
# span 0 =    -18.124,  12756.750       
# span 1 =       -434,     306163       
# span 2 =      1.000,   4922.000       
# span 3 =     2.5365,    14.1141       
# span 4 =     2.5380,    14.1212       
# span 5 =   3.272130,   4.271179       
# span 6 =   3.272735,   4.272195       
# span 7 =   48.99701,   49.00834       
# span 8 =  -16.47980,  -16.47607       
# span 9 =     4.2270,     6.0534       
# span 10 =     4.2506,     6.1318      
# span 11 =      0.992,   4824.669      
# span 12 =    34.9030,    35.6850      
# span 13 =    34.9084,    35.6884      
# span 14 = 0.0000e+00, 0.0000e+00      
# interval = decibars: 1                
# start_time = May 13 2022 11:46:16 [System UTC, first data scan.]
# bad_flag = -9.990e-29
*END*
[from data line 2796]
   3290.418      78971   2823.000     3.0020     3.0039   3.280960   3.281548   49.00811  -16.47926     5.6180     5.6992   2780.401    34.9494    34.9543 0.0000e+00
   3291.352      78993   2824.000     3.0000     3.0020   3.280836   3.281437   49.00810  -16.47925     5.6152     5.6987   2781.380    34.9496    34.9546 0.0000e+00
   3292.266      79015   2825.000     2.9977     2.9998   3.280679   3.281289   49.00810  -16.47924     5.6140     5.6975   2782.358    34.9497    34.9547 0.0000e+00
   3293.179      79037   2826.000     2.9960     2.9980   3.280533   3.281139   49.00810  -16.47924     5.6132     5.6960   2783.337    34.9492    34.9544 0.0000e+00
   3294.114      79060   2827.000     2.9951     2.9971   3.280463   3.281062   49.00810  -16.47924     5.6111     5.6966   2784.315    34.9489    34.9540 0.0000e+00
   3295.095      79083   2828.000     2.9947     2.9966   3.280442   3.281036   49.00810  -16.47925     5.6087     5.6959   2785.293    34.9486    34.9537 0.0000e+00
   3296.136      79108   2829.000     2.9944     2.9963   3.280448   3.281033   49.00810  -16.47926     5.6067     5.6945   2786.272    34.9486    34.9536 0.0000e+00
   3297.218      79134   2830.000     2.9942     2.9961   3.280464   3.281047   49.00810  -16.47926     5.6062     5.6935   2787.250    34.9485    34.9535 0.0000e+00
   3298.276      79160   2831.000     2.9941     2.9961   3.280488   3.281076   49.00810  -16.47926     5.6055     5.6912   2788.229    34.9485    34.9534 0.0000e+00
   3299.268      79183   2832.000     2.9940     2.9961   3.280515   3.281112   49.00810  -16.47926     5.6053     5.6899   2789.207    34.9484    34.9533 0.0000e+00
   3300.197      79206   2833.000     2.9940     2.9960   3.280548   3.281145   49.00810  -16.47926     5.6043     5.6898   2790.185    34.9484    34.9534 0.0000e+00
   3301.094      79227   2834.000     2.9941     2.9960   3.280590   3.281178   49.00810  -16.47926     5.6019     5.6884   2791.164    34.9483    34.9533 0.0000e+00
   3301.989      79249   2835.000     2.9942     2.9960   3.280633   3.281216   49.00810  -16.47926     5.6005     5.6862   2792.142    34.9483    34.9533 0.0000e+00
   3302.912      79271   2836.000     2.9942     2.9961   3.280677   3.281256   49.00810  -16.47926     5.6012     5.6836   2793.121    34.9484    34.9533 0.0000e+00
   3303.873      79294   2837.000     2.9941     2.9960   3.280717   3.281295   49.00810  -16.47926     5.6024     5.6840   2794.099    34.9485    34.9533 0.0000e+00
   3304.866      79318   2838.000     2.9937     2.9957   3.280729   3.281319   49.00810  -16.47926     5.6023     5.6841   2795.078    34.9486    34.9535 0.0000e+00
   3305.876      79342   2839.000     2.9934     2.9951   3.280733   3.281312   49.00810  -16.47926     5.6025     5.6857   2796.056    34.9485    34.9536 0.0000e+00
   3306.887      79366   2840.000     2.9930     2.9944   3.280739   3.281294   49.00810  -16.47926     5.6025     5.6869   2797.035    34.9485    34.9537 0.0000e+00
   3307.884      79390   2841.000     2.9924     2.9937   3.280731   3.281266   49.00810  -16.47926     5.6013     5.6857   2798.013    34.9486    34.9537 0.0000e+00
   3308.868      79414   2842.000     2.9916     2.9931   3.280702   3.281244   49.00810  -16.47926     5.5996     5.6864   2798.991    34.9487    34.9536 0.0000e+00
   3309.843      79437   2843.000     2.9908     2.9925   3.280669   3.281230   49.00810  -16.47926     5.5995     5.6872   2799.970    34.9487    34.9536 0.0000e+00
   3310.815      79461   2844.000     2.9901     2.9918   3.280635   3.281205   49.00810  -16.47926     5.6002     5.6873   2800.948    34.9486    34.9536 0.0000e+00
   3311.784      79484   2845.000     2.9894     2.9912   3.280610   3.281188   49.00810  -16.47926     5.5988     5.6871   2801.927    34.9486    34.9535 0.0000e+00
   3312.753      79507   2846.000     2.9886     2.9905   3.280587   3.281172   49.00810  -16.47926     5.5985     5.6850   2802.905    34.9486    34.9536 0.0000e+00
   3313.720      79530   2847.000     2.9879     2.9899   3.280558   3.281146   49.00810  -16.47926     5.5989     5.6847   2803.883    34.9486    34.9536 0.0000e+00
   3314.681      79553   2848.000     2.9870     2.9891   3.280528   3.281118   49.00810  -16.47926     5.5993     5.6839   2804.862    34.9487    34.9536 0.0000e+00
   3315.633      79576   2849.000     2.9857     2.9880   3.280459   3.281073   49.00810  -16.47926     5.5992     5.6826   2805.840    34.9489    34.9537 0.0000e+00
   3316.582      79599   2850.000     2.9845     2.9867   3.280379   3.280998   49.00810  -16.47926     5.5978     5.6792   2806.819    34.9487    34.9538 0.0000e+00
   3317.543      79622   2851.000     2.9833     2.9854   3.280316   3.280921   49.00810  -16.47926     5.5955     5.6776   2807.797    34.9487    34.9537 0.0000e+00
   3318.529      79646   2852.000     2.9824     2.9843   3.280250   3.280849   49.00810  -16.47926     5.5938     5.6780   2808.775    34.9485    34.9536 0.0000e+00
   3319.535      79670   2853.000     2.9817     2.9832   3.280221   3.280789   49.00810  -16.47926     5.5933     5.6772   2809.754    34.9484    34.9536 0.0000e+00
   3320.544      79694   2854.000     2.9807     2.9821   3.280187   3.280724   49.00810  -16.47926     5.5936     5.6775   2810.732    34.9486    34.9535 0.0000e+00
   3321.538      79718   2855.000     2.9799     2.9815   3.280136   3.280688   49.00810  -16.47926     5.5938     5.6774   2811.710    34.9484    34.9533 0.0000e+00
   3322.506      79741   2856.000     2.9794     2.9812   3.280118   3.280683   49.00810  -16.47926     5.5933     5.6761   2812.689    34.9483    34.9531 0.0000e+00
   3323.452      79764   2857.000     2.9792     2.9810   3.280125   3.280698   49.00810  -16.47926     5.5922     5.6759   2813.667    34.9482    34.9530 0.0000e+00
   3324.394      79786   2858.000     2.9791     2.9809   3.280149   3.280728   49.00810  -16.47926     5.5918     5.6762   2814.645    34.9481    34.9530 0.0000e+00
   3325.347      79809   2859.000     2.9790     2.9809   3.280179   3.280760   49.00810  -16.47926     5.5907     5.6758   2815.624    34.9481    34.9530 0.0000e+00
   3326.314      79833   2860.000     2.9788     2.9806   3.280204   3.280783   49.00810  -16.47926     5.5888     5.6742   2816.602    34.9481    34.9531 0.0000e+00
   3327.291      79856   2861.000     2.9784     2.9802   3.280213   3.280792   49.00810  -16.47926     5.5881     5.6731   2817.580    34.9482    34.9532 0.0000e+00
   3328.272      79880   2862.000     2.9775     2.9793   3.280193   3.280768   49.00810  -16.47926     5.5871     5.6724   2818.559    34.9484    34.9535 0.0000e+00
   3329.255      79903   2863.000     2.9767     2.9784   3.280149   3.280718   49.00810  -16.47926     5.5861     5.6709   2819.537    34.9483    34.9533 0.0000e+00
   3330.246      79927   2864.000     2.9763     2.9781   3.280130   3.280703   49.00810  -16.47926     5.5850     5.6695   2820.515    34.9481    34.9531 0.0000e+00
   3331.243      79951   2865.000     2.9761     2.9779   3.280143   3.280719   49.00810  -16.47926     5.5847     5.6695   2821.493    34.9480    34.9530 0.0000e+00
   3332.236      79975   2866.000     2.9760     2.9777   3.280172   3.280744   49.00810  -16.47926     5.5849     5.6718   2822.472    34.9480    34.9530 0.0000e+00
   3333.216      79998   2867.000     2.9756     2.9773   3.280189   3.280760   49.00810  -16.47926     5.5837     5.6728   2823.450    34.9481    34.9531 0.0000e+00
   3334.177      80021   2868.000     2.9749     2.9767   3.280176   3.280750   49.00810  -16.47926     5.5831     5.6712   2824.428    34.9483    34.9532 0.0000e+00
   3335.121      80044   2869.000     2.9742     2.9760   3.280147   3.280722   49.00810  -16.47926     5.5831     5.6694   2825.407    34.9483    34.9532 0.0000e+00
   3336.062      80066   2870.000     2.9734     2.9751   3.280117   3.280689   49.00810  -16.47926     5.5829     5.6687   2826.385    34.9483    34.9533 0.0000e+00
   3337.017      80089   2871.000     2.9726     2.9741   3.280079   3.280642   49.00810  -16.47927     5.5830     5.6697   2827.363    34.9483    34.9533 0.0000e+00
   3337.993      80113   2872.000     2.9716     2.9731   3.280033   3.280585   49.00810  -16.47928     5.5823     5.6695   2828.341    34.9483    34.9532 0.0000e+00
   3338.990      80137   2873.000     2.9709     2.9726   3.279989   3.280553   49.00810  -16.47928     5.5810     5.6671   2829.320    34.9481    34.9530 0.0000e+00
   3339.993      80161   2874.000     2.9705     2.9723   3.279982   3.280556   49.00810  -16.47928     5.5795     5.6653   2830.298    34.9479    34.9529 0.0000e+00
   3340.989      80185   2875.000     2.9703     2.9721   3.279995   3.280566   49.00810  -16.47928     5.5780     5.6661   2831.276    34.9478    34.9528 0.0000e+00
   3341.966      80208   2876.000     2.9701     2.9719   3.280015   3.280587   49.00810  -16.47928     5.5769     5.6657   2832.254    34.9478    34.9527 0.0000e+00
   3342.927      80231   2877.000     2.9700     2.9718   3.280039   3.280615   49.00810  -16.47928     5.5756     5.6630   2833.233    34.9477    34.9527 0.0000e+00
   3343.884      80254   2878.000     2.9699     2.9718   3.280069   3.280646   49.00810  -16.47928     5.5753     5.6616   2834.211    34.9478    34.9527 0.0000e+00
   3344.851      80277   2879.000     2.9697     2.9716   3.280093   3.280673   49.00810  -16.47928     5.5744     5.6633   2835.189    34.9478    34.9528 0.0000e+00
   3345.836      80301   2880.000     2.9696     2.9714   3.280113   3.280699   49.00810  -16.47928     5.5737     5.6635   2836.167    34.9478    34.9528 0.0000e+00
   3346.828      80325   2881.000     2.9695     2.9713   3.280135   3.280727   49.00810  -16.47928     5.5752     5.6635   2837.146    34.9477    34.9528 0.0000e+00
   3347.814      80349   2882.000     2.9692     2.9709   3.280156   3.280741   49.00810  -16.47928     5.5764     5.6617   2838.124    34.9478    34.9529 0.0000e+00
   3348.788      80372   2883.000     2.9686     2.9702   3.280157   3.280730   49.00810  -16.47928     5.5770     5.6611   2839.102    34.9480    34.9531 0.0000e+00
   3349.752      80395   2884.000     2.9674     2.9689   3.280114   3.280671   49.00810  -16.47928     5.5767     5.6620   2840.080    34.9483    34.9533 0.0000e+00
   3350.711      80418   2885.000     2.9662     2.9679   3.280034   3.280599   49.00810  -16.47928     5.5757     5.6630   2841.058    34.9481    34.9530 0.0000e+00
   3351.672      80441   2886.000     2.9655     2.9673   3.279993   3.280566   49.00810  -16.47928     5.5752     5.6629   2842.037    34.9479    34.9528 0.0000e+00
   3352.640      80464   2887.000     2.9650     2.9668   3.279978   3.280552   49.00810  -16.47928     5.5742     5.6615   2843.015    34.9478    34.9528 0.0000e+00
   3353.617      80488   2888.000     2.9645     2.9662   3.279970   3.280539   49.00810  -16.47928     5.5737     5.6612   2843.993    34.9478    34.9527 0.0000e+00
   3354.605      80512   2889.000     2.9641     2.9659   3.279966   3.280538   49.00810  -16.47929     5.5739     5.6625   2844.971    34.9477    34.9526 0.0000e+00
   3355.605      80536   2890.000     2.9637     2.9655   3.279967   3.280543   49.00810  -16.47929     5.5742     5.6629   2845.949    34.9477    34.9527 0.0000e+00
   3356.613      80560   2891.000     2.9632     2.9650   3.279967   3.280540   49.00810  -16.47930     5.5729     5.6612   2846.928    34.9477    34.9527 0.0000e+00
   3357.616      80584   2892.000     2.9626     2.9644   3.279956   3.280529   49.00810  -16.47930     5.5726     5.6588   2847.906    34.9478    34.9528 0.0000e+00
   3358.598      80607   2893.000     2.9619     2.9635   3.279933   3.280502   49.00810  -16.47930     5.5724     5.6579   2848.884    34.9479    34.9529 0.0000e+00
   3359.554      80630   2894.000     2.9608     2.9623   3.279888   3.280446   49.00810  -16.47930     5.5705     5.6586   2849.862    34.9481    34.9531 0.0000e+00
   3360.492      80653   2895.000     2.9595     2.9610   3.279814   3.280369   49.00810  -16.47930     5.5699     5.6590   2850.840    34.9481    34.9530 0.0000e+00
   3361.426      80675   2896.000     2.9583     2.9600   3.279740   3.280299   49.00810  -16.47930     5.5685     5.6580   2851.819    34.9480    34.9529 0.0000e+00
   3362.370      80698   2897.000     2.9577     2.9594   3.279693   3.280259   49.00810  -16.47930     5.5687     5.6559   2852.797    34.9476    34.9526 0.0000e+00
   3363.325      80721   2898.000     2.9574     2.9591   3.279690   3.280262   49.00810  -16.47930     5.5680     5.6553   2853.775    34.9474    34.9524 0.0000e+00
   3364.294      80744   2899.000     2.9573     2.9590   3.279709   3.280282   49.00810  -16.47930     5.5655     5.6533   2854.753    34.9473    34.9523 0.0000e+00
   3365.281      80768   2900.000     2.9572     2.9590   3.279738   3.280313   49.00810  -16.47930     5.5665     5.6513   2855.731    34.9473    34.9523 0.0000e+00
   3366.294      80792   2901.000     2.9571     2.9589   3.279769   3.280344   49.00810  -16.47930     5.5687     5.6528   2856.709    34.9473    34.9523 0.0000e+00
   3367.326      80817   2902.000     2.9570     2.9588   3.279796   3.280374   49.00810  -16.47931     5.5691     5.6553   2857.687    34.9473    34.9523 0.0000e+00
   3368.357      80842   2903.000     2.9570     2.9588   3.279826   3.280408   49.00810  -16.47932     5.5668     5.6571   2858.665    34.9472    34.9523 0.0000e+00
   3369.360      80866   2904.000     2.9571     2.9589   3.279866   3.280451   49.00810  -16.47932     5.5663     5.6571   2859.644    34.9472    34.9522 0.0000e+00
   3370.327      80889   2905.000     2.9571     2.9590   3.279907   3.280495   49.00810  -16.47931     5.5671     5.6557   2860.622    34.9472    34.9522 0.0000e+00
   3371.264      80911   2906.000     2.9571     2.9590   3.279946   3.280539   49.00810  -16.47930     5.5671     5.6545   2861.600    34.9472    34.9523 0.0000e+00
   3372.182      80933   2907.000     2.9570     2.9589   3.279977   3.280568   49.00810  -16.47930     5.5660     5.6547   2862.578    34.9473    34.9523 0.0000e+00
   3373.103      80955   2908.000     2.9566     2.9586   3.279988   3.280580   49.00810  -16.47930     5.5656     5.6542   2863.556    34.9473    34.9523 0.0000e+00
   3374.047      80978   2909.000     2.9562     2.9581   3.279987   3.280578   49.00810  -16.47931     5.5663     5.6539   2864.534    34.9473    34.9523 0.0000e+00
   3375.024      81002   2910.000     2.9559     2.9577   3.279989   3.280574   49.00810  -16.47932     5.5676     5.6536   2865.512    34.9472    34.9523 0.0000e+00
   3376.030      81026   2911.000     2.9556     2.9574   3.279999   3.280579   49.00810  -16.47932     5.5678     5.6525   2866.490    34.9472    34.9522 0.0000e+00
   3377.053      81050   2912.000     2.9553     2.9572   3.280011   3.280592   49.00810  -16.47932     5.5669     5.6532   2867.468    34.9472    34.9522 0.0000e+00
   3378.076      81075   2913.000     2.9551     2.9569   3.280026   3.280606   49.00810  -16.47932     5.5649     5.6540   2868.446    34.9471    34.9521 0.0000e+00
   3379.080      81099   2914.000     2.9549     2.9567   3.280051   3.280627   49.00810  -16.47932     5.5645     5.6536   2869.425    34.9472    34.9521 0.0000e+00
   3380.056      81122   2915.000     2.9547     2.9564   3.280072   3.280646   49.00810  -16.47932     5.5648     5.6540   2870.403    34.9472    34.9522 0.0000e+00
   3381.009      81145   2916.000     2.9542     2.9560   3.280077   3.280652   49.00810  -16.47932     5.5644     5.6535   2871.381    34.9473    34.9523 0.0000e+00
   3381.947      81168   2917.000     2.9537     2.9554   3.280070   3.280645   49.00810  -16.47932     5.5642     5.6531   2872.359    34.9473    34.9523 0.0000e+00
