Data_example/SBE_Data_Processed/JC231/SeaBird/Data/Processed/JC231_CTD_007cfaldb.cnv
* Sea-Bird SBE 9 Data File:
* FileName = C:\Users\sandm\Documents\Cruises\JC231\CTD Data\CTD Raw Data\JC231_CTD_007.hex
* Software Version Seasave V 7.26.7.121
* Temperature SN = 5700
* Conductivity SN = 2164
* Number of Bytes Per Scan = 41
* Number of Voltage Words = 4
* Number of Scans Averaged by the Deck Unit = 1
* NMEA Latitude = 48 56.85 N
* NMEA Longitude = 016 28.41 W
* NMEA UTC (Time) = May 11 2022  08:20:42
* NMEA baud rate = 9600
** Ship: RRS James Cook
** Cruise: JC231
** Cast: 007
** Event:
** Station:
** Julian Day: 131
** Time (GMT): 08:20
** Latitude: 48 56.853' N
** Longitude: 16 28.413' W
** Depth (uncorrected m): 4806m
** Principal Scientist: Dr Susan Hartman
** Operator:  TP / JG
# nquan = 15
# nvalues = 9845                        
# units = specified
# name 0 = timeS: Time, Elapsed [seconds]
# name 1 = scan: Scan Count
# name 2 = prDM: Pressure, Digiquartz [db]
# name 3 = t090C: Temperature [ITS-90, deg C]
# name 4 = t190C: Temperature, 2 [ITS-90, deg C]
# name 5 = c0S/m: Conductivity [S/m]
# name 6 = c1S/m: Conductivity, 2 [S/m]
# name 7 = latitude: Latitude [deg]
# name 8 = longitude: Longitude [deg]
# name 9 = sbeox0ML/L: Oxygen, SBE 43 [ml/l]
# name 10 = sbeox1ML/L: Oxygen, SBE 43, 2 [ml/l]
# name 11 = depSM: Depth [salt water, m], lat = 48.9475
# name 12 = sal00: Salinity, Practical [PSU]
# name 13 = sal11: Salinity, Practical, 2 [PSU]
# name 14 = flag: flag
# span 0 =    281.109,  13760.214       
# span 1 =       6748,     330246       
# span 2 =      1.000,   4924.000       
# span 3 =     2.5308,    14.1540       
# span 4 =     2.5325,    14.2216       
# span 5 =   3.272331,   4.255084       
# span 6 =   3.272864,   4.260562       
# span 7 =   48.75402,   50.06243       
# span 8 =  -16.84877,  -16.40844       
# span 9 =     4.2545,     6.1074       
# span 10 =     4.2825,     6.1854      
# span 11 =      0.992,   4826.635      
# span 12 =    33.8352,    35.6813      
# span 13 =    34.1712,    35.6826      
# span 14 = 0.0000e+00, 0.0000e+00      
# interval = decibars: 1                
# start_time = May 11 2022 08:20:43 [System UTC, first data scan.]
# bad_flag = -9.990e-29
*END*
[from data line 2410]
   3105.650      74537   2413.000     3.3358     3.3375   3.294381   3.294884   48.94750  -16.47355     5.8474     5.9393   2378.863    34.9450    34.9491 0.0000e+00
   3106.644      74560   2414.000     3.3346     3.3363   3.294331   3.294828   48.94750  -16.47355     5.8461     5.9398   2379.843    34.9451    34.9493 0.0000e+00
   3107.622      74584   2415.000     3.3331     3.3347   3.294245   3.294740   48.94750  -16.47355     5.8479     5.9396   2380.823    34.9453    34.9495 0.0000e+00
   3108.579      74607   2416.000     3.3312     3.3327   3.294136   3.294624   48.94750  -16.47354     5.8487     5.9404   2381.804    34.9455    34.9497 0.0000e+00
   3109.521      74629   2417.000     3.3286     3.3301   3.293979   3.294456   48.94750  -16.47353     5.8474     5.9406   2382.784    34.9458    34.9500 0.0000e+00
   3110.459      74652   2418.000     3.3264     3.3279   3.293799   3.294274   48.94750  -16.47353     5.8464     5.9406   2383.764    34.9456    34.9496 0.0000e+00
   3111.415      74675   2419.000     3.3248     3.3265   3.293675   3.294159   48.94750  -16.47352     5.8467     5.9408   2384.745    34.9453    34.9492 0.0000e+00
   3112.404      74699   2420.000     3.3236     3.3255   3.293594   3.294098   48.94750  -16.47353     5.8467     5.9414   2385.725    34.9451    34.9491 0.0000e+00
   3113.422      74723   2421.000     3.3229     3.3248   3.293547   3.294057   48.94750  -16.47354     5.8459     5.9397   2386.705    34.9449    34.9490 0.0000e+00
   3114.443      74748   2422.000     3.3225     3.3243   3.293536   3.294048   48.94750  -16.47354     5.8450     5.9397   2387.685    34.9448    34.9489 0.0000e+00
   3115.438      74772   2423.000     3.3223     3.3241   3.293546   3.294060   48.94750  -16.47354     5.8449     5.9397   2388.666    34.9446    34.9488 0.0000e+00
   3116.401      74795   2424.000     3.3221     3.3239   3.293568   3.294083   48.94750  -16.47354     5.8453     5.9383   2389.646    34.9446    34.9488 0.0000e+00
   3117.343      74817   2425.000     3.3218     3.3235   3.293589   3.294096   48.94750  -16.47354     5.8449     5.9387   2390.626    34.9447    34.9489 0.0000e+00
   3118.283      74840   2426.000     3.3212     3.3230   3.293592   3.294094   48.94750  -16.47354     5.8450     5.9395   2391.607    34.9449    34.9490 0.0000e+00
   3119.240      74863   2427.000     3.3206     3.3225   3.293574   3.294083   48.94750  -16.47353     5.8456     5.9398   2392.587    34.9449    34.9489 0.0000e+00
   3120.219      74886   2428.000     3.3203     3.3221   3.293571   3.294081   48.94750  -16.47353     5.8457     5.9392   2393.567    34.9447    34.9489 0.0000e+00
   3121.222      74910   2429.000     3.3201     3.3219   3.293591   3.294103   48.94750  -16.47352     5.8443     5.9370   2394.547    34.9446    34.9488 0.0000e+00
   3122.236      74935   2430.000     3.3200     3.3218   3.293615   3.294131   48.94750  -16.47353     5.8449     5.9359   2395.528    34.9446    34.9488 0.0000e+00
   3123.245      74959   2431.000     3.3196     3.3213   3.293627   3.294143   48.94750  -16.47353     5.8456     5.9387   2396.508    34.9447    34.9490 0.0000e+00
   3124.239      74983   2432.000     3.3187     3.3203   3.293611   3.294119   48.94750  -16.47354     5.8444     5.9401   2397.488    34.9450    34.9493 0.0000e+00
   3125.216      75006   2433.000     3.3169     3.3186   3.293531   3.294026   48.94750  -16.47354     5.8432     5.9410   2398.468    34.9455    34.9496 0.0000e+00
   3126.177      75029   2434.000     3.3151     3.3169   3.293406   3.293908   48.94750  -16.47354     5.8418     5.9427   2399.448    34.9454    34.9495 0.0000e+00
   3127.127      75052   2435.000     3.3132     3.3150   3.293294   3.293798   48.94750  -16.47354     5.8414     5.9417   2400.429    34.9457    34.9498 0.0000e+00
   3128.075      75075   2436.000     3.3107     3.3124   3.293139   3.293637   48.94750  -16.47354     5.8422     5.9396   2401.409    34.9459    34.9500 0.0000e+00
   3129.033      75098   2437.000     3.3086     3.3102   3.292974   3.293461   48.94750  -16.47354     5.8425     5.9382   2402.389    34.9458    34.9499 0.0000e+00
   3130.004      75121   2438.000     3.3065     3.3084   3.292834   3.293329   48.94750  -16.47354     5.8414     5.9376   2403.369    34.9458    34.9498 0.0000e+00
   3130.986      75145   2439.000     3.3046     3.3066   3.292699   3.293215   48.94750  -16.47354     5.8393     5.9365   2404.350    34.9458    34.9498 0.0000e+00
   3131.978      75168   2440.000     3.3031     3.3049   3.292586   3.293099   48.94750  -16.47354     5.8377     5.9359   2405.330    34.9456    34.9498 0.0000e+00
   3132.974      75192   2441.000     3.3017     3.3032   3.292508   3.293001   48.94750  -16.47354     5.8393     5.9352   2406.310    34.9456    34.9499 0.0000e+00
   3133.966      75216   2442.000     3.2998     3.3012   3.292406   3.292878   48.94750  -16.47353     5.8411     5.9336   2407.290    34.9459    34.9501 0.0000e+00
   3134.948      75240   2443.000     3.2981     3.2996   3.292281   3.292765   48.94750  -16.47353     5.8404     5.9331   2408.270    34.9458    34.9500 0.0000e+00
   3135.926      75263   2444.000     3.2968     3.2984   3.292197   3.292688   48.94750  -16.47353     5.8379     5.9326   2409.250    34.9457    34.9498 0.0000e+00
   3136.910      75287   2445.000     3.2960     3.2978   3.292153   3.292655   48.94750  -16.47354     5.8362     5.9303   2410.231    34.9456    34.9497 0.0000e+00
   3137.904      75311   2446.000     3.2956     3.2975   3.292146   3.292660   48.94750  -16.47354     5.8365     5.9284   2411.211    34.9454    34.9496 0.0000e+00
   3138.902      75335   2447.000     3.2955     3.2974   3.292166   3.292683   48.94750  -16.47354     5.8354     5.9287   2412.191    34.9453    34.9495 0.0000e+00
   3139.888      75358   2448.000     3.2955     3.2973   3.292202   3.292717   48.94750  -16.47354     5.8336     5.9290   2413.171    34.9453    34.9495 0.0000e+00
   3140.844      75381   2449.000     3.2955     3.2974   3.292241   3.292759   48.94750  -16.47354     5.8340     5.9270   2414.151    34.9453    34.9495 0.0000e+00
   3141.779      75404   2450.000     3.2955     3.2974   3.292279   3.292800   48.94750  -16.47354     5.8343     5.9254   2415.131    34.9453    34.9495 0.0000e+00
   3142.709      75426   2451.000     3.2954     3.2973   3.292311   3.292834   48.94750  -16.47353     5.8336     5.9240   2416.112    34.9453    34.9495 0.0000e+00
   3143.653      75449   2452.000     3.2954     3.2973   3.292349   3.292870   48.94751  -16.47352     5.8326     5.9212   2417.092    34.9453    34.9495 0.0000e+00
   3144.626      75472   2453.000     3.2955     3.2973   3.292394   3.292909   48.94752  -16.47352     5.8312     5.9201   2418.072    34.9453    34.9495 0.0000e+00
   3145.620      75496   2454.000     3.2955     3.2974   3.292441   3.292952   48.94752  -16.47352     5.8300     5.9204   2419.052    34.9454    34.9494 0.0000e+00
   3146.622      75520   2455.000     3.2956     3.2974   3.292485   3.292997   48.94752  -16.47353     5.8294     5.9214   2420.032    34.9453    34.9495 0.0000e+00
   3147.627      75544   2456.000     3.2955     3.2972   3.292524   3.293033   48.94752  -16.47354     5.8311     5.9236   2421.012    34.9454    34.9497 0.0000e+00
   3148.630      75568   2457.000     3.2952     3.2967   3.292550   3.293046   48.94752  -16.47354     5.8335     5.9256   2421.992    34.9456    34.9499 0.0000e+00
   3149.627      75592   2458.000     3.2944     3.2957   3.292546   3.293018   48.94751  -16.47354     5.8342     5.9265   2422.972    34.9459    34.9501 0.0000e+00
   3150.613      75616   2459.000     3.2930     3.2944   3.292491   3.292963   48.94751  -16.47354     5.8341     5.9256   2423.953    34.9463    34.9504 0.0000e+00
   3151.583      75639   2460.000     3.2913     3.2928   3.292392   3.292870   48.94751  -16.47354     5.8338     5.9238   2424.933    34.9464    34.9505 0.0000e+00
   3152.538      75662   2461.000     3.2897     3.2913   3.292287   3.292777   48.94752  -16.47354     5.8331     5.9210   2425.913    34.9464    34.9505 0.0000e+00
   3153.487      75685   2462.000     3.2883     3.2901   3.292196   3.292699   48.94752  -16.47353     5.8319     5.9195   2426.893    34.9463    34.9505 0.0000e+00
   3154.443      75708   2463.000     3.2875     3.2893   3.292138   3.292649   48.94752  -16.47352     5.8302     5.9199   2427.873    34.9461    34.9502 0.0000e+00
   3155.413      75731   2464.000     3.2869     3.2886   3.292122   3.292631   48.94752  -16.47352     5.8288     5.9192   2428.853    34.9460    34.9503 0.0000e+00
   3156.393      75754   2465.000     3.2859     3.2875   3.292099   3.292588   48.94752  -16.47352     5.8267     5.9179   2429.833    34.9463    34.9505 0.0000e+00
   3157.379      75778   2466.000     3.2849     3.2866   3.292040   3.292536   48.94752  -16.47352     5.8259     5.9173   2430.813    34.9463    34.9503 0.0000e+00
   3158.369      75802   2467.000     3.2842     3.2861   3.292004   3.292518   48.94752  -16.47353     5.8267     5.9156   2431.793    34.9461    34.9501 0.0000e+00
   3159.360      75826   2468.000     3.2837     3.2857   3.291991   3.292515   48.94752  -16.47353     5.8265     5.9154   2432.773    34.9460    34.9501 0.0000e+00
   3160.350      75849   2469.000     3.2834     3.2853   3.291991   3.292516   48.94752  -16.47354     5.8247     5.9166   2433.753    34.9458    34.9500 0.0000e+00
   3161.335      75873   2470.000     3.2832     3.2850   3.292006   3.292523   48.94752  -16.47354     5.8244     5.9175   2434.733    34.9458    34.9500 0.0000e+00
   3162.310      75896   2471.000     3.2830     3.2847   3.292026   3.292538   48.94752  -16.47354     5.8253     5.9185   2435.714    34.9458    34.9500 0.0000e+00
   3163.278      75920   2472.000     3.2825     3.2841   3.292033   3.292534   48.94752  -16.47353     5.8249     5.9191   2436.694    34.9459    34.9502 0.0000e+00
   3164.245      75943   2473.000     3.2814     3.2829   3.291999   3.292490   48.94752  -16.47353     5.8238     5.9216   2437.674    34.9462    34.9505 0.0000e+00
   3165.216      75966   2474.000     3.2798     3.2814   3.291912   3.292398   48.94752  -16.47352     5.8222     5.9225   2438.654    34.9464    34.9505 0.0000e+00
   3166.192      75990   2475.000     3.2782     3.2797   3.291803   3.292293   48.94751  -16.47352     5.8228     5.9214   2439.634    34.9464    34.9506 0.0000e+00
   3167.170      76013   2476.000     3.2768     3.2784   3.291698   3.292191   48.94751  -16.47352     5.8250     5.9213   2440.614    34.9461    34.9502 0.0000e+00
   3168.154      76037   2477.000     3.2761     3.2778   3.291646   3.292146   48.94750  -16.47352     5.8253     5.9226   2441.594    34.9457    34.9499 0.0000e+00
   3169.145      76060   2478.000     3.2758     3.2775   3.291642   3.292147   48.94751  -16.47352     5.8248     5.9237   2442.574    34.9456    34.9497 0.0000e+00
   3170.139      76084   2479.000     3.2755     3.2774   3.291658   3.292165   48.94751  -16.47353     5.8247     5.9247   2443.554    34.9455    34.9496 0.0000e+00
   3171.128      76108   2480.000     3.2754     3.2772   3.291682   3.292193   48.94752  -16.47353     5.8256     5.9263   2444.534    34.9455    34.9496 0.0000e+00
   3172.103      76131   2481.000     3.2753     3.2771   3.291712   3.292222   48.94752  -16.47354     5.8253     5.9264   2445.514    34.9456    34.9497 0.0000e+00
   3173.065      76155   2482.000     3.2751     3.2769   3.291739   3.292248   48.94751  -16.47354     5.8249     5.9247   2446.494    34.9456    34.9498 0.0000e+00
   3174.020      76177   2483.000     3.2747     3.2766   3.291759   3.292274   48.94751  -16.47354     5.8261     5.9234   2447.474    34.9457    34.9499 0.0000e+00
   3174.972      76200   2484.000     3.2742     3.2761   3.291769   3.292285   48.94750  -16.47353     5.8250     5.9228   2448.454    34.9459    34.9501 0.0000e+00
   3175.925      76223   2485.000     3.2734     3.2751   3.291752   3.292261   48.94750  -16.47352     5.8231     5.9229   2449.434    34.9461    34.9504 0.0000e+00
   3176.886      76246   2486.000     3.2725     3.2741   3.291710   3.292208   48.94750  -16.47352     5.8236     5.9240   2450.414    34.9462    34.9504 0.0000e+00
   3177.862      76270   2487.000     3.2716     3.2734   3.291668   3.292174   48.94750  -16.47352     5.8234     5.9221   2451.394    34.9461    34.9502 0.0000e+00
   3178.855      76294   2488.000     3.2706     3.2724   3.291622   3.292137   48.94751  -16.47352     5.8219     5.9205   2452.374    34.9462    34.9504 0.0000e+00
   3179.863      76318   2489.000     3.2697     3.2716   3.291572   3.292089   48.94752  -16.47352     5.8210     5.9207   2453.354    34.9460    34.9502 0.0000e+00
   3180.874      76342   2490.000     3.2692     3.2710   3.291552   3.292073   48.94752  -16.47352     5.8209     5.9206   2454.334    34.9459    34.9502 0.0000e+00
   3181.872      76366   2491.000     3.2688     3.2706   3.291557   3.292076   48.94752  -16.47352     5.8202     5.9197   2455.314    34.9459    34.9501 0.0000e+00
   3182.848      76389   2492.000     3.2687     3.2706   3.291584   3.292106   48.94752  -16.47352     5.8194     5.9175   2456.294    34.9459    34.9501 0.0000e+00
   3183.804      76412   2493.000     3.2687     3.2707   3.291628   3.292157   48.94751  -16.47352     5.8183     5.9149   2457.274    34.9459    34.9501 0.0000e+00
   3184.757      76435   2494.000     3.2689     3.2708   3.291686   3.292219   48.94750  -16.47353     5.8180     5.9132   2458.254    34.9460    34.9502 0.0000e+00
   3185.719      76458   2495.000     3.2690     3.2710   3.291747   3.292277   48.94750  -16.47354     5.8171     5.9111   2459.234    34.9461    34.9503 0.0000e+00
   3186.691      76482   2496.000     3.2690     3.2709   3.291798   3.292321   48.94750  -16.47354     5.8145     5.9104   2460.214    34.9463    34.9505 0.0000e+00
   3187.669      76505   2497.000     3.2687     3.2706   3.291828   3.292345   48.94750  -16.47354     5.8145     5.9107   2461.194    34.9464    34.9506 0.0000e+00
   3188.643      76528   2498.000     3.2683     3.2700   3.291838   3.292350   48.94750  -16.47354     5.8145     5.9085   2462.173    34.9465    34.9508 0.0000e+00
   3189.608      76552   2499.000     3.2676     3.2693   3.291829   3.292336   48.94751  -16.47353     5.8135     5.9069   2463.153    34.9467    34.9509 0.0000e+00
   3190.576      76575   2500.000     3.2666     3.2683   3.291793   3.292299   48.94752  -16.47353     5.8114     5.9057   2464.133    34.9469    34.9511 0.0000e+00
   3191.559      76598   2501.000     3.2657     3.2674   3.291746   3.292250   48.94752  -16.47354     5.8093     5.9050   2465.113    34.9468    34.9510 0.0000e+00
   3192.559      76622   2502.000     3.2650     3.2667   3.291717   3.292220   48.94752  -16.47354     5.8095     5.9048   2466.093    34.9468    34.9510 0.0000e+00
   3193.561      76646   2503.000     3.2640     3.2656   3.291684   3.292178   48.94751  -16.47354     5.8098     5.9039   2467.073    34.9469    34.9511 0.0000e+00
   3194.543      76670   2504.000     3.2627     3.2641   3.291621   3.292100   48.94750  -16.47354     5.8089     5.9027   2468.053    34.9471    34.9513 0.0000e+00
   3195.503      76693   2505.000     3.2609     3.2625   3.291513   3.291990   48.94750  -16.47354     5.8079     5.9031   2469.033    34.9472    34.9512 0.0000e+00
   3196.456      76716   2506.000     3.2597     3.2614   3.291410   3.291907   48.94750  -16.47354     5.8089     5.9041   2470.013    34.9469    34.9509 0.0000e+00
   3197.420      76739   2507.000     3.2588     3.2607   3.291358   3.291868   48.94750  -16.47354     5.8113     5.9040   2470.993    34.9467    34.9508 0.0000e+00
   3198.403      76763   2508.000     3.2582     3.2601   3.291333   3.291847   48.94750  -16.47354     5.8112     5.9042   2471.973    34.9466    34.9507 0.0000e+00
