Data_example/SBE_Data_Processed/JC231/SeaBird/Data/Processed/JC231_CTD_001c.ros
* Sea-Bird SBE 9 Data File:
* FileName = C:\Users\sandm\Documents\Cruises\JC231\CTD Data\CTD Raw Data\JC231_CTD_001.hex
* Software Version Seasave V 7.26.7.121
* Temperature SN = 5700
* Conductivity SN = 2164
* Number of Bytes Per Scan = 41
* Number of Voltage Words = 4
* Number of Scans Averaged by the Deck Unit = 1
* NMEA Latitude = 48 33.24 N
* NMEA Longitude = 009 55.75 W
* NMEA UTC (Time) = May 02 2022  18:08:10
* NMEA baud rate = 9600
** Ship: RRS James Cook
** Cruise: JC231
** Cast: 001
** Event:
** Station: 001
** Julian Day: 122
** Time (GMT): 18:05
** Latitude: 48 33.239' N
** Longitude: 009 55.746' W
** Depth (uncorrected m): 1900m
** Principal Scientist: Dr Susan Hartman
** Operator:  TP / JG
# nquan = 13
# nvalues = 1176                                  
# units = specified
# name 0 = timeS: Time, Elapsed [seconds]
# name 1 = scan: Scan Count
# name 2 = prDM: Pressure, Digiquartz [db]
# name 3 = t090C: Temperature [ITS-90, deg C]
# name 4 = t190C: Temperature, 2 [ITS-90, deg C]
# name 5 = c0S/m: Conductivity [S/m]
# name 6 = c1S/m: Conductivity, 2 [S/m]
# name 7 = latitude: Latitude [deg]
# name 8 = longitude: Longitude [deg]
# name 9 = sbeox0ML/L: Oxygen, SBE 43 [ml/l]
# name 10 = sbeox1ML/L: Oxygen, SBE 43, 2 [ml/l]
# name 11 = nbf: Bottles Fired
# name 12 = flag:  0.000e+00
# interval = seconds: 0.0416667
# start_time = May 02 2022 18:08:11 [System UTC, first data scan.]
# bad_flag = -9.990e-29
*END*
[from data line 223]
   4193.625     100648   1521.771     5.6398     5.6432   3.489157   3.489975   48.55400   -9.92912     5.1273     5.2226          5  0.000e+00
   4193.667     100649   1521.470     5.6398     5.6432   3.489195   3.489945   48.55400   -9.92912     5.1286     5.2230          5  0.000e+00
   4193.708     100650   1521.566     5.6396     5.6432   3.489188   3.490006   48.55400   -9.92912     5.1232     5.2180          5  0.000e+00
   4193.750     100651   1521.675     5.6398     5.6432   3.489157   3.489982   48.55400   -9.92912     5.1284     5.2186          5  0.000e+00
   4193.792     100652   1521.566     5.6398     5.6431   3.489151   3.489969   48.55400   -9.92912     5.1286     5.2191          5  0.000e+00
   4193.833     100653   1521.676     5.6396     5.6431   3.489170   3.489969   48.55400   -9.92912     5.1231     5.2188          5  0.000e+00
   4193.875     100654   1521.566     5.6398     5.6429   3.489182   3.490012   48.55400   -9.92912     5.1281     5.2184          5  0.000e+00
   4193.917     100655   1521.676     5.6398     5.6429   3.489157   3.489988   48.55400   -9.92912     5.1225     5.2180          5  0.000e+00
   4193.958     100656   1521.553     5.6399     5.6429   3.489195   3.489994   48.55400   -9.92912     5.1274     5.2175          5  0.000e+00
   4194.000     100657   1521.772     5.6399     5.6429   3.489188   3.489975   48.55400   -9.92912     5.1277     5.2172          5  0.000e+00
   4194.042     100658   1521.471     5.6398     5.6429   3.489182   3.489945   48.55400   -9.92912     5.1277     5.2173          5  0.000e+00
   4194.083     100659   1521.567     5.6396     5.6429   3.489182   3.489938   48.55400   -9.92912     5.1279     5.2177          5  0.000e+00
   4194.125     100660   1521.567     5.6398     5.6431   3.489132   3.489963   48.55400   -9.92912     5.1279     5.2172          5  0.000e+00
   4194.167     100661   1521.676     5.6396     5.6427   3.489164   3.489945   48.55400   -9.92912     5.1291     5.2176          5  0.000e+00
   4194.208     100662   1521.567     5.6396     5.6427   3.489132   3.489957   48.55400   -9.92912     5.1291     5.2179          5  0.000e+00
   4194.250     100663   1521.567     5.6396     5.6427   3.489139   3.489945   48.55400   -9.92912     5.1290     5.2173          5  0.000e+00
   4194.292     100664   1521.676     5.6395     5.6427   3.489170   3.489957   48.55400   -9.92912     5.1232     5.2177          5  0.000e+00
   4194.333     100665   1521.567     5.6394     5.6425   3.489132   3.489969   48.55400   -9.92912     5.1289     5.2170          5  0.000e+00
   4194.375     100666   1521.567     5.6396     5.6427   3.489139   3.489994   48.55400   -9.92912     5.1299     5.2164          5  0.000e+00
   4194.417     100667   1521.677     5.6393     5.6427   3.489151   3.490000   48.55400   -9.92912     5.1300     5.2221          5  0.000e+00
   4194.458     100668   1521.471     5.6395     5.6427   3.489151   3.489951   48.55400   -9.92912     5.1238     5.2175          5  0.000e+00
   4194.500     100669   1521.677     5.6394     5.6431   3.489151   3.489957   48.55400   -9.92912     5.1239     5.2233          5  0.000e+00
   4207.667     100985   1521.490     5.6395     5.6422   3.489151   3.489914   48.55400   -9.92912     5.1177     5.2177          6  0.000e+00
   4207.708     100986   1521.572     5.6393     5.6422   3.489151   3.489908   48.55400   -9.92912     5.1193     5.2182          6  0.000e+00
   4207.750     100987   1521.586     5.6395     5.6425   3.489151   3.489926   48.55400   -9.92912     5.1197     5.2130          6  0.000e+00
   4207.792     100988   1521.586     5.6394     5.6424   3.489126   3.489938   48.55400   -9.92912     5.1144     5.2126          6  0.000e+00
   4207.833     100989   1521.586     5.6392     5.6423   3.489120   3.489938   48.55400   -9.92912     5.1138     5.2177          6  0.000e+00
   4207.875     100990   1521.491     5.6392     5.6424   3.489120   3.489957   48.55400   -9.92912     5.1190     5.2172          6  0.000e+00
   4207.917     100991   1521.586     5.6391     5.6425   3.489070   3.489920   48.55400   -9.92912     5.1127     5.2113          6  0.000e+00
   4207.958     100992   1521.491     5.6390     5.6424   3.489126   3.489926   48.55400   -9.92912     5.1167     5.2109          6  0.000e+00
   4208.000     100993   1521.696     5.6391     5.6424   3.489076   3.489938   48.55400   -9.92912     5.1115     5.2106          6  0.000e+00
   4208.042     100994   1521.587     5.6392     5.6424   3.489101   3.489963   48.55400   -9.92912     5.1168     5.2149          6  0.000e+00
   4208.083     100995   1521.491     5.6393     5.6425   3.489120   3.489969   48.55400   -9.92912     5.1184     5.2097          6  0.000e+00
   4208.125     100996   1521.587     5.6392     5.6425   3.489139   3.489969   48.55400   -9.92912     5.1132     5.2149          6  0.000e+00
   4208.167     100997   1521.587     5.6391     5.6425   3.489126   3.489945   48.55400   -9.92912     5.1186     5.2154          6  0.000e+00
   4208.208     100998   1521.491     5.6392     5.6427   3.489139   3.489957   48.55400   -9.92912     5.1133     5.2103          6  0.000e+00
   4208.250     100999   1521.696     5.6392     5.6427   3.489126   3.489969   48.55400   -9.92912     5.1189     5.2157          6  0.000e+00
   4208.292     101000   1521.587     5.6393     5.6429   3.489120   3.489945   48.55400   -9.92912     5.1136     5.2161          6  0.000e+00
   4208.333     101001   1521.478     5.6392     5.6425   3.489120   3.489938   48.55400   -9.92912     5.1132     5.2111          6  0.000e+00
   4208.375     101002   1521.587     5.6393     5.6427   3.489163   3.489938   48.55400   -9.92912     5.1129     5.2155          6  0.000e+00
   4208.417     101003   1521.587     5.6395     5.6425   3.489108   3.489938   48.55400   -9.92912     5.1127     5.2105          6  0.000e+00
   4208.458     101004   1521.587     5.6393     5.6429   3.489132   3.489957   48.55400   -9.92912     5.1124     5.2157          6  0.000e+00
   4208.500     101005   1521.491     5.6392     5.6424   3.489101   3.489920   48.55400   -9.92912     5.1122     5.2108          6  0.000e+00
   4208.542     101006   1521.697     5.6391     5.6427   3.489108   3.489926   48.55400   -9.92912     5.1122     5.2106          6  0.000e+00
   4208.583     101007   1521.492     5.6392     5.6425   3.489120   3.489889   48.55400   -9.92912     5.1178     5.2094          6  0.000e+00
   4208.625     101008   1521.697     5.6392     5.6424   3.489120   3.489920   48.55400   -9.92912     5.1190     5.2085          6  0.000e+00
   4208.667     101009   1521.492     5.6391     5.6425   3.489120   3.489914   48.55400   -9.92912     5.1140     5.2082          6  0.000e+00
   4208.708     101010   1521.697     5.6392     5.6422   3.489095   3.489908   48.55400   -9.92912     5.1141     5.2082          6  0.000e+00
   4208.750     101011   1521.382     5.6394     5.6423   3.489132   3.489883   48.55400   -9.92912     5.1138     5.2078          6  0.000e+00
   4208.792     101012   1521.697     5.6393     5.6421   3.489126   3.489852   48.55400   -9.92912     5.1130     5.2080          6  0.000e+00
   4208.833     101013   1521.588     5.6394     5.6421   3.489120   3.489846   48.55400   -9.92912     5.1129     5.2133          6  0.000e+00
   4208.875     101014   1521.588     5.6390     5.6417   3.489139   3.489864   48.55400   -9.92912     5.1119     5.2141          6  0.000e+00
   4208.917     101015   1521.574     5.6391     5.6416   3.489126   3.489852   48.55400   -9.92912     5.1120     5.2149          6  0.000e+00
   4208.958     101016   1521.492     5.6392     5.6416   3.489095   3.489846   48.55400   -9.92912     5.1121     5.2156          6  0.000e+00
   4209.000     101017   1521.793     5.6392     5.6414   3.489108   3.489815   48.55400   -9.92912     5.1172     5.2166          6  0.000e+00
   4209.042     101018   1521.492     5.6393     5.6416   3.489095   3.489809   48.55400   -9.92912     5.1123     5.2116          6  0.000e+00
   4209.083     101019   1521.588     5.6389     5.6412   3.489132   3.489784   48.55400   -9.92912     5.1115     5.2108          6  0.000e+00
   4209.125     101020   1521.492     5.6388     5.6412   3.489101   3.489778   48.55400   -9.92912     5.1105     5.2052          6  0.000e+00
   4209.167     101021   1521.698     5.6390     5.6412   3.489089   3.489778   48.55400   -9.92912     5.1108     5.2092          6  0.000e+00
   4209.208     101022   1521.588     5.6388     5.6409   3.489108   3.489778   48.55400   -9.92912     5.1098     5.2092          6  0.000e+00
   4209.250     101023   1521.698     5.6389     5.6405   3.489095   3.489778   48.55400   -9.92912     5.1101     5.2149          6  0.000e+00
   4209.292     101024   1521.492     5.6387     5.6410   3.489089   3.489753   48.55400   -9.92912     5.1102     5.2101          6  0.000e+00
   4209.333     101025   1521.588     5.6389     5.6407   3.489064   3.489747   48.55400   -9.92912     5.1106     5.2103          6  0.000e+00
   4209.375     101026   1521.698     5.6390     5.6406   3.489076   3.489747   48.55400   -9.92912     5.1040     5.2097          6  0.000e+00
   4209.417     101027   1521.588     5.6385     5.6407   3.489064   3.489772   48.55400   -9.92912     5.1092     5.2088          6  0.000e+00
   4209.458     101028   1521.588     5.6385     5.6410   3.489076   3.489778   48.55400   -9.92912     5.1085     5.2081          6  0.000e+00
   4209.500     101029   1521.575     5.6387     5.6408   3.489108   3.489753   48.55400   -9.92912     5.1089     5.2083          6  0.000e+00
   4209.542     101030   1521.589     5.6389     5.6410   3.489070   3.489766   48.55400   -9.92912     5.1094     5.2084          6  0.000e+00
   4209.583     101031   1521.589     5.6387     5.6409   3.489076   3.489797   48.55400   -9.92912     5.1088     5.2086          6  0.000e+00
   4209.625     101032   1521.698     5.6387     5.6408   3.489064   3.489766   48.55400   -9.92912     5.1095     5.2090          6  0.000e+00
   4209.667     101033   1521.589     5.6388     5.6412   3.489076   3.489790   48.55400   -9.92912     5.1100     5.2091          6  0.000e+00
   5707.000     136969    708.541    10.0564    10.0574   3.902987   3.903626   48.55398   -9.92912     4.3599     4.4301          7  0.000e+00
   5707.042     136970    708.486    10.0566    10.0575   3.903026   3.903613   48.55398   -9.92912     4.3553     4.4304          7  0.000e+00
   5707.083     136971    708.581    10.0566    10.0575   3.903020   3.903626   48.55398   -9.92912     4.3545     4.4304          7  0.000e+00
   5707.125     136972    708.744    10.0566    10.0574   3.903020   3.903613   48.55398   -9.92912     4.3538     4.4262          7  0.000e+00
   5707.167     136973    708.677    10.0564    10.0575   3.903013   3.903651   48.55398   -9.92912     4.3574     4.4297          7  0.000e+00
   5707.208     136974    708.486    10.0565    10.0575   3.903013   3.903619   48.55398   -9.92912     4.3570     4.4252          7  0.000e+00
   5707.250     136975    708.541    10.0562    10.0575   3.903013   3.903626   48.55398   -9.92912     4.3524     4.4287          7  0.000e+00
   5707.292     136976    708.677    10.0564    10.0573   3.903033   3.903613   48.55398   -9.92912     4.3560     4.4286          7  0.000e+00
   5707.333     136977    708.582    10.0564    10.0575   3.903020   3.903600   48.55398   -9.92912     4.3512     4.4287          7  0.000e+00
   5707.375     136978    708.541    10.0564    10.0575   3.902981   3.903626   48.55398   -9.92912     4.3503     4.4289          7  0.000e+00
   5707.417     136979    708.582    10.0561    10.0577   3.903000   3.903606   48.55398   -9.92912     4.3545     4.4290          7  0.000e+00
   5707.458     136980    708.677    10.0564    10.0577   3.902968   3.903626   48.55398   -9.92912     4.3549     4.4287          7  0.000e+00
   5707.500     136981    708.650    10.0564    10.0575   3.902994   3.903632   48.55398   -9.92912     4.3502     4.4288          7  0.000e+00
   5707.542     136982    708.487    10.0561    10.0577   3.903013   3.903632   48.55398   -9.92912     4.3537     4.4288          7  0.000e+00
   5707.583     136983    708.541    10.0564    10.0577   3.903013   3.903606   48.55398   -9.92912     4.3540     4.4289          7  0.000e+00
   5707.625     136984    708.677    10.0562    10.0579   3.903013   3.903626   48.55398   -9.92912     4.3500     4.4243          7  0.000e+00
   5707.667     136985    708.582    10.0564    10.0578   3.903033   3.903632   48.55398   -9.92912     4.3534     4.4280          7  0.000e+00
   5707.708     136986    708.541    10.0562    10.0577   3.903046   3.903658   48.55398   -9.92912     4.3493     4.4280          7  0.000e+00
   5707.750     136987    708.582    10.0564    10.0575   3.903046   3.903638   48.55398   -9.92912     4.3485     4.4280          7  0.000e+00
   5707.792     136988    708.582    10.0564    10.0575   3.903046   3.903613   48.55398   -9.92912     4.3482     4.4280          7  0.000e+00
   5707.833     136989    708.650    10.0562    10.0575   3.903052   3.903600   48.55398   -9.92912     4.3480     4.4280          7  0.000e+00
   5707.875     136990    708.582    10.0566    10.0574   3.903020   3.903600   48.55398   -9.92912     4.3478     4.4279          7  0.000e+00
   5707.917     136991    708.582    10.0566    10.0577   3.903013   3.903600   48.55398   -9.92912     4.3476     4.4277          7  0.000e+00
   5707.958     136992    708.650    10.0567    10.0577   3.903033   3.903626   48.55398   -9.92912     4.3468     4.4277          7  0.000e+00
   5708.000     136993    708.582    10.0567    10.0575   3.903046   3.903606   48.55398   -9.92912     4.3460     4.4275          7  0.000e+00
   5708.042     136994    708.582    10.0569    10.0575   3.903065   3.903574   48.55398   -9.92912     4.3458     4.4274          7  0.000e+00
   5708.083     136995    708.650    10.0567    10.0575   3.903026   3.903613   48.55398   -9.92912     4.3451     4.4272          7  0.000e+00
   5708.125     136996    708.487    10.0569    10.0577   3.903059   3.903632   48.55398   -9.92912     4.3449     4.4227          7  0.000e+00
   5708.167     136997    708.582    10.0569    10.0577   3.903039   3.903606   48.55398   -9.92912     4.3404     4.4263          7  0.000e+00
   5708.208     136998    708.650    10.0566    10.0577   3.903013   3.903626   48.55398   -9.92912     4.3442     4.4261          7  0.000e+00
   5708.250     136999    708.487    10.0567    10.0575   3.903033   3.903632   48.55398   -9.92912     4.3441     4.4216          7  0.000e+00
   5708.292     137000    708.678    10.0566    10.0578   3.903046   3.903613   48.55398   -9.92912     4.3436     4.4252          7  0.000e+00
   5708.333     137001    708.651    10.0567    10.0575   3.903020   3.903626   48.55398   -9.92912     4.3435     4.4250          7  0.000e+00
   5708.375     137002    708.583    10.0567    10.0574   3.903033   3.903613   48.55398   -9.92912     4.3435     4.4247          7  0.000e+00
   5708.417     137003    708.583    10.0566    10.0575   3.902987   3.903600   48.55398   -9.92912     4.3436     4.4244          7  0.000e+00
   5708.458     137004    708.651    10.0564    10.0574   3.903026   3.903600   48.55398   -9.92912     4.3437     4.4246          7  0.000e+00
   5708.500     137005    708.583    10.0566    10.0572   3.903007   3.903626   48.55398   -9.92912     4.3444     4.4206          7  0.000e+00
   5708.542     137006    708.488    10.0564    10.0572   3.903007   3.903580   48.55398   -9.92912     4.3445     4.4198          7  0.000e+00
   5708.583     137007    708.746    10.0564    10.0571   3.903033   3.903613   48.55398   -9.92912     4.3448     4.4234          7  0.000e+00
