Data_example/SBE_Data_Processed/JC231/SeaBird/Data/Processed/JC231_CTD_003c.ros
* Sea-Bird SBE 9 Data File:
* FileName = C:\Users\sandm\Documents\Cruises\JC231\CTD Data\CTD Raw Data\JC231_CTD_003.hex
* Software Version Seasave V 7.26.7.121
* Temperature SN = 5700
* Conductivity SN = 2164
* Number of Bytes Per Scan = 41
* Number of Voltage Words = 4
* Number of Scans Averaged by the Deck Unit = 1
* NMEA Latitude = 48 57.37 N
* NMEA Longitude = 016 23.99 W
* NMEA UTC (Time) = May 05 2022  07:30:20
* NMEA baud rate = 9600
** Ship: RRS James Cook
** Cruise: JC231
** Cast: 003
** Event:
** Station:
** Julian Day: 125
** Time (GMT): 07:30
** Latitude: 48 57.362' N
** Longitude: 16 23.982'' W
** Depth (uncorrected m): 4812m
** Principal Scientist: Dr Susan Hartman
** Operator:  TP / JG
# nquan = 13
# nvalues = 1176                                  
# units = specified
# name 0 = timeS: Time, Elapsed [seconds]
# name 1 = scan: Scan Count
# name 2 = prDM: Pressure, Digiquartz [db]
# name 3 = t090C: Temperature [ITS-90, deg C]
# name 4 = t190C: Temperature, 2 [ITS-90, deg C]
# name 5 = c0S/m: Conductivity [S/m]
# name 6 = c1S/m: Conductivity, 2 [S/m]
# name 7 = latitude: Latitude [deg]
# name 8 = longitude: Longitude [deg]
# name 9 = sbeox0ML/L: Oxygen, SBE 43 [ml/l]
# name 10 = sbeox1ML/L: Oxygen, SBE 43, 2 [ml/l]
# name 11 = nbf: Bottles Fired
# name 12 = flag:  0.000e+00
# interval = seconds: 0.0416667
# start_time = May 05 2022 07:30:21 [System UTC, first data scan.]
# bad_flag = -9.990e-29
*END*
[from data line 556]
   1604.250      38503     77.362    11.9408    11.9413   4.051230   4.051722   48.95620  -16.39992     5.6399     5.7299         12  0.000e+00
   1604.292      38504     77.267    11.9408    11.9414   4.051269   4.051696   48.95620  -16.39992     5.6409     5.7305         12  0.000e+00
   1604.333      38505     77.065    11.9411    11.9414   4.051249   4.051695   48.95620  -16.39992     5.6419     5.7310         12  0.000e+00
   1604.375      38506     77.267    11.9410    11.9413   4.051276   4.051715   48.95620  -16.39992     5.6427     5.7316         12  0.000e+00
   1604.417      38507     77.254    11.9408    11.9411   4.051250   4.051663   48.95620  -16.39992     5.6434     5.7321         12  0.000e+00
   1604.458      38508     77.065    11.9408    11.9413   4.051223   4.051650   48.95620  -16.39992     5.6440     5.7324         12  0.000e+00
   1604.500      38509     77.065    11.9407    11.9413   4.051203   4.051689   48.95620  -16.39992     5.6447     5.7329         12  0.000e+00
   1604.542      38510     77.173    11.9405    11.9409   4.051243   4.051637   48.95620  -16.39992     5.6455     5.7373         12  0.000e+00
   1604.583      38511     77.065    11.9406    11.9409   4.051223   4.051637   48.95620  -16.39992     5.6494     5.7345         12  0.000e+00
   1604.625      38512     77.159    11.9404    11.9409   4.051203   4.051624   48.95620  -16.39992     5.6540     5.7388         12  0.000e+00
   1604.667      38513     77.065    11.9405    11.9409   4.051183   4.051637   48.95620  -16.39992     5.6478     5.7398         12  0.000e+00
   1604.708      38514     77.173    11.9404    11.9405   4.051170   4.051663   48.95620  -16.39992     5.6523     5.7409         12  0.000e+00
   1604.750      38515     76.970    11.9401    11.9411   4.051203   4.051682   48.95620  -16.39992     5.6489     5.7417         12  0.000e+00
   1604.792      38516     76.957    11.9403    11.9409   4.051203   4.051689   48.95620  -16.39992     5.6528     5.7461         12  0.000e+00
   1604.833      38517     76.970    11.9402    11.9411   4.051164   4.051689   48.95620  -16.39992     5.6533     5.7439         12  0.000e+00
   1604.875      38518     76.970    11.9398    11.9413   4.051150   4.051695   48.95620  -16.39992     5.6538     5.7446         12  0.000e+00
   1604.917      38519     77.065    11.9399    11.9413   4.051131   4.051663   48.95620  -16.39992     5.6544     5.7455         12  0.000e+00
   1604.958      38520     76.876    11.9396    11.9414   4.051170   4.051676   48.95620  -16.39992     5.6546     5.7461         12  0.000e+00
   1605.000      38521     76.862    11.9398    11.9413   4.051144   4.051689   48.95620  -16.39992     5.6588     5.7505         12  0.000e+00
   1605.042      38522     77.065    11.9395    11.9417   4.051144   4.051741   48.95620  -16.39992     5.6554     5.7518         12  0.000e+00
   1605.083      38523     76.876    11.9400    11.9416   4.051164   4.051741   48.95620  -16.39992     5.6555     5.7528         12  0.000e+00
   1605.125      38524     76.970    11.9399    11.9417   4.051150   4.051702   48.95620  -16.39992     5.6596     5.7536         12  0.000e+00
   1605.167      38525     76.754    11.9400    11.9419   4.051170   4.051708   48.95620  -16.39992     5.6600     5.7542         12  0.000e+00
   1605.208      38526     76.876    11.9400    11.9417   4.051144   4.051722   48.95620  -16.39992     5.6602     5.7551         12  0.000e+00
   1605.250      38527     76.768    11.9400    11.9419   4.051091   4.051735   48.95620  -16.39992     5.6606     5.7558         12  0.000e+00
   1605.292      38528     76.876    11.9395    11.9419   4.051117   4.051780   48.95620  -16.39992     5.6612     5.7566         12  0.000e+00
   1605.333      38529     76.876    11.9395    11.9421   4.051111   4.051793   48.95620  -16.39992     5.6615     5.7573         12  0.000e+00
   1605.375      38530     76.754    11.9392    11.9423   4.051045   4.051767   48.95620  -16.39992     5.6651     5.7575         12  0.000e+00
   1605.417      38531     76.673    11.9392    11.9425   4.051065   4.051780   48.95620  -16.39992     5.6657     5.7578         12  0.000e+00
   1605.458      38532     76.768    11.9387    11.9426   4.051065   4.051774   48.95620  -16.39992     5.6626     5.7582         12  0.000e+00
   1605.500      38533     76.768    11.9388    11.9426   4.051018   4.051787   48.95620  -16.39992     5.6627     5.7585         12  0.000e+00
   1605.542      38534     76.754    11.9388    11.9425   4.051058   4.051793   48.95620  -16.39992     5.6623     5.7584         12  0.000e+00
   1618.542      38846     77.456    11.9431    11.9438   4.051487   4.051905   48.95620  -16.39992     5.6466     5.7265         13  0.000e+00
   1618.583      38847     77.470    11.9431    11.9438   4.051441   4.051911   48.95620  -16.39992     5.6465     5.7223         13  0.000e+00
   1618.625      38848     77.470    11.9431    11.9435   4.051428   4.051898   48.95620  -16.39992     5.6463     5.7217         13  0.000e+00
   1618.667      38849     77.470    11.9427    11.9437   4.051467   4.051872   48.95620  -16.39992     5.6501     5.7212         13  0.000e+00
   1618.708      38850     77.456    11.9428    11.9435   4.051415   4.051885   48.95620  -16.39992     5.6504     5.7205         13  0.000e+00
   1618.750      38851     77.375    11.9427    11.9433   4.051408   4.051911   48.95620  -16.39992     5.6502     5.7200         13  0.000e+00
   1618.792      38852     77.470    11.9426    11.9433   4.051395   4.051853   48.95620  -16.39992     5.6501     5.7194         13  0.000e+00
   1618.833      38853     77.375    11.9423    11.9435   4.051368   4.051879   48.95620  -16.39992     5.6504     5.7191         13  0.000e+00
   1618.875      38854     77.470    11.9425    11.9435   4.051401   4.051898   48.95620  -16.39992     5.6503     5.7190         13  0.000e+00
   1618.917      38855     77.362    11.9423    11.9433   4.051395   4.051898   48.95620  -16.39992     5.6505     5.7188         13  0.000e+00
   1618.958      38856     77.470    11.9427    11.9433   4.051461   4.051879   48.95620  -16.39992     5.6508     5.7188         13  0.000e+00
   1619.000      38857     77.375    11.9428    11.9437   4.051467   4.051892   48.95620  -16.39992     5.6505     5.7187         13  0.000e+00
   1619.042      38858     77.470    11.9428    11.9433   4.051454   4.051846   48.95620  -16.39992     5.6504     5.7189         13  0.000e+00
   1619.083      38859     77.470    11.9430    11.9432   4.051487   4.051853   48.95620  -16.39992     5.6506     5.7191         13  0.000e+00
   1619.125      38860     77.456    11.9431    11.9435   4.051500   4.051905   48.95620  -16.39992     5.6508     5.7192         13  0.000e+00
   1619.167      38861     77.267    11.9430    11.9435   4.051434   4.051898   48.95620  -16.39992     5.6509     5.7194         13  0.000e+00
   1619.208      38862     77.470    11.9433    11.9433   4.051454   4.051898   48.95620  -16.39992     5.6513     5.7199         13  0.000e+00
   1619.250      38863     77.470    11.9433    11.9432   4.051480   4.051872   48.95620  -16.39992     5.6477     5.7204         13  0.000e+00
   1619.292      38864     77.362    11.9430    11.9433   4.051467   4.051905   48.95620  -16.39992     5.6513     5.7207         13  0.000e+00
   1619.333      38865     77.375    11.9431    11.9435   4.051454   4.051879   48.95620  -16.39992     5.6516     5.7213         13  0.000e+00
   1619.375      38866     77.267    11.9431    11.9435   4.051487   4.051918   48.95620  -16.39992     5.6517     5.7218         13  0.000e+00
   1619.417      38867     77.564    11.9431    11.9433   4.051441   4.051905   48.95620  -16.39992     5.6522     5.7228         13  0.000e+00
   1619.458      38868     77.375    11.9431    11.9433   4.051447   4.051872   48.95620  -16.39992     5.6485     5.7231         13  0.000e+00
   1619.500      38869     77.456    11.9431    11.9433   4.051461   4.051846   48.95620  -16.39992     5.6484     5.7236         13  0.000e+00
   1619.542      38870     77.267    11.9429    11.9435   4.051428   4.051885   48.95620  -16.39992     5.6477     5.7240         13  0.000e+00
   1619.583      38871     77.375    11.9430    11.9433   4.051421   4.051872   48.95620  -16.39992     5.6514     5.7283         13  0.000e+00
   1619.625      38872     77.375    11.9429    11.9433   4.051467   4.051885   48.95620  -16.39992     5.6479     5.7293         13  0.000e+00
   1619.667      38873     77.470    11.9429    11.9432   4.051467   4.051879   48.95620  -16.39992     5.6479     5.7300         13  0.000e+00
   1619.708      38874     77.254    11.9433    11.9433   4.051487   4.051866   48.95620  -16.39992     5.6471     5.7309         13  0.000e+00
   1619.750      38875     77.375    11.9433    11.9433   4.051461   4.051885   48.95620  -16.39992     5.6466     5.7320         13  0.000e+00
   1619.792      38876     77.267    11.9430    11.9435   4.051487   4.051924   48.95620  -16.39992     5.6465     5.7366         13  0.000e+00
   1619.833      38877     77.470    11.9435    11.9433   4.051461   4.051938   48.95620  -16.39992     5.6427     5.7382         13  0.000e+00
   1619.875      38878     77.254    11.9433    11.9433   4.051461   4.051918   48.95620  -16.39992     5.6463     5.7392         13  0.000e+00
   1619.917      38879     77.375    11.9433    11.9435   4.051480   4.051898   48.95620  -16.39992     5.6426     5.7405         13  0.000e+00
   1619.958      38880     77.267    11.9433    11.9436   4.051494   4.051898   48.95620  -16.39992     5.6459     5.7416         13  0.000e+00
   1620.000      38881     77.375    11.9435    11.9433   4.051500   4.051925   48.95620  -16.39992     5.6460     5.7429         13  0.000e+00
   1620.042      38882     77.173    11.9433    11.9437   4.051487   4.051892   48.95620  -16.39992     5.6459     5.7436         13  0.000e+00
   1620.083      38883     77.362    11.9435    11.9437   4.051494   4.051892   48.95620  -16.39992     5.6456     5.7446         13  0.000e+00
   1620.125      38884     77.267    11.9433    11.9437   4.051513   4.051898   48.95620  -16.39992     5.6494     5.7453         13  0.000e+00
   1620.167      38885     77.375    11.9435    11.9437   4.051480   4.051924   48.95620  -16.39992     5.6458     5.7463         13  0.000e+00
   1620.208      38886     77.173    11.9433    11.9435   4.051533   4.051918   48.95620  -16.39992     5.6452     5.7470         13  0.000e+00
   1620.250      38887     77.267    11.9433    11.9437   4.051513   4.051879   48.95620  -16.39992     5.6454     5.7479         13  0.000e+00
   1620.292      38888     77.254    11.9433    11.9437   4.051500   4.051918   48.95620  -16.39992     5.6450     5.7521         13  0.000e+00
   1620.333      38889     77.267    11.9435    11.9438   4.051487   4.051905   48.95620  -16.39992     5.6451     5.7493         13  0.000e+00
   1620.375      38890     77.173    11.9433    11.9433   4.051467   4.051924   48.95620  -16.39992     5.6485     5.7533         13  0.000e+00
   1620.417      38891     77.267    11.9431    11.9438   4.051480   4.051918   48.95620  -16.39992     5.6491     5.7541         13  0.000e+00
   1620.458      38892     77.159    11.9431    11.9437   4.051441   4.051931   48.95620  -16.39992     5.6491     5.7548         13  0.000e+00
   1620.500      38893     77.267    11.9431    11.9435   4.051414   4.051879   48.95620  -16.39992     5.6493     5.7553         13  0.000e+00
   1620.542      38894     77.173    11.9429    11.9437   4.051454   4.051885   48.95620  -16.39992     5.6492     5.7556         13  0.000e+00
   1724.000      41377     51.783    12.2925    12.2920   4.085414   4.085739   48.95622  -16.39992     5.8542     5.9142         14  0.000e+00
   1724.042      41378     52.120    12.2925    12.2919   4.085421   4.085753   48.95622  -16.39992     5.8546     5.9181         14  0.000e+00
   1724.083      41379     52.093    12.2925    12.2919   4.085434   4.085792   48.95622  -16.39992     5.8546     5.9185         14  0.000e+00
   1724.125      41380     52.012    12.2926    12.2919   4.085421   4.085746   48.95622  -16.39992     5.8550     5.9186         14  0.000e+00
   1724.167      41381     52.093    12.2925    12.2919   4.085434   4.085733   48.95622  -16.39992     5.8513     5.9188         14  0.000e+00
   1724.208      41382     52.120    12.2929    12.2922   4.085447   4.085785   48.95622  -16.39992     5.8509     5.9188         14  0.000e+00
   1724.250      41383     52.093    12.2926    12.2921   4.085441   4.085805   48.95622  -16.39992     5.8503     5.9193         14  0.000e+00
   1724.292      41384     52.120    12.2925    12.2921   4.085421   4.085772   48.95622  -16.39992     5.8498     5.9233         14  0.000e+00
   1724.333      41385     52.094    12.2923    12.2921   4.085421   4.085739   48.95622  -16.39992     5.8492     5.9241         14  0.000e+00
   1724.375      41386     52.120    12.2925    12.2917   4.085401   4.085674   48.95622  -16.39992     5.8491     5.9249         14  0.000e+00
   1724.417      41387     51.986    12.2925    12.2912   4.085381   4.085628   48.95622  -16.39992     5.8488     5.9260         14  0.000e+00
   1724.458      41388     52.215    12.2925    12.2910   4.085394   4.085621   48.95622  -16.39992     5.8483     5.9270         14  0.000e+00
   1724.500      41389     52.188    12.2924    12.2907   4.085381   4.085615   48.95622  -16.39992     5.8476     5.9278         14  0.000e+00
   1724.542      41390     52.121    12.2924    12.2904   4.085381   4.085615   48.95622  -16.39992     5.8473     5.9285         14  0.000e+00
   1724.583      41391     52.188    12.2925    12.2900   4.085368   4.085621   48.95622  -16.39992     5.8470     5.9330         14  0.000e+00
   1724.625      41392     52.121    12.2924    12.2902   4.085408   4.085595   48.95622  -16.39992     5.8429     5.9304         14  0.000e+00
   1724.667      41393     52.188    12.2920    12.2902   4.085322   4.085589   48.95622  -16.39992     5.8460     5.9348         14  0.000e+00
   1724.708      41394     52.215    12.2917    12.2905   4.085308   4.085667   48.95622  -16.39992     5.8424     5.9323         14  0.000e+00
   1724.750      41395     52.188    12.2916    12.2904   4.085335   4.085667   48.95622  -16.39992     5.8417     5.9363         14  0.000e+00
   1724.792      41396     52.309    12.2917    12.2907   4.085335   4.085681   48.95622  -16.39992     5.8448     5.9374         14  0.000e+00
   1724.833      41397     52.094    12.2919    12.2909   4.085394   4.085720   48.95622  -16.39992     5.8442     5.9382         14  0.000e+00
   1724.875      41398     52.188    12.2920    12.2908   4.085461   4.085674   48.95622  -16.39992     5.8401     5.9390         14  0.000e+00
   1724.917      41399     52.310    12.2925    12.2909   4.085454   4.085713   48.95622  -16.39992     5.8436     5.9397         14  0.000e+00
   1724.958      41400     52.188    12.2931    12.2912   4.085520   4.085733   48.95622  -16.39992     5.8431     5.9402         14  0.000e+00
   1725.000      41401     52.215    12.2933    12.2912   4.085586   4.085733   48.95622  -16.39992     5.8394     5.9409         14  0.000e+00
   1725.042      41402     52.283    12.2940    12.2916   4.085600   4.085733   48.95622  -16.39992     5.8428     5.9415         14  0.000e+00
   1725.083      41403     52.310    12.2947    12.2916   4.085606   4.085753   48.95622  -16.39992     5.8391     5.9420         14  0.000e+00
   1725.125      41404     52.188    12.2944    12.2917   4.085626   4.085759   48.95622  -16.39992     5.8387     5.9424         14  0.000e+00
   1725.167      41405     52.215    12.2952    12.2922   4.085646   4.085792   48.95622  -16.39992     5.8416     5.9429         14  0.000e+00
