Data_example/SBE_Data_Processed/JC231/SeaBird/Data/Processed/JC231_CTD_011cfaldb.cnv
* Sea-Bird SBE 9 Data File:
* FileName = C:\Users\sandm\Documents\Cruises\JC231\CTD Data\CTD Raw Data\JC231_CTD_011.hex
* Software Version Seasave V 7.26.7.121
* Temperature SN = 5700
* Conductivity SN = 2164
* Number of Bytes Per Scan = 41
* Number of Voltage Words = 4
* Number of Scans Averaged by the Deck Unit = 1
* NMEA Latitude = 49 00.00 N
* NMEA Longitude = 016 30.00 W
* NMEA UTC (Time) = May 15 2022  08:45:01
* NMEA baud rate = 9600
** Ship: RRS James Cook
** Cruise: JC231
** Cast: 011
** Event:
** Station:
** Julian Day: 135
** Time (GMT): 08:50
** Latitude: 49 0.00 ' N
** Longitude: 16 30.00 ' W
** Depth (uncorrected m): 4807m
** Principal Scientist: Dr Susan Hartman
** Operator:  TP / JG
# nquan = 15
# nvalues = 9843                        
# units = specified
# name 0 = timeS: Time, Elapsed [seconds]
# name 1 = scan: Scan Count
# name 2 = prDM: Pressure, Digiquartz [db]
# name 3 = t090C: Temperature [ITS-90, deg C]
# name 4 = t190C: Temperature, 2 [ITS-90, deg C]
# name 5 = c0S/m: Conductivity [S/m]
# name 6 = c1S/m: Conductivity, 2 [S/m]
# name 7 = latitude: Latitude [deg]
# name 8 = longitude: Longitude [deg]
# name 9 = sbeox0ML/L: Oxygen, SBE 43 [ml/l]
# name 10 = sbeox1ML/L: Oxygen, SBE 43, 2 [ml/l]
# name 11 = depSM: Depth [salt water, m], lat = 49
# name 12 = sal00: Salinity, Practical [PSU]
# name 13 = sal11: Salinity, Practical, 2 [PSU]
# name 14 = flag: flag
# span 0 =    819.849,  13368.738       
# span 1 =      19677,     320851       
# span 2 =      1.000,   4922.000       
# span 3 =     2.5299,    14.0026       
# span 4 =     2.5316,    14.0704       
# span 5 =   3.273611,   4.259628       
# span 6 =   3.274182,   4.276752       
# span 7 =   48.99994,   49.00004       
# span 8 =  -16.50010,  -16.49994       
# span 9 =     4.2100,     6.2270       
# span 10 =     4.1876,     6.1207      
# span 11 =      0.992,   4824.673      
# span 12 =    32.2815,    35.6665      
# span 13 =    31.5712,    35.7614      
# span 14 = 0.0000e+00, 0.0000e+00      
# interval = decibars: 1                
# start_time = May 15 2022 08:45:02 [System UTC, first data scan.]
# bad_flag = -9.990e-29
*END*
[from data line 1061]
   2269.274      54464   1062.000     7.4163     7.4151   3.646094   3.646087   49.00000  -16.49998     4.5837     4.6308   1050.307    35.3476    35.3487 0.0000e+00
   2270.247      54487   1063.000     7.4141     7.4154   3.645052   3.645288   49.00000  -16.49998     4.5862     4.6346   1051.293    35.3381    35.3393 0.0000e+00
   2271.225      54510   1064.000     7.4317     7.4378   3.646188   3.646895   49.00000  -16.49998     4.5936     4.6391   1052.280    35.3321    35.3336 0.0000e+00
   2272.206      54534   1065.000     7.4555     7.4595   3.649275   3.650310   49.00000  -16.49998     4.6005     4.6408   1053.266    35.3411    35.3482 0.0000e+00
   2273.194      54558   1066.000     7.4538     7.4528   3.650873   3.651251   49.00000  -16.49998     4.5985     4.6368   1054.253    35.3596    35.3647 0.0000e+00
   2274.190      54582   1067.000     7.4316     7.4270   3.649446   3.649277   49.00000  -16.49998     4.5925     4.6337   1055.239    35.3661    35.3689 0.0000e+00
   2275.188      54606   1068.000     7.4103     7.4063   3.646949   3.646593   49.00000  -16.49998     4.5939     4.6391   1056.226    35.3601    35.3603 0.0000e+00
   2276.179      54629   1069.000     7.3971     7.3946   3.645211   3.645103   49.00000  -16.49998     4.6037     4.6467   1057.212    35.3542    35.3555 0.0000e+00
   2277.160      54653   1070.000     7.3880     7.3851   3.644111   3.643964   49.00000  -16.49998     4.6135     4.6507   1058.199    35.3510    35.3524 0.0000e+00
   2278.127      54676   1071.000     7.3799     7.3800   3.643184   3.643226   49.00000  -16.49998     4.6185     4.6542   1059.185    35.3486    35.3491 0.0000e+00
   2279.089      54699   1072.000     7.3745     7.3769   3.642488   3.642870   49.00000  -16.49998     4.6199     4.6577   1060.172    35.3461    35.3478 0.0000e+00
   2280.053      54722   1073.000     7.3720     7.3749   3.642095   3.642612   49.00000  -16.49998     4.6218     4.6605   1061.158    35.3439    35.3466 0.0000e+00
   2281.026      54746   1074.000     7.3716     7.3741   3.642006   3.642521   49.00000  -16.49998     4.6290     4.6635   1062.145    35.3429    35.3460 0.0000e+00
   2282.012      54769   1075.000     7.3710     7.3731   3.641999   3.642464   49.00000  -16.49998     4.6367     4.6659   1063.131    35.3429    35.3459 0.0000e+00
   2283.011      54793   1076.000     7.3696     7.3716   3.641931   3.642358   49.00000  -16.49998     4.6405     4.6677   1064.117    35.3432    35.3458 0.0000e+00
   2284.011      54817   1077.000     7.3659     7.3674   3.641714   3.642137   49.00000  -16.49998     4.6422     4.6702   1065.104    35.3441    35.3471 0.0000e+00
   2284.997      54841   1078.000     7.3554     7.3553   3.641039   3.641326   49.00000  -16.49998     4.6407     4.6738   1066.090    35.3469    35.3502 0.0000e+00
   2285.973      54864   1079.000     7.3376     7.3362   3.639439   3.639525   49.00000  -16.49999     4.6390     4.6782   1067.077    35.3471    35.3494 0.0000e+00
   2286.942      54888   1080.000     7.3156     7.3133   3.637337   3.637352   49.00000  -16.50000     4.6401     4.6836   1068.063    35.3460    35.3485 0.0000e+00
   2287.909      54911   1081.000     7.2863     7.2784   3.634625   3.634318   49.00000  -16.50000     4.6470     4.6884   1069.049    35.3458    35.3504 0.0000e+00
   2288.879      54934   1082.000     7.2414     7.2257   3.630812   3.629533   49.00000  -16.50000     4.6575     4.6950   1070.036    35.3493    35.3513 0.0000e+00
   2289.861      54958   1083.000     7.1752     7.1644   3.624670   3.623342   49.00000  -16.50000     4.6662     4.7047   1071.022    35.3492    35.3457 0.0000e+00
   2290.854      54981   1084.000     7.1074     7.0976   3.617179   3.616267   49.00000  -16.50000     4.6752     4.7156   1072.009    35.3358    35.3358 0.0000e+00
   2291.849      55005   1085.000     7.0529     7.0393   3.610783   3.609556   49.00000  -16.50000     4.6866     4.7279   1072.995    35.3208    35.3213 0.0000e+00
   2292.845      55029   1086.000     7.0081     6.9959   3.605336   3.604072   49.00000  -16.50000     4.6986     4.7416   1073.981    35.3063    35.3049 0.0000e+00
   2293.833      55053   1087.000     6.9774     6.9624   3.601439   3.600091   49.00000  -16.50000     4.7099     4.7535   1074.968    35.2944    35.2949 0.0000e+00
   2294.811      55076   1088.000     6.9518     6.9414   3.598475   3.597156   49.00000  -16.50000     4.7200     4.7644   1075.954    35.2875    35.2836 0.0000e+00
   2295.782      55100   1089.000     6.9326     6.9291   3.595950   3.595473   49.00000  -16.50000     4.7283     4.7739   1076.940    35.2789    35.2773 0.0000e+00
   2296.755      55123   1090.000     6.9205     6.9189   3.594366   3.594346   49.00000  -16.50000     4.7344     4.7779   1077.927    35.2734    35.2748 0.0000e+00
   2297.731      55147   1091.000     6.9085     6.9064   3.593177   3.593161   49.00000  -16.50000     4.7366     4.7792   1078.913    35.2720    35.2740 0.0000e+00
   2298.710      55170   1092.000     6.8929     6.8909   3.591724   3.591687   49.00000  -16.50000     4.7372     4.7806   1079.900    35.2715    35.2731 0.0000e+00
   2299.687      55193   1093.000     6.8741     6.8728   3.589896   3.589851   49.00000  -16.50000     4.7402     4.7822   1080.886    35.2701    35.2709 0.0000e+00
   2300.662      55217   1094.000     6.8607     6.8621   3.588101   3.588325   49.00000  -16.50000     4.7456     4.7876   1081.872    35.2636    35.2646 0.0000e+00
   2301.639      55240   1095.000     6.8550     6.8570   3.587203   3.587611   49.00000  -16.50000     4.7519     4.7950   1082.859    35.2591    35.2615 0.0000e+00
   2302.625      55264   1096.000     6.8524     6.8544   3.586833   3.587266   49.00000  -16.50000     4.7566     4.7997   1083.845    35.2571    35.2598 0.0000e+00
   2303.617      55288   1097.000     6.8506     6.8525   3.586687   3.587114   49.00000  -16.50000     4.7604     4.7999   1084.831    35.2569    35.2596 0.0000e+00
   2304.612      55312   1098.000     6.8470     6.8485   3.586473   3.586857   49.00000  -16.50000     4.7665     4.8006   1085.817    35.2577    35.2605 0.0000e+00
   2305.612      55336   1099.000     6.8417     6.8432   3.586021   3.586373   49.00000  -16.50000     4.7715     4.8029   1086.804    35.2577    35.2601 0.0000e+00
   2306.605      55360   1100.000     6.8374     6.8394   3.585532   3.585920   49.00000  -16.50000     4.7718     4.8051   1087.790    35.2562    35.2585 0.0000e+00
   2307.583      55383   1101.000     6.8361     6.8384   3.585303   3.585737   49.00000  -16.50000     4.7700     4.8070   1088.776    35.2546    35.2570 0.0000e+00
   2308.547      55406   1102.000     6.8367     6.8389   3.585358   3.585814   49.00000  -16.50000     4.7678     4.8085   1089.763    35.2541    35.2569 0.0000e+00
   2309.506      55429   1103.000     6.8357     6.8373   3.585430   3.585841   49.00000  -16.50000     4.7671     4.8095   1090.749    35.2555    35.2583 0.0000e+00
   2310.476      55452   1104.000     6.8306     6.8313   3.585170   3.585491   49.00000  -16.50000     4.7686     4.8104   1091.735    35.2573    35.2601 0.0000e+00
   2311.470      55476   1105.000     6.8181     6.8175   3.584294   3.584452   49.00000  -16.50000     4.7713     4.8125   1092.722    35.2599    35.2622 0.0000e+00
   2312.483      55501   1106.000     6.7997     6.7999   3.582604   3.582739   49.00000  -16.50000     4.7758     4.8161   1093.708    35.2596    35.2609 0.0000e+00
   2313.492      55525   1107.000     6.7799     6.7811   3.580641   3.580883   49.00000  -16.50000     4.7790     4.8178   1094.694    35.2577    35.2591 0.0000e+00
   2314.485      55549   1108.000     6.7656     6.7670   3.578817   3.579158   49.00000  -16.50001     4.7813     4.8205   1095.680    35.2518    35.2540 0.0000e+00
   2315.459      55572   1109.000     6.7575     6.7583   3.577810   3.578129   49.00000  -16.50001     4.7881     4.8256   1096.667    35.2484    35.2511 0.0000e+00
   2316.423      55595   1110.000     6.7500     6.7500   3.577077   3.577324   49.00000  -16.50002     4.7963     4.8294   1097.653    35.2475    35.2502 0.0000e+00
   2317.385      55618   1111.000     6.7408     6.7406   3.576224   3.576375   49.00000  -16.50002     4.8022     4.8318   1098.639    35.2470    35.2489 0.0000e+00
   2318.354      55641   1112.000     6.7335     6.7346   3.575341   3.575600   49.00000  -16.50001     4.8072     4.8343   1099.626    35.2443    35.2460 0.0000e+00
   2319.336      55665   1113.000     6.7282     6.7293   3.574752   3.575082   49.00000  -16.50001     4.8114     4.8362   1100.612    35.2427    35.2453 0.0000e+00
   2320.327      55689   1114.000     6.7231     6.7245   3.574244   3.574572   49.00000  -16.50000     4.8126     4.8377   1101.598    35.2418    35.2440 0.0000e+00
   2321.317      55713   1115.000     6.7205     6.7228   3.573896   3.574315   49.00000  -16.50000     4.8106     4.8394   1102.584    35.2402    35.2425 0.0000e+00
   2322.305      55736   1116.000     6.7222     6.7263   3.573939   3.574531   49.00000  -16.50000     4.8111     4.8437   1103.571    35.2384    35.2407 0.0000e+00
   2323.294      55760   1117.000     6.7266     6.7295   3.574624   3.575324   49.00000  -16.50000     4.8123     4.8473   1104.557    35.2410    35.2458 0.0000e+00
   2324.285      55784   1118.000     6.7174     6.7169   3.574620   3.574913   49.00000  -16.50001     4.8115     4.8469   1105.543    35.2499    35.2536 0.0000e+00
   2325.278      55808   1119.000     6.6968     6.6951   3.572966   3.573030   49.00000  -16.50002     4.8136     4.8489   1106.529    35.2521    35.2546 0.0000e+00
   2326.267      55831   1120.000     6.6686     6.6662   3.570518   3.570407   49.00000  -16.50002     4.8189     4.8550   1107.515    35.2535    35.2547 0.0000e+00
   2327.249      55855   1121.000     6.6393     6.6373   3.567464   3.567416   49.00000  -16.50002     4.8240     4.8613   1108.502    35.2491    35.2507 0.0000e+00
   2328.218      55878   1122.000     6.6113     6.6099   3.564540   3.564473   49.00000  -16.50002     4.8305     4.8671   1109.488    35.2450    35.2457 0.0000e+00
   2329.180      55901   1123.000     6.5994     6.6004   3.562356   3.562542   49.00000  -16.50002     4.8395     4.8763   1110.474    35.2326    35.2336 0.0000e+00
   2330.147      55925   1124.000     6.6068     6.6097   3.562507   3.562965   49.00000  -16.50002     4.8468     4.8862   1111.460    35.2262    35.2283 0.0000e+00
   2331.132      55948   1125.000     6.6178     6.6206   3.563829   3.564400   49.00000  -16.50002     4.8491     4.8902   1112.446    35.2292    35.2326 0.0000e+00
   2332.133      55972   1126.000     6.6237     6.6262   3.564841   3.565351   49.00000  -16.50002     4.8478     4.8890   1113.433    35.2338    35.2368 0.0000e+00
   2333.131      55996   1127.000     6.6264     6.6288   3.565326   3.565806   49.00000  -16.50002     4.8462     4.8869   1114.419    35.2359    35.2387 0.0000e+00
   2334.110      56020   1128.000     6.6279     6.6304   3.565589   3.566069   49.00000  -16.50002     4.8491     4.8851   1115.405    35.2369    35.2395 0.0000e+00
   2335.077      56043   1129.000     6.6289     6.6314   3.565793   3.566280   49.00000  -16.50002     4.8526     4.8838   1116.391    35.2376    35.2404 0.0000e+00
   2336.045      56066   1130.000     6.6282     6.6307   3.565904   3.566370   49.00001  -16.50002     4.8537     4.8849   1117.377    35.2390    35.2417 0.0000e+00
   2337.020      56089   1131.000     6.6257     6.6276   3.565811   3.566274   49.00002  -16.50002     4.8538     4.8874   1118.364    35.2401    35.2433 0.0000e+00
   2337.996      56113   1132.000     6.6162     6.6159   3.565330   3.565606   49.00002  -16.50002     4.8553     4.8871   1119.350    35.2440    35.2473 0.0000e+00
   2338.976      56136   1133.000     6.5990     6.5979   3.563819   3.563875   49.00002  -16.50002     4.8570     4.8872   1120.336    35.2444    35.2461 0.0000e+00
   2339.963      56160   1134.000     6.5827     6.5816   3.562054   3.562150   49.00002  -16.50002     4.8594     4.8916   1121.322    35.2411    35.2433 0.0000e+00
   2340.955      56184   1135.000     6.5662     6.5642   3.560423   3.560418   49.00002  -16.50002     4.8619     4.8975   1122.308    35.2394    35.2414 0.0000e+00
   2341.952      56208   1136.000     6.5522     6.5523   3.558785   3.558865   49.00002  -16.50002     4.8602     4.9035   1123.294    35.2351    35.2359 0.0000e+00
   2342.949      56232   1137.000     6.5460     6.5479   3.557847   3.558186   49.00002  -16.50002     4.8595     4.9077   1124.280    35.2306    35.2324 0.0000e+00
   2343.935      56255   1138.000     6.5436     6.5462   3.557499   3.557962   49.00002  -16.50003     4.8643     4.9095   1125.267    35.2287    35.2312 0.0000e+00
   2344.908      56279   1139.000     6.5424     6.5461   3.557373   3.557925   49.00002  -16.50003     4.8709     4.9104   1126.253    35.2280    35.2305 0.0000e+00
   2345.873      56302   1140.000     6.5425     6.5472   3.557350   3.558097   49.00002  -16.50003     4.8757     4.9111   1127.239    35.2273    35.2307 0.0000e+00
   2346.835      56325   1141.000     6.5440     6.5470   3.557570   3.558263   49.00002  -16.50003     4.8785     4.9131   1128.225    35.2277    35.2323 0.0000e+00
   2347.806      56348   1142.000     6.5423     6.5441   3.557692   3.558149   49.00002  -16.50004     4.8816     4.9150   1129.211    35.2303    35.2335 0.0000e+00
   2348.790      56372   1143.000     6.5372     6.5390   3.557376   3.557769   49.00002  -16.50004     4.8851     4.9173   1130.197    35.2315    35.2340 0.0000e+00
   2349.786      56396   1144.000     6.5281     6.5301   3.556675   3.557089   49.00002  -16.50004     4.8883     4.9207   1131.183    35.2326    35.2351 0.0000e+00
   2350.784      56420   1145.000     6.5131     6.5133   3.555450   3.555789   49.00002  -16.50004     4.8911     4.9243   1132.169    35.2339    35.2374 0.0000e+00
   2351.774      56444   1146.000     6.4858     6.4836   3.553276   3.553294   49.00002  -16.50004     4.8932     4.9272   1133.156    35.2372    35.2397 0.0000e+00
   2352.757      56467   1147.000     6.4560     6.4549   3.550045   3.550036   49.00002  -16.50004     4.8977     4.9348   1134.142    35.2314    35.2324 0.0000e+00
   2353.735      56491   1148.000     6.4353     6.4352   3.547490   3.547610   49.00002  -16.50004     4.9061     4.9484   1135.128    35.2238    35.2253 0.0000e+00
   2354.714      56514   1149.000     6.4137     6.4136   3.545493   3.545666   49.00002  -16.50004     4.9160     4.9595   1136.114    35.2233    35.2253 0.0000e+00
   2355.692      56538   1150.000     6.3774     6.3769   3.542574   3.542664   49.00002  -16.50004     4.9228     4.9643   1137.100    35.2275    35.2291 0.0000e+00
   2356.672      56561   1151.000     6.3360     6.3355   3.538243   3.538290   49.00002  -16.50004     4.9260     4.9685   1138.086    35.2213    35.2223 0.0000e+00
   2357.662      56585   1152.000     6.3047     6.3052   3.534369   3.534506   49.00002  -16.50004     4.9325     4.9782   1139.072    35.2098    35.2108 0.0000e+00
   2358.661      56609   1153.000     6.2866     6.2877   3.531862   3.532131   49.00002  -16.50004     4.9465     4.9927   1140.058    35.2000    35.2018 0.0000e+00
   2359.662      56633   1154.000     6.2756     6.2770   3.530471   3.530797   49.00002  -16.50004     4.9608     5.0046   1141.044    35.1953    35.1975 0.0000e+00
   2360.656      56657   1155.000     6.2677     6.2693   3.529530   3.529881   49.00002  -16.50004     4.9684     5.0099   1142.030    35.1924    35.1947 0.0000e+00
   2361.641      56680   1156.000     6.2622     6.2642   3.528858   3.529247   49.00002  -16.50005     4.9699     5.0119   1143.016    35.1901    35.1924 0.0000e+00
