Data_example/SBE_Data_Processed/JC231/SeaBird/Data/Processed/JC231_CTD_004cfaldb.cnv
* Sea-Bird SBE 9 Data File:
* FileName = C:\Users\sandm\Documents\Cruises\JC231\CTD Data\CTD Raw Data\JC231_CTD_004.hex
* Software Version Seasave V 7.26.7.121
* Temperature SN = 5700
* Conductivity SN = 2164
* Number of Bytes Per Scan = 41
* Number of Voltage Words = 4
* Number of Scans Averaged by the Deck Unit = 1
* NMEA Latitude = 49 00.00 N
* NMEA Longitude = 016 30.00 W
* NMEA UTC (Time) = May 06 2022  10:23:58
* NMEA baud rate = 9600
** Ship: RRS James Cook
** Cruise: JC231
** Cast: 004
** Event:
** Station:
** Julian Day: 126
** Time (GMT): 10:30
** Latitude: 48 59.999' N
** Longitude: 16 30.001' W
** Depth (uncorrected m): 4810m
** Principal Scientist: Dr Susan Hartman
** Operator:  TP / JG
# nquan = 15
# nvalues = 9843                        
# units = specified
# name 0 = timeS: Time, Elapsed [seconds]
# name 1 = scan: Scan Count
# name 2 = prDM: Pressure, Digiquartz [db]
# name 3 = t090C: Temperature [ITS-90, deg C]
# name 4 = t190C: Temperature, 2 [ITS-90, deg C]
# name 5 = c0S/m: Conductivity [S/m]
# name 6 = c1S/m: Conductivity, 2 [S/m]
# name 7 = latitude: Latitude [deg]
# name 8 = longitude: Longitude [deg]
# name 9 = sbeox0ML/L: Oxygen, SBE 43 [ml/l]
# name 10 = sbeox1ML/L: Oxygen, SBE 43, 2 [ml/l]
# name 11 = depSM: Depth [salt water, m], lat = 49
# name 12 = sal00: Salinity, Practical [PSU]
# name 13 = sal11: Salinity, Practical, 2 [PSU]
# name 14 = flag: flag
# span 0 =    879.805,  14781.771       
# span 1 =      21116,     354764       
# span 2 =      1.000,   4923.000       
# span 3 =     2.5304,    14.3663       
# span 4 =     2.5320,    14.3503       
# span 5 =   3.274704,   4.310083       
# span 6 =   3.275268,   4.302541       
# span 7 =   48.99670,   49.75545       
# span 8 =  -16.76041,  -16.49998       
# span 9 =     4.1677,     6.2800       
# span 10 =     3.8721,     6.4106      
# span 11 =      0.992,   4825.642      
# span 12 =    34.3587,    36.0840      
# span 13 =    34.2382,    36.0910      
# span 14 = 0.0000e+00, 0.0000e+00      
# interval = decibars: 1                
# start_time = May 06 2022 10:23:59 [System UTC, first data scan.]
# bad_flag = -9.990e-29
*END*
[from data line 7615]
  10219.698     245274   2230.000     3.5437     3.5473   3.305074   3.305730   48.99674  -16.50484     5.9082     6.0119   2199.380    34.9380    34.9420 0.0000e+00
  10220.671     245297   2229.000     3.5449     3.5484   3.305140   3.305789   48.99674  -16.50484     5.9070     6.0125   2198.398    34.9379    34.9420 0.0000e+00
  10221.655     245321   2228.000     3.5461     3.5492   3.305202   3.305828   48.99674  -16.50484     5.9064     6.0123   2197.417    34.9380    34.9420 0.0000e+00
  10222.650     245345   2227.000     3.5471     3.5500   3.305257   3.305862   48.99674  -16.50484     5.9080     6.0116   2196.436    34.9380    34.9421 0.0000e+00
  10223.647     245369   2226.000     3.5479     3.5509   3.305297   3.305895   48.99674  -16.50484     5.9100     6.0115   2195.455    34.9380    34.9420 0.0000e+00
  10224.638     245392   2225.000     3.5488     3.5522   3.305330   3.305946   48.99674  -16.50484     5.9106     6.0115   2194.474    34.9380    34.9418 0.0000e+00
  10225.619     245416   2224.000     3.5499     3.5541   3.305372   3.306043   48.99674  -16.50484     5.9110     6.0119   2193.493    34.9378    34.9413 0.0000e+00
  10226.592     245439   2223.000     3.5515     3.5564   3.305446   3.306195   48.99674  -16.50484     5.9099     6.0121   2192.511    34.9374    34.9412 0.0000e+00
  10227.562     245462   2222.000     3.5535     3.5582   3.305571   3.306327   48.99674  -16.50484     5.9073     6.0128   2191.530    34.9373    34.9413 0.0000e+00
  10228.535     245486   2221.000     3.5553     3.5601   3.305693   3.306440   48.99674  -16.50484     5.9065     6.0140   2190.549    34.9373    34.9412 0.0000e+00
  10229.513     245509   2220.000     3.5571     3.5621   3.305802   3.306566   48.99674  -16.50484     5.9060     6.0136   2189.568    34.9372    34.9410 0.0000e+00
  10230.495     245533   2219.000     3.5590     3.5641   3.305924   3.306701   48.99674  -16.50484     5.9063     6.0140   2188.587    34.9371    34.9410 0.0000e+00
  10231.476     245556   2218.000     3.5610     3.5656   3.306051   3.306811   48.99674  -16.50484     5.9073     6.0161   2187.606    34.9370    34.9411 0.0000e+00
  10232.454     245580   2217.000     3.5627     3.5671   3.306169   3.306894   48.99674  -16.50484     5.9085     6.0173   2186.624    34.9370    34.9410 0.0000e+00
  10233.430     245603   2216.000     3.5644     3.5686   3.306272   3.306980   48.99674  -16.50484     5.9095     6.0168   2185.643    34.9370    34.9409 0.0000e+00
  10234.409     245627   2215.000     3.5660     3.5701   3.306368   3.307074   48.99674  -16.50484     5.9098     6.0168   2184.662    34.9369    34.9408 0.0000e+00
  10235.392     245650   2214.000     3.5676     3.5717   3.306465   3.307169   48.99674  -16.50484     5.9108     6.0154   2183.681    34.9368    34.9408 0.0000e+00
  10236.380     245674   2213.000     3.5692     3.5730   3.306564   3.307254   48.99674  -16.50484     5.9117     6.0148   2182.700    34.9368    34.9409 0.0000e+00
  10237.370     245698   2212.000     3.5706     3.5739   3.306654   3.307303   48.99674  -16.50484     5.9128     6.0151   2181.718    34.9369    34.9410 0.0000e+00
  10238.355     245722   2211.000     3.5716     3.5746   3.306716   3.307330   48.99674  -16.50484     5.9149     6.0161   2180.737    34.9370    34.9411 0.0000e+00
  10239.331     245745   2210.000     3.5725     3.5753   3.306760   3.307348   48.99674  -16.50484     5.9144     6.0176   2179.756    34.9371    34.9410 0.0000e+00
  10240.301     245768   2209.000     3.5732     3.5761   3.306789   3.307373   48.99674  -16.50485     5.9149     6.0176   2178.775    34.9371    34.9409 0.0000e+00
  10241.268     245791   2208.000     3.5740     3.5773   3.306814   3.307425   48.99674  -16.50486     5.9189     6.0160   2177.793    34.9370    34.9407 0.0000e+00
  10242.240     245815   2207.000     3.5750     3.5786   3.306848   3.307501   48.99674  -16.50486     5.9197     6.0168   2176.812    34.9369    34.9407 0.0000e+00
  10243.225     245838   2206.000     3.5762     3.5795   3.306906   3.307552   48.99674  -16.50486     5.9168     6.0184   2175.831    34.9368    34.9409 0.0000e+00
  10244.220     245862   2205.000     3.5772     3.5801   3.306964   3.307573   48.99674  -16.50485     5.9150     6.0199   2174.850    34.9368    34.9409 0.0000e+00
  10245.218     245886   2204.000     3.5780     3.5808   3.307005   3.307586   48.99674  -16.50484     5.9140     6.0193   2173.869    34.9369    34.9409 0.0000e+00
  10246.213     245910   2203.000     3.5787     3.5817   3.307028   3.307613   48.99674  -16.50484     5.9139     6.0186   2172.887    34.9369    34.9407 0.0000e+00
  10247.200     245934   2202.000     3.5795     3.5830   3.307049   3.307676   48.99674  -16.50484     5.9154     6.0201   2171.906    34.9368    34.9405 0.0000e+00
  10248.178     245957   2201.000     3.5806     3.5843   3.307089   3.307751   48.99674  -16.50485     5.9155     6.0211   2170.925    34.9366    34.9405 0.0000e+00
  10249.150     245981   2200.000     3.5819     3.5853   3.307161   3.307802   48.99674  -16.50486     5.9143     6.0206   2169.943    34.9365    34.9406 0.0000e+00
  10250.115     246004   2199.000     3.5831     3.5861   3.307226   3.307838   48.99674  -16.50486     5.9156     6.0223   2168.962    34.9366    34.9406 0.0000e+00
  10251.078     246027   2198.000     3.5840     3.5866   3.307272   3.307856   48.99674  -16.50486     5.9174     6.0233   2167.981    34.9366    34.9407 0.0000e+00
  10252.044     246050   2197.000     3.5847     3.5869   3.307301   3.307848   48.99674  -16.50486     5.9190     6.0221   2167.000    34.9367    34.9408 0.0000e+00
  10253.022     246074   2196.000     3.5852     3.5870   3.307311   3.307824   48.99674  -16.50485     5.9212     6.0211   2166.018    34.9368    34.9409 0.0000e+00
  10254.015     246097   2195.000     3.5854     3.5870   3.307301   3.307792   48.99674  -16.50485     5.9221     6.0206   2165.037    34.9368    34.9410 0.0000e+00
  10255.016     246121   2194.000     3.5856     3.5870   3.307279   3.307756   48.99674  -16.50484     5.9222     6.0196   2164.056    34.9369    34.9410 0.0000e+00
  10256.012     246145   2193.000     3.5857     3.5871   3.307249   3.307720   48.99674  -16.50484     5.9199     6.0213   2163.075    34.9369    34.9410 0.0000e+00
  10256.998     246169   2192.000     3.5857     3.5872   3.307218   3.307686   48.99674  -16.50484     5.9185     6.0226   2162.093    34.9370    34.9409 0.0000e+00
  10257.973     246192   2191.000     3.5858     3.5874   3.307184   3.307658   48.99674  -16.50485     5.9204     6.0221   2161.112    34.9369    34.9409 0.0000e+00
  10258.944     246216   2190.000     3.5859     3.5878   3.307151   3.307641   48.99674  -16.50485     5.9230     6.0229   2160.131    34.9369    34.9407 0.0000e+00
  10259.912     246239   2189.000     3.5863     3.5884   3.307132   3.307652   48.99674  -16.50486     5.9242     6.0237   2159.149    34.9368    34.9406 0.0000e+00
  10260.881     246262   2188.000     3.5869     3.5892   3.307137   3.307671   48.99674  -16.50486     5.9221     6.0234   2158.168    34.9366    34.9406 0.0000e+00
  10261.855     246286   2187.000     3.5877     3.5899   3.307161   3.307694   48.99674  -16.50485     5.9201     6.0227   2157.187    34.9365    34.9405 0.0000e+00
  10262.833     246309   2186.000     3.5885     3.5904   3.307190   3.307705   48.99674  -16.50485     5.9196     6.0224   2156.205    34.9366    34.9406 0.0000e+00
  10263.819     246333   2185.000     3.5890     3.5907   3.307202   3.307697   48.99674  -16.50484     5.9178     6.0220   2155.224    34.9367    34.9406 0.0000e+00
  10264.813     246357   2184.000     3.5893     3.5911   3.307197   3.307691   48.99674  -16.50484     5.9166     6.0218   2154.243    34.9367    34.9407 0.0000e+00
  10265.811     246380   2183.000     3.5897     3.5913   3.307187   3.307678   48.99674  -16.50484     5.9158     6.0211   2153.261    34.9367    34.9407 0.0000e+00
  10266.802     246404   2182.000     3.5900     3.5915   3.307180   3.307656   48.99674  -16.50484     5.9177     6.0224   2152.280    34.9366    34.9408 0.0000e+00
  10267.780     246428   2181.000     3.5905     3.5918   3.307175   3.307635   48.99674  -16.50484     5.9204     6.0239   2151.299    34.9366    34.9407 0.0000e+00
  10268.746     246451   2180.000     3.5911     3.5924   3.307178   3.307633   48.99674  -16.50484     5.9224     6.0233   2150.317    34.9365    34.9405 0.0000e+00
  10269.709     246474   2179.000     3.5920     3.5937   3.307202   3.307672   48.99674  -16.50485     5.9240     6.0233   2149.336    34.9363    34.9400 0.0000e+00
  10270.676     246497   2178.000     3.5929     3.5953   3.307243   3.307765   48.99674  -16.50485     5.9215     6.0242   2148.354    34.9362    34.9399 0.0000e+00
  10271.657     246521   2177.000     3.5940     3.5967   3.307291   3.307852   48.99674  -16.50485     5.9200     6.0253   2147.373    34.9362    34.9400 0.0000e+00
  10272.647     246545   2176.000     3.5949     3.5976   3.307334   3.307909   48.99674  -16.50484     5.9215     6.0273   2146.392    34.9362    34.9401 0.0000e+00
  10273.641     246568   2175.000     3.5957     3.5985   3.307373   3.307942   48.99674  -16.50484     5.9205     6.0276   2145.410    34.9362    34.9400 0.0000e+00
  10274.636     246592   2174.000     3.5965     3.5999   3.307401   3.307998   48.99674  -16.50484     5.9195     6.0270   2144.429    34.9362    34.9397 0.0000e+00
  10275.627     246616   2173.000     3.5974     3.6016   3.307430   3.308095   48.99674  -16.50484     5.9214     6.0266   2143.448    34.9360    34.9395 0.0000e+00
  10276.610     246640   2172.000     3.5987     3.6032   3.307481   3.308211   48.99674  -16.50484     5.9239     6.0255   2142.466    34.9358    34.9396 0.0000e+00
  10277.580     246663   2171.000     3.6002     3.6044   3.307563   3.308291   48.99674  -16.50484     5.9261     6.0243   2141.485    34.9357    34.9399 0.0000e+00
  10278.542     246686   2170.000     3.6017     3.6053   3.307664   3.308336   48.99674  -16.50484     5.9270     6.0236   2140.503    34.9358    34.9399 0.0000e+00
  10279.507     246709   2169.000     3.6028     3.6065   3.307733   3.308386   48.99674  -16.50484     5.9259     6.0236   2139.522    34.9359    34.9397 0.0000e+00
  10280.488     246733   2168.000     3.6039     3.6081   3.307788   3.308465   48.99674  -16.50484     5.9254     6.0245   2138.541    34.9358    34.9394 0.0000e+00
  10281.486     246757   2167.000     3.6053     3.6104   3.307853   3.308601   48.99674  -16.50484     5.9248     6.0255   2137.559    34.9356    34.9391 0.0000e+00
  10282.485     246781   2166.000     3.6074     3.6130   3.307962   3.308773   48.99674  -16.50484     5.9243     6.0283   2136.578    34.9352    34.9388 0.0000e+00
  10283.472     246804   2165.000     3.6097     3.6153   3.308117   3.308944   48.99674  -16.50484     5.9228     6.0326   2135.596    34.9351    34.9390 0.0000e+00
  10284.447     246828   2164.000     3.6118     3.6165   3.308271   3.309039   48.99674  -16.50484     5.9219     6.0348   2134.615    34.9351    34.9392 0.0000e+00
  10285.416     246851   2163.000     3.6136     3.6170   3.308391   3.309062   48.99674  -16.50484     5.9229     6.0346   2133.633    34.9352    34.9394 0.0000e+00
  10286.386     246874   2162.000     3.6147     3.6172   3.308468   3.309044   48.99674  -16.50484     5.9255     6.0321   2132.652    34.9354    34.9395 0.0000e+00
  10287.362     246898   2161.000     3.6153     3.6172   3.308491   3.309009   48.99674  -16.50484     5.9295     6.0305   2131.671    34.9355    34.9396 0.0000e+00
  10288.342     246921   2160.000     3.6156     3.6171   3.308486   3.308968   48.99674  -16.50484     5.9323     6.0305   2130.689    34.9356    34.9396 0.0000e+00
  10289.328     246945   2159.000     3.6157     3.6171   3.308462   3.308926   48.99674  -16.50484     5.9319     6.0326   2129.708    34.9356    34.9396 0.0000e+00
  10290.318     246969   2158.000     3.6158     3.6172   3.308426   3.308885   48.99674  -16.50484     5.9308     6.0337   2128.726    34.9356    34.9395 0.0000e+00
  10291.307     246992   2157.000     3.6159     3.6172   3.308392   3.308846   48.99674  -16.50484     5.9310     6.0339   2127.745    34.9355    34.9395 0.0000e+00
  10292.290     247016   2156.000     3.6159     3.6173   3.308356   3.308811   48.99674  -16.50484     5.9306     6.0361   2126.763    34.9356    34.9395 0.0000e+00
  10293.264     247039   2155.000     3.6162     3.6175   3.308328   3.308781   48.99674  -16.50484     5.9298     6.0371   2125.782    34.9354    34.9394 0.0000e+00
  10294.234     247063   2154.000     3.6165     3.6177   3.308313   3.308755   48.99674  -16.50484     5.9282     6.0357   2124.800    34.9354    34.9394 0.0000e+00
  10295.205     247086   2153.000     3.6168     3.6179   3.308292   3.308732   48.99674  -16.50484     5.9306     6.0350   2123.819    34.9353    34.9393 0.0000e+00
  10296.181     247109   2152.000     3.6172     3.6183   3.308277   3.308715   48.99674  -16.50484     5.9325     6.0354   2122.837    34.9352    34.9391 0.0000e+00
  10297.162     247133   2151.000     3.6175     3.6189   3.308266   3.308710   48.99674  -16.50484     5.9321     6.0361   2121.856    34.9351    34.9390 0.0000e+00
  10298.146     247156   2150.000     3.6178     3.6198   3.308249   3.308729   48.99674  -16.50484     5.9331     6.0382   2120.874    34.9351    34.9386 0.0000e+00
  10299.129     247180   2149.000     3.6181     3.6209   3.308232   3.308770   48.99674  -16.50484     5.9350     6.0407   2119.893    34.9350    34.9385 0.0000e+00
  10300.109     247204   2148.000     3.6185     3.6217   3.308220   3.308790   48.99674  -16.50484     5.9371     6.0413   2118.911    34.9350    34.9384 0.0000e+00
  10301.090     247227   2147.000     3.6190     3.6225   3.308214   3.308809   48.99674  -16.50485     5.9369     6.0415   2117.930    34.9349    34.9382 0.0000e+00
  10302.072     247251   2146.000     3.6197     3.6236   3.308218   3.308846   48.99673  -16.50485     5.9371     6.0417   2116.948    34.9346    34.9379 0.0000e+00
  10303.054     247274   2145.000     3.6208     3.6251   3.308246   3.308918   48.99673  -16.50486     5.9380     6.0416   2115.967    34.9343    34.9377 0.0000e+00
  10304.035     247298   2144.000     3.6223     3.6265   3.308311   3.309004   48.99672  -16.50486     5.9383     6.0417   2114.985    34.9339    34.9377 0.0000e+00
  10305.009     247321   2143.000     3.6238     3.6274   3.308395   3.309057   48.99672  -16.50486     5.9394     6.0418   2114.004    34.9339    34.9378 0.0000e+00
  10305.976     247344   2142.000     3.6250     3.6278   3.308461   3.309063   48.99672  -16.50486     5.9409     6.0423   2113.022    34.9339    34.9379 0.0000e+00
  10306.941     247368   2141.000     3.6257     3.6280   3.308498   3.309036   48.99672  -16.50485     5.9408     6.0454   2112.041    34.9340    34.9379 0.0000e+00
  10307.912     247391   2140.000     3.6261     3.6280   3.308499   3.308992   48.99673  -16.50485     5.9407     6.0473   2111.059    34.9340    34.9379 0.0000e+00
  10308.892     247414   2139.000     3.6264     3.6280   3.308478   3.308943   48.99673  -16.50484     5.9405     6.0478   2110.078    34.9340    34.9378 0.0000e+00
  10309.877     247438   2138.000     3.6265     3.6279   3.308449   3.308896   48.99674  -16.50485     5.9406     6.0486   2109.096    34.9340    34.9378 0.0000e+00
  10310.863     247462   2137.000     3.6266     3.6280   3.308408   3.308851   48.99674  -16.50485     5.9417     6.0480   2108.115    34.9339    34.9376 0.0000e+00
  10311.846     247485   2136.000     3.6266     3.6281   3.308363   3.308814   48.99673  -16.50486     5.9440     6.0483   2107.133    34.9338    34.9375 0.0000e+00
