Data_example/SBE_Data_Processed/JC231/SeaBird/Data/Processed/JC231_CTD_008cfaldb.cnv
* Sea-Bird SBE 9 Data File:
* FileName = C:\Users\sandm\Documents\Cruises\JC231\CTD Data\CTD Raw Data\JC231_CTD_008.hex
* Software Version Seasave V 7.26.7.121
* Temperature SN = 5700
* Conductivity SN = 2164
* Number of Bytes Per Scan = 41
* Number of Voltage Words = 4
* Number of Scans Averaged by the Deck Unit = 1
* NMEA Latitude = 49 00.50 N
* NMEA Longitude = 016 28.70 W
* NMEA UTC (Time) = May 13 2022  11:46:15
* NMEA baud rate = 9600
** Ship: RRS James Cook
** Cruise: JC231
** Cast: 008
** Event:
** Station:
** Julian Day: 133
** Time (GMT): 11:22
** Latitude: 49 0.538 ' N
** Longitude: 16 28.747' W
** Depth (uncorrected m): 4810m
** Principal Scientist: Dr Susan Hartman
** Operator:  TP / JG
# nquan = 15
# nvalues = 9816                        
# units = specified
# name 0 = timeS: Time, Elapsed [seconds]
# name 1 = scan: Scan Count
# name 2 = prDM: Pressure, Digiquartz [db]
# name 3 = t090C: Temperature [ITS-90, deg C]
# name 4 = t190C: Temperature, 2 [ITS-90, deg C]
# name 5 = c0S/m: Conductivity [S/m]
# name 6 = c1S/m: Conductivity, 2 [S/m]
# name 7 = latitude: Latitude [deg]
# name 8 = longitude: Longitude [deg]
# name 9 = sbeox0ML/L: Oxygen, SBE 43 [ml/l]
# name 10 = sbeox1ML/L: Oxygen, SBE 43, 2 [ml/l]
# name 11 = depSM: Depth [salt water, m], lat = 49.0083
# name 12 = sal00: Salinity, Practical [PSU]
# name 13 = sal11: Salinity, Practical, 2 [PSU]
# name 14 = flag: flag
# span 0 =    -18.124,  12756.750       
# span 1 =       -434,     306163       
# span 2 =      1.000,   4922.000       
# span 3 =     2.5365,    14.1141       
# span 4 =     2.5380,    14.1212       
# span 5 =   3.272130,   4.271179       
# span 6 =   3.272735,   4.272195       
# span 7 =   48.99701,   49.00834       
# span 8 =  -16.47980,  -16.47607       
# span 9 =     4.2270,     6.0534       
# span 10 =     4.2506,     6.1318      
# span 11 =      0.992,   4824.669      
# span 12 =    34.9030,    35.6850      
# span 13 =    34.9084,    35.6884      
# span 14 = 0.0000e+00, 0.0000e+00      
# interval = decibars: 1                
# start_time = May 13 2022 11:46:16 [System UTC, first data scan.]
# bad_flag = -9.990e-29
*END*
[from data line 868]
   1400.942      33624    895.000     8.3917     8.3940   3.732162   3.732654   49.00820  -16.47887     4.3301     4.3541    885.498    35.3675    35.3704 0.0000e+00
   1401.909      33647    896.000     8.3909     8.3934   3.732160   3.732663   49.00820  -16.47886     4.3312     4.3543    886.485    35.3678    35.3706 0.0000e+00
   1402.892      33670    897.000     8.3903     8.3926   3.732204   3.732734   49.00820  -16.47887     4.3319     4.3543    887.472    35.3684    35.3717 0.0000e+00
   1403.882      33694    898.000     8.3873     8.3889   3.732138   3.732605   49.00820  -16.47888     4.3332     4.3547    888.460    35.3702    35.3735 0.0000e+00
   1404.886      33718    899.000     8.3799     8.3804   3.731673   3.732042   49.00820  -16.47888     4.3336     4.3550    889.447    35.3722    35.3756 0.0000e+00
   1405.908      33743    900.000     8.3658     8.3649   3.730566   3.730763   49.00820  -16.47888     4.3336     4.3566    890.434    35.3741    35.3771 0.0000e+00
   1406.931      33767    901.000     8.3467     8.3456   3.728817   3.728907   49.00820  -16.47888     4.3352     4.3603    891.421    35.3741    35.3762 0.0000e+00
   1407.931      33791    902.000     8.3282     8.3276   3.726868   3.727006   49.00821  -16.47888     4.3370     4.3641    892.408    35.3715    35.3735 0.0000e+00
   1408.903      33815    903.000     8.3109     8.3107   3.725059   3.725256   49.00820  -16.47888     4.3386     4.3672    893.396    35.3692    35.3714 0.0000e+00
   1409.856      33838    904.000     8.2949     8.2952   3.723367   3.723592   49.00820  -16.47888     4.3399     4.3699    894.383    35.3667    35.3688 0.0000e+00
   1410.810      33860    905.000     8.2846     8.2860   3.722004   3.722351   49.00820  -16.47888     4.3402     4.3727    895.370    35.3620    35.3643 0.0000e+00
   1411.774      33884    906.000     8.2829     8.2851   3.721540   3.722020   49.00820  -16.47888     4.3407     4.3751    896.357    35.3584    35.3612 0.0000e+00
   1412.750      33907    907.000     8.2879     8.2908   3.721903   3.722477   49.00820  -16.47888     4.3429     4.3777    897.345    35.3568    35.3600 0.0000e+00
   1413.737      33931    908.000     8.2955     8.2984   3.722869   3.723503   49.00820  -16.47888     4.3449     4.3795    898.332    35.3589    35.3628 0.0000e+00
   1414.736      33955    909.000     8.3001     8.3026   3.723728   3.724304   49.00820  -16.47888     4.3466     4.3803    899.319    35.3630    35.3667 0.0000e+00
   1415.743      33979    910.000     8.3006     8.3023   3.724121   3.724621   49.00821  -16.47888     4.3480     4.3796    900.306    35.3662    35.3699 0.0000e+00
   1416.750      34003    911.000     8.2943     8.2942   3.723968   3.724334   49.00821  -16.47888     4.3503     4.3782    901.293    35.3705    35.3744 0.0000e+00
   1417.751      34027    912.000     8.2751     8.2729   3.722766   3.722835   49.00821  -16.47888     4.3527     4.3764    902.281    35.3764    35.3793 0.0000e+00
   1418.741      34051    913.000     8.2517     8.2512   3.720307   3.720369   49.00821  -16.47888     4.3548     4.3764    903.268    35.3731    35.3743 0.0000e+00
   1419.711      34074    914.000     8.2386     8.2395   3.718458   3.718746   49.00820  -16.47888     4.3578     4.3790    904.255    35.3662    35.3683 0.0000e+00
   1420.662      34097    915.000     8.2327     8.2345   3.717602   3.718007   49.00820  -16.47888     4.3600     4.3811    905.242    35.3625    35.3650 0.0000e+00
   1421.605      34120    916.000     8.2315     8.2340   3.717300   3.717793   49.00820  -16.47888     4.3601     4.3828    906.229    35.3601    35.3628 0.0000e+00
   1422.568      34143    917.000     8.2340     8.2370   3.717480   3.718042   49.00820  -16.47887     4.3593     4.3847    907.217    35.3590    35.3620 0.0000e+00
   1423.583      34167    918.000     8.2385     8.2418   3.717971   3.718600   49.00820  -16.47888     4.3605     4.3852    908.204    35.3593    35.3626 0.0000e+00
   1424.636      34192    919.000     8.2446     8.2473   3.718674   3.719279   49.00820  -16.47888     4.3613     4.3837    909.191    35.3602    35.3639 0.0000e+00
   1425.682      34217    920.000     8.2536     8.2563   3.719580   3.720143   49.00820  -16.47888     4.3612     4.3846    910.178    35.3603    35.3636 0.0000e+00
   1426.682      34241    921.000     8.2677     8.2709   3.721084   3.721729   49.00820  -16.47888     4.3614     4.3864    911.165    35.3618    35.3654 0.0000e+00
   1427.636      34264    922.000     8.2795     8.2827   3.722806   3.723483   49.00820  -16.47888     4.3608     4.3868    912.152    35.3678    35.3718 0.0000e+00
   1428.571      34287    923.000     8.2847     8.2870   3.723936   3.724522   49.00820  -16.47888     4.3603     4.3853    913.139    35.3742    35.3781 0.0000e+00
   1429.512      34309    924.000     8.2830     8.2843   3.724242   3.724709   49.00820  -16.47888     4.3607     4.3833    914.127    35.3787    35.3823 0.0000e+00
   1430.473      34332    925.000     8.2737     8.2741   3.723749   3.724074   49.00820  -16.47888     4.3612     4.3823    915.114    35.3822    35.3853 0.0000e+00
   1431.459      34356    926.000     8.2619     8.2624   3.722615   3.722890   49.00820  -16.47888     4.3608     4.3842    916.101    35.3815    35.3840 0.0000e+00
   1432.471      34380    927.000     8.2526     8.2534   3.721576   3.721898   49.00820  -16.47888     4.3597     4.3869    917.088    35.3794    35.3819 0.0000e+00
   1433.504      34405    928.000     8.2442     8.2451   3.720756   3.721099   49.00820  -16.47888     4.3617     4.3877    918.075    35.3785    35.3813 0.0000e+00
   1434.527      34430    929.000     8.2367     8.2381   3.719985   3.720354   49.00820  -16.47888     4.3661     4.3882    919.062    35.3774    35.3799 0.0000e+00
   1435.519      34453    930.000     8.2346     8.2368   3.719647   3.720130   49.00820  -16.47888     4.3684     4.3903    920.049    35.3755    35.3783 0.0000e+00
   1436.485      34477    931.000     8.2369     8.2394   3.719993   3.720548   49.00820  -16.47888     4.3698     4.3934    921.036    35.3764    35.3797 0.0000e+00
   1437.450      34500    932.000     8.2390     8.2412   3.720488   3.721031   49.00820  -16.47888     4.3714     4.3970    922.023    35.3791    35.3826 0.0000e+00
   1438.431      34523    933.000     8.2388     8.2405   3.720744   3.721230   49.00820  -16.47888     4.3731     4.3990    923.011    35.3816    35.3850 0.0000e+00
   1439.426      34547    934.000     8.2344     8.2357   3.720596   3.721019   49.00820  -16.47888     4.3747     4.4002    923.998    35.3839    35.3871 0.0000e+00
   1440.412      34571    935.000     8.2271     8.2283   3.720048   3.720438   49.00820  -16.47888     4.3747     4.4019    924.985    35.3849    35.3878 0.0000e+00
   1441.377      34594    936.000     8.2181     8.2192   3.719230   3.719606   49.00820  -16.47888     4.3733     4.4036    925.972    35.3847    35.3876 0.0000e+00
   1442.330      34617    937.000     8.2112     8.2123   3.718465   3.718844   49.00820  -16.47888     4.3738     4.4064    926.959    35.3830    35.3860 0.0000e+00
   1443.299      34640    938.000     8.2044     8.2045   3.717854   3.718187   49.00820  -16.47888     4.3769     4.4091    927.946    35.3829    35.3864 0.0000e+00
   1444.300      34664    939.000     8.1925     8.1912   3.716966   3.717125   49.00820  -16.47888     4.3807     4.4110    928.933    35.3849    35.3878 0.0000e+00
   1445.326      34689    940.000     8.1764     8.1762   3.715409   3.715568   49.00820  -16.47889     4.3844     4.4128    929.920    35.3839    35.3859 0.0000e+00
   1446.357      34714    941.000     8.1621     8.1630   3.713845   3.714135   49.00820  -16.47890     4.3871     4.4154    930.907    35.3812    35.3833 0.0000e+00
   1447.364      34738    942.000     8.1499     8.1514   3.712521   3.712905   49.00820  -16.47890     4.3887     4.4162    931.894    35.3788    35.3814 0.0000e+00
   1448.333      34761    943.000     8.1430     8.1452   3.711567   3.712021   49.00820  -16.47890     4.3889     4.4163    932.881    35.3751    35.3778 0.0000e+00
   1449.270      34783    944.000     8.1446     8.1476   3.711459   3.712029   49.00819  -16.47890     4.3899     4.4189    933.868    35.3719    35.3749 0.0000e+00
   1450.203      34806    945.000     8.1533     8.1566   3.712330   3.712993   49.00818  -16.47889     4.3929     4.4227    934.855    35.3720    35.3757 0.0000e+00
   1451.161      34829    946.000     8.1616     8.1643   3.713620   3.714246   49.00818  -16.47888     4.3957     4.4240    935.842    35.3770    35.3809 0.0000e+00
   1452.155      34853    947.000     8.1648     8.1670   3.714393   3.714929   49.00818  -16.47888     4.3975     4.4228    936.829    35.3816    35.3851 0.0000e+00
   1453.171      34877    948.000     8.1645     8.1665   3.714601   3.715093   49.00818  -16.47889     4.3979     4.4236    937.816    35.3836    35.3868 0.0000e+00
   1454.188      34902    949.000     8.1624     8.1642   3.714544   3.715013   49.00818  -16.47890     4.3960     4.4246    938.803    35.3846    35.3878 0.0000e+00
   1455.197      34926    950.000     8.1584     8.1600   3.714271   3.714707   49.00818  -16.47890     4.3942     4.4242    939.790    35.3852    35.3883 0.0000e+00
   1456.187      34949    951.000     8.1543     8.1560   3.713881   3.714320   49.00818  -16.47890     4.3948     4.4258    940.777    35.3848    35.3877 0.0000e+00
   1457.160      34973    952.000     8.1496     8.1511   3.713505   3.713933   49.00818  -16.47890     4.3979     4.4283    941.764    35.3850    35.3881 0.0000e+00
   1458.123      34996    953.000     8.1413     8.1422   3.712900   3.713266   49.00818  -16.47890     4.4012     4.4297    942.751    35.3864    35.3894 0.0000e+00
   1459.087      35019    954.000     8.1274     8.1275   3.711766   3.712049   49.00818  -16.47890     4.4031     4.4304    943.738    35.3878    35.3906 0.0000e+00
   1460.056      35042    955.000     8.1092     8.1095   3.710032   3.710258   49.00818  -16.47890     4.4056     4.4319    944.725    35.3871    35.3891 0.0000e+00
   1461.027      35066    956.000     8.0943     8.0951   3.708318   3.708620   49.00818  -16.47890     4.4094     4.4357    945.712    35.3832    35.3856 0.0000e+00
   1462.003      35089    957.000     8.0817     8.0826   3.706947   3.707280   49.00818  -16.47890     4.4145     4.4411    946.699    35.3808    35.3835 0.0000e+00
   1462.989      35113    958.000     8.0670     8.0667   3.705636   3.705904   49.00818  -16.47890     4.4188     4.4444    947.686    35.3811    35.3842 0.0000e+00
   1463.989      35137    959.000     8.0464     8.0465   3.703683   3.703861   49.00818  -16.47890     4.4215     4.4475    948.673    35.3804    35.3822 0.0000e+00
   1464.995      35161    960.000     8.0288     8.0290   3.701728   3.701997   49.00818  -16.47891     4.4246     4.4522    949.660    35.3767    35.3794 0.0000e+00
   1466.005      35185    961.000     8.0065     8.0055   3.699730   3.699925   49.00818  -16.47892     4.4280     4.4571    950.647    35.3773    35.3803 0.0000e+00
   1467.011      35209    962.000     7.9749     7.9725   3.696893   3.696911   49.00818  -16.47892     4.4315     4.4607    951.634    35.3782    35.3808 0.0000e+00
   1467.999      35233    963.000     7.9384     7.9363   3.693285   3.693212   49.00818  -16.47892     4.4357     4.4636    952.621    35.3758    35.3771 0.0000e+00
   1468.958      35256    964.000     7.9082     7.9075   3.689810   3.689882   49.00818  -16.47892     4.4401     4.4673    953.608    35.3684    35.3699 0.0000e+00
   1469.892      35278    965.000     7.8865     7.8869   3.687250   3.687475   49.00818  -16.47892     4.4438     4.4715    954.595    35.3623    35.3643 0.0000e+00
   1470.829      35301    966.000     7.8715     7.8722   3.685486   3.685807   49.00818  -16.47892     4.4484     4.4764    955.582    35.3580    35.3608 0.0000e+00
   1471.800      35324    967.000     7.8596     7.8602   3.684198   3.684524   49.00818  -16.47892     4.4544     4.4816    956.569    35.3557    35.3586 0.0000e+00
   1472.813      35349    968.000     7.8502     7.8512   3.683198   3.683549   49.00818  -16.47892     4.4590     4.4879    957.556    35.3540    35.3567 0.0000e+00
   1473.841      35373    969.000     7.8432     7.8445   3.682482   3.682878   49.00818  -16.47893     4.4632     4.4928    958.543    35.3528    35.3558 0.0000e+00
   1474.846      35397    970.000     7.8373     7.8385   3.681939   3.682341   49.00818  -16.47893     4.4678     4.4945    959.530    35.3525    35.3556 0.0000e+00
   1475.823      35421    971.000     7.8319     7.8332   3.681447   3.681862   49.00818  -16.47894     4.4702     4.4957    960.517    35.3522    35.3553 0.0000e+00
   1476.786      35444    972.000     7.8275     7.8287   3.681033   3.681450   49.00818  -16.47894     4.4714     4.4960    961.503    35.3517    35.3549 0.0000e+00
   1477.753      35467    973.000     7.8238     7.8252   3.680706   3.681112   49.00818  -16.47894     4.4732     4.4953    962.490    35.3514    35.3544 0.0000e+00
   1478.737      35491    974.000     7.8211     7.8229   3.680454   3.680896   49.00818  -16.47894     4.4756     4.4965    963.477    35.3510    35.3539 0.0000e+00
   1479.732      35515    975.000     7.8187     7.8206   3.680281   3.680745   49.00818  -16.47894     4.4769     4.5004    964.464    35.3511    35.3542 0.0000e+00
   1480.722      35538    976.000     7.8148     7.8167   3.680047   3.680507   49.00818  -16.47895     4.4767     4.5032    965.451    35.3520    35.3550 0.0000e+00
   1481.702      35562    977.000     7.8102     7.8123   3.679658   3.680137   49.00818  -16.47895     4.4768     4.5037    966.438    35.3520    35.3550 0.0000e+00
   1482.675      35585    978.000     7.8070     7.8090   3.679315   3.679796   49.00818  -16.47896     4.4774     4.5043    967.425    35.3511    35.3542 0.0000e+00
   1483.653      35609    979.000     7.8046     7.8065   3.679106   3.679575   49.00818  -16.47896     4.4793     4.5065    968.412    35.3508    35.3539 0.0000e+00
   1484.642      35632    980.000     7.8015     7.8032   3.678894   3.679352   49.00818  -16.47896     4.4808     4.5099    969.399    35.3512    35.3544 0.0000e+00
   1485.631      35656    981.000     7.7960     7.7973   3.678547   3.678969   49.00818  -16.47896     4.4804     4.5127    970.385    35.3525    35.3557 0.0000e+00
   1486.608      35680    982.000     7.7882     7.7891   3.677968   3.678353   49.00818  -16.47896     4.4793     4.5144    971.372    35.3537    35.3569 0.0000e+00
   1487.574      35703    983.000     7.7790     7.7795   3.677245   3.677593   49.00818  -16.47896     4.4820     4.5164    972.359    35.3547    35.3579 0.0000e+00
   1488.543      35726    984.000     7.7680     7.7677   3.676356   3.676632   49.00818  -16.47896     4.4889     4.5206    973.346    35.3557    35.3590 0.0000e+00
   1489.530      35750    985.000     7.7520     7.7511   3.675039   3.675172   49.00818  -16.47896     4.4955     4.5262    974.333    35.3572    35.3596 0.0000e+00
   1490.543      35774    986.000     7.7349     7.7345   3.673242   3.673423   49.00818  -16.47896     4.4999     4.5322    975.320    35.3546    35.3569 0.0000e+00
   1491.568      35799    987.000     7.7192     7.7190   3.671610   3.671822   49.00818  -16.47897     4.5023     4.5376    976.307    35.3524    35.3549 0.0000e+00
   1492.577      35823    988.000     7.7025     7.7025   3.670023   3.670230   49.00818  -16.47898     4.5045     4.5401    977.293    35.3517    35.3539 0.0000e+00
   1493.555      35846    989.000     7.6883     7.6892   3.668430   3.668714   49.00818  -16.47897     4.5086     4.5413    978.280    35.3484    35.3506 0.0000e+00
