Data_example/SBE_Data_Processed/JC231/SeaBird/Data/Processed/JC231_CTD_009c.ros
* Sea-Bird SBE 9 Data File:
* FileName = C:\Users\sandm\Documents\Cruises\JC231\CTD Data\CTD Raw Data\JC231_CTD_009.hex
* Software Version Seasave V 7.26.7.121
* Temperature SN = 5700
* Conductivity SN = 2164
* Number of Bytes Per Scan = 41
* Number of Voltage Words = 4
* Number of Scans Averaged by the Deck Unit = 1
* NMEA Latitude = 48 58.43 N
* NMEA Longitude = 016 28.09 W
* NMEA UTC (Time) = May 14 2022  16:01:18
* NMEA baud rate = 9600
** Ship: RRS James Cook
** Cruise: JC231
** Cast: 009
** Event:
** Station:
** Julian Day: 134
** Time (GMT): 16:00
** Latitude: 48 58.433 ' N
** Longitude: 16 28.090 ' W
** Depth (uncorrected m): 4804m
** Principal Scientist: Dr Susan Hartman
** Operator:  TP / JG
# nquan = 13
# nvalues = 1127                                  
# units = specified
# name 0 = timeS: Time, Elapsed [seconds]
# name 1 = scan: Scan Count
# name 2 = prDM: Pressure, Digiquartz [db]
# name 3 = t090C: Temperature [ITS-90, deg C]
# name 4 = t190C: Temperature, 2 [ITS-90, deg C]
# name 5 = c0S/m: Conductivity [S/m]
# name 6 = c1S/m: Conductivity, 2 [S/m]
# name 7 = latitude: Latitude [deg]
# name 8 = longitude: Longitude [deg]
# name 9 = sbeox0ML/L: Oxygen, SBE 43 [ml/l]
# name 10 = sbeox1ML/L: Oxygen, SBE 43, 2 [ml/l]
# name 11 = nbf: Bottles Fired
# name 12 = flag:  0.000e+00
# interval = seconds: 0.0416667
# start_time = May 14 2022 16:01:19 [System UTC, first data scan.]
# bad_flag = -9.990e-29
*END*
[from data line 445]
   3130.250      75127    152.586    12.1211    12.1245   4.076642   4.077488   48.97582  -16.46824     5.6022     5.4912         10  0.000e+00
   3130.292      75128    152.883    12.1208    12.1247   4.076583   4.077502   48.97582  -16.46824     5.6068     5.4880         10  0.000e+00
   3130.333      75129    152.735    12.1206    12.1248   4.076543   4.077502   48.97582  -16.46824     5.6114     5.4878         10  0.000e+00
   3130.375      75130    152.681    12.1208    12.1245   4.076569   4.077502   48.97582  -16.46824     5.6161     5.4914         10  0.000e+00
   3130.417      75131    152.681    12.1206    12.1247   4.076583   4.077521   48.97582  -16.46824     5.6216     5.4917         10  0.000e+00
   3130.458      75132    152.735    12.1206    12.1245   4.076583   4.077489   48.97582  -16.46824     5.6240     5.4881         10  0.000e+00
   3130.500      75133    152.789    12.1206    12.1244   4.076583   4.077541   48.97582  -16.46824     5.6262     5.4881         10  0.000e+00
   3130.542      75134    152.789    12.1208    12.1244   4.076622   4.077515   48.97582  -16.46824     5.6250     5.4881         10  0.000e+00
   3130.583      75135    152.735    12.1208    12.1242   4.076563   4.077469   48.97582  -16.46824     5.6234     5.4918         10  0.000e+00
   3130.625      75136    152.789    12.1208    12.1240   4.076596   4.077489   48.97582  -16.46824     5.6287     5.4923         10  0.000e+00
   3130.667      75137    152.587    12.1209    12.1238   4.076616   4.077502   48.97582  -16.46824     5.6269     5.4889         10  0.000e+00
   3130.708      75138    152.884    12.1209    12.1238   4.076616   4.077443   48.97582  -16.46824     5.6320     5.4893         10  0.000e+00
   3130.750      75139    152.735    12.1209    12.1236   4.076603   4.077410   48.97582  -16.46824     5.6299     5.4890         10  0.000e+00
   3130.792      75140    152.681    12.1209    12.1235   4.076583   4.077443   48.97582  -16.46824     5.6307     5.4888         10  0.000e+00
   3130.833      75141    152.884    12.1208    12.1233   4.076603   4.077436   48.97582  -16.46824     5.6310     5.4887         10  0.000e+00
   3130.875      75142    152.627    12.1209    12.1233   4.076616   4.077429   48.97582  -16.46824     5.6276     5.4884         10  0.000e+00
   3130.917      75143    152.789    12.1209    12.1233   4.076589   4.077397   48.97582  -16.46824     5.6275     5.4923         10  0.000e+00
   3130.958      75144    152.789    12.1209    12.1231   4.076563   4.077416   48.97582  -16.46824     5.6270     5.4926         10  0.000e+00
   3131.000      75145    152.735    12.1208    12.1233   4.076576   4.077397   48.97582  -16.46824     5.6230     5.4891         10  0.000e+00
   3131.042      75146    152.789    12.1208    12.1230   4.076603   4.077416   48.97582  -16.46824     5.6184     5.4890         10  0.000e+00
   3131.083      75147    152.587    12.1209    12.1231   4.076616   4.077410   48.97582  -16.46824     5.6138     5.4887         10  0.000e+00
   3131.125      75148    152.789    12.1206    12.1232   4.076589   4.077390   48.97582  -16.46824     5.6092     5.4888         10  0.000e+00
   3131.167      75149    152.830    12.1209    12.1232   4.076596   4.077416   48.97582  -16.46824     5.6011     5.4887         10  0.000e+00
   3131.208      75150    152.681    12.1209    12.1233   4.076642   4.077397   48.97582  -16.46824     5.5994     5.4885         10  0.000e+00
   3131.250      75151    152.789    12.1211    12.1230   4.076622   4.077443   48.97582  -16.46824     5.5945     5.4886         10  0.000e+00
   3131.292      75152    152.627    12.1209    12.1230   4.076616   4.077436   48.97582  -16.46824     5.5892     5.4884         10  0.000e+00
   3131.333      75153    152.789    12.1209    12.1230   4.076616   4.077397   48.97582  -16.46824     5.5910     5.4922         10  0.000e+00
   3131.375      75154    152.884    12.1211    12.1230   4.076576   4.077397   48.97582  -16.46824     5.5933     5.4889         10  0.000e+00
   3131.417      75155    152.533    12.1208    12.1232   4.076576   4.077443   48.97582  -16.46824     5.5887     5.4886         10  0.000e+00
   3131.458      75156    152.682    12.1211    12.1233   4.076603   4.077462   48.97582  -16.46824     5.5874     5.4883         10  0.000e+00
   3131.500      75157    152.790    12.1209    12.1235   4.076556   4.077436   48.97582  -16.46824     5.5927     5.4884         10  0.000e+00
   3131.542      75158    152.682    12.1208    12.1238   4.076569   4.077449   48.97582  -16.46824     5.5947     5.4883         10  0.000e+00
   3131.583      75159    152.830    12.1209    12.1238   4.076563   4.077436   48.97582  -16.46824     5.5934     5.4884         10  0.000e+00
   3131.625      75160    152.682    12.1209    12.1240   4.076603   4.077429   48.97582  -16.46824     5.5918     5.4884         10  0.000e+00
   3131.667      75161    152.682    12.1209    12.1238   4.076556   4.077410   48.97582  -16.46824     5.5906     5.4884         10  0.000e+00
   3131.708      75162    152.830    12.1211    12.1238   4.076596   4.077423   48.97582  -16.46824     5.5929     5.4886         10  0.000e+00
   3131.750      75163    152.682    12.1209    12.1236   4.076616   4.077429   48.97584  -16.46824     5.6020     5.4886         10  0.000e+00
   3131.792      75164    152.682    12.1209    12.1236   4.076642   4.077449   48.97584  -16.46824     5.6017     5.4887         10  0.000e+00
   3131.833      75165    152.790    12.1209    12.1236   4.076583   4.077384   48.97584  -16.46824     5.6014     5.4889         10  0.000e+00
   3131.875      75166    152.628    12.1213    12.1236   4.076629   4.077436   48.97584  -16.46824     5.6008     5.4889         10  0.000e+00
   3131.917      75167    152.884    12.1211    12.1235   4.076622   4.077403   48.97584  -16.46824     5.6003     5.4889         10  0.000e+00
   3131.958      75168    152.790    12.1209    12.1235   4.076616   4.077430   48.97584  -16.46824     5.5960     5.4926         10  0.000e+00
   3132.000      75169    152.628    12.1209    12.1233   4.076616   4.077403   48.97584  -16.46824     5.5947     5.4893         10  0.000e+00
   3132.042      75170    152.682    12.1211    12.1233   4.076603   4.077443   48.97584  -16.46824     5.5972     5.4895         10  0.000e+00
   3132.083      75171    152.682    12.1211    12.1236   4.076609   4.077436   48.97584  -16.46824     5.5896     5.4893         10  0.000e+00
   3143.750      75451    152.741    12.1208    12.1212   4.076563   4.077226   48.97584  -16.46826     5.5830     5.4980         11  0.000e+00
   3143.792      75452    152.795    12.1206    12.1214   4.076543   4.077187   48.97584  -16.46826     5.5811     5.5014         11  0.000e+00
   3143.833      75453    152.890    12.1209    12.1212   4.076570   4.077174   48.97584  -16.46826     5.5828     5.5016         11  0.000e+00
   3143.875      75454    152.930    12.1206    12.1216   4.076603   4.077200   48.97584  -16.46826     5.5782     5.4979         11  0.000e+00
   3143.917      75455    152.795    12.1208    12.1216   4.076589   4.077246   48.97584  -16.46826     5.5735     5.5012         11  0.000e+00
   3143.958      75456    152.890    12.1208    12.1218   4.076563   4.077246   48.97584  -16.46826     5.5725     5.5012         11  0.000e+00
   3144.000      75457    152.930    12.1206    12.1218   4.076603   4.077272   48.97584  -16.46826     5.5715     5.5012         11  0.000e+00
   3144.042      75458    152.795    12.1209    12.1218   4.076589   4.077285   48.97584  -16.46826     5.5737     5.4975         11  0.000e+00
   3144.083      75459    152.890    12.1208    12.1221   4.076603   4.077305   48.97584  -16.46826     5.5728     5.4972         11  0.000e+00
   3144.125      75460    152.795    12.1206    12.1221   4.076589   4.077318   48.97584  -16.46826     5.5718     5.4968         11  0.000e+00
   3144.167      75461    152.836    12.1209    12.1223   4.076583   4.077318   48.97584  -16.46826     5.5743     5.4964         11  0.000e+00
   3144.208      75462    152.795    12.1209    12.1221   4.076622   4.077325   48.97584  -16.46826     5.5773     5.4961         11  0.000e+00
   3144.250      75463    152.795    12.1209    12.1223   4.076616   4.077292   48.97584  -16.46826     5.5778     5.4994         11  0.000e+00
   3144.292      75464    152.931    12.1208    12.1224   4.076616   4.077305   48.97584  -16.46826     5.5818     5.4994         11  0.000e+00
   3144.333      75465    152.795    12.1209    12.1224   4.076616   4.077318   48.97584  -16.46826     5.5861     5.4993         11  0.000e+00
   3144.375      75466    152.796    12.1209    12.1224   4.076616   4.077344   48.97584  -16.46826     5.5906     5.4992         11  0.000e+00
   3144.417      75467    152.742    12.1209    12.1226   4.076655   4.077357   48.97584  -16.46826     5.5919     5.4991         11  0.000e+00
   3144.458      75468    152.890    12.1213    12.1228   4.076629   4.077325   48.97584  -16.46826     5.5933     5.4991         11  0.000e+00
   3144.500      75469    152.890    12.1214    12.1226   4.076616   4.077325   48.97584  -16.46826     5.6009     5.4990         11  0.000e+00
   3144.542      75470    152.890    12.1214    12.1226   4.076669   4.077351   48.97584  -16.46826     5.6053     5.4989         11  0.000e+00
   3144.583      75471    152.836    12.1218    12.1226   4.076689   4.077357   48.97584  -16.46826     5.6065     5.4991         11  0.000e+00
   3144.625      75472    152.890    12.1216    12.1228   4.076649   4.077357   48.97584  -16.46826     5.6109     5.4993         11  0.000e+00
   3144.667      75473    152.796    12.1216    12.1228   4.076649   4.077357   48.97584  -16.46826     5.6119     5.4991         11  0.000e+00
   3144.708      75474    152.836    12.1218    12.1228   4.076655   4.077357   48.97584  -16.46826     5.6032     5.4990         11  0.000e+00
   3144.750      75475    152.796    12.1214    12.1226   4.076655   4.077357   48.97584  -16.46826     5.5971     5.4992         11  0.000e+00
   3144.792      75476    152.796    12.1213    12.1228   4.076622   4.077311   48.97584  -16.46824     5.5943     5.4994         11  0.000e+00
   3144.833      75477    152.985    12.1213    12.1228   4.076629   4.077338   48.97584  -16.46824     5.5915     5.4957         11  0.000e+00
   3144.875      75478    152.836    12.1213    12.1228   4.076616   4.077298   48.97584  -16.46824     5.5849     5.4955         11  0.000e+00
   3144.917      75479    152.688    12.1211    12.1226   4.076616   4.077285   48.97584  -16.46824     5.5816     5.4949         11  0.000e+00
   3144.958      75480    152.891    12.1213    12.1230   4.076616   4.077338   48.97584  -16.46824     5.5817     5.4982         11  0.000e+00
   3145.000      75481    152.837    12.1213    12.1230   4.076642   4.077325   48.97584  -16.46824     5.5783     5.4944         11  0.000e+00
   3145.042      75482    152.891    12.1213    12.1226   4.076662   4.077318   48.97584  -16.46824     5.5850     5.4939         11  0.000e+00
   3145.083      75483    152.796    12.1213    12.1230   4.076655   4.077357   48.97584  -16.46824     5.5886     5.4934         11  0.000e+00
   3145.125      75484    152.837    12.1216    12.1226   4.076655   4.077357   48.97584  -16.46824     5.5926     5.4969         11  0.000e+00
   3145.167      75485    152.891    12.1216    12.1224   4.076622   4.077298   48.97584  -16.46824     5.5935     5.4968         11  0.000e+00
   3145.208      75486    152.796    12.1213    12.1224   4.076589   4.077305   48.97584  -16.46824     5.5906     5.4933         11  0.000e+00
   3145.250      75487    152.891    12.1214    12.1221   4.076622   4.077292   48.97584  -16.46824     5.5911     5.4969         11  0.000e+00
   3145.292      75488    152.837    12.1213    12.1219   4.076616   4.077226   48.97584  -16.46824     5.5878     5.4971         11  0.000e+00
   3145.333      75489    152.891    12.1211    12.1219   4.076589   4.077233   48.97584  -16.46824     5.5878     5.4937         11  0.000e+00
   3145.375      75490    152.891    12.1211    12.1218   4.076603   4.077253   48.97584  -16.46824     5.5844     5.4936         11  0.000e+00
   3145.417      75491    152.837    12.1211    12.1216   4.076616   4.077279   48.97584  -16.46824     5.5805     5.4934         11  0.000e+00
   3145.458      75492    152.796    12.1208    12.1215   4.076629   4.077226   48.97584  -16.46824     5.5761     5.4933         11  0.000e+00
   3145.500      75493    152.891    12.1208    12.1219   4.076616   4.077233   48.97584  -16.46824     5.5787     5.4933         11  0.000e+00
   3145.542      75494    152.837    12.1208    12.1216   4.076642   4.077246   48.97584  -16.46824     5.5778     5.4935         11  0.000e+00
   3145.583      75495    152.891    12.1211    12.1219   4.076622   4.077246   48.97584  -16.46824     5.5768     5.4935         11  0.000e+00
   3145.625      75496    152.796    12.1213    12.1216   4.076669   4.077220   48.97584  -16.46824     5.5757     5.4934         11  0.000e+00
   3145.667      75497    152.986    12.1213    12.1218   4.076689   4.077194   48.97584  -16.46824     5.5745     5.4936         11  0.000e+00
   3145.708      75498    152.932    12.1214    12.1215   4.076649   4.077226   48.97584  -16.46824     5.5733     5.4932         11  0.000e+00
   3145.750      75499    152.797    12.1213    12.1218   4.076649   4.077246   48.97584  -16.46824     5.5754     5.4967         11  0.000e+00
   3157.375      75778    152.698    12.1216    12.1228   4.076682   4.077344   48.97584  -16.46824     5.6217     5.4939         12  0.000e+00
   3157.417      75779    152.806    12.1218    12.1228   4.076768   4.077351   48.97584  -16.46824     5.6218     5.4939         12  0.000e+00
   3157.458      75780    152.941    12.1216    12.1230   4.076715   4.077377   48.97584  -16.46824     5.6218     5.4936         12  0.000e+00
   3157.500      75781    152.900    12.1219    12.1230   4.076742   4.077364   48.97584  -16.46824     5.6282     5.4932         12  0.000e+00
   3157.542      75782    152.806    12.1218    12.1230   4.076741   4.077377   48.97584  -16.46824     5.6320     5.4931         12  0.000e+00
   3157.583      75783    152.846    12.1219    12.1230   4.076755   4.077416   48.97584  -16.46824     5.6360     5.4964         12  0.000e+00
   3157.625      75784    152.900    12.1219    12.1228   4.076728   4.077344   48.97584  -16.46824     5.6370     5.4928         12  0.000e+00
   3157.667      75785    152.806    12.1221    12.1230   4.076695   4.077325   48.97584  -16.46824     5.6382     5.4927         12  0.000e+00
   3157.708      75786    152.901    12.1219    12.1230   4.076742   4.077351   48.97584  -16.46824     5.6396     5.4924         12  0.000e+00
   3157.750      75787    152.847    12.1218    12.1230   4.076741   4.077377   48.97584  -16.46824     5.6343     5.4920         12  0.000e+00
   3157.792      75788    152.901    12.1219    12.1232   4.076755   4.077364   48.97586  -16.46824     5.6388     5.4920         12  0.000e+00
   3157.833      75789    152.806    12.1218    12.1230   4.076728   4.077325   48.97586  -16.46824     5.6332     5.4920         12  0.000e+00
   3157.875      75790    152.941    12.1221    12.1230   4.076695   4.077344   48.97586  -16.46824     5.6271     5.4921         12  0.000e+00
   3157.917      75791    152.901    12.1218    12.1228   4.076662   4.077357   48.97586  -16.46824     5.6200     5.4917         12  0.000e+00
   3157.958      75792    152.901    12.1218    12.1231   4.076662   4.077390   48.97586  -16.46824     5.6121     5.4914         12  0.000e+00
   3158.000      75793    152.698    12.1216    12.1230   4.076655   4.077364   48.97586  -16.46824     5.6069     5.4913         12  0.000e+00
