Data_example/SBE_Data_Processed/JC231/SeaBird/Data/Processed/JC231_CTD_010c.ros
* Sea-Bird SBE 9 Data File:
* FileName = C:\Users\sandm\Documents\Cruises\JC231\CTD Data\CTD Raw Data\JC231_CTD_010.hex
* Software Version Seasave V 7.26.7.121
* Temperature SN = 5700
* Conductivity SN = 2164
* Number of Bytes Per Scan = 41
* Number of Voltage Words = 4
* Number of Scans Averaged by the Deck Unit = 1
* NMEA Latitude = 48 58.41 N
* NMEA Longitude = 016 27.23 W
* NMEA UTC (Time) = May 14 2022  20:10:12
* NMEA baud rate = 9600
** Ship: RRS James Cook
** Cruise: JC231
** Cast: 010
** Event:
** Station:
** Julian Day: 134
** Time (GMT): 20:10
** Latitude: 48 58.568 ' N
** Longitude: 16 27.822 ' W
** Depth (uncorrected m): 4808m
** Principal Scientist: Dr Susan Hartman
** Operator:  TP / JG
# nquan = 13
# nvalues = 1127                                  
# units = specified
# name 0 = timeS: Time, Elapsed [seconds]
# name 1 = scan: Scan Count
# name 2 = prDM: Pressure, Digiquartz [db]
# name 3 = t090C: Temperature [ITS-90, deg C]
# name 4 = t190C: Temperature, 2 [ITS-90, deg C]
# name 5 = c0S/m: Conductivity [S/m]
# name 6 = c1S/m: Conductivity, 2 [S/m]
# name 7 = latitude: Latitude [deg]
# name 8 = longitude: Longitude [deg]
# name 9 = sbeox0ML/L: Oxygen, SBE 43 [ml/l]
# name 10 = sbeox1ML/L: Oxygen, SBE 43, 2 [ml/l]
# name 11 = nbf: Bottles Fired
# name 12 = flag:  0.000e+00
# interval = seconds: 0.0416667
# start_time = May 14 2022 20:10:13 [System UTC, first data scan.]
# bad_flag = -9.990e-29
*END*
[from data line 223]
   1482.583      35583     92.887    12.3505    12.3511   4.097398   4.097851   48.97358  -16.45374     5.7302     5.6523          5  0.000e+00
   1482.625      35584     92.995    12.3507    12.3510   4.097405   4.097858   48.97358  -16.45374     5.7305     5.6488          5  0.000e+00
   1482.667      35585     92.887    12.3507    12.3509   4.097385   4.097884   48.97358  -16.45374     5.7308     5.6520          5  0.000e+00
   1482.708      35586     92.995    12.3508    12.3510   4.097398   4.097845   48.97358  -16.45374     5.7279     5.6521          5  0.000e+00
   1482.750      35587     93.090    12.3507    12.3509   4.097412   4.097871   48.97358  -16.45374     5.7283     5.6521          5  0.000e+00
   1482.792      35588     92.995    12.3509    12.3509   4.097432   4.097858   48.97358  -16.45374     5.7287     5.6520          5  0.000e+00
   1482.833      35589     93.090    12.3509    12.3508   4.097418   4.097891   48.97358  -16.45374     5.7222     5.6520          5  0.000e+00
   1482.875      35590     92.995    12.3509    12.3511   4.097412   4.097891   48.97358  -16.45374     5.7118     5.6482          5  0.000e+00
   1482.917      35591     93.090    12.3511    12.3512   4.097405   4.097910   48.97358  -16.45374     5.7144     5.6477          5  0.000e+00
   1482.958      35592     93.198    12.3508    12.3512   4.097465   4.097904   48.97358  -16.45374     5.7108     5.6513          5  0.000e+00
   1483.000      35593     93.090    12.3511    12.3512   4.097425   4.097891   48.97358  -16.45374     5.7139     5.6514          5  0.000e+00
   1483.042      35594     93.090    12.3511    12.3512   4.097465   4.097871   48.97358  -16.45374     5.7179     5.6512          5  0.000e+00
   1483.083      35595     93.292    12.3512    12.3511   4.097445   4.097884   48.97358  -16.45374     5.7190     5.6515          5  0.000e+00
   1483.125      35596     92.995    12.3512    12.3509   4.097471   4.097831   48.97358  -16.45374     5.7232     5.6479          5  0.000e+00
   1483.167      35597     93.292    12.3513    12.3506   4.097425   4.097825   48.97358  -16.45374     5.7319     5.6515          5  0.000e+00
   1483.208      35598     93.198    12.3511    12.3507   4.097405   4.097792   48.97358  -16.45374     5.7378     5.6515          5  0.000e+00
   1483.250      35599     93.292    12.3509    12.3505   4.097352   4.097779   48.97358  -16.45374     5.7472     5.6517          5  0.000e+00
   1483.292      35600     93.198    12.3507    12.3503   4.097365   4.097792   48.97358  -16.45374     5.7469     5.6517          5  0.000e+00
   1483.333      35601     93.198    12.3505    12.3502   4.097372   4.097759   48.97358  -16.45374     5.7463     5.6518          5  0.000e+00
   1483.375      35602     93.387    12.3504    12.3500   4.097399   4.097746   48.97358  -16.45374     5.7484     5.6520          5  0.000e+00
   1483.417      35603     93.292    12.3506    12.3502   4.097385   4.097726   48.97358  -16.45374     5.7465     5.6520          5  0.000e+00
   1483.458      35604     93.292    12.3504    12.3497   4.097345   4.097766   48.97358  -16.45374     5.7479     5.6521          5  0.000e+00
   1494.458      35868     93.892    12.3509    12.3507   4.097472   4.097904   48.97358  -16.45374     5.6975     5.6471          6  0.000e+00
   1494.500      35869     93.500    12.3510    12.3509   4.097445   4.097878   48.97358  -16.45374     5.6965     5.6466          6  0.000e+00
   1494.542      35870     93.392    12.3509    12.3510   4.097418   4.097904   48.97358  -16.45374     5.6958     5.6466          6  0.000e+00
   1494.583      35871     93.595    12.3511    12.3507   4.097432   4.097904   48.97358  -16.45374     5.6954     5.6469          6  0.000e+00
   1494.625      35872     93.703    12.3511    12.3507   4.097385   4.097865   48.97358  -16.45374     5.6919     5.6470          6  0.000e+00
   1494.667      35873     93.500    12.3507    12.3510   4.097425   4.097904   48.97358  -16.45374     5.6919     5.6470          6  0.000e+00
   1494.708      35874     93.595    12.3509    12.3511   4.097418   4.097878   48.97358  -16.45374     5.6961     5.6468          6  0.000e+00
   1494.750      35875     93.595    12.3510    12.3510   4.097458   4.097904   48.97358  -16.45374     5.7008     5.6433          6  0.000e+00
   1494.792      35876     93.595    12.3511    12.3511   4.097452   4.097897   48.97358  -16.45374     5.7125     5.6466          6  0.000e+00
   1494.833      35877     93.500    12.3511    12.3511   4.097418   4.097897   48.97358  -16.45374     5.7210     5.6431          6  0.000e+00
   1494.875      35878     93.595    12.3511    12.3510   4.097412   4.097891   48.97358  -16.45374     5.7230     5.6429          6  0.000e+00
   1494.917      35879     93.500    12.3511    12.3511   4.097405   4.097891   48.97358  -16.45374     5.7243     5.6426          6  0.000e+00
   1494.958      35880     93.703    12.3511    12.3511   4.097432   4.097897   48.97358  -16.45374     5.7223     5.6423          6  0.000e+00
   1495.000      35881     93.500    12.3512    12.3512   4.097445   4.097917   48.97358  -16.45374     5.7197     5.6419          6  0.000e+00
   1495.042      35882     93.595    12.3512    12.3512   4.097438   4.097963   48.97358  -16.45374     5.7202     5.6415          6  0.000e+00
   1495.083      35883     93.595    12.3512    12.3512   4.097418   4.097911   48.97358  -16.45374     5.7238     5.6410          6  0.000e+00
   1495.125      35884     93.595    12.3512    12.3512   4.097432   4.097891   48.97358  -16.45374     5.7242     5.6408          6  0.000e+00
   1495.167      35885     93.500    12.3512    12.3514   4.097445   4.097897   48.97358  -16.45374     5.7245     5.6406          6  0.000e+00
   1495.208      35886     93.595    12.3511    12.3512   4.097438   4.097891   48.97358  -16.45374     5.7250     5.6405          6  0.000e+00
   1495.250      35887     93.595    12.3513    12.3512   4.097418   4.097911   48.97358  -16.45374     5.7252     5.6404          6  0.000e+00
   1495.292      35888     93.595    12.3512    12.3514   4.097412   4.097904   48.97358  -16.45374     5.7219     5.6402          6  0.000e+00
   1495.333      35889     93.500    12.3509    12.3512   4.097405   4.097917   48.97358  -16.45374     5.7218     5.6365          6  0.000e+00
   1495.375      35890     93.595    12.3511    12.3512   4.097432   4.097904   48.97358  -16.45374     5.7255     5.6397          6  0.000e+00
   1495.417      35891     93.501    12.3511    12.3512   4.097445   4.097943   48.97358  -16.45374     5.7297     5.6396          6  0.000e+00
   1495.458      35892     93.501    12.3512    12.3512   4.097438   4.097930   48.97358  -16.45374     5.7308     5.6359          6  0.000e+00
   1495.500      35893     93.595    12.3512    12.3511   4.097438   4.097904   48.97358  -16.45374     5.7289     5.6354          6  0.000e+00
   1495.542      35894     93.595    12.3512    12.3515   4.097418   4.097891   48.97358  -16.45374     5.7267     5.6347          6  0.000e+00
   1495.583      35895     93.595    12.3514    12.3511   4.097432   4.097911   48.97358  -16.45374     5.7276     5.6344          6  0.000e+00
   1495.625      35896     93.393    12.3512    12.3513   4.097438   4.097878   48.97358  -16.45374     5.7217     5.6372          6  0.000e+00
   1495.667      35897     93.703    12.3514    12.3512   4.097419   4.097937   48.97358  -16.45374     5.7258     5.6374          6  0.000e+00
   1495.708      35898     93.393    12.3512    12.3512   4.097465   4.097930   48.97358  -16.45374     5.7231     5.6336          6  0.000e+00
   1495.750      35899     93.595    12.3512    12.3513   4.097445   4.097963   48.97358  -16.45374     5.7275     5.6335          6  0.000e+00
   1495.792      35900     93.501    12.3512    12.3514   4.097418   4.097911   48.97358  -16.45374     5.7322     5.6332          6  0.000e+00
   1495.833      35901     93.393    12.3512    12.3512   4.097412   4.097924   48.97358  -16.45374     5.7370     5.6330          6  0.000e+00
   1495.875      35902     93.595    12.3512    12.3512   4.097432   4.097897   48.97358  -16.45374     5.7386     5.6365          6  0.000e+00
   1495.917      35903     93.501    12.3511    12.3511   4.097465   4.097891   48.97358  -16.45374     5.7364     5.6330          6  0.000e+00
   1495.958      35904     93.393    12.3512    12.3513   4.097425   4.097897   48.97358  -16.45374     5.7371     5.6364          6  0.000e+00
   1496.000      35905     93.703    12.3511    12.3514   4.097412   4.097891   48.97358  -16.45374     5.7415     5.6368          6  0.000e+00
   1496.042      35906     93.204    12.3507    12.3511   4.097379   4.097910   48.97358  -16.45374     5.7453     5.6367          6  0.000e+00
   1496.083      35907     93.595    12.3509    12.3513   4.097372   4.097878   48.97358  -16.45374     5.7430     5.6336          6  0.000e+00
   1496.125      35908     93.501    12.3505    12.3512   4.097379   4.097904   48.97358  -16.45374     5.7398     5.6371          6  0.000e+00
   1496.167      35909     93.595    12.3505    12.3511   4.097399   4.097878   48.97358  -16.45374     5.7362     5.6374          6  0.000e+00
   1496.208      35910     93.393    12.3503    12.3513   4.097405   4.097851   48.97358  -16.45374     5.7321     5.6375          6  0.000e+00
   1496.250      35911     93.501    12.3502    12.3511   4.097385   4.097851   48.97358  -16.45374     5.7280     5.6379          6  0.000e+00
   1496.292      35912     93.501    12.3502    12.3510   4.097346   4.097858   48.97358  -16.45374     5.7267     5.6382          6  0.000e+00
   1496.333      35913     93.393    12.3505    12.3511   4.097332   4.097884   48.97358  -16.45374     5.7351     5.6421          6  0.000e+00
   1496.375      35914     93.501    12.3505    12.3509   4.097392   4.097891   48.97358  -16.45374     5.7414     5.6392          6  0.000e+00
   1496.417      35915     93.298    12.3502    12.3512   4.097352   4.097871   48.97358  -16.45374     5.7411     5.6394          6  0.000e+00
   1496.458      35916     93.595    12.3505    12.3511   4.097359   4.097904   48.97358  -16.45374     5.7441     5.6399          6  0.000e+00
   1510.542      36254     93.396    12.3499    12.3508   4.097312   4.097832   48.97358  -16.45374     5.7347     5.6430          7  0.000e+00
   1510.583      36255     93.301    12.3499    12.3509   4.097299   4.097845   48.97358  -16.45374     5.7318     5.6393          7  0.000e+00
   1510.625      36256     93.706    12.3497    12.3509   4.097299   4.097904   48.97358  -16.45374     5.7290     5.6429          7  0.000e+00
   1510.667      36257     93.396    12.3499    12.3506   4.097279   4.097878   48.97358  -16.45374     5.7255     5.6464          7  0.000e+00
   1510.708      36258     93.504    12.3498    12.3509   4.097346   4.097851   48.97358  -16.45374     5.7254     5.6433          7  0.000e+00
   1510.750      36259     93.504    12.3496    12.3508   4.097293   4.097851   48.97358  -16.45374     5.7253     5.6433          7  0.000e+00
   1510.792      36260     93.598    12.3499    12.3505   4.097293   4.097832   48.97358  -16.45374     5.7216     5.6435          7  0.000e+00
   1510.833      36261     93.396    12.3499    12.3507   4.097299   4.097871   48.97358  -16.45374     5.7209     5.6434          7  0.000e+00
   1510.875      36262     93.396    12.3497    12.3510   4.097299   4.097858   48.97358  -16.45374     5.7239     5.6434          7  0.000e+00
   1510.917      36263     93.598    12.3496    12.3505   4.097306   4.097858   48.97358  -16.45374     5.7205     5.6436          7  0.000e+00
   1510.958      36264     93.504    12.3497    12.3509   4.097306   4.097884   48.97358  -16.45374     5.7168     5.6436          7  0.000e+00
   1511.000      36265     93.504    12.3494    12.3510   4.097299   4.097871   48.97358  -16.45374     5.7164     5.6400          7  0.000e+00
   1511.042      36266     93.504    12.3496    12.3507   4.097279   4.097884   48.97358  -16.45374     5.7158     5.6395          7  0.000e+00
   1511.083      36267     93.504    12.3497    12.3508   4.097293   4.097891   48.97358  -16.45374     5.7154     5.6425          7  0.000e+00
   1511.125      36268     93.598    12.3497    12.3509   4.097326   4.097871   48.97358  -16.45374     5.7186     5.6386          7  0.000e+00
   1511.167      36269     93.396    12.3497    12.3507   4.097286   4.097851   48.97358  -16.45374     5.7190     5.6418          7  0.000e+00
   1511.208      36270     93.598    12.3497    12.3506   4.097273   4.097851   48.97358  -16.45374     5.7264     5.6421          7  0.000e+00
   1511.250      36271     93.504    12.3499    12.3507   4.097259   4.097858   48.97358  -16.45374     5.7277     5.6420          7  0.000e+00
   1511.292      36272     93.504    12.3497    12.3509   4.097293   4.097851   48.97358  -16.45374     5.7255     5.6421          7  0.000e+00
   1511.333      36273     93.504    12.3497    12.3506   4.097326   4.097832   48.97358  -16.45374     5.7260     5.6386          7  0.000e+00
   1511.375      36274     93.504    12.3499    12.3507   4.097259   4.097819   48.97358  -16.45374     5.7262     5.6419          7  0.000e+00
   1511.417      36275     93.396    12.3497    12.3506   4.097279   4.097838   48.97358  -16.45374     5.7264     5.6419          7  0.000e+00
   1511.458      36276     93.598    12.3499    12.3509   4.097326   4.097858   48.97358  -16.45374     5.7263     5.6385          7  0.000e+00
   1511.500      36277     93.598    12.3499    12.3507   4.097312   4.097851   48.97358  -16.45374     5.7227     5.6418          7  0.000e+00
   1511.542      36278     93.301    12.3499    12.3508   4.097299   4.097851   48.97358  -16.45374     5.7189     5.6417          7  0.000e+00
   1511.583      36279     93.504    12.3499    12.3507   4.097279   4.097832   48.97358  -16.45374     5.7155     5.6419          7  0.000e+00
   1511.625      36280     93.598    12.3497    12.3505   4.097293   4.097871   48.97358  -16.45374     5.7225     5.6385          7  0.000e+00
   1511.667      36281     93.504    12.3493    12.3504   4.097266   4.097832   48.97358  -16.45374     5.7234     5.6382          7  0.000e+00
   1511.708      36282     93.396    12.3494    12.3507   4.097266   4.097878   48.97358  -16.45374     5.7241     5.6415          7  0.000e+00
   1511.750      36283     93.598    12.3494    12.3508   4.097293   4.097838   48.97358  -16.45374     5.7281     5.6418          7  0.000e+00
   1511.792      36284     93.504    12.3493    12.3507   4.097306   4.097825   48.97358  -16.45374     5.7286     5.6415          7  0.000e+00
   1511.833      36285     93.504    12.3494    12.3505   4.097246   4.097845   48.97358  -16.45374     5.7222     5.6416          7  0.000e+00
   1511.875      36286     93.301    12.3493    12.3508   4.097226   4.097851   48.97358  -16.45374     5.7220     5.6415          7  0.000e+00
   1511.917      36287     93.598    12.3493    12.3507   4.097233   4.097858   48.97358  -16.45374     5.7154     5.6418          7  0.000e+00
   1511.958      36288     93.396    12.3491    12.3507   4.097253   4.097851   48.97358  -16.45374     5.7147     5.6418          7  0.000e+00
   1512.000      36289     93.504    12.3489    12.3508   4.097213   4.097851   48.97358  -16.45374     5.7143     5.6419          7  0.000e+00
   1512.042      36290     93.396    12.3491    12.3507   4.097167   4.097832   48.97358  -16.45374     5.7135     5.6419          7  0.000e+00
   1512.083      36291     93.301    12.3489    12.3506   4.097213   4.097845   48.97358  -16.45374     5.7128     5.6420          7  0.000e+00
   1512.125      36292     93.504    12.3490    12.3509   4.097253   4.097825   48.97358  -16.45374     5.7154     5.6422          7  0.000e+00
