Data_example/SBE_Data_Processed/JC231/SeaBird/Data/Processed/JC231_CTD_008cfaldb.cnv
* Sea-Bird SBE 9 Data File:
* FileName = C:\Users\sandm\Documents\Cruises\JC231\CTD Data\CTD Raw Data\JC231_CTD_008.hex
* Software Version Seasave V 7.26.7.121
* Temperature SN = 5700
* Conductivity SN = 2164
* Number of Bytes Per Scan = 41
* Number of Voltage Words = 4
* Number of Scans Averaged by the Deck Unit = 1
* NMEA Latitude = 49 00.50 N
* NMEA Longitude = 016 28.70 W
* NMEA UTC (Time) = May 13 2022  11:46:15
* NMEA baud rate = 9600
** Ship: RRS James Cook
** Cruise: JC231
** Cast: 008
** Event:
** Station:
** Julian Day: 133
** Time (GMT): 11:22
** Latitude: 49 0.538 ' N
** Longitude: 16 28.747' W
** Depth (uncorrected m): 4810m
** Principal Scientist: Dr Susan Hartman
** Operator:  TP / JG
# nquan = 15
# nvalues = 9816                        
# units = specified
# name 0 = timeS: Time, Elapsed [seconds]
# name 1 = scan: Scan Count
# name 2 = prDM: Pressure, Digiquartz [db]
# name 3 = t090C: Temperature [ITS-90, deg C]
# name 4 = t190C: Temperature, 2 [ITS-90, deg C]
# name 5 = c0S/m: Conductivity [S/m]
# name 6 = c1S/m: Conductivity, 2 [S/m]
# name 7 = latitude: Latitude [deg]
# name 8 = longitude: Longitude [deg]
# name 9 = sbeox0ML/L: Oxygen, SBE 43 [ml/l]
# name 10 = sbeox1ML/L: Oxygen, SBE 43, 2 [ml/l]
# name 11 = depSM: Depth [salt water, m], lat = 49.0083
# name 12 = sal00: Salinity, Practical [PSU]
# name 13 = sal11: Salinity, Practical, 2 [PSU]
# name 14 = flag: flag
# span 0 =    -18.124,  12756.750       
# span 1 =       -434,     306163       
# span 2 =      1.000,   4922.000       
# span 3 =     2.5365,    14.1141       
# span 4 =     2.5380,    14.1212       
# span 5 =   3.272130,   4.271179       
# span 6 =   3.272735,   4.272195       
# span 7 =   48.99701,   49.00834       
# span 8 =  -16.47980,  -16.47607       
# span 9 =     4.2270,     6.0534       
# span 10 =     4.2506,     6.1318      
# span 11 =      0.992,   4824.669      
# span 12 =    34.9030,    35.6850      
# span 13 =    34.9084,    35.6884      
# span 14 = 0.0000e+00, 0.0000e+00      
# interval = decibars: 1                
# start_time = May 13 2022 11:46:16 [System UTC, first data scan.]
# bad_flag = -9.990e-29
*END*
[from data line 5784]
   6851.721     164442   4033.000     2.5442     2.5458   3.281286   3.281851   49.00798  -16.47972     5.2744     5.4079   3961.158    34.9120    34.9170 0.0000e+00
   6852.717     164466   4032.000     2.5442     2.5459   3.281259   3.281818   49.00798  -16.47972     5.2751     5.4070   3960.185    34.9120    34.9169 0.0000e+00
   6853.697     164490   4031.000     2.5443     2.5459   3.281231   3.281788   49.00798  -16.47973     5.2775     5.4073   3959.212    34.9120    34.9170 0.0000e+00
   6854.658     164513   4030.000     2.5443     2.5459   3.281200   3.281753   49.00798  -16.47973     5.2771     5.4073   3958.239    34.9121    34.9170 0.0000e+00
   6855.607     164536   4029.000     2.5443     2.5459   3.281167   3.281714   49.00798  -16.47974     5.2768     5.4053   3957.266    34.9121    34.9170 0.0000e+00
   6856.551     164558   4028.000     2.5443     2.5458   3.281132   3.281675   49.00798  -16.47974     5.2779     5.4056   3956.292    34.9121    34.9170 0.0000e+00
   6857.499     164581   4027.000     2.5443     2.5458   3.281095   3.281638   49.00798  -16.47974     5.2771     5.4056   3955.319    34.9121    34.9170 0.0000e+00
   6858.461     164604   4026.000     2.5442     2.5457   3.281058   3.281603   49.00798  -16.47973     5.2768     5.4052   3954.346    34.9121    34.9171 0.0000e+00
   6859.444     164628   4025.000     2.5442     2.5457   3.281020   3.281569   49.00798  -16.47972     5.2766     5.4070   3953.373    34.9121    34.9171 0.0000e+00
   6860.452     164652   4024.000     2.5441     2.5458   3.280984   3.281539   49.00798  -16.47972     5.2783     5.4073   3952.399    34.9122    34.9170 0.0000e+00
   6861.471     164676   4023.000     2.5441     2.5459   3.280949   3.281515   49.00798  -16.47972     5.2755     5.4046   3951.426    34.9122    34.9170 0.0000e+00
   6862.474     164700   4022.000     2.5442     2.5462   3.280917   3.281499   49.00798  -16.47972     5.2741     5.4065   3950.453    34.9121    34.9170 0.0000e+00
   6863.444     164724   4021.000     2.5444     2.5465   3.280895   3.281491   49.00798  -16.47973     5.2736     5.4075   3949.480    34.9121    34.9170 0.0000e+00
   6864.379     164746   4020.000     2.5446     2.5466   3.280882   3.281477   49.00798  -16.47974     5.2726     5.4065   3948.506    34.9121    34.9170 0.0000e+00
   6865.294     164768   4019.000     2.5448     2.5467   3.280869   3.281452   49.00798  -16.47974     5.2721     5.4060   3947.533    34.9121    34.9171 0.0000e+00
   6866.208     164790   4018.000     2.5450     2.5468   3.280851   3.281421   49.00798  -16.47973     5.2720     5.4045   3946.560    34.9122    34.9170 0.0000e+00
   6867.144     164812   4017.000     2.5451     2.5468   3.280826   3.281388   49.00798  -16.47972     5.2735     5.4041   3945.586    34.9122    34.9171 0.0000e+00
   6868.119     164836   4016.000     2.5451     2.5467   3.280799   3.281351   49.00798  -16.47972     5.2749     5.4050   3944.613    34.9122    34.9171 0.0000e+00
   6869.130     164860   4015.000     2.5451     2.5468   3.280767   3.281322   49.00798  -16.47972     5.2748     5.4075   3943.640    34.9123    34.9171 0.0000e+00
   6870.165     164885   4014.000     2.5451     2.5470   3.280734   3.281302   49.00798  -16.47972     5.2756     5.4051   3942.667    34.9123    34.9171 0.0000e+00
   6871.200     164910   4013.000     2.5451     2.5472   3.280702   3.281287   49.00798  -16.47972     5.2746     5.4044   3941.693    34.9123    34.9171 0.0000e+00
   6872.203     164934   4012.000     2.5453     2.5474   3.280681   3.281275   49.00798  -16.47972     5.2758     5.4085   3940.720    34.9122    34.9171 0.0000e+00
   6873.163     164957   4011.000     2.5456     2.5478   3.280675   3.281272   49.00798  -16.47972     5.2780     5.4075   3939.747    34.9123    34.9171 0.0000e+00
   6874.087     164979   4010.000     2.5459     2.5482   3.280670   3.281277   49.00798  -16.47972     5.2793     5.4053   3938.773    34.9123    34.9172 0.0000e+00
   6874.995     165001   4009.000     2.5463     2.5484   3.280669   3.281273   49.00798  -16.47972     5.2796     5.4052   3937.800    34.9123    34.9173 0.0000e+00
   6875.912     165023   4008.000     2.5465     2.5485   3.280663   3.281251   49.00798  -16.47972     5.2798     5.4046   3936.827    34.9124    34.9174 0.0000e+00
   6876.857     165046   4007.000     2.5467     2.5486   3.280645   3.281223   49.00798  -16.47972     5.2797     5.4048   3935.853    34.9125    34.9173 0.0000e+00
   6877.837     165069   4006.000     2.5467     2.5488   3.280622   3.281208   49.00798  -16.47972     5.2801     5.4049   3934.880    34.9126    34.9173 0.0000e+00
   6878.845     165093   4005.000     2.5468     2.5490   3.280596   3.281196   49.00798  -16.47972     5.2809     5.4067   3933.907    34.9126    34.9174 0.0000e+00
   6879.860     165118   4004.000     2.5470     2.5490   3.280573   3.281170   49.00798  -16.47972     5.2822     5.4087   3932.933    34.9125    34.9175 0.0000e+00
   6880.867     165142   4003.000     2.5471     2.5490   3.280557   3.281135   49.00798  -16.47972     5.2820     5.4064   3931.960    34.9126    34.9175 0.0000e+00
   6881.862     165166   4002.000     2.5472     2.5489   3.280538   3.281096   49.00798  -16.47972     5.2827     5.4047   3930.987    34.9127    34.9175 0.0000e+00
   6882.842     165189   4001.000     2.5473     2.5489   3.280508   3.281055   49.00798  -16.47972     5.2804     5.4048   3930.013    34.9126    34.9175 0.0000e+00
   6883.810     165212   4000.000     2.5473     2.5489   3.280477   3.281019   49.00798  -16.47972     5.2793     5.4062   3929.040    34.9127    34.9175 0.0000e+00
   6884.764     165235   3999.000     2.5473     2.5490   3.280444   3.280989   49.00798  -16.47972     5.2809     5.4058   3928.067    34.9127    34.9174 0.0000e+00
   6885.703     165258   3998.000     2.5474     2.5491   3.280413   3.280968   49.00798  -16.47972     5.2803     5.4045   3927.093    34.9127    34.9174 0.0000e+00
   6886.632     165280   3997.000     2.5474     2.5493   3.280387   3.280949   49.00798  -16.47972     5.2786     5.4047   3926.120    34.9127    34.9174 0.0000e+00
   6887.563     165303   3996.000     2.5475     2.5495   3.280361   3.280932   49.00798  -16.47972     5.2784     5.4056   3925.147    34.9127    34.9175 0.0000e+00
   6888.520     165325   3995.000     2.5477     2.5496   3.280338   3.280910   49.00798  -16.47972     5.2783     5.4071   3924.173    34.9127    34.9175 0.0000e+00
   6889.521     165349   3994.000     2.5479     2.5497   3.280322   3.280883   49.00798  -16.47971     5.2780     5.4065   3923.200    34.9127    34.9175 0.0000e+00
   6890.575     165375   3993.000     2.5480     2.5497   3.280304   3.280857   49.00797  -16.47970     5.2777     5.4061   3922.227    34.9128    34.9176 0.0000e+00
   6891.656     165401   3992.000     2.5480     2.5497   3.280276   3.280827   49.00796  -16.47970     5.2777     5.4063   3921.253    34.9129    34.9176 0.0000e+00
   6892.722     165426   3991.000     2.5480     2.5497   3.280243   3.280792   49.00797  -16.47970     5.2791     5.4072   3920.280    34.9129    34.9176 0.0000e+00
   6893.731     165451   3990.000     2.5480     2.5497   3.280206   3.280756   49.00797  -16.47970     5.2796     5.4071   3919.306    34.9128    34.9176 0.0000e+00
   6894.679     165473   3989.000     2.5480     2.5498   3.280169   3.280729   49.00798  -16.47970     5.2797     5.4061   3918.333    34.9128    34.9176 0.0000e+00
   6895.596     165495   3988.000     2.5480     2.5501   3.280137   3.280712   49.00798  -16.47971     5.2789     5.4068   3917.360    34.9128    34.9176 0.0000e+00
   6896.508     165517   3987.000     2.5482     2.5504   3.280114   3.280710   49.00798  -16.47971     5.2779     5.4079   3916.386    34.9128    34.9176 0.0000e+00
   6897.440     165540   3986.000     2.5485     2.5506   3.280105   3.280700   49.00798  -16.47971     5.2790     5.4089   3915.413    34.9127    34.9177 0.0000e+00
   6898.405     165563   3985.000     2.5488     2.5507   3.280097   3.280679   49.00798  -16.47970     5.2822     5.4109   3914.439    34.9128    34.9177 0.0000e+00
   6899.402     165587   3984.000     2.5489     2.5508   3.280082   3.280655   49.00798  -16.47970     5.2829     5.4119   3913.466    34.9129    34.9178 0.0000e+00
   6900.423     165611   3983.000     2.5491     2.5509   3.280061   3.280633   49.00797  -16.47970     5.2850     5.4098   3912.492    34.9129    34.9178 0.0000e+00
   6901.452     165636   3982.000     2.5492     2.5511   3.280040   3.280615   49.00796  -16.47970     5.2864     5.4095   3911.519    34.9130    34.9178 0.0000e+00
   6902.469     165660   3981.000     2.5494     2.5515   3.280026   3.280609   49.00796  -16.47970     5.2842     5.4078   3910.546    34.9130    34.9178 0.0000e+00
   6903.462     165684   3980.000     2.5497     2.5517   3.280018   3.280602   49.00797  -16.47970     5.2827     5.4057   3909.572    34.9130    34.9179 0.0000e+00
   6904.419     165707   3979.000     2.5499     2.5517   3.280006   3.280573   49.00798  -16.47970     5.2825     5.4073   3908.599    34.9131    34.9179 0.0000e+00
   6905.344     165729   3978.000     2.5500     2.5517   3.279984   3.280538   49.00798  -16.47970     5.2830     5.4100   3907.625    34.9131    34.9179 0.0000e+00
   6906.250     165751   3977.000     2.5500     2.5517   3.279953   3.280504   49.00798  -16.47970     5.2844     5.4114   3906.652    34.9131    34.9179 0.0000e+00
   6907.163     165773   3976.000     2.5500     2.5518   3.279919   3.280476   49.00798  -16.47970     5.2838     5.4107   3905.678    34.9131    34.9179 0.0000e+00
   6908.107     165796   3975.000     2.5500     2.5521   3.279889   3.280461   49.00798  -16.47970     5.2812     5.4087   3904.705    34.9132    34.9179 0.0000e+00
   6909.095     165819   3974.000     2.5501     2.5523   3.279861   3.280456   49.00798  -16.47969     5.2795     5.4078   3903.731    34.9131    34.9180 0.0000e+00
   6910.120     165844   3973.000     2.5502     2.5524   3.279837   3.280438   49.00798  -16.47968     5.2791     5.4071   3902.758    34.9131    34.9180 0.0000e+00
   6911.147     165869   3972.000     2.5504     2.5525   3.279817   3.280413   49.00798  -16.47968     5.2811     5.4079   3901.784    34.9132    34.9180 0.0000e+00
   6912.153     165893   3971.000     2.5505     2.5530   3.279798   3.280412   49.00798  -16.47968     5.2819     5.4072   3900.811    34.9132    34.9179 0.0000e+00
   6913.132     165916   3970.000     2.5509     2.5538   3.279790   3.280442   49.00798  -16.47968     5.2812     5.4083   3899.837    34.9131    34.9179 0.0000e+00
   6914.091     165939   3969.000     2.5515     2.5545   3.279803   3.280475   49.00798  -16.47968     5.2833     5.4104   3898.864    34.9131    34.9180 0.0000e+00
   6915.044     165962   3968.000     2.5521     2.5549   3.279828   3.280489   49.00798  -16.47968     5.2839     5.4088   3897.891    34.9132    34.9181 0.0000e+00
   6916.004     165985   3967.000     2.5526     2.5551   3.279850   3.280483   49.00798  -16.47968     5.2816     5.4076   3896.917    34.9133    34.9183 0.0000e+00
   6916.970     166008   3966.000     2.5530     2.5552   3.279857   3.280467   49.00798  -16.47969     5.2822     5.4082   3895.944    34.9134    34.9183 0.0000e+00
   6917.933     166031   3965.000     2.5533     2.5553   3.279856   3.280442   49.00798  -16.47969     5.2819     5.4092   3894.970    34.9135    34.9184 0.0000e+00
   6918.890     166054   3964.000     2.5535     2.5552   3.279845   3.280405   49.00798  -16.47970     5.2811     5.4099   3893.997    34.9136    34.9184 0.0000e+00
   6919.845     166077   3963.000     2.5535     2.5552   3.279821   3.280365   49.00798  -16.47970     5.2813     5.4093   3893.023    34.9137    34.9184 0.0000e+00
   6920.806     166100   3962.000     2.5535     2.5552   3.279788   3.280332   49.00798  -16.47969     5.2825     5.4089   3892.050    34.9137    34.9184 0.0000e+00
   6921.781     166124   3961.000     2.5535     2.5556   3.279755   3.280320   49.00798  -16.47969     5.2828     5.4107   3891.076    34.9137    34.9182 0.0000e+00
   6922.767     166147   3960.000     2.5537     2.5563   3.279728   3.280342   49.00798  -16.47968     5.2834     5.4126   3890.102    34.9136    34.9182 0.0000e+00
   6923.763     166171   3959.000     2.5541     2.5570   3.279716   3.280378   49.00798  -16.47968     5.2857     5.4128   3889.129    34.9135    34.9183 0.0000e+00
   6924.761     166195   3958.000     2.5547     2.5574   3.279731   3.280396   49.00798  -16.47968     5.2871     5.4115   3888.155    34.9135    34.9185 0.0000e+00
   6925.758     166219   3957.000     2.5553     2.5576   3.279761   3.280390   49.00798  -16.47968     5.2848     5.4123   3887.182    34.9136    34.9187 0.0000e+00
   6926.743     166243   3956.000     2.5557     2.5576   3.279775   3.280359   49.00798  -16.47968     5.2822     5.4111   3886.208    34.9138    34.9187 0.0000e+00
   6927.705     166266   3955.000     2.5558     2.5575   3.279763   3.280321   49.00798  -16.47969     5.2832     5.4105   3885.235    34.9139    34.9188 0.0000e+00
   6928.641     166288   3954.000     2.5558     2.5575   3.279736   3.280283   49.00798  -16.47969     5.2855     5.4105   3884.261    34.9140    34.9187 0.0000e+00
   6929.557     166310   3953.000     2.5558     2.5574   3.279702   3.280246   49.00798  -16.47970     5.2856     5.4108   3883.288    34.9140    34.9188 0.0000e+00
   6930.472     166332   3952.000     2.5557     2.5574   3.279664   3.280211   49.00798  -16.47969     5.2850     5.4123   3882.314    34.9140    34.9188 0.0000e+00
   6931.412     166355   3951.000     2.5556     2.5575   3.279623   3.280182   49.00798  -16.47969     5.2855     5.4089   3881.341    34.9141    34.9187 0.0000e+00
   6932.397     166379   3950.000     2.5557     2.5578   3.279585   3.280165   49.00798  -16.47968     5.2859     5.4090   3880.367    34.9140    34.9186 0.0000e+00
   6933.426     166403   3949.000     2.5557     2.5582   3.279554   3.280170   49.00798  -16.47967     5.2843     5.4092   3879.393    34.9139    34.9187 0.0000e+00
   6934.473     166428   3948.000     2.5560     2.5586   3.279535   3.280171   49.00798  -16.47966     5.2840     5.4091   3878.420    34.9139    34.9188 0.0000e+00
   6935.501     166453   3947.000     2.5563     2.5587   3.279531   3.280161   49.00798  -16.47967     5.2833     5.4088   3877.446    34.9139    34.9189 0.0000e+00
   6936.489     166477   3946.000     2.5567     2.5588   3.279531   3.280135   49.00798  -16.47967     5.2834     5.4083   3876.473    34.9139    34.9189 0.0000e+00
   6937.438     166500   3945.000     2.5569     2.5589   3.279524   3.280106   49.00798  -16.47968     5.2854     5.4086   3875.499    34.9140    34.9189 0.0000e+00
   6938.354     166522   3944.000     2.5571     2.5589   3.279509   3.280081   49.00798  -16.47968     5.2884     5.4098   3874.526    34.9141    34.9190 0.0000e+00
   6939.260     166543   3943.000     2.5571     2.5589   3.279486   3.280048   49.00798  -16.47968     5.2895     5.4098   3873.552    34.9142    34.9190 0.0000e+00
   6940.179     166565   3942.000     2.5571     2.5588   3.279453   3.280011   49.00798  -16.47968     5.2904     5.4104   3872.578    34.9142    34.9191 0.0000e+00
   6941.134     166588   3941.000     2.5572     2.5588   3.279422   3.279974   49.00798  -16.47968     5.2896     5.4122   3871.605    34.9142    34.9191 0.0000e+00
   6942.134     166612   3940.000     2.5572     2.5587   3.279388   3.279937   49.00798  -16.47967     5.2889     5.4128   3870.631    34.9142    34.9191 0.0000e+00
   6943.171     166637   3939.000     2.5571     2.5586   3.279349   3.279892   49.00798  -16.47966     5.2896     5.4103   3869.657    34.9142    34.9191 0.0000e+00
