Data_example/SBE_Data_Processed/JC231/SeaBird/Data/Processed/JC231_CTD_002cfaldb.cnv
* Sea-Bird SBE 9 Data File:
* FileName = C:\Users\sandm\Documents\Cruises\JC231\CTD Data\CTD Raw Data\JC231_CTD_002.hex
* Software Version Seasave V 7.26.7.121
* Temperature SN = 5700
* Conductivity SN = 2164
* Number of Bytes Per Scan = 41
* Number of Voltage Words = 4
* Number of Scans Averaged by the Deck Unit = 1
* NMEA Latitude = 48 58.03 N
* NMEA Longitude = 016 21.45 W
* NMEA UTC (Time) = May 04 2022  10:05:52
* NMEA baud rate = 9600
** Ship: RRS James Cook
** Cruise: JC231
** Cast: 002
** Event:
** Station:
** Julian Day: 124
** Time (GMT): 10:05
** Latitude: 48 58.031' N
** Longitude: 16 21.446'' W
** Depth (uncorrected m): 4808m
** Principal Scientist: Dr Susan Hartman
** Operator:  TP / JG
# nquan = 15
# nvalues = 9823                        
# units = specified
# name 0 = timeS: Time, Elapsed [seconds]
# name 1 = scan: Scan Count
# name 2 = prDM: Pressure, Digiquartz [db]
# name 3 = t090C: Temperature [ITS-90, deg C]
# name 4 = t190C: Temperature, 2 [ITS-90, deg C]
# name 5 = c0S/m: Conductivity [S/m]
# name 6 = c1S/m: Conductivity, 2 [S/m]
# name 7 = latitude: Latitude [deg]
# name 8 = longitude: Longitude [deg]
# name 9 = sbeox0ML/L: Oxygen, SBE 43 [ml/l]
# name 10 = sbeox1ML/L: Oxygen, SBE 43, 2 [ml/l]
# name 11 = depSM: Depth [salt water, m], lat = 48.9672
# name 12 = sal00: Salinity, Practical [PSU]
# name 13 = sal11: Salinity, Practical, 2 [PSU]
# name 14 = flag: flag
# span 0 =    556.629,  15242.215       
# span 1 =      13360,     365814       
# span 2 =      1.000,   4913.000       
# span 3 =     2.5313,    14.3419       
# span 4 =     2.5328,    14.9534       
# span 5 =   3.273353,   4.297760       
# span 6 =   3.273910,   4.343507       
# span 7 =   48.96722,   49.03990       
# span 8 =  -16.38173,  -16.35744       
# span 9 =     3.9795,     6.1667       
# span 10 =     4.2589,     6.2378      
# span 11 =      0.992,   4815.962      
# span 12 =    34.9028,    35.8404      
# span 13 =    34.9080,    35.9321      
# span 14 = 0.0000e+00, 0.0000e+00      
# interval = decibars: 1                
# start_time = May 04 2022 10:05:53 [System UTC, first data scan.]
# bad_flag = -9.990e-29
*END*
[from data line 7422]
  10774.316     258585   2402.000     3.3279     3.3312   3.292760   3.293429   48.96722  -16.35746     5.8834     5.9769   2368.075    34.9391    34.9436 0.0000e+00
  10775.305     258608   2401.000     3.3291     3.3318   3.292844   3.293450   48.96722  -16.35746     5.8823     5.9789   2367.095    34.9393    34.9437 0.0000e+00
  10776.286     258632   2400.000     3.3299     3.3323   3.292895   3.293458   48.96722  -16.35746     5.8776     5.9776   2366.114    34.9395    34.9437 0.0000e+00
  10777.256     258655   2399.000     3.3305     3.3328   3.292921   3.293465   48.96722  -16.35746     5.8754     5.9758   2365.134    34.9397    34.9437 0.0000e+00
  10778.222     258678   2398.000     3.3310     3.3333   3.292931   3.293480   48.96722  -16.35746     5.8731     5.9737   2364.153    34.9397    34.9438 0.0000e+00
  10779.189     258702   2397.000     3.3315     3.3338   3.292934   3.293487   48.96722  -16.35746     5.8715     5.9730   2363.173    34.9397    34.9438 0.0000e+00
  10780.163     258725   2396.000     3.3321     3.3344   3.292946   3.293494   48.96722  -16.35746     5.8737     5.9731   2362.193    34.9397    34.9438 0.0000e+00
  10781.143     258748   2395.000     3.3326     3.3351   3.292958   3.293518   48.96723  -16.35746     5.8758     5.9738   2361.212    34.9397    34.9437 0.0000e+00
  10782.126     258772   2394.000     3.3333     3.3361   3.292972   3.293556   48.96723  -16.35746     5.8755     5.9732   2360.232    34.9397    34.9437 0.0000e+00
  10783.111     258796   2393.000     3.3341     3.3372   3.292999   3.293615   48.96722  -16.35746     5.8766     5.9719   2359.251    34.9397    34.9436 0.0000e+00
  10784.094     258819   2392.000     3.3350     3.3385   3.293045   3.293690   48.96722  -16.35746     5.8780     5.9730   2358.271    34.9396    34.9436 0.0000e+00
  10785.077     258843   2391.000     3.3362     3.3401   3.293103   3.293780   48.96722  -16.35746     5.8740     5.9736   2357.291    34.9396    34.9435 0.0000e+00
  10786.059     258866   2390.000     3.3376     3.3417   3.293177   3.293889   48.96722  -16.35746     5.8728     5.9725   2356.310    34.9394    34.9436 0.0000e+00
  10787.040     258890   2389.000     3.3391     3.3430   3.293274   3.293976   48.96722  -16.35746     5.8735     5.9707   2355.330    34.9394    34.9437 0.0000e+00
  10788.017     258913   2388.000     3.3405     3.3445   3.293364   3.294059   48.96722  -16.35746     5.8734     5.9693   2354.349    34.9395    34.9435 0.0000e+00
  10788.991     258937   2387.000     3.3420     3.3466   3.293451   3.294183   48.96722  -16.35746     5.8741     5.9685   2353.369    34.9395    34.9433 0.0000e+00
  10789.966     258960   2386.000     3.3438     3.3488   3.293559   3.294351   48.96722  -16.35746     5.8748     5.9687   2352.389    34.9393    34.9434 0.0000e+00
  10790.939     258984   2385.000     3.3460     3.3504   3.293699   3.294473   48.96722  -16.35746     5.8753     5.9683   2351.408    34.9391    34.9436 0.0000e+00
  10791.912     259007   2384.000     3.3479     3.3516   3.293844   3.294549   48.96722  -16.35746     5.8754     5.9690   2350.428    34.9393    34.9437 0.0000e+00
  10792.887     259030   2383.000     3.3493     3.3528   3.293949   3.294610   48.96722  -16.35746     5.8748     5.9713   2349.447    34.9395    34.9437 0.0000e+00
  10793.869     259054   2382.000     3.3506     3.3541   3.294025   3.294680   48.96722  -16.35746     5.8725     5.9703   2348.467    34.9396    34.9436 0.0000e+00
  10794.857     259078   2381.000     3.3518     3.3554   3.294095   3.294755   48.96722  -16.35746     5.8720     5.9684   2347.486    34.9396    34.9436 0.0000e+00
  10795.846     259101   2380.000     3.3531     3.3563   3.294174   3.294814   48.96722  -16.35746     5.8722     5.9680   2346.506    34.9396    34.9437 0.0000e+00
  10796.833     259125   2379.000     3.3542     3.3571   3.294241   3.294847   48.96722  -16.35746     5.8734     5.9698   2345.525    34.9397    34.9439 0.0000e+00
  10797.817     259149   2378.000     3.3550     3.3574   3.294286   3.294855   48.96722  -16.35746     5.8744     5.9739   2344.545    34.9398    34.9440 0.0000e+00
  10798.798     259172   2377.000     3.3555     3.3575   3.294302   3.294831   48.96722  -16.35746     5.8747     5.9746   2343.564    34.9399    34.9441 0.0000e+00
  10799.777     259196   2376.000     3.3558     3.3577   3.294292   3.294804   48.96722  -16.35746     5.8790     5.9730   2342.584    34.9400    34.9441 0.0000e+00
  10800.756     259219   2375.000     3.3561     3.3579   3.294278   3.294784   48.96722  -16.35746     5.8781     5.9725   2341.603    34.9400    34.9441 0.0000e+00
  10801.734     259243   2374.000     3.3562     3.3580   3.294258   3.294761   48.96722  -16.35746     5.8766     5.9738   2340.623    34.9401    34.9441 0.0000e+00
  10802.709     259266   2373.000     3.3564     3.3582   3.294235   3.294734   48.96722  -16.35746     5.8796     5.9760   2339.642    34.9400    34.9441 0.0000e+00
  10803.684     259289   2372.000     3.3566     3.3584   3.294212   3.294708   48.96722  -16.35746     5.8812     5.9764   2338.662    34.9400    34.9441 0.0000e+00
  10804.657     259313   2371.000     3.3568     3.3587   3.294191   3.294690   48.96722  -16.35746     5.8803     5.9761   2337.681    34.9400    34.9440 0.0000e+00
  10805.633     259336   2370.000     3.3571     3.3592   3.294176   3.294686   48.96722  -16.35746     5.8787     5.9767   2336.701    34.9400    34.9439 0.0000e+00
  10806.615     259360   2369.000     3.3575     3.3602   3.294164   3.294709   48.96722  -16.35746     5.8779     5.9774   2335.720    34.9399    34.9436 0.0000e+00
  10807.599     259383   2368.000     3.3582     3.3614   3.294170   3.294768   48.96722  -16.35746     5.8779     5.9777   2334.740    34.9397    34.9435 0.0000e+00
  10808.580     259407   2367.000     3.3592     3.3623   3.294202   3.294818   48.96722  -16.35746     5.8767     5.9774   2333.759    34.9395    34.9436 0.0000e+00
  10809.557     259430   2366.000     3.3602     3.3629   3.294253   3.294838   48.96722  -16.35746     5.8763     5.9783   2332.779    34.9395    34.9437 0.0000e+00
  10810.533     259454   2365.000     3.3610     3.3632   3.294289   3.294834   48.96722  -16.35746     5.8792     5.9796   2331.798    34.9396    34.9437 0.0000e+00
  10811.512     259477   2364.000     3.3615     3.3635   3.294300   3.294818   48.96722  -16.35746     5.8798     5.9792   2330.818    34.9397    34.9437 0.0000e+00
  10812.493     259501   2363.000     3.3618     3.3638   3.294294   3.294807   48.96722  -16.35746     5.8783     5.9787   2329.837    34.9397    34.9437 0.0000e+00
  10813.477     259524   2362.000     3.3622     3.3644   3.294282   3.294809   48.96722  -16.35746     5.8769     5.9789   2328.857    34.9396    34.9436 0.0000e+00
  10814.463     259548   2361.000     3.3627     3.3651   3.294279   3.294827   48.96722  -16.35746     5.8790     5.9800   2327.876    34.9395    34.9435 0.0000e+00
  10815.446     259572   2360.000     3.3634     3.3657   3.294293   3.294844   48.96722  -16.35746     5.8813     5.9803   2326.896    34.9394    34.9435 0.0000e+00
  10816.427     259595   2359.000     3.3640     3.3662   3.294306   3.294845   48.96722  -16.35746     5.8807     5.9790   2325.915    34.9394    34.9435 0.0000e+00
  10817.405     259619   2358.000     3.3645     3.3666   3.294311   3.294842   48.96722  -16.35746     5.8793     5.9768   2324.935    34.9395    34.9435 0.0000e+00
  10818.374     259642   2357.000     3.3649     3.3669   3.294310   3.294830   48.96722  -16.35746     5.8805     5.9745   2323.954    34.9395    34.9435 0.0000e+00
  10819.340     259665   2356.000     3.3652     3.3673   3.294302   3.294819   48.96722  -16.35746     5.8831     5.9741   2322.973    34.9395    34.9434 0.0000e+00
  10820.308     259688   2355.000     3.3657     3.3682   3.294296   3.294829   48.96722  -16.35746     5.8838     5.9764   2321.993    34.9394    34.9431 0.0000e+00
  10821.284     259712   2354.000     3.3664     3.3697   3.294303   3.294885   48.96722  -16.35746     5.8829     5.9786   2321.012    34.9392    34.9427 0.0000e+00
  10822.268     259735   2353.000     3.3675     3.3715   3.294336   3.294992   48.96722  -16.35746     5.8847     5.9802   2320.032    34.9389    34.9424 0.0000e+00
  10823.257     259759   2352.000     3.3690     3.3732   3.294408   3.295104   48.96722  -16.35746     5.8859     5.9816   2319.051    34.9386    34.9424 0.0000e+00
  10824.242     259783   2351.000     3.3707     3.3743   3.294504   3.295175   48.96722  -16.35746     5.8869     5.9843   2318.071    34.9385    34.9426 0.0000e+00
  10825.220     259806   2350.000     3.3720     3.3750   3.294592   3.295204   48.96722  -16.35746     5.8892     5.9871   2317.090    34.9386    34.9427 0.0000e+00
  10826.195     259830   2349.000     3.3729     3.3753   3.294639   3.295206   48.96722  -16.35746     5.8900     5.9884   2316.109    34.9387    34.9428 0.0000e+00
  10827.169     259853   2348.000     3.3734     3.3756   3.294658   3.295193   48.96722  -16.35746     5.8881     5.9881   2315.129    34.9388    34.9428 0.0000e+00
  10828.143     259876   2347.000     3.3738     3.3759   3.294657   3.295175   48.96722  -16.35746     5.8864     5.9870   2314.148    34.9388    34.9428 0.0000e+00
  10829.121     259900   2346.000     3.3742     3.3761   3.294645   3.295156   48.96722  -16.35746     5.8870     5.9869   2313.168    34.9388    34.9428 0.0000e+00
  10830.106     259924   2345.000     3.3745     3.3764   3.294632   3.295140   48.96722  -16.35746     5.8889     5.9881   2312.187    34.9388    34.9427 0.0000e+00
  10831.098     259947   2344.000     3.3749     3.3769   3.294623   3.295135   48.96722  -16.35746     5.8900     5.9883   2311.206    34.9387    34.9427 0.0000e+00
  10832.094     259971   2343.000     3.3753     3.3776   3.294617   3.295150   48.96722  -16.35746     5.8898     5.9873   2310.226    34.9387    34.9425 0.0000e+00
  10833.085     259995   2342.000     3.3759     3.3784   3.294620   3.295179   48.96722  -16.35746     5.8898     5.9876   2309.245    34.9385    34.9425 0.0000e+00
  10834.066     260019   2341.000     3.3766     3.3791   3.294639   3.295201   48.96722  -16.35746     5.8891     5.9891   2308.264    34.9385    34.9425 0.0000e+00
  10835.038     260042   2340.000     3.3774     3.3797   3.294660   3.295216   48.96722  -16.35746     5.8887     5.9891   2307.284    34.9384    34.9425 0.0000e+00
  10836.007     260065   2339.000     3.3781     3.3802   3.294685   3.295219   48.96722  -16.35746     5.8875     5.9889   2306.303    34.9384    34.9425 0.0000e+00
  10836.980     260089   2338.000     3.3787     3.3805   3.294707   3.295211   48.96722  -16.35746     5.8877     5.9908   2305.322    34.9384    34.9426 0.0000e+00
  10837.954     260112   2337.000     3.3791     3.3808   3.294707   3.295194   48.96722  -16.35746     5.8895     5.9921   2304.342    34.9385    34.9425 0.0000e+00
  10838.930     260135   2336.000     3.3795     3.3812   3.294698   3.295187   48.96722  -16.35746     5.8922     5.9921   2303.361    34.9385    34.9424 0.0000e+00
  10839.905     260159   2335.000     3.3798     3.3819   3.294686   3.295198   48.96722  -16.35746     5.8919     5.9909   2302.381    34.9385    34.9423 0.0000e+00
  10840.881     260182   2334.000     3.3802     3.3826   3.294680   3.295217   48.96722  -16.35746     5.8922     5.9907   2301.400    34.9384    34.9423 0.0000e+00
  10841.861     260206   2333.000     3.3809     3.3835   3.294687   3.295246   48.96722  -16.35746     5.8932     5.9896   2300.419    34.9383    34.9422 0.0000e+00
  10842.846     260229   2332.000     3.3816     3.3844   3.294706   3.295283   48.96722  -16.35746     5.8931     5.9882   2299.439    34.9383    34.9421 0.0000e+00
  10843.839     260253   2331.000     3.3823     3.3852   3.294731   3.295314   48.96722  -16.35746     5.8941     5.9881   2298.458    34.9382    34.9421 0.0000e+00
  10844.837     260277   2330.000     3.3831     3.3859   3.294758   3.295343   48.96722  -16.35746     5.8941     5.9899   2297.477    34.9382    34.9421 0.0000e+00
  10845.834     260301   2329.000     3.3839     3.3865   3.294787   3.295360   48.96722  -16.35746     5.8954     5.9931   2296.496    34.9381    34.9422 0.0000e+00
  10846.821     260325   2328.000     3.3846     3.3871   3.294814   3.295369   48.96722  -16.35746     5.8972     5.9960   2295.516    34.9382    34.9422 0.0000e+00
  10847.794     260348   2327.000     3.3853     3.3876   3.294830   3.295379   48.96722  -16.35746     5.8964     5.9965   2294.535    34.9382    34.9422 0.0000e+00
  10848.756     260371   2326.000     3.3859     3.3883   3.294843   3.295387   48.96722  -16.35746     5.8931     5.9964   2293.554    34.9381    34.9421 0.0000e+00
  10849.713     260394   2325.000     3.3865     3.3891   3.294857   3.295411   48.96722  -16.35746     5.8911     5.9973   2292.574    34.9381    34.9419 0.0000e+00
  10850.672     260417   2324.000     3.3874     3.3901   3.294881   3.295455   48.96722  -16.35746     5.8921     5.9977   2291.593    34.9380    34.9419 0.0000e+00
  10851.639     260440   2323.000     3.3883     3.3908   3.294915   3.295487   48.96722  -16.35746     5.8949     5.9975   2290.612    34.9379    34.9420 0.0000e+00
  10852.617     260464   2322.000     3.3890     3.3911   3.294945   3.295492   48.96722  -16.35746     5.8971     5.9980   2289.631    34.9379    34.9422 0.0000e+00
  10853.607     260488   2321.000     3.3894     3.3913   3.294951   3.295472   48.96722  -16.35746     5.8986     5.9978   2288.651    34.9380    34.9422 0.0000e+00
  10854.608     260512   2320.000     3.3897     3.3914   3.294942   3.295446   48.96722  -16.35746     5.9003     5.9971   2287.670    34.9381    34.9422 0.0000e+00
  10855.607     260536   2319.000     3.3899     3.3917   3.294926   3.295420   48.96722  -16.35746     5.9013     5.9982   2286.689    34.9382    34.9421 0.0000e+00
  10856.600     260559   2318.000     3.3902     3.3925   3.294906   3.295428   48.96722  -16.35746     5.9012     5.9982   2285.709    34.9381    34.9419 0.0000e+00
  10857.585     260583   2317.000     3.3907     3.3935   3.294902   3.295475   48.96722  -16.35746     5.8999     5.9976   2284.728    34.9379    34.9418 0.0000e+00
  10858.563     260607   2316.000     3.3917     3.3945   3.294933   3.295528   48.96722  -16.35746     5.8989     5.9958   2283.747    34.9378    34.9418 0.0000e+00
  10859.541     260630   2315.000     3.3926     3.3956   3.294978   3.295581   48.96722  -16.35746     5.8990     5.9946   2282.766    34.9378    34.9418 0.0000e+00
  10860.520     260653   2314.000     3.3936     3.3966   3.295023   3.295640   48.96722  -16.35746     5.9006     5.9954   2281.786    34.9378    34.9418 0.0000e+00
  10861.498     260677   2313.000     3.3946     3.3975   3.295072   3.295687   48.96722  -16.35746     5.9018     5.9955   2280.805    34.9378    34.9419 0.0000e+00
  10862.471     260700   2312.000     3.3955     3.3984   3.295117   3.295721   48.96722  -16.35746     5.9017     5.9954   2279.824    34.9377    34.9419 0.0000e+00
  10863.439     260724   2311.000     3.3965     3.3994   3.295159   3.295756   48.96722  -16.35746     5.9031     5.9952   2278.843    34.9377    34.9418 0.0000e+00
  10864.411     260747   2310.000     3.3974     3.4007   3.295202   3.295823   48.96722  -16.35746     5.9025     5.9945   2277.863    34.9377    34.9416 0.0000e+00
  10865.388     260770   2309.000     3.3986     3.4022   3.295256   3.295912   48.96722  -16.35746     5.9005     5.9945   2276.882    34.9376    34.9416 0.0000e+00
  10866.372     260794   2308.000     3.4000     3.4042   3.295336   3.296036   48.96722  -16.35746     5.8978     5.9953   2275.901    34.9375    34.9413 0.0000e+00
  10867.364     260818   2307.000     3.4019     3.4066   3.295445   3.296203   48.96722  -16.35746     5.8973     5.9966   2274.920    34.9373    34.9413 0.0000e+00
