Data_example/SBE_Data_Processed/JC231/SeaBird/Data/Processed/JC231_CTD_001cfaldb.cnv
* Sea-Bird SBE 9 Data File:
* FileName = C:\Users\sandm\Documents\Cruises\JC231\CTD Data\CTD Raw Data\JC231_CTD_001.hex
* Software Version Seasave V 7.26.7.121
* Temperature SN = 5700
* Conductivity SN = 2164
* Number of Bytes Per Scan = 41
* Number of Voltage Words = 4
* Number of Scans Averaged by the Deck Unit = 1
* NMEA Latitude = 48 33.24 N
* NMEA Longitude = 009 55.75 W
* NMEA UTC (Time) = May 02 2022  18:08:10
* NMEA baud rate = 9600
** Ship: RRS James Cook
** Cruise: JC231
** Cast: 001
** Event:
** Station: 001
** Julian Day: 122
** Time (GMT): 18:05
** Latitude: 48 33.239' N
** Longitude: 009 55.746' W
** Depth (uncorrected m): 1900m
** Principal Scientist: Dr Susan Hartman
** Operator:  TP / JG
# nquan = 15
# nvalues = 3755                        
# units = specified
# name 0 = timeS: Time, Elapsed [seconds]
# name 1 = scan: Scan Count
# name 2 = prDM: Pressure, Digiquartz [db]
# name 3 = t090C: Temperature [ITS-90, deg C]
# name 4 = t190C: Temperature, 2 [ITS-90, deg C]
# name 5 = c0S/m: Conductivity [S/m]
# name 6 = c1S/m: Conductivity, 2 [S/m]
# name 7 = latitude: Latitude [deg]
# name 8 = longitude: Longitude [deg]
# name 9 = sbeox0ML/L: Oxygen, SBE 43 [ml/l]
# name 10 = sbeox1ML/L: Oxygen, SBE 43, 2 [ml/l]
# name 11 = depSM: Depth [salt water, m], lat = 48.554
# name 12 = sal00: Salinity, Practical [PSU]
# name 13 = sal11: Salinity, Practical, 2 [PSU]
# name 14 = flag: flag
# span 0 =    253.451,   7787.755       
# span 1 =       6084,     186907       
# span 2 =      1.000,   1878.000       
# span 3 =     4.2936,    14.4658       
# span 4 =     4.2973,    13.9151       
# span 5 =   3.369016,   4.312767       
# span 6 =   3.369838,   4.296226       
# span 7 =   48.55398,   48.55400       
# span 8 =   -9.92912,   -9.92908       
# span 9 =     4.0282,     6.0667       
# span 10 =     4.2167,     6.2027      
# span 11 =      0.992,   1853.816      
# span 12 =    34.1387,    36.4663      
# span 13 =    33.6476,    36.3507      
# span 14 = 0.0000e+00, 0.0000e+00      
# interval = decibars: 1                
# start_time = May 02 2022 18:08:11 [System UTC, first data scan.]
# bad_flag = -9.990e-29
*END*
[from data line 3181]
   5897.270     141535    574.000    10.3539    10.3594   3.917643   3.918551   48.55398   -9.92910     4.5002     4.5665    568.366    35.5011    35.5049 0.0000e+00
   5898.241     141559    573.000    10.3571    10.3622   3.917811   3.918720   48.55398   -9.92910     4.5009     4.5748    567.378    35.5001    35.5044 0.0000e+00
   5899.211     141582    572.000    10.3600    10.3636   3.917975   3.918767   48.55398   -9.92910     4.5046     4.5805    566.389    35.4994    35.5039 0.0000e+00
   5900.191     141606    571.000    10.3618    10.3649   3.918068   3.918749   48.55398   -9.92910     4.5094     4.5843    565.400    35.4990    35.5029 0.0000e+00
   5901.180     141629    570.000    10.3631    10.3664   3.918079   3.918739   48.55398   -9.92910     4.5140     4.5868    564.411    35.4983    35.5018 0.0000e+00
   5902.171     141653    569.000    10.3643    10.3680   3.918068   3.918763   48.55398   -9.92910     4.5190     4.5891    563.422    35.4974    35.5009 0.0000e+00
   5903.161     141677    568.000    10.3657    10.3698   3.918065   3.918824   48.55398   -9.92910     4.5227     4.5934    562.433    35.4965    35.5002 0.0000e+00
   5904.151     141701    567.000    10.3675    10.3731   3.918100   3.919007   48.55398   -9.92910     4.5268     4.5975    561.444    35.4956    35.4993 0.0000e+00
   5905.146     141724    566.000    10.3702    10.3776   3.918222   3.919335   48.55398   -9.92910     4.5308     4.6002    560.456    35.4946    35.4987 0.0000e+00
   5906.146     141749    565.000    10.3747    10.3830   3.918527   3.919865   48.55398   -9.92910     4.5324     4.6041    559.467    35.4938    35.4993 0.0000e+00
   5907.144     141772    564.000    10.3799    10.3856   3.918995   3.920210   48.55398   -9.92910     4.5353     4.6072    558.478    35.4939    35.5007 0.0000e+00
   5908.134     141796    563.000    10.3839    10.3870   3.919442   3.920350   48.55398   -9.92910     4.5381     4.6072    557.489    35.4950    35.5012 0.0000e+00
   5909.113     141820    562.000    10.3859    10.3877   3.919689   3.920434   48.55398   -9.92910     4.5393     4.6076    556.500    35.4960    35.5017 0.0000e+00
   5910.084     141843    561.000    10.3865    10.3875   3.919764   3.920420   48.55398   -9.92910     4.5393     4.6082    555.511    35.4966    35.5022 0.0000e+00
   5911.056     141866    560.000    10.3865    10.3866   3.919739   3.920293   48.55398   -9.92910     4.5386     4.6068    554.522    35.4968    35.5023 0.0000e+00
   5912.039     141890    559.000    10.3862    10.3860   3.919672   3.920152   48.55398   -9.92910     4.5389     4.6064    553.533    35.4968    35.5019 0.0000e+00
   5913.032     141914    558.000    10.3862    10.3865   3.919611   3.920115   48.55398   -9.92910     4.5382     4.6064    552.545    35.4967    35.5016 0.0000e+00
   5914.035     141938    557.000    10.3863    10.3872   3.919577   3.920161   48.55398   -9.92911     4.5395     4.6058    551.556    35.4967    35.5017 0.0000e+00
   5915.042     141962    556.000    10.3867    10.3879   3.919565   3.920202   48.55398   -9.92912     4.5401     4.6054    550.567    35.4967    35.5019 0.0000e+00
   5916.040     141986    555.000    10.3874    10.3891   3.919591   3.920269   48.55398   -9.92912     4.5398     4.6070    549.578    35.4966    35.5019 0.0000e+00
   5917.028     142010    554.000    10.3885    10.3900   3.919662   3.920361   48.55398   -9.92911     4.5401     4.6115    548.589    35.4968    35.5023 0.0000e+00
   5918.011     142033    553.000    10.3895    10.3906   3.919746   3.920403   48.55398   -9.92910     4.5406     4.6143    547.600    35.4971    35.5026 0.0000e+00
   5918.992     142057    552.000    10.3903    10.3910   3.919808   3.920413   48.55398   -9.92910     4.5418     4.6125    546.611    35.4974    35.5028 0.0000e+00
   5919.975     142080    551.000    10.3907    10.3916   3.919835   3.920419   48.55398   -9.92910     4.5433     4.6101    545.622    35.4977    35.5028 0.0000e+00
   5920.962     142104    550.000    10.3910    10.3925   3.919828   3.920464   48.55398   -9.92910     4.5451     4.6125    544.633    35.4978    35.5028 0.0000e+00
   5921.947     142128    549.000    10.3914    10.3932   3.919817   3.920520   48.55398   -9.92910     4.5464     4.6168    543.644    35.4977    35.5031 0.0000e+00
   5922.931     142151    548.000    10.3921    10.3935   3.919839   3.920527   48.55398   -9.92910     4.5461     4.6172    542.655    35.4978    35.5034 0.0000e+00
   5923.917     142175    547.000    10.3924    10.3932   3.919855   3.920472   48.55398   -9.92911     4.5443     4.6145    541.666    35.4980    35.5035 0.0000e+00
   5924.909     142199    546.000    10.3926    10.3930   3.919841   3.920381   48.55398   -9.92912     4.5440     4.6110    540.677    35.4982    35.5032 0.0000e+00
   5925.904     142223    545.000    10.3927    10.3938   3.919803   3.920348   48.55398   -9.92912     4.5456     4.6096    539.689    35.4981    35.5026 0.0000e+00
   5926.897     142247    544.000    10.3931    10.3960   3.919772   3.920461   48.55398   -9.92911     4.5474     4.6116    538.700    35.4979    35.5020 0.0000e+00
   5927.885     142270    543.000    10.3941    10.3984   3.919780   3.920666   48.55398   -9.92910     4.5484     4.6131    537.711    35.4975    35.5022 0.0000e+00
   5928.870     142294    542.000    10.3959    10.4015   3.919874   3.920865   48.55398   -9.92910     4.5494     4.6149    536.722    35.4971    35.5017 0.0000e+00
   5929.854     142318    541.000    10.3984    10.4064   3.920040   3.921201   48.55398   -9.92910     4.5517     4.6221    535.733    35.4968    35.5008 0.0000e+00
   5930.840     142341    540.000    10.4024    10.4122   3.920299   3.921683   48.55398   -9.92910     4.5539     4.6298    534.744    35.4960    35.5004 0.0000e+00
   5931.833     142365    539.000    10.4073    10.4182   3.920693   3.922154   48.55398   -9.92910     4.5570     4.6356    533.755    35.4956    35.4999 0.0000e+00
   5932.831     142389    538.000    10.4129    10.4272   3.921122   3.922784   48.55398   -9.92910     4.5607     4.6420    532.766    35.4950    35.4979 0.0000e+00
   5933.828     142413    537.000    10.4204    10.4414   3.921667   3.923858   48.55398   -9.92910     4.5645     4.6507    531.777    35.4937    35.4954 0.0000e+00
   5934.818     142437    536.000    10.4319    10.4550   3.922488   3.925184   48.55398   -9.92910     4.5727     4.6622    530.788    35.4912    35.4960 0.0000e+00
   5935.800     142460    535.000    10.4447    10.4634   3.923651   3.926108   48.55398   -9.92910     4.5867     4.6748    529.799    35.4909    35.4976 0.0000e+00
   5936.776     142484    534.000    10.4554    10.4695   3.924674   3.926668   48.55398   -9.92911     4.6045     4.6852    528.810    35.4914    35.4979 0.0000e+00
   5937.753     142507    533.000    10.4640    10.4763   3.925497   3.927161   48.55398   -9.92911     4.6198     4.6921    527.821    35.4918    35.4967 0.0000e+00
   5938.740     142531    532.000    10.4710    10.4833   3.926144   3.927773   48.55398   -9.92911     4.6291     4.6995    526.832    35.4920    35.4965 0.0000e+00
   5939.740     142555    531.000    10.4778    10.4865   3.926694   3.928138   48.55398   -9.92910     4.6361     4.7068    525.843    35.4914    35.4975 0.0000e+00
   5940.749     142579    530.000    10.4830    10.4881   3.927175   3.928289   48.55398   -9.92910     4.6431     4.7117    524.854    35.4917    35.4979 0.0000e+00
   5941.751     142603    529.000    10.4861    10.4886   3.927474   3.928332   48.55398   -9.92910     4.6479     4.7155    523.865    35.4921    35.4984 0.0000e+00
   5942.742     142627    528.000    10.4874    10.4885   3.927614   3.928301   48.55398   -9.92910     4.6500     4.7167    522.876    35.4927    35.4985 0.0000e+00
   5943.722     142650    527.000    10.4877    10.4881   3.927637   3.928230   48.55398   -9.92910     4.6504     4.7152    521.887    35.4931    35.4987 0.0000e+00
   5944.698     142674    526.000    10.4873    10.4867   3.927590   3.928090   48.55398   -9.92910     4.6498     4.7129    520.897    35.4935    35.4990 0.0000e+00
   5945.673     142697    525.000    10.4864    10.4862   3.927486   3.927957   48.55398   -9.92911     4.6484     4.7109    519.909    35.4937    35.4987 0.0000e+00
   5946.653     142721    524.000    10.4855    10.4869   3.927361   3.927908   48.55398   -9.92912     4.6462     4.7078    518.919    35.4937    35.4980 0.0000e+00
   5947.642     142744    523.000    10.4855    10.4891   3.927264   3.927942   48.55398   -9.92912     4.6441     4.7081    517.930    35.4932    35.4965 0.0000e+00
   5948.637     142768    522.000    10.4869    10.4915   3.927247   3.928032   48.55398   -9.92912     4.6428     4.7117    516.941    35.4921    35.4956 0.0000e+00
   5949.639     142792    521.000    10.4890    10.4922   3.927307   3.928049   48.55398   -9.92911     4.6443     4.7161    515.952    35.4911    35.4956 0.0000e+00
   5950.640     142816    520.000    10.4906    10.4916   3.927356   3.927937   48.55398   -9.92910     4.6478     4.7195    514.963    35.4906    35.4954 0.0000e+00
   5951.634     142840    519.000    10.4910    10.4913   3.927327   3.927826   48.55398   -9.92910     4.6492     4.7205    513.974    35.4903    35.4950 0.0000e+00
   5952.620     142864    518.000    10.4909    10.4913   3.927242   3.927753   48.55398   -9.92910     4.6496     4.7202    512.985    35.4900    35.4948 0.0000e+00
   5953.602     142887    517.000    10.4908    10.4914   3.927167   3.927701   48.55398   -9.92910     4.6514     4.7201    511.996    35.4898    35.4946 0.0000e+00
   5954.582     142911    516.000    10.4910    10.4918   3.927106   3.927667   48.55398   -9.92910     4.6531     4.7215    511.007    35.4895    35.4943 0.0000e+00
   5955.562     142934    515.000    10.4913    10.4927   3.927068   3.927672   48.55398   -9.92911     4.6529     4.7238    510.018    35.4892    35.4939 0.0000e+00
   5956.546     142958    514.000    10.4920    10.4938   3.927061   3.927723   48.55398   -9.92911     4.6536     4.7259    509.029    35.4889    35.4939 0.0000e+00
   5957.532     142982    513.000    10.4929    10.4946   3.927083   3.927753   48.55398   -9.92912     4.6551     4.7267    508.040    35.4887    35.4938 0.0000e+00
   5958.521     143006    512.000    10.4937    10.4954   3.927109   3.927784   48.55398   -9.92912     4.6579     4.7262    507.050    35.4886    35.4938 0.0000e+00
   5959.511     143029    511.000    10.4944    10.4960   3.927130   3.927801   48.55398   -9.92912     4.6611     4.7244    506.061    35.4886    35.4938 0.0000e+00
   5960.503     143053    510.000    10.4951    10.4967   3.927152   3.927820   48.55398   -9.92912     4.6624     4.7227    505.072    35.4886    35.4938 0.0000e+00
   5961.498     143077    509.000    10.4958    10.4976   3.927175   3.927856   48.55398   -9.92911     4.6609     4.7218    504.083    35.4886    35.4937 0.0000e+00
   5962.497     143101    508.000    10.4964    10.4987   3.927193   3.927918   48.55398   -9.92911     4.6586     4.7246    503.094    35.4886    35.4938 0.0000e+00
   5963.498     143125    507.000    10.4972    10.4996   3.927220   3.927963   48.55398   -9.92910     4.6594     4.7288    502.105    35.4885    35.4937 0.0000e+00
   5964.492     143149    506.000    10.4982    10.5008   3.927260   3.928018   48.55398   -9.92910     4.6637     4.7308    501.116    35.4885    35.4936 0.0000e+00
   5965.476     143172    505.000    10.4992    10.5013   3.927309   3.928055   48.55398   -9.92911     4.6666     4.7322    500.127    35.4884    35.4939 0.0000e+00
   5966.452     143196    504.000    10.5001    10.5016   3.927354   3.928035   48.55398   -9.92911     4.6683     4.7345    499.137    35.4885    35.4939 0.0000e+00
   5967.425     143219    503.000    10.5004    10.5024   3.927357   3.928028   48.55398   -9.92912     4.6677     4.7351    498.148    35.4886    35.4935 0.0000e+00
   5968.402     143243    502.000    10.5008    10.5043   3.927342   3.928107   48.55398   -9.92912     4.6663     4.7342    497.159    35.4886    35.4929 0.0000e+00
   5969.386     143266    501.000    10.5017    10.5068   3.927352   3.928254   48.55398   -9.92912     4.6657     4.7359    496.170    35.4883    35.4924 0.0000e+00
   5970.374     143290    500.000    10.5032    10.5087   3.927409   3.928410   48.55398   -9.92912     4.6649     4.7392    495.181    35.4878    35.4925 0.0000e+00
   5971.364     143314    499.000    10.5055    10.5092   3.927530   3.928456   48.55399   -9.92912     4.6671     4.7422    494.192    35.4873    35.4930 0.0000e+00
   5972.357     143338    498.000    10.5075    10.5093   3.927674   3.928415   48.55399   -9.92912     4.6711     4.7427    493.202    35.4872    35.4929 0.0000e+00
   5973.352     143361    497.000    10.5088    10.5102   3.927768   3.928418   48.55399   -9.92912     4.6751     4.7421    492.213    35.4874    35.4926 0.0000e+00
   5974.350     143385    496.000    10.5096    10.5121   3.927804   3.928520   48.55399   -9.92912     4.6792     4.7439    491.224    35.4874    35.4922 0.0000e+00
   5975.346     143409    495.000    10.5107    10.5147   3.927840   3.928678   48.55398   -9.92912     4.6818     4.7469    490.235    35.4871    35.4917 0.0000e+00
   5976.338     143433    494.000    10.5125    10.5188   3.927926   3.928957   48.55398   -9.92912     4.6824     4.7479    489.246    35.4867    35.4910 0.0000e+00
   5977.320     143457    493.000    10.5154    10.5253   3.928103   3.929444   48.55398   -9.92912     4.6824     4.7521    488.256    35.4862    35.4901 0.0000e+00
   5978.297     143480    492.000    10.5197    10.5329   3.928405   3.930167   48.55398   -9.92912     4.6855     4.7598    487.267    35.4855    35.4904 0.0000e+00
   5979.274     143504    491.000    10.5260    10.5415   3.928914   3.930926   48.55398   -9.92912     4.6898     4.7663    486.278    35.4849    35.4902 0.0000e+00
   5980.255     143527    490.000    10.5334    10.5563   3.929599   3.932067   48.55399   -9.92912     4.6937     4.7736    485.289    35.4851    35.4878 0.0000e+00
   5981.243     143551    489.000    10.5432    10.5791   3.930411   3.934162   48.55399   -9.92912     4.7016     4.7863    484.300    35.4843    35.4872 0.0000e+00
   5982.237     143575    488.000    10.5585    10.6015   3.931728   3.936628   48.55400   -9.92912     4.7133     4.8073    483.310    35.4831    35.4908 0.0000e+00
   5983.234     143599    487.000    10.5758    10.6149   3.933439   3.938389   48.55400   -9.92912     4.7271     4.8302    482.321    35.4840    35.4960 0.0000e+00
   5984.229     143622    486.000    10.5954    10.6233   3.935372   3.939365   48.55400   -9.92912     4.7441     4.8453    481.332    35.4850    35.4981 0.0000e+00
   5985.218     143646    485.000    10.6105    10.6303   3.937183   3.940075   48.55400   -9.92912     4.7618     4.8522    480.343    35.4890    35.4990 0.0000e+00
   5986.202     143670    484.000    10.6210    10.6373   3.938415   3.940707   48.55399   -9.92912     4.7765     4.8563    479.353    35.4916    35.4990 0.0000e+00
   5987.189     143694    483.000    10.6293    10.6464   3.939289   3.941441   48.55398   -9.92912     4.7876     4.8620    478.364    35.4929    35.4979 0.0000e+00
   5988.182     143717    482.000    10.6376    10.6588   3.940048   3.942512   48.55398   -9.92912     4.7943     4.8708    477.375    35.4929    35.4972 0.0000e+00
   5989.176     143741    481.000    10.6483    10.6668   3.940936   3.943477   48.55398   -9.92912     4.7978     4.8800    476.386    35.4919    35.4996 0.0000e+00
   5990.168     143765    480.000    10.6583    10.6716   3.941936   3.943994   48.55399   -9.92912     4.8043     4.8860    475.396    35.4927    35.5006 0.0000e+00
   5991.153     143789    479.000    10.6653    10.6746   3.942656   3.944323   48.55400   -9.92912     4.8141     4.8882    474.407    35.4937    35.5014 0.0000e+00
