Data_example/SBE_Data_Processed/JC231/SeaBird/Data/Processed/JC231_CTD_005cfaldb.cnv
* Sea-Bird SBE 9 Data File:
* FileName = C:\Users\sandm\Documents\Cruises\JC231\CTD Data\CTD Raw Data\JC231_CTD_005.hex
* Software Version Seasave V 7.26.7.121
* Temperature SN = 5700
* Conductivity SN = 2164
* Number of Bytes Per Scan = 41
* Number of Voltage Words = 4
* Number of Scans Averaged by the Deck Unit = 1
* NMEA Latitude = 49 00.32 N
* NMEA Longitude = 016 30.09 W
* NMEA UTC (Time) = May 08 2022  12:24:49
* NMEA baud rate = 9600
** Ship: RRS James Cook
** Cruise: JC231
** Cast: 005
** Event:
** Station:
** Julian Day: 128
** Time (GMT): 12:25
** Latitude: 49 0.322' N
** Longitude: 16 30.094' W
** Depth (uncorrected m): 4802m
** Principal Scientist: Dr Susan Hartman
** Operator:  TP / DXC
# nquan = 15
# nvalues = 9830                        
# units = specified
# name 0 = timeS: Time, Elapsed [seconds]
# name 1 = scan: Scan Count
# name 2 = prDM: Pressure, Digiquartz [db]
# name 3 = t090C: Temperature [ITS-90, deg C]
# name 4 = t190C: Temperature, 2 [ITS-90, deg C]
# name 5 = c0S/m: Conductivity [S/m]
# name 6 = c1S/m: Conductivity, 2 [S/m]
# name 7 = latitude: Latitude [deg]
# name 8 = longitude: Longitude [deg]
# name 9 = sbeox0ML/L: Oxygen, SBE 43 [ml/l]
# name 10 = sbeox1ML/L: Oxygen, SBE 43, 2 [ml/l]
# name 11 = depSM: Depth [salt water, m], lat = 49.0053
# name 12 = sal00: Salinity, Practical [PSU]
# name 13 = sal11: Salinity, Practical, 2 [PSU]
# name 14 = flag: flag
# span 0 =    353.495,  13907.437       
# span 1 =       8485,     333780       
# span 2 =      1.000,   4919.000       
# span 3 =     2.5274,    14.7365       
# span 4 =     2.5302,    14.5595       
# span 5 =   3.272946,   4.392881       
# span 6 =   3.273528,   4.360083       
# span 7 =   46.79183,   52.43989       
# span 8 =  -17.65841,  -15.75650       
# span 9 =     4.1600,     6.1986       
# span 10 =     4.2313,     6.3352      
# span 11 =      0.992,   4821.762      
# span 12 =    31.6485,    38.0722      
# span 13 =    33.7193,    37.7410      
# span 14 = 0.0000e+00, 0.0000e+00      
# interval = decibars: 1                
# start_time = May 08 2022 12:24:50 [System UTC, first data scan.]
# bad_flag = -9.990e-29
*END*
[from data line 5687]
   7025.144     168604   4150.000     2.5321     2.5338   3.284005   3.284646   49.00510  -16.50184     5.2903     5.3973   4074.996    34.9091    34.9149 0.0000e+00
   7026.106     168628   4149.000     2.5320     2.5338   3.283967   3.284612   49.00510  -16.50184     5.2899     5.3972   4074.024    34.9092    34.9150 0.0000e+00
   7027.075     168651   4148.000     2.5320     2.5338   3.283931   3.284577   49.00510  -16.50184     5.2916     5.3970   4073.051    34.9091    34.9149 0.0000e+00
   7028.054     168674   4147.000     2.5320     2.5338   3.283895   3.284544   49.00510  -16.50184     5.2901     5.3974   4072.078    34.9091    34.9150 0.0000e+00
   7029.036     168698   4146.000     2.5320     2.5337   3.283859   3.284508   49.00510  -16.50184     5.2865     5.3961   4071.105    34.9091    34.9150 0.0000e+00
   7030.020     168721   4145.000     2.5319     2.5337   3.283821   3.284470   49.00510  -16.50184     5.2894     5.3965   4070.133    34.9091    34.9150 0.0000e+00
   7031.000     168745   4144.000     2.5319     2.5335   3.283784   3.284427   49.00510  -16.50184     5.2901     5.3974   4069.160    34.9091    34.9151 0.0000e+00
   7031.976     168768   4143.000     2.5318     2.5334   3.283745   3.284384   49.00510  -16.50184     5.2901     5.3985   4068.187    34.9092    34.9151 0.0000e+00
   7032.948     168792   4142.000     2.5317     2.5334   3.283702   3.284345   49.00510  -16.50184     5.2920     5.3987   4067.214    34.9091    34.9150 0.0000e+00
   7033.917     168815   4141.000     2.5317     2.5334   3.283662   3.284312   49.00510  -16.50184     5.2907     5.3995   4066.242    34.9091    34.9151 0.0000e+00
   7034.880     168838   4140.000     2.5317     2.5334   3.283625   3.284282   49.00510  -16.50184     5.2893     5.3996   4065.269    34.9091    34.9151 0.0000e+00
   7035.841     168861   4139.000     2.5317     2.5334   3.283591   3.284249   49.00510  -16.50184     5.2894     5.3992   4064.296    34.9091    34.9151 0.0000e+00
   7036.805     168884   4138.000     2.5316     2.5335   3.283556   3.284217   49.00510  -16.50184     5.2902     5.3985   4063.323    34.9092    34.9150 0.0000e+00
   7037.780     168908   4137.000     2.5316     2.5337   3.283522   3.284193   49.00510  -16.50184     5.2910     5.3975   4062.351    34.9092    34.9150 0.0000e+00
   7038.765     168931   4136.000     2.5317     2.5338   3.283493   3.284180   49.00510  -16.50184     5.2909     5.3984   4061.378    34.9091    34.9151 0.0000e+00
   7039.755     168955   4135.000     2.5319     2.5339   3.283474   3.284153   49.00510  -16.50184     5.2868     5.3997   4060.405    34.9091    34.9151 0.0000e+00
   7040.742     168979   4134.000     2.5320     2.5339   3.283456   3.284120   49.00510  -16.50184     5.2846     5.4017   4059.432    34.9092    34.9151 0.0000e+00
   7041.718     169002   4133.000     2.5320     2.5339   3.283427   3.284085   49.00510  -16.50184     5.2853     5.4018   4058.460    34.9093    34.9151 0.0000e+00
   7042.683     169025   4132.000     2.5320     2.5339   3.283394   3.284053   49.00510  -16.50184     5.2875     5.4014   4057.487    34.9093    34.9151 0.0000e+00
   7043.643     169048   4131.000     2.5320     2.5339   3.283362   3.284022   49.00510  -16.50184     5.2896     5.4009   4056.514    34.9093    34.9152 0.0000e+00
   7044.603     169071   4130.000     2.5320     2.5339   3.283332   3.283992   49.00510  -16.50183     5.2898     5.3992   4055.541    34.9093    34.9152 0.0000e+00
   7045.567     169095   4129.000     2.5321     2.5339   3.283300   3.283959   49.00510  -16.50183     5.2902     5.3991   4054.568    34.9093    34.9152 0.0000e+00
   7046.535     169118   4128.000     2.5321     2.5339   3.283267   3.283921   49.00510  -16.50182     5.2886     5.3989   4053.596    34.9093    34.9152 0.0000e+00
   7047.510     169141   4127.000     2.5321     2.5338   3.283233   3.283883   49.00510  -16.50182     5.2906     5.3971   4052.623    34.9093    34.9152 0.0000e+00
   7048.493     169165   4126.000     2.5320     2.5337   3.283199   3.283845   49.00510  -16.50182     5.2925     5.3959   4051.650    34.9094    34.9153 0.0000e+00
   7049.482     169189   4125.000     2.5320     2.5336   3.283164   3.283803   49.00510  -16.50182     5.2924     5.3950   4050.677    34.9094    34.9153 0.0000e+00
   7050.469     169212   4124.000     2.5319     2.5335   3.283125   3.283761   49.00510  -16.50182     5.2905     5.3961   4049.704    34.9094    34.9153 0.0000e+00
   7051.446     169236   4123.000     2.5318     2.5335   3.283083   3.283726   49.00510  -16.50182     5.2881     5.3988   4048.732    34.9094    34.9153 0.0000e+00
   7052.409     169259   4122.000     2.5318     2.5336   3.283041   3.283696   49.00510  -16.50182     5.2866     5.3999   4047.759    34.9094    34.9153 0.0000e+00
   7053.361     169282   4121.000     2.5318     2.5338   3.283006   3.283670   49.00510  -16.50182     5.2899     5.3993   4046.786    34.9093    34.9152 0.0000e+00
   7054.309     169304   4120.000     2.5319     2.5340   3.282976   3.283655   49.00510  -16.50182     5.2918     5.4007   4045.813    34.9093    34.9152 0.0000e+00
   7055.266     169327   4119.000     2.5320     2.5341   3.282952   3.283639   49.00510  -16.50182     5.2886     5.4012   4044.840    34.9093    34.9153 0.0000e+00
   7056.238     169351   4118.000     2.5322     2.5343   3.282931   3.283620   49.00510  -16.50182     5.2881     5.4004   4043.867    34.9093    34.9153 0.0000e+00
   7057.223     169374   4117.000     2.5323     2.5343   3.282910   3.283596   49.00510  -16.50182     5.2838     5.3996   4042.894    34.9093    34.9154 0.0000e+00
   7058.212     169398   4116.000     2.5324     2.5344   3.282887   3.283563   49.00510  -16.50182     5.2846     5.3991   4041.922    34.9093    34.9153 0.0000e+00
   7059.194     169422   4115.000     2.5325     2.5344   3.282864   3.283533   49.00510  -16.50182     5.2891     5.3992   4040.949    34.9094    34.9154 0.0000e+00
   7060.161     169445   4114.000     2.5326     2.5344   3.282838   3.283502   49.00510  -16.50182     5.2894     5.3986   4039.976    34.9094    34.9154 0.0000e+00
   7061.121     169468   4113.000     2.5326     2.5345   3.282810   3.283475   49.00510  -16.50182     5.2891     5.3988   4039.003    34.9095    34.9154 0.0000e+00
   7062.079     169491   4112.000     2.5326     2.5346   3.282783   3.283455   49.00510  -16.50182     5.2907     5.3999   4038.030    34.9095    34.9155 0.0000e+00
   7063.045     169514   4111.000     2.5327     2.5346   3.282757   3.283427   49.00510  -16.50182     5.2908     5.4014   4037.057    34.9095    34.9155 0.0000e+00
   7064.014     169537   4110.000     2.5328     2.5346   3.282731   3.283396   49.00510  -16.50182     5.2890     5.4002   4036.084    34.9095    34.9156 0.0000e+00
   7064.984     169561   4109.000     2.5329     2.5347   3.282704   3.283365   49.00510  -16.50182     5.2883     5.3986   4035.111    34.9095    34.9155 0.0000e+00
   7065.954     169584   4108.000     2.5329     2.5347   3.282670   3.283329   49.00510  -16.50182     5.2893     5.3982   4034.139    34.9095    34.9155 0.0000e+00
   7066.925     169607   4107.000     2.5329     2.5346   3.282637   3.283293   49.00510  -16.50182     5.2890     5.3973   4033.166    34.9095    34.9156 0.0000e+00
   7067.903     169631   4106.000     2.5329     2.5347   3.282606   3.283260   49.00510  -16.50182     5.2905     5.3955   4032.193    34.9096    34.9155 0.0000e+00
   7068.884     169654   4105.000     2.5330     2.5347   3.282575   3.283232   49.00510  -16.50182     5.2894     5.3961   4031.220    34.9095    34.9155 0.0000e+00
   7069.863     169678   4104.000     2.5330     2.5349   3.282549   3.283216   49.00510  -16.50182     5.2893     5.3960   4030.247    34.9096    34.9155 0.0000e+00
   7070.835     169701   4103.000     2.5332     2.5352   3.282529   3.283202   49.00510  -16.50182     5.2931     5.3950   4029.274    34.9096    34.9155 0.0000e+00
   7071.799     169724   4102.000     2.5334     2.5354   3.282515   3.283186   49.00510  -16.50182     5.2947     5.3973   4028.301    34.9096    34.9155 0.0000e+00
   7072.759     169747   4101.000     2.5335     2.5354   3.282500   3.283163   49.00510  -16.50182     5.2915     5.4011   4027.328    34.9097    34.9156 0.0000e+00
   7073.719     169770   4100.000     2.5337     2.5355   3.282480   3.283133   49.00510  -16.50182     5.2918     5.4033   4026.355    34.9097    34.9156 0.0000e+00
   7074.682     169793   4099.000     2.5337     2.5356   3.282455   3.283106   49.00510  -16.50182     5.2918     5.4048   4025.382    34.9098    34.9156 0.0000e+00
   7075.652     169817   4098.000     2.5338     2.5356   3.282426   3.283083   49.00510  -16.50182     5.2914     5.4015   4024.409    34.9097    34.9157 0.0000e+00
   7076.628     169840   4097.000     2.5339     2.5359   3.282398   3.283066   49.00510  -16.50181     5.2882     5.4007   4023.436    34.9097    34.9156 0.0000e+00
   7077.607     169864   4096.000     2.5340     2.5362   3.282377   3.283061   49.00510  -16.50181     5.2883     5.4023   4022.464    34.9097    34.9157 0.0000e+00
   7078.586     169887   4095.000     2.5343     2.5364   3.282363   3.283053   49.00510  -16.50181     5.2877     5.4036   4021.491    34.9097    34.9157 0.0000e+00
   7079.566     169911   4094.000     2.5345     2.5365   3.282353   3.283031   49.00510  -16.50181     5.2873     5.4035   4020.518    34.9098    34.9158 0.0000e+00
   7080.544     169934   4093.000     2.5347     2.5365   3.282338   3.282998   49.00510  -16.50182     5.2884     5.4049   4019.545    34.9099    34.9158 0.0000e+00
   7081.516     169957   4092.000     2.5347     2.5364   3.282313   3.282959   49.00510  -16.50182     5.2912     5.4039   4018.572    34.9099    34.9158 0.0000e+00
   7082.481     169981   4091.000     2.5347     2.5364   3.282280   3.282925   49.00510  -16.50182     5.2935     5.4033   4017.599    34.9099    34.9158 0.0000e+00
   7083.442     170004   4090.000     2.5347     2.5365   3.282243   3.282896   49.00510  -16.50182     5.2944     5.4022   4016.626    34.9099    34.9158 0.0000e+00
   7084.406     170027   4089.000     2.5347     2.5365   3.282208   3.282867   49.00510  -16.50182     5.2927     5.3994   4015.653    34.9099    34.9159 0.0000e+00
   7085.376     170050   4088.000     2.5347     2.5366   3.282177   3.282841   49.00510  -16.50182     5.2904     5.3974   4014.680    34.9099    34.9158 0.0000e+00
   7086.348     170073   4087.000     2.5348     2.5367   3.282146   3.282819   49.00510  -16.50182     5.2891     5.3959   4013.707    34.9099    34.9159 0.0000e+00
   7087.322     170097   4086.000     2.5349     2.5368   3.282119   3.282799   49.00510  -16.50182     5.2887     5.3969   4012.734    34.9099    34.9159 0.0000e+00
   7088.294     170120   4085.000     2.5350     2.5369   3.282097   3.282776   49.00510  -16.50182     5.2878     5.3994   4011.761    34.9099    34.9160 0.0000e+00
   7089.267     170143   4084.000     2.5351     2.5371   3.282077   3.282754   49.00510  -16.50182     5.2890     5.4016   4010.788    34.9100    34.9160 0.0000e+00
   7090.243     170167   4083.000     2.5352     2.5371   3.282058   3.282726   49.00510  -16.50182     5.2901     5.4034   4009.815    34.9101    34.9160 0.0000e+00
   7091.218     170190   4082.000     2.5353     2.5371   3.282037   3.282693   49.00510  -16.50182     5.2936     5.4031   4008.842    34.9101    34.9160 0.0000e+00
   7092.187     170213   4081.000     2.5353     2.5371   3.282010   3.282658   49.00510  -16.50182     5.2939     5.4032   4007.869    34.9102    34.9160 0.0000e+00
   7093.150     170237   4080.000     2.5353     2.5370   3.281978   3.282623   49.00510  -16.50182     5.2908     5.4023   4006.896    34.9102    34.9161 0.0000e+00
   7094.113     170260   4079.000     2.5353     2.5370   3.281943   3.282587   49.00510  -16.50182     5.2914     5.4001   4005.923    34.9102    34.9161 0.0000e+00
   7095.084     170283   4078.000     2.5353     2.5369   3.281907   3.282550   49.00510  -16.50182     5.2907     5.3985   4004.950    34.9102    34.9162 0.0000e+00
   7096.071     170307   4077.000     2.5352     2.5369   3.281866   3.282510   49.00510  -16.50182     5.2920     5.3980   4003.977    34.9102    34.9161 0.0000e+00
   7097.081     170331   4076.000     2.5352     2.5368   3.281825   3.282469   49.00511  -16.50182     5.2928     5.3985   4003.004    34.9101    34.9162 0.0000e+00
   7098.134     170356   4075.000     2.5351     2.5367   3.281787   3.282428   49.00512  -16.50182     5.2948     5.3999   4002.031    34.9102    34.9162 0.0000e+00
   7099.266     170383   4074.000     2.5350     2.5366   3.281746   3.282385   49.00512  -16.50182     5.2931     5.4002   4001.058    34.9102    34.9162 0.0000e+00
   7100.531     170414   4073.000     2.5349     2.5366   3.281701   3.282346   49.00511  -16.50182     5.2925     5.3987   4000.085    34.9102    34.9161 0.0000e+00
   7102.003     170449   4072.000     2.5348     2.5367   3.281655   3.282314   49.00510  -16.50182     5.2912     5.4005   3999.112    34.9102    34.9160 0.0000e+00
   7103.951     170496   4071.000     2.5343     2.5366   3.281589   3.282279   49.00510  -16.50182     5.2927     5.4005   3998.139    34.9103    34.9161 0.0000e+00
   7185.509     172453   4070.000     2.5352     2.5367   3.281644   3.282250   49.00510  -16.50182     5.2908     5.3991   3997.166    34.9104    34.9161 0.0000e+00
   7212.450     173100   4069.000     2.5356     2.5373   3.281632   3.282261   49.00510  -16.50182     5.2921     5.3978   3996.192    34.9103    34.9160 0.0000e+00
   7214.386     173146   4068.000     2.5361     2.5380   3.281646   3.282301   49.00510  -16.50183     5.2919     5.4013   3995.219    34.9103    34.9161 0.0000e+00
   7215.919     173183   4067.000     2.5363     2.5382   3.281634   3.282288   49.00510  -16.50183     5.2906     5.4031   3994.246    34.9104    34.9162 0.0000e+00
   7217.226     173214   4066.000     2.5364     2.5382   3.281609   3.282259   49.00510  -16.50182     5.2949     5.4039   3993.273    34.9104    34.9163 0.0000e+00
   7218.419     173243   4065.000     2.5364     2.5383   3.281580   3.282232   49.00510  -16.50182     5.2975     5.4012   3992.300    34.9105    34.9163 0.0000e+00
   7219.537     173270   4064.000     2.5366     2.5385   3.281551   3.282209   49.00510  -16.50182     5.2977     5.4039   3991.327    34.9104    34.9162 0.0000e+00
   7220.591     173295   4063.000     2.5368     2.5388   3.281531   3.282196   49.00510  -16.50182     5.2979     5.4041   3990.354    34.9103    34.9162 0.0000e+00
   7221.591     173319   4062.000     2.5370     2.5390   3.281522   3.282191   49.00510  -16.50182     5.2953     5.4051   3989.381    34.9104    34.9163 0.0000e+00
   7222.553     173342   4061.000     2.5373     2.5393   3.281517   3.282181   49.00510  -16.50182     5.2944     5.4045   3988.408    34.9104    34.9163 0.0000e+00
   7223.495     173365   4060.000     2.5376     2.5395   3.281508   3.282174   49.00510  -16.50182     5.2955     5.4062   3987.435    34.9105    34.9164 0.0000e+00
   7224.431     173387   4059.000     2.5378     2.5396   3.281494   3.282158   49.00510  -16.50183     5.2945     5.4096   3986.462    34.9105    34.9164 0.0000e+00
   7225.369     173410   4058.000     2.5379     2.5396   3.281476   3.282128   49.00510  -16.50183     5.2946     5.4092   3985.489    34.9106    34.9165 0.0000e+00
   7226.318     173433   4057.000     2.5379     2.5396   3.281448   3.282092   49.00510  -16.50183     5.2978     5.4066   3984.515    34.9106    34.9165 0.0000e+00
   7227.279     173456   4056.000     2.5379     2.5396   3.281414   3.282055   49.00510  -16.50182     5.2987     5.4063   3983.542    34.9106    34.9165 0.0000e+00
   7228.247     173479   4055.000     2.5379     2.5396   3.281378   3.282019   49.00510  -16.50182     5.2985     5.4059   3982.569    34.9106    34.9165 0.0000e+00
