Data_example/SBE_Data_Processed/JC231/SeaBird/Data/Processed/JC231_CTD_004c.ros
* Sea-Bird SBE 9 Data File:
* FileName = C:\Users\sandm\Documents\Cruises\JC231\CTD Data\CTD Raw Data\JC231_CTD_004.hex
* Software Version Seasave V 7.26.7.121
* Temperature SN = 5700
* Conductivity SN = 2164
* Number of Bytes Per Scan = 41
* Number of Voltage Words = 4
* Number of Scans Averaged by the Deck Unit = 1
* NMEA Latitude = 49 00.00 N
* NMEA Longitude = 016 30.00 W
* NMEA UTC (Time) = May 06 2022  10:23:58
* NMEA baud rate = 9600
** Ship: RRS James Cook
** Cruise: JC231
** Cast: 004
** Event:
** Station:
** Julian Day: 126
** Time (GMT): 10:30
** Latitude: 48 59.999' N
** Longitude: 16 30.001' W
** Depth (uncorrected m): 4810m
** Principal Scientist: Dr Susan Hartman
** Operator:  TP / JG
# nquan = 13
# nvalues = 1078                                  
# units = specified
# name 0 = timeS: Time, Elapsed [seconds]
# name 1 = scan: Scan Count
# name 2 = prDM: Pressure, Digiquartz [db]
# name 3 = t090C: Temperature [ITS-90, deg C]
# name 4 = t190C: Temperature, 2 [ITS-90, deg C]
# name 5 = c0S/m: Conductivity [S/m]
# name 6 = c1S/m: Conductivity, 2 [S/m]
# name 7 = latitude: Latitude [deg]
# name 8 = longitude: Longitude [deg]
# name 9 = sbeox0ML/L: Oxygen, SBE 43 [ml/l]
# name 10 = sbeox1ML/L: Oxygen, SBE 43, 2 [ml/l]
# name 11 = nbf: Bottles Fired
# name 12 = flag:  0.000e+00
# interval = seconds: 0.0416667
# start_time = May 06 2022 10:23:59 [System UTC, first data scan.]
# bad_flag = -9.990e-29
*END*
   6671.667     160121   4907.641     2.5664     2.5675   3.311738   3.312315   48.99714  -16.50400     5.2645     5.4003          1  0.000e+00
   6671.708     160122   4907.528     2.5664     2.5677   3.311720   3.312278   48.99714  -16.50400     5.2631     5.3903          1  0.000e+00
   6671.750     160123   4907.599     2.5663     2.5677   3.311738   3.312284   48.99714  -16.50400     5.2747     5.3887          1  0.000e+00
   6671.792     160124   4907.641     2.5664     2.5678   3.311769   3.312296   48.99714  -16.50400     5.2648     5.3987          1  0.000e+00
   6671.833     160125   4907.528     2.5664     2.5678   3.311732   3.312272   48.99714  -16.50400     5.2761     5.4001          1  0.000e+00
   6671.875     160126   4907.698     2.5664     2.5678   3.311756   3.312266   48.99714  -16.50400     5.2662     5.3900          1  0.000e+00
   6671.917     160127   4907.641     2.5663     2.5678   3.311750   3.312284   48.99714  -16.50400     5.2645     5.3881          1  0.000e+00
   6671.958     160128   4907.641     2.5666     2.5681   3.311726   3.312272   48.99714  -16.50400     5.2757     5.3862          1  0.000e+00
   6672.000     160129   4907.486     2.5664     2.5677   3.311756   3.312284   48.99714  -16.50400     5.2781     5.3992          1  0.000e+00
   6672.042     160130   4907.740     2.5664     2.5677   3.311732   3.312272   48.99714  -16.50400     5.2678     5.3891          1  0.000e+00
   6672.083     160131   4907.642     2.5663     2.5675   3.311738   3.312284   48.99714  -16.50400     5.2658     5.3872          1  0.000e+00
   6672.125     160132   4907.486     2.5663     2.5678   3.311744   3.312272   48.99714  -16.50400     5.2765     5.3967          1  0.000e+00
   6672.167     160133   4907.741     2.5664     2.5677   3.311744   3.312266   48.99714  -16.50400     5.2660     5.3981          1  0.000e+00
   6672.208     160134   4907.741     2.5663     2.5677   3.311744   3.312309   48.99714  -16.50400     5.2684     5.3910          1  0.000e+00
   6672.250     160135   4907.529     2.5663     2.5678   3.311744   3.312302   48.99714  -16.50400     5.2663     5.3888          1  0.000e+00
   6672.292     160136   4907.699     2.5663     2.5677   3.311744   3.312296   48.99714  -16.50400     5.2644     5.3869          1  0.000e+00
   6672.333     160137   4907.529     2.5663     2.5678   3.311744   3.312272   48.99714  -16.50400     5.2623     5.3848          1  0.000e+00
   6672.375     160138   4907.642     2.5663     2.5678   3.311720   3.312284   48.99714  -16.50400     5.2521     5.3828          1  0.000e+00
   6672.417     160139   4907.600     2.5664     2.5677   3.311714   3.312296   48.99714  -16.50400     5.2589     5.3808          1  0.000e+00
   6672.458     160140   4907.741     2.5664     2.5678   3.311714   3.312272   48.99714  -16.50400     5.2574     5.3904          1  0.000e+00
   6672.500     160141   4907.643     2.5664     2.5678   3.311738   3.312266   48.99714  -16.50400     5.2557     5.3799          1  0.000e+00
   6672.542     160142   4907.487     2.5664     2.5678   3.311744   3.312284   48.99714  -16.50400     5.2539     5.3776          1  0.000e+00
   6672.583     160143   4907.742     2.5663     2.5678   3.311769   3.312296   48.99714  -16.50400     5.2570     5.3906          1  0.000e+00
   6672.625     160144   4907.643     2.5664     2.5677   3.311750   3.312296   48.99714  -16.50400     5.2683     5.3916          1  0.000e+00
   6672.667     160145   4907.699     2.5664     2.5680   3.311696   3.312296   48.99714  -16.50400     5.2583     5.3925          1  0.000e+00
   6672.708     160146   4907.643     2.5663     2.5677   3.311708   3.312248   48.99714  -16.50400     5.2694     5.3818          1  0.000e+00
   6672.750     160147   4907.530     2.5661     2.5678   3.311738   3.312302   48.99714  -16.50400     5.2764     5.3908          1  0.000e+00
   6672.792     160148   4907.700     2.5661     2.5677   3.311726   3.312278   48.99714  -16.50400     5.2791     5.3950          1  0.000e+00
   6672.833     160149   4907.643     2.5664     2.5677   3.311738   3.312266   48.99714  -16.50400     5.2685     5.3957          1  0.000e+00
   6672.875     160150   4907.643     2.5661     2.5677   3.311726   3.312284   48.99714  -16.50400     5.2711     5.3996          1  0.000e+00
   6672.917     160151   4907.700     2.5663     2.5677   3.311738   3.312296   48.99714  -16.50400     5.2693     5.3886          1  0.000e+00
   6672.958     160152   4907.531     2.5666     2.5677   3.311744   3.312314   48.99714  -16.50400     5.2674     5.3858          1  0.000e+00
   6673.000     160153   4907.742     2.5663     2.5677   3.311720   3.312278   48.99714  -16.50400     5.2658     5.3832          1  0.000e+00
   6673.042     160154   4907.742     2.5661     2.5677   3.311757   3.312266   48.99714  -16.50400     5.2768     5.3839          1  0.000e+00
   6673.083     160155   4907.488     2.5663     2.5680   3.311756   3.312308   48.99714  -16.50400     5.2661     5.3811          1  0.000e+00
   6673.125     160156   4907.743     2.5664     2.5676   3.311769   3.312302   48.99714  -16.50400     5.2643     5.3788          1  0.000e+00
   6673.167     160157   4907.644     2.5663     2.5678   3.311756   3.312272   48.99714  -16.50400     5.2623     5.3761          1  0.000e+00
   6673.208     160158   4907.602     2.5663     2.5677   3.311769   3.312308   48.99714  -16.50400     5.2648     5.3735          1  0.000e+00
   6673.250     160159   4907.644     2.5664     2.5678   3.311732   3.312278   48.99714  -16.50400     5.2630     5.3710          1  0.000e+00
   6673.292     160160   4907.743     2.5663     2.5678   3.311714   3.312266   48.99714  -16.50400     5.2613     5.3800          1  0.000e+00
   6673.333     160161   4907.701     2.5663     2.5678   3.311714   3.312284   48.99714  -16.50400     5.2594     5.3690          1  0.000e+00
   6673.375     160162   4907.644     2.5661     2.5677   3.311714   3.312248   48.99714  -16.50400     5.2576     5.3778          1  0.000e+00
   6673.417     160163   4907.644     2.5664     2.5677   3.311732   3.312278   48.99714  -16.50400     5.2557     5.3700          1  0.000e+00
   6673.458     160164   4907.602     2.5664     2.5677   3.311702   3.312272   48.99714  -16.50400     5.2539     5.3673          1  0.000e+00
   6673.500     160165   4907.743     2.5663     2.5678   3.311726   3.312242   48.99714  -16.50400     5.2650     5.3647          1  0.000e+00
   6673.542     160166   4907.532     2.5663     2.5679   3.311744   3.312302   48.99714  -16.50400     5.2717     5.3652          1  0.000e+00
   6673.583     160167   4907.814     2.5666     2.5678   3.311744   3.312302   48.99714  -16.50400     5.2615     5.3662          1  0.000e+00
   6673.625     160168   4907.645     2.5663     2.5678   3.311726   3.312272   48.99714  -16.50400     5.2594     5.3786          1  0.000e+00
   6673.667     160169   4907.532     2.5663     2.5677   3.311738   3.312308   48.99714  -16.50400     5.2701     5.3712          1  0.000e+00
   7139.500     171349   4586.276     2.5369     2.5382   3.298784   3.299327   48.99688  -16.50446     5.2809     5.3828          2  0.000e+00
   7139.542     171350   4586.220     2.5369     2.5384   3.298790   3.299339   48.99688  -16.50446     5.2778     5.3806          2  0.000e+00
   7139.583     171351   4586.108     2.5369     2.5382   3.298790   3.299357   48.99688  -16.50446     5.2907     5.3893          2  0.000e+00
   7139.625     171352   4586.108     2.5366     2.5384   3.298754   3.299321   48.99688  -16.50446     5.2796     5.3901          2  0.000e+00
   7139.667     171353   4586.333     2.5369     2.5382   3.298754   3.299303   48.99688  -16.50446     5.2807     5.3912          2  0.000e+00
   7139.708     171354   4586.220     2.5367     2.5386   3.298760   3.299302   48.99688  -16.50446     5.2897     5.3919          2  0.000e+00
   7139.750     171355   4586.220     2.5366     2.5387   3.298760   3.299302   48.99688  -16.50446     5.2785     5.3897          2  0.000e+00
   7139.792     171356   4586.221     2.5367     2.5384   3.298778   3.299327   48.99688  -16.50446     5.2874     5.3796          2  0.000e+00
   7139.833     171357   4586.221     2.5366     2.5386   3.298754   3.299339   48.99688  -16.50446     5.2801     5.3745          2  0.000e+00
   7139.875     171358   4586.108     2.5369     2.5384   3.298754   3.299308   48.99688  -16.50446     5.2930     5.3723          2  0.000e+00
   7139.917     171359   4586.221     2.5367     2.5384   3.298778   3.299327   48.99688  -16.50446     5.2860     5.3705          2  0.000e+00
   7139.958     171360   4586.333     2.5369     2.5384   3.298790   3.299309   48.99688  -16.50446     5.2951     5.3796          2  0.000e+00
   7140.000     171361   4586.333     2.5366     2.5386   3.298742   3.299327   48.99688  -16.50446     5.2959     5.3807          2  0.000e+00
   7140.042     171362   4586.221     2.5369     2.5384   3.298766   3.299315   48.99688  -16.50446     5.2965     5.3817          2  0.000e+00
   7140.083     171363   4586.108     2.5368     2.5384   3.298784   3.299351   48.99688  -16.50446     5.2969     5.3718          2  0.000e+00
   7140.125     171364   4586.334     2.5369     2.5386   3.298742   3.299315   48.99688  -16.50446     5.2895     5.3812          2  0.000e+00
   7140.167     171365   4586.334     2.5367     2.5386   3.298748   3.299327   48.99688  -16.50446     5.2980     5.3824          2  0.000e+00
   7140.208     171366   4586.109     2.5369     2.5384   3.298790   3.299339   48.99688  -16.50446     5.2982     5.3834          2  0.000e+00
   7140.250     171367   4586.221     2.5369     2.5386   3.298766   3.299339   48.99688  -16.50446     5.2905     5.3847          2  0.000e+00
   7140.292     171368   4586.334     2.5369     2.5387   3.298735   3.299339   48.99688  -16.50446     5.3031     5.3860          2  0.000e+00
   7140.333     171369   4586.109     2.5367     2.5386   3.298772   3.299315   48.99688  -16.50446     5.2953     5.3871          2  0.000e+00
   7140.375     171370   4586.334     2.5368     2.5386   3.298790   3.299303   48.99688  -16.50446     5.3040     5.3885          2  0.000e+00
   7140.417     171371   4586.221     2.5370     2.5384   3.298754   3.299327   48.99688  -16.50446     5.3043     5.3896          2  0.000e+00
   7140.458     171372   4586.222     2.5367     2.5384   3.298778   3.299309   48.99688  -16.50446     5.2925     5.3909          2  0.000e+00
   7140.500     171373   4586.334     2.5367     2.5386   3.298790   3.299303   48.99688  -16.50446     5.2888     5.3921          2  0.000e+00
   7140.542     171374   4586.222     2.5367     2.5384   3.298790   3.299327   48.99688  -16.50446     5.2850     5.3902          2  0.000e+00
   7140.583     171375   4586.222     2.5369     2.5384   3.298790   3.299339   48.99688  -16.50446     5.2932     5.3913          2  0.000e+00
   7140.625     171376   4586.334     2.5366     2.5386   3.298754   3.299339   48.99688  -16.50446     5.2814     5.3925          2  0.000e+00
   7140.667     171377   4586.278     2.5367     2.5384   3.298754   3.299309   48.99688  -16.50446     5.2894     5.3905          2  0.000e+00
   7140.708     171378   4586.109     2.5365     2.5386   3.298760   3.299327   48.99688  -16.50446     5.2772     5.3914          2  0.000e+00
   7140.750     171379   4586.222     2.5369     2.5384   3.298760   3.299309   48.99688  -16.50446     5.2732     5.3816          2  0.000e+00
   7140.792     171380   4586.335     2.5367     2.5386   3.298748   3.299303   48.99688  -16.50446     5.2692     5.3907          2  0.000e+00
   7140.833     171381   4586.335     2.5369     2.5384   3.298778   3.299351   48.99688  -16.50446     5.2692     5.3918          2  0.000e+00
   7140.875     171382   4586.222     2.5369     2.5386   3.298766   3.299315   48.99688  -16.50446     5.2812     5.4036          2  0.000e+00
   7140.917     171383   4586.335     2.5367     2.5384   3.298778   3.299303   48.99688  -16.50446     5.2693     5.3968          2  0.000e+00
   7140.958     171384   4586.222     2.5369     2.5384   3.298766   3.299327   48.99688  -16.50446     5.2773     5.3977          2  0.000e+00
   7141.000     171385   4586.222     2.5368     2.5384   3.298748   3.299339   48.99688  -16.50446     5.2693     5.3986          2  0.000e+00
   7141.042     171386   4586.335     2.5369     2.5382   3.298754   3.299315   48.99688  -16.50446     5.2774     5.3967          2  0.000e+00
   7141.083     171387   4586.335     2.5367     2.5384   3.298735   3.299303   48.99688  -16.50446     5.2813     5.3975          2  0.000e+00
   7141.125     171388   4586.223     2.5367     2.5386   3.298748   3.299302   48.99688  -16.50446     5.2811     5.3983          2  0.000e+00
   7141.167     171389   4586.335     2.5369     2.5384   3.298760   3.299327   48.99688  -16.50446     5.2689     5.3992          2  0.000e+00
   7141.208     171390   4586.110     2.5369     2.5386   3.298723   3.299339   48.99688  -16.50446     5.2805     5.3999          2  0.000e+00
   7141.250     171391   4586.335     2.5369     2.5386   3.298772   3.299339   48.99688  -16.50446     5.2684     5.4009          2  0.000e+00
   7141.292     171392   4586.223     2.5366     2.5386   3.298766   3.299309   48.99688  -16.50446     5.2801     5.4017          2  0.000e+00
   7141.333     171393   4586.336     2.5366     2.5382   3.298796   3.299303   48.99688  -16.50446     5.2839     5.4027          2  0.000e+00
   7141.375     171394   4586.336     2.5367     2.5386   3.298760   3.299351   48.99688  -16.50446     5.2757     5.4035          2  0.000e+00
   7141.417     171395   4586.110     2.5369     2.5384   3.298729   3.299345   48.99688  -16.50446     5.2755     5.4042          2  0.000e+00
   7141.458     171396   4586.336     2.5369     2.5384   3.298748   3.299309   48.99688  -16.50446     5.2878     5.4052          2  0.000e+00
   7141.500     171397   4586.223     2.5367     2.5386   3.298778   3.299327   48.99688  -16.50446     5.2878     5.4060          2  0.000e+00
   8285.417     198851   4069.886     2.5412     2.5428   3.282276   3.282818   48.99672  -16.50484     5.3082     5.4149          3  0.000e+00
   8285.458     198852   4069.662     2.5412     2.5426   3.282282   3.282824   48.99672  -16.50484     5.3071     5.4053          3  0.000e+00
   8285.500     198853   4069.984     2.5412     2.5426   3.282295   3.282836   48.99672  -16.50484     5.3063     5.4134          3  0.000e+00
   8285.542     198854   4069.662     2.5412     2.5425   3.282294   3.282812   48.99672  -16.50484     5.3051     5.4137          3  0.000e+00
   8285.583     198855   4069.886     2.5412     2.5428   3.282270   3.282782   48.99672  -16.50484     5.3044     5.4144          3  0.000e+00
   8285.625     198856   4069.886     2.5412     2.5426   3.282264   3.282842   48.99672  -16.50484     5.3034     5.4149          3  0.000e+00
   8285.667     198857   4069.774     2.5411     2.5428   3.282307   3.282866   48.99672  -16.50484     5.3024     5.4055          3  0.000e+00
   8285.708     198858   4069.886     2.5411     2.5426   3.282276   3.282842   48.99672  -16.50484     5.3015     5.4038          3  0.000e+00
   8285.750     198859   4069.774     2.5412     2.5426   3.282282   3.282836   48.99672  -16.50484     5.2970     5.4117          3  0.000e+00
   8285.792     198860   4069.774     2.5412     2.5427   3.282313   3.282836   48.99672  -16.50484     5.2925     5.4125          3  0.000e+00
   8285.833     198861   4069.886     2.5412     2.5428   3.282301   3.282860   48.99672  -16.50484     5.2914     5.4107          3  0.000e+00
   8285.875     198862   4069.900     2.5411     2.5430   3.282295   3.282842   48.99672  -16.50484     5.2902     5.4087          3  0.000e+00
   8285.917     198863   4069.774     2.5411     2.5431   3.282295   3.282878   48.99672  -16.50484     5.2996     5.4091          3  0.000e+00
