Data_example/SBE_Data_Processed/JC231/SeaBird/Data/Processed/JC231_CTD_004cfaldb.cnv
* Sea-Bird SBE 9 Data File:
* FileName = C:\Users\sandm\Documents\Cruises\JC231\CTD Data\CTD Raw Data\JC231_CTD_004.hex
* Software Version Seasave V 7.26.7.121
* Temperature SN = 5700
* Conductivity SN = 2164
* Number of Bytes Per Scan = 41
* Number of Voltage Words = 4
* Number of Scans Averaged by the Deck Unit = 1
* NMEA Latitude = 49 00.00 N
* NMEA Longitude = 016 30.00 W
* NMEA UTC (Time) = May 06 2022  10:23:58
* NMEA baud rate = 9600
** Ship: RRS James Cook
** Cruise: JC231
** Cast: 004
** Event:
** Station:
** Julian Day: 126
** Time (GMT): 10:30
** Latitude: 48 59.999' N
** Longitude: 16 30.001' W
** Depth (uncorrected m): 4810m
** Principal Scientist: Dr Susan Hartman
** Operator:  TP / JG
# nquan = 15
# nvalues = 9843                        
# units = specified
# name 0 = timeS: Time, Elapsed [seconds]
# name 1 = scan: Scan Count
# name 2 = prDM: Pressure, Digiquartz [db]
# name 3 = t090C: Temperature [ITS-90, deg C]
# name 4 = t190C: Temperature, 2 [ITS-90, deg C]
# name 5 = c0S/m: Conductivity [S/m]
# name 6 = c1S/m: Conductivity, 2 [S/m]
# name 7 = latitude: Latitude [deg]
# name 8 = longitude: Longitude [deg]
# name 9 = sbeox0ML/L: Oxygen, SBE 43 [ml/l]
# name 10 = sbeox1ML/L: Oxygen, SBE 43, 2 [ml/l]
# name 11 = depSM: Depth [salt water, m], lat = 49
# name 12 = sal00: Salinity, Practical [PSU]
# name 13 = sal11: Salinity, Practical, 2 [PSU]
# name 14 = flag: flag
# span 0 =    879.805,  14781.771       
# span 1 =      21116,     354764       
# span 2 =      1.000,   4923.000       
# span 3 =     2.5304,    14.3663       
# span 4 =     2.5320,    14.3503       
# span 5 =   3.274704,   4.310083       
# span 6 =   3.275268,   4.302541       
# span 7 =   48.99670,   49.75545       
# span 8 =  -16.76041,  -16.49998       
# span 9 =     4.1677,     6.2800       
# span 10 =     3.8721,     6.4106      
# span 11 =      0.992,   4825.642      
# span 12 =    34.3587,    36.0840      
# span 13 =    34.2382,    36.0910      
# span 14 = 0.0000e+00, 0.0000e+00      
# interval = decibars: 1                
# start_time = May 06 2022 10:23:59 [System UTC, first data scan.]
# bad_flag = -9.990e-29
*END*
[from data line 1735]
   3197.499      76741   1736.000     3.9033     3.9050   3.316760   3.317240   48.99948  -16.50070     5.9870     6.1050   1714.147    34.9326    34.9364 0.0000e+00
   3198.480      76765   1737.000     3.9004     3.9017   3.316593   3.317041   48.99948  -16.50070     5.9864     6.1045   1715.131    34.9332    34.9370 0.0000e+00
   3199.465      76788   1738.000     3.8959     3.8967   3.316256   3.316629   48.99948  -16.50070     5.9875     6.1050   1716.114    34.9334    34.9370 0.0000e+00
   3200.449      76812   1739.000     3.8918     3.8932   3.315818   3.316218   48.99948  -16.50070     5.9876     6.1080   1717.097    34.9321    34.9353 0.0000e+00
   3201.424      76835   1740.000     3.8893     3.8914   3.315559   3.316027   48.99948  -16.50070     5.9887     6.1111   1718.081    34.9312    34.9346 0.0000e+00
   3202.393      76858   1741.000     3.8879     3.8901   3.315398   3.315917   48.99948  -16.50070     5.9915     6.1141   1719.064    34.9303    34.9341 0.0000e+00
   3203.361      76882   1742.000     3.8875     3.8896   3.315362   3.315874   48.99948  -16.50070     5.9935     6.1163   1720.047    34.9299    34.9337 0.0000e+00
   3204.336      76905   1743.000     3.8869     3.8890   3.315371   3.315876   48.99948  -16.50070     5.9947     6.1170   1721.031    34.9300    34.9338 0.0000e+00
   3205.325      76929   1744.000     3.8860     3.8879   3.315330   3.315826   48.99948  -16.50070     5.9939     6.1148   1722.014    34.9301    34.9338 0.0000e+00
   3206.323      76953   1745.000     3.8854     3.8873   3.315291   3.315783   48.99948  -16.50070     5.9926     6.1127   1722.998    34.9297    34.9335 0.0000e+00
   3207.325      76977   1746.000     3.8849     3.8867   3.315285   3.315779   48.99948  -16.50070     5.9905     6.1143   1723.981    34.9297    34.9336 0.0000e+00
   3208.316      77001   1747.000     3.8839     3.8856   3.315249   3.315732   48.99948  -16.50070     5.9890     6.1175   1724.964    34.9299    34.9338 0.0000e+00
   3209.292      77024   1748.000     3.8824     3.8842   3.315160   3.315640   48.99948  -16.50070     5.9902     6.1211   1725.948    34.9299    34.9337 0.0000e+00
   3210.260      77047   1749.000     3.8807     3.8827   3.315030   3.315528   48.99948  -16.50070     5.9935     6.1231   1726.931    34.9297    34.9335 0.0000e+00
   3211.227      77070   1750.000     3.8788     3.8810   3.314899   3.315413   48.99948  -16.50070     5.9977     6.1226   1727.914    34.9297    34.9334 0.0000e+00
   3212.205      77094   1751.000     3.8756     3.8778   3.314692   3.315211   48.99948  -16.50070     6.0028     6.1198   1728.897    34.9301    34.9339 0.0000e+00
   3213.190      77118   1752.000     3.8713     3.8734   3.314333   3.314848   48.99948  -16.50070     6.0035     6.1169   1729.881    34.9299    34.9337 0.0000e+00
   3214.176      77141   1753.000     3.8680     3.8700   3.313984   3.314489   48.99948  -16.50070     6.0056     6.1157   1730.864    34.9288    34.9327 0.0000e+00
   3215.156      77165   1754.000     3.8660     3.8679   3.313773   3.314269   48.99948  -16.50070     6.0080     6.1202   1731.847    34.9279    34.9317 0.0000e+00
   3216.136      77188   1755.000     3.8663     3.8682   3.313729   3.314231   48.99948  -16.50071     6.0102     6.1265   1732.831    34.9267    34.9305 0.0000e+00
   3217.125      77212   1756.000     3.8698     3.8716   3.314002   3.314502   48.99948  -16.50072     6.0130     6.1296   1733.814    34.9257    34.9297 0.0000e+00
   3218.119      77236   1757.000     3.8735     3.8752   3.314501   3.314980   48.99948  -16.50072     6.0130     6.1275   1734.797    34.9272    34.9310 0.0000e+00
   3219.106      77260   1758.000     3.8751     3.8768   3.314797   3.315271   48.99948  -16.50072     6.0081     6.1242   1735.780    34.9285    34.9323 0.0000e+00
   3220.079      77283   1759.000     3.8757     3.8775   3.314941   3.315427   48.99948  -16.50072     6.0010     6.1192   1736.764    34.9291    34.9329 0.0000e+00
   3221.041      77306   1760.000     3.8754     3.8773   3.315006   3.315504   48.99948  -16.50072     5.9945     6.1154   1737.747    34.9296    34.9336 0.0000e+00
   3222.004      77329   1761.000     3.8741     3.8759   3.314974   3.315466   48.99947  -16.50072     5.9904     6.1131   1738.730    34.9302    34.9341 0.0000e+00
   3222.983      77353   1762.000     3.8723     3.8742   3.314867   3.315358   48.99947  -16.50072     5.9882     6.1112   1739.714    34.9303    34.9341 0.0000e+00
   3223.976      77376   1763.000     3.8703     3.8723   3.314735   3.315233   48.99946  -16.50072     5.9891     6.1107   1740.697    34.9304    34.9342 0.0000e+00
   3224.976      77400   1764.000     3.8684     3.8703   3.314590   3.315086   48.99946  -16.50072     5.9915     6.1128   1741.680    34.9302    34.9340 0.0000e+00
   3225.968      77424   1765.000     3.8668     3.8686   3.314470   3.314959   48.99946  -16.50072     5.9931     6.1152   1742.663    34.9300    34.9339 0.0000e+00
   3226.946      77448   1766.000     3.8652     3.8670   3.314366   3.314845   48.99946  -16.50072     5.9944     6.1165   1743.647    34.9300    34.9337 0.0000e+00
   3227.915      77471   1767.000     3.8634     3.8653   3.314254   3.314747   48.99946  -16.50072     5.9959     6.1183   1744.630    34.9301    34.9338 0.0000e+00
   3228.888      77494   1768.000     3.8613     3.8633   3.314102   3.314598   48.99946  -16.50072     5.9982     6.1195   1745.613    34.9300    34.9337 0.0000e+00
   3229.873      77518   1769.000     3.8599     3.8620   3.313973   3.314474   48.99946  -16.50072     6.0020     6.1204   1746.596    34.9295    34.9332 0.0000e+00
   3230.863      77542   1770.000     3.8591     3.8612   3.313913   3.314421   48.99946  -16.50072     6.0034     6.1208   1747.579    34.9292    34.9329 0.0000e+00
   3231.848      77565   1771.000     3.8584     3.8604   3.313889   3.314396   48.99946  -16.50072     6.0013     6.1215   1748.563    34.9292    34.9329 0.0000e+00
   3232.825      77589   1772.000     3.8577     3.8598   3.313869   3.314376   48.99946  -16.50072     6.0006     6.1213   1749.546    34.9291    34.9329 0.0000e+00
   3233.793      77612   1773.000     3.8572     3.8592   3.313865   3.314371   48.99946  -16.50073     5.9996     6.1216   1750.529    34.9291    34.9329 0.0000e+00
   3234.759      77635   1774.000     3.8565     3.8585   3.313855   3.314359   48.99946  -16.50073     5.9982     6.1227   1751.512    34.9292    34.9331 0.0000e+00
   3235.735      77659   1775.000     3.8557     3.8576   3.313834   3.314331   48.99946  -16.50074     5.9971     6.1238   1752.496    34.9294    34.9332 0.0000e+00
   3236.723      77682   1776.000     3.8547     3.8566   3.313789   3.314286   48.99946  -16.50074     5.9954     6.1245   1753.479    34.9294    34.9332 0.0000e+00
   3237.718      77706   1777.000     3.8541     3.8561   3.313758   3.314259   48.99946  -16.50074     5.9945     6.1229   1754.462    34.9291    34.9330 0.0000e+00
   3238.714      77730   1778.000     3.8540     3.8559   3.313769   3.314269   48.99946  -16.50074     5.9961     6.1200   1755.445    34.9289    34.9328 0.0000e+00
   3239.705      77754   1779.000     3.8540     3.8559   3.313801   3.314302   48.99946  -16.50074     5.9975     6.1195   1756.428    34.9288    34.9327 0.0000e+00
   3240.692      77778   1780.000     3.8539     3.8559   3.313838   3.314339   48.99946  -16.50074     5.9995     6.1218   1757.411    34.9289    34.9327 0.0000e+00
   3241.668      77801   1781.000     3.8539     3.8558   3.313875   3.314375   48.99946  -16.50074     6.0019     6.1240   1758.395    34.9289    34.9327 0.0000e+00
   3242.635      77824   1782.000     3.8537     3.8556   3.313900   3.314404   48.99946  -16.50074     6.0033     6.1247   1759.378    34.9289    34.9328 0.0000e+00
   3243.593      77847   1783.000     3.8533     3.8553   3.313915   3.314420   48.99946  -16.50074     6.0020     6.1237   1760.361    34.9290    34.9328 0.0000e+00
   3244.558      77870   1784.000     3.8526     3.8548   3.313904   3.314419   48.99946  -16.50074     6.0032     6.1207   1761.344    34.9291    34.9329 0.0000e+00
   3245.538      77894   1785.000     3.8519     3.8541   3.313873   3.314401   48.99946  -16.50074     6.0037     6.1184   1762.327    34.9290    34.9329 0.0000e+00
   3246.534      77918   1786.000     3.8512     3.8533   3.313842   3.314371   48.99946  -16.50074     6.0011     6.1192   1763.310    34.9289    34.9329 0.0000e+00
   3247.543      77942   1787.000     3.8502     3.8523   3.313804   3.314327   48.99946  -16.50075     5.9991     6.1211   1764.294    34.9290    34.9329 0.0000e+00
   3248.548      77966   1788.000     3.8485     3.8508   3.313709   3.314240   48.99946  -16.50076     5.9944     6.1234   1765.277    34.9292    34.9330 0.0000e+00
   3249.536      77990   1789.000     3.8471     3.8495   3.313591   3.314135   48.99946  -16.50076     5.9921     6.1249   1766.260    34.9288    34.9327 0.0000e+00
   3250.506      78013   1790.000     3.8461     3.8484   3.313511   3.314058   48.99946  -16.50076     5.9942     6.1279   1767.243    34.9284    34.9324 0.0000e+00
   3251.463      78036   1791.000     3.8455     3.8476   3.313475   3.314005   48.99946  -16.50075     5.9959     6.1287   1768.226    34.9282    34.9321 0.0000e+00
   3252.416      78059   1792.000     3.8448     3.8470   3.313457   3.313981   48.99946  -16.50075     5.9974     6.1266   1769.209    34.9282    34.9320 0.0000e+00
   3253.380      78082   1793.000     3.8438     3.8461   3.313418   3.313949   48.99946  -16.50076     5.9983     6.1262   1770.192    34.9283    34.9322 0.0000e+00
   3254.362      78106   1794.000     3.8427     3.8449   3.313358   3.313880   48.99946  -16.50076     5.9991     6.1286   1771.175    34.9283    34.9321 0.0000e+00
   3255.364      78130   1795.000     3.8415     3.8437   3.313288   3.313814   48.99946  -16.50076     6.0017     6.1300   1772.159    34.9282    34.9321 0.0000e+00
   3256.378      78154   1796.000     3.8402     3.8422   3.313214   3.313726   48.99946  -16.50076     6.0047     6.1288   1773.142    34.9283    34.9321 0.0000e+00
   3257.383      78178   1797.000     3.8387     3.8405   3.313127   3.313626   48.99946  -16.50076     6.0080     6.1255   1774.125    34.9283    34.9323 0.0000e+00
   3258.369      78202   1798.000     3.8375     3.8388   3.313035   3.313507   48.99946  -16.50076     6.0088     6.1234   1775.108    34.9281    34.9321 0.0000e+00
   3259.339      78225   1799.000     3.8366     3.8376   3.312984   3.313420   48.99945  -16.50076     6.0085     6.1239   1776.091    34.9279    34.9319 0.0000e+00
   3260.298      78248   1800.000     3.8354     3.8365   3.312931   3.313355   48.99944  -16.50076     6.0062     6.1259   1777.074    34.9281    34.9319 0.0000e+00
   3261.259      78271   1801.000     3.8342     3.8356   3.312849   3.313295   48.99944  -16.50076     6.0044     6.1275   1778.057    34.9279    34.9316 0.0000e+00
   3262.230      78295   1802.000     3.8334     3.8351   3.312805   3.313279   48.99944  -16.50076     6.0066     6.1285   1779.040    34.9277    34.9315 0.0000e+00
   3263.218      78318   1803.000     3.8325     3.8344   3.312770   3.313267   48.99944  -16.50077     6.0097     6.1290   1780.023    34.9277    34.9316 0.0000e+00
   3264.217      78342   1804.000     3.8318     3.8337   3.312734   3.313236   48.99944  -16.50078     6.0088     6.1288   1781.006    34.9276    34.9315 0.0000e+00
   3265.218      78366   1805.000     3.8309     3.8328   3.312704   3.313203   48.99944  -16.50078     6.0069     6.1282   1781.989    34.9276    34.9315 0.0000e+00
   3266.209      78390   1806.000     3.8301     3.8319   3.312660   3.313158   48.99944  -16.50078     6.0058     6.1293   1782.972    34.9276    34.9315 0.0000e+00
   3267.184      78413   1807.000     3.8292     3.8310   3.312624   3.313116   48.99944  -16.50078     6.0048     6.1304   1783.955    34.9276    34.9315 0.0000e+00
   3268.147      78437   1808.000     3.8283     3.8298   3.312585   3.313060   48.99944  -16.50078     6.0049     6.1315   1784.939    34.9275    34.9316 0.0000e+00
   3269.113      78460   1809.000     3.8272     3.8286   3.312526   3.312971   48.99944  -16.50078     6.0056     6.1309   1785.922    34.9276    34.9314 0.0000e+00
   3270.094      78483   1810.000     3.8261     3.8279   3.312449   3.312920   48.99944  -16.50078     6.0059     6.1298   1786.905    34.9273    34.9310 0.0000e+00
   3271.090      78507   1811.000     3.8256     3.8276   3.312416   3.312915   48.99944  -16.50078     6.0067     6.1301   1787.888    34.9270    34.9307 0.0000e+00
   3272.090      78531   1812.000     3.8255     3.8276   3.312425   3.312947   48.99944  -16.50078     6.0068     6.1313   1788.871    34.9268    34.9307 0.0000e+00
   3273.083      78555   1813.000     3.8255     3.8276   3.312460   3.312986   48.99944  -16.50078     6.0068     6.1313   1789.854    34.9267    34.9307 0.0000e+00
   3274.062      78578   1814.000     3.8252     3.8273   3.312490   3.313013   48.99944  -16.50078     6.0084     6.1301   1790.837    34.9268    34.9308 0.0000e+00
   3275.030      78602   1815.000     3.8248     3.8268   3.312505   3.313021   48.99944  -16.50078     6.0086     6.1306   1791.820    34.9269    34.9309 0.0000e+00
   3275.994      78625   1816.000     3.8243     3.8262   3.312503   3.313008   48.99944  -16.50078     6.0097     6.1324   1792.803    34.9270    34.9309 0.0000e+00
   3276.963      78648   1817.000     3.8237     3.8256   3.312492   3.312994   48.99944  -16.50078     6.0109     6.1318   1793.786    34.9270    34.9309 0.0000e+00
   3277.942      78672   1818.000     3.8230     3.8249   3.312476   3.312984   48.99944  -16.50078     6.0130     6.1307   1794.769    34.9271    34.9310 0.0000e+00
   3278.932      78695   1819.000     3.8220     3.8239   3.312446   3.312956   48.99944  -16.50078     6.0122     6.1312   1795.752    34.9272    34.9312 0.0000e+00
   3279.931      78719   1820.000     3.8208     3.8227   3.312387   3.312895   48.99944  -16.50078     6.0071     6.1324   1796.735    34.9273    34.9313 0.0000e+00
   3280.925      78743   1821.000     3.8195     3.8214   3.312313   3.312818   48.99944  -16.50078     6.0040     6.1323   1797.718    34.9274    34.9313 0.0000e+00
   3281.906      78767   1822.000     3.8185     3.8203   3.312244   3.312749   48.99944  -16.50078     6.0039     6.1305   1798.701    34.9272    34.9312 0.0000e+00
   3282.871      78790   1823.000     3.8176     3.8193   3.312208   3.312699   48.99944  -16.50078     6.0037     6.1300   1799.684    34.9271    34.9312 0.0000e+00
   3283.832      78813   1824.000     3.8169     3.8184   3.312180   3.312654   48.99944  -16.50078     6.0057     6.1296   1800.667    34.9271    34.9312 0.0000e+00
   3284.801      78836   1825.000     3.8160     3.8172   3.312148   3.312605   48.99944  -16.50078     6.0087     6.1300   1801.650    34.9272    34.9313 0.0000e+00
   3285.786      78860   1826.000     3.8146     3.8159   3.312087   3.312531   48.99944  -16.50078     6.0110     6.1307   1802.633    34.9274    34.9314 0.0000e+00
   3286.781      78884   1827.000     3.8132     3.8147   3.311991   3.312448   48.99944  -16.50078     6.0114     6.1311   1803.616    34.9274    34.9312 0.0000e+00
   3287.776      78908   1828.000     3.8122     3.8141   3.311922   3.312409   48.99944  -16.50078     6.0110     6.1310   1804.599    34.9270    34.9309 0.0000e+00
   3288.763      78931   1829.000     3.8118     3.8138   3.311905   3.312411   48.99944  -16.50078     6.0124     6.1283   1805.582    34.9268    34.9307 0.0000e+00
   3289.738      78955   1830.000     3.8114     3.8134   3.311914   3.312422   48.99944  -16.50078     6.0137     6.1273   1806.564    34.9268    34.9308 0.0000e+00
   3290.703      78978   1831.000     3.8107     3.8126   3.311911   3.312412   48.99944  -16.50078     6.0129     6.1295   1807.547    34.9271    34.9310 0.0000e+00
