Data_example/SBE_Data_Processed/JC231/SeaBird/Data/Processed/JC231_CTD_001cfaldb.cnv
* Sea-Bird SBE 9 Data File:
* FileName = C:\Users\sandm\Documents\Cruises\JC231\CTD Data\CTD Raw Data\JC231_CTD_001.hex
* Software Version Seasave V 7.26.7.121
* Temperature SN = 5700
* Conductivity SN = 2164
* Number of Bytes Per Scan = 41
* Number of Voltage Words = 4
* Number of Scans Averaged by the Deck Unit = 1
* NMEA Latitude = 48 33.24 N
* NMEA Longitude = 009 55.75 W
* NMEA UTC (Time) = May 02 2022  18:08:10
* NMEA baud rate = 9600
** Ship: RRS James Cook
** Cruise: JC231
** Cast: 001
** Event:
** Station: 001
** Julian Day: 122
** Time (GMT): 18:05
** Latitude: 48 33.239' N
** Longitude: 009 55.746' W
** Depth (uncorrected m): 1900m
** Principal Scientist: Dr Susan Hartman
** Operator:  TP / JG
# nquan = 15
# nvalues = 3755                        
# units = specified
# name 0 = timeS: Time, Elapsed [seconds]
# name 1 = scan: Scan Count
# name 2 = prDM: Pressure, Digiquartz [db]
# name 3 = t090C: Temperature [ITS-90, deg C]
# name 4 = t190C: Temperature, 2 [ITS-90, deg C]
# name 5 = c0S/m: Conductivity [S/m]
# name 6 = c1S/m: Conductivity, 2 [S/m]
# name 7 = latitude: Latitude [deg]
# name 8 = longitude: Longitude [deg]
# name 9 = sbeox0ML/L: Oxygen, SBE 43 [ml/l]
# name 10 = sbeox1ML/L: Oxygen, SBE 43, 2 [ml/l]
# name 11 = depSM: Depth [salt water, m], lat = 48.554
# name 12 = sal00: Salinity, Practical [PSU]
# name 13 = sal11: Salinity, Practical, 2 [PSU]
# name 14 = flag: flag
# span 0 =    253.451,   7787.755       
# span 1 =       6084,     186907       
# span 2 =      1.000,   1878.000       
# span 3 =     4.2936,    14.4658       
# span 4 =     4.2973,    13.9151       
# span 5 =   3.369016,   4.312767       
# span 6 =   3.369838,   4.296226       
# span 7 =   48.55398,   48.55400       
# span 8 =   -9.92912,   -9.92908       
# span 9 =     4.0282,     6.0667       
# span 10 =     4.2167,     6.2027      
# span 11 =      0.992,   1853.816      
# span 12 =    34.1387,    36.4663      
# span 13 =    33.6476,    36.3507      
# span 14 = 0.0000e+00, 0.0000e+00      
# interval = decibars: 1                
# start_time = May 02 2022 18:08:11 [System UTC, first data scan.]
# bad_flag = -9.990e-29
*END*
[from data line 2217]
   4080.743      97939   1538.000     5.6167     5.6185   3.487498   3.488102   48.55400   -9.92912     5.1202     5.2190   1519.411    35.2093    35.2143 0.0000e+00
   4081.728      97962   1537.000     5.6175     5.6219   3.487484   3.488319   48.55400   -9.92912     5.1189     5.2189   1518.427    35.2089    35.2137 0.0000e+00
   4082.716      97986   1536.000     5.6194     5.6252   3.487590   3.488644   48.55400   -9.92912     5.1221     5.2182   1517.443    35.2086    35.2144 0.0000e+00
   4083.704      98010   1535.000     5.6216     5.6272   3.487760   3.488860   48.55400   -9.92912     5.1244     5.2183   1516.458    35.2087    35.2152 0.0000e+00
   4084.690      98034   1534.000     5.6237     5.6286   3.487937   3.488971   48.55400   -9.92912     5.1245     5.2190   1515.474    35.2089    35.2156 0.0000e+00
   4085.669      98057   1533.000     5.6254     5.6297   3.488093   3.489058   48.55400   -9.92912     5.1243     5.2187   1514.490    35.2094    35.2159 0.0000e+00
   4086.641      98080   1532.000     5.6265     5.6300   3.488185   3.489082   48.55400   -9.92912     5.1243     5.2177   1513.505    35.2098    35.2164 0.0000e+00
   4087.609      98104   1531.000     5.6272     5.6297   3.488235   3.489019   48.55400   -9.92912     5.1235     5.2162   1512.521    35.2101    35.2164 0.0000e+00
   4088.584      98127   1530.000     5.6276     5.6304   3.488246   3.488997   48.55400   -9.92912     5.1224     5.2158   1511.537    35.2103    35.2159 0.0000e+00
   4089.573      98151   1529.000     5.6281     5.6318   3.488246   3.489083   48.55400   -9.92912     5.1231     5.2156   1510.552    35.2103    35.2159 0.0000e+00
   4090.587      98175   1528.000     5.6287     5.6327   3.488266   3.489163   48.55400   -9.92912     5.1247     5.2137   1509.568    35.2103    35.2163 0.0000e+00
   4091.637      98200   1527.000     5.6296     5.6333   3.488303   3.489198   48.55400   -9.92912     5.1253     5.2117   1508.583    35.2103    35.2165 0.0000e+00
   4092.748      98227   1526.000     5.6304     5.6339   3.488351   3.489215   48.55400   -9.92912     5.1258     5.2112   1507.599    35.2105    35.2166 0.0000e+00
   4093.952      98256   1525.000     5.6310     5.6342   3.488375   3.489225   48.55400   -9.92912     5.1269     5.2123   1506.615    35.2106    35.2169 0.0000e+00
   4095.291      98288   1524.000     5.6312     5.6342   3.488382   3.489192   48.55400   -9.92912     5.1250     5.2149   1505.630    35.2109    35.2170 0.0000e+00
   4096.895      98326   1523.000     5.6293     5.6331   3.488236   3.489090   48.55400   -9.92912     5.1231     5.2161   1504.646    35.2118    35.2175 0.0000e+00
   4099.130      98380   1522.000     5.6249     5.6284   3.487758   3.488658   48.55400   -9.92912     5.1226     5.2163   1503.661    35.2114    35.2179 0.0000e+00
   4232.997     101593   1521.000     5.6403     5.6404   3.489247   3.489703   48.55400   -9.92912     5.1220     5.2160   1502.677    35.2127    35.2178 0.0000e+00
   4254.606     102112   1520.000     5.6413     5.6434   3.489295   3.489940   48.55400   -9.92912     5.1225     5.2165   1501.693    35.2127    35.2178 0.0000e+00
   4256.362     102154   1519.000     5.6415     5.6444   3.489243   3.489996   48.55400   -9.92912     5.1237     5.2173   1500.708    35.2124    35.2179 0.0000e+00
   4257.839     102189   1518.000     5.6419     5.6449   3.489240   3.490018   48.55400   -9.92912     5.1246     5.2170   1499.724    35.2124    35.2181 0.0000e+00
   4259.124     102220   1517.000     5.6422     5.6455   3.489230   3.490017   48.55400   -9.92912     5.1254     5.2155   1498.739    35.2124    35.2180 0.0000e+00
   4260.268     102247   1516.000     5.6424     5.6470   3.489206   3.490086   48.55400   -9.92912     5.1242     5.2144   1497.755    35.2124    35.2176 0.0000e+00
   4261.315     102273   1515.000     5.6428     5.6497   3.489197   3.490267   48.55400   -9.92912     5.1222     5.2126   1496.771    35.2124    35.2174 0.0000e+00
   4262.304     102296   1514.000     5.6434     5.6526   3.489203   3.490514   48.55400   -9.92912     5.1218     5.2135   1495.786    35.2123    35.2176 0.0000e+00
   4263.271     102319   1513.000     5.6444     5.6546   3.489240   3.490703   48.55400   -9.92912     5.1229     5.2144   1494.802    35.2122    35.2182 0.0000e+00
   4264.238     102343   1512.000     5.6463     5.6566   3.489346   3.490861   48.55400   -9.92912     5.1246     5.2129   1493.817    35.2119    35.2184 0.0000e+00
   4265.213     102366   1511.000     5.6485     5.6589   3.489520   3.491033   48.55400   -9.92912     5.1256     5.2112   1492.833    35.2120    35.2184 0.0000e+00
   4266.202     102390   1510.000     5.6507     5.6613   3.489697   3.491243   48.55400   -9.92912     5.1257     5.2104   1491.848    35.2123    35.2187 0.0000e+00
   4267.197     102414   1509.000     5.6533     5.6632   3.489890   3.491415   48.55400   -9.92912     5.1248     5.2115   1490.864    35.2122    35.2192 0.0000e+00
   4268.188     102438   1508.000     5.6565     5.6649   3.490152   3.491544   48.55400   -9.92912     5.1251     5.2135   1489.879    35.2123    35.2193 0.0000e+00
   4269.165     102461   1507.000     5.6597     5.6673   3.490428   3.491710   48.55400   -9.92912     5.1270     5.2140   1488.895    35.2127    35.2192 0.0000e+00
   4270.131     102484   1506.000     5.6625     5.6697   3.490691   3.491922   48.55400   -9.92912     5.1259     5.2119   1487.910    35.2131    35.2196 0.0000e+00
   4271.095     102507   1505.000     5.6646     5.6714   3.490900   3.492075   48.55400   -9.92912     5.1226     5.2087   1486.926    35.2138    35.2200 0.0000e+00
   4272.067     102531   1504.000     5.6661     5.6761   3.491022   3.492317   48.55400   -9.92912     5.1195     5.2070   1485.942    35.2141    35.2184 0.0000e+00
   4273.046     102554   1503.000     5.6682     5.6848   3.491152   3.493030   48.55400   -9.92912     5.1190     5.2079   1484.957    35.2139    35.2179 0.0000e+00
   4274.028     102578   1502.000     5.6720     5.6911   3.491417   3.493780   48.55400   -9.92912     5.1216     5.2076   1483.973    35.2134    35.2203 0.0000e+00
   4275.008     102601   1501.000     5.6776     5.6939   3.491845   3.494157   48.55399   -9.92912     5.1250     5.2069   1482.988    35.2130    35.2221 0.0000e+00
   4275.989     102625   1500.000     5.6841     5.6944   3.492452   3.494244   48.55399   -9.92912     5.1180     5.2052   1482.004    35.2135    35.2232 0.0000e+00
   4276.979     102648   1499.000     5.6885     5.6945   3.492978   3.494204   48.55399   -9.92912     5.1074     5.2040   1481.019    35.2154    35.2230 0.0000e+00
   4277.972     102672   1498.000     5.6904     5.6960   3.493212   3.494256   48.55400   -9.92911     5.1037     5.2038   1480.035    35.2165    35.2225 0.0000e+00
   4278.961     102696   1497.000     5.6924     5.6986   3.493350   3.494431   48.55400   -9.92911     5.1125     5.2053   1479.050    35.2165    35.2224 0.0000e+00
   4279.940     102720   1496.000     5.6954     5.7009   3.493564   3.494651   48.55400   -9.92911     5.1188     5.2063   1478.066    35.2164    35.2229 0.0000e+00
   4280.906     102743   1495.000     5.6980     5.7026   3.493818   3.494794   48.55400   -9.92912     5.1080     5.2057   1477.081    35.2170    35.2232 0.0000e+00
   4281.866     102766   1494.000     5.6997     5.7050   3.493986   3.494960   48.55400   -9.92912     5.1080     5.2043   1476.097    35.2176    35.2231 0.0000e+00
   4282.832     102789   1493.000     5.7014     5.7081   3.494107   3.495204   48.55400   -9.92912     5.1158     5.2023   1475.112    35.2177    35.2231 0.0000e+00
   4283.811     102812   1492.000     5.7035     5.7123   3.494259   3.495529   48.55400   -9.92912     5.1172     5.1997   1474.128    35.2177    35.2229 0.0000e+00
   4284.801     102836   1491.000     5.7061     5.7177   3.494459   3.495997   48.55400   -9.92912     5.1103     5.1988   1473.143    35.2177    35.2230 0.0000e+00
   4285.793     102860   1490.000     5.7094     5.7220   3.494720   3.496465   48.55400   -9.92912     5.1086     5.1981   1472.158    35.2177    35.2244 0.0000e+00
   4286.781     102884   1489.000     5.7135     5.7246   3.495059   3.496749   48.55400   -9.92912     5.1224     5.1970   1471.174    35.2178    35.2253 0.0000e+00
   4287.764     102907   1488.000     5.7177     5.7266   3.495447   3.496918   48.55400   -9.92912     5.1193     5.1959   1470.189    35.2183    35.2257 0.0000e+00
   4288.747     102931   1487.000     5.7210     5.7289   3.495788   3.497101   48.55400   -9.92911     5.1046     5.1953   1469.205    35.2192    35.2258 0.0000e+00
   4289.731     102955   1486.000     5.7234     5.7313   3.496029   3.497307   48.55400   -9.92911     5.1031     5.1960   1468.220    35.2199    35.2261 0.0000e+00
   4290.715     102978   1485.000     5.7253     5.7329   3.496203   3.497475   48.55400   -9.92912     5.1046     5.1961   1467.236    35.2203    35.2269 0.0000e+00
   4291.692     103002   1484.000     5.7265     5.7317   3.496322   3.497444   48.55400   -9.92912     5.1049     5.1953   1466.251    35.2209    35.2282 0.0000e+00
   4292.669     103025   1483.000     5.7266     5.7292   3.496345   3.497189   48.55400   -9.92912     5.1059     5.1950   1465.267    35.2216    35.2284 0.0000e+00
   4293.648     103049   1482.000     5.7259     5.7270   3.496268   3.496903   48.55400   -9.92912     5.1072     5.1945   1464.282    35.2219    35.2279 0.0000e+00
   4294.627     103072   1481.000     5.7248     5.7266   3.496125   3.496721   48.55400   -9.92912     5.1063     5.1948   1463.297    35.2219    35.2267 0.0000e+00
   4295.606     103096   1480.000     5.7249     5.7288   3.496026   3.496815   48.55400   -9.92912     5.1054     5.1962   1462.313    35.2212    35.2260 0.0000e+00
   4296.586     103119   1479.000     5.7260     5.7314   3.496062   3.497032   48.55400   -9.92912     5.1061     5.1964   1461.328    35.2209    35.2263 0.0000e+00
   4297.571     103143   1478.000     5.7276     5.7339   3.496165   3.497245   48.55400   -9.92912     5.1063     5.1952   1460.344    35.2209    35.2265 0.0000e+00
   4298.562     103166   1477.000     5.7295     5.7365   3.496309   3.497467   48.55400   -9.92912     5.1047     5.1933   1459.359    35.2210    35.2268 0.0000e+00
   4299.554     103190   1476.000     5.7312     5.7384   3.496451   3.497647   48.55400   -9.92912     5.1046     5.1921   1458.374    35.2213    35.2274 0.0000e+00
   4300.542     103214   1475.000     5.7327     5.7397   3.496563   3.497752   48.55399   -9.92912     5.1048     5.1929   1457.390    35.2216    35.2277 0.0000e+00
   4301.521     103238   1474.000     5.7342     5.7406   3.496671   3.497827   48.55399   -9.92912     5.1044     5.1937   1456.405    35.2217    35.2281 0.0000e+00
   4302.494     103261   1473.000     5.7357     5.7409   3.496786   3.497838   48.55398   -9.92912     5.1047     5.1932   1455.421    35.2219    35.2283 0.0000e+00
   4303.462     103284   1472.000     5.7370     5.7415   3.496887   3.497843   48.55398   -9.92912     5.1031     5.1915   1454.436    35.2221    35.2282 0.0000e+00
   4304.433     103307   1471.000     5.7382     5.7426   3.496969   3.497897   48.55399   -9.92912     5.1044     5.1888   1453.451    35.2223    35.2282 0.0000e+00
   4305.415     103331   1470.000     5.7396     5.7441   3.497057   3.497994   48.55399   -9.92912     5.1051     5.1864   1452.467    35.2223    35.2282 0.0000e+00
   4306.410     103355   1469.000     5.7411     5.7461   3.497167   3.498123   48.55399   -9.92912     5.1029     5.1868   1451.482    35.2225    35.2281 0.0000e+00
   4307.409     103379   1468.000     5.7426     5.7493   3.497266   3.498337   48.55399   -9.92912     5.1021     5.1899   1450.497    35.2226    35.2276 0.0000e+00
   4308.398     103403   1467.000     5.7448     5.7531   3.497410   3.498691   48.55398   -9.92912     5.1008     5.1912   1449.513    35.2224    35.2282 0.0000e+00
   4309.379     103426   1466.000     5.7479     5.7558   3.497649   3.498943   48.55398   -9.92912     5.0998     5.1899   1448.528    35.2224    35.2287 0.0000e+00
   4310.357     103450   1465.000     5.7505     5.7599   3.497901   3.499249   48.55398   -9.92912     5.0994     5.1865   1447.543    35.2229    35.2284 0.0000e+00
   4311.336     103473   1464.000     5.7525     5.7634   3.498092   3.499588   48.55398   -9.92912     5.0979     5.1843   1446.559    35.2235    35.2291 0.0000e+00
   4312.318     103497   1463.000     5.7550     5.7670   3.498262   3.499898   48.55398   -9.92912     5.0958     5.1841   1445.574    35.2233    35.2294 0.0000e+00
   4313.300     103520   1462.000     5.7591     5.7706   3.498553   3.500215   48.55398   -9.92912     5.0966     5.1859   1444.589    35.2229    35.2297 0.0000e+00
   4314.279     103544   1461.000     5.7640     5.7752   3.498970   3.500591   48.55398   -9.92912     5.0980     5.1877   1443.605    35.2229    35.2296 0.0000e+00
   4315.257     103567   1460.000     5.7694     5.7788   3.499464   3.501001   48.55398   -9.92912     5.0968     5.1882   1442.620    35.2234    35.2310 0.0000e+00
   4316.235     103591   1459.000     5.7736     5.7809   3.499897   3.501218   48.55398   -9.92912     5.0968     5.1902   1441.635    35.2244    35.2317 0.0000e+00
   4317.215     103614   1458.000     5.7775     5.7822   3.500262   3.501342   48.55398   -9.92912     5.0980     5.1909   1440.651    35.2250    35.2323 0.0000e+00
   4318.203     103638   1457.000     5.7802     5.7823   3.500561   3.501361   48.55398   -9.92912     5.0988     5.1889   1439.666    35.2261    35.2329 0.0000e+00
   4319.200     103662   1456.000     5.7812     5.7831   3.500696   3.501347   48.55398   -9.92912     5.0982     5.1870   1438.681    35.2270    35.2323 0.0000e+00
   4320.196     103686   1455.000     5.7811     5.7853   3.500686   3.501494   48.55399   -9.92912     5.0963     5.1844   1437.697    35.2275    35.2322 0.0000e+00
   4321.187     103709   1454.000     5.7816     5.7879   3.500653   3.501693   48.55400   -9.92912     5.0950     5.1815   1436.712    35.2271    35.2322 0.0000e+00
   4322.172     103733   1453.000     5.7833     5.7909   3.500739   3.501942   48.55400   -9.92912     5.0948     5.1802   1435.727    35.2267    35.2324 0.0000e+00
   4323.150     103757   1452.000     5.7858     5.7933   3.500918   3.502172   48.55399   -9.92912     5.0935     5.1796   1434.742    35.2267    35.2330 0.0000e+00
   4324.122     103780   1451.000     5.7884     5.7961   3.501134   3.502354   48.55398   -9.92912     5.0920     5.1800   1433.758    35.2269    35.2327 0.0000e+00
   4325.093     103803   1450.000     5.7913     5.8021   3.501359   3.502771   48.55398   -9.92912     5.0920     5.1818   1432.773    35.2269    35.2316 0.0000e+00
   4326.067     103827   1449.000     5.7961     5.8108   3.501700   3.503473   48.55398   -9.92912     5.0927     5.1822   1431.788    35.2262    35.2310 0.0000e+00
   4327.047     103850   1448.000     5.8037     5.8221   3.502294   3.504497   48.55398   -9.92912     5.0942     5.1810   1430.804    35.2256    35.2313 0.0000e+00
   4328.034     103874   1447.000     5.8129     5.8335   3.503128   3.505595   48.55399   -9.92912     5.0925     5.1791   1429.819    35.2259    35.2324 0.0000e+00
   4329.024     103898   1446.000     5.8231     5.8434   3.504055   3.506643   48.55400   -9.92912     5.0888     5.1756   1428.834    35.2263    35.2345 0.0000e+00
   4330.012     103921   1445.000     5.8328     5.8516   3.505049   3.507455   48.55400   -9.92912     5.0853     5.1708   1427.849    35.2279    35.2356 0.0000e+00
   4330.998     103945   1444.000     5.8410     5.8623   3.505882   3.508332   48.55399   -9.92912     5.0806     5.1678   1426.864    35.2293    35.2349 0.0000e+00
   4331.978     103968   1443.000     5.8496     5.8753   3.506643   3.509560   48.55398   -9.92912     5.0768     5.1648   1425.880    35.2295    35.2358 0.0000e+00
