Data_example/SBE_Data_Processed/JC231/SeaBird/Data/Processed/JC231_CTD_004c.ros
* Sea-Bird SBE 9 Data File:
* FileName = C:\Users\sandm\Documents\Cruises\JC231\CTD Data\CTD Raw Data\JC231_CTD_004.hex
* Software Version Seasave V 7.26.7.121
* Temperature SN = 5700
* Conductivity SN = 2164
* Number of Bytes Per Scan = 41
* Number of Voltage Words = 4
* Number of Scans Averaged by the Deck Unit = 1
* NMEA Latitude = 49 00.00 N
* NMEA Longitude = 016 30.00 W
* NMEA UTC (Time) = May 06 2022  10:23:58
* NMEA baud rate = 9600
** Ship: RRS James Cook
** Cruise: JC231
** Cast: 004
** Event:
** Station:
** Julian Day: 126
** Time (GMT): 10:30
** Latitude: 48 59.999' N
** Longitude: 16 30.001' W
** Depth (uncorrected m): 4810m
** Principal Scientist: Dr Susan Hartman
** Operator:  TP / JG
# nquan = 13
# nvalues = 1078                                  
# units = specified
# name 0 = timeS: Time, Elapsed [seconds]
# name 1 = scan: Scan Count
# name 2 = prDM: Pressure, Digiquartz [db]
# name 3 = t090C: Temperature [ITS-90, deg C]
# name 4 = t190C: Temperature, 2 [ITS-90, deg C]
# name 5 = c0S/m: Conductivity [S/m]
# name 6 = c1S/m: Conductivity, 2 [S/m]
# name 7 = latitude: Latitude [deg]
# name 8 = longitude: Longitude [deg]
# name 9 = sbeox0ML/L: Oxygen, SBE 43 [ml/l]
# name 10 = sbeox1ML/L: Oxygen, SBE 43, 2 [ml/l]
# name 11 = nbf: Bottles Fired
# name 12 = flag:  0.000e+00
# interval = seconds: 0.0416667
# start_time = May 06 2022 10:23:59 [System UTC, first data scan.]
# bad_flag = -9.990e-29
*END*
[from data line 223]
  10458.250     250999   2024.254     3.6966     3.6964   3.309612   3.309883   48.99674  -16.50484     5.9932     6.0909          5  0.000e+00
  10458.292     251000   2023.952     3.6964     3.6964   3.309611   3.309876   48.99674  -16.50484     5.9927     6.0904          5  0.000e+00
  10458.333     251001   2024.254     3.6967     3.6961   3.309636   3.309931   48.99674  -16.50484     5.9925     6.0903          5  0.000e+00
  10458.375     251002   2024.158     3.6966     3.6961   3.309624   3.309937   48.99674  -16.50484     5.9867     6.0899          5  0.000e+00
  10458.417     251003   2024.254     3.6966     3.6963   3.309636   3.309889   48.99674  -16.50484     5.9933     6.0908          5  0.000e+00
  10458.458     251004   2024.048     3.6966     3.6961   3.309624   3.309895   48.99674  -16.50484     5.9943     6.0904          5  0.000e+00
  10458.500     251005   2024.158     3.6966     3.6961   3.309611   3.309907   48.99674  -16.50484     5.9872     6.0966          5  0.000e+00
  10458.542     251006   2024.254     3.6967     3.6963   3.309612   3.309858   48.99674  -16.50484     5.9922     6.0910          5  0.000e+00
  10458.583     251007   2024.158     3.6964     3.6966   3.309587   3.309864   48.99674  -16.50484     5.9933     6.0906          5  0.000e+00
  10458.625     251008   2024.048     3.6964     3.6966   3.309605   3.309852   48.99674  -16.50484     5.9928     6.0902          5  0.000e+00
  10458.667     251009   2024.158     3.6967     3.6967   3.309636   3.309846   48.99674  -16.50484     5.9870     6.0964          5  0.000e+00
  10458.708     251010   2024.103     3.6966     3.6969   3.309624   3.309846   48.99674  -16.50484     5.9850     6.0982          5  0.000e+00
  10458.750     251011   2024.158     3.6966     3.6967   3.309611   3.309846   48.99674  -16.50484     5.9900     6.0990          5  0.000e+00
  10458.792     251012   2024.254     3.6966     3.6967   3.309612   3.309864   48.99674  -16.50484     5.9912     6.0998          5  0.000e+00
  10458.833     251013   2024.048     3.6966     3.6967   3.309611   3.309876   48.99674  -16.50484     5.9836     6.0939          5  0.000e+00
  10458.875     251014   2024.158     3.6966     3.6967   3.309636   3.309919   48.99674  -16.50484     5.9901     6.0946          5  0.000e+00
  10458.917     251015   2024.158     3.6966     3.6969   3.309618   3.309889   48.99674  -16.50484     5.9912     6.0954          5  0.000e+00
  10458.958     251016   2024.255     3.6966     3.6969   3.309636   3.309877   48.99674  -16.50484     5.9923     6.0951          5  0.000e+00
  10459.000     251017   2024.158     3.6966     3.6966   3.309642   3.309895   48.99674  -16.50484     5.9933     6.0947          5  0.000e+00
  10459.042     251018   2024.048     3.6967     3.6967   3.309642   3.309883   48.99674  -16.50484     5.9874     6.0942          5  0.000e+00
  10459.083     251019   2024.158     3.6966     3.6971   3.309624   3.309895   48.99674  -16.50484     5.9871     6.0938          5  0.000e+00
  10459.125     251020   2024.158     3.6966     3.6967   3.309636   3.309883   48.99674  -16.50484     5.9921     6.0947          5  0.000e+00
  12281.042     294746   1009.267     7.2261     7.2283   3.622689   3.623122   48.99672  -16.50486     4.6570     4.7487          6  0.000e+00
  12281.083     294747   1009.676     7.2261     7.2284   3.622677   3.623160   48.99672  -16.50486     4.6574     4.7492          6  0.000e+00
  12281.125     294748   1009.472     7.2258     7.2283   3.622670   3.623178   48.99672  -16.50486     4.6583     4.7488          6  0.000e+00
  12281.167     294749   1009.267     7.2258     7.2284   3.622670   3.623172   48.99672  -16.50486     4.6542     4.7483          6  0.000e+00
  12281.208     294750   1009.376     7.2260     7.2283   3.622670   3.623153   48.99672  -16.50486     4.6587     4.7480          6  0.000e+00
  12281.250     294751   1009.526     7.2260     7.2283   3.622639   3.623122   48.99672  -16.50486     4.6591     4.7477          6  0.000e+00
  12281.292     294752   1009.376     7.2260     7.2283   3.622632   3.623085   48.99672  -16.50486     4.6592     4.7478          6  0.000e+00
  12281.333     294753   1009.376     7.2260     7.2283   3.622658   3.623053   48.99672  -16.50486     4.6594     4.7480          6  0.000e+00
  12281.375     294754   1009.472     7.2261     7.2283   3.622645   3.623097   48.99672  -16.50486     4.6597     4.7483          6  0.000e+00
  12281.417     294755   1009.376     7.2260     7.2279   3.622702   3.623110   48.99672  -16.50486     4.6608     4.7484          6  0.000e+00
  12281.458     294756   1009.472     7.2258     7.2276   3.622633   3.623091   48.99672  -16.50486     4.6620     4.7481          6  0.000e+00
  12281.500     294757   1009.376     7.2260     7.2276   3.622626   3.623085   48.99672  -16.50486     4.6563     4.7482          6  0.000e+00
  12281.542     294758   1009.472     7.2258     7.2274   3.622639   3.623103   48.99672  -16.50486     4.6609     4.7478          6  0.000e+00
  12281.583     294759   1009.322     7.2257     7.2276   3.622677   3.623059   48.99672  -16.50486     4.6612     4.7472          6  0.000e+00
  12281.625     294760   1009.472     7.2253     7.2273   3.622677   3.623097   48.99672  -16.50486     4.6616     4.7468          6  0.000e+00
  12281.667     294761   1009.376     7.2258     7.2269   3.622670   3.623060   48.99672  -16.50486     4.6618     4.7463          6  0.000e+00
  12281.708     294762   1009.472     7.2255     7.2269   3.622670   3.623041   48.99672  -16.50486     4.6613     4.7464          6  0.000e+00
  12281.750     294763   1009.376     7.2258     7.2271   3.622639   3.622997   48.99672  -16.50486     4.6615     4.7458          6  0.000e+00
  12281.792     294764   1009.472     7.2255     7.2269   3.622633   3.623003   48.99672  -16.50486     4.6619     4.7453          6  0.000e+00
  12281.833     294765   1009.376     7.2257     7.2268   3.622658   3.622984   48.99672  -16.50486     4.6612     4.7446          6  0.000e+00
  12281.875     294766   1009.526     7.2255     7.2266   3.622645   3.622959   48.99672  -16.50486     4.6616     4.7447          6  0.000e+00
  12281.917     294767   1009.267     7.2257     7.2263   3.622658   3.622953   48.99672  -16.50486     4.6616     4.7446          6  0.000e+00
  12281.958     294768   1009.376     7.2253     7.2264   3.622664   3.622947   48.99672  -16.50486     4.6620     4.7446          6  0.000e+00
  12282.000     294769   1009.581     7.2253     7.2266   3.622620   3.622947   48.99672  -16.50486     4.6624     4.7441          6  0.000e+00
  12282.042     294770   1009.376     7.2253     7.2261   3.622626   3.622922   48.99672  -16.50486     4.6675     4.7488          6  0.000e+00
  12282.083     294771   1009.376     7.2253     7.2263   3.622607   3.622916   48.99672  -16.50486     4.6626     4.7446          6  0.000e+00
  12282.125     294772   1009.472     7.2255     7.2259   3.622626   3.622916   48.99672  -16.50486     4.6629     4.7446          6  0.000e+00
  12282.167     294773   1009.376     7.2255     7.2259   3.622639   3.622941   48.99672  -16.50486     4.6680     4.7445          6  0.000e+00
  12282.208     294774   1009.526     7.2255     7.2259   3.622639   3.622947   48.99672  -16.50486     4.6640     4.7445          6  0.000e+00
  12282.250     294775   1009.376     7.2253     7.2259   3.622632   3.622922   48.99672  -16.50486     4.6692     4.7444          6  0.000e+00
  12282.292     294776   1009.472     7.2255     7.2257   3.622658   3.622966   48.99672  -16.50486     4.6693     4.7492          6  0.000e+00
  12282.333     294777   1009.376     7.2258     7.2259   3.622645   3.622959   48.99672  -16.50486     4.6641     4.7448          6  0.000e+00
  12282.375     294778   1009.472     7.2255     7.2257   3.622639   3.622991   48.99672  -16.50486     4.6633     4.7448          6  0.000e+00
  12282.417     294779   1009.472     7.2255     7.2259   3.622633   3.622966   48.99672  -16.50486     4.6624     4.7447          6  0.000e+00
  12282.458     294780   1009.472     7.2255     7.2254   3.622633   3.622972   48.99672  -16.50486     4.6624     4.7447          6  0.000e+00
  12282.500     294781   1009.526     7.2255     7.2259   3.622658   3.622978   48.99672  -16.50486     4.6623     4.7494          6  0.000e+00
  12282.542     294782   1009.268     7.2253     7.2259   3.622620   3.623003   48.99672  -16.50486     4.6621     4.7450          6  0.000e+00
  12282.583     294783   1009.472     7.2256     7.2263   3.622626   3.623016   48.99672  -16.50486     4.6672     4.7450          6  0.000e+00
  12282.625     294784   1009.472     7.2255     7.2264   3.622658   3.623009   48.99672  -16.50486     4.6629     4.7496          6  0.000e+00
  12282.667     294785   1009.377     7.2256     7.2263   3.622645   3.623034   48.99672  -16.50486     4.6678     4.7453          6  0.000e+00
  12282.708     294786   1009.472     7.2257     7.2263   3.622658   3.623022   48.99672  -16.50486     4.6685     4.7452          6  0.000e+00
  12282.750     294787   1009.472     7.2258     7.2263   3.622639   3.623009   48.99672  -16.50486     4.6641     4.7499          6  0.000e+00
  12282.792     294788   1009.472     7.2258     7.2264   3.622658   3.623035   48.99672  -16.50486     4.6690     4.7455          6  0.000e+00
  12282.833     294789   1009.322     7.2257     7.2264   3.622645   3.623022   48.99672  -16.50486     4.6645     4.7453          6  0.000e+00
  12282.875     294790   1009.581     7.2256     7.2264   3.622683   3.623016   48.99672  -16.50486     4.6644     4.7501          6  0.000e+00
  12282.917     294791   1009.472     7.2257     7.2264   3.622670   3.623060   48.99672  -16.50486     4.6641     4.7456          6  0.000e+00
  12282.958     294792   1009.377     7.2256     7.2263   3.622645   3.623028   48.99672  -16.50486     4.6639     4.7454          6  0.000e+00
  12283.000     294793   1009.377     7.2258     7.2264   3.622639   3.623034   48.99672  -16.50486     4.6687     4.7500          6  0.000e+00
  12283.042     294794   1009.472     7.2256     7.2263   3.622658   3.623041   48.99672  -16.50486     4.6694     4.7464          6  0.000e+00
  12764.708     306354    603.581     9.7011     9.6954   3.839741   3.839334   48.99670  -16.50486     4.4801     4.5484          7  0.000e+00
  12764.750     306355    602.970     9.7011     9.6954   3.839709   3.839360   48.99670  -16.50486     4.4795     4.5477          7  0.000e+00
  12764.792     306356    603.174     9.7009     9.6954   3.839683   3.839398   48.99670  -16.50486     4.4795     4.5474          7  0.000e+00
  12764.833     306357    603.282     9.7008     9.6954   3.839696   3.839385   48.99670  -16.50486     4.4844     4.5476          7  0.000e+00
  12764.875     306358    603.174     9.7007     9.6953   3.839728   3.839456   48.99670  -16.50486     4.4760     4.5472          7  0.000e+00
  12764.917     306359    603.174     9.7008     9.6954   3.839741   3.839449   48.99670  -16.50486     4.4796     4.5469          7  0.000e+00
  12764.958     306360    603.174     9.7008     9.6958   3.839715   3.839469   48.99670  -16.50486     4.4839     4.5465          7  0.000e+00
  12765.000     306361    603.174     9.7008     9.6958   3.839728   3.839424   48.99670  -16.50486     4.4793     4.5462          7  0.000e+00
  12765.042     306362    603.174     9.7009     9.6956   3.839709   3.839417   48.99670  -16.50486     4.4790     4.5459          7  0.000e+00
  12765.083     306363    603.282     9.7008     9.6958   3.839683   3.839437   48.99670  -16.50486     4.4789     4.5461          7  0.000e+00
  12765.125     306364    603.282     9.7008     9.6960   3.839696   3.839469   48.99670  -16.50486     4.4793     4.5458          7  0.000e+00
  12765.167     306365    602.970     9.7007     9.6961   3.839676   3.839481   48.99670  -16.50486     4.4790     4.5453          7  0.000e+00
  12765.208     306366    603.282     9.7006     9.6963   3.839696   3.839481   48.99670  -16.50486     4.4790     4.5493          7  0.000e+00
  12765.250     306367    603.174     9.7006     9.6963   3.839676   3.839449   48.99670  -16.50486     4.4794     4.5457          7  0.000e+00
  12765.292     306368    603.282     9.7005     9.6963   3.839689   3.839443   48.99670  -16.50486     4.4793     4.5459          7  0.000e+00
  12765.333     306369    603.174     9.7006     9.6961   3.839676   3.839469   48.99670  -16.50486     4.4791     4.5456          7  0.000e+00
  12765.375     306370    603.079     9.7005     9.6966   3.839696   3.839424   48.99670  -16.50486     4.4789     4.5457          7  0.000e+00
  12765.417     306371    603.282     9.7003     9.6963   3.839676   3.839417   48.99670  -16.50486     4.4789     4.5498          7  0.000e+00
  12765.458     306372    603.174     9.7004     9.6963   3.839689   3.839411   48.99670  -16.50486     4.4786     4.5462          7  0.000e+00
  12765.500     306373    603.282     9.7005     9.6958   3.839683   3.839411   48.99670  -16.50486     4.4786     4.5460          7  0.000e+00
  12765.542     306374    603.174     9.7005     9.6953   3.839670   3.839411   48.99670  -16.50486     4.4790     4.5462          7  0.000e+00
  12765.583     306375    603.282     9.7005     9.6950   3.839670   3.839385   48.99670  -16.50486     4.4833     4.5460          7  0.000e+00
  12765.625     306376    603.174     9.7006     9.6950   3.839689   3.839379   48.99670  -16.50486     4.4793     4.5457          7  0.000e+00
  12765.667     306377    603.174     9.7005     9.6951   3.839683   3.839379   48.99670  -16.50486     4.4842     4.5459          7  0.000e+00
  12765.708     306378    603.174     9.7006     9.6951   3.839696   3.839398   48.99670  -16.50486     4.4802     4.5457          7  0.000e+00
  12765.750     306379    603.174     9.7007     9.6953   3.839702   3.839373   48.99670  -16.50486     4.4801     4.5455          7  0.000e+00
  12765.792     306380    603.079     9.7006     9.6951   3.839702   3.839373   48.99670  -16.50486     4.4799     4.5457          7  0.000e+00
  12765.833     306381    603.079     9.7008     9.6954   3.839702   3.839379   48.99670  -16.50486     4.4797     4.5496          7  0.000e+00
  12765.875     306382    603.418     9.7005     9.6954   3.839677   3.839398   48.99670  -16.50486     4.4798     4.5500          7  0.000e+00
  12765.917     306383    603.174     9.7007     9.6954   3.839689   3.839411   48.99670  -16.50486     4.4838     4.5459          7  0.000e+00
  12765.958     306384    603.282     9.7006     9.6953   3.839728   3.839430   48.99670  -16.50486     4.4799     4.5504          7  0.000e+00
  12766.000     306385    603.282     9.7006     9.6954   3.839709   3.839417   48.99670  -16.50486     4.4842     4.5511          7  0.000e+00
  12766.042     306386    603.079     9.7007     9.6953   3.839676   3.839462   48.99670  -16.50486     4.4845     4.5516          7  0.000e+00
  12766.083     306387    603.282     9.7006     9.6951   3.839696   3.839411   48.99670  -16.50486     4.4806     4.5520          7  0.000e+00
  12766.125     306388    603.174     9.7006     9.6954   3.839702   3.839405   48.99670  -16.50486     4.4847     4.5521          7  0.000e+00
  12766.167     306389    603.174     9.7008     9.6953   3.839702   3.839385   48.99670  -16.50486     4.4812     4.5528          7  0.000e+00
  12766.208     306390    603.174     9.7006     9.6954   3.839676   3.839456   48.99670  -16.50486     4.4817     4.5534          7  0.000e+00
  12766.250     306391    603.282     9.7006     9.6951   3.839696   3.839481   48.99670  -16.50486     4.4815     4.5541          7  0.000e+00
  12766.292     306392    603.174     9.7008     9.6948   3.839651   3.839481   48.99670  -16.50486     4.4856     4.5547          7  0.000e+00
