Data_example/SBE_Data_Processed/JC231/SeaBird/Data/Processed/JC231_CTD_002c.ros
* Sea-Bird SBE 9 Data File:
* FileName = C:\Users\sandm\Documents\Cruises\JC231\CTD Data\CTD Raw Data\JC231_CTD_002.hex
* Software Version Seasave V 7.26.7.121
* Temperature SN = 5700
* Conductivity SN = 2164
* Number of Bytes Per Scan = 41
* Number of Voltage Words = 4
* Number of Scans Averaged by the Deck Unit = 1
* NMEA Latitude = 48 58.03 N
* NMEA Longitude = 016 21.45 W
* NMEA UTC (Time) = May 04 2022  10:05:52
* NMEA baud rate = 9600
** Ship: RRS James Cook
** Cruise: JC231
** Cast: 002
** Event:
** Station:
** Julian Day: 124
** Time (GMT): 10:05
** Latitude: 48 58.031' N
** Longitude: 16 21.446'' W
** Depth (uncorrected m): 4808m
** Principal Scientist: Dr Susan Hartman
** Operator:  TP / JG
# nquan = 13
# nvalues = 1127                                  
# units = specified
# name 0 = timeS: Time, Elapsed [seconds]
# name 1 = scan: Scan Count
# name 2 = prDM: Pressure, Digiquartz [db]
# name 3 = t090C: Temperature [ITS-90, deg C]
# name 4 = t190C: Temperature, 2 [ITS-90, deg C]
# name 5 = c0S/m: Conductivity [S/m]
# name 6 = c1S/m: Conductivity, 2 [S/m]
# name 7 = latitude: Latitude [deg]
# name 8 = longitude: Longitude [deg]
# name 9 = sbeox0ML/L: Oxygen, SBE 43 [ml/l]
# name 10 = sbeox1ML/L: Oxygen, SBE 43, 2 [ml/l]
# name 11 = nbf: Bottles Fired
# name 12 = flag:  0.000e+00
# interval = seconds: 0.0416667
# start_time = May 04 2022 10:05:53 [System UTC, first data scan.]
# bad_flag = -9.990e-29
*END*
[from data line 223]
   8034.792     192836   4328.361     2.5367     2.5382   3.290338   3.290878   48.96722  -16.35746     5.3037     5.4138          5  0.000e+00
   8034.833     192837   4328.248     2.5367     2.5381   3.290374   3.290909   48.96722  -16.35746     5.3032     5.4124          5  0.000e+00
   8034.875     192838   4328.249     2.5366     2.5382   3.290392   3.290902   48.96722  -16.35746     5.3027     5.4110          5  0.000e+00
   8034.917     192839   4328.361     2.5369     2.5381   3.290368   3.290915   48.96722  -16.35746     5.3023     5.4125          5  0.000e+00
   8034.958     192840   4328.361     2.5366     2.5382   3.290362   3.290927   48.96722  -16.35746     5.3019     5.4113          5  0.000e+00
   8035.000     192841   4328.361     2.5367     2.5384   3.290362   3.290927   48.96722  -16.35746     5.3128     5.4204          5  0.000e+00
   8035.042     192842   4328.249     2.5364     2.5382   3.290380   3.290927   48.96722  -16.35746     5.3044     5.4113          5  0.000e+00
   8035.083     192843   4328.249     2.5366     2.5381   3.290344   3.290878   48.96722  -16.35746     5.3038     5.4100          5  0.000e+00
   8035.125     192844   4328.249     2.5366     2.5382   3.290350   3.290909   48.96722  -16.35746     5.3032     5.4087          5  0.000e+00
   8035.167     192845   4328.361     2.5366     2.5384   3.290362   3.290903   48.96722  -16.35746     5.3027     5.4177          5  0.000e+00
   8035.208     192846   4328.361     2.5366     2.5382   3.290362   3.290872   48.96722  -16.35746     5.3021     5.4190          5  0.000e+00
   8035.250     192847   4328.249     2.5366     2.5382   3.290338   3.290884   48.96722  -16.35746     5.3014     5.4200          5  0.000e+00
   8035.292     192848   4328.361     2.5364     2.5381   3.290374   3.290896   48.96722  -16.35746     5.3122     5.4239          5  0.000e+00
   8035.333     192849   4328.347     2.5364     2.5384   3.290344   3.290896   48.96722  -16.35746     5.3037     5.4145          5  0.000e+00
   8035.375     192850   4328.137     2.5366     2.5381   3.290313   3.290896   48.96722  -16.35746     5.3028     5.4127          5  0.000e+00
   8035.417     192851   4328.362     2.5366     2.5382   3.290344   3.290915   48.96722  -16.35746     5.3022     5.4112          5  0.000e+00
   8035.458     192852   4328.249     2.5366     2.5382   3.290338   3.290902   48.96722  -16.35746     5.3014     5.4094          5  0.000e+00
   8035.500     192853   4328.362     2.5366     2.5384   3.290374   3.290915   48.96722  -16.35746     5.3045     5.4078          5  0.000e+00
   8035.542     192854   4328.249     2.5363     2.5382   3.290368   3.290927   48.96722  -16.35746     5.3038     5.4164          5  0.000e+00
   8035.583     192855   4328.249     2.5364     2.5382   3.290362   3.290927   48.96722  -16.35746     5.3032     5.4070          5  0.000e+00
   8035.625     192856   4328.362     2.5366     2.5381   3.290319   3.290903   48.96722  -16.35746     5.3140     5.4053          5  0.000e+00
   8035.667     192857   4328.137     2.5364     2.5382   3.290344   3.290915   48.96722  -16.35746     5.3054     5.4033          5  0.000e+00
   8474.167     203381   4069.752     2.5496     2.5506   3.283011   3.283529   48.96722  -16.35746     5.3254     5.4147          6  0.000e+00
   8474.208     203382   4070.074     2.5493     2.5508   3.283011   3.283529   48.96722  -16.35746     5.3167     5.4177          6  0.000e+00
   8474.250     203383   4069.752     2.5492     2.5506   3.283011   3.283511   48.96722  -16.35746     5.3259     5.4204          6  0.000e+00
   8474.292     203384   4069.962     2.5493     2.5508   3.283011   3.283523   48.96722  -16.35746     5.3172     5.4136          6  0.000e+00
   8474.333     203385   4069.752     2.5493     2.5509   3.283011   3.283529   48.96722  -16.35746     5.3265     5.4212          6  0.000e+00
   8474.375     203386   4069.962     2.5492     2.5506   3.283030   3.283505   48.96722  -16.35746     5.3180     5.4217          6  0.000e+00
   8474.417     203387   4069.864     2.5493     2.5505   3.282993   3.283523   48.96722  -16.35746     5.3134     5.4120          6  0.000e+00
   8474.458     203388   4069.865     2.5494     2.5506   3.282981   3.283529   48.96722  -16.35746     5.3123     5.4123          6  0.000e+00
   8474.500     203389   4069.865     2.5493     2.5508   3.283023   3.283529   48.96722  -16.35746     5.3221     5.4101          6  0.000e+00
   8474.542     203390   4069.865     2.5493     2.5506   3.283042   3.283511   48.96722  -16.35746     5.3210     5.4080          6  0.000e+00
   8474.583     203391   4069.753     2.5494     2.5508   3.283017   3.283523   48.96722  -16.35746     5.3090     5.4083          6  0.000e+00
   8474.625     203392   4069.963     2.5493     2.5506   3.283030   3.283505   48.96722  -16.35746     5.3154     5.4090          6  0.000e+00
   8474.667     203393   4069.865     2.5494     2.5505   3.283042   3.283541   48.96722  -16.35746     5.3139     5.4193          6  0.000e+00
   8474.708     203394   4069.991     2.5493     2.5506   3.282993   3.283493   48.96722  -16.35746     5.3126     5.4127          6  0.000e+00
   8474.750     203395   4069.641     2.5492     2.5506   3.282999   3.283493   48.96722  -16.35746     5.3141     5.4106          6  0.000e+00
   8474.792     203396   4069.963     2.5493     2.5504   3.283011   3.283499   48.96722  -16.35746     5.3127     5.4090          6  0.000e+00
   8474.833     203397   4069.865     2.5493     2.5506   3.283030   3.283523   48.96722  -16.35746     5.3142     5.4071          6  0.000e+00
   8474.875     203398   4069.753     2.5493     2.5506   3.283042   3.283529   48.96722  -16.35746     5.3158     5.4150          6  0.000e+00
   8474.917     203399   4069.963     2.5493     2.5506   3.283017   3.283529   48.96722  -16.35746     5.3142     5.4156          6  0.000e+00
   8474.958     203400   4069.753     2.5493     2.5505   3.282987   3.283529   48.96722  -16.35746     5.3121     5.4159          6  0.000e+00
   8475.000     203401   4069.865     2.5494     2.5506   3.283023   3.283511   48.96722  -16.35746     5.3101     5.4163          6  0.000e+00
   8475.042     203402   4069.865     2.5496     2.5508   3.283017   3.283499   48.96722  -16.35746     5.3113     5.4092          6  0.000e+00
   8475.083     203403   4069.865     2.5496     2.5506   3.283036   3.283475   48.96722  -16.35746     5.3125     5.4096          6  0.000e+00
   8475.125     203404   4069.753     2.5494     2.5506   3.283042   3.283541   48.96722  -16.35746     5.3137     5.4199          6  0.000e+00
   8475.167     203405   4069.866     2.5496     2.5504   3.283042   3.283535   48.96722  -16.35746     5.3257     5.4229          6  0.000e+00
   8475.208     203406   4069.866     2.5495     2.5505   3.283042   3.283529   48.96722  -16.35746     5.3301     5.4135          6  0.000e+00
   8475.250     203407   4069.866     2.5496     2.5506   3.283017   3.283505   48.96722  -16.35746     5.3236     5.4115          6  0.000e+00
   8475.292     203408   4069.866     2.5494     2.5506   3.283036   3.283523   48.96722  -16.35746     5.3245     5.4094          6  0.000e+00
   8475.333     203409   4069.964     2.5494     2.5506   3.283017   3.283529   48.96722  -16.35746     5.3148     5.4100          6  0.000e+00
   8475.375     203410   4069.642     2.5494     2.5506   3.283011   3.283505   48.96722  -16.35746     5.3232     5.4078          6  0.000e+00
   8475.417     203411   4069.964     2.5494     2.5506   3.283011   3.283523   48.96722  -16.35746     5.3245     5.4185          6  0.000e+00
   8475.458     203412   4069.754     2.5496     2.5508   3.283011   3.283529   48.96722  -16.35746     5.3220     5.4116          6  0.000e+00
   8475.500     203413   4069.880     2.5493     2.5505   3.283011   3.283529   48.96722  -16.35746     5.3197     5.4196          6  0.000e+00
   8475.542     203414   4069.866     2.5494     2.5506   3.283036   3.283529   48.96722  -16.35746     5.3205     5.4201          6  0.000e+00
   8475.583     203415   4069.754     2.5493     2.5508   3.283017   3.283511   48.96722  -16.35746     5.3212     5.4106          6  0.000e+00
   8475.625     203416   4069.866     2.5493     2.5506   3.283011   3.283475   48.96722  -16.35746     5.3221     5.4087          6  0.000e+00
   8475.667     203417   4069.866     2.5493     2.5504   3.283030   3.283511   48.96722  -16.35746     5.3229     5.4165          6  0.000e+00
   8475.708     203418   4069.866     2.5494     2.5508   3.283023   3.283511   48.96722  -16.35746     5.3237     5.4167          6  0.000e+00
   8475.750     203419   4069.866     2.5493     2.5505   3.282987   3.283541   48.96722  -16.35746     5.3246     5.4170          6  0.000e+00
   8475.792     203420   4069.754     2.5494     2.5508   3.282999   3.283511   48.96722  -16.35746     5.3253     5.4195          6  0.000e+00
   8475.833     203421   4069.866     2.5493     2.5506   3.283030   3.283523   48.96722  -16.35746     5.3262     5.4099          6  0.000e+00
   8475.875     203422   4069.866     2.5496     2.5508   3.283017   3.283529   48.96722  -16.35746     5.3162     5.4101          6  0.000e+00
   8475.917     203423   4069.866     2.5494     2.5506   3.283036   3.283547   48.96722  -16.35746     5.3247     5.4177          6  0.000e+00
   8475.958     203424   4069.867     2.5496     2.5506   3.283042   3.283559   48.96722  -16.35746     5.3222     5.4080          6  0.000e+00
   8476.000     203425   4069.867     2.5494     2.5508   3.283017   3.283517   48.96722  -16.35746     5.3230     5.4056          6  0.000e+00
   8476.042     203426   4069.867     2.5494     2.5505   3.283011   3.283541   48.96722  -16.35746     5.3131     5.4156          6  0.000e+00
   8476.083     203427   4069.755     2.5495     2.5506   3.283011   3.283535   48.96722  -16.35746     5.3215     5.4084          6  0.000e+00
   8476.125     203428   4069.867     2.5496     2.5508   3.283036   3.283553   48.96722  -16.35746     5.3225     5.4088          6  0.000e+00
   8476.167     203429   4069.755     2.5494     2.5506   3.283017   3.283535   48.96722  -16.35746     5.3234     5.4066          6  0.000e+00
   9250.042     222002   3553.831     2.6442     2.6456   3.274341   3.274822   48.96722  -16.35748     5.3737     5.4691          7  0.000e+00
   9250.083     222003   3553.943     2.6442     2.6458   3.274341   3.274828   48.96722  -16.35748     5.3652     5.4690          7  0.000e+00
   9250.125     222004   3553.943     2.6442     2.6458   3.274341   3.274816   48.96722  -16.35748     5.3637     5.4689          7  0.000e+00
   9250.167     222005   3553.733     2.6441     2.6458   3.274341   3.274828   48.96722  -16.35748     5.3744     5.4685          7  0.000e+00
   9250.208     222006   3554.040     2.6442     2.6456   3.274317   3.274840   48.96722  -16.35748     5.3758     5.4774          7  0.000e+00
   9250.250     222007   3553.734     2.6442     2.6458   3.274353   3.274858   48.96722  -16.35748     5.3669     5.4701          7  0.000e+00
   9250.292     222008   3554.040     2.6442     2.6456   3.274372   3.274846   48.96722  -16.35748     5.3654     5.4790          7  0.000e+00
   9250.333     222009   3553.831     2.6442     2.6458   3.274372   3.274858   48.96722  -16.35748     5.3732     5.4716          7  0.000e+00
   9250.375     222010   3553.943     2.6441     2.6456   3.274323   3.274846   48.96722  -16.35748     5.3646     5.4714          7  0.000e+00
   9250.417     222011   3553.943     2.6441     2.6458   3.274353   3.274816   48.96722  -16.35748     5.3656     5.4711          7  0.000e+00
   9250.458     222012   3553.943     2.6442     2.6458   3.274323   3.274852   48.96722  -16.35748     5.3667     5.4728          7  0.000e+00
   9250.500     222013   3553.734     2.6440     2.6456   3.274353   3.274822   48.96722  -16.35748     5.3678     5.4725          7  0.000e+00
   9250.542     222014   3553.943     2.6441     2.6458   3.274323   3.274828   48.96722  -16.35748     5.3665     5.4812          7  0.000e+00
   9250.583     222015   3553.915     2.6442     2.6456   3.274311   3.274864   48.96722  -16.35748     5.3775     5.4829          7  0.000e+00
   9250.625     222016   3553.943     2.6444     2.6456   3.274311   3.274822   48.96722  -16.35748     5.3691     5.4757          7  0.000e+00
   9250.667     222017   3553.943     2.6442     2.6456   3.274311   3.274852   48.96722  -16.35748     5.3676     5.4752          7  0.000e+00
   9250.708     222018   3553.943     2.6442     2.6458   3.274353   3.274846   48.96722  -16.35748     5.3661     5.4748          7  0.000e+00
   9250.750     222019   3553.832     2.6444     2.6458   3.274347   3.274840   48.96722  -16.35748     5.3742     5.4764          7  0.000e+00
   9250.792     222020   3553.832     2.6441     2.6456   3.274317   3.274840   48.96722  -16.35748     5.3657     5.4761          7  0.000e+00
   9250.833     222021   3554.041     2.6442     2.6456   3.274329   3.274859   48.96722  -16.35748     5.3739     5.4759          7  0.000e+00
   9250.875     222022   3553.832     2.6441     2.6456   3.274317   3.274822   48.96722  -16.35748     5.3652     5.4754          7  0.000e+00
   9250.917     222023   3553.943     2.6442     2.6458   3.274329   3.274852   48.96722  -16.35748     5.3732     5.4751          7  0.000e+00
   9250.958     222024   3553.943     2.6442     2.6456   3.274341   3.274846   48.96722  -16.35746     5.3644     5.4748          7  0.000e+00
   9251.000     222025   3553.832     2.6442     2.6458   3.274341   3.274840   48.96722  -16.35746     5.3654     5.4744          7  0.000e+00
   9251.042     222026   3554.041     2.6444     2.6459   3.274341   3.274840   48.96722  -16.35746     5.3666     5.4741          7  0.000e+00
   9251.083     222027   3553.944     2.6444     2.6456   3.274317   3.274858   48.96722  -16.35746     5.3746     5.4738          7  0.000e+00
   9251.125     222028   3553.832     2.6444     2.6458   3.274353   3.274846   48.96722  -16.35746     5.3784     5.4733          7  0.000e+00
   9251.167     222029   3553.944     2.6442     2.6456   3.274323   3.274840   48.96722  -16.35746     5.3699     5.4731          7  0.000e+00
   9251.208     222030   3553.818     2.6441     2.6458   3.274329   3.274840   48.96722  -16.35746     5.3709     5.4726          7  0.000e+00
   9251.250     222031   3554.041     2.6444     2.6456   3.274360   3.274840   48.96722  -16.35746     5.3695     5.4725          7  0.000e+00
   9251.292     222032   3553.944     2.6445     2.6458   3.274299   3.274840   48.96722  -16.35746     5.3706     5.4720          7  0.000e+00
   9251.333     222033   3553.832     2.6444     2.6455   3.274323   3.274840   48.96722  -16.35746     5.3816     5.4717          7  0.000e+00
   9251.375     222034   3553.832     2.6443     2.6458   3.274341   3.274816   48.96722  -16.35746     5.3732     5.4713          7  0.000e+00
   9251.417     222035   3554.041     2.6442     2.6459   3.274341   3.274852   48.96722  -16.35746     5.3747     5.4799          7  0.000e+00
   9251.458     222036   3553.832     2.6444     2.6455   3.274341   3.274846   48.96722  -16.35746     5.3732     5.4726          7  0.000e+00
   9251.500     222037   3554.042     2.6442     2.6458   3.274341   3.274840   48.96722  -16.35746     5.3816     5.4723          7  0.000e+00
   9251.542     222038   3553.944     2.6442     2.6458   3.274360   3.274840   48.96722  -16.35746     5.3731     5.4718          7  0.000e+00
   9251.583     222039   3553.944     2.6442     2.6458   3.274323   3.274840   48.96722  -16.35746     5.3717     5.4714          7  0.000e+00
   9251.625     222040   3553.944     2.6443     2.6456   3.274311   3.274816   48.96722  -16.35746     5.3702     5.4710          7  0.000e+00
