Data_example/SBE_Data_Processed/JC231/SeaBird/Data/Processed/JC231_CTD_009cfaldb.cnv
* Sea-Bird SBE 9 Data File:
* FileName = C:\Users\sandm\Documents\Cruises\JC231\CTD Data\CTD Raw Data\JC231_CTD_009.hex
* Software Version Seasave V 7.26.7.121
* Temperature SN = 5700
* Conductivity SN = 2164
* Number of Bytes Per Scan = 41
* Number of Voltage Words = 4
* Number of Scans Averaged by the Deck Unit = 1
* NMEA Latitude = 48 58.43 N
* NMEA Longitude = 016 28.09 W
* NMEA UTC (Time) = May 14 2022  16:01:18
* NMEA baud rate = 9600
** Ship: RRS James Cook
** Cruise: JC231
** Cast: 009
** Event:
** Station:
** Julian Day: 134
** Time (GMT): 16:00
** Latitude: 48 58.433 ' N
** Longitude: 16 28.090 ' W
** Depth (uncorrected m): 4804m
** Principal Scientist: Dr Susan Hartman
** Operator:  TP / JG
# nquan = 15
# nvalues = 2023                        
# units = specified
# name 0 = timeS: Time, Elapsed [seconds]
# name 1 = scan: Scan Count
# name 2 = prDM: Pressure, Digiquartz [db]
# name 3 = t090C: Temperature [ITS-90, deg C]
# name 4 = t190C: Temperature, 2 [ITS-90, deg C]
# name 5 = c0S/m: Conductivity [S/m]
# name 6 = c1S/m: Conductivity, 2 [S/m]
# name 7 = latitude: Latitude [deg]
# name 8 = longitude: Longitude [deg]
# name 9 = sbeox0ML/L: Oxygen, SBE 43 [ml/l]
# name 10 = sbeox1ML/L: Oxygen, SBE 43, 2 [ml/l]
# name 11 = depSM: Depth [salt water, m], lat = 48.9738
# name 12 = sal00: Salinity, Practical [PSU]
# name 13 = sal11: Salinity, Practical, 2 [PSU]
# name 14 = flag: flag
# span 0 =    525.247,   3860.660       
# span 1 =      12607,      92657       
# span 2 =      1.000,   1012.000       
# span 3 =     7.5965,    14.8307       
# span 4 =     7.5937,    14.5109       
# span 5 =   3.658738,   4.351259       
# span 6 =   3.658849,   4.375820       
# span 7 =   48.97390,   48.97650       
# span 8 =  -16.46828,  -16.46816       
# span 9 =     4.1769,     6.3658       
# span 10 =     4.2830,     6.0164      
# span 11 =      0.991,   1000.979      
# span 12 =    34.8614,    36.0437      
# span 13 =    34.5540,    36.2832      
# span 14 = 0.0000e+00, 0.0000e+00      
# interval = decibars: 1                
# start_time = May 14 2022 16:01:19 [System UTC, first data scan.]
# bad_flag = -9.990e-29
*END*
[from data line 1157]
   2069.131      49660    866.000     8.3743     8.4057   3.726030   3.730132   48.97485  -16.46826     4.3580     4.3310    856.868    35.3333    35.3454 0.0000e+00
   2070.107      49684    865.000     8.3867     8.4087   3.727439   3.730305   48.97486  -16.46825     4.3559     4.3308    855.880    35.3363    35.3447 0.0000e+00
   2071.085      49707    864.000     8.3954     8.4147   3.728385   3.730546   48.97486  -16.46825     4.3528     4.3313    854.893    35.3380    35.3417 0.0000e+00
   2072.067      49731    863.000     8.4023     8.4263   3.728986   3.731343   48.97486  -16.46824     4.3495     4.3303    853.905    35.3380    35.3391 0.0000e+00
   2073.057      49754    862.000     8.4092     8.4386   3.729534   3.732568   48.97486  -16.46824     4.3469     4.3273    852.918    35.3374    35.3403 0.0000e+00
   2074.052      49778    861.000     8.4168     8.4471   3.730147   3.733518   48.97486  -16.46824     4.3443     4.3246    851.931    35.3368    35.3423 0.0000e+00
   2075.048      49802    860.000     8.4265     8.4541   3.730935   3.734228   48.97486  -16.46824     4.3425     4.3224    850.943    35.3359    35.3433 0.0000e+00
   2076.041      49826    859.000     8.4378     8.4615   3.731955   3.734935   48.97486  -16.46824     4.3424     4.3207    849.956    35.3359    35.3438 0.0000e+00
   2077.027      49850    858.000     8.4476     8.4711   3.732972   3.735756   48.97486  -16.46824     4.3418     4.3194    848.968    35.3373    35.3434 0.0000e+00
   2078.010      49873    857.000     8.4568     8.4835   3.733896   3.736886   48.97486  -16.46824     4.3403     4.3175    847.981    35.3385    35.3435 0.0000e+00
   2078.990      49897    856.000     8.4659     8.4964   3.734755   3.738138   48.97486  -16.46824     4.3383     4.3138    846.993    35.3389    35.3444 0.0000e+00
   2079.969      49920    855.000     8.4776     8.5087   3.735773   3.739346   48.97486  -16.46824     4.3354     4.3112    846.006    35.3385    35.3453 0.0000e+00
   2080.951      49944    854.000     8.4906     8.5184   3.737026   3.740376   48.97486  -16.46824     4.3326     4.3109    845.018    35.3393    35.3470 0.0000e+00
   2081.938      49968    853.000     8.5013     8.5233   3.738176   3.740916   48.97486  -16.46824     4.3304     4.3089    844.031    35.3412    35.3483 0.0000e+00
   2082.925      49991    852.000     8.5092     8.5245   3.738982   3.740959   48.97486  -16.46824     4.3291     4.3057    843.044    35.3424    35.3480 0.0000e+00
   2083.910      50015    851.000     8.5153     8.5228   3.739536   3.740697   48.97486  -16.46824     4.3284     4.3067    842.056    35.3426    35.3473 0.0000e+00
   2084.897      50039    850.000     8.5182     8.5202   3.739796   3.740298   48.97486  -16.46824     4.3279     4.3099    841.069    35.3429    35.3462 0.0000e+00
   2085.886      50062    849.000     8.5186     8.5180   3.739765   3.739913   48.97486  -16.46824     4.3281     4.3129    840.081    35.3426    35.3448 0.0000e+00
   2086.872      50086    848.000     8.5175     8.5171   3.739552   3.739626   48.97487  -16.46825     4.3286     4.3141    839.094    35.3419    35.3432 0.0000e+00
   2087.850      50109    847.000     8.5162     8.5177   3.739247   3.739453   48.97488  -16.46826     4.3287     4.3141    838.106    35.3405    35.3412 0.0000e+00
   2088.828      50133    846.000     8.5154     8.5203   3.738988   3.739465   48.97488  -16.46826     4.3290     4.3156    837.119    35.3390    35.3392 0.0000e+00
   2089.817      50157    845.000     8.5161     8.5232   3.738823   3.739567   48.97488  -16.46825     4.3293     4.3157    836.131    35.3370    35.3379 0.0000e+00
   2090.814      50181    844.000     8.5179     8.5259   3.738789   3.739571   48.97488  -16.46824     4.3294     4.3157    835.144    35.3353    35.3356 0.0000e+00
   2091.807      50204    843.000     8.5201     8.5294   3.738791   3.739693   48.97488  -16.46824     4.3293     4.3163    834.156    35.3336    35.3338 0.0000e+00
   2092.781      50228    842.000     8.5228     8.5333   3.738832   3.739913   48.97488  -16.46824     4.3294     4.3157    833.169    35.3318    35.3328 0.0000e+00
   2093.737      50251    841.000     8.5255     8.5376   3.738923   3.740198   48.97488  -16.46824     4.3298     4.3141    832.181    35.3306    35.3320 0.0000e+00
   2094.691      50274    840.000     8.5284     8.5428   3.739051   3.740602   48.97488  -16.46825     4.3303     4.3126    831.194    35.3295    35.3315 0.0000e+00
   2095.664      50297    839.000     8.5323     8.5491   3.739266   3.741146   48.97488  -16.46826     4.3305     4.3111    830.206    35.3284    35.3315 0.0000e+00
   2096.663      50321    838.000     8.5380     8.5551   3.739647   3.741731   48.97488  -16.46826     4.3301     4.3106    829.219    35.3271    35.3321 0.0000e+00
   2097.677      50345    837.000     8.5450     8.5607   3.740235   3.742264   48.97488  -16.46826     4.3304     4.3102    828.231    35.3268    35.3327 0.0000e+00
   2098.690      50370    836.000     8.5510     8.5666   3.740821   3.742789   48.97488  -16.46826     4.3303     4.3095    827.243    35.3276    35.3328 0.0000e+00
   2099.697      50394    835.000     8.5563     8.5734   3.741323   3.743393   48.97488  -16.46825     4.3292     4.3094    826.256    35.3280    35.3329 0.0000e+00
   2100.687      50417    834.000     8.5623     8.5787   3.741826   3.743957   48.97488  -16.46824     4.3283     4.3082    825.268    35.3279    35.3340 0.0000e+00
   2101.659      50441    833.000     8.5691     8.5814   3.742433   3.744244   48.97488  -16.46824     4.3280     4.3079    824.281    35.3280    35.3348 0.0000e+00
   2102.617      50464    832.000     8.5742     8.5820   3.742979   3.744252   48.97488  -16.46824     4.3272     4.3100    823.293    35.3291    35.3348 0.0000e+00
   2103.573      50487    831.000     8.5768     8.5816   3.743270   3.744081   48.97488  -16.46824     4.3263     4.3134    822.306    35.3300    35.3338 0.0000e+00
   2104.535      50510    830.000     8.5781     8.5807   3.743341   3.743825   48.97488  -16.46824     4.3251     4.3154    821.318    35.3300    35.3324 0.0000e+00
   2105.513      50533    829.000     8.5784     8.5803   3.743273   3.743588   48.97488  -16.46824     4.3253     4.3160    820.330    35.3294    35.3308 0.0000e+00
   2106.509      50557    828.000     8.5784     8.5805   3.743125   3.743445   48.97488  -16.46824     4.3274     4.3178    819.343    35.3283    35.3296 0.0000e+00
   2107.515      50581    827.000     8.5783     8.5812   3.742949   3.743387   48.97488  -16.46824     4.3291     4.3187    818.355    35.3270    35.3288 0.0000e+00
   2108.518      50605    826.000     8.5786     8.5816   3.742809   3.743335   48.97488  -16.46824     4.3296     4.3190    817.368    35.3257    35.3283 0.0000e+00
   2109.508      50629    825.000     8.5789     8.5836   3.742707   3.743318   48.97489  -16.46824     4.3305     4.3195    816.380    35.3248    35.3266 0.0000e+00
   2110.482      50653    824.000     8.5797     8.5895   3.742617   3.743630   48.97490  -16.46824     4.3318     4.3205    815.392    35.3235    35.3244 0.0000e+00
   2111.452      50676    823.000     8.5821     8.5962   3.742657   3.744233   48.97490  -16.46824     4.3335     4.3208    814.405    35.3220    35.3246 0.0000e+00
   2112.429      50699    822.000     8.5865     8.6003   3.742912   3.744592   48.97490  -16.46824     4.3351     4.3207    813.417    35.3208    35.3247 0.0000e+00
   2113.415      50723    821.000     8.5915     8.6026   3.743308   3.744753   48.97490  -16.46824     4.3352     4.3209    812.430    35.3204    35.3246 0.0000e+00
   2114.404      50747    820.000     8.5950     8.6039   3.743611   3.744808   48.97490  -16.46824     4.3344     4.3206    811.442    35.3206    35.3244 0.0000e+00
   2115.392      50770    819.000     8.5975     8.6052   3.743773   3.744830   48.97490  -16.46824     4.3348     4.3202    810.454    35.3203    35.3238 0.0000e+00
   2116.378      50794    818.000     8.5996     8.6070   3.743884   3.744878   48.97490  -16.46824     4.3345     4.3212    809.467    35.3199    35.3230 0.0000e+00
   2117.369      50818    817.000     8.6015     8.6095   3.743963   3.744991   48.97490  -16.46824     4.3349     4.3226    808.479    35.3192    35.3221 0.0000e+00
   2118.367      50842    816.000     8.6039     8.6120   3.744065   3.745144   48.97490  -16.46824     4.3364     4.3224    807.492    35.3184    35.3217 0.0000e+00
   2119.371      50866    815.000     8.6063     8.6137   3.744197   3.745231   48.97490  -16.46824     4.3383     4.3224    806.504    35.3178    35.3214 0.0000e+00
   2120.374      50890    814.000     8.6083     8.6147   3.744298   3.745235   48.97490  -16.46824     4.3400     4.3223    805.516    35.3174    35.3209 0.0000e+00
   2121.359      50914    813.000     8.6103     8.6166   3.744382   3.745224   48.97490  -16.46824     4.3391     4.3224    804.529    35.3168    35.3194 0.0000e+00
   2122.325      50937    812.000     8.6123     8.6201   3.744446   3.745375   48.97490  -16.46824     4.3377     4.3238    803.541    35.3159    35.3180 0.0000e+00
   2123.286      50960    811.000     8.6149     8.6206   3.744540   3.745403   48.97490  -16.46824     4.3380     4.3246    802.553    35.3147    35.3182 0.0000e+00
   2124.257      50983    810.000     8.6168     8.6175   3.744605   3.744918   48.97490  -16.46824     4.3390     4.3245    801.566    35.3140    35.3166 0.0000e+00
   2125.243      51007    809.000     8.6168     8.6159   3.744487   3.744321   48.97490  -16.46824     4.3387     4.3248    800.578    35.3132    35.3124 0.0000e+00
   2126.239      51031    808.000     8.6154     8.6181   3.744137   3.744156   48.97490  -16.46824     4.3383     4.3247    799.590    35.3114    35.3090 0.0000e+00
   2127.240      51055    807.000     8.6147     8.6233   3.743746   3.744487   48.97490  -16.46824     4.3387     4.3236    798.603    35.3085    35.3077 0.0000e+00
   2128.248      51079    806.000     8.6161     8.6287   3.743590   3.745000   48.97490  -16.46824     4.3393     4.3220    797.615    35.3058    35.3083 0.0000e+00
   2129.254      51103    805.000     8.6199     8.6335   3.743759   3.745454   48.97490  -16.46824     4.3397     4.3196    796.627    35.3043    35.3087 0.0000e+00
   2130.241      51127    804.000     8.6253     8.6390   3.744161   3.745920   48.97490  -16.46824     4.3397     4.3184    795.639    35.3037    35.3086 0.0000e+00
   2131.205      51150    803.000     8.6308     8.6443   3.744645   3.746438   48.97490  -16.46824     4.3399     4.3170    794.652    35.3038    35.3093 0.0000e+00
   2132.159      51173    802.000     8.6354     8.6478   3.745111   3.746749   48.97490  -16.46824     4.3395     4.3164    793.664    35.3046    35.3095 0.0000e+00
   2133.120      51196    801.000     8.6390     8.6541   3.745440   3.747071   48.97491  -16.46824     4.3387     4.3179    792.676    35.3049    35.3071 0.0000e+00
   2134.102      51219    800.000     8.6433     8.6663   3.745739   3.747956   48.97491  -16.46824     4.3390     4.3183    791.689    35.3043    35.3048 0.0000e+00
   2135.102      51243    799.000     8.6504     8.6789   3.746204   3.749152   48.97492  -16.46824     4.3392     4.3173    790.701    35.3025    35.3053 0.0000e+00
   2136.104      51267    798.000     8.6609     8.6920   3.747015   3.750356   48.97492  -16.46824     4.3375     4.3174    789.713    35.3012    35.3055 0.0000e+00
   2137.102      51291    797.000     8.6719     8.7049   3.748025   3.751662   48.97492  -16.46824     4.3352     4.3183    788.725    35.3014    35.3069 0.0000e+00
   2138.100      51315    796.000     8.6830     8.7128   3.749037   3.752683   48.97492  -16.46824     4.3353     4.3182    787.738    35.3014    35.3103 0.0000e+00
   2139.099      51339    795.000     8.6938     8.7137   3.750095   3.752817   48.97492  -16.46823     4.3350     4.3174    786.750    35.3023    35.3112 0.0000e+00
   2140.097      51363    794.000     8.7019     8.7156   3.750945   3.752706   48.97492  -16.46823     4.3323     4.3161    785.762    35.3036    35.3086 0.0000e+00
   2141.079      51387    793.000     8.7071     8.7203   3.751411   3.752872   48.97492  -16.46822     4.3297     4.3155    784.775    35.3039    35.3062 0.0000e+00
   2142.039      51410    792.000     8.7111     8.7267   3.751686   3.753383   48.97492  -16.46822     4.3290     4.3162    783.787    35.3032    35.3056 0.0000e+00
   2142.987      51433    791.000     8.7160     8.7324   3.751993   3.753911   48.97492  -16.46822     4.3297     4.3169    782.799    35.3021    35.3060 0.0000e+00
   2143.943      51456    790.000     8.7215     8.7382   3.752423   3.754417   48.97492  -16.46823     4.3299     4.3165    781.811    35.3016    35.3061 0.0000e+00
   2144.918      51479    789.000     8.7279     8.7442   3.752927   3.754971   48.97492  -16.46824     4.3304     4.3155    780.824    35.3010    35.3063 0.0000e+00
   2145.913      51503    788.000     8.7352     8.7483   3.753558   3.755438   48.97492  -16.46824     4.3312     4.3154    779.836    35.3009    35.3077 0.0000e+00
   2146.921      51527    787.000     8.7403     8.7492   3.754138   3.755546   48.97492  -16.46824     4.3316     4.3151    778.848    35.3024    35.3084 0.0000e+00
   2147.933      51551    786.000     8.7427     8.7485   3.754387   3.755408   48.97492  -16.46824     4.3313     4.3132    777.860    35.3031    35.3080 0.0000e+00
   2148.938      51576    785.000     8.7438     8.7474   3.754459   3.755205   48.97492  -16.46824     4.3302     4.3113    776.873    35.3033    35.3074 0.0000e+00
   2149.929      51599    784.000     8.7440     8.7475   3.754411   3.755006   48.97492  -16.46823     4.3289     4.3096    775.885    35.3029    35.3057 0.0000e+00
   2150.907      51623    783.000     8.7439     8.7533   3.754287   3.755188   48.97492  -16.46822     4.3285     4.3093    774.897    35.3022    35.3024 0.0000e+00
   2151.877      51646    782.000     8.7447     8.7663   3.754193   3.756143   48.97493  -16.46822     4.3275     4.3090    773.909    35.3010    35.3000 0.0000e+00
   2152.848      51669    781.000     8.7485     8.7800   3.754326   3.757547   48.97494  -16.46822     4.3254     4.3074    772.921    35.2990    35.3016 0.0000e+00
   2153.830      51693    780.000     8.7560     8.7911   3.754840   3.758710   48.97494  -16.46822     4.3241     4.3081    771.933    35.2974    35.3033 0.0000e+00
   2154.819      51717    779.000     8.7678     8.8005   3.755798   3.759673   48.97494  -16.46822     4.3246     4.3094    770.946    35.2963    35.3045 0.0000e+00
   2155.808      51740    778.000     8.7791     8.8069   3.756952   3.760332   48.97494  -16.46823     4.3261     4.3088    769.958    35.2977    35.3056 0.0000e+00
   2156.793      51764    777.000     8.7888     8.8134   3.757937   3.760834   48.97494  -16.46824     4.3270     4.3084    768.970    35.2988    35.3049 0.0000e+00
   2157.777      51788    776.000     8.7970     8.8237   3.758729   3.761617   48.97494  -16.46824     4.3265     4.3076    767.982    35.2995    35.3033 0.0000e+00
   2158.768      51811    775.000     8.8066     8.8381   3.759531   3.762849   48.97494  -16.46824     4.3242     4.3057    766.994    35.2988    35.3025 0.0000e+00
   2159.769      51835    774.000     8.8176     8.8539   3.760479   3.764415   48.97494  -16.46823     4.3216     4.3027    766.006    35.2984    35.3037 0.0000e+00
   2160.768      51859    773.000     8.8326     8.8675   3.761763   3.765839   48.97494  -16.46822     4.3204     4.2984    765.019    35.2974    35.3056 0.0000e+00
   2161.757      51883    772.000     8.8456     8.8815   3.763163   3.767172   48.97494  -16.46822     4.3189     4.2961    764.031    35.2997    35.3062 0.0000e+00
   2162.729      51907    771.000     8.8573     8.8946   3.764301   3.768545   48.97494  -16.46822     4.3167     4.2955    763.043    35.3005    35.3081 0.0000e+00
