Data_example/SBE_Data_Processed/JC231/SeaBird/Data/Processed/JC231_CTD_001c.ros
* Sea-Bird SBE 9 Data File:
* FileName = C:\Users\sandm\Documents\Cruises\JC231\CTD Data\CTD Raw Data\JC231_CTD_001.hex
* Software Version Seasave V 7.26.7.121
* Temperature SN = 5700
* Conductivity SN = 2164
* Number of Bytes Per Scan = 41
* Number of Voltage Words = 4
* Number of Scans Averaged by the Deck Unit = 1
* NMEA Latitude = 48 33.24 N
* NMEA Longitude = 009 55.75 W
* NMEA UTC (Time) = May 02 2022  18:08:10
* NMEA baud rate = 9600
** Ship: RRS James Cook
** Cruise: JC231
** Cast: 001
** Event:
** Station: 001
** Julian Day: 122
** Time (GMT): 18:05
** Latitude: 48 33.239' N
** Longitude: 009 55.746' W
** Depth (uncorrected m): 1900m
** Principal Scientist: Dr Susan Hartman
** Operator:  TP / JG
# nquan = 13
# nvalues = 1176                                  
# units = specified
# name 0 = timeS: Time, Elapsed [seconds]
# name 1 = scan: Scan Count
# name 2 = prDM: Pressure, Digiquartz [db]
# name 3 = t090C: Temperature [ITS-90, deg C]
# name 4 = t190C: Temperature, 2 [ITS-90, deg C]
# name 5 = c0S/m: Conductivity [S/m]
# name 6 = c1S/m: Conductivity, 2 [S/m]
# name 7 = latitude: Latitude [deg]
# name 8 = longitude: Longitude [deg]
# name 9 = sbeox0ML/L: Oxygen, SBE 43 [ml/l]
# name 10 = sbeox1ML/L: Oxygen, SBE 43, 2 [ml/l]
# name 11 = nbf: Bottles Fired
# name 12 = flag:  0.000e+00
# interval = seconds: 0.0416667
# start_time = May 02 2022 18:08:11 [System UTC, first data scan.]
# bad_flag = -9.990e-29
*END*
[from data line 778]
   7508.333     180201     55.406    12.2881    12.3106   4.088600   4.091393   48.55400   -9.92912     5.8244     5.9008         16  0.000e+00
   7508.375     180202     55.474    12.2882    12.3116   4.088613   4.091544   48.55400   -9.92912     5.8271     5.9013         16  0.000e+00
   7508.417     180203     55.406    12.2884    12.3127   4.088600   4.091636   48.55400   -9.92912     5.8264     5.8981         16  0.000e+00
   7508.458     180204     55.379    12.2884    12.3135   4.088587   4.091734   48.55400   -9.92912     5.8219     5.9017         16  0.000e+00
   7508.500     180205     55.406    12.2885    12.3144   4.088613   4.091787   48.55400   -9.92912     5.8208     5.9022         16  0.000e+00
   7508.542     180206     55.379    12.2883    12.3151   4.088594   4.091905   48.55400   -9.92912     5.8238     5.9027         16  0.000e+00
   7521.375     180514     55.704    12.2913    12.3177   4.088898   4.092037   48.55400   -9.92912     5.8048     5.9040         17  0.000e+00
   7521.417     180515     55.474    12.2917    12.3177   4.088825   4.092050   48.55400   -9.92912     5.8083     5.9040         17  0.000e+00
   7521.458     180516     55.407    12.2916    12.3175   4.088799   4.092050   48.55400   -9.92912     5.8086     5.9006         17  0.000e+00
   7521.500     180517     55.474    12.2918    12.3176   4.088825   4.092050   48.55400   -9.92912     5.8086     5.9006         17  0.000e+00
   7521.542     180518     55.407    12.2914    12.3173   4.088865   4.092050   48.55400   -9.92912     5.8122     5.9041         17  0.000e+00
   7521.583     180519     55.474    12.2910    12.3173   4.088872   4.092050   48.55400   -9.92912     5.8089     5.9045         17  0.000e+00
   7521.625     180520     55.596    12.2907    12.3175   4.088872   4.092069   48.55400   -9.92912     5.8131     5.9013         17  0.000e+00
   7521.667     180521     55.380    12.2906    12.3173   4.088898   4.092030   48.55400   -9.92912     5.8170     5.9011         17  0.000e+00
   7521.708     180522     55.596    12.2906    12.3171   4.088938   4.091984   48.55400   -9.92912     5.8184     5.9049         17  0.000e+00
   7521.750     180523     55.380    12.2909    12.3173   4.088971   4.091977   48.55400   -9.92912     5.8151     5.9051         17  0.000e+00
   7521.792     180524     55.501    12.2908    12.3171   4.088925   4.091977   48.55400   -9.92912     5.8155     5.9021         17  0.000e+00
   7521.833     180525     55.569    12.2909    12.3166   4.088905   4.091977   48.55400   -9.92912     5.8162     5.9023         17  0.000e+00
   7521.875     180526     55.407    12.2909    12.3165   4.088964   4.091977   48.55400   -9.92912     5.8168     5.9058         17  0.000e+00
   7521.917     180527     55.474    12.2913    12.3165   4.089004   4.091977   48.55400   -9.92912     5.8212     5.9063         17  0.000e+00
   7521.958     180528     55.501    12.2911    12.3163   4.089017   4.091977   48.55400   -9.92912     5.8186     5.9068         17  0.000e+00
   7522.000     180529     55.569    12.2912    12.3157   4.088984   4.091951   48.55400   -9.92912     5.8193     5.9074         17  0.000e+00
   7522.042     180530     55.272    12.2913    12.3161   4.089037   4.091964   48.55400   -9.92912     5.8189     5.9076         17  0.000e+00
   7522.083     180531     55.596    12.2920    12.3165   4.088998   4.091977   48.55400   -9.92912     5.8197     5.9045         17  0.000e+00
   7522.125     180532     55.380    12.2926    12.3164   4.088958   4.091977   48.55400   -9.92912     5.8197     5.9081         17  0.000e+00
   7522.167     180533     55.501    12.2931    12.3165   4.088945   4.091951   48.55400   -9.92912     5.8199     5.9087         17  0.000e+00
   7522.208     180534     55.569    12.2925    12.3165   4.088892   4.091964   48.55400   -9.92912     5.8202     5.9089         17  0.000e+00
   7522.250     180535     55.407    12.2926    12.3168   4.088925   4.091951   48.55400   -9.92912     5.8165     5.9090         17  0.000e+00
   7522.292     180536     55.380    12.2927    12.3170   4.088891   4.091964   48.55400   -9.92912     5.8199     5.9092         17  0.000e+00
   7522.333     180537     55.501    12.2932    12.3166   4.088872   4.091977   48.55400   -9.92912     5.8164     5.9095         17  0.000e+00
   7522.375     180538     55.474    12.2931    12.3168   4.088898   4.092004   48.55400   -9.92912     5.8198     5.9097         17  0.000e+00
   7522.417     180539     55.407    12.2931    12.3169   4.088852   4.092017   48.55400   -9.92912     5.8198     5.9134         17  0.000e+00
   7522.458     180540     55.474    12.2925    12.3173   4.088865   4.092017   48.55400   -9.92912     5.8205     5.9139         17  0.000e+00
   7522.500     180541     55.501    12.2914    12.3173   4.088845   4.092017   48.55400   -9.92912     5.8174     5.9144         17  0.000e+00
   7522.542     180542     55.380    12.2904    12.3171   4.088839   4.091984   48.55400   -9.92912     5.8208     5.9145         17  0.000e+00
   7522.583     180543     55.502    12.2892    12.3173   4.088839   4.091977   48.55400   -9.92912     5.8211     5.9115         17  0.000e+00
   7522.625     180544     55.380    12.2881    12.3173   4.088759   4.092030   48.55400   -9.92912     5.8175     5.9151         17  0.000e+00
   7522.667     180545     55.502    12.2875    12.3171   4.088733   4.092050   48.55400   -9.92912     5.8210     5.9153         17  0.000e+00
   7522.708     180546     55.475    12.2876    12.3171   4.088706   4.092050   48.55400   -9.92912     5.8173     5.9157         17  0.000e+00
   7522.750     180547     55.502    12.2876    12.3169   4.088719   4.092050   48.55400   -9.92912     5.8169     5.9162         17  0.000e+00
   7522.792     180548     55.569    12.2877    12.3173   4.088680   4.092050   48.55400   -9.92912     5.8171     5.9163         17  0.000e+00
   7522.833     180549     55.299    12.2871    12.3175   4.088713   4.092076   48.55400   -9.92912     5.8166     5.9164         17  0.000e+00
   7522.875     180550     55.475    12.2874    12.3175   4.088733   4.092030   48.55400   -9.92912     5.8163     5.9166         17  0.000e+00
   7522.917     180551     55.502    12.2879    12.3180   4.088753   4.092017   48.55400   -9.92912     5.8126     5.9169         17  0.000e+00
   7522.958     180552     55.475    12.2889    12.3180   4.088819   4.092017   48.55400   -9.92912     5.8155     5.9169         17  0.000e+00
   7523.000     180553     55.502    12.2900    12.3178   4.088839   4.092017   48.55400   -9.92912     5.8151     5.9172         17  0.000e+00
   7523.042     180554     55.380    12.2909    12.3169   4.088892   4.092017   48.55400   -9.92912     5.8141     5.9171         17  0.000e+00
   7523.083     180555     55.407    12.2919    12.3165   4.088905   4.091984   48.55400   -9.92912     5.8095     5.9175         17  0.000e+00
   7523.125     180556     55.569    12.2926    12.3165   4.088964   4.092004   48.55400   -9.92912     5.8121     5.9175         17  0.000e+00
   7523.167     180557     55.380    12.2931    12.3166   4.089004   4.091984   48.55400   -9.92912     5.8078     5.9172         17  0.000e+00
   7523.208     180558     55.502    12.2930    12.3171   4.089017   4.091951   48.55400   -9.92912     5.8113     5.9171         17  0.000e+00
   7523.250     180559     55.475    12.2927    12.3171   4.089037   4.091964   48.55400   -9.92912     5.8110     5.9172         17  0.000e+00
   7523.292     180560     55.596    12.2927    12.3177   4.089103   4.091977   48.55400   -9.92912     5.8140     5.9174         17  0.000e+00
   7523.333     180561     55.380    12.2925    12.3178   4.089090   4.091977   48.55400   -9.92912     5.8098     5.9174         17  0.000e+00
   7523.375     180562     55.502    12.2929    12.3177   4.089143   4.092056   48.55400   -9.92912     5.8086     5.9176         17  0.000e+00
   7536.625     180880     55.569    12.2960    12.3090   4.089289   4.090408   48.55400   -9.92912     5.8320     5.8967         18  0.000e+00
   7536.667     180881     55.704    12.2955    12.3075   4.089322   4.090369   48.55400   -9.92912     5.8275     5.8969         18  0.000e+00
   7536.708     180882     55.475    12.2957    12.3049   4.089362   4.090362   48.55400   -9.92912     5.8264     5.9006         18  0.000e+00
   7536.750     180883     55.799    12.2965    12.3025   4.089395   4.090303   48.55400   -9.92912     5.8253     5.9014         18  0.000e+00
   7536.792     180884     55.475    12.2973    12.3006   4.089408   4.090270   48.55400   -9.92912     5.8198     5.9017         18  0.000e+00
   7536.833     180885     55.799    12.2975    12.2996   4.089408   4.090257   48.55400   -9.92912     5.8187     5.8988         18  0.000e+00
   7536.875     180886     55.475    12.2975    12.2983   4.089428   4.090257   48.55400   -9.92912     5.8138     5.9023         18  0.000e+00
   7536.917     180887     55.799    12.2970    12.2978   4.089461   4.090257   48.55400   -9.92912     5.8202     5.8994         18  0.000e+00
   7536.958     180888     55.475    12.2968    12.2976   4.089474   4.090257   48.55400   -9.92912     5.8191     5.8992         18  0.000e+00
   7537.000     180889     55.704    12.2966    12.2983   4.089421   4.090257   48.55400   -9.92912     5.8184     5.9030         18  0.000e+00
   7537.042     180890     55.569    12.2967    12.2989   4.089382   4.090257   48.55400   -9.92912     5.8178     5.9033         18  0.000e+00
   7537.083     180891     55.596    12.2968    12.3001   4.089395   4.090277   48.55400   -9.92912     5.8173     5.9037         18  0.000e+00
   7537.125     180892     55.677    12.2970    12.3004   4.089348   4.090343   48.55400   -9.92912     5.8136     5.9042         18  0.000e+00
   7537.167     180893     55.596    12.2967    12.2997   4.089309   4.090303   48.55400   -9.92912     5.8168     5.9044         18  0.000e+00
   7537.208     180894     55.677    12.2962    12.2998   4.089322   4.090343   48.55400   -9.92912     5.8169     5.9049         18  0.000e+00
   7537.250     180895     55.502    12.2961    12.3011   4.089276   4.090474   48.55400   -9.92912     5.8169     5.9087         18  0.000e+00
   7537.292     180896     55.569    12.2962    12.3026   4.089262   4.090474   48.55400   -9.92912     5.8132     5.9055         18  0.000e+00
   7537.333     180897     55.596    12.2957    12.3023   4.089289   4.090388   48.55400   -9.92912     5.8204     5.9061         18  0.000e+00
   7537.375     180898     55.569    12.2951    12.3013   4.089276   4.090224   48.55400   -9.92912     5.8209     5.9067         18  0.000e+00
   7537.417     180899     55.677    12.2945    12.3003   4.089236   4.090126   48.55400   -9.92912     5.8141     5.9110         18  0.000e+00
   7537.458     180900     55.596    12.2940    12.2992   4.089282   4.090086   48.55400   -9.92912     5.8095     5.9119         18  0.000e+00
   7537.500     180901     55.475    12.2944    12.2983   4.089242   4.090021   48.55400   -9.92912     5.8087     5.9092         18  0.000e+00
   7537.542     180902     55.596    12.2942    12.2987   4.089203   4.090080   48.55400   -9.92912     5.8119     5.9134         18  0.000e+00
   7537.583     180903     55.569    12.2946    12.2991   4.089163   4.090132   48.55400   -9.92912     5.8150     5.9138         18  0.000e+00
   7537.625     180904     55.502    12.2950    12.2990   4.089130   4.090198   48.55400   -9.92912     5.8110     5.9107         18  0.000e+00
   7537.667     180905     55.677    12.2952    12.2990   4.089143   4.090297   48.55400   -9.92912     5.8146     5.9110         18  0.000e+00
   7537.708     180906     55.502    12.2953    12.2993   4.089103   4.090303   48.55400   -9.92912     5.8110     5.9146         18  0.000e+00
   7537.750     180907     55.569    12.2947    12.2997   4.089057   4.090369   48.55400   -9.92912     5.8110     5.9151         18  0.000e+00
   7537.792     180908     55.596    12.2936    12.3000   4.088998   4.090395   48.55400   -9.92912     5.8148     5.9156         18  0.000e+00
   7537.833     180909     55.381    12.2924    12.3007   4.088951   4.090369   48.55400   -9.92912     5.8151     5.9158         18  0.000e+00
   7537.875     180910     55.704    12.2916    12.3009   4.088892   4.090329   48.55400   -9.92912     5.8158     5.9165         18  0.000e+00
   7537.917     180911     55.475    12.2905    12.3009   4.088845   4.090303   48.55400   -9.92912     5.8162     5.9133         18  0.000e+00
   7537.958     180912     55.502    12.2899    12.3009   4.088839   4.090316   48.55400   -9.92912     5.8167     5.9170         18  0.000e+00
   7538.000     180913     55.569    12.2906    12.3008   4.088806   4.090270   48.55400   -9.92912     5.8129     5.9172         18  0.000e+00
   7538.042     180914     55.596    12.2908    12.3006   4.088799   4.090146   48.55400   -9.92912     5.8167     5.9173         18  0.000e+00
   7538.083     180915     55.273    12.2902    12.3002   4.088825   4.090132   48.55400   -9.92912     5.8132     5.9172         18  0.000e+00
   7538.125     180916     55.704    12.2895    12.3004   4.088892   4.090224   48.55400   -9.92912     5.8099     5.9175         18  0.000e+00
   7538.167     180917     55.475    12.2906    12.3006   4.088991   4.090336   48.55400   -9.92912     5.8097     5.9176         18  0.000e+00
   7538.208     180918     55.408    12.2919    12.3009   4.088991   4.090329   48.55400   -9.92912     5.8131     5.9175         18  0.000e+00
   7538.250     180919     55.569    12.2923    12.3007   4.088951   4.090297   48.55400   -9.92912     5.8134     5.9176         18  0.000e+00
   7538.292     180920     55.408    12.2929    12.3007   4.089050   4.090152   48.55400   -9.92912     5.8130     5.9174         18  0.000e+00
   7538.333     180921     55.475    12.2937    12.2995   4.089249   4.090080   48.55400   -9.92912     5.8165     5.9208         18  0.000e+00
   7538.375     180922     55.408    12.2948    12.2993   4.089382   4.090073   48.55400   -9.92912     5.8133     5.9174         18  0.000e+00
   7538.417     180923     55.569    12.2960    12.2988   4.089428   4.090054   48.55400   -9.92912     5.8136     5.9174         18  0.000e+00
   7538.458     180924     55.408    12.2970    12.2987   4.089574   4.090093   48.55400   -9.92912     5.8095     5.9170         18  0.000e+00
   7538.500     180925     55.381    12.2977    12.2987   4.089673   4.090218   48.55400   -9.92912     5.8131     5.9168         18  0.000e+00
   7538.542     180926     55.475    12.2983    12.2991   4.089713   4.090336   48.55400   -9.92912     5.8135     5.9165         18  0.000e+00
   7538.583     180927     55.502    12.2997    12.3001   4.089746   4.090329   48.55400   -9.92912     5.8138     5.9165         18  0.000e+00
   7538.625     180928     55.381    12.2998    12.3004   4.089732   4.090303   48.55400   -9.92912     5.8142     5.9196         18  0.000e+00
   7686.458     184476     15.337    13.3504    13.3542   4.195252   4.195770   48.55398   -9.92910     6.0566     6.1427         19  0.000e+00
   7686.500     184477     15.445    13.3507    13.3536   4.195232   4.195571   48.55398   -9.92910     6.0571     6.1399         19  0.000e+00
   7686.542     184478     15.337    13.3506    13.3532   4.195246   4.195478   48.55398   -9.92910     6.0611     6.1437         19  0.000e+00
   7686.583     184479     15.243    13.3509    13.3522   4.195252   4.195411   48.55398   -9.92910     6.0586     6.1441         19  0.000e+00
   7686.625     184480     15.445    13.3512    13.3505   4.195306   4.195511   48.55398   -9.92910     6.0595     6.1447         19  0.000e+00
   7686.667     184481     15.135    13.3513    13.3504   4.195326   4.195790   48.55398   -9.92910     6.0601     6.1450         19  0.000e+00
