Data_example/SBE_Data_Processed/JC231/SeaBird/Data/Processed/JC231_CTD_007c.ros
* Sea-Bird SBE 9 Data File:
* FileName = C:\Users\sandm\Documents\Cruises\JC231\CTD Data\CTD Raw Data\JC231_CTD_007.hex
* Software Version Seasave V 7.26.7.121
* Temperature SN = 5700
* Conductivity SN = 2164
* Number of Bytes Per Scan = 41
* Number of Voltage Words = 4
* Number of Scans Averaged by the Deck Unit = 1
* NMEA Latitude = 48 56.85 N
* NMEA Longitude = 016 28.41 W
* NMEA UTC (Time) = May 11 2022  08:20:42
* NMEA baud rate = 9600
** Ship: RRS James Cook
** Cruise: JC231
** Cast: 007
** Event:
** Station:
** Julian Day: 131
** Time (GMT): 08:20
** Latitude: 48 56.853' N
** Longitude: 16 28.413' W
** Depth (uncorrected m): 4806m
** Principal Scientist: Dr Susan Hartman
** Operator:  TP / JG
# nquan = 13
# nvalues = 1176                                  
# units = specified
# name 0 = timeS: Time, Elapsed [seconds]
# name 1 = scan: Scan Count
# name 2 = prDM: Pressure, Digiquartz [db]
# name 3 = t090C: Temperature [ITS-90, deg C]
# name 4 = t190C: Temperature, 2 [ITS-90, deg C]
# name 5 = c0S/m: Conductivity [S/m]
# name 6 = c1S/m: Conductivity, 2 [S/m]
# name 7 = latitude: Latitude [deg]
# name 8 = longitude: Longitude [deg]
# name 9 = sbeox0ML/L: Oxygen, SBE 43 [ml/l]
# name 10 = sbeox1ML/L: Oxygen, SBE 43, 2 [ml/l]
# name 11 = nbf: Bottles Fired
# name 12 = flag:  0.000e+00
# interval = seconds: 0.0416667
# start_time = May 11 2022 08:20:43 [System UTC, first data scan.]
# bad_flag = -9.990e-29
*END*
[from data line 334]
   7726.083     185427   4070.366     2.5420     2.5436   3.282374   3.282891   48.94752  -16.47354     5.2740     5.3958          7  0.000e+00
   7726.125     185428   4070.675     2.5418     2.5436   3.282386   3.282848   48.94752  -16.47354     5.2744     5.3964          7  0.000e+00
   7726.167     185429   4070.464     2.5420     2.5436   3.282362   3.282860   48.94752  -16.47354     5.2744     5.3967          7  0.000e+00
   7726.208     185430   4070.577     2.5418     2.5434   3.282356   3.282867   48.94752  -16.47354     5.2727     5.3946          7  0.000e+00
   7726.250     185431   4070.493     2.5417     2.5434   3.282374   3.282818   48.94752  -16.47354     5.2707     5.3949          7  0.000e+00
   7726.292     185432   4070.577     2.5418     2.5436   3.282386   3.282848   48.94752  -16.47354     5.2688     5.3952          7  0.000e+00
   7726.333     185433   4070.577     2.5418     2.5433   3.282337   3.282794   48.94752  -16.47354     5.2668     5.3956          7  0.000e+00
   7726.375     185434   4070.465     2.5420     2.5433   3.282368   3.282776   48.94752  -16.47354     5.2665     5.3958          7  0.000e+00
   7726.417     185435   4070.577     2.5422     2.5428   3.282362   3.282776   48.94752  -16.47354     5.2664     5.3963          7  0.000e+00
   8314.500     199549   3559.858     2.6369     2.6379   3.273894   3.274312   48.94748  -16.47354     5.3358     5.4741          8  0.000e+00
   8314.542     199550   3559.858     2.6369     2.6379   3.273894   3.274343   48.94748  -16.47354     5.3359     5.4765          8  0.000e+00
   8314.583     199551   3559.956     2.6369     2.6379   3.273876   3.274306   48.94748  -16.47354     5.3361     5.4700          8  0.000e+00
   8314.625     199552   3559.956     2.6371     2.6379   3.273888   3.274312   48.94748  -16.47354     5.3282     5.4703          8  0.000e+00
   8314.667     199553   3559.858     2.6370     2.6379   3.273894   3.274343   48.94748  -16.47354     5.3348     5.4704          8  0.000e+00
   8314.708     199554   3559.956     2.6369     2.6379   3.273900   3.274331   48.94748  -16.47354     5.3350     5.4686          8  0.000e+00
   8314.750     199555   3559.858     2.6369     2.6383   3.273894   3.274300   48.94748  -16.47354     5.3352     5.4666          8  0.000e+00
   8314.792     199556   3559.858     2.6371     2.6379   3.273876   3.274312   48.94748  -16.47354     5.3354     5.4667          8  0.000e+00
   8314.833     199557   3559.956     2.6368     2.6380   3.273906   3.274300   48.94748  -16.47354     5.3357     5.4668          8  0.000e+00
   8314.875     199558   3559.956     2.6369     2.6379   3.273906   3.274312   48.94748  -16.47354     5.3358     5.4669          8  0.000e+00
   8314.917     199559   3559.956     2.6369     2.6379   3.273870   3.274300   48.94748  -16.47354     5.3360     5.4649          8  0.000e+00
   8314.958     199560   3559.858     2.6369     2.6381   3.273888   3.274294   48.94748  -16.47354     5.3362     5.4627          8  0.000e+00
   8315.000     199561   3559.956     2.6369     2.6379   3.273870   3.274349   48.94748  -16.47354     5.3364     5.4605          8  0.000e+00
   8315.042     199562   3560.068     2.6371     2.6381   3.273912   3.274331   48.94748  -16.47354     5.3367     5.4604          8  0.000e+00
   8315.083     199563   3559.747     2.6369     2.6379   3.273882   3.274300   48.94748  -16.47354     5.3367     5.4600          8  0.000e+00
   8315.125     199564   3559.956     2.6371     2.6379   3.273888   3.274312   48.94748  -16.47354     5.3370     5.4600          8  0.000e+00
   8315.167     199565   3559.859     2.6370     2.6379   3.273894   3.274324   48.94748  -16.47354     5.3355     5.4598          8  0.000e+00
   8315.208     199566   3559.956     2.6371     2.6381   3.273894   3.274324   48.94748  -16.47354     5.3357     5.4596          8  0.000e+00
   8315.250     199567   3559.956     2.6371     2.6379   3.273894   3.274300   48.94748  -16.47354     5.3358     5.4595          8  0.000e+00
   8315.292     199568   3559.859     2.6371     2.6379   3.273918   3.274294   48.94748  -16.47354     5.3359     5.4681          8  0.000e+00
   8315.333     199569   3559.859     2.6371     2.6380   3.273882   3.274312   48.94748  -16.47354     5.3344     5.4610          8  0.000e+00
   8315.375     199570   3559.957     2.6373     2.6381   3.273906   3.274276   48.94748  -16.47354     5.3328     5.4608          8  0.000e+00
   8315.417     199571   3559.957     2.6372     2.6379   3.273925   3.274306   48.94748  -16.47354     5.3345     5.4606          8  0.000e+00
   8315.458     199572   3559.957     2.6371     2.6379   3.273906   3.274324   48.94748  -16.47354     5.3265     5.4603          8  0.000e+00
   8315.500     199573   3559.859     2.6374     2.6381   3.273937   3.274300   48.94748  -16.47354     5.3330     5.4600          8  0.000e+00
   8315.542     199574   3559.859     2.6373     2.6379   3.273937   3.274294   48.94748  -16.47354     5.3331     5.4598          8  0.000e+00
   8315.583     199575   3559.957     2.6373     2.6378   3.273900   3.274312   48.94748  -16.47354     5.3333     5.4596          8  0.000e+00
   8315.625     199576   3559.957     2.6373     2.6379   3.273918   3.274300   48.94748  -16.47354     5.3335     5.4593          8  0.000e+00
   8315.667     199577   3559.859     2.6374     2.6381   3.273900   3.274336   48.94748  -16.47354     5.3255     5.4589          8  0.000e+00
   8315.708     199578   3559.859     2.6374     2.6379   3.273943   3.274355   48.94748  -16.47354     5.3321     5.4587          8  0.000e+00
   8315.750     199579   3559.957     2.6373     2.6379   3.273931   3.274331   48.94748  -16.47354     5.3324     5.4585          8  0.000e+00
   8315.792     199580   3559.957     2.6371     2.6379   3.273925   3.274324   48.94748  -16.47354     5.3326     5.4693          8  0.000e+00
   8315.833     199581   3559.859     2.6374     2.6380   3.273882   3.274300   48.94748  -16.47354     5.3311     5.4621          8  0.000e+00
   8315.875     199582   3559.859     2.6370     2.6381   3.273906   3.274312   48.94748  -16.47354     5.3393     5.4618          8  0.000e+00
   8315.917     199583   3559.957     2.6371     2.6381   3.273906   3.274306   48.94748  -16.47354     5.3330     5.4617          8  0.000e+00
   8315.958     199584   3559.957     2.6369     2.6378   3.273894   3.274318   48.94748  -16.47354     5.3330     5.4614          8  0.000e+00
   8316.000     199585   3559.860     2.6371     2.6379   3.273918   3.274324   48.94748  -16.47354     5.3330     5.4611          8  0.000e+00
   8316.042     199586   3559.860     2.6369     2.6379   3.273924   3.274343   48.94748  -16.47354     5.3331     5.4608          8  0.000e+00
   8316.083     199587   3559.957     2.6371     2.6379   3.273882   3.274331   48.94748  -16.47354     5.3349     5.4606          8  0.000e+00
   8316.125     199588   3559.860     2.6370     2.6379   3.273888   3.274324   48.94748  -16.47354     5.3349     5.4582          8  0.000e+00
   8316.167     199589   3559.957     2.6371     2.6379   3.273894   3.274300   48.94748  -16.47354     5.3351     5.4491          8  0.000e+00
   8316.208     199590   3559.748     2.6371     2.6381   3.273900   3.274312   48.94748  -16.47354     5.3351     5.4554          8  0.000e+00
   8316.250     199591   3559.958     2.6371     2.6379   3.273918   3.274324   48.94748  -16.47354     5.3354     5.4554          8  0.000e+00
   8316.292     199592   3559.860     2.6369     2.6378   3.273924   3.274300   48.94748  -16.47354     5.3354     5.4551          8  0.000e+00
   8316.333     199593   3559.958     2.6374     2.6382   3.273900   3.274312   48.94748  -16.47354     5.3356     5.4548          8  0.000e+00
   8316.375     199594   3559.748     2.6370     2.6381   3.273918   3.274300   48.94748  -16.47354     5.3356     5.4544          8  0.000e+00
   8316.417     199595   3559.958     2.6373     2.6379   3.273900   3.274312   48.94748  -16.47354     5.3359     5.4543          8  0.000e+00
   8316.458     199596   3559.860     2.6373     2.6381   3.273943   3.274300   48.94748  -16.47354     5.3359     5.4540          8  0.000e+00
   8316.500     199597   3559.958     2.6374     2.6381   3.273931   3.274312   48.94748  -16.47354     5.3361     5.4538          8  0.000e+00
   8644.500     207469   3302.624     2.7382     2.7398   3.274304   3.274737   48.94750  -16.47356     5.3996     5.5160          9  0.000e+00
   8644.542     207470   3302.415     2.7383     2.7396   3.274322   3.274749   48.94750  -16.47356     5.4001     5.5136          9  0.000e+00
   8644.583     207471   3302.624     2.7382     2.7396   3.274274   3.274737   48.94750  -16.47356     5.4010     5.5135          9  0.000e+00
   8644.625     207472   3302.416     2.7383     2.7396   3.274280   3.274773   48.94750  -16.47356     5.3938     5.5215          9  0.000e+00
   8644.667     207473   3302.527     2.7384     2.7396   3.274292   3.274767   48.94750  -16.47356     5.3947     5.5232          9  0.000e+00
   8644.708     207474   3302.527     2.7385     2.7398   3.274268   3.274761   48.94750  -16.47356     5.4017     5.5228          9  0.000e+00
   8644.750     207475   3302.527     2.7384     2.7398   3.274304   3.274737   48.94750  -16.47356     5.4025     5.5244          9  0.000e+00
   8644.792     207476   3302.624     2.7382     2.7398   3.274298   3.274706   48.94750  -16.47356     5.4035     5.5260          9  0.000e+00
   8644.833     207477   3302.527     2.7382     2.7396   3.274268   3.274743   48.94750  -16.47356     5.4042     5.5172          9  0.000e+00
   8644.875     207478   3302.625     2.7383     2.7395   3.274280   3.274761   48.94750  -16.47356     5.3975     5.5150          9  0.000e+00
   8644.917     207479   3302.527     2.7382     2.7398   3.274292   3.274743   48.94750  -16.47356     5.3969     5.5146          9  0.000e+00
   8644.958     207480   3302.416     2.7383     2.7398   3.274292   3.274706   48.94750  -16.47356     5.4039     5.5143          9  0.000e+00
   8645.000     207481   3302.527     2.7384     2.7396   3.274268   3.274743   48.94750  -16.47356     5.4035     5.5123          9  0.000e+00
   8645.042     207482   3302.527     2.7382     2.7398   3.274280   3.274761   48.94750  -16.47356     5.4044     5.5205          9  0.000e+00
   8645.083     207483   3302.527     2.7384     2.7398   3.274310   3.274737   48.94750  -16.47356     5.4038     5.5222          9  0.000e+00
   8645.125     207484   3302.527     2.7380     2.7398   3.274298   3.274773   48.94750  -16.47356     5.3970     5.5239          9  0.000e+00
   8645.167     207485   3302.625     2.7382     2.7398   3.274268   3.274767   48.94750  -16.47356     5.3965     5.5173          9  0.000e+00
   8645.208     207486   3302.625     2.7380     2.7398   3.274280   3.274761   48.94750  -16.47356     5.3961     5.5153          9  0.000e+00
   8645.250     207487   3302.528     2.7383     2.7398   3.274268   3.274761   48.94750  -16.47356     5.3941     5.5235          9  0.000e+00
   8645.292     207488   3302.528     2.7382     2.7396   3.274280   3.274737   48.94750  -16.47356     5.3937     5.5169          9  0.000e+00
   8645.333     207489   3302.416     2.7382     2.7396   3.274268   3.274730   48.94750  -16.47356     5.3932     5.5168          9  0.000e+00
   8645.375     207490   3302.416     2.7380     2.7398   3.274261   3.274730   48.94750  -16.47356     5.3929     5.5253          9  0.000e+00
   8645.417     207491   3302.625     2.7383     2.7399   3.274304   3.274731   48.94750  -16.47356     5.4004     5.5190          9  0.000e+00
   8645.458     207492   3302.528     2.7382     2.7396   3.274274   3.274773   48.94750  -16.47356     5.4016     5.5255          9  0.000e+00
   8645.500     207493   3302.625     2.7382     2.7396   3.274280   3.274743   48.94750  -16.47356     5.4029     5.5172          9  0.000e+00
   8645.542     207494   3302.417     2.7382     2.7395   3.274292   3.274749   48.94750  -16.47356     5.4024     5.5152          9  0.000e+00
   8645.583     207495   3302.625     2.7383     2.7398   3.274268   3.274761   48.94750  -16.47356     5.4037     5.5238          9  0.000e+00
   8645.625     207496   3302.528     2.7382     2.7396   3.274280   3.274743   48.94750  -16.47356     5.4032     5.5173          9  0.000e+00
   8645.667     207497   3302.528     2.7383     2.7396   3.274292   3.274755   48.94750  -16.47356     5.4028     5.5239          9  0.000e+00
   8645.708     207498   3302.528     2.7382     2.7396   3.274292   3.274737   48.94750  -16.47356     5.4038     5.5259          9  0.000e+00
   8645.750     207499   3302.625     2.7383     2.7396   3.274268   3.274749   48.94750  -16.47354     5.3973     5.5175          9  0.000e+00
   8645.792     207500   3302.417     2.7382     2.7396   3.274280   3.274736   48.94750  -16.47354     5.3968     5.5239          9  0.000e+00
   8645.833     207501   3302.626     2.7382     2.7396   3.274310   3.274731   48.94750  -16.47354     5.3966     5.5156          9  0.000e+00
   8645.875     207502   3302.528     2.7384     2.7398   3.274298   3.274749   48.94750  -16.47354     5.3963     5.5239          9  0.000e+00
   8645.917     207503   3302.528     2.7384     2.7398   3.274310   3.274712   48.94750  -16.47354     5.3946     5.5174          9  0.000e+00
   8645.958     207504   3302.626     2.7382     2.7396   3.274322   3.274743   48.94750  -16.47354     5.4022     5.5259          9  0.000e+00
   8646.000     207505   3302.528     2.7382     2.7398   3.274298   3.274761   48.94750  -16.47354     5.3957     5.5278          9  0.000e+00
   8646.042     207506   3302.528     2.7383     2.7396   3.274292   3.274737   48.94750  -16.47354     5.3941     5.5278          9  0.000e+00
   8646.083     207507   3302.528     2.7384     2.7398   3.274292   3.274749   48.94750  -16.47354     5.4016     5.5193          9  0.000e+00
   8646.125     207508   3302.626     2.7383     2.7398   3.274268   3.274761   48.94750  -16.47354     5.4030     5.5193          9  0.000e+00
   8646.167     207509   3302.626     2.7384     2.7398   3.274304   3.274761   48.94750  -16.47354     5.4043     5.5259          9  0.000e+00
   8646.208     207510   3302.529     2.7383     2.7398   3.274274   3.274737   48.94750  -16.47354     5.4055     5.5277          9  0.000e+00
   8646.250     207511   3302.529     2.7382     2.7398   3.274280   3.274730   48.94750  -16.47354     5.3977     5.5295          9  0.000e+00
   8646.292     207512   3302.529     2.7383     2.7398   3.274292   3.274730   48.94750  -16.47354     5.4037     5.5314          9  0.000e+00
   8646.333     207513   3302.626     2.7384     2.7399   3.274292   3.274755   48.94750  -16.47354     5.4051     5.5333          9  0.000e+00
   8646.375     207514   3302.529     2.7385     2.7398   3.274310   3.274737   48.94750  -16.47354     5.4139     5.5351          9  0.000e+00
   8646.417     207515   3302.529     2.7384     2.7398   3.274298   3.274749   48.94750  -16.47354     5.4074     5.5351          9  0.000e+00
   8646.458     207516   3302.626     2.7383     2.7401   3.274292   3.274761   48.94750  -16.47354     5.4071     5.5349          9  0.000e+00
   8646.500     207517   3302.626     2.7384     2.7395   3.274292   3.274761   48.94750  -16.47354     5.4081     5.5264          9  0.000e+00
   9009.458     216228   3045.499     2.8655     2.8680   3.276747   3.277262   48.94750  -16.47352     5.4925     5.6039         10  0.000e+00
   9009.500     216229   3045.499     2.8655     2.8680   3.276771   3.277269   48.94750  -16.47352     5.4855     5.6038         10  0.000e+00
   9009.542     216230   3045.402     2.8656     2.8678   3.276753   3.277293   48.94750  -16.47352     5.4917     5.6036         10  0.000e+00
