Data_example/SBE_Data_Processed/JC231/SeaBird/Data/Processed/JC231_CTD_011c.ros
* Sea-Bird SBE 9 Data File:
* FileName = C:\Users\sandm\Documents\Cruises\JC231\CTD Data\CTD Raw Data\JC231_CTD_011.hex
* Software Version Seasave V 7.26.7.121
* Temperature SN = 5700
* Conductivity SN = 2164
* Number of Bytes Per Scan = 41
* Number of Voltage Words = 4
* Number of Scans Averaged by the Deck Unit = 1
* NMEA Latitude = 49 00.00 N
* NMEA Longitude = 016 30.00 W
* NMEA UTC (Time) = May 15 2022  08:45:01
* NMEA baud rate = 9600
** Ship: RRS James Cook
** Cruise: JC231
** Cast: 011
** Event:
** Station:
** Julian Day: 135
** Time (GMT): 08:50
** Latitude: 49 0.00 ' N
** Longitude: 16 30.00 ' W
** Depth (uncorrected m): 4807m
** Principal Scientist: Dr Susan Hartman
** Operator:  TP / JG
# nquan = 13
# nvalues = 1176                                  
# units = specified
# name 0 = timeS: Time, Elapsed [seconds]
# name 1 = scan: Scan Count
# name 2 = prDM: Pressure, Digiquartz [db]
# name 3 = t090C: Temperature [ITS-90, deg C]
# name 4 = t190C: Temperature, 2 [ITS-90, deg C]
# name 5 = c0S/m: Conductivity [S/m]
# name 6 = c1S/m: Conductivity, 2 [S/m]
# name 7 = latitude: Latitude [deg]
# name 8 = longitude: Longitude [deg]
# name 9 = sbeox0ML/L: Oxygen, SBE 43 [ml/l]
# name 10 = sbeox1ML/L: Oxygen, SBE 43, 2 [ml/l]
# name 11 = nbf: Bottles Fired
# name 12 = flag:  0.000e+00
# interval = seconds: 0.0416667
# start_time = May 15 2022 08:45:02 [System UTC, first data scan.]
# bad_flag = -9.990e-29
*END*
[from data line 1001]
  12813.125     307516     42.548    13.5029    13.4929   4.211567   4.211033   48.99998  -16.49998     5.9667     5.8598         21  0.000e+00
  12813.167     307517     42.251    13.5033    13.4926   4.211580   4.211033   48.99998  -16.49998     5.9676     5.8601         21  0.000e+00
  12813.208     307518     42.481    13.5034    13.4924   4.211587   4.211000   48.99998  -16.49998     5.9621     5.8607         21  0.000e+00
  12813.250     307519     42.346    13.5034    13.4924   4.211553   4.210993   48.99998  -16.49998     5.9589     5.8610         21  0.000e+00
  12813.292     307520     42.346    13.5032    13.4920   4.211526   4.211020   48.99998  -16.49998     5.9586     5.8615         21  0.000e+00
  12813.333     307521     42.440    13.5028    13.4926   4.211506   4.211053   48.99998  -16.49998     5.9553     5.8619         21  0.000e+00
  12813.375     307522     42.386    13.5028    13.4933   4.211459   4.211153   48.99998  -16.49998     5.9518     5.8622         21  0.000e+00
  12813.417     307523     42.345    13.5028    13.4934   4.211433   4.211312   48.99998  -16.49998     5.9478     5.8625         21  0.000e+00
  12813.458     307524     42.440    13.5026    13.4938   4.211386   4.211412   48.99998  -16.49998     5.9437     5.8629         21  0.000e+00
  12813.500     307525     42.345    13.5019    13.4941   4.211312   4.211512   48.99998  -16.49998     5.9423     5.8632         21  0.000e+00
  12813.542     307526     42.480    13.5009    13.4952   4.211292   4.211545   48.99998  -16.49998     5.9376     5.8637         21  0.000e+00
  12813.583     307527     42.251    13.5002    13.4960   4.211258   4.211512   48.99998  -16.49998     5.9386     5.8673         21  0.000e+00
  12813.625     307528     42.440    13.4996    13.4964   4.211205   4.211425   48.99998  -16.49998     5.9336     5.8647         21  0.000e+00
  12813.667     307529     42.440    13.4992    13.4962   4.211232   4.211346   48.99998  -16.49998     5.9314     5.8651         21  0.000e+00
  12813.708     307530     42.183    13.4991    13.4973   4.211258   4.211266   48.99998  -16.49998     5.9324     5.8653         21  0.000e+00
  12813.750     307531     42.345    13.4996    13.4974   4.211285   4.211193   48.99998  -16.49998     5.9404     5.8690         21  0.000e+00
  12813.792     307532     42.440    13.4999    13.4959   4.211325   4.211146   48.99998  -16.49998     5.9430     5.8696         21  0.000e+00
  12813.833     307533     42.183    13.5004    13.4946   4.211379   4.211193   48.99998  -16.49998     5.9424     5.8699         21  0.000e+00
  12813.875     307534     42.439    13.5011    13.4945   4.211379   4.211239   48.99998  -16.49998     5.9457     5.8704         21  0.000e+00
  12813.917     307535     42.251    13.5012    13.4946   4.211412   4.211286   48.99998  -16.49998     5.9460     5.8670         21  0.000e+00
  12813.958     307536     42.345    13.5011    13.4952   4.211412   4.211425   48.99998  -16.49998     5.9467     5.8670         21  0.000e+00
  12814.000     307537     42.385    13.5011    13.4962   4.211399   4.211664   48.99998  -16.49998     5.9505     5.8666         21  0.000e+00
  12814.042     307538     42.345    13.5016    13.4983   4.211433   4.211837   48.99998  -16.49998     5.9543     5.8694         21  0.000e+00
  12814.083     307539     42.439    13.5017    13.4992   4.211466   4.211817   48.99998  -16.49998     5.9518     5.8693         21  0.000e+00
  12814.125     307540     42.250    13.5016    13.4994   4.211506   4.211777   48.99998  -16.49998     5.9518     5.8690         21  0.000e+00
  12814.167     307541     42.291    13.5021    13.4999   4.211540   4.211737   48.99998  -16.49998     5.9454     5.8689         21  0.000e+00
  12814.208     307542     42.547    13.5022    13.5000   4.211607   4.211784   48.99998  -16.49998     5.9422     5.8688         21  0.000e+00
  12814.250     307543     42.345    13.5021    13.5002   4.211614   4.211605   48.99998  -16.49998     5.9386     5.8685         21  0.000e+00
  12929.000     310297     27.293    13.6778    13.6685   4.228977   4.228404   48.99998  -16.49998     5.9581     5.8263         22  0.000e+00
  12929.042     310298     27.293    13.6783    13.6688   4.228997   4.228457   48.99998  -16.49998     5.9600     5.8260         22  0.000e+00
  12929.083     310299     27.387    13.6781    13.6691   4.229030   4.228524   48.99998  -16.49998     5.9628     5.8259         22  0.000e+00
  12929.125     310300     27.091    13.6781    13.6693   4.228983   4.228511   48.99998  -16.49998     5.9659     5.8254         22  0.000e+00
  12929.167     310301     27.387    13.6781    13.6693   4.228997   4.228517   48.99998  -16.49998     5.9699     5.8257         22  0.000e+00
  12929.208     310302     27.198    13.6779    13.6693   4.228990   4.228504   48.99998  -16.49998     5.9708     5.8257         22  0.000e+00
  12929.250     310303     27.293    13.6781    13.6697   4.228970   4.228484   48.99998  -16.49998     5.9721     5.8258         22  0.000e+00
  12929.292     310304     27.198    13.6778    13.6693   4.228943   4.228444   48.99998  -16.49998     5.9733     5.8256         22  0.000e+00
  12929.333     310305     27.293    13.6779    13.6695   4.228957   4.228484   48.99998  -16.49998     5.9776     5.8258         22  0.000e+00
  12929.375     310306     27.198    13.6776    13.6696   4.228943   4.228484   48.99998  -16.49998     5.9788     5.8258         22  0.000e+00
  12929.417     310307     27.441    13.6776    13.6695   4.228937   4.228524   48.99998  -16.49998     5.9799     5.8261         22  0.000e+00
  12929.458     310308     27.198    13.6778    13.6697   4.228957   4.228524   48.99998  -16.49998     5.9772     5.8261         22  0.000e+00
  12929.500     310309     27.293    13.6778    13.6699   4.228943   4.228564   48.99998  -16.49998     5.9776     5.8263         22  0.000e+00
  12929.542     310310     27.293    13.6776    13.6699   4.228957   4.228557   48.99998  -16.49998     5.9712     5.8265         22  0.000e+00
  12929.583     310311     27.387    13.6776    13.6697   4.228829   4.228571   48.99998  -16.49998     5.9706     5.8268         22  0.000e+00
  12929.625     310312     27.198    13.6779    13.6699   4.228923   4.228544   48.99998  -16.49998     5.9699     5.8268         22  0.000e+00
  12929.667     310313     27.387    13.6779    13.6702   4.228997   4.228604   48.99998  -16.49998     5.9663     5.8271         22  0.000e+00
  12929.708     310314     27.198    13.6778    13.6704   4.228957   4.228610   48.99998  -16.49998     5.9654     5.8269         22  0.000e+00
  12929.750     310315     27.387    13.6779    13.6706   4.228990   4.228624   48.99998  -16.49998     5.9616     5.8272         22  0.000e+00
  12929.792     310316     27.293    13.6779    13.6705   4.229010   4.228610   48.99998  -16.49998     5.9640     5.8274         22  0.000e+00
  12929.833     310317     27.387    13.6781    13.6706   4.228977   4.228611   48.99998  -16.49998     5.9636     5.8277         22  0.000e+00
  12929.875     310318     27.293    13.6781    13.6709   4.228997   4.228624   48.99998  -16.49998     5.9667     5.8279         22  0.000e+00
  12929.917     310319     27.293    13.6781    13.6709   4.228977   4.228644   48.99998  -16.49998     5.9669     5.8281         22  0.000e+00
  12929.958     310320     27.252    13.6783    13.6709   4.228997   4.228610   48.99998  -16.49998     5.9638     5.8284         22  0.000e+00
  12930.000     310321     27.292    13.6784    13.6709   4.229010   4.228604   48.99998  -16.49998     5.9642     5.8284         22  0.000e+00
  12930.042     310322     27.292    13.6786    13.6711   4.229010   4.228637   48.99998  -16.49998     5.9652     5.8284         22  0.000e+00
  12930.083     310323     27.292    13.6786    13.6714   4.229030   4.228664   48.99998  -16.49998     5.9694     5.8284         22  0.000e+00
  12930.125     310324     27.387    13.6788    13.6711   4.229071   4.228597   48.99998  -16.49998     5.9739     5.8285         22  0.000e+00
  12930.167     310325     27.387    13.6786    13.6714   4.229084   4.228617   48.99998  -16.49998     5.9753     5.8285         22  0.000e+00
  12930.208     310326     27.198    13.6788    13.6707   4.229084   4.228590   48.99998  -16.49998     5.9792     5.8284         22  0.000e+00
  12930.250     310327     27.292    13.6788    13.6705   4.229111   4.228557   48.99998  -16.49998     5.9801     5.8285         22  0.000e+00
  12930.292     310328     27.495    13.6788    13.6704   4.229057   4.228597   48.99998  -16.49998     5.9807     5.8286         22  0.000e+00
  12930.333     310329     27.292    13.6789    13.6704   4.229044   4.228531   48.99998  -16.49998     5.9774     5.8251         22  0.000e+00
  12930.375     310330     27.495    13.6791    13.6704   4.229098   4.228597   48.99998  -16.49998     5.9772     5.8249         22  0.000e+00
  12930.417     310331     27.198    13.6791    13.6704   4.229091   4.228610   48.99998  -16.49998     5.9699     5.8244         22  0.000e+00
  12930.458     310332     27.387    13.6789    13.6702   4.229084   4.228597   48.99998  -16.49998     5.9657     5.8243         22  0.000e+00
  12930.500     310333     27.441    13.6789    13.6704   4.229138   4.228604   48.99998  -16.49998     5.9674     5.8241         22  0.000e+00
  12930.542     310334     27.387    13.6791    13.6706   4.229178   4.228611   48.99998  -16.49998     5.9694     5.8238         22  0.000e+00
  12930.583     310335     27.387    13.6798    13.6707   4.229212   4.228624   48.99998  -16.49998     5.9686     5.8236         22  0.000e+00
  12930.625     310336     27.292    13.6809    13.6706   4.229279   4.228610   48.99998  -16.49998     5.9681     5.8234         22  0.000e+00
  12930.667     310337     27.387    13.6811    13.6709   4.229239   4.228650   48.99998  -16.49998     5.9684     5.8198         22  0.000e+00
  12930.708     310338     27.387    13.6809    13.6707   4.229252   4.228650   48.99998  -16.49998     5.9655     5.8193         22  0.000e+00
  12930.750     310339     27.292    13.6809    13.6709   4.229185   4.228664   48.99998  -16.49998     5.9622     5.8188         22  0.000e+00
  12930.792     310340     27.387    13.6807    13.6709   4.229205   4.228677   48.99998  -16.49998     5.9651     5.8182         22  0.000e+00
  12930.833     310341     27.494    13.6808    13.6711   4.229333   4.228684   48.99998  -16.49998     5.9585     5.8178         22  0.000e+00
  12930.875     310342     27.292    13.6809    13.6709   4.229346   4.228670   48.99998  -16.49998     5.9572     5.8173         22  0.000e+00
  12930.917     310343     27.494    13.6813    13.6709   4.229339   4.228677   48.99998  -16.49998     5.9592     5.8171         22  0.000e+00
  12930.958     310344     27.292    13.6817    13.6712   4.229359   4.228670   48.99998  -16.49998     5.9609     5.8132         22  0.000e+00
  12931.000     310345     27.386    13.6818    13.6709   4.229346   4.228677   48.99998  -16.49998     5.9633     5.8164         22  0.000e+00
  12947.500     310741     27.430    13.6973    13.7112   4.230910   4.232810   48.99998  -16.50000     5.9729     5.8273         23  0.000e+00
  12947.542     310742     26.985    13.6972    13.7112   4.230849   4.232809   48.99998  -16.50000     5.9687     5.8271         23  0.000e+00
  12947.583     310743     27.579    13.6970    13.7108   4.230856   4.232750   48.99998  -16.50000     5.9619     5.8242         23  0.000e+00
  12947.625     310744     27.079    13.6965    13.7105   4.230843   4.232703   48.99998  -16.50000     5.9601     5.8272         23  0.000e+00
  12947.667     310745     27.376    13.6964    13.7105   4.230836   4.232670   48.99998  -16.50000     5.9654     5.8241         23  0.000e+00
  12947.708     310746     27.282    13.6961    13.7110   4.230836   4.232743   48.99998  -16.50000     5.9642     5.8237         23  0.000e+00
  12947.750     310747     27.187    13.6959    13.7107   4.230836   4.232743   48.99998  -16.50000     5.9690     5.8234         23  0.000e+00
  12947.792     310748     27.484    13.6958    13.7107   4.230890   4.232756   48.99998  -16.50000     5.9710     5.8234         23  0.000e+00
  12947.833     310749     27.282    13.6960    13.7108   4.230876   4.232770   48.99998  -16.50000     5.9790     5.8230         23  0.000e+00
  12947.875     310750     27.282    13.6960    13.7107   4.230843   4.232743   48.99998  -16.50000     5.9842     5.8227         23  0.000e+00
  12947.917     310751     27.282    13.6961    13.7107   4.230890   4.232650   48.99998  -16.50000     5.9864     5.8259         23  0.000e+00
  12947.958     310752     27.282    13.6962    13.7108   4.230910   4.232510   48.99998  -16.50000     5.9885     5.8260         23  0.000e+00
  12948.000     310753     27.484    13.6963    13.7101   4.230910   4.232444   48.99998  -16.50000     5.9876     5.8262         23  0.000e+00
  12948.042     310754     27.241    13.6969    13.7088   4.230957   4.232410   48.99998  -16.50000     5.9831     5.8226         23  0.000e+00
  12948.083     310755     27.282    13.6969    13.7072   4.230923   4.232344   48.99998  -16.50000     5.9823     5.8224         23  0.000e+00
  12948.125     310756     27.484    13.6970    13.7056   4.230930   4.232297   48.99998  -16.50000     5.9790     5.8261         23  0.000e+00
  12948.167     310757     27.282    13.6969    13.7044   4.230944   4.232310   48.99998  -16.50000     5.9721     5.8260         23  0.000e+00
  12948.208     310758     27.376    13.6970    13.7040   4.230883   4.232217   48.99998  -16.50000     5.9657     5.8228         23  0.000e+00
  12948.250     310759     27.187    13.6967    13.7034   4.230896   4.232097   48.99998  -16.50000     5.9653     5.8227         23  0.000e+00
  12948.292     310760     27.484    13.6964    13.7027   4.230823   4.231845   48.99998  -16.50000     5.9657     5.8264         23  0.000e+00
  12948.333     310761     27.187    13.6960    13.7018   4.230796   4.231745   48.99998  -16.50000     5.9662     5.8262         23  0.000e+00
  12948.375     310762     27.281    13.6957    13.7014   4.230769   4.231765   48.99998  -16.50000     5.9676     5.8264         23  0.000e+00
  12948.417     310763     27.281    13.6956    13.7009   4.230816   4.231771   48.99998  -16.50000     5.9785     5.8266         23  0.000e+00
  12948.458     310764     27.376    13.6957    13.7009   4.230816   4.231851   48.99998  -16.50000     5.9836     5.8264         23  0.000e+00
  12948.500     310765     27.281    13.6960    13.7011   4.230829   4.231964   48.99998  -16.50000     5.9855     5.8264         23  0.000e+00
  12948.542     310766     27.281    13.6961    13.7021   4.230856   4.231998   48.99998  -16.50000     5.9905     5.8264         23  0.000e+00
  12948.583     310767     27.335    13.6959    13.7027   4.230843   4.232077   48.99998  -16.50000     5.9891     5.8264         23  0.000e+00
  12948.625     310768     27.281    13.6955    13.7030   4.230776   4.232191   48.99998  -16.50000     5.9873     5.8264         23  0.000e+00
  12948.667     310769     27.484    13.6949    13.7040   4.230729   4.232237   48.99998  -16.50000     5.9882     5.8265         23  0.000e+00
  12948.708     310770     27.187    13.6942    13.7046   4.230662   4.232250   48.99998  -16.50000     5.9883     5.8262         23  0.000e+00
  12948.750     310771     27.376    13.6936    13.7051   4.230621   4.232171   48.99998  -16.50000     5.9852     5.8264         23  0.000e+00
  12948.792     310772     27.281    13.6935    13.7049   4.230588   4.232084   48.99998  -16.50000     5.9782     5.8263         23  0.000e+00
  12948.833     310773     27.281    13.6935    13.7044   4.230547   4.232044   48.99998  -16.50000     5.9738     5.8264         23  0.000e+00
