Data_example/SBE_Data_Processed/JC231/SeaBird/Data/Processed/JC231_CTD_002c.ros
* Sea-Bird SBE 9 Data File:
* FileName = C:\Users\sandm\Documents\Cruises\JC231\CTD Data\CTD Raw Data\JC231_CTD_002.hex
* Software Version Seasave V 7.26.7.121
* Temperature SN = 5700
* Conductivity SN = 2164
* Number of Bytes Per Scan = 41
* Number of Voltage Words = 4
* Number of Scans Averaged by the Deck Unit = 1
* NMEA Latitude = 48 58.03 N
* NMEA Longitude = 016 21.45 W
* NMEA UTC (Time) = May 04 2022  10:05:52
* NMEA baud rate = 9600
** Ship: RRS James Cook
** Cruise: JC231
** Cast: 002
** Event:
** Station:
** Julian Day: 124
** Time (GMT): 10:05
** Latitude: 48 58.031' N
** Longitude: 16 21.446'' W
** Depth (uncorrected m): 4808m
** Principal Scientist: Dr Susan Hartman
** Operator:  TP / JG
# nquan = 13
# nvalues = 1127                                  
# units = specified
# name 0 = timeS: Time, Elapsed [seconds]
# name 1 = scan: Scan Count
# name 2 = prDM: Pressure, Digiquartz [db]
# name 3 = t090C: Temperature [ITS-90, deg C]
# name 4 = t190C: Temperature, 2 [ITS-90, deg C]
# name 5 = c0S/m: Conductivity [S/m]
# name 6 = c1S/m: Conductivity, 2 [S/m]
# name 7 = latitude: Latitude [deg]
# name 8 = longitude: Longitude [deg]
# name 9 = sbeox0ML/L: Oxygen, SBE 43 [ml/l]
# name 10 = sbeox1ML/L: Oxygen, SBE 43, 2 [ml/l]
# name 11 = nbf: Bottles Fired
# name 12 = flag:  0.000e+00
# interval = seconds: 0.0416667
# start_time = May 04 2022 10:05:53 [System UTC, first data scan.]
# bad_flag = -9.990e-29
*END*
[from data line 556]
  11341.458     272196   2024.241     3.6468     3.6481   3.305007   3.305440   48.96724  -16.35746     5.9910     6.0944         12  0.000e+00
  11341.500     272197   2024.144     3.6470     3.6479   3.304994   3.305440   48.96724  -16.35746     5.9892     6.0948         12  0.000e+00
  11341.542     272198   2024.241     3.6473     3.6479   3.305025   3.305440   48.96724  -16.35746     5.9959     6.0943         12  0.000e+00
  11341.583     272199   2024.241     3.6470     3.6480   3.305001   3.305440   48.96724  -16.35746     5.9888     6.0937         12  0.000e+00
  11341.625     272200   2024.406     3.6474     3.6481   3.305025   3.305410   48.96724  -16.35746     5.9887     6.0932         12  0.000e+00
  11341.667     272201   2024.144     3.6473     3.6479   3.304988   3.305428   48.96724  -16.35746     5.9953     6.0924         12  0.000e+00
  11341.708     272202   2024.351     3.6472     3.6479   3.304988   3.305440   48.96724  -16.35746     5.9953     6.0919         12  0.000e+00
  11341.750     272203   2024.241     3.6470     3.6479   3.305001   3.305440   48.96724  -16.35746     5.9965     6.0924         12  0.000e+00
  11341.792     272204   2024.241     3.6470     3.6477   3.305019   3.305440   48.96724  -16.35746     5.9909     6.0930         12  0.000e+00
  11341.833     272205   2024.351     3.6466     3.6479   3.305031   3.305440   48.96724  -16.35746     5.9909     6.0938         12  0.000e+00
  11341.875     272206   2024.144     3.6470     3.6477   3.305013   3.305440   48.96724  -16.35746     5.9907     6.0931         12  0.000e+00
  11341.917     272207   2024.241     3.6468     3.6477   3.305019   3.305440   48.96724  -16.35746     5.9892     6.0928         12  0.000e+00
  11341.958     272208   2024.351     3.6470     3.6477   3.305007   3.305440   48.96724  -16.35746     5.9946     6.0935         12  0.000e+00
  11342.000     272209   2024.145     3.6470     3.6477   3.305019   3.305410   48.96724  -16.35746     5.9959     6.0941         12  0.000e+00
  11342.042     272210   2024.351     3.6470     3.6477   3.305031   3.305428   48.96724  -16.35746     5.9959     6.0939         12  0.000e+00
  11342.083     272211   2024.241     3.6470     3.6477   3.305037   3.305458   48.96724  -16.35746     5.9972     6.1011         12  0.000e+00
  11342.125     272212   2024.241     3.6470     3.6477   3.305025   3.305422   48.96724  -16.35746     5.9970     6.0954         12  0.000e+00
  11342.167     272213   2024.241     3.6468     3.6477   3.305007   3.305428   48.96724  -16.35746     5.9968     6.0950         12  0.000e+00
  11342.208     272214   2024.351     3.6470     3.6477   3.305019   3.305440   48.96724  -16.35746     5.9981     6.0959         12  0.000e+00
  11342.250     272215   2024.200     3.6470     3.6477   3.305007   3.305410   48.96724  -16.35746     5.9993     6.0966         12  0.000e+00
  11342.292     272216   2024.241     3.6470     3.6477   3.305025   3.305428   48.96724  -16.35746     5.9990     6.1028         12  0.000e+00
  11342.333     272217   2024.241     3.6468     3.6479   3.305049   3.305410   48.96724  -16.35746     6.0002     6.1036         12  0.000e+00
  11342.375     272218   2024.145     3.6468     3.6475   3.305019   3.305404   48.96724  -16.35746     6.0013     6.0979         12  0.000e+00
  11342.417     272219   2024.351     3.6468     3.6477   3.304995   3.305404   48.96724  -16.35746     6.0027     6.1041         12  0.000e+00
  11342.458     272220   2024.241     3.6470     3.6477   3.305025   3.305428   48.96724  -16.35746     5.9953     6.0983         12  0.000e+00
  11342.500     272221   2024.241     3.6468     3.6479   3.305013   3.305410   48.96724  -16.35746     5.9950     6.0978         12  0.000e+00
  11342.542     272222   2024.241     3.6466     3.6477   3.304994   3.305428   48.96724  -16.35746     5.9947     6.1050         12  0.000e+00
  11342.583     272223   2024.241     3.6470     3.6477   3.305001   3.305458   48.96724  -16.35746     5.9929     6.0993         12  0.000e+00
  11342.625     272224   2024.241     3.6466     3.6478   3.305019   3.305446   48.96724  -16.35746     5.9928     6.1053         12  0.000e+00
  11342.667     272225   2024.241     3.6470     3.6477   3.304988   3.305440   48.96724  -16.35746     5.9995     6.0995         12  0.000e+00
  11342.708     272226   2024.351     3.6468     3.6477   3.304995   3.305410   48.96724  -16.35746     5.9995     6.0980         12  0.000e+00
  11342.750     272227   2024.351     3.6468     3.6477   3.305043   3.305452   48.96724  -16.35746     5.9992     6.0974         12  0.000e+00
  11679.583     280311   1824.653     3.7636     3.7646   3.306386   3.306820   48.96722  -16.35746     6.0686     6.1850         13  0.000e+00
  11679.625     280312   1825.065     3.7634     3.7644   3.306368   3.306851   48.96722  -16.35746     6.0672     6.1900         13  0.000e+00
  11679.667     280313   1824.667     3.7632     3.7644   3.306355   3.306814   48.96722  -16.35746     6.0666     6.1903         13  0.000e+00
  11679.708     280314   1824.763     3.7632     3.7643   3.306386   3.306820   48.96722  -16.35746     6.0679     6.1847         13  0.000e+00
  11679.750     280315   1824.776     3.7631     3.7644   3.306435   3.306832   48.96722  -16.35746     6.0744     6.1894         13  0.000e+00
  11679.792     280316   1824.763     3.7631     3.7646   3.306398   3.306808   48.96722  -16.35746     6.0691     6.1889         13  0.000e+00
  11679.833     280317   1824.873     3.7632     3.7646   3.306416   3.306845   48.96722  -16.35746     6.0676     6.1884         13  0.000e+00
  11679.875     280318   1824.653     3.7636     3.7647   3.306441   3.306863   48.96722  -16.35746     6.0673     6.1886         13  0.000e+00
  11679.917     280319   1824.763     3.7634     3.7644   3.306428   3.306863   48.96722  -16.35746     6.0674     6.1830         13  0.000e+00
  11679.958     280320   1824.873     3.7636     3.7647   3.306441   3.306863   48.96724  -16.35746     6.0742     6.1826         13  0.000e+00
  11680.000     280321   1824.763     3.7637     3.7646   3.306428   3.306863   48.96724  -16.35746     6.0675     6.1820         13  0.000e+00
  11680.042     280322   1824.873     3.7637     3.7646   3.306416   3.306839   48.96724  -16.35746     6.0676     6.1868         13  0.000e+00
  11680.083     280323   1824.653     3.7639     3.7647   3.306380   3.306838   48.96724  -16.35746     6.0675     6.1809         13  0.000e+00
  11680.125     280324   1824.777     3.7636     3.7647   3.306422   3.306832   48.96724  -16.35746     6.0678     6.1868         13  0.000e+00
  11680.167     280325   1824.653     3.7637     3.7646   3.306422   3.306851   48.96724  -16.35746     6.0746     6.1800         13  0.000e+00
  11680.208     280326   1824.859     3.7634     3.7647   3.306422   3.306838   48.96724  -16.35746     6.0698     6.1859         13  0.000e+00
  11680.250     280327   1824.667     3.7636     3.7643   3.306416   3.306851   48.96724  -16.35746     6.0780     6.1864         13  0.000e+00
  11680.292     280328   1824.859     3.7634     3.7647   3.306398   3.306838   48.96724  -16.35746     6.0719     6.1872         13  0.000e+00
  11680.333     280329   1824.667     3.7637     3.7647   3.306410   3.306832   48.96724  -16.35746     6.0772     6.1814         13  0.000e+00
  11680.375     280330   1824.763     3.7636     3.7646   3.306447   3.306832   48.96724  -16.35746     6.0709     6.1873         13  0.000e+00
  11680.417     280331   1824.873     3.7636     3.7644   3.306471   3.306832   48.96724  -16.35746     6.0698     6.1819         13  0.000e+00
  11680.458     280332   1824.763     3.7637     3.7642   3.306441   3.306832   48.96724  -16.35746     6.0766     6.1815         13  0.000e+00
  11680.500     280333   1824.763     3.7637     3.7643   3.306441   3.306832   48.96724  -16.35746     6.0717     6.1812         13  0.000e+00
  11680.542     280334   1824.873     3.7636     3.7644   3.306422   3.306808   48.96724  -16.35746     6.0788     6.1799         13  0.000e+00
  11680.583     280335   1824.859     3.7636     3.7644   3.306447   3.306802   48.96724  -16.35746     6.0790     6.1785         13  0.000e+00
  11680.625     280336   1824.667     3.7637     3.7646   3.306422   3.306820   48.96724  -16.35746     6.0806     6.1832         13  0.000e+00
  11680.667     280337   1824.860     3.7637     3.7644   3.306447   3.306851   48.96724  -16.35746     6.0809     6.1841         13  0.000e+00
  11680.708     280338   1824.667     3.7637     3.7644   3.306471   3.306838   48.96724  -16.35746     6.0809     6.1774         13  0.000e+00
  11680.750     280339   1824.764     3.7637     3.7646   3.306483   3.306838   48.96724  -16.35746     6.0745     6.1822         13  0.000e+00
  11680.792     280340   1824.764     3.7637     3.7643   3.306453   3.306832   48.96724  -16.35746     6.0799     6.1819         13  0.000e+00
  11680.833     280341   1824.873     3.7637     3.7646   3.306428   3.306832   48.96724  -16.35746     6.0734     6.1753         13  0.000e+00
  11680.875     280342   1824.764     3.7639     3.7646   3.306465   3.306851   48.96724  -16.35746     6.0800     6.1810         13  0.000e+00
  11680.917     280343   1824.668     3.7639     3.7644   3.306495   3.306863   48.96724  -16.35746     6.0748     6.1754         13  0.000e+00
  11680.958     280344   1824.970     3.7637     3.7647   3.306447   3.306863   48.96724  -16.35746     6.0753     6.1814         13  0.000e+00
  11681.000     280345   1824.668     3.7640     3.7646   3.306465   3.306814   48.96724  -16.35746     6.0752     6.1757         13  0.000e+00
  11681.042     280346   1824.654     3.7640     3.7647   3.306459   3.306844   48.96724  -16.35746     6.0821     6.1816         13  0.000e+00
  11681.083     280347   1824.983     3.7640     3.7646   3.306471   3.306839   48.96724  -16.35746     6.0826     6.1826         13  0.000e+00
  11681.125     280348   1824.654     3.7640     3.7644   3.306459   3.306808   48.96724  -16.35746     6.0825     6.1831         13  0.000e+00
  11681.167     280349   1824.764     3.7637     3.7649   3.306471   3.306845   48.96724  -16.35746     6.0776     6.1777         13  0.000e+00
  11681.208     280350   1824.874     3.7639     3.7646   3.306483   3.306839   48.96724  -16.35746     6.0860     6.1775         13  0.000e+00
  11681.250     280351   1824.764     3.7639     3.7646   3.306501   3.306832   48.96724  -16.35746     6.0824     6.1772         13  0.000e+00
  11681.292     280352   1824.668     3.7639     3.7645   3.306483   3.306875   48.96724  -16.35746     6.0879     6.1770         13  0.000e+00
  11681.333     280353   1824.764     3.7639     3.7646   3.306483   3.306820   48.96724  -16.35746     6.0816     6.1769         13  0.000e+00
  11681.375     280354   1824.874     3.7642     3.7644   3.306477   3.306820   48.96724  -16.35746     6.0872     6.1832         13  0.000e+00
  11681.417     280355   1824.764     3.7639     3.7644   3.306483   3.306838   48.96724  -16.35746     6.0874     6.1778         13  0.000e+00
  11681.458     280356   1824.764     3.7640     3.7646   3.306477   3.306857   48.96724  -16.35746     6.0876     6.1839         13  0.000e+00
  11681.500     280357   1824.778     3.7640     3.7644   3.306483   3.306838   48.96724  -16.35746     6.0810     6.1788         13  0.000e+00
  11681.542     280358   1824.860     3.7639     3.7644   3.306477   3.306851   48.96724  -16.35746     6.0880     6.1851         13  0.000e+00
  11681.583     280359   1824.668     3.7642     3.7645   3.306453   3.306863   48.96724  -16.35746     6.0879     6.1859         13  0.000e+00
  12349.375     296386   1263.499     5.2805     5.2803   3.432495   3.432887   48.96724  -16.35746     5.3650     5.4725         14  0.000e+00
  12349.417     296387   1263.609     5.2805     5.2803   3.432514   3.432905   48.96724  -16.35746     5.3642     5.4723         14  0.000e+00
  12349.458     296388   1263.704     5.2806     5.2804   3.432508   3.432887   48.96724  -16.35746     5.3691     5.4728         14  0.000e+00
  12349.500     296389   1263.500     5.2802     5.2805   3.432520   3.432880   48.96724  -16.35746     5.3645     5.4677         14  0.000e+00
  12349.542     296390   1263.609     5.2802     5.2806   3.432514   3.432887   48.96724  -16.35746     5.3648     5.4720         14  0.000e+00
  12349.583     296391   1263.500     5.2802     5.2805   3.432501   3.432880   48.96724  -16.35746     5.3707     5.4663         14  0.000e+00
  12349.625     296392   1263.609     5.2805     5.2805   3.432545   3.432899   48.96724  -16.35746     5.3663     5.4705         14  0.000e+00
  12349.667     296393   1263.527     5.2805     5.2804   3.432514   3.432874   48.96724  -16.35746     5.3666     5.4648         14  0.000e+00
  12349.708     296394   1263.705     5.2803     5.2803   3.432520   3.432874   48.96724  -16.35746     5.3671     5.4691         14  0.000e+00
  12349.750     296395   1263.500     5.2802     5.2806   3.432538   3.432880   48.96724  -16.35746     5.3662     5.4693         14  0.000e+00
  12349.792     296396   1263.609     5.2802     5.2807   3.432508   3.432862   48.96724  -16.35746     5.3667     5.4697         14  0.000e+00
  12349.833     296397   1263.609     5.2803     5.2801   3.432520   3.432917   48.96724  -16.35746     5.3660     5.4702         14  0.000e+00
  12349.875     296398   1263.609     5.2805     5.2806   3.432532   3.432893   48.96724  -16.35746     5.3721     5.4705         14  0.000e+00
  12349.917     296399   1263.609     5.2805     5.2805   3.432495   3.432887   48.96724  -16.35746     5.3725     5.4648         14  0.000e+00
  12349.958     296400   1263.404     5.2805     5.2805   3.432538   3.432929   48.96724  -16.35746     5.3738     5.4687         14  0.000e+00
  12350.000     296401   1263.609     5.2802     5.2804   3.432538   3.432893   48.96724  -16.35746     5.3743     5.4693         14  0.000e+00
  12350.042     296402   1263.705     5.2805     5.2803   3.432532   3.432862   48.96724  -16.35746     5.3804     5.4751         14  0.000e+00
  12350.083     296403   1263.418     5.2802     5.2804   3.432507   3.432899   48.96724  -16.35746     5.3768     5.4706         14  0.000e+00
  12350.125     296404   1263.609     5.2802     5.2805   3.432508   3.432911   48.96724  -16.35746     5.3783     5.4710         14  0.000e+00
  12350.167     296405   1263.609     5.2806     5.2803   3.432526   3.432887   48.96724  -16.35746     5.3739     5.4714         14  0.000e+00
  12350.208     296406   1263.609     5.2806     5.2800   3.432532   3.432917   48.96724  -16.35746     5.3731     5.4709         14  0.000e+00
  12350.250     296407   1263.609     5.2802     5.2805   3.432532   3.432868   48.96724  -16.35746     5.3780     5.4704         14  0.000e+00
  12350.292     296408   1263.609     5.2802     5.2801   3.432508   3.432893   48.96724  -16.35746     5.3793     5.4707         14  0.000e+00
  12350.333     296409   1263.500     5.2802     5.2804   3.432532   3.432874   48.96724  -16.35746     5.3748     5.4708         14  0.000e+00
  12350.375     296410   1263.705     5.2802     5.2801   3.432532   3.432899   48.96724  -16.35746     5.3810     5.4712         14  0.000e+00
  12350.417     296411   1263.500     5.2802     5.2804   3.432508   3.432887   48.96724  -16.35746     5.3811     5.4759         14  0.000e+00
  12350.458     296412   1263.528     5.2805     5.2801   3.432520   3.432844   48.96724  -16.35746     5.3813     5.4761         14  0.000e+00
  12350.500     296413   1263.705     5.2803     5.2800   3.432508   3.432887   48.96724  -16.35746     5.3873     5.4763         14  0.000e+00
  12350.542     296414   1263.500     5.2801     5.2804   3.432508   3.432862   48.96724  -16.35746     5.3826     5.4708         14  0.000e+00
