Data_example/SBE_Data_Processed/JC231/SeaBird/Data/Processed/JC231_CTD_011c.ros
* Sea-Bird SBE 9 Data File:
* FileName = C:\Users\sandm\Documents\Cruises\JC231\CTD Data\CTD Raw Data\JC231_CTD_011.hex
* Software Version Seasave V 7.26.7.121
* Temperature SN = 5700
* Conductivity SN = 2164
* Number of Bytes Per Scan = 41
* Number of Voltage Words = 4
* Number of Scans Averaged by the Deck Unit = 1
* NMEA Latitude = 49 00.00 N
* NMEA Longitude = 016 30.00 W
* NMEA UTC (Time) = May 15 2022  08:45:01
* NMEA baud rate = 9600
** Ship: RRS James Cook
** Cruise: JC231
** Cast: 011
** Event:
** Station:
** Julian Day: 135
** Time (GMT): 08:50
** Latitude: 49 0.00 ' N
** Longitude: 16 30.00 ' W
** Depth (uncorrected m): 4807m
** Principal Scientist: Dr Susan Hartman
** Operator:  TP / JG
# nquan = 13
# nvalues = 1176                                  
# units = specified
# name 0 = timeS: Time, Elapsed [seconds]
# name 1 = scan: Scan Count
# name 2 = prDM: Pressure, Digiquartz [db]
# name 3 = t090C: Temperature [ITS-90, deg C]
# name 4 = t190C: Temperature, 2 [ITS-90, deg C]
# name 5 = c0S/m: Conductivity [S/m]
# name 6 = c1S/m: Conductivity, 2 [S/m]
# name 7 = latitude: Latitude [deg]
# name 8 = longitude: Longitude [deg]
# name 9 = sbeox0ML/L: Oxygen, SBE 43 [ml/l]
# name 10 = sbeox1ML/L: Oxygen, SBE 43, 2 [ml/l]
# name 11 = nbf: Bottles Fired
# name 12 = flag:  0.000e+00
# interval = seconds: 0.0416667
# start_time = May 15 2022 08:45:02 [System UTC, first data scan.]
# bad_flag = -9.990e-29
*END*
[from data line 223]
   8487.583     203703   3048.770     2.8712     2.8722   3.277282   3.277794   48.99996  -16.49998     5.5273     5.5955          5  0.000e+00
   8487.625     203704   3048.659     2.8709     2.8722   3.277282   3.277788   48.99996  -16.49998     5.5266     5.5884          5  0.000e+00
   8487.667     203705   3048.562     2.8711     2.8724   3.277312   3.277757   48.99996  -16.49998     5.5331     5.5957          5  0.000e+00
   8487.708     203706   3048.660     2.8710     2.8722   3.277288   3.277733   48.99996  -16.49998     5.5339     5.5969          5  0.000e+00
   8487.750     203707   3048.660     2.8709     2.8721   3.277300   3.277745   48.99996  -16.49998     5.5346     5.5979          5  0.000e+00
   8487.792     203708   3048.562     2.8710     2.8721   3.277294   3.277775   48.99996  -16.49998     5.5352     5.5989          5  0.000e+00
   8487.833     203709   3048.771     2.8710     2.8724   3.277306   3.277788   48.99996  -16.49998     5.5361     5.6001          5  0.000e+00
   8487.875     203710   3048.563     2.8710     2.8721   3.277294   3.277763   48.99996  -16.49998     5.5294     5.6010          5  0.000e+00
   8487.917     203711   3048.660     2.8710     2.8724   3.277282   3.277757   48.99996  -16.49998     5.5348     5.6021          5  0.000e+00
   8487.958     203712   3048.660     2.8710     2.8722   3.277300   3.277775   48.99996  -16.49998     5.5355     5.6014          5  0.000e+00
   8488.000     203713   3048.660     2.8708     2.8722   3.277294   3.277781   48.99996  -16.49998     5.5290     5.5944          5  0.000e+00
   8488.042     203714   3048.563     2.8712     2.8721   3.277331   3.277787   48.99996  -16.49998     5.5356     5.5937          5  0.000e+00
   8488.083     203715   3048.660     2.8710     2.8721   3.277319   3.277739   48.99996  -16.49998     5.5364     5.5933          5  0.000e+00
   8488.125     203716   3048.660     2.8710     2.8721   3.277276   3.277769   48.99996  -16.49998     5.5372     5.5990          5  0.000e+00
   8488.167     203717   3048.660     2.8710     2.8719   3.277300   3.277788   48.99996  -16.49998     5.5380     5.6001          5  0.000e+00
   8488.208     203718   3048.452     2.8710     2.8724   3.277312   3.277763   48.99996  -16.49998     5.5386     5.5931          5  0.000e+00
   8488.250     203719   3048.660     2.8710     2.8722   3.277294   3.277751   48.99996  -16.49998     5.5395     5.5989          5  0.000e+00
   8488.292     203720   3048.563     2.8714     2.8721   3.277282   3.277775   48.99996  -16.49998     5.5329     5.5903          5  0.000e+00
   8488.333     203721   3048.660     2.8709     2.8721   3.277300   3.277763   48.99996  -16.49998     5.5325     5.5978          5  0.000e+00
   8488.375     203722   3048.660     2.8714     2.8722   3.277343   3.277775   48.99996  -16.49998     5.5320     5.5909          5  0.000e+00
   8488.417     203723   3048.563     2.8710     2.8722   3.277319   3.277763   48.99996  -16.49998     5.5316     5.5983          5  0.000e+00
   8488.458     203724   3048.563     2.8712     2.8722   3.277331   3.277775   48.99996  -16.49998     5.5371     5.5977          5  0.000e+00
   8992.042     215810   2617.976     3.1674     3.1634   3.287470   3.287462   49.00000  -16.50002     5.7829     5.8291          6  0.000e+00
   8992.083     215811   2617.866     3.1674     3.1634   3.287458   3.287468   49.00000  -16.50002     5.7829     5.8293          6  0.000e+00
   8992.125     215812   2617.866     3.1673     3.1634   3.287470   3.287474   49.00000  -16.50002     5.7830     5.8311          6  0.000e+00
   8992.167     215813   2617.769     3.1674     3.1633   3.287458   3.287492   49.00000  -16.50002     5.7830     5.8314          6  0.000e+00
   8992.208     215814   2617.769     3.1673     3.1631   3.287428   3.287462   49.00000  -16.50002     5.7897     5.8318          6  0.000e+00
   8992.250     215815   2617.769     3.1673     3.1634   3.287422   3.287462   49.00000  -16.50002     5.7842     5.8321          6  0.000e+00
   8992.292     215816   2617.866     3.1673     3.1633   3.287464   3.287468   49.00000  -16.50002     5.7843     5.8326          6  0.000e+00
   8992.333     215817   2617.866     3.1674     3.1631   3.287434   3.287432   49.00000  -16.50002     5.7844     5.8330          6  0.000e+00
   8992.375     215818   2617.769     3.1673     3.1631   3.287440   3.287383   49.00000  -16.50002     5.7844     5.8333          6  0.000e+00
   8992.417     215819   2617.769     3.1674     3.1630   3.287452   3.287383   49.00000  -16.50002     5.7844     5.8337          6  0.000e+00
   8992.458     215820   2617.866     3.1674     3.1626   3.287470   3.287371   49.00000  -16.50002     5.7845     5.8341          6  0.000e+00
   8992.500     215821   2617.769     3.1673     3.1626   3.287458   3.287371   49.00000  -16.50002     5.7833     5.8344          6  0.000e+00
   8992.542     215822   2617.977     3.1673     3.1623   3.287452   3.287359   49.00000  -16.50002     5.7824     5.8335          6  0.000e+00
   8992.583     215823   2617.866     3.1673     3.1621   3.287452   3.287341   49.00000  -16.50002     5.7822     5.8337          6  0.000e+00
   8992.625     215824   2617.825     3.1674     3.1621   3.287428   3.287329   49.00000  -16.50002     5.7821     5.8340          6  0.000e+00
   8992.667     215825   2617.659     3.1673     3.1618   3.287440   3.287335   49.00000  -16.50002     5.7886     5.8342          6  0.000e+00
   8992.708     215826   2617.866     3.1673     3.1618   3.287446   3.287317   49.00000  -16.50002     5.7898     5.8347          6  0.000e+00
   8992.750     215827   2617.866     3.1675     3.1618   3.287446   3.287323   49.00000  -16.50002     5.7841     5.8350          6  0.000e+00
   8992.792     215828   2617.866     3.1673     3.1619   3.287452   3.287311   49.00000  -16.50002     5.7895     5.8353          6  0.000e+00
   8992.833     215829   2617.866     3.1674     3.1616   3.287452   3.287323   49.00000  -16.50002     5.7837     5.8356          6  0.000e+00
   8992.875     215830   2617.769     3.1673     3.1616   3.287452   3.287311   49.00000  -16.50002     5.7822     5.8358          6  0.000e+00
   8992.917     215831   2617.866     3.1675     3.1616   3.287428   3.287329   49.00000  -16.50002     5.7820     5.8362          6  0.000e+00
   8992.958     215832   2617.866     3.1673     3.1618   3.287464   3.287329   49.00000  -16.50002     5.7817     5.8364          6  0.000e+00
   8993.000     215833   2617.977     3.1673     3.1616   3.287458   3.287335   49.00000  -16.50002     5.7894     5.8369          6  0.000e+00
   8993.042     215834   2617.770     3.1676     3.1616   3.287428   3.287329   49.00000  -16.50002     5.7900     5.8370          6  0.000e+00
   8993.083     215835   2617.977     3.1674     3.1618   3.287440   3.287311   49.00000  -16.50004     5.7843     5.8374          6  0.000e+00
   8993.125     215836   2617.866     3.1672     3.1618   3.287428   3.287287   49.00000  -16.50004     5.7828     5.8377          6  0.000e+00
   8993.167     215837   2617.867     3.1673     3.1616   3.287440   3.287317   49.00000  -16.50004     5.7891     5.8380          6  0.000e+00
   8993.208     215838   2617.977     3.1673     3.1618   3.287452   3.287335   49.00000  -16.50004     5.7832     5.8383          6  0.000e+00
   8993.250     215839   2617.867     3.1674     3.1616   3.287428   3.287305   49.00000  -16.50004     5.7905     5.8386          6  0.000e+00
   8993.292     215840   2617.867     3.1672     3.1615   3.287482   3.287305   49.00000  -16.50004     5.7911     5.8389          6  0.000e+00
   8993.333     215841   2617.977     3.1674     3.1613   3.287440   3.287311   49.00000  -16.50004     5.7852     5.8393          6  0.000e+00
   8993.375     215842   2617.867     3.1674     3.1618   3.287422   3.287299   49.00000  -16.50004     5.7847     5.8379          6  0.000e+00
   8993.417     215843   2617.977     3.1672     3.1613   3.287440   3.287329   49.00000  -16.50004     5.7843     5.8368          6  0.000e+00
   8993.458     215844   2617.867     3.1676     3.1616   3.287470   3.287263   49.00000  -16.50004     5.7837     5.8354          6  0.000e+00
   8993.500     215845   2617.867     3.1677     3.1616   3.287434   3.287311   49.00000  -16.50004     5.7833     5.8355          6  0.000e+00
   8993.542     215846   2617.867     3.1673     3.1613   3.287440   3.287293   49.00000  -16.50004     5.7828     5.8342          6  0.000e+00
   8993.583     215847   2617.977     3.1674     3.1618   3.287452   3.287317   49.00000  -16.50004     5.7836     5.8343          6  0.000e+00
   8993.625     215848   2617.867     3.1674     3.1613   3.287452   3.287293   49.00000  -16.50004     5.7831     5.8270          6  0.000e+00
   8993.667     215849   2618.033     3.1673     3.1613   3.287428   3.287293   49.00000  -16.50004     5.7828     5.8331          6  0.000e+00
   8993.708     215850   2618.088     3.1674     3.1612   3.287440   3.287305   49.00000  -16.50004     5.7824     5.8333          6  0.000e+00
   8993.750     215851   2617.867     3.1674     3.1613   3.287428   3.287323   49.00000  -16.50004     5.7819     5.8259          6  0.000e+00
   8993.792     215852   2617.978     3.1672     3.1613   3.287464   3.287293   49.00000  -16.50004     5.7815     5.8320          6  0.000e+00
   8993.833     215853   2617.978     3.1673     3.1613   3.287434   3.287299   49.00000  -16.50004     5.7878     5.8322          6  0.000e+00
   8993.875     215854   2617.867     3.1675     3.1615   3.287458   3.287275   49.00000  -16.50004     5.7883     5.8235          6  0.000e+00
   8993.917     215855   2617.978     3.1673     3.1615   3.287458   3.287323   49.00000  -16.50004     5.7823     5.8296          6  0.000e+00
   8993.958     215856   2618.088     3.1673     3.1615   3.287428   3.287305   49.00000  -16.50004     5.7819     5.8299          6  0.000e+00
   8994.000     215857   2617.978     3.1673     3.1616   3.287422   3.287281   49.00000  -16.50004     5.7814     5.8300          6  0.000e+00
   8994.042     215858   2617.978     3.1675     3.1613   3.287440   3.287323   49.00000  -16.50004     5.7742     5.8302          6  0.000e+00
   9251.250     222031   2484.573     3.2578     3.2591   3.289822   3.290290   48.99998  -16.49994     5.9191     5.9593          7  0.000e+00
   9251.292     222032   2484.850     3.2578     3.2592   3.289835   3.290278   48.99998  -16.49994     5.9186     5.9603          7  0.000e+00
   9251.333     222033   2484.573     3.2577     3.2592   3.289834   3.290296   48.99998  -16.49994     5.9112     5.9608          7  0.000e+00
   9251.375     222034   2484.850     3.2578     3.2591   3.289810   3.290326   48.99998  -16.49994     5.9172     5.9603          7  0.000e+00
   9251.417     222035   2484.643     3.2577     3.2593   3.289804   3.290314   48.99998  -16.49994     5.9174     5.9608          7  0.000e+00
   9251.458     222036   2484.781     3.2577     3.2592   3.289822   3.290308   48.99998  -16.49994     5.9167     5.9531          7  0.000e+00
   9251.500     222037   2484.850     3.2578     3.2594   3.289786   3.290326   48.99998  -16.49994     5.9171     5.9524          7  0.000e+00
   9251.542     222038   2484.670     3.2577     3.2592   3.289816   3.290338   48.99998  -16.49994     5.9172     5.9517          7  0.000e+00
   9251.583     222039   2484.643     3.2577     3.2591   3.289834   3.290314   48.99998  -16.49994     5.9164     5.9582          7  0.000e+00
   9251.625     222040   2484.643     3.2578     3.2592   3.289810   3.290326   48.99998  -16.49994     5.9156     5.9590          7  0.000e+00
   9251.667     222041   2484.781     3.2575     3.2592   3.289822   3.290314   48.99998  -16.49994     5.9159     5.9599          7  0.000e+00
   9251.708     222042   2484.643     3.2580     3.2592   3.289810   3.290308   48.99998  -16.49994     5.9149     5.9606          7  0.000e+00
   9251.750     222043   2484.878     3.2575     3.2594   3.289804   3.290326   48.99998  -16.49994     5.9088     5.9544          7  0.000e+00
   9251.792     222044   2484.643     3.2577     3.2591   3.289822   3.290314   48.99998  -16.49994     5.9067     5.9594          7  0.000e+00
   9251.833     222045   2484.643     3.2575     3.2592   3.289834   3.290326   48.99998  -16.49994     5.9113     5.9588          7  0.000e+00
   9251.875     222046   2484.781     3.2578     3.2592   3.289786   3.290338   48.99998  -16.49994     5.9105     5.9596          7  0.000e+00
   9251.917     222047   2484.643     3.2579     3.2594   3.289841   3.290290   48.99998  -16.49994     5.9105     5.9588          7  0.000e+00
   9251.958     222048   2484.643     3.2575     3.2595   3.289792   3.290320   48.99998  -16.49994     5.9107     5.9510          7  0.000e+00
   9252.000     222049   2484.671     3.2577     3.2594   3.289816   3.290314   48.99998  -16.49994     5.9108     5.9574          7  0.000e+00
   9252.042     222050   2484.850     3.2577     3.2592   3.289810   3.290350   48.99998  -16.49994     5.9046     5.9583          7  0.000e+00
   9252.083     222051   2484.464     3.2577     3.2594   3.289804   3.290296   48.99998  -16.49994     5.9099     5.9586          7  0.000e+00
   9252.125     222052   2484.740     3.2577     3.2595   3.289822   3.290296   48.99998  -16.49994     5.9103     5.9524          7  0.000e+00
   9252.167     222053   2484.740     3.2577     3.2594   3.289810   3.290326   48.99998  -16.49994     5.9104     5.9589          7  0.000e+00
   9252.208     222054   2484.671     3.2577     3.2596   3.289822   3.290314   48.99998  -16.49994     5.9105     5.9596          7  0.000e+00
   9252.250     222055   2484.643     3.2574     3.2592   3.289810   3.290308   48.99998  -16.49994     5.9107     5.9589          7  0.000e+00
   9252.292     222056   2484.671     3.2577     3.2594   3.289822   3.290326   48.99998  -16.49994     5.9109     5.9582          7  0.000e+00
   9252.333     222057   2484.740     3.2577     3.2595   3.289810   3.290338   48.99998  -16.49994     5.9111     5.9517          7  0.000e+00
   9252.375     222058   2484.644     3.2577     3.2594   3.289804   3.290338   48.99998  -16.49994     5.9112     5.9581          7  0.000e+00
   9252.417     222059   2484.671     3.2577     3.2592   3.289804   3.290356   48.99998  -16.49994     5.9125     5.9588          7  0.000e+00
   9252.458     222060   2484.644     3.2575     3.2592   3.289822   3.290320   48.99998  -16.49994     5.9127     5.9595          7  0.000e+00
   9252.500     222061   2484.644     3.2578     3.2595   3.289810   3.290326   48.99998  -16.49994     5.9118     5.9530          7  0.000e+00
   9252.542     222062   2484.575     3.2578     3.2594   3.289804   3.290338   48.99998  -16.49994     5.9119     5.9523          7  0.000e+00
   9252.583     222063   2484.741     3.2577     3.2594   3.289822   3.290314   48.99998  -16.49994     5.9122     5.9519          7  0.000e+00
   9252.625     222064   2484.671     3.2577     3.2596   3.289834   3.290326   48.99998  -16.49994     5.9124     5.9513          7  0.000e+00
   9252.667     222065   2484.644     3.2577     3.2594   3.289834   3.290338   48.99998  -16.49994     5.9125     5.9579          7  0.000e+00
   9252.708     222066   2484.533     3.2578     3.2596   3.289834   3.290338   48.99998  -16.49994     5.9050     5.9516          7  0.000e+00
   9252.750     222067   2484.672     3.2578     3.2596   3.289786   3.290314   48.99998  -16.49994     5.9043     5.9514          7  0.000e+00
   9252.792     222068   2484.644     3.2577     3.2594   3.289841   3.290326   48.99998  -16.49994     5.9099     5.9496          7  0.000e+00
   9252.833     222069   2484.672     3.2577     3.2597   3.289816   3.290338   48.99998  -16.49994     5.9090     5.9478          7  0.000e+00
