Data_example/SBE_Data_Processed/JC231/SeaBird/Data/Processed/JC231_CTD_001c.ros
* Sea-Bird SBE 9 Data File:
* FileName = C:\Users\sandm\Documents\Cruises\JC231\CTD Data\CTD Raw Data\JC231_CTD_001.hex
* Software Version Seasave V 7.26.7.121
* Temperature SN = 5700
* Conductivity SN = 2164
* Number of Bytes Per Scan = 41
* Number of Voltage Words = 4
* Number of Scans Averaged by the Deck Unit = 1
* NMEA Latitude = 48 33.24 N
* NMEA Longitude = 009 55.75 W
* NMEA UTC (Time) = May 02 2022  18:08:10
* NMEA baud rate = 9600
** Ship: RRS James Cook
** Cruise: JC231
** Cast: 001
** Event:
** Station: 001
** Julian Day: 122
** Time (GMT): 18:05
** Latitude: 48 33.239' N
** Longitude: 009 55.746' W
** Depth (uncorrected m): 1900m
** Principal Scientist: Dr Susan Hartman
** Operator:  TP / JG
# nquan = 13
# nvalues = 1176                                  
# units = specified
# name 0 = timeS: Time, Elapsed [seconds]
# name 1 = scan: Scan Count
# name 2 = prDM: Pressure, Digiquartz [db]
# name 3 = t090C: Temperature [ITS-90, deg C]
# name 4 = t190C: Temperature, 2 [ITS-90, deg C]
# name 5 = c0S/m: Conductivity [S/m]
# name 6 = c1S/m: Conductivity, 2 [S/m]
# name 7 = latitude: Latitude [deg]
# name 8 = longitude: Longitude [deg]
# name 9 = sbeox0ML/L: Oxygen, SBE 43 [ml/l]
# name 10 = sbeox1ML/L: Oxygen, SBE 43, 2 [ml/l]
# name 11 = nbf: Bottles Fired
# name 12 = flag:  0.000e+00
# interval = seconds: 0.0416667
# start_time = May 02 2022 18:08:11 [System UTC, first data scan.]
# bad_flag = -9.990e-29
*END*
[from data line 334]
   5708.667     137009    708.583    10.0565    10.0570   3.903020   3.903574   48.55398   -9.92912     4.3408     4.4180          7  0.000e+00
   5708.708     137010    708.746    10.0564    10.0571   3.903013   3.903593   48.55398   -9.92912     4.3449     4.4178          7  0.000e+00
   5708.750     137011    708.583    10.0564    10.0570   3.903013   3.903574   48.55398   -9.92912     4.3401     4.4175          7  0.000e+00
   5708.792     137012    708.583    10.0566    10.0572   3.903033   3.903593   48.55398   -9.92912     4.3398     4.4172          7  0.000e+00
   5708.833     137013    708.651    10.0566    10.0571   3.903026   3.903574   48.55398   -9.92912     4.3396     4.4170          7  0.000e+00
   5708.875     137014    708.678    10.0566    10.0570   3.903039   3.903568   48.55398   -9.92912     4.3439     4.4168          7  0.000e+00
   5708.917     137015    708.488    10.0566    10.0570   3.903020   3.903587   48.55398   -9.92912     4.3398     4.4165          7  0.000e+00
   5708.958     137016    708.746    10.0562    10.0573   3.903013   3.903626   48.55398   -9.92912     4.3443     4.4165          7  0.000e+00
   5709.000     137017    708.488    10.0564    10.0570   3.903013   3.903580   48.55398   -9.92912     4.3447     4.4162          7  0.000e+00
   5721.375     137314    708.694    10.0561    10.0570   3.903052   3.903568   48.55400   -9.92912     4.3563     4.4114          8  0.000e+00
   5721.417     137315    708.504    10.0561    10.0570   3.903046   3.903567   48.55400   -9.92912     4.3573     4.4109          8  0.000e+00
   5721.458     137316    708.667    10.0561    10.0570   3.903046   3.903542   48.55400   -9.92912     4.3533     4.4107          8  0.000e+00
   5721.500     137317    708.599    10.0562    10.0571   3.903065   3.903555   48.55400   -9.92912     4.3581     4.4104          8  0.000e+00
   5721.542     137318    708.599    10.0561    10.0570   3.903039   3.903619   48.55400   -9.92912     4.3542     4.4101          8  0.000e+00
   5721.583     137319    708.558    10.0562    10.0570   3.903039   3.903606   48.55400   -9.92912     4.3539     4.4098          8  0.000e+00
   5721.625     137320    708.599    10.0561    10.0570   3.903065   3.903574   48.55400   -9.92912     4.3582     4.4096          8  0.000e+00
   5721.667     137321    708.599    10.0562    10.0572   3.903000   3.903568   48.55400   -9.92912     4.3585     4.4093          8  0.000e+00
   5721.708     137322    708.463    10.0561    10.0570   3.903026   3.903567   48.55400   -9.92912     4.3588     4.4095          8  0.000e+00
   5721.750     137323    708.694    10.0561    10.0570   3.903046   3.903568   48.55400   -9.92912     4.3549     4.4095          8  0.000e+00
   5721.792     137324    708.599    10.0560    10.0570   3.903020   3.903568   48.55400   -9.92912     4.3545     4.4098          8  0.000e+00
   5721.833     137325    708.558    10.0559    10.0570   3.903033   3.903587   48.55400   -9.92912     4.3542     4.4096          8  0.000e+00
   5721.875     137326    708.504    10.0561    10.0570   3.903007   3.903574   48.55400   -9.92912     4.3533     4.4095          8  0.000e+00
   5721.917     137327    708.599    10.0561    10.0570   3.903052   3.903568   48.55400   -9.92912     4.3530     4.4095          8  0.000e+00
   5721.958     137328    708.559    10.0561    10.0568   3.903026   3.903593   48.55400   -9.92912     4.3483     4.4094          8  0.000e+00
   5722.000     137329    708.599    10.0561    10.0570   3.903033   3.903600   48.55400   -9.92912     4.3518     4.4098          8  0.000e+00
   5722.042     137330    708.599    10.0562    10.0568   3.903046   3.903600   48.55400   -9.92912     4.3515     4.4099          8  0.000e+00
   5722.083     137331    708.667    10.0561    10.0570   3.903046   3.903574   48.55400   -9.92912     4.3469     4.4099          8  0.000e+00
   5722.125     137332    708.599    10.0561    10.0568   3.903065   3.903593   48.55400   -9.92912     4.3504     4.4141          8  0.000e+00
   5722.167     137333    708.600    10.0561    10.0571   3.903026   3.903600   48.55400   -9.92912     4.3501     4.4146          8  0.000e+00
   5722.208     137334    708.559    10.0561    10.0570   3.903020   3.903548   48.55400   -9.92912     4.3499     4.4109          8  0.000e+00
   5722.250     137335    708.600    10.0561    10.0570   3.903013   3.903580   48.55400   -9.92912     4.3496     4.4114          8  0.000e+00
   5722.292     137336    708.464    10.0562    10.0570   3.903013   3.903574   48.55400   -9.92912     4.3537     4.4073          8  0.000e+00
   5722.333     137337    708.695    10.0559    10.0570   3.903033   3.903587   48.55400   -9.92912     4.3498     4.4154          8  0.000e+00
   5722.375     137338    708.505    10.0559    10.0568   3.903046   3.903574   48.55400   -9.92912     4.3538     4.4160          8  0.000e+00
   5722.417     137339    708.763    10.0559    10.0571   3.903046   3.903535   48.55400   -9.92912     4.3505     4.4167          8  0.000e+00
   5722.458     137340    708.505    10.0561    10.0567   3.902987   3.903587   48.55400   -9.92912     4.3545     4.4129          8  0.000e+00
   5722.500     137341    708.600    10.0561    10.0570   3.903000   3.903600   48.55400   -9.92912     4.3504     4.4131          8  0.000e+00
   5722.542     137342    708.668    10.0559    10.0568   3.903013   3.903626   48.55400   -9.92912     4.3508     4.4133          8  0.000e+00
   5722.583     137343    708.600    10.0561    10.0572   3.902994   3.903606   48.55400   -9.92912     4.3504     4.4135          8  0.000e+00
   5722.625     137344    708.600    10.0557    10.0574   3.903033   3.903600   48.55400   -9.92912     4.3502     4.4137          8  0.000e+00
   5722.667     137345    708.559    10.0556    10.0571   3.903020   3.903574   48.55400   -9.92912     4.3543     4.4139          8  0.000e+00
   5722.708     137346    708.600    10.0557    10.0572   3.903013   3.903619   48.55400   -9.92912     4.3508     4.4142          8  0.000e+00
   5722.750     137347    708.600    10.0557    10.0570   3.903013   3.903580   48.55400   -9.92912     4.3506     4.4145          8  0.000e+00
   5722.792     137348    708.763    10.0557    10.0573   3.903013   3.903619   48.55400   -9.92912     4.3497     4.4190          8  0.000e+00
   5722.833     137349    708.396    10.0554    10.0568   3.903013   3.903580   48.55400   -9.92912     4.3537     4.4196          8  0.000e+00
   5722.875     137350    708.695    10.0556    10.0572   3.903013   3.903568   48.55400   -9.92912     4.3541     4.4163          8  0.000e+00
   5722.917     137351    708.559    10.0554    10.0571   3.902994   3.903568   48.55400   -9.92912     4.3543     4.4207          8  0.000e+00
   5722.958     137352    708.600    10.0556    10.0572   3.903007   3.903568   48.55400   -9.92912     4.3501     4.4168          8  0.000e+00
   5723.000     137353    708.600    10.0556    10.0570   3.903013   3.903587   48.55400   -9.92912     4.3497     4.4171          8  0.000e+00
   5723.042     137354    708.560    10.0557    10.0571   3.903013   3.903574   48.55400   -9.92912     4.3493     4.4169          8  0.000e+00
   5723.083     137355    708.600    10.0554    10.0570   3.903013   3.903587   48.55400   -9.92912     4.3534     4.4168          8  0.000e+00
   5723.125     137356    708.600    10.0556    10.0570   3.903013   3.903600   48.55400   -9.92912     4.3498     4.4167          8  0.000e+00
   5723.167     137357    708.560    10.0556    10.0571   3.903013   3.903600   48.55400   -9.92912     4.3500     4.4170          8  0.000e+00
   5723.208     137358    708.601    10.0559    10.0570   3.903033   3.903600   48.55400   -9.92912     4.3497     4.4169          8  0.000e+00
   5723.250     137359    708.601    10.0555    10.0570   3.903052   3.903600   48.55400   -9.92912     4.3493     4.4167          8  0.000e+00
   5723.292     137360    708.668    10.0557    10.0570   3.903046   3.903574   48.55400   -9.92912     4.3496     4.4166          8  0.000e+00
   5723.333     137361    708.506    10.0557    10.0574   3.903020   3.903613   48.55400   -9.92912     4.3492     4.4164          8  0.000e+00
   5723.375     137362    708.696    10.0553    10.0568   3.903013   3.903613   48.55400   -9.92912     4.3497     4.4164          8  0.000e+00
   5736.417     137675    708.571    10.0556    10.0561   3.902942   3.903555   48.55400   -9.92912     4.3512     4.4156          9  0.000e+00
   5736.458     137676    708.707    10.0556    10.0561   3.902942   3.903568   48.55400   -9.92912     4.3511     4.4153          9  0.000e+00
   5736.500     137677    708.313    10.0556    10.0561   3.902916   3.903587   48.55400   -9.92912     4.3506     4.4147          9  0.000e+00
   5736.542     137678    708.679    10.0556    10.0561   3.902942   3.903600   48.55400   -9.92912     4.3512     4.4187          9  0.000e+00
   5736.583     137679    708.516    10.0555    10.0565   3.902942   3.903600   48.55400   -9.92912     4.3464     4.4145          9  0.000e+00
   5736.625     137680    708.612    10.0557    10.0561   3.902942   3.903574   48.55400   -9.92912     4.3499     4.4142          9  0.000e+00
   5736.667     137681    708.774    10.0556    10.0561   3.902942   3.903587   48.55400   -9.92912     4.3504     4.4144          9  0.000e+00
   5736.708     137682    708.408    10.0557    10.0561   3.902994   3.903600   48.55400   -9.92912     4.3505     4.4138          9  0.000e+00
   5736.750     137683    708.612    10.0557    10.0560   3.902955   3.903574   48.55400   -9.92912     4.3503     4.4178          9  0.000e+00
   5736.792     137684    708.679    10.0556    10.0560   3.902961   3.903542   48.55400   -9.92912     4.3506     4.4179          9  0.000e+00
   5736.833     137685    708.517    10.0557    10.0559   3.902948   3.903580   48.55400   -9.92912     4.3508     4.4183          9  0.000e+00
   5736.875     137686    708.612    10.0557    10.0560   3.902948   3.903574   48.55400   -9.92912     4.3512     4.4185          9  0.000e+00
   5736.917     137687    708.571    10.0556    10.0561   3.902968   3.903535   48.55400   -9.92912     4.3515     4.4185          9  0.000e+00
   5736.958     137688    708.612    10.0559    10.0561   3.902948   3.903510   48.55400   -9.92912     4.3474     4.4143          9  0.000e+00
   5737.000     137689    708.517    10.0559    10.0561   3.902942   3.903522   48.55400   -9.92912     4.3515     4.4143          9  0.000e+00
   5737.042     137690    708.680    10.0559    10.0561   3.902994   3.903529   48.55400   -9.92912     4.3512     4.4140          9  0.000e+00
   5737.083     137691    708.612    10.0563    10.0560   3.902981   3.903529   48.55400   -9.92912     4.3515     4.4140          9  0.000e+00
   5737.125     137692    708.517    10.0561    10.0563   3.902974   3.903529   48.55400   -9.92912     4.3473     4.4140          9  0.000e+00
   5737.167     137693    708.571    10.0562    10.0563   3.902948   3.903555   48.55400   -9.92912     4.3559     4.4141          9  0.000e+00
   5737.208     137694    708.612    10.0561    10.0561   3.902948   3.903516   48.55400   -9.92912     4.3518     4.4138          9  0.000e+00
   5737.250     137695    708.571    10.0559    10.0563   3.902994   3.903548   48.55400   -9.92912     4.3521     4.4139          9  0.000e+00
   5737.292     137696    708.517    10.0556    10.0561   3.902981   3.903542   48.55400   -9.92912     4.3524     4.4135          9  0.000e+00
   5737.333     137697    708.612    10.0557    10.0563   3.902974   3.903555   48.55400   -9.92912     4.3527     4.4137          9  0.000e+00
   5737.375     137698    708.680    10.0557    10.0563   3.902974   3.903542   48.55400   -9.92912     4.3524     4.4139          9  0.000e+00
   5737.417     137699    708.408    10.0559    10.0563   3.903000   3.903529   48.55400   -9.92912     4.3524     4.4134          9  0.000e+00
   5737.458     137700    708.612    10.0559    10.0561   3.902981   3.903529   48.55400   -9.92912     4.3484     4.4137          9  0.000e+00
   5737.500     137701    708.571    10.0556    10.0561   3.903000   3.903555   48.55400   -9.92912     4.3518     4.4134          9  0.000e+00
   5737.542     137702    708.612    10.0555    10.0561   3.903013   3.903542   48.55400   -9.92912     4.3521     4.4136          9  0.000e+00
   5737.583     137703    708.517    10.0557    10.0561   3.902942   3.903503   48.55400   -9.92912     4.3523     4.4138          9  0.000e+00
   5737.625     137704    708.680    10.0556    10.0561   3.902987   3.903548   48.55400   -9.92912     4.3520     4.4141          9  0.000e+00
   5737.667     137705    708.517    10.0554    10.0561   3.902955   3.903510   48.55400   -9.92912     4.3478     4.4143          9  0.000e+00
   5737.708     137706    708.612    10.0556    10.0560   3.902961   3.903522   48.55400   -9.92912     4.3519     4.4146          9  0.000e+00
   5737.750     137707    708.571    10.0556    10.0563   3.902974   3.903555   48.55400   -9.92912     4.3565     4.4148          9  0.000e+00
   5737.792     137708    708.517    10.0556    10.0561   3.902922   3.903542   48.55400   -9.92912     4.3529     4.4151          9  0.000e+00
   5737.833     137709    708.707    10.0554    10.0561   3.902955   3.903529   48.55400   -9.92912     4.3533     4.4151          9  0.000e+00
   5737.875     137710    708.476    10.0556    10.0563   3.902974   3.903529   48.55400   -9.92912     4.3483     4.4111          9  0.000e+00
   5737.917     137711    708.517    10.0553    10.0560   3.902955   3.903529   48.55400   -9.92912     4.3517     4.4147          9  0.000e+00
   5737.958     137712    708.517    10.0557    10.0563   3.902942   3.903555   48.55400   -9.92912     4.3513     4.4146          9  0.000e+00
   5738.000     137713    708.680    10.0554    10.0565   3.902961   3.903568   48.55400   -9.92912     4.3516     4.4145          9  0.000e+00
   5738.042     137714    708.517    10.0557    10.0563   3.902974   3.903542   48.55400   -9.92912     4.3516     4.4143          9  0.000e+00
   5738.083     137715    708.612    10.0554    10.0563   3.902974   3.903555   48.55400   -9.92912     4.3519     4.4143          9  0.000e+00
   5738.125     137716    708.571    10.0554    10.0566   3.902974   3.903516   48.55400   -9.92912     4.3520     4.4141          9  0.000e+00
   5738.167     137717    708.612    10.0554    10.0565   3.902974   3.903574   48.55400   -9.92912     4.3516     4.4140          9  0.000e+00
   5738.208     137718    708.517    10.0554    10.0565   3.902974   3.903548   48.55400   -9.92912     4.3517     4.4139          9  0.000e+00
   5738.250     137719    708.571    10.0554    10.0567   3.902955   3.903555   48.55400   -9.92912     4.3519     4.4091          9  0.000e+00
   5738.292     137720    708.612    10.0557    10.0566   3.902968   3.903542   48.55400   -9.92912     4.3470     4.4086          9  0.000e+00
   5738.333     137721    708.612    10.0554    10.0563   3.902974   3.903555   48.55400   -9.92912     4.3510     4.4127          9  0.000e+00
   5738.375     137722    708.476    10.0554    10.0563   3.902974   3.903542   48.55400   -9.92912     4.3504     4.4130          9  0.000e+00
   5738.417     137723    708.707    10.0553    10.0566   3.902974   3.903580   48.55400   -9.92912     4.3462     4.4131          9  0.000e+00
   6801.458     163236    353.674    10.9314    10.9294   3.961717   3.961984   48.55398   -9.92910     4.9873     5.0765         10  0.000e+00
   6801.500     163237    353.471    10.9314    10.9294   3.961716   3.962023   48.55398   -9.92910     4.9877     5.0764         10  0.000e+00
   6801.542     163238    353.471    10.9316    10.9294   3.961684   3.962010   48.55398   -9.92910     4.9876     5.0764         10  0.000e+00
