Data_example/SBE_Data_Processed/JC231/SeaBird/Data/Processed/JC231_CTD_003cfaldb.cnv
* Sea-Bird SBE 9 Data File:
* FileName = C:\Users\sandm\Documents\Cruises\JC231\CTD Data\CTD Raw Data\JC231_CTD_003.hex
* Software Version Seasave V 7.26.7.121
* Temperature SN = 5700
* Conductivity SN = 2164
* Number of Bytes Per Scan = 41
* Number of Voltage Words = 4
* Number of Scans Averaged by the Deck Unit = 1
* NMEA Latitude = 48 57.37 N
* NMEA Longitude = 016 23.99 W
* NMEA UTC (Time) = May 05 2022  07:30:20
* NMEA baud rate = 9600
** Ship: RRS James Cook
** Cruise: JC231
** Cast: 003
** Event:
** Station:
** Julian Day: 125
** Time (GMT): 07:30
** Latitude: 48 57.362' N
** Longitude: 16 23.982'' W
** Depth (uncorrected m): 4812m
** Principal Scientist: Dr Susan Hartman
** Operator:  TP / JG
# nquan = 15
# nvalues = 409                         
# units = specified
# name 0 = timeS: Time, Elapsed [seconds]
# name 1 = scan: Scan Count
# name 2 = prDM: Pressure, Digiquartz [db]
# name 3 = t090C: Temperature [ITS-90, deg C]
# name 4 = t190C: Temperature, 2 [ITS-90, deg C]
# name 5 = c0S/m: Conductivity [S/m]
# name 6 = c1S/m: Conductivity, 2 [S/m]
# name 7 = latitude: Latitude [deg]
# name 8 = longitude: Longitude [deg]
# name 9 = sbeox0ML/L: Oxygen, SBE 43 [ml/l]
# name 10 = sbeox1ML/L: Oxygen, SBE 43, 2 [ml/l]
# name 11 = depSM: Depth [salt water, m], lat = 48.9562
# name 12 = sal00: Salinity, Practical [PSU]
# name 13 = sal11: Salinity, Practical, 2 [PSU]
# name 14 = flag: flag
# span 0 =    576.540,   2168.842       
# span 1 =      13838,      52053       
# span 2 =      1.000,    205.000       
# span 3 =    11.2888,    14.4447       
# span 4 =    11.2891,    14.2857       
# span 5 =   3.961687,   4.303155       
# span 6 =   3.931837,   4.328266       
# span 7 =   48.95620,   48.95622       
# span 8 =  -16.39994,  -16.39988       
# span 9 =     4.1336,     6.1349       
# span 10 =     4.4842,     6.3449      
# span 11 =      0.992,    203.161      
# span 12 =    32.6619,    35.7753      
# span 13 =    32.3429,    36.0808      
# span 14 = 0.0000e+00, 0.0000e+00      
# interval = decibars: 1                
# start_time = May 05 2022 07:30:21 [System UTC, first data scan.]
# bad_flag = -9.990e-29
*END*
[from data line 97]
    926.331      22233     98.000    11.8778    11.8793   4.046211   4.046577   48.95620  -16.39990     5.5522     5.7638     97.146    35.5260    35.5281 0.0000e+00
    927.705      22266     99.000    11.8740    11.8753   4.045856   4.046219   48.95620  -16.39990     5.5491     5.7637     98.137    35.5257    35.5280 0.0000e+00
    929.002      22297    100.000    11.8701    11.8712   4.045497   4.045832   48.95620  -16.39990     5.5420     5.7639     99.128    35.5254    35.5277 0.0000e+00
    930.320      22329    101.000    11.8665    11.8672   4.045153   4.045444   48.95620  -16.39990     5.5412     5.7626    100.119    35.5250    35.5273 0.0000e+00
    931.910      22367    102.000    11.8635    11.8638   4.044827   4.045092   48.95620  -16.39990     5.5481     5.7642    101.110    35.5243    35.5265 0.0000e+00
    933.798      22412    103.000    11.8583    11.8584   4.044423   4.044620   48.95620  -16.39990     5.5506     5.7628    102.101    35.5248    35.5267 0.0000e+00
    935.620      22456    104.000    11.8542    11.8543   4.043856   4.044101   48.95620  -16.39990     5.5470     5.7613    103.092    35.5228    35.5250 0.0000e+00
    939.280      22544    105.000    11.8513    11.8617   4.043693   4.044958   48.95620  -16.39990     5.5421     5.7611    104.083    35.5234    35.5260 0.0000e+00
    941.146      22589    106.000    11.8429    11.8509   4.043047   4.044243   48.95620  -16.39990     5.5316     5.7505    105.074    35.5247    35.5288 0.0000e+00
    942.377      22618    107.000    11.8387    11.8434   4.042449   4.043230   48.95620  -16.39990     5.5167     5.7257    106.065    35.5224    35.5256 0.0000e+00
    943.472      22644    108.000    11.8438    11.8481   4.042795   4.043506   48.95620  -16.39990     5.4839     5.6789    107.056    35.5205    35.5233 0.0000e+00
    944.603      22671    109.000    11.8533    11.8583   4.043998   4.044837   48.95620  -16.39990     5.4313     5.5938    108.047    35.5228    35.5262 0.0000e+00
    945.836      22701    110.000    11.8584    11.8614   4.045184   4.045862   48.95620  -16.39990     5.3548     5.4883    109.038    35.5291    35.5328 0.0000e+00
    947.089      22731    111.000    11.8528    11.8545   4.045151   4.045568   48.95620  -16.39990     5.2771     5.4378    110.029    35.5337    35.5362 0.0000e+00
    948.224      22758    112.000    11.8412    11.8428   4.044143   4.044514   48.95620  -16.39990     5.2428     5.4440    111.020    35.5344    35.5366 0.0000e+00
    949.204      22782    113.000    11.8278    11.8285   4.042897   4.043223   48.95620  -16.39990     5.2451     5.4680    112.011    35.5345    35.5371 0.0000e+00
    950.075      22803    114.000    11.8078    11.8078   4.041189   4.041367   48.95620  -16.39990     5.2584     5.4972    113.002    35.5365    35.5382 0.0000e+00
    950.903      22823    115.000    11.7865    11.7871   4.038758   4.038939   48.95620  -16.39990     5.2850     5.5402    113.993    35.5324    35.5337 0.0000e+00
    951.745      22843    116.000    11.7709    11.7719   4.036556   4.036821   48.95620  -16.39990     5.3341     5.5935    114.984    35.5253    35.5270 0.0000e+00
    952.659      22865    117.000    11.7617    11.7630   4.035112   4.035422   48.95620  -16.39990     5.3897     5.6342    115.975    35.5195    35.5213 0.0000e+00
    953.701      22890    118.000    11.7578    11.7598   4.034381   4.034786   48.95620  -16.39990     5.4287     5.6463    116.966    35.5156    35.5177 0.0000e+00
    954.877      22918    119.000    11.7617    11.7622   4.034510   4.034891   48.95620  -16.39990     5.4333     5.6238    117.957    35.5126    35.5159 0.0000e+00
    956.075      22947    120.000    11.7716    11.7707   4.035729   4.035841   48.95620  -16.39990     5.3949     5.5702    118.948    35.5147    35.5167 0.0000e+00
    957.162      22973    121.000    11.7712    11.7706   4.036497   4.036606   48.95620  -16.39990     5.3246     5.4885    119.939    35.5222    35.5238 0.0000e+00
    958.134      22996    122.000    11.7645    11.7649   4.036049   4.036222   48.95620  -16.39990     5.2535     5.4258    120.930    35.5238    35.5251 0.0000e+00
    959.043      23018    123.000    11.7569    11.7576   4.035423   4.035673   48.95620  -16.39990     5.2090     5.3985    121.921    35.5244    35.5262 0.0000e+00
    959.932      23039    124.000    11.7464    11.7467   4.034531   4.034760   48.95620  -16.39990     5.1867     5.3949    122.912    35.5253    35.5272 0.0000e+00
    960.825      23061    125.000    11.7340    11.7346   4.033274   4.033482   48.95620  -16.39990     5.1854     5.4132    123.903    35.5243    35.5258 0.0000e+00
    961.735      23083    126.000    11.7232    11.7244   4.031942   4.032211   48.95620  -16.39990     5.2071     5.4480    124.894    35.5211    35.5226 0.0000e+00
    962.699      23106    127.000    11.7169    11.7188   4.031005   4.031370   48.95620  -16.39990     5.2397     5.4845    125.885    35.5175    35.5193 0.0000e+00
    963.782      23132    128.000    11.7130    11.7152   4.030489   4.030907   48.95620  -16.39990     5.2803     5.5110    126.875    35.5156    35.5177 0.0000e+00
    965.000      23161    129.000    11.7109    11.7133   4.030181   4.030634   48.95620  -16.39990     5.3164     5.5331    127.866    35.5142    35.5163 0.0000e+00
    966.182      23189    130.000    11.7130    11.7159   4.030309   4.030842   48.95620  -16.39990     5.3321     5.5567    128.857    35.5129    35.5155 0.0000e+00
    967.187      23213    131.000    11.7164    11.7189   4.030885   4.031414   48.95620  -16.39990     5.3477     5.5838    129.848    35.5149    35.5178 0.0000e+00
    968.057      23234    132.000    11.7177    11.7200   4.031243   4.031717   48.95620  -16.39990     5.3727     5.6093    130.839    35.5168    35.5192 0.0000e+00
    968.870      23254    133.000    11.7185    11.7207   4.031480   4.031957   48.95620  -16.39990     5.3989     5.6282    131.830    35.5179    35.5205 0.0000e+00
    969.691      23274    134.000    11.7171    11.7185   4.031598   4.032009   48.95620  -16.39990     5.4227     5.6403    132.821    35.5199    35.5227 0.0000e+00
    970.589      23295    135.000    11.7112    11.7112   4.031287   4.031551   48.95620  -16.39990     5.4376     5.6438    133.812    35.5221    35.5247 0.0000e+00
    971.613      23320    136.000    11.6991    11.6987   4.030238   4.030343   48.95620  -16.39990     5.4393     5.6388    134.803    35.5229    35.5243 0.0000e+00
    972.743      23347    137.000    11.6890    11.6895   4.028918   4.029125   48.95620  -16.39990     5.4374     5.6327    135.793    35.5191    35.5206 0.0000e+00
    973.897      23375    138.000    11.6831    11.6844   4.028171   4.028464   48.95620  -16.39990     5.4350     5.6288    136.784    35.5170    35.5186 0.0000e+00
    975.016      23401    139.000    11.6796    11.6815   4.027727   4.028112   48.95620  -16.39990     5.4276     5.6287    137.775    35.5155    35.5175 0.0000e+00
    976.102      23427    140.000    11.6773    11.6792   4.027498   4.027904   48.95620  -16.39990     5.4222     5.6305    138.766    35.5150    35.5172 0.0000e+00
    977.138      23452    141.000    11.6740    11.6759   4.027249   4.027636   48.95620  -16.39990     5.4195     5.6296    139.757    35.5153    35.5173 0.0000e+00
    978.095      23475    142.000    11.6702    11.6723   4.026885   4.027302   48.95620  -16.39990     5.4131     5.6271    140.748    35.5149    35.5170 0.0000e+00
    978.972      23496    143.000    11.6662    11.6688   4.026524   4.026980   48.95620  -16.39990     5.4077     5.6245    141.738    35.5147    35.5167 0.0000e+00
    979.815      23517    144.000    11.6628    11.6657   4.026150   4.026655   48.95620  -16.39990     5.4086     5.6233    142.729    35.5138    35.5160 0.0000e+00
    980.674      23537    145.000    11.6616    11.6646   4.025945   4.026487   48.95620  -16.39990     5.4118     5.6257    143.720    35.5125    35.5149 0.0000e+00
    981.605      23560    146.000    11.6616    11.6649   4.025965   4.026551   48.95620  -16.39990     5.4154     5.6309    144.711    35.5123    35.5149 0.0000e+00
    982.629      23584    147.000    11.6619    11.6646   4.026106   4.026722   48.95620  -16.39990     5.4251     5.6353    145.702    35.5129    35.5164 0.0000e+00
    983.700      23610    148.000    11.6589    11.6598   4.026149   4.026530   48.95620  -16.39990     5.4333     5.6348    146.693    35.5158    35.5186 0.0000e+00
    984.760      23635    149.000    11.6536    11.6552   4.025676   4.026026   48.95620  -16.39990     5.4338     5.6306    147.683    35.5158    35.5176 0.0000e+00
    985.827      23661    150.000    11.6511    11.6531   4.025358   4.025783   48.95620  -16.39990     5.4325     5.6284    148.674    35.5146    35.5169 0.0000e+00
    986.943      23688    151.000    11.6494    11.6515   4.025215   4.025655   48.95620  -16.39990     5.4336     5.6288    149.665    35.5143    35.5167 0.0000e+00
    988.073      23715    152.000    11.6480    11.6504   4.025128   4.025601   48.95620  -16.39990     5.4332     5.6305    150.656    35.5143    35.5167 0.0000e+00
    989.122      23740    153.000    11.6458    11.6480   4.025039   4.025505   48.95620  -16.39990     5.4339     5.6332    151.647    35.5152    35.5176 0.0000e+00
    990.064      23763    154.000    11.6417    11.6437   4.024755   4.025193   48.95620  -16.39990     5.4361     5.6347    152.637    35.5158    35.5182 0.0000e+00
    990.942      23784    155.000    11.6362    11.6375   4.024296   4.024679   48.95620  -16.39990     5.4388     5.6336    153.628    35.5161    35.5187 0.0000e+00
    991.804      23804    156.000    11.6269    11.6269   4.023554   4.023804   48.95620  -16.39990     5.4378     5.6311    154.619    35.5173    35.5197 0.0000e+00
    992.704      23826    157.000    11.6145    11.6139   4.022230   4.022338   48.95620  -16.39990     5.4309     5.6247    155.610    35.5156    35.5173 0.0000e+00
    993.677      23849    158.000    11.6029    11.6028   4.020829   4.020955   48.95620  -16.39990     5.4173     5.6164    156.600    35.5125    35.5138 0.0000e+00
    994.715      23874    159.000    11.5899    11.5898   4.019447   4.019600   48.95620  -16.39990     5.4016     5.6100    157.591    35.5108    35.5125 0.0000e+00
    995.775      23900    160.000    11.5730    11.5732   4.017694   4.017836   48.95620  -16.39990     5.3968     5.6023    158.582    35.5093    35.5105 0.0000e+00
    996.829      23925    161.000    11.5561    11.5560   4.015741   4.015898   48.95620  -16.39990     5.3968     5.5928    159.573    35.5057    35.5074 0.0000e+00
    997.880      23950    162.000    11.5378    11.5375   4.013804   4.013899   48.95620  -16.39990     5.3928     5.5833    160.563    35.5037    35.5049 0.0000e+00
    998.921      23975    163.000    11.5162    11.5160   4.011518   4.011641   48.95620  -16.39990     5.3859     5.5725    161.554    35.5013    35.5028 0.0000e+00
    999.944      24000    164.000    11.4897    11.4876   4.008757   4.008744   48.95620  -16.39990     5.3761     5.5594    162.545    35.4990    35.5010 0.0000e+00
   1000.950      24024    165.000    11.4575    11.4540   4.005456   4.005178   48.95620  -16.39990     5.3582     5.5437    163.536    35.4969    35.4974 0.0000e+00
   1001.941      24048    166.000    11.4273    11.4262   4.001646   4.001519   48.95620  -16.39990     5.3383     5.5299    164.526    35.4877    35.4875 0.0000e+00
   1002.902      24071    167.000    11.4099    11.4097   3.999091   3.999203   48.95620  -16.39990     5.3249     5.5214    165.517    35.4786    35.4799 0.0000e+00
   1003.830      24093    168.000    11.3952    11.3948   3.997447   3.997593   48.95620  -16.39990     5.3173     5.5159    166.508    35.4759    35.4778 0.0000e+00
   1004.746      24115    169.000    11.3808    11.3813   3.995707   3.995868   48.95620  -16.39990     5.3145     5.5106    167.499    35.4721    35.4732 0.0000e+00
   1005.682      24137    170.000    11.3717    11.3732   3.994358   3.994663   48.95620  -16.39990     5.3114     5.5073    168.489    35.4670    35.4686 0.0000e+00
   1006.669      24161    171.000    11.3655    11.3664   3.993537   3.993874   48.95620  -16.39990     5.3032     5.5068    169.480    35.4644    35.4668 0.0000e+00
   1007.722      24186    172.000    11.3577    11.3570   3.992759   3.992885   48.95620  -16.39990     5.2938     5.5051    170.471    35.4637    35.4656 0.0000e+00
   1008.834      24213    173.000    11.3513    11.3518   3.991831   3.992003   48.95620  -16.39990     5.2975     5.5068    171.461    35.4602    35.4614 0.0000e+00
   1009.950      24240    174.000    11.3475    11.3503   3.991373   3.991779   48.95620  -16.39990     5.3127     5.5085    172.452    35.4588    35.4602 0.0000e+00
   1011.005      24265    175.000    11.3434    11.3463   3.990964   3.991505   48.95620  -16.39990     5.3172     5.5077    173.443    35.4582    35.4609 0.0000e+00
   1011.977      24288    176.000    11.3409    11.3434   3.990597   3.991075   48.95620  -16.39990     5.3131     5.5083    174.433    35.4566    35.4589 0.0000e+00
   1012.888      24310    177.000    11.3412    11.3440   3.990526   3.991015   48.95620  -16.39990     5.3091     5.5092    175.424    35.4551    35.4573 0.0000e+00
   1013.774      24332    178.000    11.3459    11.3493   3.990851   3.991407   48.95620  -16.39990     5.3054     5.5070    176.415    35.4534    35.4556 0.0000e+00
   1014.673      24353    179.000    11.3601    11.3649   3.991971   3.992679   48.95620  -16.39990     5.3034     5.5046    177.405    35.4504    35.4529 0.0000e+00
   1015.615      24376    180.000    11.3856    11.3911   3.994769   3.995734   48.95620  -16.39990     5.3061     5.5039    178.396    35.4532    35.4575 0.0000e+00
   1016.627      24400    181.000    11.4034    11.4072   3.997911   3.998683   48.95620  -16.39990     5.3114     5.5025    179.387    35.4669    35.4709 0.0000e+00
   1017.687      24425    182.000    11.4112    11.4147   3.999383   4.000003   48.95620  -16.39990     5.3140     5.5026    180.377    35.4736    35.4763 0.0000e+00
   1018.757      24451    183.000    11.4166    11.4197   4.000224   4.000837   48.95620  -16.39990     5.3187     5.5082    181.368    35.4762    35.4793 0.0000e+00
   1019.820      24477    184.000    11.4192    11.4214   4.000777   4.001249   48.95620  -16.39990     5.3259     5.5147    182.359    35.4787    35.4813 0.0000e+00
   1020.893      24502    185.000    11.4203    11.4221   4.001050   4.001448   48.95620  -16.39990     5.3283     5.5165    183.349    35.4800    35.4822 0.0000e+00
   1021.973      24528    186.000    11.4190    11.4211   4.001107   4.001508   48.95620  -16.39990     5.3198     5.5169    184.340    35.4813    35.4833 0.0000e+00
   1023.010      24553    187.000    11.4151    11.4174   4.000837   4.001269   48.95620  -16.39990     5.3137     5.5157    185.331    35.4820    35.4840 0.0000e+00
   1023.974      24576    188.000    11.4089    11.4113   4.000324   4.000776   48.95620  -16.39990     5.3170     5.5090    186.321    35.4824    35.4845 0.0000e+00
   1024.877      24598    189.000    11.4006    11.4022   3.999535   3.999952   48.95620  -16.39990     5.3138     5.4950    187.312    35.4821    35.4847 0.0000e+00
   1025.752      24619    190.000    11.3891    11.3896   3.998474   3.998767   48.95620  -16.39990     5.2977     5.4726    188.302    35.4822    35.4846 0.0000e+00
   1026.630      24640    191.000    11.3763    11.3767   3.997085   3.997273   48.95620  -16.39990     5.2701     5.4434    189.293    35.4803    35.4817 0.0000e+00
   1027.540      24662    192.000    11.3652    11.3664   3.995704   3.995968   48.95620  -16.39990     5.2366     5.4122    190.284    35.4767    35.4782 0.0000e+00
