Data_example/SBE_Data_Processed/JC231/SeaBird/Data/Processed/JC231_CTD_004cfaldb.cnv
* Sea-Bird SBE 9 Data File:
* FileName = C:\Users\sandm\Documents\Cruises\JC231\CTD Data\CTD Raw Data\JC231_CTD_004.hex
* Software Version Seasave V 7.26.7.121
* Temperature SN = 5700
* Conductivity SN = 2164
* Number of Bytes Per Scan = 41
* Number of Voltage Words = 4
* Number of Scans Averaged by the Deck Unit = 1
* NMEA Latitude = 49 00.00 N
* NMEA Longitude = 016 30.00 W
* NMEA UTC (Time) = May 06 2022  10:23:58
* NMEA baud rate = 9600
** Ship: RRS James Cook
** Cruise: JC231
** Cast: 004
** Event:
** Station:
** Julian Day: 126
** Time (GMT): 10:30
** Latitude: 48 59.999' N
** Longitude: 16 30.001' W
** Depth (uncorrected m): 4810m
** Principal Scientist: Dr Susan Hartman
** Operator:  TP / JG
# nquan = 15
# nvalues = 9843                        
# units = specified
# name 0 = timeS: Time, Elapsed [seconds]
# name 1 = scan: Scan Count
# name 2 = prDM: Pressure, Digiquartz [db]
# name 3 = t090C: Temperature [ITS-90, deg C]
# name 4 = t190C: Temperature, 2 [ITS-90, deg C]
# name 5 = c0S/m: Conductivity [S/m]
# name 6 = c1S/m: Conductivity, 2 [S/m]
# name 7 = latitude: Latitude [deg]
# name 8 = longitude: Longitude [deg]
# name 9 = sbeox0ML/L: Oxygen, SBE 43 [ml/l]
# name 10 = sbeox1ML/L: Oxygen, SBE 43, 2 [ml/l]
# name 11 = depSM: Depth [salt water, m], lat = 49
# name 12 = sal00: Salinity, Practical [PSU]
# name 13 = sal11: Salinity, Practical, 2 [PSU]
# name 14 = flag: flag
# span 0 =    879.805,  14781.771       
# span 1 =      21116,     354764       
# span 2 =      1.000,   4923.000       
# span 3 =     2.5304,    14.3663       
# span 4 =     2.5320,    14.3503       
# span 5 =   3.274704,   4.310083       
# span 6 =   3.275268,   4.302541       
# span 7 =   48.99670,   49.75545       
# span 8 =  -16.76041,  -16.49998       
# span 9 =     4.1677,     6.2800       
# span 10 =     3.8721,     6.4106      
# span 11 =      0.992,   4825.642      
# span 12 =    34.3587,    36.0840      
# span 13 =    34.2382,    36.0910      
# span 14 = 0.0000e+00, 0.0000e+00      
# interval = decibars: 1                
# start_time = May 06 2022 10:23:59 [System UTC, first data scan.]
# bad_flag = -9.990e-29
*END*
[from data line 4627]
   6013.642     144328   4628.000     2.5407     2.5423   3.300496   3.301063   48.99758  -16.50338     5.2554     5.3737   4539.471    34.9053    34.9104 0.0000e+00
   6014.613     144352   4629.000     2.5408     2.5423   3.300534   3.301102   48.99758  -16.50338     5.2563     5.3722   4540.442    34.9053    34.9104 0.0000e+00
   6015.579     144375   4630.000     2.5409     2.5424   3.300572   3.301141   48.99758  -16.50338     5.2541     5.3736   4541.412    34.9053    34.9104 0.0000e+00
   6016.542     144398   4631.000     2.5409     2.5425   3.300610   3.301177   48.99758  -16.50338     5.2511     5.3743   4542.383    34.9053    34.9104 0.0000e+00
   6017.509     144421   4632.000     2.5409     2.5425   3.300648   3.301213   48.99758  -16.50338     5.2530     5.3731   4543.354    34.9053    34.9104 0.0000e+00
   6018.478     144444   4633.000     2.5410     2.5426   3.300689   3.301251   48.99757  -16.50338     5.2537     5.3741   4544.324    34.9053    34.9103 0.0000e+00
   6019.447     144468   4634.000     2.5411     2.5427   3.300729   3.301289   48.99756  -16.50338     5.2535     5.3766   4545.295    34.9053    34.9103 0.0000e+00
   6020.411     144491   4635.000     2.5412     2.5428   3.300765   3.301328   48.99756  -16.50338     5.2521     5.3748   4546.266    34.9053    34.9103 0.0000e+00
   6021.366     144514   4636.000     2.5413     2.5429   3.300800   3.301370   48.99756  -16.50338     5.2532     5.3731   4547.236    34.9052    34.9103 0.0000e+00
   6022.320     144537   4637.000     2.5414     2.5429   3.300839   3.301408   48.99756  -16.50338     5.2525     5.3716   4548.207    34.9052    34.9103 0.0000e+00
   6023.281     144560   4638.000     2.5414     2.5430   3.300881   3.301445   48.99756  -16.50338     5.2535     5.3713   4549.178    34.9052    34.9103 0.0000e+00
   6024.251     144583   4639.000     2.5415     2.5431   3.300920   3.301483   48.99756  -16.50338     5.2534     5.3707   4550.148    34.9052    34.9102 0.0000e+00
   6025.229     144606   4640.000     2.5416     2.5432   3.300961   3.301526   48.99756  -16.50338     5.2520     5.3708   4551.119    34.9052    34.9103 0.0000e+00
   6026.206     144630   4641.000     2.5417     2.5433   3.301003   3.301569   48.99756  -16.50338     5.2526     5.3731   4552.090    34.9052    34.9103 0.0000e+00
   6027.174     144653   4642.000     2.5418     2.5434   3.301045   3.301610   48.99756  -16.50338     5.2538     5.3744   4553.060    34.9052    34.9103 0.0000e+00
   6028.133     144676   4643.000     2.5418     2.5434   3.301086   3.301649   48.99756  -16.50338     5.2545     5.3751   4554.031    34.9053    34.9103 0.0000e+00
   6029.088     144699   4644.000     2.5419     2.5435   3.301126   3.301687   48.99756  -16.50338     5.2557     5.3757   4555.002    34.9053    34.9103 0.0000e+00
   6030.043     144722   4645.000     2.5420     2.5436   3.301163   3.301725   48.99756  -16.50338     5.2561     5.3742   4555.972    34.9052    34.9103 0.0000e+00
   6031.001     144745   4646.000     2.5421     2.5436   3.301200   3.301764   48.99756  -16.50338     5.2569     5.3744   4556.943    34.9052    34.9103 0.0000e+00
   6031.963     144768   4647.000     2.5422     2.5437   3.301238   3.301803   48.99756  -16.50339     5.2541     5.3751   4557.913    34.9052    34.9103 0.0000e+00
   6032.932     144791   4648.000     2.5422     2.5437   3.301272   3.301841   48.99756  -16.50339     5.2541     5.3776   4558.884    34.9052    34.9103 0.0000e+00
   6033.912     144815   4649.000     2.5423     2.5438   3.301308   3.301879   48.99756  -16.50340     5.2524     5.3766   4559.855    34.9051    34.9103 0.0000e+00
   6034.897     144839   4650.000     2.5424     2.5438   3.301347   3.301917   48.99756  -16.50340     5.2541     5.3742   4560.825    34.9051    34.9104 0.0000e+00
   6035.875     144862   4651.000     2.5424     2.5438   3.301384   3.301954   48.99756  -16.50340     5.2556     5.3732   4561.796    34.9051    34.9104 0.0000e+00
   6036.839     144885   4652.000     2.5424     2.5439   3.301418   3.301990   48.99756  -16.50340     5.2530     5.3730   4562.766    34.9051    34.9103 0.0000e+00
   6037.791     144908   4653.000     2.5425     2.5440   3.301455   3.302028   48.99756  -16.50340     5.2535     5.3752   4563.737    34.9051    34.9103 0.0000e+00
   6038.738     144931   4654.000     2.5426     2.5441   3.301495   3.302070   48.99756  -16.50340     5.2514     5.3753   4564.708    34.9051    34.9103 0.0000e+00
   6039.690     144954   4655.000     2.5427     2.5442   3.301538   3.302110   48.99756  -16.50340     5.2516     5.3732   4565.678    34.9051    34.9103 0.0000e+00
   6040.651     144977   4656.000     2.5428     2.5444   3.301583   3.302150   48.99756  -16.50340     5.2529     5.3724   4566.649    34.9051    34.9102 0.0000e+00
   6041.623     145000   4657.000     2.5428     2.5444   3.301621   3.302190   48.99756  -16.50340     5.2555     5.3728   4567.619    34.9052    34.9103 0.0000e+00
   6042.604     145023   4658.000     2.5428     2.5444   3.301653   3.302225   48.99755  -16.50340     5.2526     5.3740   4568.590    34.9051    34.9103 0.0000e+00
   6043.586     145047   4659.000     2.5429     2.5445   3.301690   3.302260   48.99754  -16.50340     5.2529     5.3744   4569.561    34.9051    34.9102 0.0000e+00
   6044.567     145071   4660.000     2.5430     2.5446   3.301733   3.302299   48.99754  -16.50340     5.2536     5.3733   4570.531    34.9051    34.9102 0.0000e+00
   6045.540     145094   4661.000     2.5431     2.5447   3.301775   3.302341   48.99754  -16.50340     5.2535     5.3724   4571.502    34.9051    34.9102 0.0000e+00
   6046.502     145117   4662.000     2.5432     2.5448   3.301813   3.302383   48.99754  -16.50340     5.2538     5.3723   4572.472    34.9051    34.9102 0.0000e+00
   6047.456     145140   4663.000     2.5432     2.5448   3.301847   3.302421   48.99754  -16.50340     5.2542     5.3730   4573.443    34.9051    34.9102 0.0000e+00
   6048.406     145163   4664.000     2.5432     2.5449   3.301882   3.302456   48.99754  -16.50340     5.2545     5.3733   4574.413    34.9051    34.9102 0.0000e+00
   6049.362     145186   4665.000     2.5433     2.5449   3.301920   3.302492   48.99754  -16.50340     5.2565     5.3743   4575.384    34.9051    34.9102 0.0000e+00
   6050.328     145209   4666.000     2.5433     2.5450   3.301955   3.302531   48.99754  -16.50340     5.2574     5.3732   4576.354    34.9051    34.9102 0.0000e+00
   6051.305     145232   4667.000     2.5434     2.5450   3.301989   3.302565   48.99754  -16.50340     5.2563     5.3726   4577.325    34.9050    34.9102 0.0000e+00
   6052.287     145256   4668.000     2.5434     2.5450   3.302024   3.302596   48.99754  -16.50340     5.2561     5.3742   4578.295    34.9050    34.9101 0.0000e+00
   6053.266     145279   4669.000     2.5434     2.5450   3.302059   3.302631   48.99754  -16.50340     5.2540     5.3722   4579.266    34.9051    34.9102 0.0000e+00
   6054.236     145303   4670.000     2.5435     2.5451   3.302096   3.302669   48.99754  -16.50340     5.2479     5.3709   4580.236    34.9050    34.9101 0.0000e+00
   6055.194     145326   4671.000     2.5436     2.5451   3.302134   3.302704   48.99754  -16.50340     5.2445     5.3713   4581.207    34.9050    34.9102 0.0000e+00
   6056.146     145348   4672.000     2.5436     2.5452   3.302172   3.302741   48.99754  -16.50340     5.2461     5.3746   4582.177    34.9050    34.9101 0.0000e+00
   6057.102     145371   4673.000     2.5437     2.5453   3.302210   3.302780   48.99754  -16.50340     5.2508     5.3762   4583.148    34.9050    34.9101 0.0000e+00
   6058.067     145395   4674.000     2.5438     2.5453   3.302250   3.302821   48.99754  -16.50340     5.2572     5.3778   4584.118    34.9050    34.9101 0.0000e+00
   6059.042     145418   4675.000     2.5439     2.5454   3.302292   3.302860   48.99754  -16.50340     5.2542     5.3779   4585.089    34.9050    34.9101 0.0000e+00
   6060.022     145442   4676.000     2.5440     2.5455   3.302333   3.302901   48.99754  -16.50340     5.2522     5.3770   4586.059    34.9050    34.9101 0.0000e+00
   6060.999     145465   4677.000     2.5441     2.5456   3.302377   3.302941   48.99754  -16.50341     5.2540     5.3755   4587.030    34.9050    34.9101 0.0000e+00
   6061.973     145488   4678.000     2.5442     2.5457   3.302417   3.302982   48.99754  -16.50341     5.2550     5.3744   4588.000    34.9050    34.9101 0.0000e+00
   6062.943     145512   4679.000     2.5443     2.5458   3.302458   3.303023   48.99754  -16.50342     5.2535     5.3725   4588.971    34.9050    34.9101 0.0000e+00
   6063.907     145535   4680.000     2.5444     2.5459   3.302498   3.303065   48.99754  -16.50342     5.2531     5.3711   4589.941    34.9049    34.9101 0.0000e+00
   6064.865     145558   4681.000     2.5445     2.5460   3.302540   3.303109   48.99754  -16.50342     5.2544     5.3696   4590.912    34.9050    34.9101 0.0000e+00
   6065.823     145581   4682.000     2.5446     2.5461   3.302583   3.303152   48.99754  -16.50342     5.2535     5.3706   4591.882    34.9050    34.9101 0.0000e+00
   6066.784     145604   4683.000     2.5446     2.5462   3.302624   3.303191   48.99754  -16.50342     5.2492     5.3735   4592.853    34.9050    34.9101 0.0000e+00
   6067.752     145627   4684.000     2.5447     2.5463   3.302662   3.303229   48.99754  -16.50342     5.2493     5.3770   4593.823    34.9050    34.9101 0.0000e+00
   6068.726     145650   4685.000     2.5448     2.5464   3.302699   3.303268   48.99754  -16.50342     5.2553     5.3792   4594.794    34.9050    34.9101 0.0000e+00
   6069.701     145674   4686.000     2.5448     2.5464   3.302738   3.303306   48.99754  -16.50342     5.2546     5.3775   4595.764    34.9050    34.9101 0.0000e+00
   6070.671     145697   4687.000     2.5449     2.5464   3.302773   3.303340   48.99754  -16.50342     5.2516     5.3759   4596.735    34.9050    34.9101 0.0000e+00
   6071.635     145720   4688.000     2.5449     2.5464   3.302807   3.303373   48.99754  -16.50342     5.2533     5.3741   4597.705    34.9050    34.9101 0.0000e+00
   6072.594     145743   4689.000     2.5449     2.5464   3.302838   3.303402   48.99753  -16.50342     5.2547     5.3743   4598.675    34.9050    34.9101 0.0000e+00
   6073.554     145766   4690.000     2.5448     2.5464   3.302865   3.303431   48.99752  -16.50342     5.2544     5.3763   4599.646    34.9050    34.9100 0.0000e+00
   6074.519     145789   4691.000     2.5449     2.5464   3.302895   3.303465   48.99752  -16.50342     5.2537     5.3765   4600.616    34.9049    34.9100 0.0000e+00
   6075.490     145813   4692.000     2.5449     2.5465   3.302929   3.303501   48.99752  -16.50342     5.2514     5.3748   4601.587    34.9049    34.9100 0.0000e+00
   6076.468     145836   4693.000     2.5449     2.5465   3.302964   3.303537   48.99752  -16.50342     5.2518     5.3749   4602.557    34.9049    34.9100 0.0000e+00
   6077.448     145860   4694.000     2.5450     2.5466   3.303001   3.303574   48.99752  -16.50342     5.2523     5.3754   4603.527    34.9048    34.9100 0.0000e+00
   6078.425     145883   4695.000     2.5451     2.5467   3.303041   3.303613   48.99752  -16.50342     5.2524     5.3745   4604.498    34.9048    34.9099 0.0000e+00
   6079.391     145906   4696.000     2.5452     2.5468   3.303086   3.303654   48.99752  -16.50342     5.2527     5.3760   4605.468    34.9048    34.9099 0.0000e+00
   6080.348     145929   4697.000     2.5454     2.5469   3.303132   3.303697   48.99752  -16.50342     5.2485     5.3777   4606.439    34.9049    34.9099 0.0000e+00
   6081.304     145952   4698.000     2.5455     2.5471   3.303176   3.303741   48.99752  -16.50342     5.2502     5.3791   4607.409    34.9049    34.9099 0.0000e+00
   6082.264     145975   4699.000     2.5456     2.5472   3.303218   3.303782   48.99752  -16.50343     5.2553     5.3801   4608.379    34.9049    34.9099 0.0000e+00
   6083.230     145999   4700.000     2.5457     2.5473   3.303258   3.303823   48.99752  -16.50344     5.2543     5.3788   4609.350    34.9049    34.9099 0.0000e+00
   6084.201     146022   4701.000     2.5458     2.5473   3.303299   3.303865   48.99752  -16.50344     5.2544     5.3750   4610.320    34.9049    34.9099 0.0000e+00
   6085.171     146045   4702.000     2.5459     2.5474   3.303343   3.303903   48.99752  -16.50344     5.2540     5.3763   4611.291    34.9049    34.9099 0.0000e+00
   6086.138     146068   4703.000     2.5460     2.5475   3.303384   3.303942   48.99752  -16.50344     5.2541     5.3764   4612.261    34.9049    34.9099 0.0000e+00
   6087.101     146091   4704.000     2.5460     2.5475   3.303423   3.303979   48.99752  -16.50344     5.2544     5.3736   4613.231    34.9049    34.9099 0.0000e+00
   6088.065     146115   4705.000     2.5460     2.5475   3.303456   3.304010   48.99752  -16.50344     5.2532     5.3732   4614.202    34.9049    34.9099 0.0000e+00
   6089.030     146138   4706.000     2.5461     2.5476   3.303489   3.304044   48.99752  -16.50344     5.2560     5.3769   4615.172    34.9048    34.9098 0.0000e+00
   6089.994     146161   4707.000     2.5461     2.5477   3.303525   3.304084   48.99752  -16.50344     5.2547     5.3789   4616.142    34.9049    34.9098 0.0000e+00
   6090.959     146184   4708.000     2.5462     2.5477   3.303563   3.304122   48.99752  -16.50344     5.2479     5.3766   4617.113    34.9048    34.9099 0.0000e+00
   6091.925     146207   4709.000     2.5463     2.5478   3.303599   3.304160   48.99752  -16.50344     5.2489     5.3747   4618.083    34.9048    34.9098 0.0000e+00
   6092.893     146230   4710.000     2.5463     2.5478   3.303633   3.304197   48.99752  -16.50344     5.2514     5.3742   4619.054    34.9048    34.9099 0.0000e+00
   6093.861     146254   4711.000     2.5463     2.5479   3.303669   3.304235   48.99752  -16.50344     5.2509     5.3742   4620.024    34.9048    34.9099 0.0000e+00
   6094.830     146277   4712.000     2.5463     2.5479   3.303704   3.304271   48.99752  -16.50344     5.2507     5.3734   4620.994    34.9048    34.9099 0.0000e+00
   6095.797     146300   4713.000     2.5463     2.5480   3.303738   3.304306   48.99752  -16.50345     5.2520     5.3744   4621.965    34.9049    34.9098 0.0000e+00
   6096.766     146323   4714.000     2.5464     2.5480   3.303773   3.304343   48.99752  -16.50345     5.2536     5.3764   4622.935    34.9048    34.9098 0.0000e+00
   6097.736     146347   4715.000     2.5465     2.5481   3.303809   3.304385   48.99752  -16.50346     5.2517     5.3770   4623.905    34.9047    34.9098 0.0000e+00
   6098.709     146370   4716.000     2.5466     2.5482   3.303849   3.304425   48.99752  -16.50346     5.2489     5.3767   4624.876    34.9047    34.9098 0.0000e+00
   6099.680     146393   4717.000     2.5468     2.5483   3.303892   3.304469   48.99751  -16.50346     5.2494     5.3758   4625.846    34.9047    34.9099 0.0000e+00
   6100.644     146416   4718.000     2.5469     2.5484   3.303936   3.304513   48.99751  -16.50346     5.2530     5.3778   4626.816    34.9047    34.9099 0.0000e+00
   6101.602     146439   4719.000     2.5470     2.5485   3.303979   3.304553   48.99750  -16.50346     5.2515     5.3757   4627.786    34.9047    34.9099 0.0000e+00
   6102.557     146462   4720.000     2.5471     2.5486   3.304021   3.304590   48.99750  -16.50346     5.2516     5.3743   4628.757    34.9047    34.9098 0.0000e+00
   6103.515     146485   4721.000     2.5472     2.5487   3.304061   3.304630   48.99750  -16.50346     5.2513     5.3728   4629.727    34.9047    34.9098 0.0000e+00
   6104.479     146508   4722.000     2.5473     2.5488   3.304104   3.304667   48.99750  -16.50346     5.2495     5.3708   4630.697    34.9047    34.9098 0.0000e+00
