Data_example/SBE_Data_Processed/JC231/SeaBird/Data/Processed/JC231_CTD_002cfaldb.cnv
* Sea-Bird SBE 9 Data File:
* FileName = C:\Users\sandm\Documents\Cruises\JC231\CTD Data\CTD Raw Data\JC231_CTD_002.hex
* Software Version Seasave V 7.26.7.121
* Temperature SN = 5700
* Conductivity SN = 2164
* Number of Bytes Per Scan = 41
* Number of Voltage Words = 4
* Number of Scans Averaged by the Deck Unit = 1
* NMEA Latitude = 48 58.03 N
* NMEA Longitude = 016 21.45 W
* NMEA UTC (Time) = May 04 2022  10:05:52
* NMEA baud rate = 9600
** Ship: RRS James Cook
** Cruise: JC231
** Cast: 002
** Event:
** Station:
** Julian Day: 124
** Time (GMT): 10:05
** Latitude: 48 58.031' N
** Longitude: 16 21.446'' W
** Depth (uncorrected m): 4808m
** Principal Scientist: Dr Susan Hartman
** Operator:  TP / JG
# nquan = 15
# nvalues = 9823                        
# units = specified
# name 0 = timeS: Time, Elapsed [seconds]
# name 1 = scan: Scan Count
# name 2 = prDM: Pressure, Digiquartz [db]
# name 3 = t090C: Temperature [ITS-90, deg C]
# name 4 = t190C: Temperature, 2 [ITS-90, deg C]
# name 5 = c0S/m: Conductivity [S/m]
# name 6 = c1S/m: Conductivity, 2 [S/m]
# name 7 = latitude: Latitude [deg]
# name 8 = longitude: Longitude [deg]
# name 9 = sbeox0ML/L: Oxygen, SBE 43 [ml/l]
# name 10 = sbeox1ML/L: Oxygen, SBE 43, 2 [ml/l]
# name 11 = depSM: Depth [salt water, m], lat = 48.9672
# name 12 = sal00: Salinity, Practical [PSU]
# name 13 = sal11: Salinity, Practical, 2 [PSU]
# name 14 = flag: flag
# span 0 =    556.629,  15242.215       
# span 1 =      13360,     365814       
# span 2 =      1.000,   4913.000       
# span 3 =     2.5313,    14.3419       
# span 4 =     2.5328,    14.9534       
# span 5 =   3.273353,   4.297760       
# span 6 =   3.273910,   4.343507       
# span 7 =   48.96722,   49.03990       
# span 8 =  -16.38173,  -16.35744       
# span 9 =     3.9795,     6.1667       
# span 10 =     4.2589,     6.2378      
# span 11 =      0.992,   4815.962      
# span 12 =    34.9028,    35.8404      
# span 13 =    34.9080,    35.9321      
# span 14 = 0.0000e+00, 0.0000e+00      
# interval = decibars: 1                
# start_time = May 04 2022 10:05:53 [System UTC, first data scan.]
# bad_flag = -9.990e-29
*END*
[from data line 6266]
   9018.491     216445   3558.000     2.6420     2.6443   3.274255   3.274824   48.96722  -16.35746     5.3766     5.4718   3498.410    34.9250    34.9293 0.0000e+00
   9019.705     216474   3557.000     2.6421     2.6452   3.274227   3.274864   48.96722  -16.35746     5.3788     5.4714   3497.435    34.9249    34.9293 0.0000e+00
   9021.120     216508   3556.000     2.6423     2.6456   3.274207   3.274890   48.96722  -16.35746     5.3754     5.4696   3496.460    34.9249    34.9296 0.0000e+00
   9022.906     216551   3555.000     2.6417     2.6456   3.274152   3.274869   48.96722  -16.35746     5.3737     5.4715   3495.484    34.9253    34.9297 0.0000e+00
   9025.389     216610   3554.000     2.6371     2.6449   3.273776   3.274792   48.96722  -16.35746     5.3784     5.4781   3494.509    34.9261    34.9300 0.0000e+00
   9369.811     224876   3553.000     2.6442     2.6455   3.274291   3.274783   48.96722  -16.35746     5.3735     5.4738   3493.534    34.9252    34.9297 0.0000e+00
   9364.875     224758   3552.000     2.6439     2.6454   3.274242   3.274739   48.96722  -16.35746     5.3742     5.4734   3492.559    34.9254    34.9297 0.0000e+00
   9366.821     224805   3551.000     2.6437     2.6454   3.274186   3.274702   48.96722  -16.35746     5.3752     5.4724   3491.583    34.9253    34.9297 0.0000e+00
   9368.639     224848   3550.000     2.6437     2.6456   3.274148   3.274683   48.96722  -16.35746     5.3737     5.4716   3490.608    34.9253    34.9297 0.0000e+00
   9370.467     224892   3549.000     2.6438     2.6456   3.274119   3.274654   48.96722  -16.35746     5.3743     5.4717   3489.633    34.9253    34.9298 0.0000e+00
   9372.389     224938   3548.000     2.6440     2.6457   3.274096   3.274624   48.96722  -16.35746     5.3767     5.4727   3488.657    34.9253    34.9298 0.0000e+00
   9374.407     224987   3547.000     2.6441     2.6458   3.274072   3.274597   48.96722  -16.35746     5.3717     5.4731   3487.682    34.9253    34.9298 0.0000e+00
   9376.422     225035   3546.000     2.6440     2.6459   3.274034   3.274572   48.96722  -16.35746     5.3741     5.4729   3486.707    34.9254    34.9298 0.0000e+00
   9378.347     225081   3545.000     2.6439     2.6461   3.273989   3.274553   48.96722  -16.35746     5.3719     5.4753   3485.731    34.9253    34.9298 0.0000e+00
   9380.158     225125   3544.000     2.6441     2.6462   3.273971   3.274526   48.96722  -16.35746     5.3759     5.4746   3484.756    34.9253    34.9298 0.0000e+00
   9381.790     225164   3543.000     2.6444     2.6464   3.273965   3.274507   48.96722  -16.35746     5.3780     5.4728   3483.781    34.9254    34.9298 0.0000e+00
   9383.269     225199   3542.000     2.6446     2.6466   3.273948   3.274492   48.96722  -16.35746     5.3767     5.4718   3482.805    34.9254    34.9298 0.0000e+00
   9384.686     225233   3541.000     2.6449     2.6467   3.273934   3.274470   48.96722  -16.35746     5.3805     5.4728   3481.830    34.9254    34.9299 0.0000e+00
   9386.103     225267   3540.000     2.6451     2.6467   3.273921   3.274439   48.96722  -16.35746     5.3783     5.4739   3480.855    34.9254    34.9299 0.0000e+00
   9387.549     225302   3539.000     2.6453     2.6468   3.273902   3.274407   48.96722  -16.35746     5.3772     5.4733   3479.879    34.9255    34.9298 0.0000e+00
   9389.024     225338   3538.000     2.6454     2.6471   3.273877   3.274389   48.96722  -16.35746     5.3766     5.4734   3478.904    34.9255    34.9298 0.0000e+00
   9390.500     225373   3537.000     2.6456     2.6481   3.273859   3.274428   48.96722  -16.35746     5.3778     5.4732   3477.929    34.9254    34.9296 0.0000e+00
   9391.939     225408   3536.000     2.6462     2.6491   3.273866   3.274498   48.96722  -16.35746     5.3772     5.4726   3476.953    34.9253    34.9298 0.0000e+00
   9393.297     225440   3535.000     2.6470     2.6495   3.273909   3.274510   48.96722  -16.35746     5.3782     5.4747   3475.978    34.9254    34.9299 0.0000e+00
   9394.555     225470   3534.000     2.6475     2.6499   3.273933   3.274512   48.96722  -16.35746     5.3797     5.4755   3475.003    34.9256    34.9300 0.0000e+00
   9395.740     225499   3533.000     2.6478     2.6502   3.273930   3.274505   48.96722  -16.35746     5.3804     5.4754   3474.027    34.9257    34.9300 0.0000e+00
   9396.897     225527   3532.000     2.6481     2.6506   3.273918   3.274506   48.96722  -16.35746     5.3797     5.4761   3473.052    34.9257    34.9301 0.0000e+00
   9398.052     225554   3531.000     2.6484     2.6508   3.273910   3.274497   48.96722  -16.35746     5.3776     5.4772   3472.077    34.9257    34.9301 0.0000e+00
   9399.215     225582   3530.000     2.6489     2.6511   3.273916   3.274484   48.96722  -16.35746     5.3786     5.4791   3471.101    34.9257    34.9302 0.0000e+00
   9400.384     225610   3529.000     2.6492     2.6514   3.273919   3.274477   48.96722  -16.35746     5.3801     5.4785   3470.126    34.9258    34.9302 0.0000e+00
   9401.557     225638   3528.000     2.6495     2.6516   3.273912   3.274467   48.96722  -16.35746     5.3782     5.4773   3469.150    34.9258    34.9302 0.0000e+00
   9402.727     225666   3527.000     2.6498     2.6520   3.273903   3.274460   48.96722  -16.35746     5.3806     5.4776   3468.175    34.9258    34.9302 0.0000e+00
   9403.886     225694   3526.000     2.6502     2.6525   3.273899   3.274469   48.96722  -16.35746     5.3800     5.4758   3467.200    34.9258    34.9302 0.0000e+00
   9405.021     225722   3525.000     2.6506     2.6533   3.273900   3.274497   48.96722  -16.35746     5.3801     5.4743   3466.224    34.9258    34.9301 0.0000e+00
   9406.108     225748   3524.000     2.6513     2.6543   3.273915   3.274546   48.96722  -16.35746     5.3764     5.4756   3465.249    34.9257    34.9301 0.0000e+00
   9407.140     225772   3523.000     2.6522     2.6552   3.273955   3.274602   48.96722  -16.35746     5.3759     5.4764   3464.273    34.9257    34.9302 0.0000e+00
   9408.129     225796   3522.000     2.6530     2.6559   3.274000   3.274646   48.96722  -16.35746     5.3793     5.4774   3463.298    34.9258    34.9304 0.0000e+00
   9409.095     225819   3521.000     2.6537     2.6564   3.274035   3.274661   48.96722  -16.35746     5.3812     5.4790   3462.323    34.9259    34.9305 0.0000e+00
   9410.055     225842   3520.000     2.6543     2.6568   3.274065   3.274666   48.96722  -16.35746     5.3810     5.4805   3461.347    34.9260    34.9306 0.0000e+00
   9411.022     225866   3519.000     2.6549     2.6572   3.274081   3.274664   48.96722  -16.35746     5.3809     5.4817   3460.372    34.9261    34.9306 0.0000e+00
   9411.997     225889   3518.000     2.6554     2.6577   3.274101   3.274668   48.96722  -16.35746     5.3820     5.4818   3459.396    34.9262    34.9306 0.0000e+00
   9412.978     225912   3517.000     2.6559     2.6583   3.274119   3.274686   48.96722  -16.35746     5.3835     5.4814   3458.421    34.9263    34.9305 0.0000e+00
   9413.957     225936   3516.000     2.6564     2.6590   3.274126   3.274714   48.96722  -16.35746     5.3833     5.4805   3457.445    34.9263    34.9306 0.0000e+00
   9414.927     225959   3515.000     2.6569     2.6593   3.274135   3.274726   48.96722  -16.35746     5.3848     5.4807   3456.470    34.9263    34.9308 0.0000e+00
   9415.890     225982   3514.000     2.6573     2.6594   3.274140   3.274708   48.96722  -16.35746     5.3861     5.4809   3455.494    34.9264    34.9309 0.0000e+00
   9416.851     226005   3513.000     2.6575     2.6594   3.274134   3.274675   48.96722  -16.35746     5.3884     5.4803   3454.519    34.9265    34.9310 0.0000e+00
   9417.818     226029   3512.000     2.6576     2.6593   3.274113   3.274637   48.96722  -16.35746     5.3897     5.4806   3453.543    34.9266    34.9311 0.0000e+00
   9418.797     226052   3511.000     2.6577     2.6593   3.274084   3.274599   48.96722  -16.35746     5.3860     5.4818   3452.568    34.9266    34.9310 0.0000e+00
   9419.785     226076   3510.000     2.6577     2.6594   3.274053   3.274566   48.96722  -16.35746     5.3844     5.4826   3451.593    34.9266    34.9310 0.0000e+00
   9420.774     226100   3509.000     2.6577     2.6596   3.274021   3.274546   48.96722  -16.35746     5.3841     5.4831   3450.617    34.9267    34.9310 0.0000e+00
   9421.757     226123   3508.000     2.6578     2.6598   3.273997   3.274534   48.96722  -16.35746     5.3851     5.4834   3449.642    34.9267    34.9310 0.0000e+00
   9422.732     226147   3507.000     2.6581     2.6601   3.273984   3.274523   48.96722  -16.35746     5.3862     5.4843   3448.666    34.9267    34.9310 0.0000e+00
   9423.699     226170   3506.000     2.6583     2.6603   3.273972   3.274512   48.96722  -16.35746     5.3865     5.4840   3447.691    34.9267    34.9311 0.0000e+00
   9424.663     226193   3505.000     2.6586     2.6605   3.273960   3.274496   48.96722  -16.35746     5.3857     5.4841   3446.715    34.9267    34.9311 0.0000e+00
   9425.628     226216   3504.000     2.6588     2.6606   3.273946   3.274472   48.96722  -16.35746     5.3872     5.4844   3445.740    34.9268    34.9312 0.0000e+00
   9426.598     226239   3503.000     2.6590     2.6607   3.273926   3.274443   48.96722  -16.35746     5.3854     5.4821   3444.764    34.9268    34.9312 0.0000e+00
   9427.573     226263   3502.000     2.6592     2.6608   3.273908   3.274416   48.96722  -16.35746     5.3839     5.4811   3443.789    34.9268    34.9311 0.0000e+00
   9428.553     226286   3501.000     2.6593     2.6609   3.273886   3.274392   48.96722  -16.35746     5.3844     5.4821   3442.813    34.9268    34.9312 0.0000e+00
   9429.534     226310   3500.000     2.6594     2.6610   3.273859   3.274364   48.96722  -16.35746     5.3857     5.4813   3441.838    34.9268    34.9312 0.0000e+00
   9430.511     226333   3499.000     2.6594     2.6610   3.273827   3.274332   48.96722  -16.35746     5.3871     5.4817   3440.862    34.9269    34.9312 0.0000e+00
   9431.484     226357   3498.000     2.6594     2.6611   3.273793   3.274300   48.96722  -16.35746     5.3866     5.4828   3439.887    34.9269    34.9311 0.0000e+00
   9432.454     226380   3497.000     2.6594     2.6612   3.273759   3.274270   48.96722  -16.35746     5.3863     5.4843   3438.911    34.9269    34.9312 0.0000e+00
   9433.424     226403   3496.000     2.6595     2.6612   3.273728   3.274241   48.96722  -16.35746     5.3874     5.4867   3437.936    34.9269    34.9312 0.0000e+00
   9434.398     226427   3495.000     2.6595     2.6613   3.273699   3.274212   48.96722  -16.35746     5.3858     5.4850   3436.960    34.9270    34.9312 0.0000e+00
   9435.377     226450   3494.000     2.6596     2.6614   3.273670   3.274185   48.96722  -16.35746     5.3844     5.4822   3435.984    34.9269    34.9312 0.0000e+00
   9436.366     226474   3493.000     2.6597     2.6615   3.273643   3.274159   48.96722  -16.35746     5.3850     5.4818   3435.009    34.9270    34.9313 0.0000e+00
   9437.357     226498   3492.000     2.6598     2.6617   3.273618   3.274143   48.96722  -16.35746     5.3860     5.4823   3434.033    34.9270    34.9312 0.0000e+00
   9438.344     226521   3491.000     2.6600     2.6620   3.273599   3.274136   48.96722  -16.35746     5.3836     5.4818   3433.058    34.9270    34.9312 0.0000e+00
   9439.321     226545   3490.000     2.6602     2.6623   3.273586   3.274129   48.96722  -16.35746     5.3840     5.4815   3432.082    34.9270    34.9313 0.0000e+00
   9440.288     226568   3489.000     2.6605     2.6625   3.273574   3.274119   48.96722  -16.35746     5.3882     5.4831   3431.107    34.9270    34.9314 0.0000e+00
   9441.250     226591   3488.000     2.6607     2.6629   3.273560   3.274112   48.96722  -16.35746     5.3906     5.4849   3430.131    34.9270    34.9313 0.0000e+00
   9442.212     226614   3487.000     2.6610     2.6635   3.273546   3.274123   48.96722  -16.35746     5.3903     5.4840   3429.156    34.9270    34.9313 0.0000e+00
   9443.178     226637   3486.000     2.6614     2.6641   3.273543   3.274147   48.96722  -16.35746     5.3889     5.4835   3428.180    34.9269    34.9313 0.0000e+00
   9444.152     226661   3485.000     2.6620     2.6646   3.273558   3.274164   48.96722  -16.35746     5.3864     5.4829   3427.204    34.9270    34.9314 0.0000e+00
   9445.138     226684   3484.000     2.6625     2.6650   3.273572   3.274168   48.96722  -16.35746     5.3870     5.4815   3426.229    34.9270    34.9315 0.0000e+00
   9446.129     226708   3483.000     2.6629     2.6653   3.273581   3.274160   48.96722  -16.35746     5.3874     5.4812   3425.253    34.9271    34.9315 0.0000e+00
   9447.118     226732   3482.000     2.6633     2.6656   3.273585   3.274150   48.96722  -16.35746     5.3874     5.4813   3424.278    34.9272    34.9315 0.0000e+00
   9448.099     226755   3481.000     2.6637     2.6659   3.273583   3.274140   48.96722  -16.35746     5.3880     5.4814   3423.302    34.9272    34.9316 0.0000e+00
   9449.074     226779   3480.000     2.6639     2.6662   3.273577   3.274136   48.96722  -16.35746     5.3898     5.4834   3422.326    34.9273    34.9316 0.0000e+00
   9450.044     226802   3479.000     2.6642     2.6666   3.273567   3.274137   48.96722  -16.35746     5.3907     5.4848   3421.351    34.9274    34.9317 0.0000e+00
   9451.016     226825   3478.000     2.6645     2.6669   3.273561   3.274130   48.96722  -16.35746     5.3909     5.4856   3420.375    34.9274    34.9317 0.0000e+00
   9451.991     226849   3477.000     2.6649     2.6671   3.273559   3.274119   48.96722  -16.35746     5.3895     5.4863   3419.400    34.9274    34.9317 0.0000e+00
   9452.965     226872   3476.000     2.6652     2.6673   3.273555   3.274105   48.96722  -16.35746     5.3884     5.4859   3418.424    34.9274    34.9318 0.0000e+00
   9453.935     226895   3475.000     2.6655     2.6675   3.273546   3.274087   48.96722  -16.35746     5.3868     5.4855   3417.448    34.9275    34.9318 0.0000e+00
   9454.903     226919   3474.000     2.6657     2.6676   3.273531   3.274063   48.96722  -16.35746     5.3884     5.4853   3416.473    34.9275    34.9319 0.0000e+00
   9455.869     226942   3473.000     2.6659     2.6677   3.273514   3.274041   48.96722  -16.35746     5.3887     5.4852   3415.497    34.9275    34.9319 0.0000e+00
   9456.837     226965   3472.000     2.6660     2.6679   3.273495   3.274022   48.96722  -16.35746     5.3879     5.4855   3414.521    34.9276    34.9319 0.0000e+00
   9457.811     226988   3471.000     2.6662     2.6681   3.273478   3.274005   48.96722  -16.35746     5.3895     5.4839   3413.546    34.9276    34.9319 0.0000e+00
   9458.790     227012   3470.000     2.6664     2.6683   3.273460   3.273988   48.96722  -16.35746     5.3912     5.4827   3412.570    34.9276    34.9319 0.0000e+00
   9459.771     227036   3469.000     2.6666     2.6686   3.273443   3.273974   48.96722  -16.35746     5.3952     5.4839   3411.595    34.9276    34.9319 0.0000e+00
   9460.752     227059   3468.000     2.6669     2.6690   3.273434   3.273969   48.96722  -16.35746     5.3932     5.4841   3410.619    34.9276    34.9319 0.0000e+00
   9461.730     227083   3467.000     2.6673     2.6693   3.273431   3.273965   48.96722  -16.35746     5.3886     5.4850   3409.643    34.9277    34.9319 0.0000e+00
   9462.709     227106   3466.000     2.6675     2.6695   3.273422   3.273951   48.96722  -16.35746     5.3897     5.4861   3408.668    34.9277    34.9320 0.0000e+00
   9463.690     227130   3465.000     2.6677     2.6696   3.273405   3.273930   48.96722  -16.35746     5.3913     5.4851   3407.692    34.9277    34.9320 0.0000e+00
   9464.673     227153   3464.000     2.6679     2.6698   3.273385   3.273911   48.96722  -16.35746     5.3913     5.4852   3406.716    34.9277    34.9320 0.0000e+00
