Data_example/SBE_Data_Processed/JC231/SeaBird/Data/Processed/JC231_CTD_006cfaldb.cnv
* Sea-Bird SBE 9 Data File:
* FileName = C:\Users\sandm\Documents\Cruises\JC231\CTD Data\CTD Raw Data\JC231_CTD_006.hex
* Software Version Seasave V 7.26.7.121
* Temperature SN = 5700
* Conductivity SN = 2164
* Number of Bytes Per Scan = 41
* Number of Voltage Words = 4
* Number of Scans Averaged by the Deck Unit = 1
* NMEA Latitude = 48 59.89 N
* NMEA Longitude = 016 27.00 W
* NMEA UTC (Time) = May 10 2022  15:27:45
* NMEA baud rate = 9600
** Ship: RRS James Cook
** Cruise: JC231
** Cast: 006
** Event:
** Station:
** Julian Day: 130
** Time (GMT): 15:30
** Latitude: 48 59.892' N
** Longitude: 16 27.004' W
** Depth (uncorrected m): 4806m
** Principal Scientist: Dr Susan Hartman
** Operator:  TP / JG
# nquan = 15
# nvalues = 2026                        
# units = specified
# name 0 = timeS: Time, Elapsed [seconds]
# name 1 = scan: Scan Count
# name 2 = prDM: Pressure, Digiquartz [db]
# name 3 = t090C: Temperature [ITS-90, deg C]
# name 4 = t190C: Temperature, 2 [ITS-90, deg C]
# name 5 = c0S/m: Conductivity [S/m]
# name 6 = c1S/m: Conductivity, 2 [S/m]
# name 7 = latitude: Latitude [deg]
# name 8 = longitude: Longitude [deg]
# name 9 = sbeox0ML/L: Oxygen, SBE 43 [ml/l]
# name 10 = sbeox1ML/L: Oxygen, SBE 43, 2 [ml/l]
# name 11 = depSM: Depth [salt water, m], lat = 48.9982
# name 12 = sal00: Salinity, Practical [PSU]
# name 13 = sal11: Salinity, Practical, 2 [PSU]
# name 14 = flag: flag
# span 0 =    687.209,   6515.422       
# span 1 =      16494,     156371       
# span 2 =      1.000,   1014.000       
# span 3 =     7.4803,    13.9105       
# span 4 =     7.4847,    13.9136       
# span 5 =   3.643881,   4.247297       
# span 6 =   3.644501,   4.247864       
# span 7 =   48.99794,   49.00697       
# span 8 =  -16.45956,  -16.45001       
# span 9 =     4.1729,     5.9313       
# span 10 =     4.2432,     6.0029      
# span 11 =      0.991,   1002.950      
# span 12 =    30.5994,    35.6839      
# span 13 =    33.4187,    35.6882      
# span 14 = 0.0000e+00, 0.0000e+00      
# interval = decibars: 1                
# start_time = May 10 2022 15:27:47 [System UTC, first data scan.]
# bad_flag = -9.990e-29
*END*
[from data line 868]
   1919.884      46078    869.000     8.5054     8.4976   3.745088   3.744742   48.99820  -16.45042     4.2491     4.3206    859.828    35.4028    35.4068 0.0000e+00
   1920.864      46102    870.000     8.4698     8.4608   3.741856   3.740917   48.99820  -16.45042     4.2466     4.3209    860.815    35.4036    35.4027 0.0000e+00
   1921.836      46125    871.000     8.4390     8.4378   3.737998   3.737623   48.99820  -16.45042     4.2441     4.3246    861.803    35.3931    35.3903 0.0000e+00
   1922.813      46149    872.000     8.4279     8.4331   3.735865   3.736389   48.99820  -16.45042     4.2462     4.3283    862.790    35.3812    35.3815 0.0000e+00
   1923.807      46172    873.000     8.4284     8.4354   3.735522   3.736548   48.99820  -16.45043     4.2514     4.3288    863.778    35.3766    35.3804 0.0000e+00
   1924.823      46197    874.000     8.4310     8.4366   3.735906   3.736890   48.99820  -16.45044     4.2551     4.3303    864.765    35.3776    35.3824 0.0000e+00
   1925.840      46221    875.000     8.4261     8.4290   3.735989   3.736670   48.99821  -16.45044     4.2580     4.3349    865.752    35.3828    35.3872 0.0000e+00
   1926.831      46245    876.000     8.4018     8.4030   3.734548   3.734937   48.99821  -16.45044     4.2601     4.3395    866.740    35.3914    35.3943 0.0000e+00
   1927.786      46268    877.000     8.3546     8.3551   3.730526   3.730704   48.99821  -16.45044     4.2568     4.3411    867.727    35.3954    35.3968 0.0000e+00
   1928.727      46290    878.000     8.3146     8.3164   3.725411   3.725681   48.99820  -16.45043     4.2573     4.3445    868.714    35.3806    35.3817 0.0000e+00
   1929.684      46313    879.000     8.2950     8.2973   3.722364   3.722784   48.99820  -16.45042     4.2670     4.3510    869.702    35.3675    35.3696 0.0000e+00
   1930.666      46337    880.000     8.2869     8.2896   3.721139   3.721710   48.99820  -16.45042     4.2770     4.3565    870.689    35.3621    35.3654 0.0000e+00
   1931.659      46361    881.000     8.2765     8.2780   3.720496   3.720951   48.99820  -16.45042     4.2815     4.3578    871.676    35.3652    35.3685 0.0000e+00
   1932.646      46385    882.000     8.2669     8.2694   3.719369   3.719796   48.99820  -16.45042     4.2834     4.3563    872.664    35.3623    35.3643 0.0000e+00
   1933.631      46408    883.000     8.2673     8.2714   3.719048   3.719649   48.99820  -16.45042     4.2840     4.3565    873.651    35.3581    35.3604 0.0000e+00
   1934.632      46432    884.000     8.2765     8.2841   3.719713   3.720626   48.99821  -16.45043     4.2821     4.3595    874.638    35.3555    35.3576 0.0000e+00
   1935.653      46457    885.000     8.2952     8.3034   3.721492   3.722804   48.99822  -16.45044     4.2818     4.3622    875.626    35.3552    35.3610 0.0000e+00
   1936.669      46481    886.000     8.3108     8.3144   3.723851   3.724702   48.99822  -16.45045     4.2826     4.3632    876.613    35.3642    35.3697 0.0000e+00
   1937.660      46505    887.000     8.3037     8.3060   3.724478   3.724952   48.99822  -16.45045     4.2810     4.3625    877.600    35.3775    35.3803 0.0000e+00
   1938.621      46528    888.000     8.2707     8.2731   3.722223   3.722610   48.99822  -16.45046     4.2780     4.3577    878.588    35.3861    35.3878 0.0000e+00
   1939.562      46550    889.000     8.2410     8.2442   3.718371   3.718773   48.99821  -16.45046     4.2763     4.3584    879.575    35.3743    35.3755 0.0000e+00
   1940.504      46573    890.000     8.2353     8.2396   3.716626   3.717260   48.99821  -16.45045     4.2806     4.3653    880.562    35.3610    35.3635 0.0000e+00
   1941.462      46596    891.000     8.2459     8.2511   3.717285   3.718057   48.99820  -16.45044     4.2861     4.3705    881.549    35.3570    35.3600 0.0000e+00
   1942.442      46620    892.000     8.2701     8.2770   3.719515   3.720486   48.99820  -16.45044     4.2910     4.3721    882.537    35.3561    35.3595 0.0000e+00
   1943.445      46644    893.000     8.3035     8.3110   3.723215   3.724383   48.99820  -16.45043     4.2965     4.3703    883.524    35.3616    35.3665 0.0000e+00
   1944.455      46668    894.000     8.3300     8.3363   3.727121   3.728183   48.99820  -16.45043     4.2970     4.3658    884.511    35.3761    35.3810 0.0000e+00
   1945.461      46692    895.000     8.3420     8.3480   3.729278   3.730211   48.99821  -16.45042     4.2904     4.3608    885.499    35.3865    35.3904 0.0000e+00
   1946.464      46716    896.000     8.3488     8.3545   3.730317   3.731205   48.99821  -16.45043     4.2823     4.3582    886.486    35.3903    35.3939 0.0000e+00
   1947.470      46740    897.000     8.3567     8.3609   3.731177   3.731976   48.99822  -16.45044     4.2790     4.3584    887.473    35.3910    35.3953 0.0000e+00
   1948.484      46765    898.000     8.3699     8.3722   3.732454   3.733029   48.99822  -16.45045     4.2805     4.3605    888.460    35.3909    35.3948 0.0000e+00
   1949.499      46789    899.000     8.3823     8.3845   3.734270   3.734766   48.99822  -16.45046     4.2819     4.3603    889.448    35.3973    35.4004 0.0000e+00
   1950.505      46813    900.000     8.3846     8.3867   3.735170   3.735639   48.99822  -16.45047     4.2809     4.3574    890.435    35.4041    35.4069 0.0000e+00
   1951.495      46837    901.000     8.3825     8.3845   3.735268   3.735710   48.99822  -16.45047     4.2761     4.3539    891.422    35.4067    35.4094 0.0000e+00
   1952.457      46860    902.000     8.3782     8.3800   3.735084   3.735504   48.99821  -16.45047     4.2733     4.3513    892.409    35.4086    35.4113 0.0000e+00
   1953.390      46882    903.000     8.3714     8.3728   3.734680   3.735066   48.99821  -16.45046     4.2748     4.3510    893.397    35.4107    35.4134 0.0000e+00
   1954.328      46905    904.000     8.3616     8.3622   3.733959   3.734286   48.99820  -16.45045     4.2780     4.3547    894.384    35.4123    35.4152 0.0000e+00
   1955.295      46928    905.000     8.3485     8.3485   3.732889   3.733137   48.99820  -16.45044     4.2821     4.3604    895.371    35.4137    35.4163 0.0000e+00
   1956.291      46952    906.000     8.3309     8.3298   3.731444   3.731603   48.99820  -16.45043     4.2823     4.3685    896.358    35.4155    35.4182 0.0000e+00
   1957.297      46976    907.000     8.3048     8.3046   3.729190   3.729282   48.99820  -16.45043     4.2825     4.3753    897.345    35.4172    35.4183 0.0000e+00
   1958.312      47000    908.000     8.2796     8.2821   3.726407   3.726753   48.99820  -16.45044     4.2885     4.3805    898.333    35.4124    35.4135 0.0000e+00
   1959.340      47025    909.000     8.2577     8.2632   3.724058   3.724711   48.99820  -16.45044     4.2987     4.3857    899.320    35.4089    35.4103 0.0000e+00
   1960.375      47050    910.000     8.2349     8.2417   3.721589   3.722510   48.99821  -16.45045     4.3059     4.3876    900.307    35.4050    35.4080 0.0000e+00
   1961.392      47074    911.000     8.2231     8.2302   3.719604   3.720565   48.99821  -16.45046     4.3079     4.3903    901.294    35.3952    35.3984 0.0000e+00
   1962.379      47098    912.000     8.2339     8.2399   3.719781   3.720775   48.99822  -16.45046     4.3126     4.3953    902.281    35.3858    35.3904 0.0000e+00
   1963.342      47121    913.000     8.2517     8.2560   3.721826   3.722661   48.99821  -16.45046     4.3154     4.3958    903.269    35.3893    35.3939 0.0000e+00
   1964.296      47144    914.000     8.2629     8.2660   3.723625   3.724281   48.99821  -16.45046     4.3147     4.3897    904.256    35.3968    35.4007 0.0000e+00
   1965.253      47167    915.000     8.2681     8.2704   3.724541   3.725078   48.99820  -16.45046     4.3132     4.3833    905.243    35.4008    35.4042 0.0000e+00
   1966.219      47190    916.000     8.2705     8.2717   3.725068   3.725491   48.99820  -16.45046     4.3129     4.3816    906.230    35.4035    35.4069 0.0000e+00
   1967.191      47214    917.000     8.2642     8.2639   3.725039   3.725299   48.99820  -16.45046     4.3119     4.3805    907.217    35.4091    35.4121 0.0000e+00
   1968.165      47237    918.000     8.2463     8.2444   3.723758   3.723811   48.99820  -16.45046     4.3109     4.3835    908.204    35.4129    35.4154 0.0000e+00
   1969.143      47260    919.000     8.2195     8.2155   3.721418   3.721253   48.99820  -16.45046     4.3116     4.3911    909.192    35.4144    35.4166 0.0000e+00
   1970.123      47284    920.000     8.1821     8.1773   3.717949   3.717584   48.99820  -16.45046     4.3140     4.3984    910.179    35.4144    35.4154 0.0000e+00
   1971.102      47307    921.000     8.1384     8.1344   3.713554   3.713192   48.99820  -16.45046     4.3187     4.4070    911.166    35.4110    35.4112 0.0000e+00
   1972.084      47331    922.000     8.0972     8.0957   3.708818   3.708678   48.99820  -16.45046     4.3277     4.4142    912.153    35.4013    35.4013 0.0000e+00
   1973.072      47355    923.000     8.0668     8.0672   3.704997   3.705118   48.99820  -16.45046     4.3392     4.4208    913.140    35.3906    35.3915 0.0000e+00
   1974.072      47379    924.000     8.0491     8.0503   3.702451   3.702754   48.99820  -16.45046     4.3466     4.4274    914.127    35.3807    35.3828 0.0000e+00
   1975.074      47403    925.000     8.0403     8.0420   3.701140   3.701511   48.99820  -16.45046     4.3481     4.4281    915.115    35.3751    35.3774 0.0000e+00
   1976.061      47426    926.000     8.0361     8.0384   3.700502   3.700982   48.99820  -16.45046     4.3513     4.4270    916.102    35.3720    35.3748 0.0000e+00
   1977.034      47450    927.000     8.0341     8.0363   3.700235   3.700748   48.99821  -16.45047     4.3557     4.4316    917.089    35.3707    35.3739 0.0000e+00
   1978.009      47473    928.000     8.0322     8.0342   3.700126   3.700581   48.99822  -16.45048     4.3583     4.4358    918.076    35.3709    35.3739 0.0000e+00
   1979.004      47497    929.000     8.0305     8.0323   3.699977   3.700398   48.99822  -16.45049     4.3602     4.4366    919.063    35.3707    35.3733 0.0000e+00
   1980.011      47521    930.000     8.0323     8.0341   3.700053   3.700484   48.99822  -16.45050     4.3602     4.4381    920.050    35.3692    35.3720 0.0000e+00
   1981.007      47545    931.000     8.0394     8.0411   3.700657   3.701069   48.99822  -16.45050     4.3589     4.4410    921.037    35.3681    35.3708 0.0000e+00
   1981.972      47568    932.000     8.0554     8.0578   3.701973   3.702433   48.99822  -16.45050     4.3608     4.4418    922.024    35.3656    35.3682 0.0000e+00
   1982.902      47591    933.000     8.0814     8.0838   3.704683   3.705233   48.99822  -16.45049     4.3616     4.4418    923.011    35.3680    35.3715 0.0000e+00
   1983.826      47613    934.000     8.0965     8.0977   3.707350   3.707810   48.99821  -16.45048     4.3603     4.4395    923.998    35.3809    35.3846 0.0000e+00
   1984.774      47636    935.000     8.0983     8.0987   3.708374   3.708657   48.99820  -16.45048     4.3561     4.4357    924.986    35.3895    35.3922 0.0000e+00
   1985.761      47659    936.000     8.0943     8.0929   3.708270   3.708412   48.99820  -16.45048     4.3549     4.4331    925.973    35.3920    35.3949 0.0000e+00
   1986.781      47684    937.000     8.0839     8.0802   3.707575   3.707432   48.99820  -16.45048     4.3579     4.4347    926.960    35.3945    35.3967 0.0000e+00
   1987.802      47708    938.000     8.0588     8.0557   3.705717   3.705456   48.99820  -16.45048     4.3610     4.4393    927.947    35.3994    35.3996 0.0000e+00
   1988.806      47732    939.000     8.0198     8.0173   3.701967   3.701827   48.99820  -16.45049     4.3638     4.4420    928.934    35.3979    35.3990 0.0000e+00
   1989.798      47756    940.000     7.9859     7.9830   3.697899   3.697759   48.99820  -16.45050     4.3677     4.4482    929.921    35.3880    35.3895 0.0000e+00
   1990.786      47780    941.000     7.9573     7.9524   3.694567   3.694339   48.99821  -16.45051     4.3718     4.4567    930.908    35.3807    35.3832 0.0000e+00
   1991.770      47803    942.000     7.9322     7.9265   3.691664   3.691146   48.99822  -16.45052     4.3749     4.4623    931.895    35.3743    35.3745 0.0000e+00
   1992.755      47827    943.000     7.9157     7.9158   3.689335   3.689166   48.99822  -16.45052     4.3766     4.4637    932.882    35.3655    35.3636 0.0000e+00
   1993.745      47851    944.000     7.9186     7.9300   3.688518   3.689423   48.99822  -16.45053     4.3808     4.4654    933.869    35.3534    35.3517 0.0000e+00
   1994.736      47875    945.000     7.9536     7.9709   3.690953   3.693245   48.99822  -16.45053     4.3911     4.4708    934.856    35.3439    35.3510 0.0000e+00
   1995.718      47898    946.000     7.9821     7.9907   3.695696   3.697440   48.99822  -16.45053     4.3952     4.4710    935.843    35.3656    35.3755 0.0000e+00
   1996.678      47921    947.000     7.9668     7.9708   3.696555   3.697412   48.99821  -16.45052     4.3870     4.4640    936.830    35.3897    35.3947 0.0000e+00
   1997.620      47944    948.000     7.9158     7.9203   3.692528   3.693092   48.99820  -16.45051     4.3759     4.4606    937.817    35.3973    35.3988 0.0000e+00
   1998.567      47967    949.000     7.8732     7.8778   3.687178   3.687849   48.99820  -16.45051     4.3741     4.4654    938.804    35.3823    35.3849 0.0000e+00
   1999.534      47990    950.000     7.8510     7.8548   3.683621   3.684238   48.99820  -16.45050     4.3819     4.4752    939.791    35.3661    35.3688 0.0000e+00
   2000.527      48014    951.000     7.8507     7.8554   3.682636   3.683328   48.99820  -16.45051     4.3946     4.4839    940.778    35.3554    35.3580 0.0000e+00
   2001.549      48038    952.000     7.8616     7.8652   3.683790   3.684529   48.99820  -16.45052     4.4069     4.4859    941.765    35.3563    35.3605 0.0000e+00
   2002.585      48063    953.000     7.8671     7.8703   3.684896   3.685458   48.99820  -16.45053     4.4127     4.4851    942.752    35.3621    35.3650 0.0000e+00
   2003.611      48088    954.000     7.8663     7.8702   3.685169   3.685762   48.99820  -16.45053     4.4108     4.4878    943.739    35.3654    35.3679 0.0000e+00
   2004.615      48112    955.000     7.8584     7.8651   3.684745   3.685496   48.99820  -16.45054     4.4092     4.4919    944.726    35.3683    35.3696 0.0000e+00
   2005.594      48135    956.000     7.8413     7.8526   3.683360   3.684573   48.99820  -16.45054     4.4093     4.4940    945.713    35.3702    35.3718 0.0000e+00
   2006.560      48158    957.000     7.8183     7.8287   3.681206   3.682665   48.99820  -16.45054     4.4136     4.4972    946.700    35.3697    35.3749 0.0000e+00
   2007.517      48181    958.000     7.7762     7.7813   3.677917   3.678864   48.99820  -16.45054     4.4183     4.5006    947.687    35.3763    35.3813 0.0000e+00
   2008.473      48204    959.000     7.7150     7.7174   3.671938   3.672363   48.99820  -16.45054     4.4214     4.5071    948.674    35.3731    35.3754 0.0000e+00
   2009.432      48227    960.000     7.6651     7.6669   3.665653   3.665980   48.99820  -16.45053     4.4280     4.5212    949.661    35.3554    35.3570 0.0000e+00
   2010.399      48251    961.000     7.6324     7.6336   3.661375   3.661697   48.99820  -16.45053     4.4386     4.5368    950.648    35.3417    35.3439 0.0000e+00
   2011.378      48274    962.000     7.6080     7.6091   3.658385   3.658698   48.99820  -16.45052     4.4507     4.5469    951.635    35.3336    35.3358 0.0000e+00
   2012.371      48298    963.000     7.5866     7.5875   3.656012   3.656307   48.99820  -16.45053     4.4593     4.5544    952.622    35.3291    35.3314 0.0000e+00
