Data_example/SBE_Data_Processed/JC231/SeaBird/Data/Processed/JC231_CTD_007cfaldb.cnv
* Sea-Bird SBE 9 Data File:
* FileName = C:\Users\sandm\Documents\Cruises\JC231\CTD Data\CTD Raw Data\JC231_CTD_007.hex
* Software Version Seasave V 7.26.7.121
* Temperature SN = 5700
* Conductivity SN = 2164
* Number of Bytes Per Scan = 41
* Number of Voltage Words = 4
* Number of Scans Averaged by the Deck Unit = 1
* NMEA Latitude = 48 56.85 N
* NMEA Longitude = 016 28.41 W
* NMEA UTC (Time) = May 11 2022  08:20:42
* NMEA baud rate = 9600
** Ship: RRS James Cook
** Cruise: JC231
** Cast: 007
** Event:
** Station:
** Julian Day: 131
** Time (GMT): 08:20
** Latitude: 48 56.853' N
** Longitude: 16 28.413' W
** Depth (uncorrected m): 4806m
** Principal Scientist: Dr Susan Hartman
** Operator:  TP / JG
# nquan = 15
# nvalues = 9845                        
# units = specified
# name 0 = timeS: Time, Elapsed [seconds]
# name 1 = scan: Scan Count
# name 2 = prDM: Pressure, Digiquartz [db]
# name 3 = t090C: Temperature [ITS-90, deg C]
# name 4 = t190C: Temperature, 2 [ITS-90, deg C]
# name 5 = c0S/m: Conductivity [S/m]
# name 6 = c1S/m: Conductivity, 2 [S/m]
# name 7 = latitude: Latitude [deg]
# name 8 = longitude: Longitude [deg]
# name 9 = sbeox0ML/L: Oxygen, SBE 43 [ml/l]
# name 10 = sbeox1ML/L: Oxygen, SBE 43, 2 [ml/l]
# name 11 = depSM: Depth [salt water, m], lat = 48.9475
# name 12 = sal00: Salinity, Practical [PSU]
# name 13 = sal11: Salinity, Practical, 2 [PSU]
# name 14 = flag: flag
# span 0 =    281.109,  13760.214       
# span 1 =       6748,     330246       
# span 2 =      1.000,   4924.000       
# span 3 =     2.5308,    14.1540       
# span 4 =     2.5325,    14.2216       
# span 5 =   3.272331,   4.255084       
# span 6 =   3.272864,   4.260562       
# span 7 =   48.75402,   50.06243       
# span 8 =  -16.84877,  -16.40844       
# span 9 =     4.2545,     6.1074       
# span 10 =     4.2825,     6.1854      
# span 11 =      0.992,   4826.635      
# span 12 =    33.8352,    35.6813      
# span 13 =    34.1712,    35.6826      
# span 14 = 0.0000e+00, 0.0000e+00      
# interval = decibars: 1                
# start_time = May 11 2022 08:20:43 [System UTC, first data scan.]
# bad_flag = -9.990e-29
*END*
[from data line 6940]
   9177.294     220256   2905.000     2.9492     2.9531   3.279096   3.279789   48.94752  -16.47355     5.5434     5.6587   2860.638    34.9459    34.9501 0.0000e+00
   9178.265     220279   2904.000     2.9504     2.9536   3.279181   3.279807   48.94752  -16.47355     5.5454     5.6594   2859.660    34.9460    34.9502 0.0000e+00
   9179.243     220303   2903.000     2.9513     2.9540   3.279237   3.279807   48.94752  -16.47355     5.5456     5.6595   2858.681    34.9462    34.9502 0.0000e+00
   9180.226     220326   2902.000     2.9519     2.9544   3.279268   3.279807   48.94751  -16.47354     5.5463     5.6595   2857.703    34.9464    34.9502 0.0000e+00
   9181.215     220350   2901.000     2.9524     2.9548   3.279277   3.279805   48.94751  -16.47354     5.5467     5.6609   2856.725    34.9464    34.9502 0.0000e+00
   9182.210     220374   2900.000     2.9528     2.9550   3.279279   3.279797   48.94750  -16.47354     5.5463     5.6612   2855.747    34.9465    34.9503 0.0000e+00
   9183.206     220398   2899.000     2.9532     2.9554   3.279277   3.279789   48.94750  -16.47354     5.5464     5.6612   2854.769    34.9465    34.9503 0.0000e+00
   9184.198     220422   2898.000     2.9536     2.9561   3.279269   3.279795   48.94750  -16.47354     5.5473     5.6615   2853.791    34.9464    34.9501 0.0000e+00
   9185.183     220445   2897.000     2.9542     2.9570   3.279274   3.279833   48.94750  -16.47354     5.5468     5.6633   2852.812    34.9463    34.9500 0.0000e+00
   9186.157     220469   2896.000     2.9550     2.9579   3.279300   3.279875   48.94751  -16.47355     5.5469     5.6627   2851.834    34.9463    34.9501 0.0000e+00
   9187.122     220492   2895.000     2.9558     2.9587   3.279334   3.279909   48.94751  -16.47355     5.5488     5.6631   2850.856    34.9463    34.9500 0.0000e+00
   9188.081     220515   2894.000     2.9567     2.9596   3.279375   3.279949   48.94752  -16.47356     5.5496     5.6648   2849.878    34.9463    34.9501 0.0000e+00
   9189.044     220538   2893.000     2.9575     2.9602   3.279418   3.279978   48.94752  -16.47356     5.5496     5.6662   2848.900    34.9463    34.9501 0.0000e+00
   9190.015     220561   2892.000     2.9583     2.9608   3.279452   3.279996   48.94752  -16.47356     5.5486     5.6660   2847.922    34.9463    34.9502 0.0000e+00
   9190.998     220585   2891.000     2.9590     2.9613   3.279481   3.280011   48.94752  -16.47355     5.5490     5.6667   2846.943    34.9464    34.9503 0.0000e+00
   9191.991     220609   2890.000     2.9595     2.9617   3.279494   3.280014   48.94752  -16.47354     5.5516     5.6677   2845.965    34.9466    34.9504 0.0000e+00
   9192.991     220633   2889.000     2.9598     2.9623   3.279494   3.280020   48.94751  -16.47354     5.5541     5.6696   2844.987    34.9466    34.9503 0.0000e+00
   9193.993     220657   2888.000     2.9603     2.9632   3.279495   3.280051   48.94750  -16.47354     5.5547     5.6709   2844.009    34.9465    34.9501 0.0000e+00
   9194.989     220681   2887.000     2.9610     2.9646   3.279511   3.280123   48.94750  -16.47354     5.5560     5.6719   2843.031    34.9464    34.9499 0.0000e+00
   9195.973     220704   2886.000     2.9620     2.9660   3.279548   3.280214   48.94750  -16.47354     5.5578     5.6733   2842.052    34.9463    34.9500 0.0000e+00
   9196.936     220727   2885.000     2.9633     2.9672   3.279616   3.280286   48.94751  -16.47354     5.5584     5.6760   2841.074    34.9462    34.9501 0.0000e+00
   9197.882     220750   2884.000     2.9646     2.9680   3.279696   3.280334   48.94752  -16.47355     5.5596     5.6777   2840.096    34.9463    34.9503 0.0000e+00
   9198.824     220773   2883.000     2.9654     2.9685   3.279754   3.280351   48.94752  -16.47356     5.5623     5.6787   2839.118    34.9465    34.9504 0.0000e+00
   9199.777     220796   2882.000     2.9658     2.9692   3.279764   3.280368   48.94752  -16.47356     5.5629     5.6780   2838.139    34.9467    34.9503 0.0000e+00
   9200.758     220819   2881.000     2.9661     2.9701   3.279753   3.280408   48.94752  -16.47356     5.5641     5.6760   2837.161    34.9467    34.9503 0.0000e+00
   9201.767     220843   2880.000     2.9665     2.9705   3.279751   3.280433   48.94752  -16.47355     5.5655     5.6759   2836.183    34.9467    34.9506 0.0000e+00
   9202.787     220868   2879.000     2.9669     2.9716   3.279753   3.280451   48.94752  -16.47354     5.5634     5.6770   2835.205    34.9467    34.9501 0.0000e+00
   9203.791     220892   2878.000     2.9676     2.9733   3.279763   3.280560   48.94752  -16.47354     5.5629     5.6798   2834.227    34.9466    34.9501 0.0000e+00
   9204.771     220916   2877.000     2.9688     2.9744   3.279809   3.280650   48.94752  -16.47354     5.5641     5.6820   2833.248    34.9463    34.9504 0.0000e+00
   9205.734     220939   2876.000     2.9703     2.9750   3.279903   3.280678   48.94752  -16.47354     5.5656     5.6845   2832.270    34.9463    34.9506 0.0000e+00
   9206.689     220962   2875.000     2.9717     2.9753   3.279993   3.280678   48.94752  -16.47354     5.5679     5.6865   2831.292    34.9463    34.9507 0.0000e+00
   9207.643     220984   2874.000     2.9728     2.9755   3.280067   3.280664   48.94752  -16.47354     5.5695     5.6860   2830.314    34.9465    34.9507 0.0000e+00
   9208.598     221007   2873.000     2.9735     2.9757   3.280108   3.280640   48.94752  -16.47354     5.5703     5.6872   2829.335    34.9467    34.9507 0.0000e+00
   9209.560     221030   2872.000     2.9742     2.9762   3.280132   3.280633   48.94752  -16.47354     5.5731     5.6894   2828.357    34.9467    34.9505 0.0000e+00
   9210.536     221054   2871.000     2.9750     2.9770   3.280164   3.280659   48.94752  -16.47354     5.5734     5.6888   2827.379    34.9467    34.9505 0.0000e+00
   9211.527     221078   2870.000     2.9757     2.9774   3.280194   3.280672   48.94752  -16.47354     5.5725     5.6881   2826.401    34.9468    34.9506 0.0000e+00
   9212.527     221102   2869.000     2.9759     2.9780   3.280197   3.280678   48.94752  -16.47354     5.5747     5.6899   2825.422    34.9470    34.9505 0.0000e+00
   9213.522     221126   2868.000     2.9761     2.9791   3.280180   3.280722   48.94752  -16.47354     5.5755     5.6896   2824.444    34.9471    34.9504 0.0000e+00
   9214.502     221149   2867.000     2.9765     2.9802   3.280170   3.280792   48.94752  -16.47354     5.5762     5.6903   2823.466    34.9470    34.9505 0.0000e+00
   9215.470     221172   2866.000     2.9771     2.9810   3.280177   3.280832   48.94752  -16.47354     5.5775     5.6913   2822.487    34.9469    34.9506 0.0000e+00
   9216.433     221195   2865.000     2.9778     2.9818   3.280194   3.280863   48.94752  -16.47354     5.5776     5.6912   2821.509    34.9468    34.9506 0.0000e+00
   9217.400     221219   2864.000     2.9789     2.9827   3.280237   3.280897   48.94752  -16.47354     5.5775     5.6916   2820.531    34.9467    34.9505 0.0000e+00
   9218.375     221242   2863.000     2.9800     2.9839   3.280298   3.280949   48.94752  -16.47354     5.5784     5.6935   2819.552    34.9467    34.9503 0.0000e+00
   9219.358     221266   2862.000     2.9812     2.9851   3.280358   3.281036   48.94752  -16.47354     5.5780     5.6953   2818.574    34.9466    34.9505 0.0000e+00
   9220.345     221289   2861.000     2.9826     2.9857   3.280441   3.281076   48.94752  -16.47354     5.5788     5.6939   2817.596    34.9465    34.9508 0.0000e+00
   9221.336     221313   2860.000     2.9838     2.9861   3.280528   3.281077   48.94752  -16.47354     5.5809     5.6933   2816.618    34.9467    34.9508 0.0000e+00
   9222.322     221337   2859.000     2.9846     2.9868   3.280578   3.281093   48.94752  -16.47354     5.5822     5.6964   2815.639    34.9469    34.9507 0.0000e+00
   9223.297     221360   2858.000     2.9851     2.9878   3.280596   3.281129   48.94752  -16.47354     5.5833     5.7001   2814.661    34.9471    34.9506 0.0000e+00
   9224.257     221383   2857.000     2.9856     2.9890   3.280602   3.281198   48.94752  -16.47354     5.5844     5.7002   2813.683    34.9471    34.9506 0.0000e+00
   9225.209     221406   2856.000     2.9862     2.9900   3.280612   3.281257   48.94752  -16.47354     5.5861     5.7014   2812.704    34.9470    34.9507 0.0000e+00
   9226.167     221429   2855.000     2.9870     2.9910   3.280632   3.281312   48.94752  -16.47355     5.5873     5.7023   2811.726    34.9469    34.9507 0.0000e+00
   9227.143     221452   2854.000     2.9882     2.9920   3.280692   3.281372   48.94752  -16.47354     5.5865     5.7015   2810.748    34.9468    34.9508 0.0000e+00
   9228.136     221476   2853.000     2.9894     2.9928   3.280765   3.281414   48.94752  -16.47354     5.5853     5.7018   2809.769    34.9468    34.9509 0.0000e+00
   9229.139     221500   2852.000     2.9905     2.9933   3.280830   3.281431   48.94752  -16.47354     5.5866     5.7034   2808.791    34.9469    34.9511 0.0000e+00
   9230.137     221524   2851.000     2.9912     2.9936   3.280877   3.281424   48.94752  -16.47354     5.5884     5.7038   2807.812    34.9471    34.9511 0.0000e+00
   9231.120     221548   2850.000     2.9917     2.9938   3.280894   3.281408   48.94752  -16.47354     5.5896     5.7039   2806.834    34.9473    34.9511 0.0000e+00
   9232.092     221571   2849.000     2.9921     2.9942   3.280895   3.281394   48.94752  -16.47354     5.5910     5.7045   2805.856    34.9473    34.9511 0.0000e+00
   9233.061     221594   2848.000     2.9924     2.9947   3.280890   3.281395   48.94752  -16.47354     5.5938     5.7044   2804.877    34.9474    34.9510 0.0000e+00
   9234.033     221618   2847.000     2.9929     2.9953   3.280890   3.281415   48.94752  -16.47354     5.5949     5.7053   2803.899    34.9473    34.9510 0.0000e+00
   9235.007     221641   2846.000     2.9934     2.9961   3.280900   3.281445   48.94752  -16.47354     5.5947     5.7054   2802.921    34.9473    34.9510 0.0000e+00
   9235.982     221665   2845.000     2.9941     2.9968   3.280920   3.281473   48.94752  -16.47354     5.5948     5.7045   2801.942    34.9473    34.9510 0.0000e+00
   9236.956     221688   2844.000     2.9948     2.9978   3.280944   3.281512   48.94752  -16.47354     5.5947     5.7052   2800.964    34.9473    34.9509 0.0000e+00
   9237.923     221711   2843.000     2.9956     2.9989   3.280971   3.281574   48.94752  -16.47354     5.5949     5.7062   2799.985    34.9472    34.9509 0.0000e+00
   9238.890     221734   2842.000     2.9966     2.9997   3.281012   3.281621   48.94752  -16.47354     5.5955     5.7064   2799.007    34.9471    34.9511 0.0000e+00
   9239.865     221758   2841.000     2.9974     3.0003   3.281059   3.281638   48.94752  -16.47354     5.5941     5.7049   2798.029    34.9473    34.9512 0.0000e+00
   9240.857     221782   2840.000     2.9981     3.0007   3.281086   3.281642   48.94752  -16.47354     5.5944     5.7050   2797.050    34.9473    34.9512 0.0000e+00
   9241.862     221806   2839.000     2.9986     3.0012   3.281100   3.281645   48.94752  -16.47353     5.5968     5.7078   2796.072    34.9474    34.9512 0.0000e+00
   9242.866     221830   2838.000     2.9991     3.0020   3.281108   3.281662   48.94752  -16.47352     5.5985     5.7094   2795.093    34.9474    34.9510 0.0000e+00
   9243.851     221853   2837.000     2.9998     3.0030   3.281122   3.281712   48.94752  -16.47352     5.5985     5.7083   2794.115    34.9473    34.9509 0.0000e+00
   9244.817     221877   2836.000     3.0009     3.0041   3.281166   3.281768   48.94752  -16.47353     5.5981     5.7077   2793.136    34.9472    34.9509 0.0000e+00
   9245.769     221899   2835.000     3.0019     3.0050   3.281221   3.281822   48.94752  -16.47354     5.5991     5.7095   2792.158    34.9472    34.9510 0.0000e+00
   9246.717     221922   2834.000     3.0028     3.0056   3.281272   3.281846   48.94752  -16.47354     5.6002     5.7124   2791.180    34.9473    34.9512 0.0000e+00
   9247.670     221945   2833.000     3.0035     3.0061   3.281307   3.281855   48.94753  -16.47354     5.6017     5.7134   2790.201    34.9474    34.9512 0.0000e+00
   9248.638     221968   2832.000     3.0041     3.0068   3.281322   3.281877   48.94754  -16.47355     5.6036     5.7140   2789.223    34.9474    34.9512 0.0000e+00
   9249.624     221992   2831.000     3.0047     3.0076   3.281337   3.281903   48.94754  -16.47355     5.6033     5.7145   2788.244    34.9475    34.9511 0.0000e+00
   9250.619     222016   2830.000     3.0054     3.0088   3.281358   3.281963   48.94754  -16.47355     5.6035     5.7155   2787.266    34.9474    34.9510 0.0000e+00
   9251.614     222040   2829.000     3.0064     3.0102   3.281401   3.282059   48.94753  -16.47354     5.6039     5.7155   2786.287    34.9473    34.9511 0.0000e+00
   9252.608     222064   2828.000     3.0078     3.0112   3.281481   3.282136   48.94753  -16.47354     5.6032     5.7166   2785.309    34.9472    34.9514 0.0000e+00
   9253.608     222088   2827.000     3.0090     3.0119   3.281565   3.282167   48.94754  -16.47353     5.6020     5.7169   2784.331    34.9474    34.9516 0.0000e+00
   9254.611     222112   2826.000     3.0099     3.0124   3.281623   3.282181   48.94754  -16.47353     5.6012     5.7142   2783.352    34.9476    34.9516 0.0000e+00
   9255.599     222135   2825.000     3.0106     3.0130   3.281652   3.282193   48.94754  -16.47352     5.6004     5.7105   2782.374    34.9477    34.9516 0.0000e+00
   9256.555     222158   2824.000     3.0113     3.0136   3.281678   3.282210   48.94754  -16.47353     5.6002     5.7093   2781.395    34.9477    34.9515 0.0000e+00
   9257.480     222181   2823.000     3.0121     3.0143   3.281713   3.282238   48.94754  -16.47354     5.5997     5.7094   2780.417    34.9477    34.9516 0.0000e+00
   9258.392     222202   2822.000     3.0126     3.0148   3.281734   3.282248   48.94754  -16.47354     5.5999     5.7106   2779.438    34.9478    34.9517 0.0000e+00
   9259.319     222225   2821.000     3.0131     3.0152   3.281740   3.282250   48.94754  -16.47354     5.5997     5.7118   2778.459    34.9479    34.9517 0.0000e+00
   9260.286     222248   2820.000     3.0135     3.0159   3.281737   3.282266   48.94754  -16.47354     5.5994     5.7107   2777.481    34.9479    34.9517 0.0000e+00
   9261.309     222272   2819.000     3.0139     3.0167   3.281741   3.282295   48.94754  -16.47354     5.5984     5.7108   2776.503    34.9479    34.9516 0.0000e+00
   9262.366     222298   2818.000     3.0146     3.0177   3.281751   3.282338   48.94753  -16.47353     5.5994     5.7118   2775.524    34.9478    34.9515 0.0000e+00
   9263.401     222323   2817.000     3.0155     3.0187   3.281783   3.282391   48.94753  -16.47353     5.5996     5.7135   2774.546    34.9477    34.9515 0.0000e+00
   9264.388     222346   2816.000     3.0166     3.0200   3.281838   3.282453   48.94752  -16.47352     5.5990     5.7145   2773.567    34.9476    34.9513 0.0000e+00
   9265.336     222369   2815.000     3.0178     3.0217   3.281904   3.282549   48.94753  -16.47352     5.5998     5.7167   2772.588    34.9476    34.9512 0.0000e+00
   9266.269     222391   2814.000     3.0190     3.0232   3.281976   3.282655   48.94753  -16.47352     5.6010     5.7178   2771.610    34.9476    34.9513 0.0000e+00
   9267.213     222414   2813.000     3.0204     3.0245   3.282060   3.282741   48.94754  -16.47352     5.6012     5.7186   2770.632    34.9476    34.9515 0.0000e+00
   9268.189     222438   2812.000     3.0218     3.0255   3.282150   3.282816   48.94754  -16.47352     5.6021     5.7201   2769.653    34.9477    34.9517 0.0000e+00
   9269.195     222462   2811.000     3.0229     3.0262   3.282221   3.282854   48.94754  -16.47352     5.6033     5.7212   2768.674    34.9478    34.9519 0.0000e+00
   9270.207     222486   2810.000     3.0239     3.0265   3.282282   3.282861   48.94754  -16.47352     5.6026     5.7210   2767.696    34.9479    34.9520 0.0000e+00
