Data_example/SBE_Data_Processed/JC231/SeaBird/Data/Processed/JC231_CTD_001cfaldb.cnv
* Sea-Bird SBE 9 Data File:
* FileName = C:\Users\sandm\Documents\Cruises\JC231\CTD Data\CTD Raw Data\JC231_CTD_001.hex
* Software Version Seasave V 7.26.7.121
* Temperature SN = 5700
* Conductivity SN = 2164
* Number of Bytes Per Scan = 41
* Number of Voltage Words = 4
* Number of Scans Averaged by the Deck Unit = 1
* NMEA Latitude = 48 33.24 N
* NMEA Longitude = 009 55.75 W
* NMEA UTC (Time) = May 02 2022  18:08:10
* NMEA baud rate = 9600
** Ship: RRS James Cook
** Cruise: JC231
** Cast: 001
** Event:
** Station: 001
** Julian Day: 122
** Time (GMT): 18:05
** Latitude: 48 33.239' N
** Longitude: 009 55.746' W
** Depth (uncorrected m): 1900m
** Principal Scientist: Dr Susan Hartman
** Operator:  TP / JG
# nquan = 15
# nvalues = 3755                        
# units = specified
# name 0 = timeS: Time, Elapsed [seconds]
# name 1 = scan: Scan Count
# name 2 = prDM: Pressure, Digiquartz [db]
# name 3 = t090C: Temperature [ITS-90, deg C]
# name 4 = t190C: Temperature, 2 [ITS-90, deg C]
# name 5 = c0S/m: Conductivity [S/m]
# name 6 = c1S/m: Conductivity, 2 [S/m]
# name 7 = latitude: Latitude [deg]
# name 8 = longitude: Longitude [deg]
# name 9 = sbeox0ML/L: Oxygen, SBE 43 [ml/l]
# name 10 = sbeox1ML/L: Oxygen, SBE 43, 2 [ml/l]
# name 11 = depSM: Depth [salt water, m], lat = 48.554
# name 12 = sal00: Salinity, Practical [PSU]
# name 13 = sal11: Salinity, Practical, 2 [PSU]
# name 14 = flag: flag
# span 0 =    253.451,   7787.755       
# span 1 =       6084,     186907       
# span 2 =      1.000,   1878.000       
# span 3 =     4.2936,    14.4658       
# span 4 =     4.2973,    13.9151       
# span 5 =   3.369016,   4.312767       
# span 6 =   3.369838,   4.296226       
# span 7 =   48.55398,   48.55400       
# span 8 =   -9.92912,   -9.92908       
# span 9 =     4.0282,     6.0667       
# span 10 =     4.2167,     6.2027      
# span 11 =      0.992,   1853.816      
# span 12 =    34.1387,    36.4663      
# span 13 =    33.6476,    36.3507      
# span 14 = 0.0000e+00, 0.0000e+00      
# interval = decibars: 1                
# start_time = May 02 2022 18:08:11 [System UTC, first data scan.]
# bad_flag = -9.990e-29
*END*
[from data line 3374]
   6087.828     146109    381.000    10.9103    10.9109   3.960858   3.961435   48.55398   -9.92912     4.9828     5.0539    377.436    35.4832    35.4883 0.0000e+00
   6088.803     146132    380.000    10.9101    10.9106   3.960794   3.961354   48.55398   -9.92911     4.9806     5.0537    376.446    35.4832    35.4883 0.0000e+00
   6089.783     146156    379.000    10.9096    10.9104   3.960703   3.961277   48.55398   -9.92910     4.9786     5.0548    375.456    35.4831    35.4881 0.0000e+00
   6090.774     146180    378.000    10.9092    10.9106   3.960597   3.961235   48.55399   -9.92910     4.9788     5.0558    374.467    35.4830    35.4879 0.0000e+00
   6091.774     146204    377.000    10.9089    10.9114   3.960506   3.961235   48.55400   -9.92910     4.9790     5.0554    373.477    35.4828    35.4876 0.0000e+00
   6092.778     146228    376.000    10.9086    10.9128   3.960429   3.961320   48.55400   -9.92910     4.9790     5.0540    372.487    35.4827    35.4876 0.0000e+00
   6093.777     146252    375.000    10.9087    10.9132   3.960371   3.961371   48.55400   -9.92910     4.9786     5.0535    371.497    35.4825    35.4882 0.0000e+00
   6094.766     146275    374.000    10.9091    10.9129   3.960354   3.961301   48.55399   -9.92910     4.9782     5.0552    370.508    35.4824    35.4882 0.0000e+00
   6095.748     146299    373.000    10.9098    10.9137   3.960370   3.961279   48.55398   -9.92910     4.9772     5.0567    369.518    35.4823    35.4877 0.0000e+00
   6096.725     146322    372.000    10.9112    10.9152   3.960430   3.961375   48.55398   -9.92910     4.9799     5.0567    368.528    35.4820    35.4876 0.0000e+00
   6097.704     146346    371.000    10.9129    10.9161   3.960560   3.961456   48.55398   -9.92910     4.9856     5.0559    367.538    35.4821    35.4880 0.0000e+00
   6098.684     146369    370.000    10.9142    10.9166   3.960668   3.961470   48.55398   -9.92910     4.9881     5.0561    366.548    35.4824    35.4881 0.0000e+00
   6099.665     146393    369.000    10.9152    10.9173   3.960736   3.961485   48.55398   -9.92910     4.9862     5.0587    365.559    35.4825    35.4880 0.0000e+00
   6100.651     146417    368.000    10.9160    10.9176   3.960780   3.961482   48.55398   -9.92910     4.9855     5.0612    364.569    35.4827    35.4881 0.0000e+00
   6101.641     146440    367.000    10.9166    10.9178   3.960792   3.961450   48.55398   -9.92910     4.9878     5.0619    363.579    35.4827    35.4881 0.0000e+00
   6102.637     146464    366.000    10.9170    10.9179   3.960787   3.961395   48.55398   -9.92910     4.9894     5.0623    362.589    35.4827    35.4879 0.0000e+00
   6103.634     146488    365.000    10.9172    10.9180   3.960753   3.961313   48.55398   -9.92910     4.9861     5.0614    361.599    35.4826    35.4874 0.0000e+00
   6104.629     146512    364.000    10.9174    10.9187   3.960693   3.961266   48.55399   -9.92910     4.9812     5.0575    360.610    35.4822    35.4867 0.0000e+00
   6105.619     146536    363.000    10.9178    10.9201   3.960639   3.961307   48.55399   -9.92910     4.9807     5.0551    359.620    35.4817    35.4862 0.0000e+00
   6106.600     146559    362.000    10.9188    10.9222   3.960639   3.961419   48.55400   -9.92910     4.9833     5.0586    358.630    35.4812    35.4858 0.0000e+00
   6107.579     146583    361.000    10.9202    10.9252   3.960696   3.961618   48.55399   -9.92910     4.9875     5.0658    357.640    35.4809    35.4853 0.0000e+00
   6108.569     146607    360.000    10.9219    10.9304   3.960799   3.961983   48.55398   -9.92910     4.9933     5.0715    356.650    35.4807    35.4844 0.0000e+00
   6109.597     146631    359.000    10.9247    10.9376   3.960984   3.962566   48.55398   -9.92910     4.9977     5.0734    355.660    35.4803    35.4837 0.0000e+00
   6110.709     146658    358.000    10.9275    10.9471   3.961247   3.963371   48.55398   -9.92910     4.9989     5.0766    354.671    35.4807    35.4830 0.0000e+00
   6111.953     146688    357.000    10.9315    10.9563   3.961502   3.964292   48.55398   -9.92910     5.0000     5.0851    353.681    35.4798    35.4838 0.0000e+00
   6113.389     146722    356.000    10.9415    10.9586   3.962260   3.964747   48.55398   -9.92910     5.0059     5.0939    352.691    35.4782    35.4865 0.0000e+00
   6115.129     146764    355.000    10.9511    10.9449   3.963284   3.963875   48.55398   -9.92910     5.0210     5.0925    351.701    35.4797    35.4916 0.0000e+00
   6117.424     146819    354.000    10.9371    10.9240   3.962490   3.961730   48.55398   -9.92910     5.0198     5.0711    350.711    35.4857    35.4907 0.0000e+00
   6732.325     161577    353.000    10.9316    10.9314   3.961724   3.962147   48.55398   -9.92912     4.9975     5.0680    349.721    35.4838    35.4882 0.0000e+00
   6875.534     165014    352.000    10.9344    10.9412   3.961794   3.962756   48.55398   -9.92912     4.9969     5.0775    348.731    35.4821    35.4853 0.0000e+00
   6877.374     165058    351.000    10.9465    10.9669   3.962601   3.964661   48.55398   -9.92912     5.0041     5.0928    347.742    35.4791    35.4800 0.0000e+00
   6878.866     165094    350.000    10.9680    10.9939   3.964287   3.967272   48.55398   -9.92911     5.0171     5.1129    346.752    35.4756    35.4805 0.0000e+00
   6880.167     165125    349.000    10.9872    11.0075   3.966118   3.968812   48.55398   -9.92911     5.0336     5.1258    345.762    35.4758    35.4832 0.0000e+00
   6881.336     165153    348.000    11.0014    11.0145   3.967576   3.969553   48.55398   -9.92911     5.0442     5.1303    344.772    35.4771    35.4842 0.0000e+00
   6882.407     165179    347.000    11.0100    11.0190   3.968497   3.970008   48.55398   -9.92912     5.0499     5.1306    343.782    35.4785    35.4849 0.0000e+00
   6883.415     165203    346.000    11.0153    11.0218   3.969076   3.970296   48.55398   -9.92912     5.0561     5.1296    342.792    35.4796    35.4855 0.0000e+00
   6884.396     165227    345.000    11.0186    11.0240   3.969426   3.970490   48.55398   -9.92912     5.0584     5.1313    341.802    35.4804    35.4858 0.0000e+00
   6885.375     165250    344.000    11.0208    11.0252   3.969639   3.970617   48.55398   -9.92912     5.0580     5.1344    340.812    35.4809    35.4863 0.0000e+00
   6886.356     165274    343.000    11.0225    11.0261   3.969787   3.970671   48.55398   -9.92912     5.0600     5.1356    339.822    35.4811    35.4864 0.0000e+00
   6887.337     165297    342.000    11.0238    11.0269   3.969886   3.970718   48.55398   -9.92912     5.0618     5.1359    338.832    35.4813    35.4866 0.0000e+00
   6888.320     165321    341.000    11.0249    11.0278   3.969962   3.970756   48.55398   -9.92912     5.0641     5.1389    337.843    35.4814    35.4866 0.0000e+00
   6889.306     165344    340.000    11.0260    11.0287   3.970031   3.970800   48.55398   -9.92912     5.0638     5.1416    336.853    35.4815    35.4866 0.0000e+00
   6890.294     165368    339.000    11.0270    11.0295   3.970087   3.970836   48.55398   -9.92912     5.0628     5.1434    335.863    35.4816    35.4866 0.0000e+00
   6891.285     165392    338.000    11.0279    11.0301   3.970135   3.970858   48.55398   -9.92911     5.0625     5.1432    334.873    35.4816    35.4867 0.0000e+00
   6892.273     165416    337.000    11.0288    11.0310   3.970174   3.970878   48.55398   -9.92911     5.0635     5.1418    333.883    35.4816    35.4865 0.0000e+00
   6893.251     165439    336.000    11.0297    11.0323   3.970213   3.970939   48.55398   -9.92911     5.0660     5.1417    332.893    35.4816    35.4863 0.0000e+00
   6894.218     165462    335.000    11.0308    11.0340   3.970260   3.971035   48.55398   -9.92912     5.0674     5.1420    331.903    35.4814    35.4861 0.0000e+00
   6895.181     165485    334.000    11.0321    11.0361   3.970334   3.971159   48.55398   -9.92912     5.0666     5.1416    330.913    35.4813    35.4857 0.0000e+00
   6896.149     165509    333.000    11.0338    11.0394   3.970431   3.971367   48.55398   -9.92912     5.0671     5.1424    329.923    35.4811    35.4850 0.0000e+00
   6897.130     165532    332.000    11.0359    11.0431   3.970557   3.971681   48.55398   -9.92912     5.0705     5.1444    328.933    35.4808    35.4850 0.0000e+00
   6898.123     165556    331.000    11.0391    11.0456   3.970762   3.971912   48.55398   -9.92912     5.0749     5.1481    327.943    35.4802    35.4855 0.0000e+00
   6899.121     165580    330.000    11.0422    11.0473   3.971022   3.972047   48.55398   -9.92912     5.0798     5.1542    326.953    35.4803    35.4856 0.0000e+00
   6900.118     165604    329.000    11.0448    11.0492   3.971241   3.972164   48.55398   -9.92912     5.0823     5.1589    325.963    35.4804    35.4853 0.0000e+00
   6901.105     165628    328.000    11.0469    11.0515   3.971411   3.972317   48.55398   -9.92911     5.0798     5.1609    324.973    35.4805    35.4851 0.0000e+00
   6902.084     165651    327.000    11.0488    11.0540   3.971550   3.972487   48.55398   -9.92911     5.0759     5.1615    323.983    35.4805    35.4848 0.0000e+00
   6903.055     165674    326.000    11.0508    11.0574   3.971682   3.972721   48.55398   -9.92911     5.0766     5.1617    322.993    35.4803    35.4843 0.0000e+00
   6904.025     165698    325.000    11.0537    11.0607   3.971858   3.973000   48.55398   -9.92912     5.0832     5.1637    322.003    35.4797    35.4844 0.0000e+00
   6905.000     165721    324.000    11.0575    11.0644   3.972140   3.973264   48.55398   -9.92912     5.0906     5.1677    321.013    35.4793    35.4839 0.0000e+00
   6905.983     165745    323.000    11.0619    11.0706   3.972469   3.973688   48.55398   -9.92912     5.0970     5.1731    320.023    35.4788    35.4826 0.0000e+00
   6906.974     165768    322.000    11.0674    11.0788   3.972892   3.974351   48.55398   -9.92912     5.1025     5.1801    319.033    35.4782    35.4818 0.0000e+00
   6907.966     165792    321.000    11.0741    11.0865   3.973414   3.975085   48.55398   -9.92912     5.1067     5.1869    318.043    35.4774    35.4821 0.0000e+00
   6908.955     165816    320.000    11.0811    11.0929   3.974021   3.975696   48.55398   -9.92912     5.1104     5.1922    317.053    35.4772    35.4825 0.0000e+00
   6909.943     165840    319.000    11.0876    11.0998   3.974616   3.976305   48.55398   -9.92912     5.1152     5.1944    316.063    35.4773    35.4824 0.0000e+00
   6910.935     165863    318.000    11.0940    11.1073   3.975216   3.977018   48.55398   -9.92912     5.1192     5.1967    315.073    35.4775    35.4827 0.0000e+00
   6911.928     165887    317.000    11.1006    11.1133   3.975816   3.977670   48.55398   -9.92912     5.1217     5.1991    314.083    35.4776    35.4839 0.0000e+00
   6912.917     165911    316.000    11.1069    11.1177   3.976448   3.978129   48.55399   -9.92912     5.1223     5.1967    313.093    35.4783    35.4847 0.0000e+00
   6913.906     165935    315.000    11.1120    11.1217   3.976972   3.978513   48.55400   -9.92912     5.1246     5.1932    312.103    35.4791    35.4851 0.0000e+00
   6914.896     165959    314.000    11.1161    11.1244   3.977394   3.978830   48.55400   -9.92912     5.1282     5.1956    311.113    35.4797    35.4860 0.0000e+00
   6915.888     165982    313.000    11.1194    11.1259   3.977734   3.978986   48.55400   -9.92912     5.1311     5.1990    310.123    35.4804    35.4866 0.0000e+00
   6916.879     166006    312.000    11.1221    11.1270   3.977995   3.979069   48.55400   -9.92912     5.1319     5.2031    309.133    35.4809    35.4868 0.0000e+00
   6917.864     166030    311.000    11.1243    11.1284   3.978200   3.979151   48.55399   -9.92912     5.1298     5.2089    308.143    35.4812    35.4867 0.0000e+00
   6918.845     166053    310.000    11.1263    11.1305   3.978371   3.979295   48.55398   -9.92912     5.1262     5.2119    307.153    35.4815    35.4866 0.0000e+00
   6919.829     166077    309.000    11.1283    11.1329   3.978530   3.979487   48.55398   -9.92912     5.1255     5.2114    306.162    35.4816    35.4867 0.0000e+00
   6920.821     166101    308.000    11.1305    11.1355   3.978703   3.979690   48.55399   -9.92912     5.1271     5.2099    305.172    35.4816    35.4866 0.0000e+00
   6921.818     166125    307.000    11.1330    11.1395   3.978897   3.979972   48.55400   -9.92912     5.1278     5.2076    304.182    35.4816    35.4860 0.0000e+00
   6922.816     166149    306.000    11.1365    11.1469   3.979154   3.980494   48.55400   -9.92912     5.1299     5.2075    303.192    35.4812    35.4846 0.0000e+00
   6923.807     166172    305.000    11.1426    11.1612   3.979584   3.981540   48.55400   -9.92912     5.1343     5.2119    302.202    35.4800    35.4817 0.0000e+00
   6924.789     166196    304.000    11.1542    11.1851   3.980408   3.983543   48.55400   -9.92912     5.1378     5.2215    301.212    35.4775    35.4790 0.0000e+00
   6925.767     166219    303.000    11.1732    11.2089   3.981997   3.986129   48.55400   -9.92912     5.1443     5.2368    300.222    35.4756    35.4823 0.0000e+00
   6926.745     166243    302.000    11.1932    11.2300   3.984062   3.988396   48.55400   -9.92912     5.1555     5.2529    299.232    35.4772    35.4850 0.0000e+00
   6927.731     166267    301.000    11.2117    11.2486   3.986041   3.990522   48.55400   -9.92912     5.1682     5.2656    298.242    35.4796    35.4886 0.0000e+00
   6928.722     166290    300.000    11.2293    11.2613   3.987910   3.992158   48.55400   -9.92912     5.1802     5.2727    297.252    35.4818    35.4932 0.0000e+00
   6929.712     166314    299.000    11.2449    11.2681   3.989660   3.993122   48.55400   -9.92912     5.1910     5.2792    296.262    35.4845    35.4967 0.0000e+00
   6930.699     166338    298.000    11.2579    11.2709   3.991181   3.993549   48.55400   -9.92911     5.2018     5.2853    295.271    35.4876    35.4987 0.0000e+00
   6931.686     166361    297.000    11.2652    11.2722   3.992209   3.993708   48.55400   -9.92911     5.2107     5.2856    294.281    35.4913    35.4994 0.0000e+00
   6932.680     166385    296.000    11.2691    11.2731   3.992733   3.993800   48.55400   -9.92910     5.2130     5.2820    293.291    35.4932    35.4999 0.0000e+00
   6933.677     166409    295.000    11.2709    11.2734   3.992985   3.993825   48.55400   -9.92911     5.2111     5.2789    292.301    35.4944    35.5004 0.0000e+00
   6934.670     166433    294.000    11.2716    11.2736   3.993076   3.993823   48.55400   -9.92912     5.2096     5.2769    291.311    35.4951    35.5006 0.0000e+00
   6935.657     166457    293.000    11.2720    11.2738   3.993096   3.993814   48.55400   -9.92912     5.2075     5.2773    290.321    35.4953    35.5007 0.0000e+00
   6936.634     166480    292.000    11.2724    11.2741   3.993105   3.993807   48.55400   -9.92912     5.2063     5.2805    289.330    35.4955    35.5008 0.0000e+00
   6937.611     166504    291.000    11.2729    11.2746   3.993124   3.993809   48.55400   -9.92912     5.2068     5.2859    288.340    35.4956    35.5008 0.0000e+00
   6938.596     166527    290.000    11.2734    11.2752   3.993139   3.993830   48.55400   -9.92912     5.2083     5.2912    287.350    35.4958    35.5008 0.0000e+00
   6939.596     166551    289.000    11.2738    11.2757   3.993142   3.993855   48.55400   -9.92911     5.2089     5.2912    286.360    35.4958    35.5011 0.0000e+00
   6940.598     166575    288.000    11.2743    11.2757   3.993154   3.993832   48.55400   -9.92911     5.2080     5.2880    285.370    35.4959    35.5013 0.0000e+00
   6941.591     166599    287.000    11.2746    11.2755   3.993156   3.993782   48.55400   -9.92910     5.2075     5.2857    284.380    35.4961    35.5015 0.0000e+00
