Data_example/SBE_Data_Processed/JC231/SeaBird/Data/Processed/JC231_CTD_007c.ros
* Sea-Bird SBE 9 Data File:
* FileName = C:\Users\sandm\Documents\Cruises\JC231\CTD Data\CTD Raw Data\JC231_CTD_007.hex
* Software Version Seasave V 7.26.7.121
* Temperature SN = 5700
* Conductivity SN = 2164
* Number of Bytes Per Scan = 41
* Number of Voltage Words = 4
* Number of Scans Averaged by the Deck Unit = 1
* NMEA Latitude = 48 56.85 N
* NMEA Longitude = 016 28.41 W
* NMEA UTC (Time) = May 11 2022  08:20:42
* NMEA baud rate = 9600
** Ship: RRS James Cook
** Cruise: JC231
** Cast: 007
** Event:
** Station:
** Julian Day: 131
** Time (GMT): 08:20
** Latitude: 48 56.853' N
** Longitude: 16 28.413' W
** Depth (uncorrected m): 4806m
** Principal Scientist: Dr Susan Hartman
** Operator:  TP / JG
# nquan = 13
# nvalues = 1176                                  
# units = specified
# name 0 = timeS: Time, Elapsed [seconds]
# name 1 = scan: Scan Count
# name 2 = prDM: Pressure, Digiquartz [db]
# name 3 = t090C: Temperature [ITS-90, deg C]
# name 4 = t190C: Temperature, 2 [ITS-90, deg C]
# name 5 = c0S/m: Conductivity [S/m]
# name 6 = c1S/m: Conductivity, 2 [S/m]
# name 7 = latitude: Latitude [deg]
# name 8 = longitude: Longitude [deg]
# name 9 = sbeox0ML/L: Oxygen, SBE 43 [ml/l]
# name 10 = sbeox1ML/L: Oxygen, SBE 43, 2 [ml/l]
# name 11 = nbf: Bottles Fired
# name 12 = flag:  0.000e+00
# interval = seconds: 0.0416667
# start_time = May 11 2022 08:20:43 [System UTC, first data scan.]
# bad_flag = -9.990e-29
*END*
[from data line 889]
  12604.667     302513    200.386    11.7426    11.7436   4.036427   4.036829   48.94746  -16.47354     5.6033     5.5964         19  0.000e+00
  12604.708     302514    200.386    11.7424    11.7435   4.036361   4.036836   48.94746  -16.47354     5.6069     5.5968         19  0.000e+00
  12604.750     302515    200.521    11.7421    11.7438   4.036335   4.036836   48.94746  -16.47354     5.6071     5.6006         19  0.000e+00
  12604.792     302516    200.291    11.7422    11.7435   4.036335   4.036836   48.94746  -16.47356     5.6070     5.5971         19  0.000e+00
  12604.833     302517    200.494    11.7421    11.7436   4.036309   4.036836   48.94746  -16.47356     5.6075     5.5972         19  0.000e+00
  12604.875     302518    200.196    11.7419    11.7435   4.036355   4.036836   48.94746  -16.47356     5.6073     5.5970         19  0.000e+00
  12604.917     302519    200.588    11.7418    11.7437   4.036374   4.036830   48.94746  -16.47356     5.6077     5.5972         19  0.000e+00
  12604.958     302520    200.291    11.7418    11.7436   4.036341   4.036856   48.94746  -16.47356     5.6075     5.5970         19  0.000e+00
  12605.000     302521    200.413    11.7418    11.7433   4.036361   4.036843   48.94746  -16.47356     5.6044     5.5971         19  0.000e+00
  12605.042     302522    200.494    11.7417    11.7436   4.036315   4.036836   48.94746  -16.47356     5.6042     5.5971         19  0.000e+00
  12605.083     302523    200.385    11.7418    11.7435   4.036322   4.036836   48.94746  -16.47356     5.6039     5.6007         19  0.000e+00
  12605.125     302524    200.494    11.7418    11.7434   4.036361   4.036836   48.94746  -16.47356     5.6038     5.5974         19  0.000e+00
  12605.167     302525    200.291    11.7415    11.7435   4.036341   4.036836   48.94746  -16.47356     5.6069     5.6009         19  0.000e+00
  12605.208     302526    200.494    11.7418    11.7434   4.036309   4.036830   48.94746  -16.47356     5.6036     5.6014         19  0.000e+00
  12605.250     302527    200.385    11.7416    11.7433   4.036322   4.036803   48.94746  -16.47356     5.6064     5.6016         19  0.000e+00
  12605.292     302528    200.412    11.7416    11.7434   4.036335   4.036797   48.94746  -16.47356     5.6065     5.6019         19  0.000e+00
  12605.333     302529    200.494    11.7417    11.7433   4.036335   4.036823   48.94746  -16.47356     5.6065     5.6022         19  0.000e+00
  12605.375     302530    200.291    11.7416    11.7434   4.036335   4.036777   48.94746  -16.47356     5.6029     5.5986         19  0.000e+00
  12605.417     302531    200.385    11.7418    11.7432   4.036335   4.036784   48.94746  -16.47356     5.6026     5.5986         19  0.000e+00
  12605.458     302532    200.385    11.7415    11.7432   4.036309   4.036797   48.94746  -16.47356     5.6024     5.6022         19  0.000e+00
  12605.500     302533    200.494    11.7416    11.7430   4.036302   4.036771   48.94746  -16.47356     5.6021     5.6026         19  0.000e+00
  12605.542     302534    200.318    11.7415    11.7434   4.036322   4.036764   48.94746  -16.47356     5.6052     5.6026         19  0.000e+00
  12605.583     302535    200.493    11.7418    11.7432   4.036335   4.036784   48.94746  -16.47356     5.6015     5.6030         19  0.000e+00
  12605.625     302536    200.385    11.7415    11.7429   4.036309   4.036797   48.94746  -16.47356     5.6012     5.5994         19  0.000e+00
  12605.667     302537    200.385    11.7418    11.7430   4.036302   4.036771   48.94746  -16.47356     5.6008     5.5992         19  0.000e+00
  12605.708     302538    200.385    11.7416    11.7429   4.036302   4.036764   48.94746  -16.47356     5.6008     5.5991         19  0.000e+00
  12605.750     302539    200.588    11.7418    11.7428   4.036322   4.036732   48.94746  -16.47356     5.6006     5.5991         19  0.000e+00
  12605.792     302540    200.291    11.7418    11.7429   4.036335   4.036777   48.94746  -16.47356     5.6004     5.5987         19  0.000e+00
  12605.833     302541    200.520    11.7416    11.7427   4.036335   4.036771   48.94746  -16.47356     5.6003     5.5987         19  0.000e+00
  12605.875     302542    200.493    11.7418    11.7427   4.036309   4.036732   48.94746  -16.47356     5.6002     5.5985         19  0.000e+00
  12605.917     302543    200.385    11.7418    11.7428   4.036322   4.036725   48.94746  -16.47356     5.5999     5.5983         19  0.000e+00
  12605.958     302544    200.588    11.7418    11.7429   4.036309   4.036751   48.94746  -16.47356     5.5963     5.5983         19  0.000e+00
  12606.000     302545    200.385    11.7419    11.7428   4.036302   4.036758   48.94746  -16.47356     5.5993     5.5980         19  0.000e+00
  12606.042     302546    200.588    11.7418    11.7429   4.036322   4.036758   48.94746  -16.47356     5.5995     5.5979         19  0.000e+00
  12606.083     302547    200.412    11.7418    11.7430   4.036309   4.036764   48.94746  -16.47356     5.5957     5.5976         19  0.000e+00
  12606.125     302548    200.493    11.7416    11.7431   4.036322   4.036764   48.94746  -16.47356     5.5990     5.5938         19  0.000e+00
  12606.167     302549    200.385    11.7420    11.7428   4.036335   4.036764   48.94746  -16.47356     5.5986     5.5970         19  0.000e+00
  12606.208     302550    200.588    11.7418    11.7429   4.036361   4.036784   48.94746  -16.47356     5.5989     5.5970         19  0.000e+00
  12606.250     302551    200.385    11.7418    11.7430   4.036341   4.036797   48.94746  -16.47356     5.6022     5.5967         19  0.000e+00
  12606.292     302552    200.493    11.7417    11.7432   4.036309   4.036764   48.94746  -16.47356     5.5989     5.5966         19  0.000e+00
  12606.333     302553    200.696    11.7419    11.7432   4.036302   4.036784   48.94746  -16.47356     5.5991     5.5966         19  0.000e+00
  12606.375     302554    200.412    11.7418    11.7432   4.036322   4.036797   48.94746  -16.47356     5.6025     5.5962         19  0.000e+00
  12864.292     308744     53.721    12.6662    12.6827   4.125751   4.127654   48.94748  -16.47356     5.9507     5.9270         20  0.000e+00
  12864.333     308745     54.153    12.6665    12.6816   4.125744   4.127595   48.94748  -16.47356     5.9511     5.9242         20  0.000e+00
  12864.375     308746     54.220    12.6664    12.6810   4.125704   4.127529   48.94748  -16.47356     5.9512     5.9243         20  0.000e+00
  12864.417     308747     53.842    12.6667    12.6802   4.125777   4.127456   48.94748  -16.47356     5.9510     5.9277         20  0.000e+00
  12864.458     308748     53.910    12.6665    12.6797   4.125804   4.127470   48.94748  -16.47356     5.9511     5.9246         20  0.000e+00
  12864.500     308749     54.112    12.6662    12.6789   4.125824   4.127424   48.94748  -16.47356     5.9511     5.9250         20  0.000e+00
  12864.542     308750     54.153    12.6669    12.6783   4.125837   4.127456   48.94748  -16.47356     5.9509     5.9249         20  0.000e+00
  12864.583     308751     53.910    12.6675    12.6779   4.125890   4.127417   48.94748  -16.47356     5.9504     5.9281         20  0.000e+00
  12864.625     308752     54.045    12.6678    12.6780   4.125851   4.127377   48.94748  -16.47356     5.9506     5.9284         20  0.000e+00
  12864.667     308753     54.112    12.6675    12.6775   4.125837   4.127285   48.94748  -16.47356     5.9507     5.9287         20  0.000e+00
  12864.708     308754     53.910    12.6670    12.6765   4.125837   4.127120   48.94748  -16.47356     5.9509     5.9292         20  0.000e+00
  12864.750     308755     54.153    12.6670    12.6757   4.125864   4.127002   48.94748  -16.47356     5.9511     5.9297         20  0.000e+00
  12864.792     308756     54.018    12.6672    12.6753   4.125797   4.126890   48.94748  -16.47356     5.9511     5.9299         20  0.000e+00
  12864.833     308757     54.018    12.6672    12.6747   4.125791   4.126863   48.94748  -16.47356     5.9545     5.9303         20  0.000e+00
  12864.875     308758     54.153    12.6672    12.6743   4.125778   4.126804   48.94748  -16.47356     5.9515     5.9310         20  0.000e+00
  12864.917     308759     54.112    12.6670    12.6738   4.125738   4.126745   48.94748  -16.47356     5.9516     5.9313         20  0.000e+00
  12864.958     308760     53.950    12.6670    12.6731   4.125758   4.126718   48.94748  -16.47356     5.9482     5.9312         20  0.000e+00
  12865.000     308761     54.112    12.6670    12.6732   4.125791   4.126745   48.94748  -16.47356     5.9514     5.9316         20  0.000e+00
  12865.042     308762     54.112    12.6670    12.6730   4.125804   4.126758   48.94748  -16.47356     5.9512     5.9320         20  0.000e+00
  12865.083     308763     54.045    12.6670    12.6728   4.125804   4.126725   48.94748  -16.47356     5.9510     5.9323         20  0.000e+00
  12865.125     308764     54.018    12.6670    12.6727   4.125804   4.126745   48.94748  -16.47356     5.9510     5.9326         20  0.000e+00
  12865.167     308765     54.153    12.6675    12.6731   4.125831   4.126863   48.94748  -16.47356     5.9511     5.9329         20  0.000e+00
  12865.208     308766     54.018    12.6675    12.6745   4.125864   4.126956   48.94748  -16.47356     5.9477     5.9292         20  0.000e+00
  12865.250     308767     54.112    12.6675    12.6758   4.125877   4.127055   48.94748  -16.47356     5.9509     5.9288         20  0.000e+00
  12865.292     308768     54.045    12.6678    12.6761   4.125877   4.127081   48.94748  -16.47356     5.9509     5.9324         20  0.000e+00
  12865.333     308769     54.112    12.6678    12.6761   4.125877   4.127055   48.94748  -16.47356     5.9510     5.9328         20  0.000e+00
  12865.375     308770     54.153    12.6682    12.6762   4.125930   4.127022   48.94748  -16.47356     5.9510     5.9294         20  0.000e+00
  12865.417     308771     54.018    12.6680    12.6761   4.125864   4.126956   48.94748  -16.47356     5.9443     5.9327         20  0.000e+00
  12865.458     308772     54.220    12.6680    12.6765   4.125864   4.126910   48.94748  -16.47356     5.9474     5.9294         20  0.000e+00
  12865.500     308773     53.950    12.6678    12.6761   4.125897   4.126923   48.94748  -16.47356     5.9468     5.9290         20  0.000e+00
  12865.542     308774     54.112    12.6680    12.6756   4.125884   4.126962   48.94748  -16.47356     5.9434     5.9290         20  0.000e+00
  12865.583     308775     54.153    12.6682    12.6751   4.125877   4.127028   48.94748  -16.47356     5.9464     5.9289         20  0.000e+00
  12865.625     308776     54.220    12.6682    12.6747   4.125877   4.126962   48.94748  -16.47356     5.9427     5.9288         20  0.000e+00
  12865.667     308777     53.910    12.6685    12.6746   4.125930   4.126909   48.94748  -16.47356     5.9421     5.9288         20  0.000e+00
  12865.708     308778     54.045    12.6685    12.6747   4.125917   4.126817   48.94748  -16.47356     5.9419     5.9291         20  0.000e+00
  12865.750     308779     54.220    12.6682    12.6741   4.125910   4.126844   48.94748  -16.47356     5.9417     5.9292         20  0.000e+00
  12865.792     308780     54.045    12.6682    12.6740   4.125937   4.126837   48.94750  -16.47356     5.9413     5.9290         20  0.000e+00
  12865.833     308781     54.112    12.6680    12.6738   4.125917   4.126771   48.94750  -16.47356     5.9411     5.9290         20  0.000e+00
  12865.875     308782     54.018    12.6680    12.6738   4.125884   4.126817   48.94750  -16.47356     5.9407     5.9286         20  0.000e+00
  12865.917     308783     54.152    12.6680    12.6737   4.125817   4.126857   48.94750  -16.47356     5.9404     5.9286         20  0.000e+00
  12865.958     308784     54.017    12.6678    12.6739   4.125857   4.126863   48.94750  -16.47356     5.9398     5.9284         20  0.000e+00
  12866.000     308785     54.112    12.6678    12.6745   4.125877   4.126863   48.94750  -16.47356     5.9363     5.9284         20  0.000e+00
  12866.042     308786     54.152    12.6677    12.6743   4.125877   4.126969   48.94750  -16.47356     5.9326     5.9284         20  0.000e+00
  12866.083     308787     53.909    12.6677    12.6744   4.125877   4.127008   48.94750  -16.47356     5.9318     5.9282         20  0.000e+00
  12866.125     308788     54.247    12.6678    12.6742   4.125877   4.126949   48.94750  -16.47356     5.9348     5.9285         20  0.000e+00
  12866.167     308789     54.017    12.6677    12.6747   4.125897   4.126989   48.94750  -16.47356     5.9310     5.9283         20  0.000e+00
  12866.208     308790     54.112    12.6675    12.6748   4.125910   4.127035   48.94750  -16.47356     5.9305     5.9281         20  0.000e+00
  12866.250     308791     54.152    12.6677    12.6748   4.125937   4.127068   48.94750  -16.47356     5.9301     5.9281         20  0.000e+00
  12866.292     308792     54.017    12.6677    12.6750   4.125917   4.127101   48.94750  -16.47356     5.9262     5.9281         20  0.000e+00
  12959.458     311028     43.410    13.3666    13.3704   4.195103   4.196298   48.94750  -16.47358     5.9844     5.9585         21  0.000e+00
  12959.500     311029     43.869    13.3681    13.3704   4.195083   4.196265   48.94750  -16.47358     5.9912     5.9621         21  0.000e+00
  12959.542     311030     43.869    13.3688    13.3701   4.195056   4.196139   48.94750  -16.47358     5.9880     5.9623         21  0.000e+00
  12959.583     311031     43.869    13.3697    13.3689   4.195103   4.196106   48.94750  -16.47358     5.9879     5.9625         21  0.000e+00
  12959.625     311032     43.720    13.3700    13.3687   4.195203   4.196079   48.94750  -16.47358     5.9876     5.9588         21  0.000e+00
  12959.667     311033     43.774    13.3714    13.3691   4.195471   4.196126   48.94750  -16.47358     5.9873     5.9583         21  0.000e+00
  12959.708     311034     43.869    13.3736    13.3691   4.195825   4.196252   48.94750  -16.47358     5.9869     5.9579         21  0.000e+00
  12959.750     311035     43.774    13.3754    13.3701   4.196240   4.196398   48.94750  -16.47358     5.9866     5.9610         21  0.000e+00
  12959.792     311036     44.017    13.3775    13.3720   4.196488   4.196517   48.94750  -16.47358     5.9896     5.9574         21  0.000e+00
  12959.833     311037     43.774    13.3790    13.3731   4.196568   4.196603   48.94750  -16.47358     5.9925     5.9601         21  0.000e+00
  12959.875     311038     43.869    13.3800    13.3739   4.196408   4.196643   48.94750  -16.47358     5.9894     5.9600         21  0.000e+00
  12959.917     311039     43.909    13.3790    13.3746   4.196046   4.196597   48.94750  -16.47358     5.9900     5.9598         21  0.000e+00
  12959.958     311040     43.976    13.3760    13.3747   4.195625   4.196690   48.94750  -16.47358     5.9911     5.9597         21  0.000e+00
  12960.000     311041     43.868    13.3711    13.3758   4.195130   4.196889   48.94750  -16.47358     5.9915     5.9593         21  0.000e+00
  12960.042     311042     43.774    13.3661    13.3771   4.194708   4.197147   48.94750  -16.47358     5.9886     5.9589         21  0.000e+00
  12960.083     311043     44.017    13.3616    13.3788   4.194474   4.197453   48.94750  -16.47358     5.9923     5.9591         21  0.000e+00
  12960.125     311044     43.976    13.3593    13.3800   4.194347   4.197638   48.94750  -16.47358     5.9923     5.9590         21  0.000e+00
  12960.167     311045     43.868    13.3560    13.3811   4.194213   4.197652   48.94750  -16.47358     5.9958     5.9588         21  0.000e+00
  12960.208     311046     43.868    13.3536    13.3823   4.194093   4.197665   48.94750  -16.47358     5.9965     5.9620         21  0.000e+00
  12960.250     311047     44.017    13.3532    13.3836   4.194253   4.197618   48.94750  -16.47358     5.9967     5.9622         21  0.000e+00
