Data_example/SBE_Data_Processed/JC231/SeaBird/Data/Processed/JC231_CTD_005c.ros
* Sea-Bird SBE 9 Data File:
* FileName = C:\Users\sandm\Documents\Cruises\JC231\CTD Data\CTD Raw Data\JC231_CTD_005.hex
* Software Version Seasave V 7.26.7.121
* Temperature SN = 5700
* Conductivity SN = 2164
* Number of Bytes Per Scan = 41
* Number of Voltage Words = 4
* Number of Scans Averaged by the Deck Unit = 1
* NMEA Latitude = 49 00.32 N
* NMEA Longitude = 016 30.09 W
* NMEA UTC (Time) = May 08 2022  12:24:49
* NMEA baud rate = 9600
** Ship: RRS James Cook
** Cruise: JC231
** Cast: 005
** Event:
** Station:
** Julian Day: 128
** Time (GMT): 12:25
** Latitude: 49 0.322' N
** Longitude: 16 30.094' W
** Depth (uncorrected m): 4802m
** Principal Scientist: Dr Susan Hartman
** Operator:  TP / DXC
# nquan = 13
# nvalues = 1029                                  
# units = specified
# name 0 = timeS: Time, Elapsed [seconds]
# name 1 = scan: Scan Count
# name 2 = prDM: Pressure, Digiquartz [db]
# name 3 = t090C: Temperature [ITS-90, deg C]
# name 4 = t190C: Temperature, 2 [ITS-90, deg C]
# name 5 = c0S/m: Conductivity [S/m]
# name 6 = c1S/m: Conductivity, 2 [S/m]
# name 7 = latitude: Latitude [deg]
# name 8 = longitude: Longitude [deg]
# name 9 = sbeox0ML/L: Oxygen, SBE 43 [ml/l]
# name 10 = sbeox1ML/L: Oxygen, SBE 43, 2 [ml/l]
# name 11 = nbf: Bottles Fired
# name 12 = flag:  0.000e+00
# interval = seconds: 0.0416667
# start_time = May 08 2022 12:24:50 [System UTC, first data scan.]
# bad_flag = -9.990e-29
*END*
[from data line 112]
   7182.958     172392   4070.324     2.5355     2.5377   3.281651   3.282336   49.00510  -16.50182     5.2859     5.4102          3  0.000e+00
   7183.000     172393   4070.212     2.5355     2.5374   3.281657   3.282300   49.00510  -16.50182     5.2857     5.4119          3  0.000e+00
   7183.042     172394   4070.535     2.5355     2.5372   3.281639   3.282264   49.00510  -16.50182     5.2858     5.4138          3  0.000e+00
   7183.083     172395   4070.423     2.5353     2.5372   3.281633   3.282300   49.00510  -16.50182     5.2856     5.4054          3  0.000e+00
   7183.125     172396   4070.213     2.5354     2.5372   3.281639   3.282300   49.00510  -16.50182     5.2887     5.4043          3  0.000e+00
   7183.167     172397   4070.325     2.5352     2.5371   3.281657   3.282288   49.00510  -16.50182     5.2888     5.4035          3  0.000e+00
   7183.208     172398   4070.423     2.5353     2.5371   3.281621   3.282288   49.00510  -16.50182     5.2889     5.4027          3  0.000e+00
   7183.250     172399   4070.451     2.5352     2.5369   3.281608   3.282288   49.00510  -16.50182     5.2889     5.4018          3  0.000e+00
   7183.292     172400   4070.213     2.5350     2.5371   3.281651   3.282288   49.00510  -16.50182     5.2888     5.4007          3  0.000e+00
   7183.333     172401   4070.325     2.5353     2.5369   3.281620   3.282288   49.00510  -16.50182     5.2888     5.4024          3  0.000e+00
   7183.375     172402   4070.325     2.5356     2.5369   3.281627   3.282288   49.00510  -16.50182     5.2995     5.4016          3  0.000e+00
   7183.417     172403   4070.325     2.5352     2.5371   3.281675   3.282288   49.00510  -16.50182     5.2919     5.4033          3  0.000e+00
   7183.458     172404   4070.325     2.5356     2.5369   3.281693   3.282312   49.00510  -16.50182     5.2917     5.4026          3  0.000e+00
   7183.500     172405   4070.423     2.5355     2.5369   3.281651   3.282270   49.00510  -16.50182     5.2917     5.4020          3  0.000e+00
   7183.542     172406   4070.325     2.5355     2.5367   3.281681   3.282300   49.00510  -16.50182     5.2915     5.4012          3  0.000e+00
   7183.583     172407   4070.213     2.5353     2.5371   3.281645   3.282294   49.00510  -16.50182     5.2913     5.4102          3  0.000e+00
   7183.625     172408   4070.325     2.5355     2.5371   3.281681   3.282288   49.00510  -16.50182     5.2912     5.4021          3  0.000e+00
   7183.667     172409   4070.423     2.5353     2.5371   3.281627   3.282312   49.00510  -16.50182     5.2946     5.4013          3  0.000e+00
   7183.708     172410   4070.101     2.5354     2.5369   3.281651   3.282270   49.00510  -16.50182     5.2944     5.4101          3  0.000e+00
   7183.750     172411   4070.423     2.5353     2.5371   3.281639   3.282258   49.00510  -16.50182     5.2946     5.4021          3  0.000e+00
   7183.792     172412   4070.213     2.5353     2.5367   3.281657   3.282258   49.00510  -16.50182     5.2944     5.4010          3  0.000e+00
   7183.833     172413   4070.325     2.5355     2.5367   3.281669   3.282276   49.00510  -16.50182     5.2911     5.4028          3  0.000e+00
   7183.875     172414   4070.424     2.5355     2.5369   3.281669   3.282306   49.00510  -16.50182     5.2910     5.4020          3  0.000e+00
   7183.917     172415   4070.101     2.5353     2.5371   3.281687   3.282300   49.00510  -16.50182     5.2799     5.4009          3  0.000e+00
   7183.958     172416   4070.326     2.5353     2.5369   3.281675   3.282264   49.00510  -16.50182     5.2876     5.4003          3  0.000e+00
   7184.000     172417   4070.214     2.5353     2.5371   3.281687   3.282276   49.00510  -16.50182     5.2767     5.4019          3  0.000e+00
   7184.042     172418   4070.326     2.5354     2.5371   3.281651   3.282288   49.00510  -16.50182     5.2737     5.3915          3  0.000e+00
   7184.083     172419   4070.326     2.5353     2.5371   3.281633   3.282312   49.00510  -16.50182     5.2707     5.3982          3  0.000e+00
   7184.125     172420   4070.102     2.5355     2.5371   3.281657   3.282294   49.00510  -16.50182     5.2784     5.3974          3  0.000e+00
   7184.167     172421   4070.424     2.5353     2.5371   3.281669   3.282288   49.00510  -16.50182     5.2683     5.3971          3  0.000e+00
   7184.208     172422   4070.102     2.5355     2.5371   3.281669   3.282288   49.00510  -16.50182     5.2761     5.3962          3  0.000e+00
   7184.250     172423   4070.326     2.5353     2.5369   3.281687   3.282270   49.00510  -16.50182     5.2768     5.3958          3  0.000e+00
   7184.292     172424   4070.326     2.5353     2.5367   3.281651   3.282234   49.00510  -16.50182     5.2773     5.3952          3  0.000e+00
   7184.333     172425   4070.214     2.5354     2.5367   3.281657   3.282246   49.00510  -16.50182     5.2778     5.4043          3  0.000e+00
   7184.375     172426   4070.214     2.5355     2.5369   3.281669   3.282258   49.00510  -16.50182     5.2783     5.4060          3  0.000e+00
   7527.417     180659   3817.069     2.5715     2.5731   3.276585   3.277134   49.00508  -16.50184     5.3085     5.4174          4  0.000e+00
   7527.458     180660   3817.390     2.5717     2.5731   3.276561   3.277146   49.00508  -16.50184     5.2982     5.4195          4  0.000e+00
   7527.500     180661   3817.502     2.5715     2.5729   3.276543   3.277134   49.00508  -16.50184     5.2980     5.4192          4  0.000e+00
   7527.542     180662   3817.181     2.5715     2.5729   3.276525   3.277164   49.00508  -16.50184     5.2977     5.4186          4  0.000e+00
   7527.583     180663   3817.292     2.5717     2.5731   3.276537   3.277164   49.00508  -16.50184     5.2977     5.4183          4  0.000e+00
   7527.625     180664   3817.293     2.5717     2.5731   3.276543   3.277158   49.00508  -16.50184     5.3049     5.4179          4  0.000e+00
   7527.667     180665   3817.390     2.5717     2.5731   3.276525   3.277134   49.00508  -16.50184     5.2978     5.4176          4  0.000e+00
   7527.708     180666   3817.181     2.5717     2.5732   3.276555   3.277128   49.00508  -16.50184     5.3048     5.4194          4  0.000e+00
   7527.750     180667   3817.391     2.5719     2.5732   3.276573   3.277170   49.00508  -16.50184     5.3080     5.4193          4  0.000e+00
   7527.792     180668   3817.181     2.5715     2.5732   3.276555   3.277164   49.00508  -16.50184     5.3109     5.4188          4  0.000e+00
   7527.833     180669   3817.391     2.5717     2.5731   3.276567   3.277134   49.00508  -16.50184     5.3140     5.4187          4  0.000e+00
   7527.875     180670   3817.293     2.5720     2.5731   3.276573   3.277146   49.00508  -16.50184     5.3169     5.4184          4  0.000e+00
   7527.917     180671   3817.069     2.5717     2.5731   3.276573   3.277176   49.00508  -16.50184     5.3166     5.4179          4  0.000e+00
   7527.958     180672   3817.391     2.5719     2.5732   3.276549   3.277140   49.00508  -16.50184     5.3166     5.4179          4  0.000e+00
   7528.000     180673   3817.391     2.5715     2.5731   3.276567   3.277128   49.00508  -16.50184     5.3194     5.4176          4  0.000e+00
   7528.042     180674   3817.293     2.5715     2.5729   3.276549   3.277170   49.00508  -16.50184     5.3189     5.4079          4  0.000e+00
   7528.083     180675   3817.181     2.5715     2.5731   3.276543   3.277140   49.00508  -16.50184     5.3183     5.4148          4  0.000e+00
   7528.125     180676   3817.293     2.5715     2.5729   3.276543   3.277128   49.00508  -16.50184     5.3209     5.4147          4  0.000e+00
   7528.167     180677   3817.391     2.5715     2.5731   3.276543   3.277170   49.00508  -16.50184     5.3133     5.4145          4  0.000e+00
   7528.208     180678   3817.293     2.5717     2.5729   3.276543   3.277140   49.00508  -16.50184     5.3230     5.4143          4  0.000e+00
   7528.250     180679   3817.293     2.5717     2.5732   3.276567   3.277146   49.00508  -16.50184     5.3225     5.4141          4  0.000e+00
   7528.292     180680   3817.293     2.5717     2.5729   3.276592   3.277152   49.00508  -16.50184     5.3117     5.4139          4  0.000e+00
   7528.333     180681   3817.293     2.5717     2.5731   3.276561   3.277158   49.00508  -16.50184     5.3214     5.4137          4  0.000e+00
   7528.375     180682   3817.293     2.5717     2.5729   3.276567   3.277134   49.00508  -16.50184     5.3035     5.4135          4  0.000e+00
   7528.417     180683   3817.293     2.5719     2.5731   3.276592   3.277146   49.00508  -16.50184     5.3104     5.4157          4  0.000e+00
   7528.458     180684   3817.391     2.5719     2.5728   3.276561   3.277134   49.00508  -16.50184     5.3206     5.4250          4  0.000e+00
   7528.500     180685   3817.182     2.5720     2.5732   3.276567   3.277128   49.00508  -16.50184     5.3099     5.4175          4  0.000e+00
   7528.542     180686   3817.294     2.5717     2.5729   3.276573   3.277128   49.00508  -16.50184     5.3099     5.4175          4  0.000e+00
   7528.583     180687   3817.392     2.5720     2.5731   3.276573   3.277170   49.00508  -16.50184     5.3170     5.4173          4  0.000e+00
   7528.625     180688   3817.336     2.5720     2.5729   3.276573   3.277134   49.00508  -16.50184     5.3199     5.4171          4  0.000e+00
   7528.667     180689   3817.182     2.5719     2.5728   3.276598   3.277170   49.00508  -16.50184     5.3226     5.4262          4  0.000e+00
   7528.708     180690   3817.294     2.5720     2.5730   3.276579   3.277140   49.00508  -16.50184     5.3256     5.4189          4  0.000e+00
   7528.750     180691   3817.294     2.5721     2.5731   3.276573   3.277104   49.00508  -16.50184     5.3182     5.4186          4  0.000e+00
   7528.792     180692   3817.392     2.5719     2.5731   3.276573   3.277140   49.00508  -16.50184     5.3285     5.4207          4  0.000e+00
   7528.833     180693   3817.182     2.5720     2.5729   3.276598   3.277134   49.00508  -16.50184     5.3314     5.4204          4  0.000e+00
   7528.875     180694   3817.294     2.5721     2.5731   3.276555   3.277146   49.00508  -16.50184     5.3313     5.4202          4  0.000e+00
   7528.917     180695   3817.294     2.5719     2.5731   3.276567   3.277158   49.00508  -16.50184     5.3311     5.4224          4  0.000e+00
   7528.958     180696   3817.392     2.5721     2.5731   3.276549   3.277176   49.00508  -16.50184     5.3308     5.4224          4  0.000e+00
   7529.000     180697   3817.182     2.5719     2.5729   3.276567   3.277164   49.00508  -16.50184     5.3301     5.4315          4  0.000e+00
   7529.042     180698   3817.294     2.5719     2.5729   3.276549   3.277158   49.00508  -16.50184     5.3327     5.4243          4  0.000e+00
   7529.083     180699   3817.294     2.5720     2.5729   3.276543   3.277134   49.00508  -16.50184     5.3321     5.4241          4  0.000e+00
   7529.125     180700   3817.294     2.5717     2.5729   3.276567   3.277128   49.00508  -16.50184     5.3212     5.4239          4  0.000e+00
   7529.167     180701   3817.294     2.5720     2.5728   3.276549   3.277146   49.00508  -16.50184     5.3276     5.4331          4  0.000e+00
   7529.208     180702   3817.294     2.5717     2.5731   3.276586   3.277110   49.00508  -16.50184     5.3165     5.4257          4  0.000e+00
   7529.250     180703   3817.294     2.5719     2.5731   3.276586   3.277116   49.00508  -16.50184     5.3260     5.4254          4  0.000e+00
   7529.292     180704   3817.183     2.5719     2.5729   3.276573   3.277122   49.00508  -16.50184     5.3148     5.4251          4  0.000e+00
   7529.333     180705   3817.295     2.5717     2.5729   3.276573   3.277122   49.00508  -16.50184     5.3244     5.4342          4  0.000e+00
   7529.375     180706   3817.295     2.5720     2.5729   3.276573   3.277128   49.00508  -16.50184     5.3235     5.4361          4  0.000e+00
   7529.417     180707   3817.071     2.5720     2.5731   3.276573   3.277146   49.00508  -16.50184     5.3121     5.4376          4  0.000e+00
   7890.250     189367   3559.402     2.6482     2.6489   3.274853   3.275396   49.00510  -16.50184     5.3665     5.4692          5  0.000e+00
   7890.292     189368   3559.192     2.6483     2.6489   3.274853   3.275390   49.00510  -16.50184     5.3700     5.4676          5  0.000e+00
   7890.333     189369   3559.625     2.6482     2.6488   3.274871   3.275384   49.00510  -16.50184     5.3699     5.4665          5  0.000e+00
   7890.375     189370   3559.193     2.6483     2.6487   3.274883   3.275384   49.00510  -16.50184     5.3691     5.4648          5  0.000e+00
   7890.417     189371   3559.193     2.6483     2.6489   3.274883   3.275384   49.00510  -16.50184     5.3590     5.4633          5  0.000e+00
   7890.458     189372   3559.290     2.6483     2.6487   3.274883   3.275384   49.00510  -16.50184     5.3656     5.4619          5  0.000e+00
   7890.500     189373   3559.402     2.6483     2.6486   3.274859   3.275384   49.00510  -16.50184     5.3654     5.4694          5  0.000e+00
   7890.542     189374   3559.402     2.6483     2.6489   3.274871   3.275384   49.00510  -16.50184     5.3650     5.4632          5  0.000e+00
   7890.583     189375   3559.291     2.6483     2.6487   3.274859   3.275384   49.00510  -16.50184     5.3618     5.4705          5  0.000e+00
   7890.625     189376   3559.402     2.6484     2.6487   3.274895   3.275426   49.00510  -16.50184     5.3489     5.4711          5  0.000e+00
   7890.667     189377   3559.291     2.6484     2.6491   3.274889   3.275396   49.00510  -16.50184     5.3553     5.4736          5  0.000e+00
   7890.708     189378   3559.193     2.6483     2.6488   3.274883   3.275408   49.00510  -16.50184     5.3451     5.4739          5  0.000e+00
   7890.750     189379   3559.402     2.6484     2.6489   3.274883   3.275438   49.00510  -16.50184     5.3422     5.4744          5  0.000e+00
   7890.792     189380   3559.402     2.6483     2.6491   3.274901   3.275420   49.00510  -16.50184     5.3489     5.4658          5  0.000e+00
   7890.833     189381   3559.291     2.6484     2.6491   3.274889   3.275432   49.00510  -16.50184     5.3485     5.4660          5  0.000e+00
   7890.875     189382   3559.291     2.6484     2.6492   3.274901   3.275444   49.00510  -16.50184     5.3358     5.4753          5  0.000e+00
   7890.917     189383   3559.291     2.6485     2.6492   3.274889   3.275444   49.00510  -16.50184     5.3329     5.4756          5  0.000e+00
   7890.958     189384   3559.403     2.6483     2.6496   3.274901   3.275444   49.00510  -16.50184     5.3398     5.4671          5  0.000e+00
   7891.000     189385   3559.291     2.6484     2.6496   3.274865   3.275444   49.00510  -16.50184     5.3396     5.4762          5  0.000e+00
   7891.042     189386   3559.403     2.6483     2.6497   3.274871   3.275444   49.00510  -16.50184     5.3395     5.4786          5  0.000e+00
   7891.083     189387   3559.403     2.6484     2.6496   3.274859   3.275462   49.00510  -16.50184     5.3491     5.4789          5  0.000e+00
   7891.125     189388   3559.291     2.6483     2.6496   3.274895   3.275450   49.00510  -16.50184     5.3515     5.4790          5  0.000e+00
   7891.167     189389   3559.403     2.6483     2.6496   3.274889   3.275444   49.00510  -16.50184     5.3540     5.4813          5  0.000e+00
   7891.208     189390   3559.403     2.6484     2.6496   3.274901   3.275444   49.00510  -16.50184     5.3369     5.4725          5  0.000e+00
   7891.250     189391   3559.292     2.6483     2.6496   3.274889   3.275420   49.00510  -16.50184     5.3434     5.4815          5  0.000e+00
   7891.292     189392   3559.292     2.6484     2.6494   3.274859   3.275438   49.00510  -16.50184     5.3431     5.4727          5  0.000e+00
