Data_example/SBE_Data_Processed/JC231/SeaBird/Data/Processed/JC231_CTD_006cfaldb.cnv
* Sea-Bird SBE 9 Data File:
* FileName = C:\Users\sandm\Documents\Cruises\JC231\CTD Data\CTD Raw Data\JC231_CTD_006.hex
* Software Version Seasave V 7.26.7.121
* Temperature SN = 5700
* Conductivity SN = 2164
* Number of Bytes Per Scan = 41
* Number of Voltage Words = 4
* Number of Scans Averaged by the Deck Unit = 1
* NMEA Latitude = 48 59.89 N
* NMEA Longitude = 016 27.00 W
* NMEA UTC (Time) = May 10 2022  15:27:45
* NMEA baud rate = 9600
** Ship: RRS James Cook
** Cruise: JC231
** Cast: 006
** Event:
** Station:
** Julian Day: 130
** Time (GMT): 15:30
** Latitude: 48 59.892' N
** Longitude: 16 27.004' W
** Depth (uncorrected m): 4806m
** Principal Scientist: Dr Susan Hartman
** Operator:  TP / JG
# nquan = 15
# nvalues = 2026                        
# units = specified
# name 0 = timeS: Time, Elapsed [seconds]
# name 1 = scan: Scan Count
# name 2 = prDM: Pressure, Digiquartz [db]
# name 3 = t090C: Temperature [ITS-90, deg C]
# name 4 = t190C: Temperature, 2 [ITS-90, deg C]
# name 5 = c0S/m: Conductivity [S/m]
# name 6 = c1S/m: Conductivity, 2 [S/m]
# name 7 = latitude: Latitude [deg]
# name 8 = longitude: Longitude [deg]
# name 9 = sbeox0ML/L: Oxygen, SBE 43 [ml/l]
# name 10 = sbeox1ML/L: Oxygen, SBE 43, 2 [ml/l]
# name 11 = depSM: Depth [salt water, m], lat = 48.9982
# name 12 = sal00: Salinity, Practical [PSU]
# name 13 = sal11: Salinity, Practical, 2 [PSU]
# name 14 = flag: flag
# span 0 =    687.209,   6515.422       
# span 1 =      16494,     156371       
# span 2 =      1.000,   1014.000       
# span 3 =     7.4803,    13.9105       
# span 4 =     7.4847,    13.9136       
# span 5 =   3.643881,   4.247297       
# span 6 =   3.644501,   4.247864       
# span 7 =   48.99794,   49.00697       
# span 8 =  -16.45956,  -16.45001       
# span 9 =     4.1729,     5.9313       
# span 10 =     4.2432,     6.0029      
# span 11 =      0.991,   1002.950      
# span 12 =    30.5994,    35.6839      
# span 13 =    33.4187,    35.6882      
# span 14 = 0.0000e+00, 0.0000e+00      
# interval = decibars: 1                
# start_time = May 10 2022 15:27:47 [System UTC, first data scan.]
# bad_flag = -9.990e-29
*END*
[from data line 290]
   1348.025      32354    291.000    11.4256    11.4275   4.007391   4.007870   48.99817  -16.45003     5.3132     5.3881    288.329    35.4905    35.4934 0.0000e+00
   1349.044      32378    292.000    11.4243    11.4262   4.007242   4.007729   48.99818  -16.45004     5.3183     5.3971    289.319    35.4898    35.4928 0.0000e+00
   1350.041      32402    293.000    11.4244    11.4261   4.007270   4.007742   48.99818  -16.45004     5.3190     5.3987    290.309    35.4895    35.4925 0.0000e+00
   1351.010      32425    294.000    11.4253    11.4267   4.007419   4.007850   48.99818  -16.45004     5.3202     5.3940    291.299    35.4897    35.4926 0.0000e+00
   1351.967      32448    295.000    11.4262    11.4277   4.007599   4.008014   48.99818  -16.45004     5.3240     5.3924    292.289    35.4902    35.4929 0.0000e+00
   1352.928      32471    296.000    11.4266    11.4285   4.007751   4.008202   48.99818  -16.45004     5.3269     5.3966    293.279    35.4909    35.4935 0.0000e+00
   1353.896      32495    297.000    11.4264    11.4285   4.007845   4.008322   48.99817  -16.45004     5.3220     5.3960    294.269    35.4915    35.4942 0.0000e+00
   1354.867      32518    298.000    11.4260    11.4281   4.007880   4.008369   48.99817  -16.45004     5.3105     5.3854    295.259    35.4918    35.4946 0.0000e+00
   1355.838      32541    299.000    11.4256    11.4277   4.007902   4.008393   48.99818  -16.45004     5.2994     5.3745    296.249    35.4919    35.4948 0.0000e+00
   1356.825      32565    300.000    11.4252    11.4273   4.007927   4.008420   48.99818  -16.45004     5.2917     5.3704    297.240    35.4921    35.4950 0.0000e+00
   1357.833      32589    301.000    11.4246    11.4266   4.007935   4.008427   48.99818  -16.45004     5.2863     5.3671    298.230    35.4924    35.4953 0.0000e+00
   1358.848      32613    302.000    11.4236    11.4257   4.007907   4.008404   48.99818  -16.45004     5.2810     5.3594    299.220    35.4926    35.4955 0.0000e+00
   1359.850      32637    303.000    11.4218    11.4240   4.007824   4.008326   48.99818  -16.45004     5.2766     5.3500    300.210    35.4930    35.4960 0.0000e+00
   1360.831      32661    304.000    11.4196    11.4218   4.007673   4.008175   48.99818  -16.45004     5.2684     5.3384    301.200    35.4932    35.4961 0.0000e+00
   1361.800      32684    305.000    11.4170    11.4192   4.007480   4.007985   48.99818  -16.45003     5.2473     5.3192    302.190    35.4934    35.4963 0.0000e+00
   1362.772      32708    306.000    11.4126    11.4149   4.007181   4.007685   48.99818  -16.45003     5.2234     5.2986    303.180    35.4942    35.4970 0.0000e+00
   1363.752      32731    307.000    11.4053    11.4077   4.006573   4.007090   48.99818  -16.45004     5.2180     5.2995    304.170    35.4948    35.4975 0.0000e+00
   1364.742      32755    308.000    11.3969    11.3994   4.005720   4.006251   48.99818  -16.45004     5.2505     5.3364    305.160    35.4939    35.4967 0.0000e+00
   1365.735      32779    309.000    11.3904    11.3931   4.004945   4.005485   48.99818  -16.45004     5.3134     5.3964    306.150    35.4920    35.4948 0.0000e+00
   1366.716      32802    310.000    11.3859    11.3886   4.004381   4.004953   48.99818  -16.45004     5.3667     5.4473    307.140    35.4903    35.4934 0.0000e+00
   1367.691      32826    311.000    11.3827    11.3852   4.004006   4.004564   48.99818  -16.45005     5.3970     5.4719    308.130    35.4893    35.4924 0.0000e+00
   1368.665      32849    312.000    11.3796    11.3818   4.003676   4.004209   48.99818  -16.45006     5.4098     5.4783    309.120    35.4884    35.4916 0.0000e+00
   1369.642      32872    313.000    11.3767    11.3786   4.003372   4.003853   48.99818  -16.45006     5.4112     5.4809    310.110    35.4879    35.4908 0.0000e+00
   1370.623      32896    314.000    11.3729    11.3742   4.003042   4.003485   48.99818  -16.45006     5.4100     5.4830    311.100    35.4878    35.4909 0.0000e+00
   1371.598      32919    315.000    11.3663    11.3668   4.002499   4.002828   48.99818  -16.45006     5.4076     5.4804    312.090    35.4883    35.4910 0.0000e+00
   1372.565      32943    316.000    11.3601    11.3610   4.001757   4.002085   48.99818  -16.45006     5.4025     5.4765    313.080    35.4864    35.4887 0.0000e+00
   1373.539      32966    317.000    11.3569    11.3580   4.001342   4.001719   48.99818  -16.45005     5.3969     5.4756    314.070    35.4849    35.4876 0.0000e+00
   1374.529      32990    318.000    11.3528    11.3534   4.001101   4.001445   48.99818  -16.45005     5.3939     5.4735    315.060    35.4860    35.4889 0.0000e+00
   1375.544      33014    319.000    11.3470    11.3475   4.000565   4.000837   48.99818  -16.45004     5.3919     5.4678    316.050    35.4858    35.4881 0.0000e+00
   1376.561      33038    320.000    11.3433    11.3447   4.000047   4.000425   48.99818  -16.45004     5.3850     5.4611    317.040    35.4838    35.4862 0.0000e+00
   1377.566      33063    321.000    11.3428    11.3449   3.999916   4.000384   48.99818  -16.45005     5.3757     5.4580    318.030    35.4825    35.4852 0.0000e+00
   1378.555      33086    322.000    11.3455    11.3479   4.000174   4.000710   48.99818  -16.45006     5.3731     5.4588    319.020    35.4821    35.4851 0.0000e+00
   1379.545      33110    323.000    11.3493    11.3516   4.000715   4.001268   48.99818  -16.45007     5.3818     5.4691    320.010    35.4834    35.4866 0.0000e+00
   1380.532      33134    324.000    11.3524    11.3545   4.001253   4.001779   48.99818  -16.45007     5.4009     5.4852    321.000    35.4852    35.4884 0.0000e+00
   1381.503      33157    325.000    11.3536    11.3555   4.001631   4.002119   48.99818  -16.45008     5.4207     5.5000    321.990    35.4874    35.4904 0.0000e+00
   1382.458      33180    326.000    11.3528    11.3547   4.001705   4.002182   48.99818  -16.45008     5.4306     5.5085    322.980    35.4885    35.4914 0.0000e+00
   1383.408      33203    327.000    11.3518    11.3540   4.001660   4.002153   48.99818  -16.45008     5.4289     5.5073    323.970    35.4885    35.4914 0.0000e+00
   1384.375      33226    328.000    11.3507    11.3530   4.001623   4.002138   48.99818  -16.45007     5.4224     5.5027    324.960    35.4888    35.4917 0.0000e+00
   1385.363      33250    329.000    11.3477    11.3503   4.001460   4.002000   48.99818  -16.45007     5.4157     5.5027    325.950    35.4896    35.4925 0.0000e+00
   1386.364      33274    330.000    11.3427    11.3453   4.001028   4.001581   48.99818  -16.45006     5.3996     5.4874    326.940    35.4896    35.4927 0.0000e+00
   1387.369      33298    331.000    11.3371    11.3391   4.000470   4.000974   48.99818  -16.45006     5.3666     5.4429    327.930    35.4891    35.4921 0.0000e+00
   1388.374      33322    332.000    11.3317    11.3335   3.999890   4.000353   48.99818  -16.45006     5.3224     5.3906    328.920    35.4880    35.4909 0.0000e+00
   1389.382      33346    333.000    11.3269    11.3286   3.999368   3.999823   48.99818  -16.45006     5.2808     5.3523    329.910    35.4870    35.4899 0.0000e+00
   1390.385      33370    334.000    11.3229    11.3246   3.998936   3.999398   48.99818  -16.45006     5.2541     5.3334    330.900    35.4862    35.4891 0.0000e+00
   1391.376      33394    335.000    11.3195    11.3213   3.998580   3.999042   48.99818  -16.45006     5.2431     5.3267    331.889    35.4855    35.4883 0.0000e+00
   1392.355      33418    336.000    11.3173    11.3192   3.998324   3.998798   48.99818  -16.45007     5.2419     5.3292    332.879    35.4846    35.4875 0.0000e+00
   1393.326      33441    337.000    11.3161    11.3178   3.998212   3.998688   48.99818  -16.45007     5.2471     5.3343    333.869    35.4842    35.4872 0.0000e+00
   1394.290      33464    338.000    11.3145    11.3162   3.998123   3.998587   48.99818  -16.45008     5.2517     5.3400    334.859    35.4844    35.4874 0.0000e+00
   1395.256      33487    339.000    11.3124    11.3141   3.997969   3.998429   48.99818  -16.45008     5.2535     5.3447    335.849    35.4845    35.4874 0.0000e+00
   1396.226      33510    340.000    11.3101    11.3116   3.997789   3.998240   48.99818  -16.45008     5.2564     5.3474    336.839    35.4845    35.4875 0.0000e+00
   1397.206      33534    341.000    11.3070    11.3085   3.997555   3.997983   48.99818  -16.45008     5.2645     5.3497    337.829    35.4846    35.4874 0.0000e+00
   1398.197      33558    342.000    11.3032    11.3045   3.997259   3.997685   48.99818  -16.45008     5.2714     5.3503    338.819    35.4848    35.4879 0.0000e+00
   1399.191      33582    343.000    11.2972    11.2981   3.996807   3.997191   48.99818  -16.45008     5.2684     5.3449    339.809    35.4858    35.4887 0.0000e+00
   1400.180      33605    344.000    11.2897    11.2909   3.996094   3.996455   48.99818  -16.45008     5.2532     5.3323    340.798    35.4854    35.4879 0.0000e+00
   1401.160      33629    345.000    11.2845    11.2862   3.995454   3.995881   48.99818  -16.45007     5.2354     5.3157    341.788    35.4836    35.4863 0.0000e+00
   1402.140      33652    346.000    11.2804    11.2820   3.995035   3.995478   48.99818  -16.45006     5.2251     5.3016    342.778    35.4830    35.4858 0.0000e+00
   1403.128      33676    347.000    11.2765    11.2783   3.994630   3.995076   48.99818  -16.45006     5.2197     5.2930    343.768    35.4822    35.4849 0.0000e+00
   1404.127      33700    348.000    11.2736    11.2755   3.994325   3.994801   48.99818  -16.45007     5.2144     5.2890    344.758    35.4816    35.4845 0.0000e+00
   1405.127      33724    349.000    11.2704    11.2723   3.994061   3.994537   48.99818  -16.45007     5.2084     5.2849    345.748    35.4815    35.4844 0.0000e+00
   1406.124      33748    350.000    11.2678    11.2696   3.993817   3.994280   48.99818  -16.45008     5.2035     5.2793    346.738    35.4812    35.4841 0.0000e+00
   1407.122      33772    351.000    11.2654    11.2670   3.993606   3.994057   48.99818  -16.45009     5.1986     5.2792    347.727    35.4810    35.4838 0.0000e+00
   1408.130      33796    352.000    11.2623    11.2639   3.993373   3.993819   48.99818  -16.45010     5.1941     5.2816    348.717    35.4812    35.4841 0.0000e+00
   1409.143      33820    353.000    11.2566    11.2578   3.992960   3.993367   48.99818  -16.45010     5.1900     5.2758    349.707    35.4821    35.4850 0.0000e+00
   1410.138      33844    354.000    11.2471    11.2478   3.992146   3.992483   48.99818  -16.45009     5.1836     5.2639    350.697    35.4827    35.4854 0.0000e+00
   1411.106      33868    355.000    11.2369    11.2373   3.991065   3.991356   48.99818  -16.45008     5.1728     5.2518    351.687    35.4813    35.4839 0.0000e+00
   1412.063      33891    356.000    11.2268    11.2261   3.990031   3.990278   48.99818  -16.45008     5.1593     5.2408    352.677    35.4803    35.4835 0.0000e+00
   1413.023      33914    357.000    11.2115    11.2081   3.988738   3.988742   48.99818  -16.45007     5.1468     5.2324    353.666    35.4818    35.4850 0.0000e+00
   1414.002      33937    358.000    11.1888    11.1831   3.986472   3.986139   48.99818  -16.45007     5.1365     5.2264    354.656    35.4806    35.4827 0.0000e+00
   1415.011      33961    359.000    11.1688    11.1626   3.983967   3.983398   48.99818  -16.45007     5.1296     5.2218    355.646    35.4744    35.4747 0.0000e+00
   1416.045      33986    360.000    11.1521    11.1497   3.981911   3.981612   48.99818  -16.45008     5.1234     5.2157    356.636    35.4696    35.4689 0.0000e+00
   1417.087      34011    361.000    11.1380    11.1389   3.980093   3.980296   48.99818  -16.45008     5.1146     5.2073    357.626    35.4646    35.4658 0.0000e+00
   1418.113      34036    362.000    11.1316    11.1336   3.978978   3.979407   48.99818  -16.45009     5.1127     5.2000    358.615    35.4593    35.4616 0.0000e+00
   1419.108      34060    363.000    11.1297    11.1321   3.978639   3.979157   48.99818  -16.45010     5.1164     5.1958    359.605    35.4572    35.4600 0.0000e+00
   1420.081      34083    364.000    11.1297    11.1320   3.978631   3.979170   48.99818  -16.45010     5.1223     5.1972    360.595    35.4567    35.4598 0.0000e+00
   1421.051      34106    365.000    11.1304    11.1327   3.978742   3.979281   48.99818  -16.45009     5.1289     5.2032    361.585    35.4567    35.4598 0.0000e+00
   1422.039      34130    366.000    11.1320    11.1344   3.978969   3.979512   48.99818  -16.45008     5.1348     5.2099    362.574    35.4570    35.4601 0.0000e+00
   1423.052      34154    367.000    11.1349    11.1375   3.979318   3.979876   48.99818  -16.45008     5.1383     5.2176    363.564    35.4572    35.4603 0.0000e+00
   1424.073      34179    368.000    11.1398    11.1426   3.979903   3.980509   48.99819  -16.45008     5.1432     5.2268    364.554    35.4579    35.4612 0.0000e+00
   1425.083      34203    369.000    11.1435    11.1458   3.980629   3.981202   48.99820  -16.45008     5.1558     5.2372    365.544    35.4611    35.4646 0.0000e+00
   1426.077      34227    370.000    11.1435    11.1456   3.980948   3.981466   48.99820  -16.45008     5.1717     5.2465    366.534    35.4638    35.4670 0.0000e+00
   1427.063      34251    371.000    11.1420    11.1439   3.980971   3.981458   48.99820  -16.45008     5.1845     5.2590    367.523    35.4651    35.4681 0.0000e+00
   1428.052      34274    372.000    11.1397    11.1417   3.980850   3.981324   48.99819  -16.45008     5.1960     5.2723    368.513    35.4656    35.4684 0.0000e+00
   1429.046      34298    373.000    11.1385    11.1406   3.980730   3.981223   48.99818  -16.45008     5.2068     5.2752    369.503    35.4651    35.4680 0.0000e+00
   1430.049      34322    374.000    11.1384    11.1406   3.980751   3.981259   48.99818  -16.45009     5.2118     5.2759    370.492    35.4650    35.4680 0.0000e+00
   1431.060      34346    375.000    11.1385    11.1407   3.980833   3.981345   48.99818  -16.45010     5.2111     5.2797    371.482    35.4653    35.4683 0.0000e+00
   1432.069      34371    376.000    11.1384    11.1405   3.980917   3.981427   48.99819  -16.45010     5.2066     5.2777    372.472    35.4658    35.4688 0.0000e+00
   1433.070      34395    377.000    11.1369    11.1390   3.980946   3.981443   48.99820  -16.45009     5.2058     5.2849    373.462    35.4670    35.4700 0.0000e+00
   1434.064      34419    378.000    11.1344    11.1363   3.980802   3.981282   48.99820  -16.45008     5.2161     5.3000    374.451    35.4676    35.4705 0.0000e+00
   1435.060      34442    379.000    11.1317    11.1334   3.980589   3.981046   48.99820  -16.45008     5.2266     5.3084    375.441    35.4677    35.4705 0.0000e+00
   1436.064      34467    380.000    11.1289    11.1308   3.980346   3.980812   48.99820  -16.45007     5.2291     5.3089    376.431    35.4674    35.4702 0.0000e+00
   1437.077      34491    381.000    11.1262    11.1281   3.980108   3.980582   48.99820  -16.45006     5.2310     5.3093    377.420    35.4673    35.4701 0.0000e+00
   1438.105      34516    382.000    11.1227    11.1248   3.979830   3.980308   48.99820  -16.45006     5.2345     5.3125    378.410    35.4674    35.4701 0.0000e+00
   1439.131      34540    383.000    11.1187    11.1210   3.979475   3.979976   48.99820  -16.45007     5.2352     5.3161    379.400    35.4673    35.4700 0.0000e+00
   1440.136      34564    384.000    11.1152    11.1174   3.979108   3.979617   48.99820  -16.45008     5.2343     5.3202    380.390    35.4665    35.4695 0.0000e+00
   1441.113      34588    385.000    11.1127    11.1146   3.978859   3.979353   48.99820  -16.45008     5.2391     5.3247    381.379    35.4660    35.4691 0.0000e+00
