Data_example/SBE_Data_Processed/JC231/SeaBird/Data/Processed/JC231_CTD_003c.ros
* Sea-Bird SBE 9 Data File:
* FileName = C:\Users\sandm\Documents\Cruises\JC231\CTD Data\CTD Raw Data\JC231_CTD_003.hex
* Software Version Seasave V 7.26.7.121
* Temperature SN = 5700
* Conductivity SN = 2164
* Number of Bytes Per Scan = 41
* Number of Voltage Words = 4
* Number of Scans Averaged by the Deck Unit = 1
* NMEA Latitude = 48 57.37 N
* NMEA Longitude = 016 23.99 W
* NMEA UTC (Time) = May 05 2022  07:30:20
* NMEA baud rate = 9600
** Ship: RRS James Cook
** Cruise: JC231
** Cast: 003
** Event:
** Station:
** Julian Day: 125
** Time (GMT): 07:30
** Latitude: 48 57.362' N
** Longitude: 16 23.982'' W
** Depth (uncorrected m): 4812m
** Principal Scientist: Dr Susan Hartman
** Operator:  TP / JG
# nquan = 13
# nvalues = 1176                                  
# units = specified
# name 0 = timeS: Time, Elapsed [seconds]
# name 1 = scan: Scan Count
# name 2 = prDM: Pressure, Digiquartz [db]
# name 3 = t090C: Temperature [ITS-90, deg C]
# name 4 = t190C: Temperature, 2 [ITS-90, deg C]
# name 5 = c0S/m: Conductivity [S/m]
# name 6 = c1S/m: Conductivity, 2 [S/m]
# name 7 = latitude: Latitude [deg]
# name 8 = longitude: Longitude [deg]
# name 9 = sbeox0ML/L: Oxygen, SBE 43 [ml/l]
# name 10 = sbeox1ML/L: Oxygen, SBE 43, 2 [ml/l]
# name 11 = nbf: Bottles Fired
# name 12 = flag:  0.000e+00
# interval = seconds: 0.0416667
# start_time = May 05 2022 07:30:21 [System UTC, first data scan.]
# bad_flag = -9.990e-29
*END*
[from data line 667]
   1725.250      41407     52.310    12.2951    12.2924   4.085653   4.085884   48.95622  -16.39992     5.8369     5.9432         14  0.000e+00
   1725.292      41408     52.188    12.2950    12.2926   4.085706   4.085845   48.95622  -16.39992     5.8364     5.9467         14  0.000e+00
   1725.333      41409     52.418    12.2953    12.2927   4.085706   4.085812   48.95622  -16.39992     5.8358     5.9472         14  0.000e+00
   1725.375      41410     52.188    12.2955    12.2924   4.085633   4.085641   48.95622  -16.39992     5.8349     5.9474         14  0.000e+00
   1725.417      41411     52.418    12.2950    12.2926   4.085573   4.085608   48.95622  -16.39992     5.8349     5.9478         14  0.000e+00
   1725.458      41412     52.391    12.2950    12.2926   4.085600   4.085759   48.95622  -16.39992     5.8341     5.9479         14  0.000e+00
   1725.500      41413     52.215    12.2949    12.2924   4.085573   4.085805   48.95622  -16.39992     5.8337     5.9479         14  0.000e+00
   1725.542      41414     52.283    12.2942    12.2926   4.085401   4.085805   48.95622  -16.39992     5.8336     5.9480         14  0.000e+00
   1725.583      41415     52.310    12.2931    12.2924   4.085282   4.085746   48.95622  -16.39992     5.8335     5.9481         14  0.000e+00
   1725.625      41416     52.391    12.2916    12.2919   4.085222   4.085733   48.95622  -16.39992     5.8335     5.9482         14  0.000e+00
   1725.667      41417     52.215    12.2903    12.2919   4.085090   4.085733   48.95622  -16.39992     5.8334     5.9476         14  0.000e+00
   1725.708      41418     52.391    12.2891    12.2917   4.085057   4.085733   48.95622  -16.39992     5.8334     5.9473         14  0.000e+00
   1725.750      41419     52.310    12.2887    12.2915   4.085064   4.085753   48.95622  -16.39992     5.8336     5.9467         14  0.000e+00
   1725.792      41420     52.283    12.2882    12.2917   4.085050   4.085740   48.95622  -16.39992     5.8335     5.9460         14  0.000e+00
   1725.833      41421     52.418    12.2884    12.2916   4.085083   4.085733   48.95622  -16.39992     5.8335     5.9458         14  0.000e+00
   1725.875      41422     52.283    12.2886    12.2916   4.085110   4.085700   48.95622  -16.39992     5.8332     5.9488         14  0.000e+00
   1725.917      41423     52.310    12.2885    12.2916   4.085097   4.085720   48.95622  -16.39992     5.8336     5.9490         14  0.000e+00
   1725.958      41424     52.283    12.2891    12.2917   4.085150   4.085753   48.95622  -16.39992     5.8335     5.9455         14  0.000e+00
   1726.000      41425     52.310    12.2890    12.2914   4.085130   4.085740   48.95622  -16.39992     5.8335     5.9450         14  0.000e+00
   1738.292      41720     51.516    12.2895    12.2926   4.085063   4.085811   48.95622  -16.39992     5.8033     5.9376         15  0.000e+00
   1738.333      41721     51.691    12.2893    12.2928   4.085004   4.085844   48.95622  -16.39992     5.8061     5.9418         15  0.000e+00
   1738.375      41722     51.718    12.2890    12.2926   4.085030   4.085818   48.95622  -16.39992     5.8059     5.9391         15  0.000e+00
   1738.417      41723     51.489    12.2889    12.2924   4.085057   4.085825   48.95622  -16.39992     5.8056     5.9430         15  0.000e+00
   1738.458      41724     51.624    12.2887    12.2926   4.085050   4.085811   48.95622  -16.39992     5.8093     5.9400         15  0.000e+00
   1738.500      41725     51.691    12.2886    12.2930   4.085030   4.085825   48.95622  -16.39992     5.8063     5.9406         15  0.000e+00
   1738.542      41726     51.718    12.2889    12.2928   4.085030   4.085838   48.95622  -16.39992     5.8062     5.9408         15  0.000e+00
   1738.583      41727     51.489    12.2886    12.2927   4.085043   4.085779   48.95622  -16.39992     5.8065     5.9444         15  0.000e+00
   1738.625      41728     51.624    12.2886    12.2926   4.085004   4.085792   48.95622  -16.39992     5.8070     5.9450         15  0.000e+00
   1738.667      41729     51.691    12.2884    12.2924   4.085030   4.085805   48.95622  -16.39992     5.8113     5.9456         15  0.000e+00
   1738.708      41730     51.718    12.2885    12.2924   4.085030   4.085825   48.95622  -16.39992     5.8123     5.9461         15  0.000e+00
   1738.750      41731     51.597    12.2887    12.2922   4.085050   4.085811   48.95622  -16.39992     5.8132     5.9426         15  0.000e+00
   1738.792      41732     51.516    12.2892    12.2922   4.085050   4.085805   48.95622  -16.39992     5.8141     5.9459         15  0.000e+00
   1738.833      41733     51.691    12.2891    12.2926   4.085083   4.085805   48.95622  -16.39992     5.8153     5.9464         15  0.000e+00
   1738.875      41734     51.516    12.2893    12.2924   4.085083   4.085805   48.95622  -16.39992     5.8162     5.9428         15  0.000e+00
   1738.917      41735     51.597    12.2892    12.2924   4.085090   4.085818   48.95622  -16.39992     5.8141     5.9462         15  0.000e+00
   1738.958      41736     51.624    12.2891    12.2924   4.085083   4.085805   48.95622  -16.39992     5.8150     5.9427         15  0.000e+00
   1739.000      41737     51.597    12.2893    12.2926   4.085090   4.085825   48.95622  -16.39992     5.8195     5.9459         15  0.000e+00
   1739.042      41738     51.813    12.2893    12.2926   4.085096   4.085838   48.95622  -16.39992     5.8209     5.9461         15  0.000e+00
   1739.083      41739     51.597    12.2894    12.2924   4.085110   4.085864   48.95622  -16.39992     5.8183     5.9459         15  0.000e+00
   1739.125      41740     51.489    12.2895    12.2924   4.085096   4.085844   48.95622  -16.39992     5.8192     5.9458         15  0.000e+00
   1739.167      41741     51.718    12.2896    12.2924   4.085083   4.085812   48.95622  -16.39992     5.8241     5.9459         15  0.000e+00
   1739.208      41742     51.691    12.2894    12.2921   4.085010   4.085772   48.95622  -16.39992     5.8252     5.9458         15  0.000e+00
   1739.250      41743     51.624    12.2890    12.2924   4.084964   4.085792   48.95622  -16.39992     5.8262     5.9456         15  0.000e+00
   1739.292      41744     51.597    12.2887    12.2922   4.084891   4.085805   48.95622  -16.39992     5.8273     5.9454         15  0.000e+00
   1739.333      41745     51.624    12.2883    12.2924   4.084911   4.085772   48.95622  -16.39992     5.8322     5.9452         15  0.000e+00
   1739.375      41746     51.691    12.2881    12.2924   4.084805   4.085818   48.95622  -16.39992     5.8338     5.9454         15  0.000e+00
   1739.417      41747     51.624    12.2874    12.2922   4.084719   4.085811   48.95622  -16.39992     5.8312     5.9451         15  0.000e+00
   1739.458      41748     51.597    12.2863    12.2922   4.084732   4.085772   48.95622  -16.39992     5.8319     5.9452         15  0.000e+00
   1739.500      41749     51.718    12.2860    12.2922   4.084732   4.085785   48.95622  -16.39992     5.8364     5.9450         15  0.000e+00
   1739.542      41750     51.691    12.2857    12.2922   4.084660   4.085825   48.95622  -16.39992     5.8375     5.9483         15  0.000e+00
   1739.583      41751     51.624    12.2853    12.2922   4.084640   4.085811   48.95622  -16.39992     5.8385     5.9482         15  0.000e+00
   1739.625      41752     51.691    12.2848    12.2922   4.084653   4.085805   48.95622  -16.39992     5.8392     5.9450         15  0.000e+00
   1739.667      41753     51.718    12.2847    12.2922   4.084693   4.085805   48.95622  -16.39992     5.8397     5.9449         15  0.000e+00
   1739.708      41754     51.786    12.2847    12.2924   4.084746   4.085825   48.95622  -16.39992     5.8402     5.9485         15  0.000e+00
   1739.750      41755     51.624    12.2852    12.2928   4.084825   4.085838   48.95622  -16.39992     5.8401     5.9450         15  0.000e+00
   1739.792      41756     51.691    12.2858    12.2926   4.084931   4.085864   48.95622  -16.39992     5.8404     5.9449         15  0.000e+00
   1739.833      41757     51.718    12.2866    12.2930   4.084944   4.085877   48.95622  -16.39992     5.8407     5.9448         15  0.000e+00
   1739.875      41758     51.692    12.2868    12.2932   4.084951   4.085930   48.95622  -16.39992     5.8406     5.9446         15  0.000e+00
   1739.917      41759     51.894    12.2873    12.2935   4.084971   4.085917   48.95622  -16.39992     5.8447     5.9446         15  0.000e+00
   1739.958      41760     51.624    12.2879    12.2933   4.085017   4.085884   48.95622  -16.39992     5.8447     5.9442         15  0.000e+00
   1740.000      41761     51.786    12.2884    12.2933   4.085050   4.085897   48.95622  -16.39992     5.8449     5.9442         15  0.000e+00
   1740.042      41762     51.813    12.2889    12.2936   4.085077   4.085910   48.95622  -16.39992     5.8449     5.9440         15  0.000e+00
   1740.083      41763     51.692    12.2890    12.2934   4.085090   4.085910   48.95622  -16.39992     5.8415     5.9437         15  0.000e+00
   1740.125      41764     51.719    12.2889    12.2936   4.085136   4.085930   48.95622  -16.39992     5.8448     5.9435         15  0.000e+00
   1740.167      41765     51.894    12.2894    12.2935   4.085136   4.085890   48.95622  -16.39992     5.8485     5.9434         15  0.000e+00
   1740.208      41766     51.719    12.2895    12.2935   4.085156   4.085877   48.95622  -16.39992     5.8486     5.9470         15  0.000e+00
   1740.250      41767     51.894    12.2899    12.2935   4.085183   4.085877   48.95622  -16.39992     5.8455     5.9436         15  0.000e+00
   1740.292      41768     51.813    12.2897    12.2932   4.085149   4.085844   48.95622  -16.39992     5.8456     5.9433         15  0.000e+00
   1830.625      43936     31.939    12.8644    12.8556   4.143054   4.142699   48.95622  -16.39992     5.9544     6.0358         16  0.000e+00
   1830.667      43937     31.939    12.8644    12.8557   4.143047   4.142798   48.95622  -16.39992     5.9546     6.0328         16  0.000e+00
   1830.708      43938     31.979    12.8638    12.8561   4.143040   4.142857   48.95622  -16.39992     5.9580     6.0330         16  0.000e+00
   1830.750      43939     31.736    12.8634    12.8566   4.142987   4.142963   48.95622  -16.39992     5.9543     6.0326         16  0.000e+00
   1830.792      43940     31.831    12.8628    12.8571   4.142914   4.143009   48.95622  -16.39992     5.9545     6.0325         16  0.000e+00
   1830.833      43941     31.939    12.8619    12.8573   4.142954   4.143082   48.95622  -16.39992     5.9542     6.0362         16  0.000e+00
   1830.875      43942     31.871    12.8625    12.8582   4.142974   4.143088   48.95622  -16.39992     5.9540     6.0365         16  0.000e+00
   1830.917      43943     31.831    12.8626    12.8585   4.142974   4.143101   48.95622  -16.39992     5.9538     6.0334         16  0.000e+00
   1830.958      43944     31.939    12.8625    12.8590   4.142914   4.143148   48.95622  -16.39992     5.9575     6.0367         16  0.000e+00
   1831.000      43945     31.939    12.8619    12.8596   4.142874   4.143174   48.95622  -16.39992     5.9578     6.0367         16  0.000e+00
   1831.042      43946     31.831    12.8614    12.8596   4.142887   4.143220   48.95622  -16.39992     5.9538     6.0369         16  0.000e+00
   1831.083      43947     31.979    12.8619    12.8599   4.142954   4.143161   48.95622  -16.39992     5.9536     6.0370         16  0.000e+00
   1831.125      43948     31.939    12.8621    12.8604   4.142974   4.143233   48.95622  -16.39992     5.9569     6.0371         16  0.000e+00
   1831.167      43949     31.939    12.8623    12.8606   4.142994   4.143280   48.95622  -16.39992     5.9569     6.0373         16  0.000e+00
   1831.208      43950     31.939    12.8629    12.8613   4.143087   4.143326   48.95622  -16.39992     5.9531     6.0375         16  0.000e+00
   1831.250      43951     31.871    12.8639    12.8620   4.143140   4.143319   48.95622  -16.39992     5.9525     6.0376         16  0.000e+00
   1831.292      43952     32.033    12.8642    12.8621   4.143127   4.143359   48.95622  -16.39992     5.9558     6.0413         16  0.000e+00
   1831.333      43953     31.939    12.8646    12.8625   4.143140   4.143385   48.95622  -16.39992     5.9555     6.0416         16  0.000e+00
   1831.375      43954     31.939    12.8649    12.8627   4.143127   4.143431   48.95622  -16.39992     5.9557     6.0420         16  0.000e+00
   1831.417      43955     31.871    12.8642    12.8625   4.143060   4.143431   48.95622  -16.39992     5.9523     6.0423         16  0.000e+00
   1831.458      43956     32.033    12.8636    12.8630   4.142987   4.143412   48.95622  -16.39992     5.9523     6.0427         16  0.000e+00
   1831.500      43957     31.939    12.8628    12.8629   4.142894   4.143451   48.95622  -16.39992     5.9521     6.0429         16  0.000e+00
   1831.542      43958     31.939    12.8619    12.8630   4.142841   4.143451   48.95622  -16.39992     5.9519     6.0432         16  0.000e+00
   1831.583      43959     31.979    12.8616    12.8630   4.142834   4.143431   48.95622  -16.39992     5.9554     6.0437         16  0.000e+00
   1831.625      43960     32.033    12.8614    12.8632   4.142854   4.143471   48.95622  -16.39992     5.9519     6.0442         16  0.000e+00
   1831.667      43961     31.831    12.8611    12.8632   4.142861   4.143497   48.95622  -16.39992     5.9551     6.0480         16  0.000e+00
   1831.708      43962     31.939    12.8608    12.8634   4.142841   4.143484   48.95622  -16.39992     5.9553     6.0485         16  0.000e+00
   1831.750      43963     31.979    12.8608    12.8632   4.142854   4.143524   48.95622  -16.39992     5.9516     6.0489         16  0.000e+00
   1831.792      43964     31.939    12.8608    12.8635   4.142807   4.143497   48.95622  -16.39992     5.9516     6.0492         16  0.000e+00
   1831.833      43965     32.033    12.8608    12.8637   4.142821   4.143524   48.95622  -16.39992     5.9550     6.0495         16  0.000e+00
   1831.875      43966     31.939    12.8608    12.8635   4.142794   4.143497   48.95622  -16.39992     5.9512     6.0497         16  0.000e+00
   1831.917      43967     31.939    12.8606    12.8637   4.142821   4.143524   48.95622  -16.39992     5.9507     6.0501         16  0.000e+00
   1831.958      43968     32.073    12.8603    12.8635   4.142881   4.143497   48.95622  -16.39992     5.9504     6.0504         16  0.000e+00
   1832.000      43969     31.939    12.8604    12.8637   4.142901   4.143497   48.95622  -16.39992     5.9498     6.0503         16  0.000e+00
   1832.042      43970     31.939    12.8606    12.8637   4.142927   4.143484   48.95622  -16.39992     5.9529     6.0539         16  0.000e+00
   1832.083      43971     32.033    12.8611    12.8637   4.142941   4.143497   48.95622  -16.39992     5.9532     6.0542         16  0.000e+00
   1832.125      43972     31.979    12.8614    12.8637   4.142934   4.143484   48.95622  -16.39992     5.9530     6.0544         16  0.000e+00
   1832.167      43973     32.033    12.8618    12.8638   4.142961   4.143497   48.95622  -16.39992     5.9491     6.0549         16  0.000e+00
   1832.208      43974     31.831    12.8623    12.8639   4.142994   4.143517   48.95622  -16.39992     5.9483     6.0548         16  0.000e+00
   1832.250      43975     32.033    12.8630    12.8641   4.143034   4.143530   48.95622  -16.39992     5.9519     6.0549         16  0.000e+00
   1832.292      43976     31.979    12.8634    12.8637   4.143014   4.143438   48.95622  -16.39992     5.9515     6.0549         16  0.000e+00
   1832.333      43977     32.033    12.8636    12.8639   4.143060   4.143451   48.95622  -16.39992     5.9476     6.0548         16  0.000e+00
