Data_example/SBE_Data_Processed/JC231/SeaBird/Data/Processed/JC231_CTD_001cfaldb.cnv
* Sea-Bird SBE 9 Data File:
* FileName = C:\Users\sandm\Documents\Cruises\JC231\CTD Data\CTD Raw Data\JC231_CTD_001.hex
* Software Version Seasave V 7.26.7.121
* Temperature SN = 5700
* Conductivity SN = 2164
* Number of Bytes Per Scan = 41
* Number of Voltage Words = 4
* Number of Scans Averaged by the Deck Unit = 1
* NMEA Latitude = 48 33.24 N
* NMEA Longitude = 009 55.75 W
* NMEA UTC (Time) = May 02 2022  18:08:10
* NMEA baud rate = 9600
** Ship: RRS James Cook
** Cruise: JC231
** Cast: 001
** Event:
** Station: 001
** Julian Day: 122
** Time (GMT): 18:05
** Latitude: 48 33.239' N
** Longitude: 009 55.746' W
** Depth (uncorrected m): 1900m
** Principal Scientist: Dr Susan Hartman
** Operator:  TP / JG
# nquan = 15
# nvalues = 3755                        
# units = specified
# name 0 = timeS: Time, Elapsed [seconds]
# name 1 = scan: Scan Count
# name 2 = prDM: Pressure, Digiquartz [db]
# name 3 = t090C: Temperature [ITS-90, deg C]
# name 4 = t190C: Temperature, 2 [ITS-90, deg C]
# name 5 = c0S/m: Conductivity [S/m]
# name 6 = c1S/m: Conductivity, 2 [S/m]
# name 7 = latitude: Latitude [deg]
# name 8 = longitude: Longitude [deg]
# name 9 = sbeox0ML/L: Oxygen, SBE 43 [ml/l]
# name 10 = sbeox1ML/L: Oxygen, SBE 43, 2 [ml/l]
# name 11 = depSM: Depth [salt water, m], lat = 48.554
# name 12 = sal00: Salinity, Practical [PSU]
# name 13 = sal11: Salinity, Practical, 2 [PSU]
# name 14 = flag: flag
# span 0 =    253.451,   7787.755       
# span 1 =       6084,     186907       
# span 2 =      1.000,   1878.000       
# span 3 =     4.2936,    14.4658       
# span 4 =     4.2973,    13.9151       
# span 5 =   3.369016,   4.312767       
# span 6 =   3.369838,   4.296226       
# span 7 =   48.55398,   48.55400       
# span 8 =   -9.92912,   -9.92908       
# span 9 =     4.0282,     6.0667       
# span 10 =     4.2167,     6.2027      
# span 11 =      0.992,   1853.816      
# span 12 =    34.1387,    36.4663      
# span 13 =    33.6476,    36.3507      
# span 14 = 0.0000e+00, 0.0000e+00      
# interval = decibars: 1                
# start_time = May 02 2022 18:08:11 [System UTC, first data scan.]
# bad_flag = -9.990e-29
*END*
[from data line 1157]
   1895.017      45481   1158.000     7.5717     7.5751   3.670720   3.671373   48.55400   -9.92910     4.7130     4.7963   1145.035    35.4123    35.4160 0.0000e+00
   1896.007      45505   1159.000     7.5717     7.5745   3.670773   3.671407   48.55400   -9.92910     4.7127     4.7967   1146.021    35.4124    35.4164 0.0000e+00
   1896.990      45529   1160.000     7.5708     7.5734   3.670781   3.671357   48.55400   -9.92910     4.7107     4.7966   1147.007    35.4129    35.4165 0.0000e+00
   1897.966      45552   1161.000     7.5692     7.5721   3.670690   3.671279   48.55400   -9.92910     4.7081     4.7954   1147.993    35.4131    35.4166 0.0000e+00
   1898.946      45576   1162.000     7.5668     7.5695   3.670548   3.671142   48.55400   -9.92910     4.7068     4.7945   1148.979    35.4136    35.4172 0.0000e+00
   1899.932      45599   1163.000     7.5619     7.5646   3.670231   3.670811   48.55400   -9.92910     4.7059     4.7951   1149.965    35.4146    35.4181 0.0000e+00
   1900.917      45623   1164.000     7.5560     7.5587   3.669709   3.670291   48.55400   -9.92909     4.7066     4.7962   1150.951    35.4145    35.4181 0.0000e+00
   1901.897      45647   1165.000     7.5508     7.5531   3.669207   3.669772   48.55400   -9.92908     4.7105     4.7959   1151.937    35.4138    35.4176 0.0000e+00
   1902.876      45670   1166.000     7.5453     7.5471   3.668738   3.669252   48.55400   -9.92908     4.7126     4.7946   1152.924    35.4139    35.4177 0.0000e+00
   1903.864      45694   1167.000     7.5401     7.5419   3.668219   3.668700   48.55400   -9.92908     4.7104     4.7958   1153.910    35.4131    35.4165 0.0000e+00
   1904.865      45718   1168.000     7.5366     7.5385   3.667831   3.668332   48.55400   -9.92909     4.7111     4.7993   1154.896    35.4120    35.4155 0.0000e+00
   1905.871      45742   1169.000     7.5344     7.5363   3.667584   3.668095   48.55400   -9.92910     4.7137     4.8017   1155.882    35.4111    35.4146 0.0000e+00
   1906.872      45766   1170.000     7.5334     7.5351   3.667473   3.667979   48.55400   -9.92910     4.7125     4.8012   1156.868    35.4104    35.4142 0.0000e+00
   1907.859      45790   1171.000     7.5331     7.5342   3.667461   3.667917   48.55400   -9.92910     4.7149     4.8001   1157.854    35.4101    35.4139 0.0000e+00
   1908.829      45813   1172.000     7.5325     7.5338   3.667454   3.667896   48.55400   -9.92910     4.7169     4.8002   1158.840    35.4102    35.4137 0.0000e+00
   1909.789      45836   1173.000     7.5316     7.5334   3.667411   3.667898   48.55400   -9.92910     4.7178     4.8023   1159.826    35.4102    35.4136 0.0000e+00
   1910.753      45859   1174.000     7.5306     7.5329   3.667363   3.667898   48.55400   -9.92909     4.7185     4.8040   1160.812    35.4102    35.4136 0.0000e+00
   1911.729      45882   1175.000     7.5293     7.5320   3.667302   3.667874   48.55400   -9.92908     4.7189     4.8032   1161.798    35.4104    35.4139 0.0000e+00
   1912.715      45906   1176.000     7.5265     7.5295   3.667163   3.667752   48.55400   -9.92908     4.7184     4.8011   1162.784    35.4112    35.4146 0.0000e+00
   1913.711      45930   1177.000     7.5205     7.5235   3.666788   3.667395   48.55400   -9.92908     4.7181     4.8007   1163.770    35.4128    35.4163 0.0000e+00
   1914.713      45954   1178.000     7.5086     7.5112   3.665947   3.666531   48.55400   -9.92909     4.7150     4.8006   1164.756    35.4153    35.4189 0.0000e+00
   1915.713      45978   1179.000     7.4957     7.4981   3.664641   3.665193   48.55400   -9.92910     4.7117     4.8012   1165.742    35.4138    35.4173 0.0000e+00
   1916.710      46002   1180.000     7.4869     7.4891   3.663626   3.664172   48.55400   -9.92910     4.7127     4.8036   1166.728    35.4112    35.4148 0.0000e+00
   1917.701      46026   1181.000     7.4809     7.4828   3.662966   3.663476   48.55400   -9.92910     4.7172     4.8060   1167.714    35.4097    35.4133 0.0000e+00
   1918.685      46049   1182.000     7.4761     7.4788   3.662479   3.663020   48.55400   -9.92910     4.7219     4.8078   1168.700    35.4089    35.4119 0.0000e+00
   1919.660      46073   1183.000     7.4718     7.4752   3.662069   3.662703   48.55400   -9.92910     4.7268     4.8085   1169.686    35.4083    35.4116 0.0000e+00
   1920.625      46096   1184.000     7.4672     7.4709   3.661700   3.662361   48.55400   -9.92909     4.7286     4.8083   1170.672    35.4085    35.4118 0.0000e+00
   1921.585      46119   1185.000     7.4591     7.4645   3.661124   3.661893   48.55400   -9.92909     4.7283     4.8075   1171.658    35.4100    35.4128 0.0000e+00
   1922.552      46142   1186.000     7.4472     7.4536   3.660132   3.661041   48.55400   -9.92908     4.7281     4.8090   1172.643    35.4108    35.4142 0.0000e+00
   1923.533      46166   1187.000     7.4340     7.4412   3.658862   3.659824   48.55400   -9.92908     4.7294     4.8121   1173.629    35.4099    35.4131 0.0000e+00
   1924.529      46190   1188.000     7.4229     7.4314   3.657613   3.658743   48.55400   -9.92909     4.7313     4.8152   1174.615    35.4072    35.4108 0.0000e+00
   1925.532      46214   1189.000     7.4178     7.4227   3.656831   3.657848   48.55400   -9.92909     4.7313     4.8165   1175.601    35.4034    35.4095 0.0000e+00
   1926.540      46238   1190.000     7.4173     7.4185   3.656639   3.657218   48.55400   -9.92910     4.7297     4.8176   1176.587    35.4013    35.4064 0.0000e+00
   1927.542      46262   1191.000     7.4184     7.4189   3.656735   3.657117   48.55400   -9.92910     4.7321     4.8200   1177.573    35.4008    35.4045 0.0000e+00
   1928.529      46286   1192.000     7.4186     7.4193   3.656860   3.657259   48.55400   -9.92910     4.7361     4.8226   1178.559    35.4015    35.4051 0.0000e+00
   1929.499      46309   1193.000     7.4162     7.4168   3.656780   3.657178   48.55400   -9.92910     4.7369     4.8222   1179.545    35.4027    35.4063 0.0000e+00
   1930.463      46332   1194.000     7.4104     7.4107   3.656411   3.656758   48.55400   -9.92909     4.7364     4.8199   1180.531    35.4041    35.4075 0.0000e+00
   1931.427      46355   1195.000     7.4035     7.4043   3.655721   3.656083   48.55400   -9.92909     4.7352     4.8196   1181.517    35.4031    35.4062 0.0000e+00
   1932.392      46378   1196.000     7.3992     7.4007   3.655208   3.655636   48.55400   -9.92908     4.7364     4.8216   1182.503    35.4014    35.4045 0.0000e+00
   1933.368      46402   1197.000     7.3949     7.3968   3.654849   3.655342   48.55400   -9.92908     4.7407     4.8230   1183.489    35.4014    35.4048 0.0000e+00
   1934.362      46426   1198.000     7.3867     7.3889   3.654254   3.654749   48.55400   -9.92909     4.7422     4.8234   1184.475    35.4028    35.4059 0.0000e+00
   1935.368      46450   1199.000     7.3796     7.3824   3.653377   3.653941   48.55400   -9.92909     4.7404     4.8255   1185.460    35.4000    35.4033 0.0000e+00
   1936.370      46474   1200.000     7.3768     7.3800   3.652966   3.653576   48.55400   -9.92910     4.7403     4.8296   1186.446    35.3979    35.4013 0.0000e+00
   1937.359      46498   1201.000     7.3759     7.3788   3.652833   3.653466   48.55400   -9.92910     4.7428     4.8324   1187.432    35.3970    35.4009 0.0000e+00
   1938.340      46521   1202.000     7.3748     7.3770   3.652785   3.653366   48.55400   -9.92910     4.7431     4.8320   1188.418    35.3971    35.4011 0.0000e+00
   1939.320      46545   1203.000     7.3721     7.3740   3.652640   3.653143   48.55400   -9.92910     4.7436     4.8301   1189.404    35.3977    35.4014 0.0000e+00
   1940.301      46568   1204.000     7.3692     7.3715   3.652360   3.652883   48.55400   -9.92910     4.7444     4.8293   1190.390    35.3972    35.4005 0.0000e+00
   1941.286      46592   1205.000     7.3667     7.3700   3.652150   3.652746   48.55400   -9.92910     4.7440     4.8289   1191.376    35.3970    35.4001 0.0000e+00
   1942.266      46615   1206.000     7.3627     7.3692   3.651858   3.652666   48.55400   -9.92910     4.7445     4.8296   1192.362    35.3975    35.3996 0.0000e+00
   1943.241      46639   1207.000     7.3585     7.3666   3.651442   3.652562   48.55400   -9.92910     4.7450     4.8298   1193.347    35.3967    35.4007 0.0000e+00
   1944.216      46662   1208.000     7.3559     7.3616   3.651147   3.652150   48.55400   -9.92910     4.7459     4.8302   1194.333    35.3957    35.4008 0.0000e+00
   1945.192      46686   1209.000     7.3519     7.3574   3.650877   3.651723   48.55400   -9.92910     4.7475     4.8337   1195.319    35.3963    35.3999 0.0000e+00
   1946.177      46709   1210.000     7.3442     7.3515   3.650322   3.651287   48.55400   -9.92910     4.7470     4.8366   1196.305    35.3977    35.4008 0.0000e+00
   1947.172      46733   1211.000     7.3347     7.3402   3.649425   3.650428   48.55400   -9.92910     4.7467     4.8369   1197.291    35.3971    35.4023 0.0000e+00
   1948.170      46757   1212.000     7.3271     7.3295   3.648629   3.649301   48.55400   -9.92910     4.7479     4.8382   1198.277    35.3957    35.4005 0.0000e+00
   1949.164      46781   1213.000     7.3205     7.3230   3.647983   3.648518   48.55400   -9.92910     4.7486     4.8402   1199.262    35.3949    35.3981 0.0000e+00
   1950.150      46805   1214.000     7.3156     7.3193   3.647475   3.648124   48.55400   -9.92910     4.7502     4.8411   1200.248    35.3939    35.3972 0.0000e+00
   1951.127      46828   1215.000     7.3112     7.3148   3.647073   3.647777   48.55400   -9.92910     4.7542     4.8417   1201.234    35.3935    35.3975 0.0000e+00
   1952.096      46851   1216.000     7.3068     7.3098   3.646668   3.647316   48.55400   -9.92910     4.7561     4.8421   1202.220    35.3931    35.3971 0.0000e+00
   1953.063      46875   1217.000     7.3032     7.3060   3.646260   3.646876   48.55400   -9.92910     4.7576     4.8419   1203.206    35.3918    35.3957 0.0000e+00
   1954.036      46898   1218.000     7.3013     7.3040   3.646027   3.646629   48.55400   -9.92910     4.7600     4.8421   1204.192    35.3908    35.3946 0.0000e+00
   1955.019      46921   1219.000     7.3003     7.3029   3.645929   3.646525   48.55400   -9.92910     4.7603     4.8413   1205.177    35.3903    35.3941 0.0000e+00
   1956.012      46945   1220.000     7.2993     7.3019   3.645871   3.646462   48.55400   -9.92910     4.7590     4.8395   1206.163    35.3902    35.3940 0.0000e+00
   1957.011      46969   1221.000     7.2978     7.3004   3.645789   3.646381   48.55400   -9.92910     4.7598     4.8393   1207.149    35.3904    35.3941 0.0000e+00
   1958.010      46993   1222.000     7.2948     7.2971   3.645602   3.646168   48.55400   -9.92910     4.7612     4.8409   1208.135    35.3909    35.3947 0.0000e+00
   1959.003      47017   1223.000     7.2899     7.2926   3.645183   3.645738   48.55400   -9.92910     4.7621     4.8440   1209.121    35.3909    35.3942 0.0000e+00
   1959.987      47041   1224.000     7.2841     7.2875   3.644649   3.645268   48.55400   -9.92910     4.7606     4.8462   1210.106    35.3904    35.3938 0.0000e+00
   1960.967      47064   1225.000     7.2757     7.2809   3.643927   3.644648   48.55400   -9.92910     4.7595     4.8490   1211.092    35.3906    35.3933 0.0000e+00
   1961.940      47088   1226.000     7.2673     7.2737   3.642957   3.643958   48.55400   -9.92910     4.7594     4.8506   1212.078    35.3882    35.3926 0.0000e+00
   1962.906      47111   1227.000     7.2631     7.2677   3.642320   3.643174   48.55400   -9.92910     4.7627     4.8507   1213.064    35.3850    35.3897 0.0000e+00
   1963.873      47134   1228.000     7.2623     7.2665   3.642101   3.642876   48.55400   -9.92910     4.7677     4.8506   1214.049    35.3831    35.3873 0.0000e+00
   1964.850      47157   1229.000     7.2627     7.2661   3.642152   3.642873   48.55400   -9.92910     4.7700     4.8511   1215.035    35.3827    35.3871 0.0000e+00
   1965.844      47181   1230.000     7.2615     7.2645   3.642161   3.642788   48.55400   -9.92910     4.7684     4.8504   1216.021    35.3835    35.3874 0.0000e+00
   1966.848      47205   1231.000     7.2594     7.2623   3.641982   3.642602   48.55400   -9.92910     4.7670     4.8489   1217.007    35.3833    35.3871 0.0000e+00
   1967.847      47229   1232.000     7.2568     7.2594   3.641789   3.642390   48.55400   -9.92910     4.7700     4.8486   1217.992    35.3833    35.3872 0.0000e+00
   1968.836      47253   1233.000     7.2502     7.2526   3.641412   3.641963   48.55400   -9.92910     4.7724     4.8501   1218.978    35.3855    35.3891 0.0000e+00
   1969.814      47277   1234.000     7.2372     7.2399   3.640328   3.640888   48.55400   -9.92910     4.7724     4.8537   1219.964    35.3864    35.3897 0.0000e+00
   1970.789      47300   1235.000     7.2285     7.2315   3.639125   3.639732   48.55400   -9.92910     4.7745     4.8578   1220.950    35.3818    35.3853 0.0000e+00
   1971.767      47323   1236.000     7.2250     7.2279   3.638597   3.639222   48.55400   -9.92910     4.7770     4.8617   1221.935    35.3790    35.3829 0.0000e+00
   1972.749      47347   1237.000     7.2230     7.2255   3.638385   3.638979   48.55400   -9.92910     4.7792     4.8649   1222.921    35.3783    35.3823 0.0000e+00
   1973.727      47370   1238.000     7.2201     7.2222   3.638198   3.638750   48.55400   -9.92910     4.7794     4.8662   1223.907    35.3787    35.3826 0.0000e+00
   1974.701      47394   1239.000     7.2133     7.2145   3.637793   3.638274   48.55400   -9.92910     4.7751     4.8645   1224.892    35.3808    35.3848 0.0000e+00
   1975.681      47417   1240.000     7.2027     7.2026   3.636874   3.637222   48.55400   -9.92910     4.7755     4.8623   1225.878    35.3811    35.3849 0.0000e+00
   1976.675      47441   1241.000     7.1960     7.1952   3.636047   3.636307   48.55400   -9.92910     4.7813     4.8641   1226.864    35.3784    35.3820 0.0000e+00
   1977.677      47465   1242.000     7.1917     7.1913   3.635566   3.635836   48.55400   -9.92910     4.7840     4.8683   1227.849    35.3771    35.3805 0.0000e+00
   1978.680      47489   1243.000     7.1869     7.1865   3.635246   3.635522   48.55400   -9.92910     4.7819     4.8713   1228.835    35.3780    35.3814 0.0000e+00
   1979.677      47513   1244.000     7.1782     7.1790   3.634563   3.634879   48.55400   -9.92910     4.7802     4.8723   1229.821    35.3790    35.3816 0.0000e+00
   1980.664      47537   1245.000     7.1719     7.1742   3.633825   3.634311   48.55400   -9.92910     4.7813     4.8708   1230.807    35.3769    35.3798 0.0000e+00
   1981.636      47560   1246.000     7.1689     7.1718   3.633454   3.634041   48.55400   -9.92910     4.7830     4.8691   1231.792    35.3753    35.3788 0.0000e+00
   1982.600      47583   1247.000     7.1679     7.1709   3.633319   3.633936   48.55400   -9.92910     4.7862     4.8697   1232.778    35.3745    35.3781 0.0000e+00
   1983.569      47607   1248.000     7.1672     7.1701   3.633282   3.633903   48.55400   -9.92910     4.7877     4.8696   1233.764    35.3743    35.3781 0.0000e+00
   1984.550      47630   1249.000     7.1653     7.1680   3.633220   3.633796   48.55400   -9.92910     4.7896     4.8683   1234.749    35.3751    35.3786 0.0000e+00
   1985.537      47654   1250.000     7.1600     7.1651   3.632887   3.633576   48.55400   -9.92910     4.7912     4.8693   1235.735    35.3763    35.3787 0.0000e+00
   1986.526      47678   1251.000     7.1542     7.1596   3.632325   3.633220   48.55400   -9.92910     4.7908     4.8699   1236.721    35.3757    35.3799 0.0000e+00
   1987.513      47701   1252.000     7.1492     7.1522   3.631839   3.632547   48.55400   -9.92910     4.7934     4.8718   1237.706    35.3750    35.3797 0.0000e+00
   1988.498      47725   1253.000     7.1434     7.1448   3.631356   3.631869   48.55400   -9.92910     4.7963     4.8752   1238.692    35.3751    35.3793 0.0000e+00
