Data_example/SBE_Data_Processed/DY130/SeaBird/Data/Batch/DY130_013.ros
* Sea-Bird SBE 9 Data File:
* FileName = C:\Users\sandm\Documents\Cruises\DY130\Data\Raw Data\DY130_013.hex
* Software Version Seasave V 7.26.7.121
* Temperature SN = 03P-5494
* Conductivity SN = 04C-3768
* Number of Bytes Per Scan = 45
* Number of Voltage Words = 4
* Number of Scans Averaged by the Deck Unit = 1
* NMEA Latitude = 48 59.96 N
* NMEA Longitude = 016 29.99 W
* NMEA UTC (Time) = Apr 10 2021  09:45:21
* NMEA baud rate = 9600
** Ship: RRS Discovery
** Cruise: DY130
** Cast: 013
** Station: 076
** Julian Day: 100
** Date: 10/04/2021
** Time (GMT): 09:45
** Latitude: 28 59.96N
** Longitude: 16 29.99W
** Depth (uncorrected m): 4808
** Principal Scientist: Sue Hart
** Operator: BP/PH
# nquan = 27
# nvalues = 2904                                  
# units = specified
# name 0 = timeS: Time, Elapsed [seconds]
# name 1 = latitude: Latitude [deg]
# name 2 = longitude: Longitude [deg]
# name 3 = prDM: Pressure, Digiquartz [db]
# name 4 = depSM: Depth [salt water, m]
# name 5 = t090C: Temperature [ITS-90, deg C]
# name 6 = t190C: Temperature, 2 [ITS-90, deg C]
# name 7 = c0mS/cm: Conductivity [mS/cm]
# name 8 = c1mS/cm: Conductivity, 2 [mS/cm]
# name 9 = sal00: Salinity, Practical [PSU]
# name 10 = sal11: Salinity, Practical, 2 [PSU]
# name 11 = sbeox0V: Oxygen raw, SBE 43 [V]
# name 12 = sbox0Mm/Kg: Oxygen, SBE 43 [umol/kg]
# name 13 = sbeox1V: Oxygen raw, SBE 43, 2 [V]
# name 14 = sbox1Mm/Kg: Oxygen, SBE 43, 2 [umol/kg]
# name 15 = ptempC: Pressure Temperature [deg C]
# name 16 = altM: Altimeter [m]
# name 17 = scan: Scan Count
# name 18 = pumps: Pump Status
# name 19 = flECO-AFL: Fluorescence, WET Labs ECO-AFL/FL [mg/m^3]
# name 20 = turbWETbb0: Turbidity, WET Labs ECO BB [m^-1/sr]
# name 21 = sbeox0Mm/L: Oxygen, SBE 43 [umol/l]
# name 22 = sbeox1Mm/L: Oxygen, SBE 43, 2 [umol/l]
# name 23 = sigma-é00: Density [sigma-theta, kg/m^3]
# name 24 = sigma-é11: Density, 2 [sigma-theta, kg/m^3]
# name 25 = nbf: Bottles Fired
# name 26 = flag:  0.000e+00
# interval = seconds: 0.0416667
# start_time = Apr 10 2021 09:45:21 [NMEA time, first data scan]
# bad_flag = -9.990e-29
*END*
[from data line 1826]
   5134.625   48.99940  -16.49990   4080.531   4007.415     2.5368     2.5386  32.816681  32.820050    34.9047    34.9069     1.3431    231.807     1.3089    242.964       8.43    1481.32     123232          1    -0.0377 9.2509e-05    238.270    249.739    27.8809    27.8825         16  0.000e+00
   5134.667   48.99940  -16.49990   4080.531   4007.415     2.5370     2.5386  32.816681  32.820483    34.9045    34.9074     1.3431    231.653     1.3089    242.970       8.43    1481.32     123233          1    -0.0377 9.2509e-05    238.112    249.745    27.8807    27.8829         16  0.000e+00
   5134.708   48.99940  -16.49990   4080.449   4007.335     2.5368     2.5386  32.816681  32.820482    34.9047    34.9074     1.3431    231.500     1.3089    242.974       8.43    1481.32     123234          1    -0.0377 9.2509e-05    237.954    249.749    27.8809    27.8830         16  0.000e+00
   5134.750   48.99940  -16.49990   4080.532   4007.415     2.5368     2.5386  32.816681  32.820235    34.9047    34.9071     1.3431    231.481     1.3089    242.984       8.43    1481.32     123235          1    -0.0377 9.2509e-05    237.935    249.759    27.8809    27.8827         16  0.000e+00
   5134.792   48.99940  -16.49990   4080.532   4007.415     2.5371     2.5389  32.816870  32.820544    34.9046    34.9071     1.3443    231.918     1.3089    242.988       8.44    1480.95     123236          1    -0.0377 9.2509e-05    238.384    249.763    27.8808    27.8827         16  0.000e+00
   5134.833   48.99940  -16.49990   4080.449   4007.335     2.5370     2.5388  32.816744  32.820359    34.9046    34.9071     1.3443    232.027     1.3089    242.993       8.44    1481.32     123237          1    -0.0377 9.2509e-05    238.496    249.769    27.8808    27.8827         16  0.000e+00
   5134.875   48.99940  -16.49990   4080.532   4007.415     2.5368     2.5389  32.816870  32.820606    34.9049    34.9072     1.3443    232.140     1.3089    242.834       8.44    1481.32     123238          1    -0.0377 9.2509e-05    238.612    249.605    27.8811    27.8827         16  0.000e+00
   5134.917   48.99940  -16.49990   4080.532   4007.415     2.5371     2.5388  32.816744  32.820544    34.9045    34.9073     1.3431    231.795     1.3089    242.835       8.43    1480.95     123239          1    -0.0377 9.2509e-05    238.257    249.606    27.8807    27.8828         16  0.000e+00
   5134.958   48.99940  -16.49990   4080.532   4007.415     2.5368     2.5390  32.816870  32.820483    34.9049    34.9069     1.3431    231.654     1.3089    242.834       8.44    1481.32     123240          1    -0.0377 9.2509e-05    238.113    249.605    27.8811    27.8825         16  0.000e+00
   5135.000   48.99940  -16.49990   4080.449   4007.335     2.5368     2.5388  32.816932  32.820544    34.9050    34.9073     1.3431    231.641     1.3089    242.833       8.44    1481.32     123241          1    -0.0377 9.2509e-05    238.099    249.604    27.8812    27.8829         16  0.000e+00
   5135.042   48.99940  -16.49990   4080.532   4007.415     2.5370     2.5388  32.816933  32.820235    34.9048    34.9069     1.3431    231.506     1.3089    242.836       8.44    1480.95     123242          1    -0.0377 9.2509e-05    237.961    249.607    27.8810    27.8825         16  0.000e+00
   5135.083   48.99940  -16.49990   4080.532   4007.416     2.5371     2.5389  32.816744  32.820359    34.9045    34.9069     1.3443    231.955     1.3089    242.835       8.43    1481.32     123243          1    -0.0377 9.2509e-05    238.422    249.606    27.8807    27.8825         16  0.000e+00
   5135.125   48.99940  -16.49990   4080.532   4007.416     2.5370     2.5389  32.816870  32.820668    34.9047    34.9073     1.3443    231.945     1.3089    242.834       8.44    1481.32     123244          1    -0.0377 9.2509e-05    238.412    249.605    27.8809    27.8828         16  0.000e+00
   5135.167   48.99940  -16.49990   4080.532   4007.416     2.5370     2.5388  32.816933  32.820606    34.9048    34.9074     1.3443    231.929     1.3089    242.835       8.44    1480.95     123245          1    -0.0377 9.2509e-05    238.396    249.606    27.8810    27.8829         16  0.000e+00
   5135.208   48.99940  -16.49990   4080.450   4007.336     2.5371     2.5389  32.816744  32.820668    34.9045    34.9073     1.3443    232.037     1.3089    242.832       8.43    1481.32     123246          1    -0.0377 9.2509e-05    238.506    249.602    27.8807    27.8828         16  0.000e+00
   5135.250   48.99940  -16.49990   4080.614   4007.496     2.5368     2.5388  32.817372  32.820730    34.9055    34.9075     1.3443    232.021     1.3089    242.838       8.43    1481.32     123247          1    -0.0377 9.2509e-05    238.490    249.609    27.8815    27.8830         16  0.000e+00
   5135.292   48.99940  -16.49990   4080.450   4007.336     2.5368     2.5388  32.817058  32.820730    34.9052    34.9076     1.3443    231.990     1.3089    242.832       8.43    1481.32     123248          1    -0.0377 9.2509e-05    238.458    249.603    27.8813    27.8830         16  0.000e+00
   5135.333   48.99940  -16.49990   4080.532   4007.416     2.5370     2.5388  32.816933  32.820854    34.9048    34.9077     1.3431    231.506     1.3089    242.835       8.43    1481.32     123249          1    -0.0377 9.2509e-05    237.961    249.606    27.8810    27.8831         16  0.000e+00
   5135.375   48.99940  -16.49990   4080.532   4007.416     2.5370     2.5389  32.816933  32.820544    34.9048    34.9071     1.3443    231.934     1.3089    242.834       8.44    1481.32     123250          1    -0.0377 9.2509e-05    238.401    249.605    27.8810    27.8827         16  0.000e+00
   5135.417   48.99940  -16.49990   4080.532   4007.416     2.5370     2.5388  32.816493  32.820235    34.9043    34.9069     1.3443    232.035     1.3089    242.836       8.43    1481.32     123251          1    -0.0377 9.2509e-05    238.504    249.607    27.8806    27.8825         16  0.000e+00
   5135.458   48.99934  -16.49984   4080.532   4007.416     2.5370     2.5389  32.816807  32.820483    34.9047    34.9071     1.3443    232.003     1.3089    242.835       8.43    1480.95     123252          1    -0.0377 9.2509e-05    238.471    249.605    27.8809    27.8826         16  0.000e+00
   5135.500   48.99934  -16.49984   4080.481   4007.366     2.5370     2.5389  32.816932  32.820235    34.9048    34.9068     1.3443    232.095     1.3089    242.833       8.44    1481.32     123253          1    -0.0377 9.2509e-05    238.567    249.604    27.8810    27.8824         16  0.000e+00
   5135.542   48.99934  -16.49984   4080.532   4007.416     2.5368     2.5390  32.816933  32.820359    34.9050    34.9068     1.3443    232.061     1.3089    242.834       8.44    1481.32     123254          1    -0.0377 9.2509e-05    238.531    249.605    27.8811    27.8824         16  0.000e+00
   5135.583   48.99934  -16.49984   4080.450   4007.336     2.5370     2.5388  32.816744  32.820482    34.9046    34.9073     1.3431    231.562     1.3089    242.833       8.43    1481.32     123255          1    -0.0377 9.2509e-05    238.018    249.604    27.8808    27.8828         16  0.000e+00
   5135.625   48.99940  -16.49990   4080.533   4007.416     2.5370     2.5389  32.816430  32.820544    34.9042    34.9071     1.3443    231.851     1.3089    242.834       8.44    1481.32     123256          1    -0.0267 8.9091e-05    238.316    249.605    27.8805    27.8827         16  0.000e+00
   5135.667   48.99940  -16.49990   4080.533   4007.416     2.5368     2.5388  32.816807  32.820483    34.9048    34.9072     1.3443    231.935     1.3089    242.836       8.44    1480.95     123257          1    -0.0267 8.7381e-05    238.402    249.606    27.8810    27.8828         16  0.000e+00
   5135.708   48.99940  -16.49990   4080.533   4007.416     2.5370     2.5388  32.816744  32.820483    34.9046    34.9072     1.3443    232.150     1.3089    242.836       8.43    1481.32     123258          1    -0.0267 8.7381e-05    238.623    249.606    27.8808    27.8828         16  0.000e+00
   5135.750   48.99940  -16.49990   4080.450   4007.336     2.5370     2.5389  32.816681  32.820482    34.9046    34.9071     1.3443    232.237     1.3089    242.832       8.43    1481.32     123259          1    -0.0267 8.7381e-05    238.712    249.603    27.8808    27.8827         16  0.000e+00
   5135.792   48.99940  -16.49990   4080.533   4007.417     2.5370     2.5389  32.816681  32.820297    34.9045    34.9068     1.3431    231.874     1.3089    242.835       8.43    1481.32     123260          1    -0.0267 8.7381e-05    238.339    249.606    27.8807    27.8825         16  0.000e+00
   5135.833   48.99940  -16.49990   4080.533   4007.417     2.5370     2.5389  32.816870  32.820606    34.9047    34.9072     1.3443    232.165     1.3089    242.834       8.43    1481.32     123261          1    -0.0267 8.7381e-05    238.638    249.605    27.8809    27.8827         16  0.000e+00
   5135.875   48.99940  -16.49990   4080.451   4007.336     2.5370     2.5388  32.816744  32.820544    34.9046    34.9073     1.3431    231.667     1.3089    242.833       8.43    1481.32     123262          1    -0.0267 8.7381e-05    238.126    249.604    27.8808    27.8829         16  0.000e+00
   5135.917   48.99940  -16.49990   4080.533   4007.417     2.5371     2.5389  32.816681  32.820483    34.9044    34.9071     1.3431    231.632     1.3089    242.835       8.44    1481.32     123263          1    -0.0267 8.7381e-05    238.090    249.605    27.8806    27.8826         16  0.000e+00
   5135.958   48.99940  -16.49990   4080.451   4007.336     2.5368     2.5390  32.816869  32.820297    34.9050    34.9068     1.3443    232.054     1.3089    242.832       8.44    1481.32     123264          1    -0.0267 8.7381e-05    238.523    249.602    27.8811    27.8824         16  0.000e+00
   5136.000   48.99940  -16.49990   4080.533   4007.417     2.5371     2.5388  32.816933  32.820606    34.9047    34.9074     1.3443    232.018     1.3089    242.835       8.44    1481.32     123265          1    -0.0267 8.7381e-05    238.487    249.606    27.8809    27.8829         16  0.000e+00
   5136.042   48.99940  -16.49990   4080.451   4007.337     2.5370     2.5389  32.816744  32.820297    34.9046    34.9069     1.3431    231.651     1.3089    242.832       8.43    1481.32     123266          1    -0.0267 8.7381e-05    238.109    249.603    27.8808    27.8825         16  0.000e+00
   5136.083   48.99940  -16.49990   4080.451   4007.337     2.5370     2.5389  32.816681  32.820359    34.9046    34.9069     1.3443    232.074     1.3089    242.832       8.43    1481.32     123267          1    -0.0267 8.7381e-05    238.544    249.603    27.8808    27.8825         16  0.000e+00
   5136.125   48.99940  -16.49990   4080.533   4007.417     2.5370     2.5388  32.816870  32.820297    34.9047    34.9070     1.3443    232.171     1.3089    242.836       8.44    1480.95     123268          1    -0.0267 8.7381e-05    238.644    249.607    27.8809    27.8826         16  0.000e+00
   5136.167   48.99940  -16.49990   4080.533   4007.417     2.5368     2.5388  32.816933  32.820606    34.9050    34.9074     1.3431    231.680     1.3089    242.835       8.43    1480.95     123269          1    -0.0267 8.7381e-05    238.140    249.606    27.8811    27.8829         16  0.000e+00
   5136.208   48.99940  -16.49990   4080.451   4007.337     2.5370     2.5389  32.816932  32.820297    34.9049    34.9069     1.3431    231.514     1.3089    242.832       8.43    1481.32     123270          1    -0.0267 8.7381e-05    237.969    249.603    27.8810    27.8825         16  0.000e+00
   5136.250   48.99940  -16.49990   4080.451   4007.337     2.5368     2.5388  32.816744  32.820359    34.9048    34.9071     1.3443    231.938     1.3089    242.833       8.44    1481.32     123271          1    -0.0267 8.7381e-05    238.405    249.604    27.8810    27.8827         16  0.000e+00
   5136.292   48.99940  -16.49990   4080.533   4007.417     2.5371     2.5385  32.817121  32.820297    34.9049    34.9073     1.3443    232.033     1.3089    242.837       8.43    1481.32     123272          1    -0.0267 8.7381e-05    238.502    249.608    27.8811    27.8829         16  0.000e+00
   5136.333   48.99940  -16.49990   4080.451   4007.337     2.5371     2.5384  32.816807  32.820420    34.9046    34.9075     1.3443    232.126     1.3089    242.835       8.43    1481.32     123273          1    -0.0267 8.7381e-05    238.598    249.606    27.8808    27.8830         16  0.000e+00
   5136.375   48.99940  -16.49990   4080.451   4007.337     2.5370     2.5386  32.816869  32.820235    34.9048    34.9071     1.3443    232.089     1.3089    242.834       8.44    1481.32     123274          1    -0.0267 8.7381e-05    238.560    249.605    27.8810    27.8827         16  0.000e+00
   5136.417   48.99934  -16.49984   4080.451   4007.337     2.5370     2.5386  32.816744  32.820235    34.9046    34.9071     1.3443    232.179     1.3089    242.834       8.43    1480.95     123275          1    -0.0267 8.7381e-05    238.652    249.605    27.8808    27.8827         16  0.000e+00
   5136.458   48.99934  -16.49984   4080.534   4007.417     2.5373     2.5388  32.816870  32.820421    34.9045    34.9072     1.3443    232.269     1.3089    242.836       8.44    1481.32     123276          1    -0.0267 8.7381e-05    238.745    249.607    27.8807    27.8827         16  0.000e+00
   5136.500   48.99934  -16.49984   4080.451   4007.337     2.5372     2.5388  32.816932  32.820482    34.9047    34.9073     1.3443    232.225     1.3089    242.833       8.43    1480.95     123277          1    -0.0267 8.7381e-05    238.700    249.604    27.8809    27.8828         16  0.000e+00
   5136.542   48.99934  -16.49984   4080.451   4007.337     2.5371     2.5388  32.817184  32.820482    34.9050    34.9073     1.3443    232.309     1.3089    242.833       8.43    1481.32     123278          1    -0.0267 8.7381e-05    238.786    249.604    27.8812    27.8828         16  0.000e+00
   5136.583   48.99934  -16.49984   4080.451   4007.337     2.5370     2.5389  32.816869  32.820297    34.9048    34.9069     1.3455    232.849     1.3077    242.304       8.43    1481.32     123279          1    -0.0267 8.7381e-05    239.341    249.061    27.8810    27.8825         16  0.000e+00
   5136.625   48.99940  -16.49990   4080.451   4007.337     2.5372     2.5388  32.817121  32.820420    34.9049    34.9072     1.3443    232.597     1.3089    242.679       8.44    1481.32     123280          1    -0.0267 8.7381e-05    239.082    249.446    27.8810    27.8827         16  0.000e+00
   5136.667   48.99940  -16.49990   4080.616   4007.498     2.5370     2.5388  32.816996  32.820483    34.9049    34.9072     1.3443    232.551     1.3089    242.691       8.43    1481.32     123281          1    -0.0267 8.7381e-05    239.035    249.458    27.8810    27.8828         16  0.000e+00
   5136.708   48.99940  -16.49990   4080.379   4007.267     2.5371     2.5384  32.816744  32.820482    34.9045    34.9076     1.3431    232.031     1.3089    242.692       8.43    1481.32     123282          1    -0.0377 8.7381e-05    238.500    249.459    27.8808    27.8831         16  0.000e+00
   5136.750   48.99940  -16.49990   4080.452   4007.338     2.5368     2.5384  32.816869  32.820297    34.9050    34.9074     1.3431    231.851     1.3089    242.702       8.43    1481.32     123283          1    -0.0377 8.7381e-05    238.315    249.469    27.8811    27.8829         16  0.000e+00
   5136.792   48.99940  -16.49990   4080.483   4007.368     2.5372     2.5384  32.816744  32.820173    34.9044    34.9072     1.3431    231.667     1.3089    242.710       8.44    1481.32     123284          1    -0.0377 8.7381e-05    238.126    249.477    27.8807    27.8828         16  0.000e+00
