Data_example/SBE_Data_Processed/DY130/SeaBird/Data/Batch/DY130_005.ros
* Sea-Bird SBE 9 Data File:
* FileName = C:\Users\sandm\Documents\Cruises\DY130\Data\Raw Data\DY130_005.hex
* Software Version Seasave V 7.26.7.121
* Temperature SN = 03P-5494
* Conductivity SN = 04C-3768
* Number of Bytes Per Scan = 45
* Number of Voltage Words = 4
* Number of Scans Averaged by the Deck Unit = 1
* NMEA Latitude = 48 56.39 N
* NMEA Longitude = 016 27.89 W
* NMEA UTC (Time) = Apr 02 2021  07:00:27
* NMEA baud rate = 9600
** Ship: RRS Discovery
** Cruise: DY130
** Cast: DY130_005
** Station: 032
** Julian Day: 092
** Date: 02/04/21
** Time (GMT):
** Latitude: 48 56.38 N
** Longitude: 16 27.88 W
** Depth (uncorrected m): 4811
** Principal Scientist: Sue Hart
** Operator: BP/PH
# nquan = 27
# nvalues = 2541                                  
# units = specified
# name 0 = timeS: Time, Elapsed [seconds]
# name 1 = latitude: Latitude [deg]
# name 2 = longitude: Longitude [deg]
# name 3 = prDM: Pressure, Digiquartz [db]
# name 4 = depSM: Depth [salt water, m]
# name 5 = t090C: Temperature [ITS-90, deg C]
# name 6 = t190C: Temperature, 2 [ITS-90, deg C]
# name 7 = c0mS/cm: Conductivity [mS/cm]
# name 8 = c1mS/cm: Conductivity, 2 [mS/cm]
# name 9 = sal00: Salinity, Practical [PSU]
# name 10 = sal11: Salinity, Practical, 2 [PSU]
# name 11 = sbeox0V: Oxygen raw, SBE 43 [V]
# name 12 = sbox0Mm/Kg: Oxygen, SBE 43 [umol/kg]
# name 13 = sbeox1V: Oxygen raw, SBE 43, 2 [V]
# name 14 = sbox1Mm/Kg: Oxygen, SBE 43, 2 [umol/kg]
# name 15 = ptempC: Pressure Temperature [deg C]
# name 16 = altM: Altimeter [m]
# name 17 = scan: Scan Count
# name 18 = pumps: Pump Status
# name 19 = flECO-AFL: Fluorescence, WET Labs ECO-AFL/FL [mg/m^3]
# name 20 = turbWETbb0: Turbidity, WET Labs ECO BB [m^-1/sr]
# name 21 = sbeox0Mm/L: Oxygen, SBE 43 [umol/l]
# name 22 = sbeox1Mm/L: Oxygen, SBE 43, 2 [umol/l]
# name 23 = sigma-é00: Density [sigma-theta, kg/m^3]
# name 24 = sigma-é11: Density, 2 [sigma-theta, kg/m^3]
# name 25 = nbf: Bottles Fired
# name 26 = flag:  0.000e+00
# interval = seconds: 0.0416667
# start_time = Apr 02 2021 07:00:27 [NMEA time, first data scan]
# bad_flag = -9.990e-29
*END*
[from data line 2094]
   7607.750   48.93972  -16.46530     33.211     32.927    11.5693    11.5703  40.104618  40.109134    35.4982    35.5017     2.6190    269.007     2.5006    279.650      10.87    1481.32     182587          1     1.9183 2.8225e-04    276.286    287.217    27.0590    27.0615         18  0.000e+00
   7607.792   48.93972  -16.46530     33.328     33.043    11.5689    11.5704  40.104550  40.109469    35.4986    35.5020     2.6203    269.202     2.4994    279.447      10.87    1481.68     182588          1     1.9183 2.8225e-04    276.487    287.009    27.0593    27.0617         18  0.000e+00
   7607.833   48.93972  -16.46530     33.289     33.004    11.5690    11.5704  40.104346  40.109000    35.4982    35.5015     2.6203    269.235     2.4994    279.457      10.87    1481.68     182589          1     1.9183 2.8225e-04    276.520    287.020    27.0591    27.0613         18  0.000e+00
   7607.875   48.93972  -16.46530     33.250     32.965    11.5690    11.5707  40.104482  40.109334    35.4984    35.5015     2.6190    269.076     2.5018    279.830      10.87    1481.68     182590          1     1.9183 2.8225e-04    276.357    287.403    27.0592    27.0613         18  0.000e+00
   7607.917   48.93972  -16.46530     33.357     33.072    11.5690    11.5704  40.104550  40.108933    35.4984    35.5014     2.6190    269.076     2.5006    279.653      10.87    1481.32     182591          1     1.9183 2.8225e-04    276.357    287.221    27.0592    27.0613         18  0.000e+00
   7607.958   48.93972  -16.46530     33.328     33.043    11.5692    11.5705  40.104822  40.109134    35.4986    35.5015     2.6190    269.088     2.4994    279.468      10.86    1481.32     182592          1     1.9183 2.8225e-04    276.369    287.031    27.0593    27.0613         18  0.000e+00
   7608.000   48.93972  -16.46530     33.289     33.004    11.5690    11.5705  40.104686  40.109134    35.4986    35.5015     2.6190    269.102     2.5018    279.842      10.86    1481.32     182593          1     1.9183 2.8225e-04    276.383    287.415    27.0593    27.0613         18  0.000e+00
   7608.042   48.93972  -16.46530     33.357     33.072    11.5689    11.5702  40.104618  40.109134    35.4986    35.5018     2.6190    269.119     2.5006    279.662      10.87    1481.32     182594          1     1.9183 2.8225e-04    276.401    287.230    27.0594    27.0616         18  0.000e+00
   7608.083   48.93972  -16.46530     33.397     33.111    11.5692    11.5704  40.104822  40.109402    35.4985    35.5019     2.6190    269.114     2.4994    279.455      10.86    1481.68     182595          1     1.9183 2.8225e-04    276.396    287.017    27.0592    27.0616         18  0.000e+00
   7608.125   48.93972  -16.46530     33.357     33.072    11.5692    11.5704  40.104890  40.109067    35.4986    35.5015     2.6190    269.126     2.5006    279.634      10.87    1481.32     182596          1     1.9183 2.8225e-04    276.408    287.202    27.0593    27.0614         18  0.000e+00
   7608.167   48.93972  -16.46530     33.397     33.111    11.5690    11.5702  40.104618  40.109067    35.4985    35.5017     2.6190    269.142     2.5006    279.646      10.87    1481.68     182597          1     1.9183 2.8225e-04    276.425    287.214    27.0592    27.0615         18  0.000e+00
   7608.208   48.93972  -16.46530     33.357     33.072    11.5690    11.5705  40.104346  40.109134    35.4982    35.5015     2.6190    269.136     2.4994    279.435      10.86    1481.68     182598          1     1.9183 2.8225e-04    276.418    286.997    27.0590    27.0613         18  0.000e+00
   7608.250   48.93972  -16.46530     33.397     33.111    11.5690    11.5702  40.104483  40.109201    35.4983    35.5018     2.6190    269.131     2.5006    279.595      10.87    1481.32     182599          1     1.9183 2.8225e-04    276.413    287.161    27.0591    27.0616         18  0.000e+00
   7608.292   48.93972  -16.46530     33.436     33.150    11.5690    11.5705  40.104822  40.108867    35.4986    35.5012     2.6190    269.144     2.5018    279.774      10.87    1481.32     182600          1     1.9183 2.8225e-04    276.426    287.345    27.0594    27.0611         18  0.000e+00
   7608.333   48.93972  -16.46530     33.397     33.111    11.5693    11.5704  40.104686  40.108800    35.4982    35.5013     2.6190    269.134     2.4994    279.439      10.86    1481.68     182601          1     1.9183 2.8225e-04    276.417    287.001    27.0590    27.0611         18  0.000e+00
   7608.375   48.93966  -16.46534     33.436     33.150    11.5690    11.5704  40.104551  40.109335    35.4984    35.5018     2.6190    269.130     2.5006    279.619      10.86    1481.68     182602          1     1.9183 2.8225e-04    276.412    287.186    27.0592    27.0615         18  0.000e+00
   7608.417   48.93966  -16.46534     33.436     33.150    11.5692    11.5703  40.104551  40.109067    35.4982    35.5016     2.6190    269.121     2.5018    279.798      10.87    1481.32     182603          1     1.9183 2.8225e-04    276.403    287.370    27.0590    27.0614         18  0.000e+00
   7608.458   48.93966  -16.46534     33.465     33.179    11.5693    11.5705  40.104822  40.109068    35.4983    35.5014     2.6190    269.112     2.4994    279.440      10.87    1481.68     182604          1     1.9183 2.8225e-04    276.394    287.002    27.0590    27.0612         18  0.000e+00
   7608.500   48.93966  -16.46534     33.436     33.149    11.5692    11.5704  40.104890  40.108867    35.4986    35.5013     2.6190    269.102     2.5006    279.619      10.87    1481.32     182605          1     1.9183 2.8225e-04    276.384    287.186    27.0593    27.0612         18  0.000e+00
   7608.542   48.93972  -16.46530     33.465     33.179    11.5692    11.5704  40.104958  40.109335    35.4986    35.5018     2.6190    269.093     2.5006    279.603      10.87    1481.68     182606          1     1.9183 2.7542e-04    276.374    287.170    27.0593    27.0615         18  0.000e+00
   7608.583   48.93972  -16.46530     33.436     33.149    11.5692    11.5704  40.104890  40.109536    35.4986    35.5020     2.6190    269.081     2.4994    279.391      10.87    1481.68     182607          1     1.9183 2.6858e-04    276.362    286.952    27.0593    27.0617         18  0.000e+00
   7608.625   48.93972  -16.46530     33.465     33.179    11.5690    11.5707  40.104415  40.109001    35.4982    35.5012     2.6190    269.090     2.5018    279.763      10.87    1481.68     182608          1     1.9183 2.6687e-04    276.371    287.334    27.0590    27.0610         18  0.000e+00
   7608.667   48.93972  -16.46530     33.357     33.072    11.5693    11.5705  40.104686  40.109335    35.4982    35.5017     2.6190    269.072     2.5006    279.617      10.87    1481.32     182609          1     1.9183 2.6687e-04    276.353    287.184    27.0590    27.0614         18  0.000e+00
   7608.708   48.93972  -16.46530     33.543     33.256    11.5692    11.5704  40.104687  40.109336    35.4983    35.5017     2.6190    269.067     2.4994    279.438      10.86    1481.68     182610          1     1.9183 2.6858e-04    276.348    287.000    27.0591    27.0615         18  0.000e+00
   7608.750   48.93972  -16.46530     33.289     33.004    11.5692    11.5705  40.104550  40.109134    35.4983    35.5015     2.6190    269.045     2.5018    279.777      10.86    1481.32     182611          1     1.9183 2.6858e-04    276.325    287.348    27.0591    27.0613         18  0.000e+00
   7608.792   48.93972  -16.46530     33.758     33.470    11.5690    11.5704  40.104552  40.109136    35.4982    35.5014     2.6190    269.048     2.5006    279.606      10.86    1481.68     182612          1     1.9183 2.6858e-04    276.328    287.172    27.0591    27.0613         18  0.000e+00
   7608.833   48.93972  -16.46530     33.357     33.072    11.5692    11.5703  40.104618  40.109134    35.4983    35.5017     2.6190    269.018     2.4994    279.426      10.86    1481.68     182613          1     1.9073 2.6858e-04    276.298    286.988    27.0591    27.0615         18  0.000e+00
   7608.875   48.93972  -16.46530     33.504     33.217    11.5692    11.5705  40.104823  40.109469    35.4985    35.5017     2.6190    269.008     2.5006    279.607      10.87    1481.32     182614          1     1.9183 2.6858e-04    276.287    287.174    27.0592    27.0615         18  0.000e+00
   7608.917   48.93972  -16.46530     33.543     33.256    11.5693    11.5705  40.104891  40.109202    35.4983    35.5015     2.6190    268.992     2.5006    279.592      10.87    1481.68     182615          1     1.9183 2.6858e-04    276.271    287.159    27.0591    27.0613         18  0.000e+00
   7608.958   48.93972  -16.46530     33.357     33.072    11.5692    11.5704  40.104618  40.109669    35.4983    35.5021     2.6190    268.970     2.4994    279.374      10.87    1481.32     182616          1     1.9183 2.6858e-04    276.248    286.935    27.0591    27.0618         18  0.000e+00
   7609.000   48.93972  -16.46530     33.543     33.256    11.5693    11.5705  40.104347  40.109603    35.4978    35.5019     2.6190    268.958     2.5006    279.580      10.87    1481.68     182617          1     1.9183 2.6858e-04    276.236    287.146    27.0587    27.0616         18  0.000e+00
   7609.042   48.93972  -16.46530     33.435     33.149    11.5692    11.5707  40.104483  40.109335    35.4982    35.5015     2.6190    268.955     2.5006    279.583      10.87    1481.68     182618          1     1.9183 2.6858e-04    276.233    287.149    27.0590    27.0612         18  0.000e+00
   7609.083   48.93972  -16.46530     33.465     33.178    11.5692    11.5705  40.104822  40.109134    35.4985    35.5014     2.6178    268.765     2.4994    279.375      10.87    1481.68     182619          1     1.9183 2.6858e-04    276.038    286.935    27.0592    27.0612         18  0.000e+00
   7609.125   48.93972  -16.46530     33.504     33.217    11.5693    11.5705  40.104958  40.109135    35.4984    35.5014     2.6190    268.901     2.5018    279.770      10.86    1481.68     182620          1     1.9183 2.6858e-04    276.177    287.341    27.0591    27.0612         18  0.000e+00
   7609.167   48.93972  -16.46530     33.396     33.110    11.5692    11.5704  40.104890  40.109201    35.4986    35.5017     2.6178    268.726     2.5006    279.603      10.87    1481.32     182621          1     1.9183 2.6858e-04    275.997    287.169    27.0593    27.0615         18  0.000e+00
   7609.208   48.93972  -16.46530     33.435     33.149    11.5693    11.5705  40.104890  40.108867    35.4984    35.5012     2.6178    268.709     2.4994    279.394      10.86    1481.32     182622          1     1.9183 2.6858e-04    275.980    286.955    27.0591    27.0611         18  0.000e+00
   7609.250   48.93972  -16.46530     33.504     33.217    11.5692    11.5705  40.104891  40.109335    35.4985    35.5016     2.6190    268.866     2.5018    279.743      10.87    1481.68     182623          1     1.9183 2.6858e-04    276.142    287.313    27.0593    27.0614         18  0.000e+00
   7609.292   48.93972  -16.46530     33.396     33.110    11.5692    11.5705  40.104686  40.108933    35.4984    35.5013     2.6190    268.864     2.5006    279.597      10.86    1481.68     182624          1     1.9183 2.6858e-04    276.139    287.163    27.0591    27.0611         18  0.000e+00
   7609.333   48.93972  -16.46530     33.435     33.149    11.5693    11.5704  40.104822  40.109134    35.4983    35.5016     2.6190    268.865     2.5006    279.604      10.87    1481.32     182625          1     1.9183 2.6858e-04    276.140    287.171    27.0591    27.0614         18  0.000e+00
   7609.375   48.93966  -16.46534     33.396     33.110    11.5692    11.5704  40.104890  40.109134    35.4986    35.5016     2.6190    268.865     2.5018    279.778      10.86    1481.68     182626          1     1.9183 2.6687e-04    276.140    287.350    27.0593    27.0614         18  0.000e+00
   7609.417   48.93966  -16.46534     33.504     33.217    11.5693    11.5705  40.104687  40.109135    35.4982    35.5014     2.6190    268.869     2.5006    279.614      10.87    1481.32     182627          1     1.9183 2.6858e-04    276.144    287.181    27.0589    27.0612         18  0.000e+00
   7609.458   48.93966  -16.46534     33.249     32.965    11.5692    11.5704  40.104822  40.109401    35.4986    35.5019     2.6190    268.861     2.5006    279.632      10.87    1481.32     182628          1     1.9183 2.6858e-04    276.136    287.200    27.0593    27.0617         18  0.000e+00
   7609.500   48.93966  -16.46534     33.504     33.217    11.5692    11.5703  40.104891  40.109335    35.4985    35.5018     2.6190    268.871     2.5006    279.647      10.86    1481.32     182629          1     1.9183 2.6858e-04    276.146    287.214    27.0593    27.0616         18  0.000e+00
   7609.542   48.93972  -16.46530     33.396     33.110    11.5692    11.5705  40.104890  40.109469    35.4986    35.5018     2.6178    268.696     2.5006    279.623      10.86    1481.68     182630          1     1.9183 2.6687e-04    275.967    287.190    27.0593    27.0615         18  0.000e+00
   7609.583   48.93972  -16.46530     33.357     33.072    11.5690    11.5702  40.104686  40.109201    35.4985    35.5019     2.6178    268.680     2.5006    279.627      10.86    1481.32     182631          1     1.9183 2.6687e-04    275.950    287.195    27.0593    27.0616         18  0.000e+00
   7609.625   48.93972  -16.46530     33.357     33.072    11.5690    11.5704  40.104822  40.108933    35.4987    35.5014     2.6190    268.835     2.5006    279.654      10.87    1481.68     182632          1     1.9073 2.5832e-04    276.110    287.222    27.0594    27.0613         18  0.000e+00
   7609.667   48.93972  -16.46530     33.328     33.042    11.5690    11.5705  40.104618  40.109067    35.4985    35.5014     2.6190    268.837     2.5018    279.827      10.87    1481.32     182633          1     1.8963 2.5319e-04    276.111    287.399    27.0592    27.0612         18  0.000e+00
   7609.708   48.93972  -16.46530     33.357     33.072    11.5692    11.5703  40.104550  40.109402    35.4983    35.5019     2.6190    268.840     2.5006    279.637      10.87    1481.68     182634          1     1.8963 2.5319e-04    276.114    287.204    27.0591    27.0617         18  0.000e+00
   7609.750   48.93972  -16.46530     33.328     33.042    11.5690    11.5704  40.104822  40.109201    35.4987    35.5017     2.6190    268.841     2.5006    279.661      10.86    1481.68     182635          1     1.8963 2.5490e-04    276.116    287.229    27.0594    27.0615         18  0.000e+00
   7609.792   48.93972  -16.46530     33.288     33.004    11.5689    11.5704  40.104414  40.108933    35.4984    35.5014     2.6190    268.843     2.5006    279.663      10.86    1481.32     182636          1     1.8963 2.5490e-04    276.118    287.231    27.0592    27.0613         18  0.000e+00
   7609.833   48.93972  -16.46530     33.328     33.042    11.5689    11.5705  40.104482  40.109067    35.4985    35.5014     2.6190    268.865     2.5006    279.643      10.87    1481.32     182637          1     1.8963 2.5490e-04    276.140    287.210    27.0593    27.0612         18  0.000e+00
   7609.875   48.93972  -16.46530     33.288     33.004    11.5690    11.5704  40.105094  40.108866    35.4990    35.5014     2.6190    268.883     2.5018    279.814      10.87    1481.68     182638          1     1.8963 2.5490e-04    276.159    287.386    27.0596    27.0612         18  0.000e+00
   7609.917   48.93972  -16.46530     33.249     32.965    11.5692    11.5704  40.105025  40.108799    35.4988    35.5013     2.6178    268.714     2.5006    279.665      10.86    1481.32     182639          1     1.8963 2.5490e-04    275.985    287.233    27.0595    27.0612         18  0.000e+00
