Data_example/SBE_Data_Processed/DY130/SeaBird/Data/Batch/DY130_001.ros
* Sea-Bird SBE 9 Data File:
* FileName = C:\Users\sandm\Documents\Cruises\DY130\Data\Raw Data\DY130_001.hex
* Software Version Seasave V 7.26.7.121
* Temperature SN = 03P-5494
* Conductivity SN = 04C-3768
* Number of Bytes Per Scan = 45
* Number of Voltage Words = 4
* Number of Scans Averaged by the Deck Unit = 1
* NMEA Latitude = 48 15.46 N
* NMEA Longitude = 010 08.85 W
* NMEA UTC (Time) = Mar 28 2021  15:02:43
* NMEA baud rate = 9600
** Ship: RRS Discovery
** Cruise: DY130
** Cast: DY130_001
** Station: 016
** Julian Day: 087
** Date: 28th March 2021
** Time (GMT): 15:02
** Latitude: 48 15.46
** Longitude: 10 08.85
** Depth (uncorrected m): 3399
** Principal Scientist: Sue Hart
** Operator: BP/PH
# nquan = 28
# nvalues = 2662                                  
# units = specified
# name 0 = timeS: Time, Elapsed [seconds]
# name 1 = latitude: Latitude [deg]
# name 2 = longitude: Longitude [deg]
# name 3 = prDM: Pressure, Digiquartz [db]
# name 4 = depSM: Depth [salt water, m]
# name 5 = t090C: Temperature [ITS-90, deg C]
# name 6 = t190C: Temperature, 2 [ITS-90, deg C]
# name 7 = c0mS/cm: Conductivity [mS/cm]
# name 8 = c1mS/cm: Conductivity, 2 [mS/cm]
# name 9 = sal00: Salinity, Practical [PSU]
# name 10 = sal11: Salinity, Practical, 2 [PSU]
# name 11 = sbeox0V: Oxygen raw, SBE 43 [V]
# name 12 = sbox0Mm/Kg: Oxygen, SBE 43 [umol/kg]
# name 13 = sbeox1V: Oxygen raw, SBE 43, 2 [V]
# name 14 = sbox1Mm/Kg: Oxygen, SBE 43, 2 [umol/kg]
# name 15 = ptempC: Pressure Temperature [deg C]
# name 16 = altM: Altimeter [m]
# name 17 = scan: Scan Count
# name 18 = pumps: Pump Status
# name 19 = flECO-AFL: Fluorescence, WET Labs ECO-AFL/FL [mg/m^3]
# name 20 = turbWETbb0: Turbidity, WET Labs ECO BB [m^-1/sr]
# name 21 = ph: pH
# name 22 = sbeox0Mm/L: Oxygen, SBE 43 [umol/l]
# name 23 = sbeox1Mm/L: Oxygen, SBE 43, 2 [umol/l]
# name 24 = sigma-é00: Density [sigma-theta, kg/m^3]
# name 25 = sigma-é11: Density, 2 [sigma-theta, kg/m^3]
# name 26 = nbf: Bottles Fired
# name 27 = flag:  0.000e+00
# interval = seconds: 0.0416667
# start_time = Mar 28 2021 15:02:43 [NMEA time, first data scan]
# bad_flag = -9.990e-29
*END*
[from data line 1399]
   6261.417   48.25768  -10.14756    376.853    373.341    11.1884    11.1921  39.881001  39.886371    35.4888    35.4906     2.2540    235.059     2.1661    245.464      10.65    1481.68     150275          1    -0.0487 1.1644e-04     18.686    241.437    252.124    27.1306    27.1313         12  0.000e+00
   6261.458   48.25768  -10.14756    376.931    373.419    11.1884    11.1921  39.881205  39.886304    35.4890    35.4905     2.2540    235.055     2.1661    245.451      10.65    1481.32     150276          1    -0.0487 1.1644e-04     18.680    241.432    252.111    27.1307    27.1312         12  0.000e+00
   6261.500   48.25768  -10.14756    376.853    373.341    11.1884    11.1921  39.880798  39.886037    35.4886    35.4902     2.2540    235.045     2.1661    245.460      10.65    1481.32     150277          1    -0.0487 1.1644e-04     18.680    241.422    252.120    27.1304    27.1310         12  0.000e+00
   6261.542   48.25768  -10.14756    376.931    373.419    11.1884    11.1921  39.881137  39.886438    35.4889    35.4906     2.2540    235.039     2.1661    245.446      10.65    1481.68     150278          1    -0.0377 1.1644e-04     18.673    241.415    252.105    27.1306    27.1313         12  0.000e+00
   6261.583   48.25768  -10.14756    376.931    373.419    11.1884    11.1920  39.881340  39.886438    35.4891    35.4907     2.2540    235.029     2.1661    245.456      10.65    1481.68     150279          1    -0.0377 1.1644e-04     18.667    241.405    252.116    27.1308    27.1314         12  0.000e+00
   6261.625   48.25766  -10.14750    377.000    373.487    11.1885    11.1919  39.880798  39.886305    35.4884    35.4906     2.2540    235.021     2.1661    245.442      10.64    1481.68     150280          1    -0.0487 1.1644e-04     18.667    241.398    252.101    27.1303    27.1313         12  0.000e+00
   6261.667   48.25766  -10.14750    376.931    373.419    11.1884    11.1920  39.881408  39.886505    35.4892    35.4908     2.2540    235.008     2.1661    245.421      10.65    1481.32     150281          1    -0.0487 1.1644e-04     18.667    241.384    252.079    27.1309    27.1315         12  0.000e+00
   6261.708   48.25766  -10.14750    377.000    373.487    11.1886    11.1920  39.881679  39.886371    35.4892    35.4906     2.2540    234.997     2.1661    245.404      10.65    1481.32     150282          1    -0.0377 1.1644e-04     18.667    241.372    252.062    27.1309    27.1314         12  0.000e+00
   6261.750   48.25766  -10.14750    377.000    373.487    11.1887    11.1920  39.881408  39.886505    35.4888    35.4908     2.2540    234.984     2.1661    245.383      10.65    1481.32     150283          1    -0.0487 1.1644e-04     18.667    241.359    252.041    27.1305    27.1315         12  0.000e+00
   6261.792   48.25766  -10.14750    377.000    373.487    11.1886    11.1920  39.881544  39.886371    35.4891    35.4906     2.2540    234.992     2.1661    245.362      10.64    1481.68     150284          1    -0.0487 1.1644e-04     18.667    241.367    252.019    27.1308    27.1314         12  0.000e+00
   6261.833   48.25768  -10.14756    377.010    373.497    11.1889    11.1921  39.880866  39.886638    35.4881    35.4908     2.2540    235.000     2.1661    245.366      10.65    1481.32     150285          1    -0.0487 1.1644e-04     18.667    241.375    252.023    27.1299    27.1314         12  0.000e+00
   6261.875   48.25768  -10.14756    377.079    373.565    11.1887    11.1922  39.881680  39.886639    35.4890    35.4906     2.2540    235.009     2.1661    245.345      10.64    1481.68     150286          1    -0.0487 1.1644e-04     18.667    241.385    252.001    27.1307    27.1313         12  0.000e+00
   6261.917   48.25768  -10.14756    377.000    373.487    11.1886    11.1921  39.881476  39.886638    35.4890    35.4908     2.2527    234.833     2.1661    245.346      10.65    1481.32     150287          1    -0.0377 1.1644e-04     18.667    241.204    252.003    27.1307    27.1314         12  0.000e+00
   6261.958   48.25768  -10.14756    377.148    373.633    11.1886    11.1921  39.881070  39.886372    35.4885    35.4904     2.2527    234.805     2.1661    245.354      10.64    1481.68     150288          1    -0.0487 1.1644e-04     18.661    241.175    252.011    27.1303    27.1312         12  0.000e+00
   6262.000   48.25768  -10.14756    377.079    373.565    11.1886    11.1922  39.881476  39.886505    35.4890    35.4905     2.2527    234.790     2.1661    245.355      10.65    1481.32     150289          1    -0.0487 1.1644e-04     18.661    241.160    252.011    27.1307    27.1312         12  0.000e+00
   6262.042   48.25768  -10.14756    377.079    373.565    11.1884    11.1922  39.881409  39.886973    35.4891    35.4909     2.2540    234.941     2.1661    245.357      10.65    1481.32     150290          1    -0.0377 1.1644e-04     18.661    241.315    252.014    27.1308    27.1315         12  0.000e+00
   6262.083   48.25768  -10.14756    377.079    373.565    11.1887    11.1922  39.881544  39.886973    35.4889    35.4909     2.2540    234.927     2.1661    245.333      10.65    1481.68     150291          1    -0.0487 1.1644e-04     18.661    241.300    251.990    27.1306    27.1315         12  0.000e+00
   6262.125   48.25768  -10.14756    377.226    373.711    11.1887    11.1924  39.881612  39.886706    35.4889    35.4904     2.2540    234.918     2.1661    245.313      10.65    1481.32     150292          1    -0.0377 1.1644e-04     18.661    241.291    251.969    27.1306    27.1311         12  0.000e+00
   6262.167   48.25768  -10.14756    377.148    373.633    11.1886    11.1926  39.881680  39.886839    35.4891    35.4904     2.2540    234.901     2.1661    245.284      10.65    1481.32     150293          1    -0.0487 1.1644e-04     18.655    241.274    251.939    27.1308    27.1311         12  0.000e+00
   6262.208   48.25768  -10.14756    377.148    373.633    11.1887    11.1926  39.881883  39.886973    35.4892    35.4906     2.2540    234.885     2.1661    245.284      10.65    1481.68     150294          1    -0.0377 1.1815e-04     18.655    241.258    251.939    27.1308    27.1312         12  0.000e+00
   6262.250   48.25768  -10.14756    377.216    373.701    11.1888    11.1928  39.882494  39.886973    35.4897    35.4904     2.2527    234.687     2.1648    245.080      10.65    1481.68     150295          1    -0.0377 1.2328e-04     18.655    241.055    251.729    27.1312    27.1310         12  0.000e+00
   6262.292   48.25768  -10.14756    377.148    373.633    11.1894    11.1926  39.882426  39.887307    35.4891    35.4909     2.2540    234.829     2.1661    245.259      10.65    1481.68     150296          1    -0.0377 1.2328e-04     18.661    241.200    251.913    27.1306    27.1315         12  0.000e+00
   6262.333   48.25768  -10.14756    377.217    373.701    11.1894    11.1926  39.882087  39.887374    35.4887    35.4909     2.2540    234.836     2.1648    245.056      10.65    1481.68     150297          1    -0.0377 1.2328e-04     18.655    241.207    251.705    27.1303    27.1315         12  0.000e+00
   6262.375   48.25768  -10.14756    377.217    373.701    11.1894    11.1926  39.882222  39.887040    35.4889    35.4906     2.2540    234.819     2.1661    245.239      10.65    1481.68     150298          1    -0.0377 1.2328e-04     18.655    241.190    251.892    27.1305    27.1312         12  0.000e+00
   6262.417   48.25768  -10.14756    377.295    373.779    11.1892    11.1921  39.882087  39.886973    35.4889    35.4910     2.2540    234.826     2.1648    245.040      10.65    1481.32     150299          1    -0.0377 1.2328e-04     18.655    241.196    251.688    27.1305    27.1316         12  0.000e+00
   6262.458   48.25768  -10.14756    377.295    373.779    11.1891    11.1922  39.881748  39.886706    35.4887    35.4906     2.2540    234.830     2.1648    245.017      10.65    1481.32     150300          1    -0.0267 1.2328e-04     18.655    241.201    251.665    27.1304    27.1313         12  0.000e+00
   6262.500   48.25768  -10.14756    377.295    373.779    11.1891    11.1922  39.881680  39.886973    35.4886    35.4908     2.2527    234.651     2.1648    244.995      10.65    1481.68     150301          1    -0.0377 1.2328e-04     18.655    241.017    251.642    27.1303    27.1315         12  0.000e+00
   6262.542   48.25768  -10.14756    377.364    373.847    11.1891    11.1921  39.881884  39.887307    35.4888    35.4913     2.2527    234.637     2.1661    245.183      10.65    1481.32     150302          1    -0.0377 1.2328e-04     18.655    241.003    251.835    27.1305    27.1318         12  0.000e+00
   6262.583   48.25768  -10.14756    377.364    373.847    11.1891    11.1922  39.881749  39.887040    35.4887    35.4909     2.2540    234.804     2.1648    244.982      10.65    1481.32     150303          1    -0.0377 1.2328e-04     18.655    241.174    251.629    27.1304    27.1315         12  0.000e+00
   6262.625   48.25766  -10.14750    377.364    373.847    11.1891    11.1922  39.882426  39.886707    35.4893    35.4905     2.2540    234.808     2.1648    244.964      10.65    1481.68     150304          1    -0.0377 1.2328e-04     18.649    241.179    251.610    27.1309    27.1312         12  0.000e+00
   6262.667   48.25766  -10.14750    377.374    373.857    11.1891    11.1918  39.882698  39.886373    35.4896    35.4907     2.2540    234.813     2.1648    244.948      10.65    1481.32     150305          1    -0.0377 1.2328e-04     18.649    241.184    251.594    27.1311    27.1314         12  0.000e+00
   6262.708   48.25766  -10.14750    377.433    373.915    11.1894    11.1919  39.882427  39.886306    35.4890    35.4904     2.2540    234.819     2.1648    244.933      10.64    1481.68     150306          1    -0.0267 1.2328e-04     18.649    241.190    251.578    27.1305    27.1312         12  0.000e+00
   6262.750   48.25766  -10.14750    377.433    373.915    11.1895    11.1914  39.882359  39.886106    35.4888    35.4907     2.2540    234.824     2.1636    244.713      10.65    1481.68     150307          1    -0.0377 1.2328e-04     18.655    241.195    251.352    27.1304    27.1315         12  0.000e+00
   6262.792   48.25766  -10.14750    377.433    373.915    11.1897    11.1914  39.882359  39.885972    35.4886    35.4905     2.2527    234.646     2.1648    244.879      10.65    1481.68     150308          1    -0.0377 1.2328e-04     18.655    241.012    251.523    27.1302    27.1314         12  0.000e+00
   6262.833   48.25768  -10.14756    377.511    373.993    11.1895    11.1913  39.882088  39.886173    35.4885    35.4908     2.2540    234.839     2.1648    244.869      10.65    1481.32     150309          1    -0.0377 1.2328e-04     18.655    241.210    251.513    27.1302    27.1317         12  0.000e+00
   6262.875   48.25768  -10.14756    377.511    373.993    11.1894    11.1913  39.882224  39.886307    35.4887    35.4910     2.2540    234.846     2.1648    244.857      10.65    1481.68     150310          1    -0.0267 1.2328e-04     18.655    241.217    251.501    27.1304    27.1318         12  0.000e+00
   6262.917   48.25768  -10.14756    377.580    374.061    11.1892    11.1911  39.882359  39.886307    35.4890    35.4911     2.2540    234.855     2.1648    244.849      10.65    1481.32     150311          1    -0.0377 1.2328e-04     18.655    241.227    251.493    27.1306    27.1319         12  0.000e+00
   6262.958   48.25768  -10.14756    377.511    373.993    11.1894    11.1914  39.882088  39.886373    35.4886    35.4909     2.2540    234.859     2.1648    244.836      10.65    1481.32     150312          1    -0.0377 1.2328e-04     18.661    241.231    251.479    27.1303    27.1317         12  0.000e+00
   6263.000   48.25768  -10.14756    377.580    374.061    11.1889    11.1913  39.881749  39.886307    35.4887    35.4910     2.2540    234.871     2.1636    244.625      10.65    1481.68     150313          1    -0.0267 1.2328e-04     18.661    241.243    251.262    27.1304    27.1317         12  0.000e+00
   6263.042   48.25768  -10.14756    377.511    373.993    11.1892    11.1911  39.882156  39.886507    35.4889    35.4914     2.2540    234.874     2.1636    244.591      10.65    1481.68     150314          1    -0.0377 1.2328e-04     18.661    241.246    251.227    27.1305    27.1321         12  0.000e+00
   6263.083   48.25768  -10.14756    377.659    374.139    11.1891    11.1914  39.881817  39.886374    35.4886    35.4908     2.2540    234.886     2.1636    244.564      10.65    1481.68     150315          1    -0.0377 1.2328e-04     18.661    241.258    251.200    27.1303    27.1316         12  0.000e+00
   6263.125   48.25768  -10.14756    377.580    374.061    11.1892    11.1911  39.882156  39.886507    35.4888    35.4913     2.2540    234.868     2.1636    244.535      10.65    1481.32     150316          1    -0.0267 1.2328e-04     18.661    241.240    251.170    27.1305    27.1321         12  0.000e+00
   6263.167   48.25768  -10.14756    377.728    374.207    11.1889    11.1911  39.882021  39.886374    35.4889    35.4911     2.2540    234.880     2.1636    244.514      10.65    1481.68     150317          1    -0.0377 1.2328e-04     18.661    241.252    251.148    27.1306    27.1319         12  0.000e+00
   6263.208   48.25768  -10.14756    377.590    374.071    11.1892    11.1913  39.882495  39.886374    35.4892    35.4910     2.2540    234.880     2.1636    244.486      10.65    1481.68     150318          1    -0.0377 1.2328e-04     18.661    241.252    251.119    27.1307    27.1318         12  0.000e+00
   6263.250   48.25768  -10.14756    377.728    374.207    11.1892    11.1913  39.882428  39.886842    35.4890    35.4914     2.2540    234.890     2.1636    244.468      10.65    1481.68     150319          1    -0.0377 1.2328e-04     18.661    241.263    251.101    27.1306    27.1321         12  0.000e+00
   6263.292   48.25768  -10.14756    377.728    374.207    11.1891    11.1913  39.882563  39.886441    35.4893    35.4910     2.2540    234.896     2.1636    244.449      10.65    1481.32     150320          1    -0.0377 1.1986e-04     18.661    241.269    251.081    27.1309    27.1318         12  0.000e+00
   6263.333   48.25768  -10.14756    377.728    374.207    11.1892    11.1910  39.882970  39.886307    35.4896    35.4912     2.2540    234.901     2.1636    244.434      10.65    1481.68     150321          1    -0.0267 1.1644e-04     18.661    241.274    251.066    27.1310    27.1320         12  0.000e+00
   6263.375   48.25768  -10.14756    377.728    374.207    11.1894    11.1913  39.882496  39.886307    35.4889    35.4909     2.2527    234.725     2.1636    244.417      10.65    1481.32     150322          1    -0.0377 1.1644e-04     18.661    241.093    251.049    27.1305    27.1317         12  0.000e+00
   6263.417   48.25768  -10.14756    377.728    374.207    11.1894    11.1911  39.882360  39.886107    35.4888    35.4909     2.2527    234.711     2.1636    244.406      10.65    1481.32     150323          1    -0.0377 1.1644e-04     18.661    241.079    251.037    27.1304    27.1317         12  0.000e+00
   6263.458   48.25768  -10.14756    377.797    374.275    11.1895    11.1913  39.882089  39.886441    35.4884    35.4910     2.2540    234.883     2.1636    244.396      10.65    1481.32     150324          1    -0.0377 1.1644e-04     18.655    241.255    251.027    27.1301    27.1318         12  0.000e+00
