Data_example/SBE_Data_Processed/DY130/SeaBird/Data/Batch/DY130_011.ros
* Sea-Bird SBE 9 Data File:
* FileName = C:\Users\sandm\Documents\Cruises\DY130\Data\Raw Data\DY130_011.hex
* Software Version Seasave V 7.26.7.121
* Temperature SN = 03P-5494
* Conductivity SN = 04C-3768
* Number of Bytes Per Scan = 45
* Number of Voltage Words = 4
* Number of Scans Averaged by the Deck Unit = 1
* NMEA Latitude = 49 00.01 N
* NMEA Longitude = 016 30.03 W
* NMEA UTC (Time) = Apr 08 2021  08:05:03
* NMEA baud rate = 9600
** Ship: RRS Discovery
** Cruise: DY130
** Cast: DY130_011
** Station: 068
** Julian Day: 098
** Date: 08/04/2021
** Time (GMT):
** Latitude: 49 00.01 N
** Longitude: 16 30.03 W
** Depth (uncorrected m): 4808
** Principal Scientist: Sue Hart
** Operator: BP/PH
# nquan = 27
# nvalues = 2783                                  
# units = specified
# name 0 = timeS: Time, Elapsed [seconds]
# name 1 = latitude: Latitude [deg]
# name 2 = longitude: Longitude [deg]
# name 3 = prDM: Pressure, Digiquartz [db]
# name 4 = depSM: Depth [salt water, m]
# name 5 = t090C: Temperature [ITS-90, deg C]
# name 6 = t190C: Temperature, 2 [ITS-90, deg C]
# name 7 = c0mS/cm: Conductivity [mS/cm]
# name 8 = c1mS/cm: Conductivity, 2 [mS/cm]
# name 9 = sal00: Salinity, Practical [PSU]
# name 10 = sal11: Salinity, Practical, 2 [PSU]
# name 11 = sbeox0V: Oxygen raw, SBE 43 [V]
# name 12 = sbox0Mm/Kg: Oxygen, SBE 43 [umol/kg]
# name 13 = sbeox1V: Oxygen raw, SBE 43, 2 [V]
# name 14 = sbox1Mm/Kg: Oxygen, SBE 43, 2 [umol/kg]
# name 15 = ptempC: Pressure Temperature [deg C]
# name 16 = altM: Altimeter [m]
# name 17 = scan: Scan Count
# name 18 = pumps: Pump Status
# name 19 = flECO-AFL: Fluorescence, WET Labs ECO-AFL/FL [mg/m^3]
# name 20 = turbWETbb0: Turbidity, WET Labs ECO BB [m^-1/sr]
# name 21 = sbeox0Mm/L: Oxygen, SBE 43 [umol/l]
# name 22 = sbeox1Mm/L: Oxygen, SBE 43, 2 [umol/l]
# name 23 = sigma-é00: Density [sigma-theta, kg/m^3]
# name 24 = sigma-é11: Density, 2 [sigma-theta, kg/m^3]
# name 25 = nbf: Bottles Fired
# name 26 = flag:  0.000e+00
# interval = seconds: 0.0416667
# start_time = Apr 08 2021 08:05:04 [NMEA time, first data scan]
# bad_flag = -9.990e-29
*END*
[from data line 645]
  10535.667   48.99988  -16.50042   3052.406   3004.756     2.8388     2.8408  32.740406  32.744912    34.9360    34.9393     1.5055    238.466     1.4554    248.159       5.62    1481.32     252857          1    -0.0267 9.2509e-05    245.112    255.076    27.8713    27.8738          6  0.000e+00
  10535.708   48.99988  -16.50042   3052.487   3004.836     2.8387     2.8409  32.740344  32.745036    34.9360    34.9392     1.5043    238.185     1.4554    248.114       5.62    1481.32     252858          1    -0.0377 9.4219e-05    244.823    255.030    27.8714    27.8737          6  0.000e+00
  10535.750   48.99988  -16.50042   3052.477   3004.826     2.8388     2.8409  32.740343  32.744788    34.9359    34.9390     1.5043    238.184     1.4554    248.068       5.62    1480.95     252859          1    -0.0377 9.4219e-05    244.822    254.982    27.8712    27.8735          6  0.000e+00
  10535.792   48.99988  -16.50042   3052.487   3004.836     2.8388     2.8409  32.740092  32.744727    34.9356    34.9389     1.5043    238.185     1.4554    248.021       5.62    1481.32     252860          1    -0.0377 9.4219e-05    244.823    254.934    27.8710    27.8735          6  0.000e+00
  10535.833   48.99988  -16.50042   3052.558   3004.906     2.8387     2.8409  32.740407  32.744912    34.9361    34.9391     1.5031    237.814     1.4554    247.976       5.61    1481.32     252861          1    -0.0377 9.4219e-05    244.442    254.888    27.8714    27.8736          6  0.000e+00
  10535.875   48.99988  -16.50042   3052.477   3004.826     2.8388     2.8409  32.740657  32.744541    34.9362    34.9387     1.5043    238.098     1.4554    247.928       5.62    1480.95     252862          1    -0.0377 9.4219e-05    244.735    254.838    27.8715    27.8733          6  0.000e+00
  10535.917   48.99988  -16.50042   3052.569   3004.916     2.8390     2.8409  32.740407  32.744603    34.9357    34.9387     1.5043    238.105     1.4554    248.001       5.62    1480.95     252863          1    -0.0377 9.4219e-05    244.741    254.913    27.8711    27.8733          6  0.000e+00
  10535.958   48.99988  -16.50042   3052.558   3004.906     2.8388     2.8408  32.740344  32.744850    34.9358    34.9392     1.5043    238.109     1.4554    247.959       5.62    1480.95     252864          1    -0.0377 9.4219e-05    244.745    254.870    27.8712    27.8737          6  0.000e+00
  10536.000   48.99988  -16.50042   3052.650   3004.995     2.8390     2.8408  32.740532  32.744727    34.9358    34.9390     1.5043    238.114     1.4554    248.037       5.62    1480.95     252865          1    -0.0377 9.4219e-05    244.751    254.951    27.8712    27.8735          6  0.000e+00
  10536.042   48.99988  -16.50042   3052.558   3004.906     2.8388     2.8408  32.740406  32.744480    34.9359    34.9387     1.5043    238.116     1.4554    248.114       5.61    1480.95     252866          1    -0.0377 9.4219e-05    244.753    255.029    27.8713    27.8733          6  0.000e+00
  10536.083   48.99988  -16.50042   3052.569   3004.916     2.8393     2.8409  32.740532  32.744603    34.9356    34.9387     1.5043    238.118     1.4554    248.080       5.62    1480.95     252867          1    -0.0377 9.4219e-05    244.754    254.995    27.8710    27.8733          6  0.000e+00
  10536.125   48.99988  -16.50042   3052.630   3004.975     2.8390     2.8406  32.740595  32.744480    34.9359    34.9389     1.5043    238.125     1.4554    248.052       5.62    1481.32     252868          1    -0.0377 9.4219e-05    244.761    254.966    27.8713    27.8735          6  0.000e+00
  10536.167   48.99988  -16.50042   3052.650   3004.995     2.8393     2.8404  32.740783  32.743924    34.9359    34.9384     1.5043    238.219     1.4554    248.022       5.62    1481.32     252869          1    -0.0377 9.4219e-05    244.858    254.935    27.8712    27.8731          6  0.000e+00
  10536.208   48.99984  -16.50034   3052.630   3004.975     2.8392     2.8406  32.740909  32.744233    34.9361    34.9386     1.5043    238.226     1.4554    247.987       5.62    1481.32     252870          1    -0.0377 9.4219e-05    244.866    254.899    27.8714    27.8732          6  0.000e+00
  10536.250   48.99984  -16.50034   3052.416   3004.767     2.8394     2.8408  32.740971  32.744418    34.9360    34.9387     1.5043    238.225     1.4554    248.063       5.62    1480.95     252871          1    -0.0377 9.4219e-05    244.865    254.977    27.8713    27.8733          6  0.000e+00
  10536.292   48.99984  -16.50034   3052.864   3005.204     2.8393     2.8403  32.741160  32.744172    34.9362    34.9387     1.5043    238.247     1.4554    248.169       5.61    1480.95     252872          1    -0.0377 9.4219e-05    244.887    255.086    27.8715    27.8733          6  0.000e+00
  10536.333   48.99984  -16.50034   3052.630   3004.975     2.8394     2.8406  32.740971  32.744109    34.9359    34.9384     1.5043    238.247     1.4554    248.137       5.62    1480.95     252873          1    -0.0377 9.4219e-05    244.887    255.053    27.8712    27.8731          6  0.000e+00
  10536.375   48.99988  -16.50040   3052.650   3004.995     2.8396     2.8404  32.741097  32.744109    34.9359    34.9386     1.5043    238.253     1.4554    248.232       5.62    1481.32     252874          1    -0.0377 9.4219e-05    244.894    255.151    27.8712    27.8733          6  0.000e+00
  10536.417   48.99988  -16.50040   3052.711   3005.055     2.8398     2.8399  32.741223  32.743863    34.9358    34.9389     1.5043    238.262     1.4554    248.336       5.62    1481.32     252875          1    -0.0377 9.4219e-05    244.902    255.258    27.8711    27.8736          6  0.000e+00
  10536.458   48.99988  -16.50040   3052.569   3004.916     2.8396     2.8400  32.741222  32.743986    34.9361    34.9389     1.5043    238.265     1.4554    248.433       5.62    1481.32     252876          1    -0.0377 9.4219e-05    244.906    255.358    27.8713    27.8736          6  0.000e+00
  10536.500   48.99988  -16.50040   3052.711   3005.055     2.8399     2.8399  32.741662  32.743615    34.9362    34.9386     1.5043    238.275     1.4554    248.430       5.62    1480.95     252877          1    -0.0377 9.4219e-05    244.916    255.355    27.8714    27.8733          6  0.000e+00
  10536.542   48.99988  -16.50040   3052.650   3004.995     2.8399     2.8400  32.741599  32.743862    34.9361    34.9387     1.5043    238.280     1.4554    248.417       5.62    1481.32     252878          1    -0.0377 9.5928e-05    244.921    255.341    27.8713    27.8734          6  0.000e+00
  10536.583   48.99988  -16.50040   3052.711   3005.055     2.8400     2.8400  32.741536  32.743801    34.9359    34.9386     1.5043    238.289     1.4554    248.410       5.62    1480.95     252879          1    -0.0377 9.4219e-05    244.930    255.334    27.8712    27.8733          6  0.000e+00
  10536.625   48.99988  -16.50040   3052.569   3004.916     2.8402     2.8400  32.741724  32.743800    34.9360    34.9387     1.5043    238.199     1.4554    248.396       5.62    1480.59     252880          1    -0.0377 9.4219e-05    244.837    255.320    27.8712    27.8734          6  0.000e+00
  10536.667   48.99988  -16.50040   3052.711   3005.055     2.8402     2.8397  32.741850  32.743986    34.9361    34.9392     1.5043    238.207     1.4554    248.393       5.62    1481.32     252881          1    -0.0377 9.4219e-05    244.846    255.316    27.8713    27.8738          6  0.000e+00
  10536.708   48.99988  -16.50040   3052.559   3004.906     2.8399     2.8399  32.741599  32.743862    34.9362    34.9389     1.5043    238.207     1.4554    248.378       5.62    1480.95     252882          1    -0.0377 9.4219e-05    244.846    255.301    27.8714    27.8736          6  0.000e+00
  10536.750   48.99988  -16.50040   3052.650   3004.995     2.8402     2.8397  32.741536  32.743801    34.9358    34.9390     1.5043    238.213     1.4554    248.372       5.62    1481.32     252883          1    -0.0267 9.4219e-05    244.852    255.295    27.8710    27.8737          6  0.000e+00
  10536.792   48.99988  -16.50040   3052.630   3004.976     2.8400     2.8399  32.741536  32.743801    34.9360    34.9388     1.5043    238.216     1.4554    248.478       5.62    1480.95     252884          1    -0.0158 9.2509e-05    244.856    255.404    27.8712    27.8735          6  0.000e+00
  10536.833   48.99988  -16.50040   3052.650   3004.995     2.8399     2.8397  32.741285  32.743801    34.9358    34.9390     1.5043    238.222     1.4554    248.475       5.61    1480.95     252885          1    -0.0158 9.2509e-05    244.861    255.401    27.8711    27.8737          6  0.000e+00
  10536.875   48.99988  -16.50040   3052.559   3004.906     2.8398     2.8400  32.741473  32.743800    34.9362    34.9387     1.5043    238.223     1.4554    248.466       5.62    1480.95     252886          1    -0.0158 9.2509e-05    244.863    255.391    27.8714    27.8734          6  0.000e+00
  10536.917   48.99988  -16.50040   3052.569   3004.916     2.8399     2.8400  32.741034  32.743800    34.9355    34.9387     1.5043    238.227     1.4554    248.578       5.62    1480.95     252887          1    -0.0158 9.2509e-05    244.867    255.507    27.8708    27.8734          6  0.000e+00
  10536.958   48.99988  -16.50040   3052.630   3004.976     2.8399     2.8402  32.741348  32.743553    34.9358    34.9382     1.5043    238.232     1.4554    248.580       5.62    1480.95     252888          1    -0.0158 9.2509e-05    244.872    255.509    27.8711    27.8730          6  0.000e+00
  10537.000   48.99988  -16.50040   3052.569   3004.916     2.8396     2.8400  32.741536  32.743677    34.9364    34.9386     1.5043    238.235     1.4554    248.579       5.61    1481.32     252889          1    -0.0158 9.2509e-05    244.875    255.507    27.8716    27.8733          6  0.000e+00
  10537.042   48.99988  -16.50040   3052.559   3004.906     2.8399     2.8399  32.741285  32.743800    34.9358    34.9389     1.5043    238.237     1.4554    248.579       5.62    1480.95     252890          1    -0.0158 9.2509e-05    244.877    255.508    27.8711    27.8735          6  0.000e+00
  10537.083   48.99988  -16.50040   3052.488   3004.836     2.8396     2.8400  32.741473  32.743368    34.9364    34.9382     1.5031    237.867     1.4554    248.577       5.62    1480.95     252891          1    -0.0158 9.2509e-05    244.497    255.505    27.8716    27.8730          6  0.000e+00
  10537.125   48.99988  -16.50040   3052.559   3004.906     2.8398     2.8399  32.741034  32.743430    34.9357    34.9384     1.5031    237.789     1.4554    248.580       5.62    1480.95     252892          1    -0.0158 9.2509e-05    244.416    255.508    27.8710    27.8732          6  0.000e+00
  10537.167   48.99988  -16.50040   3052.477   3004.827     2.8399     2.8395  32.740657  32.743615    34.9351    34.9390     1.5043    238.082     1.4554    248.578       5.62    1480.95     252893          1    -0.0158 9.2509e-05    244.717    255.507    27.8705    27.8737          6  0.000e+00
  10537.208   48.99984  -16.50034   3052.488   3004.836     2.8394     2.8395  32.740783  32.743121    34.9358    34.9384     1.5043    238.095     1.4554    248.580       5.62    1480.95     252894          1    -0.0158 9.2509e-05    244.731    255.509    27.8711    27.8732          6  0.000e+00
  10537.250   48.99984  -16.50034   3052.477   3004.827     2.8396     2.8394  32.740720  32.743121    34.9355    34.9386     1.5043    238.105     1.4554    248.580       5.62    1480.95     252895          1    -0.0158 9.2509e-05    244.742    255.509    27.8709    27.8734          6  0.000e+00
  10537.292   48.99984  -16.50034   3052.488   3004.837     2.8396     2.8395  32.740594  32.743244    34.9354    34.9386     1.5043    238.117     1.4554    248.580       5.61    1481.32     252896          1    -0.0158 9.2509e-05    244.753    255.508    27.8708    27.8733          6  0.000e+00
  10537.333   48.99984  -16.50034   3052.406   3004.757     2.8396     2.8394  32.740782  32.742997    34.9356    34.9385     1.5043    238.125     1.4554    248.578       5.61    1480.95     252897          1    -0.0158 9.2509e-05    244.762    255.507    27.8710    27.8733          6  0.000e+00
  10537.375   48.99988  -16.50040   3052.335   3004.687     2.8394     2.8394  32.741096  32.743120    34.9362    34.9387     1.5043    238.134     1.4554    248.576       5.62    1480.95     252898          1    -0.0158 9.2509e-05    244.771    255.504    27.8714    27.8734          6  0.000e+00
  10537.417   48.99988  -16.50040   3052.406   3004.757     2.8398     2.8395  32.741222  32.742997    34.9360    34.9383     1.5043    238.145     1.4554    248.577       5.62    1481.32     252899          1    -0.0158 9.2509e-05    244.783    255.506    27.8712    27.8731          6  0.000e+00
  10537.458   48.99988  -16.50040   3052.335   3004.687     2.8398     2.8390  32.741473  32.742935    34.9363    34.9388     1.5043    238.153     1.4554    248.578       5.62    1481.32     252900          1    -0.0158 9.2509e-05    244.791    255.507    27.8715    27.8736          6  0.000e+00
  10537.500   48.99988  -16.50040   3052.325   3004.678     2.8399     2.8394  32.741535  32.742935    34.9363    34.9384     1.5043    238.163     1.4554    248.575       5.62    1480.95     252901          1    -0.0158 9.2509e-05    244.801    255.504    27.8715    27.8732          6  0.000e+00
  10537.542   48.99988  -16.50040   3052.254   3004.608     2.8399     2.8394  32.741284  32.743120    34.9359    34.9387     1.5043    238.173     1.4554    248.573       5.62    1480.95     252902          1    -0.0158 9.2509e-05    244.811    255.502    27.8712    27.8735          6  0.000e+00
  10537.583   48.99988  -16.50040   3052.325   3004.678     2.8400     2.8395  32.741410  32.743244    34.9359    34.9387     1.5043    238.185     1.4554    248.574       5.62    1481.32     252903          1    -0.0158 9.2509e-05    244.823    255.503    27.8712    27.8734          6  0.000e+00
  10537.625   48.99988  -16.50040   3052.244   3004.598     2.8401     2.8399  32.741535  32.743243    34.9361    34.9383     1.5043    238.101     1.4554    248.570       5.61    1481.32     252904          1    -0.0158 9.2509e-05    244.737    255.498    27.8713    27.8731          6  0.000e+00
  10537.667   48.99988  -16.50040   3052.183   3004.538     2.8401     2.8399  32.741535  32.743614    34.9361    34.9388     1.5043    238.106     1.4554    248.567       5.62    1481.32     252905          1    -0.0158 9.2509e-05    244.743    255.495    27.8713    27.8735          6  0.000e+00
  10537.708   48.99988  -16.50040   3052.172   3004.528     2.8400     2.8400  32.741535  32.743799    34.9362    34.9389     1.5043    238.206     1.4554    248.565       5.62    1480.95     252906          1    -0.0158 9.2509e-05    244.845    255.494    27.8714    27.8735          6  0.000e+00
  10537.750   48.99988  -16.50040   3052.183   3004.538     2.8401     2.8402  32.741723  32.743984    34.9363    34.9389     1.5043    238.216     1.4554    248.564       5.62    1481.32     252907          1    -0.0158 9.2509e-05    244.856    255.493    27.8715    27.8736          6  0.000e+00
  10537.792   48.99988  -16.50040   3052.172   3004.528     2.8402     2.8403  32.741597  32.743984    34.9361    34.9388     1.5043    238.227     1.4554    248.563       5.62    1480.95     252908          1    -0.0158 9.2509e-05    244.866    255.491    27.8713    27.8734          6  0.000e+00
