Data_example/SBE_Data_Processed/DY130/SeaBird/Data/Batch/DY130_009.ros
* Sea-Bird SBE 9 Data File:
* FileName = C:\Users\sandm\Documents\Cruises\DY130\Data\Raw Data\DY130_009.hex
* Software Version Seasave V 7.26.7.121
* Temperature SN = 03P-5494
* Conductivity SN = 04C-3768
* Number of Bytes Per Scan = 45
* Number of Voltage Words = 4
* Number of Scans Averaged by the Deck Unit = 1
* NMEA Latitude = 48 56.12 N
* NMEA Longitude = 016 26.57 W
* NMEA UTC (Time) = Apr 06 2021  06:46:39
* NMEA baud rate = 9600
** Ship: RRS Discovery
** Cruise: DY130
** Cast: DY130_009
** Station: 057
** Julian Day: 096
** Date: 06/04/2021
** Time (GMT): 06:46
** Latitude: 48 56.11N
** Longitude: 16 26.57W
** Depth (uncorrected m): 4809
** Principal Scientist: Sue Hart
** Operator: BP/PH
# nquan = 27
# nvalues = 2541                                  
# units = specified
# name 0 = timeS: Time, Elapsed [seconds]
# name 1 = latitude: Latitude [deg]
# name 2 = longitude: Longitude [deg]
# name 3 = prDM: Pressure, Digiquartz [db]
# name 4 = depSM: Depth [salt water, m]
# name 5 = t090C: Temperature [ITS-90, deg C]
# name 6 = t190C: Temperature, 2 [ITS-90, deg C]
# name 7 = c0mS/cm: Conductivity [mS/cm]
# name 8 = c1mS/cm: Conductivity, 2 [mS/cm]
# name 9 = sal00: Salinity, Practical [PSU]
# name 10 = sal11: Salinity, Practical, 2 [PSU]
# name 11 = sbeox0V: Oxygen raw, SBE 43 [V]
# name 12 = sbox0Mm/Kg: Oxygen, SBE 43 [umol/kg]
# name 13 = sbeox1V: Oxygen raw, SBE 43, 2 [V]
# name 14 = sbox1Mm/Kg: Oxygen, SBE 43, 2 [umol/kg]
# name 15 = ptempC: Pressure Temperature [deg C]
# name 16 = altM: Altimeter [m]
# name 17 = scan: Scan Count
# name 18 = pumps: Pump Status
# name 19 = flECO-AFL: Fluorescence, WET Labs ECO-AFL/FL [mg/m^3]
# name 20 = turbWETbb0: Turbidity, WET Labs ECO BB [m^-1/sr]
# name 21 = sbeox0Mm/L: Oxygen, SBE 43 [umol/l]
# name 22 = sbeox1Mm/L: Oxygen, SBE 43, 2 [umol/l]
# name 23 = sigma-é00: Density [sigma-theta, kg/m^3]
# name 24 = sigma-é11: Density, 2 [sigma-theta, kg/m^3]
# name 25 = nbf: Bottles Fired
# name 26 = flag:  0.000e+00
# interval = seconds: 0.0416667
# start_time = Apr 06 2021 06:46:40 [NMEA time, first data scan]
# bad_flag = -9.990e-29
*END*
[from data line 1772]
  11993.875   48.93542  -16.44238    204.874    203.036    11.3930    11.3945  40.012191  40.017108    35.4989    35.5024     2.4628    255.921     2.3492    265.165       5.71    1481.32     287854          1    -0.0048 1.1302e-04    262.856    272.350    27.0966    27.0991         15  0.000e+00
  11993.917   48.93542  -16.44238    204.952    203.114    11.3930    11.3946  40.012395  40.017176    35.4991    35.5024     2.4628    255.931     2.3492    265.143       5.71    1481.32     287855          1    -0.0048 1.1302e-04    262.866    272.328    27.0967    27.0990         15  0.000e+00
  11993.958   48.93542  -16.44238    204.883    203.046    11.3930    11.3945  40.012599  40.016908    35.4993    35.5022     2.4628    255.935     2.3492    265.141       5.71    1481.32     287856          1    -0.0048 1.1302e-04    262.870    272.327    27.0969    27.0989         15  0.000e+00
  11994.000   48.93542  -16.44238    204.883    203.046    11.3932    11.3945  40.012123  40.017376    35.4987    35.5027     2.4628    255.923     2.3492    265.141       5.71    1481.32     287857          1    -0.0048 1.1302e-04    262.857    272.326    27.0964    27.0993         15  0.000e+00
  11994.042   48.93542  -16.44238    204.815    202.978    11.3930    11.3944  40.012802  40.017242    35.4996    35.5027     2.4628    255.907     2.3504    265.338       5.71    1481.32     287858          1    -0.0048 1.1302e-04    262.841    272.528    27.0971    27.0992         15  0.000e+00
  11994.083   48.93542  -16.44238    205.031    203.192    11.3932    11.3946  40.012531  40.017443    35.4991    35.5025     2.4628    255.899     2.3492    265.168       5.71    1481.68     287859          1    -0.0048 1.1302e-04    262.833    272.354    27.0967    27.0991         15  0.000e+00
  11994.125   48.93550  -16.44234    204.874    203.036    11.3930    11.3944  40.012327  40.017510    35.4991    35.5029     2.4628    255.880     2.3492    265.162       5.71    1481.32     287860          1    -0.0048 1.1302e-04    262.814    272.348    27.0967    27.0994         15  0.000e+00
  11994.167   48.93550  -16.44234    204.952    203.114    11.3931    11.3945  40.012667  40.017309    35.4993    35.5026     2.4628    255.866     2.3492    265.164       5.72    1481.32     287861          1    -0.0048 1.1302e-04    262.799    272.350    27.0969    27.0992         15  0.000e+00
  11994.208   48.93550  -16.44234    204.883    203.046    11.3932    11.3946  40.012666  40.017175    35.4993    35.5024     2.4628    255.847     2.3492    265.161       5.71    1481.32     287862          1    -0.0048 1.1302e-04    262.779    272.346    27.0968    27.0990         15  0.000e+00
  11994.250   48.93550  -16.44234    204.952    203.114    11.3932    11.3945  40.012463  40.016975    35.4990    35.5023     2.4628    255.832     2.3492    265.163       5.71    1481.68     287863          1    -0.0048 1.1302e-04    262.764    272.348    27.0967    27.0989         15  0.000e+00
  11994.292   48.93542  -16.44238    204.883    203.046    11.3930    11.3945  40.012599  40.017309    35.4993    35.5026     2.4628    255.812     2.3492    265.159       5.72    1481.32     287864          1    -0.0048 1.1302e-04    262.744    272.344    27.0969    27.0992         15  0.000e+00
  11994.333   48.93542  -16.44238    204.952    203.114    11.3932    11.3944  40.012395  40.017309    35.4989    35.5027     2.4628    255.815     2.3492    265.160       5.71    1481.68     287865          1    -0.0267 1.1644e-04    262.746    272.346    27.0966    27.0992         15  0.000e+00
  11994.375   48.93542  -16.44238    204.873    203.036    11.3932    11.3946  40.012395  40.017175    35.4990    35.5023     2.4628    255.793     2.3492    265.156       5.72    1481.32     287866          1    -0.0267 1.1815e-04    262.724    272.341    27.0966    27.0989         15  0.000e+00
  11994.417   48.93542  -16.44238    204.952    203.114    11.3932    11.3947  40.012327  40.017175    35.4989    35.5022     2.4628    255.796     2.3492    265.157       5.71    1481.68     287867          1    -0.0267 1.1815e-04    262.727    272.343    27.0965    27.0988         15  0.000e+00
  11994.458   48.93542  -16.44238    204.883    203.046    11.3934    11.3943  40.012531  40.017175    35.4990    35.5026     2.4628    255.773     2.3492    265.156       5.71    1481.68     287868          1    -0.0267 1.1815e-04    262.703    272.341    27.0965    27.0992         15  0.000e+00
  11994.500   48.93542  -16.44238    204.952    203.114    11.3931    11.3946  40.011920  40.017443    35.4986    35.5026     2.4628    255.757     2.3492    265.155       5.71    1481.32     287869          1    -0.0267 1.1815e-04    262.687    272.340    27.0963    27.0991         15  0.000e+00
  11994.542   48.93542  -16.44238    204.952    203.114    11.3932    11.3946  40.012124  40.017242    35.4987    35.5025     2.4628    255.754     2.3492    265.155       5.71    1481.68     287870          1    -0.0267 1.1815e-04    262.684    272.340    27.0964    27.0991         15  0.000e+00
  11994.583   48.93542  -16.44238    204.883    203.046    11.3932    11.3945  40.012531  40.016975    35.4991    35.5023     2.4628    255.750     2.3492    265.152       5.71    1481.32     287871          1    -0.0267 1.1815e-04    262.680    272.338    27.0967    27.0990         15  0.000e+00
  11994.625   48.93542  -16.44238    204.952    203.114    11.3934    11.3946  40.012259  40.017309    35.4987    35.5025     2.4628    255.750     2.3492    265.153       5.72    1481.68     287872          1    -0.0267 1.1815e-04    262.680    272.338    27.0963    27.0991         15  0.000e+00
  11994.667   48.93542  -16.44238    204.942    203.104    11.3932    11.3945  40.011988  40.017309    35.4986    35.5026     2.4628    255.730     2.3492    265.152       5.71    1481.68     287873          1    -0.0267 1.1815e-04    262.659    272.337    27.0963    27.0992         15  0.000e+00
  11994.708   48.93542  -16.44238    204.883    203.046    11.3932    11.3943  40.012191  40.017175    35.4988    35.5027     2.4640    255.901     2.3492    265.150       5.71    1481.32     287874          1    -0.0267 1.1815e-04    262.836    272.335    27.0964    27.0993         15  0.000e+00
  11994.750   48.93542  -16.44238    204.952    203.114    11.3932    11.3946  40.012395  40.016975    35.4990    35.5021     2.4640    255.919     2.3492    265.150       5.72    1481.32     287875          1    -0.0267 1.1815e-04    262.854    272.335    27.0966    27.0988         15  0.000e+00
  11994.792   48.93542  -16.44238    204.952    203.114    11.3932    11.3945  40.012327  40.017109    35.4989    35.5024     2.4640    255.935     2.3492    265.149       5.72    1481.32     287876          1    -0.0267 1.1815e-04    262.870    272.335    27.0965    27.0990         15  0.000e+00
  11994.833   48.93542  -16.44238    204.952    203.114    11.3932    11.3943  40.012327  40.017777    35.4989    35.5033     2.4628    255.752     2.3492    265.148       5.71    1481.68     287877          1    -0.0267 1.1815e-04    262.682    272.333    27.0965    27.0997         15  0.000e+00
  11994.875   48.93542  -16.44238    204.952    203.114    11.3931    11.3946  40.012395  40.017376    35.4991    35.5025     2.4628    255.747     2.3492    265.146       5.72    1481.32     287878          1    -0.0267 1.1815e-04    262.677    272.331    27.0967    27.0991         15  0.000e+00
  11994.917   48.93542  -16.44238    204.942    203.104    11.3932    11.3943  40.012056  40.016975    35.4986    35.5025     2.4628    255.741     2.3492    265.147       5.71    1481.32     287879          1    -0.0267 1.1815e-04    262.671    272.332    27.0963    27.0991         15  0.000e+00
  11994.958   48.93542  -16.44238    204.952    203.114    11.3932    11.3943  40.012327  40.017109    35.4989    35.5025     2.4628    255.736     2.3492    265.146       5.72    1481.68     287880          1    -0.0267 1.1815e-04    262.665    272.331    27.0965    27.0992         15  0.000e+00
  11995.000   48.93542  -16.44238    204.883    203.046    11.3932    11.3943  40.012327  40.017175    35.4989    35.5026     2.4640    255.905     2.3492    265.143       5.72    1481.32     287881          1    -0.0267 1.1815e-04    262.839    272.328    27.0966    27.0992         15  0.000e+00
  11995.042   48.93542  -16.44238    204.952    203.114    11.3929    11.3943  40.012327  40.017176    35.4991    35.5027     2.4628    255.744     2.3492    265.144       5.71    1481.32     287882          1    -0.0267 1.1815e-04    262.674    272.329    27.0968    27.0993         15  0.000e+00
  11995.083   48.93542  -16.44238    204.952    203.114    11.3930    11.3943  40.012667  40.016975    35.4994    35.5024     2.4640    255.913     2.3492    265.143       5.71    1481.68     287883          1    -0.0267 1.1815e-04    262.848    272.328    27.0969    27.0991         15  0.000e+00
  11995.125   48.93550  -16.44234    204.952    203.114    11.3930    11.3943  40.012395  40.016841    35.4991    35.5023     2.4628    255.749     2.3492    265.143       5.71    1481.32     287884          1    -0.0267 1.1815e-04    262.679    272.328    27.0967    27.0990         15  0.000e+00
  11995.167   48.93550  -16.44234    204.736    202.900    11.3930    11.3943  40.012327  40.016840    35.4991    35.5024     2.4640    255.911     2.3492    265.134       5.72    1481.32     287885          1    -0.0267 1.1815e-04    262.846    272.319    27.0968    27.0990         15  0.000e+00
  11995.208   48.93550  -16.44234    205.167    203.327    11.3934    11.3943  40.012396  40.016842    35.4986    35.5022     2.4640    255.935     2.3492    265.148       5.72    1481.68     287886          1    -0.0267 1.1815e-04    262.870    272.333    27.0963    27.0989         15  0.000e+00
  11995.250   48.93550  -16.44234    204.952    203.114    11.3932    11.3945  40.012056  40.016841    35.4986    35.5021     2.4640    255.940     2.3492    265.139       5.72    1481.32     287887          1    -0.0267 1.1815e-04    262.875    272.324    27.0963    27.0988         15  0.000e+00
  11995.292   48.93542  -16.44238    204.952    203.114    11.3930    11.3943  40.012192  40.017109    35.4989    35.5025     2.4628    255.773     2.3492    265.138       5.71    1481.32     287888          1    -0.0267 1.1815e-04    262.704    272.323    27.0966    27.0992         15  0.000e+00
  11995.333   48.93542  -16.44238    204.952    203.114    11.3934    11.3944  40.012938  40.016708    35.4993    35.5021     2.4628    255.761     2.3492    265.137       5.72    1481.68     287889          1    -0.0267 1.1815e-04    262.691    272.322    27.0968    27.0988         15  0.000e+00
  11995.375   48.93542  -16.44238    204.952    203.114    11.3931    11.3943  40.012735  40.016975    35.4994    35.5024     2.4640    255.929     2.3492    265.136       5.72    1481.32     287890          1    -0.0158 1.1473e-04    262.864    272.321    27.0970    27.0991         15  0.000e+00
  11995.417   48.93542  -16.44238    204.952    203.113    11.3932    11.3944  40.012395  40.017176    35.4990    35.5025     2.4628    255.762     2.3492    265.135       5.72    1481.32     287891          1     0.0062 1.0960e-04    262.692    272.319    27.0966    27.0991         15  0.000e+00
  11995.458   48.93542  -16.44238    204.942    203.104    11.3932    11.3945  40.012124  40.017443    35.4987    35.5027     2.4628    255.752     2.3492    265.133       5.72    1481.68     287892          1     0.0062 1.0960e-04    262.682    272.317    27.0964    27.0993         15  0.000e+00
  11995.500   48.93542  -16.44238    204.952    203.113    11.3930    11.3943  40.012531  40.017042    35.4992    35.5025     2.4628    255.741     2.3492    265.133       5.71    1481.68     287893          1     0.0062 1.0960e-04    262.671    272.318    27.0968    27.0991         15  0.000e+00
  11995.542   48.93542  -16.44238    204.883    203.045    11.3931    11.3944  40.012123  40.017108    35.4988    35.5025     2.4615    255.553     2.3492    265.129       5.72    1481.32     287894          1     0.0062 1.0960e-04    262.477    272.314    27.0965    27.0991         15  0.000e+00
  11995.583   48.93542  -16.44238    204.952    203.113    11.3932    11.3946  40.012327  40.016975    35.4989    35.5021     2.4615    255.546     2.3480    264.931       5.71    1481.32     287895          1     0.0062 1.0960e-04    262.470    272.110    27.0965    27.0988         15  0.000e+00
  11995.625   48.93542  -16.44238    204.952    203.113    11.3930    11.3943  40.012327  40.017109    35.4990    35.5026     2.4615    255.519     2.3492    265.107       5.71    1481.68     287896          1     0.0062 1.0960e-04    262.443    272.292    27.0967    27.0992         15  0.000e+00
  12038.625   48.93542  -16.44236    205.351    203.509    11.3929    11.3938  40.012329  40.016308    35.4990    35.5021     2.4628    255.775     2.3504    265.429       5.75    1481.68     288928          1     0.0062 1.1131e-04    262.706    272.622    27.0967    27.0990         16  0.000e+00
  12038.667   48.93542  -16.44236    205.409    203.567    11.3929    11.3935  40.012329  40.016108    35.4990    35.5021     2.4628    255.785     2.3504    265.413       5.74    1481.32     288929          1     0.0062 1.1131e-04    262.716    272.605    27.0967    27.0990         16  0.000e+00
  12038.708   48.93542  -16.44236    205.351    203.509    11.3929    11.3936  40.012125  40.016709    35.4988    35.5027     2.4628    255.810     2.3492    265.214       5.74    1481.32     288930          1     0.0062 1.1131e-04    262.742    272.401    27.0965    27.0994         16  0.000e+00
  12038.750   48.93542  -16.44236    205.351    203.509    11.3929    11.3937  40.012261  40.016843    35.4989    35.5027     2.4628    255.817     2.3516    265.593       5.75    1481.32     288931          1     0.0062 1.1131e-04    262.749    272.790    27.0966    27.0995         16  0.000e+00
  12038.792   48.93542  -16.44236    205.351    203.509    11.3929    11.3938  40.012057  40.016375    35.4987    35.5022     2.4615    255.647     2.3504    265.422       5.74    1481.68     288932          1     0.0062 1.1131e-04    262.575    272.615    27.0965    27.0990         16  0.000e+00
  12038.833   48.93542  -16.44236    205.351    203.509    11.3929    11.3940  40.012057  40.016107    35.4987    35.5017     2.4628    255.812     2.3504    265.425       5.74    1481.68     288933          1     0.0062 1.1131e-04    262.743    272.618    27.0965    27.0986         16  0.000e+00
  12038.875   48.93542  -16.44236    205.350    203.509    11.3927    11.3937  40.011989  40.016442    35.4988    35.5023     2.4628    255.818     2.3504    265.430       5.75    1481.68     288934          1     0.0062 1.1131e-04    262.750    272.623    27.0966    27.0991         16  0.000e+00
  12038.917   48.93542  -16.44236    205.409    203.567    11.3927    11.3936  40.012329  40.016509    35.4992    35.5024     2.4628    255.824     2.3492    265.237       5.74    1481.32     288935          1    -0.0048 1.1131e-04    262.756    272.425    27.0968    27.0992         16  0.000e+00
  12038.958   48.93542  -16.44236    205.350    203.509    11.3929    11.3937  40.012329  40.016509    35.4990    35.5024     2.4628    255.825     2.3504    265.390       5.74    1481.32     288936          1     0.0062 1.1131e-04    262.757    272.582    27.0967    27.0992         16  0.000e+00
  12039.000   48.93542  -16.44236    205.350    203.509    11.3927    11.3936  40.012329  40.016174    35.4992    35.5021     2.4628    255.829     2.3504    265.370       5.74    1481.32     288937          1     0.0172 1.1131e-04    262.761    272.561    27.0969    27.0990         16  0.000e+00
