Data_example/SBE_Data_Processed/DY130/SeaBird/Data/Batch/DY130_008.ros
* Sea-Bird SBE 9 Data File:
* FileName = C:\Users\sandm\Documents\Cruises\DY130\Data\Raw Data\DY130_008.hex
* Software Version Seasave V 7.26.7.121
* Temperature SN = 03P-5494
* Conductivity SN = 04C-3768
* Number of Bytes Per Scan = 45
* Number of Voltage Words = 4
* Number of Scans Averaged by the Deck Unit = 1
* NMEA Latitude = 48 52.23 N
* NMEA Longitude = 016 31.48 W
* NMEA UTC (Time) = Apr 05 2021  09:04:17
* NMEA baud rate = 9600
** Ship: RRS Discovery
** Cruise: DY130
** Cast: DY130_008
** Station: 053
** Julian Day: 095
** Date: 05/04/21
** Time (GMT): 09:04
** Latitude: 48 52.19 N
** Longitude: 16 31.45 W
** Depth (uncorrected m): 4810
** Principal Scientist: Sue Hart
** Operator: BP/PH BP/PH
# nquan = 27
# nvalues = 2541                                  
# units = specified
# name 0 = timeS: Time, Elapsed [seconds]
# name 1 = latitude: Latitude [deg]
# name 2 = longitude: Longitude [deg]
# name 3 = prDM: Pressure, Digiquartz [db]
# name 4 = depSM: Depth [salt water, m]
# name 5 = t090C: Temperature [ITS-90, deg C]
# name 6 = t190C: Temperature, 2 [ITS-90, deg C]
# name 7 = c0mS/cm: Conductivity [mS/cm]
# name 8 = c1mS/cm: Conductivity, 2 [mS/cm]
# name 9 = sal00: Salinity, Practical [PSU]
# name 10 = sal11: Salinity, Practical, 2 [PSU]
# name 11 = sbeox0V: Oxygen raw, SBE 43 [V]
# name 12 = sbox0Mm/Kg: Oxygen, SBE 43 [umol/kg]
# name 13 = sbeox1V: Oxygen raw, SBE 43, 2 [V]
# name 14 = sbox1Mm/Kg: Oxygen, SBE 43, 2 [umol/kg]
# name 15 = ptempC: Pressure Temperature [deg C]
# name 16 = altM: Altimeter [m]
# name 17 = scan: Scan Count
# name 18 = pumps: Pump Status
# name 19 = flECO-AFL: Fluorescence, WET Labs ECO-AFL/FL [mg/m^3]
# name 20 = turbWETbb0: Turbidity, WET Labs ECO BB [m^-1/sr]
# name 21 = sbeox0Mm/L: Oxygen, SBE 43 [umol/l]
# name 22 = sbeox1Mm/L: Oxygen, SBE 43, 2 [umol/l]
# name 23 = sigma-é00: Density [sigma-theta, kg/m^3]
# name 24 = sigma-é11: Density, 2 [sigma-theta, kg/m^3]
# name 25 = nbf: Bottles Fired
# name 26 = flag:  0.000e+00
# interval = seconds: 0.0416667
# start_time = Apr 05 2021 09:04:18 [NMEA time, first data scan]
# bad_flag = -9.990e-29
*END*
[from data line 2309]
   6127.417   48.87222  -16.52598     13.030     12.919    11.8866    11.8871  40.462586  40.466328    35.5560    35.5592     2.6300    267.965     2.5055    277.434      10.51    1481.32     147059          1     2.5667 2.9080e-04    275.212    284.937    27.0433    27.0456         20  0.000e+00
   6127.458   48.87222  -16.52598     13.010     12.899    11.8867    11.8871  40.462586  40.466127    35.5559    35.5590     2.6300    267.951     2.5055    277.437      10.51    1481.32     147060          1     2.5667 2.9080e-04    275.197    284.940    27.0431    27.0454         20  0.000e+00
   6127.500   48.87222  -16.52598     13.030     12.919    11.8866    11.8872  40.462314  40.466261    35.5558    35.5590     2.6300    267.938     2.5055    277.418      10.51    1481.32     147061          1     2.5667 2.9080e-04    275.184    284.921    27.0431    27.0455         20  0.000e+00
   6127.542   48.87222  -16.52598     13.098     12.987    11.8867    11.8871  40.462723  40.465724    35.5560    35.5585     2.6300    267.923     2.5055    277.424      10.51    1481.32     147062          1     2.5667 2.9080e-04    275.169    284.927    27.0432    27.0451         20  0.000e+00
   6127.583   48.87222  -16.52598     13.098     12.987    11.8869    11.8871  40.462382  40.465993    35.5555    35.5588     2.6300    267.906     2.5055    277.404      10.51    1481.32     147063          1     2.5667 2.8909e-04    275.151    284.906    27.0428    27.0453         20  0.000e+00
   6127.625   48.87222  -16.52598     13.098     12.987    11.8866    11.8871  40.462723  40.466530    35.5561    35.5593     2.6300    267.906     2.5055    277.405      10.51    1481.32     147064          1     2.5667 2.9080e-04    275.151    284.907    27.0433    27.0457         20  0.000e+00
   6127.667   48.87222  -16.52598     13.098     12.987    11.8869    11.8872  40.462655  40.465993    35.5557    35.5588     2.6300    267.886     2.5055    277.407      10.51    1481.32     147065          1     2.5667 2.9080e-04    275.130    284.910    27.0430    27.0453         20  0.000e+00
   6127.708   48.87222  -16.52598     13.029     12.919    11.8867    11.8871  40.462314  40.465858    35.5556    35.5587     2.6300    267.881     2.5055    277.407      10.51    1481.32     147066          1     2.5667 2.9080e-04    275.126    284.910    27.0429    27.0452         20  0.000e+00
   6127.750   48.87222  -16.52598     13.176     13.064    11.8864    11.8870  40.462178  40.466463    35.5557    35.5594     2.6300    267.867     2.5055    277.414      10.51    1481.68     147067          1     2.5667 2.9080e-04    275.111    284.917    27.0430    27.0458         20  0.000e+00
   6127.792   48.87222  -16.52598     13.176     13.064    11.8864    11.8873  40.462178  40.465993    35.5557    35.5586     2.6288    267.674     2.5055    277.415      10.51    1481.32     147068          1     2.5667 2.9080e-04    274.913    284.918    27.0430    27.0451         20  0.000e+00
   6127.833   48.87222  -16.52598     13.098     12.987    11.8862    11.8870  40.461905  40.466194    35.5556    35.5591     2.6288    267.632     2.5055    277.415      10.51    1481.68     147069          1     2.5667 2.9080e-04    274.869    284.918    27.0430    27.0456         20  0.000e+00
   6127.875   48.87222  -16.52598     13.078     12.967    11.8861    11.8871  40.461836  40.466732    35.5557    35.5595     2.6300    267.777     2.5055    277.415      10.51    1481.32     147070          1     2.5667 2.9080e-04    275.019    284.917    27.0431    27.0459         20  0.000e+00
   6127.917   48.87222  -16.52598     13.176     13.064    11.8862    11.8868  40.461837  40.466128    35.5555    35.5592     2.6300    267.773     2.5055    277.423      10.51    1481.68     147071          1     2.5447 2.9251e-04    275.014    284.926    27.0430    27.0457         20  0.000e+00
   6127.958   48.87222  -16.52598     13.176     13.064    11.8862    11.8870  40.461837  40.465926    35.5555    35.5588     2.6288    267.596     2.5055    277.424      10.51    1481.68     147072          1     2.5337 2.9422e-04    274.832    284.927    27.0430    27.0454         20  0.000e+00
   6128.000   48.87222  -16.52598     13.176     13.064    11.8861    11.8871  40.461837  40.466598    35.5557    35.5594     2.6288    267.571     2.5067    277.615      10.51    1481.32     147073          1     2.5337 2.9422e-04    274.807    285.123    27.0431    27.0457         20  0.000e+00
   6128.042   48.87222  -16.52598     13.244     13.132    11.8861    11.8873  40.462042  40.466128    35.5559    35.5587     2.6288    267.548     2.5055    277.449      10.51    1481.32     147074          1     2.5337 2.9422e-04    274.783    284.953    27.0432    27.0452         20  0.000e+00
   6128.083   48.87222  -16.52598     13.176     13.064    11.8861    11.8870  40.461632  40.466329    35.5555    35.5592     2.6288    267.521     2.5067    277.639      10.51    1481.32     147075          1     2.5337 2.9422e-04    274.756    285.148    27.0429    27.0457         20  0.000e+00
   6128.125   48.87216  -16.52600     13.244     13.132    11.8861    11.8871  40.461701  40.466329    35.5555    35.5591     2.6288    267.498     2.5055    277.449      10.51    1481.32     147076          1     2.5337 2.9422e-04    274.732    284.953    27.0430    27.0455         20  0.000e+00
   6128.167   48.87216  -16.52600     13.244     13.132    11.8861    11.8870  40.461837  40.466531    35.5557    35.5594     2.6288    267.473     2.5067    277.640      10.51    1481.32     147077          1     2.5337 2.9422e-04    274.706    285.149    27.0431    27.0458         20  0.000e+00
   6128.208   48.87216  -16.52600     13.176     13.064    11.8861    11.8871  40.461564  40.466463    35.5554    35.5592     2.6288    267.446     2.5055    277.466      10.51    1481.32     147078          1     2.5337 2.9422e-04    274.678    284.970    27.0429    27.0456         20  0.000e+00
   6128.250   48.87216  -16.52600     13.313     13.200    11.8861    11.8870  40.461701  40.466330    35.5555    35.5592     2.6288    267.425     2.5067    277.661      10.51    1481.32     147079          1     2.5337 2.9422e-04    274.657    285.170    27.0429    27.0456         20  0.000e+00
   6128.292   48.87222  -16.52598     13.293     13.180    11.8861    11.8871  40.461837  40.466128    35.5556    35.5588     2.6288    267.399     2.5055    277.488      10.51    1481.32     147080          1     2.5337 2.9422e-04    274.630    284.993    27.0430    27.0453         20  0.000e+00
   6128.333   48.87222  -16.52598     13.244     13.132    11.8861    11.8873  40.461837  40.466531    35.5557    35.5591     2.6288    267.390     2.5055    277.482      10.51    1481.68     147081          1     2.5337 2.9422e-04    274.621    284.986    27.0431    27.0455         20  0.000e+00
   6128.375   48.87222  -16.52598     13.313     13.200    11.8862    11.8873  40.461837  40.466397    35.5555    35.5589     2.6288    267.367     2.5067    277.673      10.51    1481.32     147082          1     2.5337 2.9422e-04    274.598    285.182    27.0429    27.0454         20  0.000e+00
   6128.417   48.87222  -16.52598     13.313     13.200    11.8862    11.8873  40.461837  40.466397    35.5555    35.5589     2.6288    267.361     2.5067    277.691      10.51    1481.32     147083          1     2.5337 2.9422e-04    274.591    285.201    27.0429    27.0454         20  0.000e+00
   6128.458   48.87222  -16.52598     13.313     13.200    11.8862    11.8873  40.461837  40.466061    35.5555    35.5586     2.6288    267.355     2.5067    277.709      10.51    1481.68     147084          1     2.5337 2.9422e-04    274.585    285.219    27.0429    27.0451         20  0.000e+00
   6128.500   48.87222  -16.52598     13.313     13.199    11.8861    11.8871  40.461565  40.466867    35.5554    35.5596     2.6288    267.333     2.5055    277.534      10.51    1481.68     147085          1     2.5337 2.9422e-04    274.563    285.040    27.0428    27.0459         20  0.000e+00
   6128.542   48.87222  -16.52598     13.313     13.199    11.8859    11.8872  40.461224  40.466531    35.5552    35.5592     2.6288    267.312     2.5055    277.528      10.51    1481.32     147086          1     2.5337 2.9422e-04    274.541    285.034    27.0428    27.0456         20  0.000e+00
   6128.583   48.87222  -16.52598     13.391     13.277    11.8859    11.8874  40.461156  40.466733    35.5551    35.5591     2.6288    267.292     2.5067    277.715      10.51    1481.32     147087          1     2.5337 2.9422e-04    274.520    285.226    27.0427    27.0455         20  0.000e+00
   6128.625   48.87222  -16.52598     13.391     13.277    11.8857    11.8873  40.461360  40.466934    35.5554    35.5594     2.6288    267.287     2.5067    277.731      10.51    1481.68     147088          1     2.5337 2.9422e-04    274.515    285.242    27.0430    27.0458         20  0.000e+00
   6128.667   48.87222  -16.52598     13.313     13.199    11.8856    11.8875  40.461224  40.466464    35.5555    35.5588     2.6288    267.281     2.5055    277.552      10.51    1481.32     147089          1     2.5337 2.9422e-04    274.509    285.058    27.0431    27.0452         20  0.000e+00
   6128.708   48.87222  -16.52598     13.440     13.325    11.8859    11.8874  40.461361  40.466934    35.5553    35.5593     2.6276    267.110     2.5067    277.739      10.51    1481.68     147090          1     2.5337 2.9422e-04    274.334    285.251    27.0428    27.0456         20  0.000e+00
   6128.750   48.87222  -16.52598     13.391     13.277    11.8856    11.8874  40.461497  40.467001    35.5558    35.5593     2.6288    267.260     2.5067    277.751      10.51    1481.32     147091          1     2.5337 2.9422e-04    274.487    285.263    27.0432    27.0457         20  0.000e+00
   6128.792   48.87222  -16.52598     13.391     13.277    11.8859    11.8874  40.461701  40.466330    35.5556    35.5587     2.6288    267.257     2.5067    277.765      10.51    1481.32     147092          1     2.5337 2.9422e-04    274.484    285.277    27.0431    27.0452         20  0.000e+00
   6128.833   48.87222  -16.52598     13.391     13.277    11.8857    11.8875  40.461565  40.467001    35.5556    35.5593     2.6288    267.257     2.5067    277.775      10.51    1481.32     147093          1     2.5337 2.9422e-04    274.484    285.288    27.0431    27.0456         20  0.000e+00
   6128.875   48.87222  -16.52598     13.459     13.345    11.8857    11.8874  40.461224  40.466800    35.5553    35.5591     2.6288    267.260     2.5067    277.789      10.51    1481.32     147094          1     2.5337 2.9422e-04    274.487    285.302    27.0428    27.0455         20  0.000e+00
   6128.917   48.87222  -16.52598     13.459     13.345    11.8857    11.8874  40.461361  40.466464    35.5554    35.5588     2.6288    267.260     2.5067    277.800      10.51    1481.32     147095          1     2.5337 2.9422e-04    274.488    285.313    27.0429    27.0452         20  0.000e+00
   6128.958   48.87222  -16.52598     13.391     13.277    11.8857    11.8876  40.461497  40.467068    35.5556    35.5592     2.6300    267.429     2.5067    277.804      10.51    1481.32     147096          1     2.5337 2.9422e-04    274.661    285.318    27.0431    27.0456         20  0.000e+00
   6129.000   48.87222  -16.52598     13.459     13.345    11.8856    11.8876  40.461497  40.466934    35.5557    35.5591     2.6300    267.450     2.5067    277.815      10.51    1481.68     147097          1     2.5447 2.9080e-04    274.683    285.329    27.0432    27.0454         20  0.000e+00
   6129.042   48.87222  -16.52598     13.459     13.345    11.8857    11.8876  40.460952  40.466934    35.5550    35.5591     2.6288    267.300     2.5067    277.823      10.51    1481.32     147098          1     2.5447 2.8909e-04    274.528    285.336    27.0426    27.0454         20  0.000e+00
   6129.083   48.87222  -16.52598     13.440     13.325    11.8856    11.8876  40.461020  40.466733    35.5553    35.5589     2.6300    267.471     2.5067    277.806      10.51    1481.68     147099          1     2.5447 2.8909e-04    274.705    285.319    27.0429    27.0453         20  0.000e+00
   6129.125   48.87216  -16.52600     13.459     13.345    11.8854    11.8876  40.460883  40.466800    35.5553    35.5589     2.6288    267.323     2.5067    277.811      10.51    1481.68     147100          1     2.5447 2.8909e-04    274.552    285.325    27.0429    27.0453         20  0.000e+00
   6129.167   48.87216  -16.52600     13.459     13.345    11.8856    11.8874  40.461565  40.466934    35.5558    35.5592     2.6288    267.324     2.5067    277.815      10.51    1481.32     147101          1     2.5447 2.8909e-04    274.553    285.329    27.0433    27.0456         20  0.000e+00
   6129.208   48.87216  -16.52600     13.528     13.412    11.8856    11.8876  40.461566  40.467405    35.5558    35.5595     2.6288    267.348     2.5067    277.819      10.51    1481.68     147102          1     2.5447 2.8909e-04    274.578    285.333    27.0433    27.0458         20  0.000e+00
   6129.250   48.87216  -16.52600     13.459     13.345    11.8853    11.8876  40.461224  40.467136    35.5557    35.5593     2.6288    267.352     2.5067    277.819      10.51    1481.32     147103          1     2.5447 2.8738e-04    274.582    285.332    27.0433    27.0456         20  0.000e+00
   6129.292   48.87222  -16.52598     13.459     13.345    11.8856    11.8876  40.460883  40.467002    35.5551    35.5591     2.6288    267.358     2.5067    277.820      10.51    1481.32     147104          1     2.5447 2.8909e-04    274.588    285.333    27.0428    27.0455         20  0.000e+00
   6129.333   48.87222  -16.52598     13.459     13.345    11.8853    11.8876  40.461020  40.466867    35.5555    35.5590     2.6288    267.365     2.5067    277.820      10.51    1481.32     147105          1     2.5447 2.8909e-04    274.595    285.334    27.0431    27.0454         20  0.000e+00
   6129.375   48.87222  -16.52598     13.527     13.412    11.8854    11.8876  40.461156  40.466935    35.5555    35.5590     2.6288    267.374     2.5067    277.821      10.51    1481.32     147106          1     2.5447 2.8909e-04    274.604    285.335    27.0431    27.0454         20  0.000e+00
   6129.417   48.87222  -16.52598     13.391     13.277    11.8853    11.8875  40.461156  40.466867    35.5557    35.5592     2.6288    267.377     2.5067    277.815      10.51    1481.68     147107          1     2.5447 2.8909e-04    274.608    285.329    27.0433    27.0455         20  0.000e+00
   6129.458   48.87222  -16.52598     13.586     13.471    11.8853    11.8874  40.461361  40.466666    35.5558    35.5589     2.6276    267.223     2.5067    277.820      10.51    1481.32     147108          1     2.5447 2.8909e-04    274.450    285.334    27.0433    27.0454         20  0.000e+00
   6129.500   48.87222  -16.52598     13.527     13.412    11.8854    11.8876  40.461497  40.466666    35.5558    35.5588     2.6288    267.382     2.5067    277.814      10.51    1481.32     147109          1     2.5447 2.8909e-04    274.613    285.327    27.0433    27.0452         20  0.000e+00
   6129.542   48.87222  -16.52598     13.527     13.412    11.8853    11.8875  40.461497  40.466800    35.5560    35.5590     2.6288    267.394     2.5067    277.810      10.51    1481.32     147110          1     2.5447 2.8909e-04    274.625    285.323    27.0435    27.0454         20  0.000e+00
   6129.583   48.87222  -16.52598     13.312     13.199    11.8853    11.8876  40.461701  40.466464    35.5563    35.5587     2.6288    267.397     2.5067    277.796      10.51    1481.68     147111          1     2.5447 2.8909e-04    274.629    285.309    27.0437    27.0451         20  0.000e+00
