Data_example/SBE_Data_Processed/DY130/SeaBird/Data/Batch/DY130_011.ros
* Sea-Bird SBE 9 Data File:
* FileName = C:\Users\sandm\Documents\Cruises\DY130\Data\Raw Data\DY130_011.hex
* Software Version Seasave V 7.26.7.121
* Temperature SN = 03P-5494
* Conductivity SN = 04C-3768
* Number of Bytes Per Scan = 45
* Number of Voltage Words = 4
* Number of Scans Averaged by the Deck Unit = 1
* NMEA Latitude = 49 00.01 N
* NMEA Longitude = 016 30.03 W
* NMEA UTC (Time) = Apr 08 2021  08:05:03
* NMEA baud rate = 9600
** Ship: RRS Discovery
** Cruise: DY130
** Cast: DY130_011
** Station: 068
** Julian Day: 098
** Date: 08/04/2021
** Time (GMT):
** Latitude: 49 00.01 N
** Longitude: 16 30.03 W
** Depth (uncorrected m): 4808
** Principal Scientist: Sue Hart
** Operator: BP/PH
# nquan = 27
# nvalues = 2783                                  
# units = specified
# name 0 = timeS: Time, Elapsed [seconds]
# name 1 = latitude: Latitude [deg]
# name 2 = longitude: Longitude [deg]
# name 3 = prDM: Pressure, Digiquartz [db]
# name 4 = depSM: Depth [salt water, m]
# name 5 = t090C: Temperature [ITS-90, deg C]
# name 6 = t190C: Temperature, 2 [ITS-90, deg C]
# name 7 = c0mS/cm: Conductivity [mS/cm]
# name 8 = c1mS/cm: Conductivity, 2 [mS/cm]
# name 9 = sal00: Salinity, Practical [PSU]
# name 10 = sal11: Salinity, Practical, 2 [PSU]
# name 11 = sbeox0V: Oxygen raw, SBE 43 [V]
# name 12 = sbox0Mm/Kg: Oxygen, SBE 43 [umol/kg]
# name 13 = sbeox1V: Oxygen raw, SBE 43, 2 [V]
# name 14 = sbox1Mm/Kg: Oxygen, SBE 43, 2 [umol/kg]
# name 15 = ptempC: Pressure Temperature [deg C]
# name 16 = altM: Altimeter [m]
# name 17 = scan: Scan Count
# name 18 = pumps: Pump Status
# name 19 = flECO-AFL: Fluorescence, WET Labs ECO-AFL/FL [mg/m^3]
# name 20 = turbWETbb0: Turbidity, WET Labs ECO BB [m^-1/sr]
# name 21 = sbeox0Mm/L: Oxygen, SBE 43 [umol/l]
# name 22 = sbeox1Mm/L: Oxygen, SBE 43, 2 [umol/l]
# name 23 = sigma-é00: Density [sigma-theta, kg/m^3]
# name 24 = sigma-é11: Density, 2 [sigma-theta, kg/m^3]
# name 25 = nbf: Bottles Fired
# name 26 = flag:  0.000e+00
# interval = seconds: 0.0416667
# start_time = Apr 08 2021 08:05:04 [NMEA time, first data scan]
# bad_flag = -9.990e-29
*END*
[from data line 1933]
  16908.083   48.99990  -16.50040    124.103    123.013    11.5652    11.5631  40.150160  40.151651    35.5063    35.5098     2.5324    261.137     2.4078    269.575       5.36    1481.68     405795          1     0.3798 2.8054e-04    268.206    276.873    27.0683    27.0714         16  0.000e+00
  16908.125   48.99990  -16.50040    124.054    122.965    11.5656    11.5631  40.150160  40.151785    35.5060    35.5100     2.5324    261.114     2.4090    269.760       5.35    1481.68     405796          1     0.3798 2.8054e-04    268.181    277.062    27.0680    27.0715         16  0.000e+00
  16908.167   48.99990  -16.50040    124.025    122.936    11.5654    11.5631  40.150092  40.152119    35.5061    35.5103     2.5324    261.092     2.4078    269.599       5.36    1481.32     405797          1     0.3798 2.8054e-04    268.159    276.897    27.0680    27.0717         16  0.000e+00
  17105.125   48.99990  -16.50042     93.381     92.568    11.6611    11.6631  40.244218  40.250517    35.5211    35.5254     2.5922    267.171     2.4664    276.250       5.52    1481.68     410524          1     1.7864 2.9422e-04    274.401    283.727    27.0609    27.0639         17  0.000e+00
  17105.167   48.99990  -16.50042     93.459     92.645    11.6611    11.6632  40.244014  40.250450    35.5208    35.5252     2.5922    267.191     2.4664    276.257       5.52    1481.68     410525          1     1.7315 2.9935e-04    274.421    283.733    27.0607    27.0637         17  0.000e+00
  17105.208   48.99990  -16.50042     93.459     92.645    11.6610    11.6631  40.244695  40.250651    35.5215    35.5255     2.5922    267.206     2.4664    276.260       5.52    1481.32     410526          1     1.7315 2.9935e-04    274.437    283.737    27.0613    27.0639         17  0.000e+00
  17105.250   48.99990  -16.50042     93.528     92.713    11.6613    11.6630  40.244967  40.250250    35.5216    35.5251     2.5922    267.221     2.4664    276.268       5.52    1481.32     410527          1     1.7425 2.9935e-04    274.453    283.745    27.0613    27.0637         17  0.000e+00
  17105.292   48.99990  -16.50042     93.528     92.713    11.6613    11.6627  40.244627  40.250116    35.5212    35.5252     2.5922    267.236     2.4664    276.273       5.52    1481.68     410528          1     1.7425 2.9935e-04    274.468    283.750    27.0610    27.0638         17  0.000e+00
  17105.333   48.99990  -16.50042     93.528     92.713    11.6612    11.6628  40.244559  40.250116    35.5212    35.5251     2.5922    267.250     2.4664    276.276       5.52    1481.32     410529          1     1.7425 2.9935e-04    274.482    283.753    27.0610    27.0637         17  0.000e+00
  17105.375   48.99990  -16.50042     93.596     92.781    11.6613    11.6624  40.244559  40.250116    35.5211    35.5255     2.5922    267.265     2.4664    276.284       5.52    1481.32     410530          1     1.7425 2.9935e-04    274.497    283.762    27.0609    27.0641         17  0.000e+00
  17105.417   48.99990  -16.50042     93.596     92.781    11.6611    11.6628  40.244559  40.250116    35.5213    35.5251     2.5922    267.278     2.4664    276.286       5.52    1481.32     410531          1     1.7425 2.9935e-04    274.511    283.764    27.0611    27.0637         17  0.000e+00
  17105.458   48.99984  -16.50050     93.674     92.859    11.6614    11.6627  40.244831  40.250116    35.5213    35.5251     2.5922    267.271     2.4664    276.293       5.52    1481.32     410532          1     1.7425 2.9935e-04    274.504    283.771    27.0610    27.0638         17  0.000e+00
  17105.500   48.99984  -16.50050     93.743     92.927    11.6614    11.6625  40.244968  40.250116    35.5213    35.5253     2.5922    267.283     2.4664    276.301       5.52    1481.32     410533          1     1.7425 2.9935e-04    274.516    283.778    27.0611    27.0640         17  0.000e+00
  17105.542   48.99984  -16.50050     93.674     92.859    11.6613    11.6626  40.244627  40.250116    35.5212    35.5253     2.5910    267.118     2.4664    276.302       5.52    1481.68     410534          1     1.7425 2.9935e-04    274.347    283.779    27.0609    27.0639         17  0.000e+00
  17105.583   48.99984  -16.50050     93.743     92.927    11.6614    11.6625  40.244559  40.249781    35.5210    35.5250     2.5922    267.284     2.4652    276.114       5.53    1481.68     410535          1     1.7315 2.9935e-04    274.517    283.587    27.0608    27.0637         17  0.000e+00
  17105.625   48.99988  -16.50042     93.743     92.927    11.6614    11.6626  40.244696  40.249982    35.5211    35.5251     2.5922    267.292     2.4664    276.290       5.52    1481.32     410536          1     1.7425 2.9935e-04    274.525    283.768    27.0608    27.0638         17  0.000e+00
  17105.667   48.99988  -16.50042     93.821     93.004    11.6614    11.6627  40.245172  40.249782    35.5215    35.5248     2.5922    267.301     2.4664    276.298       5.52    1481.68     410537          1     1.7425 2.9935e-04    274.535    283.775    27.0612    27.0636         17  0.000e+00
  17105.708   48.99988  -16.50042     93.821     93.004    11.6614    11.6624  40.244696  40.249715    35.5211    35.5250     2.5922    267.290     2.4652    276.109       5.53    1481.68     410538          1     1.7425 2.9935e-04    274.523    283.582    27.0609    27.0637         17  0.000e+00
  17105.750   48.99988  -16.50042     93.821     93.004    11.6611    11.6625  40.244560  40.249983    35.5212    35.5252     2.5910    267.106     2.4664    276.286       5.52    1481.68     410539          1     1.7425 2.9935e-04    274.334    283.763    27.0610    27.0638         17  0.000e+00
  17105.792   48.99988  -16.50042     93.890     93.072    11.6613    11.6623  40.244560  40.250117    35.5210    35.5255     2.5910    267.075     2.4664    276.271       5.52    1481.32     410540          1     1.7425 2.9935e-04    274.302    283.748    27.0608    27.0641         17  0.000e+00
  17105.833   48.99988  -16.50042     93.889     93.072    11.6608    11.6627  40.244560  40.249782    35.5214    35.5248     2.5922    267.216     2.4652    276.080       5.52    1481.32     410541          1     1.7315 2.9935e-04    274.447    283.552    27.0612    27.0635         17  0.000e+00
  17105.875   48.99988  -16.50042     93.889     93.072    11.6609    11.6624  40.244288  40.249983    35.5210    35.5252     2.5922    267.219     2.4652    276.040       5.53    1481.32     410542          1     1.7425 2.9935e-04    274.450    283.511    27.0609    27.0639         17  0.000e+00
  17105.917   48.99988  -16.50042     93.889     93.072    11.6609    11.6627  40.244220  40.250117    35.5210    35.5251     2.5922    267.220     2.4652    276.022       5.52    1481.68     410543          1     1.7425 2.9935e-04    274.451    283.492    27.0609    27.0638         17  0.000e+00
  17105.958   48.99988  -16.50042     93.958     93.140    11.6608    11.6626  40.244764  40.249782    35.5216    35.5248     2.5910    267.032     2.4652    276.009       5.52    1481.68     410544          1     1.7425 2.9935e-04    274.258    283.479    27.0614    27.0636         17  0.000e+00
  17106.000   48.99988  -16.50042     93.958     93.140    11.6611    11.6627  40.244628  40.249983    35.5212    35.5250     2.5910    266.994     2.4652    275.993       5.52    1481.68     410545          1     1.7315 2.9935e-04    274.219    283.463    27.0610    27.0637         17  0.000e+00
  17106.042   48.99988  -16.50042     93.958     93.140    11.6609    11.6626  40.244560  40.249782    35.5213    35.5248     2.5910    266.957     2.4664    276.174       5.52    1481.68     410546          1     1.7425 2.9935e-04    274.181    283.648    27.0611    27.0636         17  0.000e+00
  17106.083   48.99988  -16.50042     93.958     93.140    11.6608    11.6628  40.244696  40.249983    35.5215    35.5248     2.5910    266.938     2.4664    276.181       5.52    1481.68     410547          1     1.7425 2.9935e-04    274.162    283.656    27.0613    27.0635         17  0.000e+00
  17106.125   48.99988  -16.50042     94.036     93.217    11.6609    11.6627  40.244561  40.250319    35.5212    35.5252     2.5910    266.921     2.4664    276.192       5.52    1481.32     410548          1     1.7425 2.9935e-04    274.144    283.667    27.0611    27.0638         17  0.000e+00
  17106.167   48.99988  -16.50042     93.958     93.140    11.6611    11.6628  40.244560  40.249849    35.5211    35.5247     2.5910    266.898     2.4652    276.004       5.52    1481.32     410549          1     1.7535 2.9935e-04    274.121    283.474    27.0610    27.0634         17  0.000e+00
  17106.208   48.99988  -16.50042     94.036     93.217    11.6608    11.6626  40.244561  40.249715    35.5213    35.5247     2.5910    266.882     2.4652    275.995       5.52    1481.32     410550          1     1.7755 3.0106e-04    274.105    283.464    27.0612    27.0635         17  0.000e+00
  17106.250   48.99988  -16.50042     93.958     93.139    11.6606    11.6625  40.244016  40.249983    35.5211    35.5251     2.5910    266.862     2.4652    275.956       5.52    1481.32     410551          1     1.7755 3.0106e-04    274.084    283.424    27.0610    27.0638         17  0.000e+00
  17106.292   48.99988  -16.50042     93.958     93.139    11.6608    11.6627  40.243880  40.250050    35.5207    35.5249     2.5910    266.842     2.4652    275.943       5.52    1481.68     410552          1     1.7755 3.0106e-04    274.063    283.411    27.0607    27.0636         17  0.000e+00
  17106.333   48.99988  -16.50042     94.036     93.217    11.6607    11.6627  40.244084  40.250319    35.5210    35.5253     2.5910    266.825     2.4652    275.934       5.52    1481.68     410553          1     1.7755 3.0106e-04    274.046    283.402    27.0610    27.0639         17  0.000e+00
  17106.375   48.99988  -16.50042     94.036     93.217    11.6608    11.6626  40.244220  40.249849    35.5210    35.5249     2.5910    266.805     2.4652    275.925       5.52    1481.68     410554          1     1.7755 3.0106e-04    274.025    283.392    27.0610    27.0636         17  0.000e+00
  17106.417   48.99988  -16.50042     93.958     93.139    11.6609    11.6625  40.244424  40.250251    35.5211    35.5254     2.5910    266.782     2.4652    275.912       5.51    1481.68     410555          1     1.7755 3.0106e-04    274.002    283.379    27.0610    27.0640         17  0.000e+00
  17106.458   48.99984  -16.50034     93.958     93.139    11.6610    11.6627  40.244288  40.250452    35.5209    35.5253     2.5910    266.781     2.4652    275.902       5.53    1481.32     410556          1     1.7755 3.0106e-04    274.001    283.369    27.0608    27.0639         17  0.000e+00
  17106.500   48.99984  -16.50034     94.036     93.217    11.6609    11.6627  40.244220  40.250185    35.5209    35.5251     2.5910    266.766     2.4652    275.898       5.52    1481.32     410557          1     1.7755 3.0106e-04    273.985    283.365    27.0608    27.0638         17  0.000e+00
  17106.542   48.99984  -16.50034     93.957     93.139    11.6609    11.6626  40.244016  40.250318    35.5207    35.5253     2.5910    266.745     2.4652    275.889       5.52    1481.68     410558          1     1.7755 3.0106e-04    273.963    283.355    27.0607    27.0640         17  0.000e+00
  17106.583   48.99984  -16.50034     94.036     93.217    11.6608    11.6627  40.244425  40.250185    35.5212    35.5251     2.5910    266.728     2.4652    275.886       5.52    1481.68     410559          1     1.7645 3.0106e-04    273.946    283.352    27.0611    27.0638         17  0.000e+00
  17106.625   48.99988  -16.50042     93.957     93.139    11.6609    11.6627  40.244560  40.250117    35.5213    35.5250     2.5910    266.706     2.4652    275.878       5.52    1481.32     410560          1     1.7755 3.0106e-04    273.924    283.344    27.0611    27.0637         17  0.000e+00
  17106.667   48.99988  -16.50042     93.957     93.139    11.6611    11.6625  40.244560  40.249782    35.5211    35.5249     2.5910    266.687     2.4652    275.876       5.52    1481.32     410561          1     1.7755 3.0106e-04    273.904    283.342    27.0610    27.0636         17  0.000e+00
  17106.708   48.99988  -16.50042     93.957     93.139    11.6612    11.6626  40.244560  40.249983    35.5211    35.5250     2.5910    266.668     2.4652    275.872       5.52    1481.32     410562          1     1.7645 3.0106e-04    273.884    283.338    27.0609    27.0637         17  0.000e+00
  17106.750   48.99988  -16.50042     93.957     93.139    11.6611    11.6625  40.244560  40.250117    35.5211    35.5252     2.5922    266.822     2.4652    275.871       5.52    1481.68     410563          1     1.7755 3.0106e-04    274.042    283.337    27.0610    27.0639         17  0.000e+00
  17106.792   48.99988  -16.50042     93.820     93.003    11.6613    11.6627  40.244288  40.250117    35.5208    35.5251     2.5910    266.643     2.4652    275.840       5.52    1481.68     410564          1     1.7755 3.0106e-04    273.858    283.305    27.0606    27.0637         17  0.000e+00
  17106.833   48.99988  -16.50042     93.957     93.139    11.6610    11.6627  40.244424  40.249782    35.5211    35.5248     2.5910    266.648     2.4652    275.845       5.52    1481.32     410565          1     1.7755 3.0106e-04    273.863    283.310    27.0609    27.0635         17  0.000e+00
  17106.875   48.99988  -16.50042     93.889     93.071    11.6609    11.6627  40.244560  40.249715    35.5213    35.5247     2.5910    266.645     2.4652    275.843       5.52    1481.32     410566          1     1.7755 3.0106e-04    273.861    283.308    27.0611    27.0635         17  0.000e+00
  17106.917   48.99988  -16.50042     93.889     93.071    11.6609    11.6627  40.244560  40.249916    35.5213    35.5248     2.5922    266.819     2.4652    275.843       5.52    1481.68     410567          1     1.7755 3.0106e-04    274.039    283.308    27.0611    27.0635         17  0.000e+00
  17106.958   48.99988  -16.50042     93.820     93.003    11.6610    11.6627  40.244560  40.249782    35.5213    35.5248     2.5910    266.662     2.4652    275.843       5.53    1481.68     410568          1     1.7755 3.0106e-04    273.878    283.308    27.0611    27.0636         17  0.000e+00
  17107.000   48.99988  -16.50042     93.820     93.003    11.6611    11.6629  40.244424  40.249983    35.5211    35.5248     2.5910    266.664     2.4652    275.844       5.52    1481.32     410569          1     1.7755 3.0106e-04    273.880    283.309    27.0609    27.0634         17  0.000e+00
  17107.042   48.99988  -16.50042     93.742     92.925    11.6613    11.6627  40.244491  40.250116    35.5210    35.5252     2.5910    266.662     2.4652    275.846       5.52    1481.68     410570          1     1.7755 3.0106e-04    273.878    283.312    27.0608    27.0638         17  0.000e+00
  17107.083   48.99988  -16.50042     93.820     93.003    11.6610    11.6629  40.244832  40.249782    35.5215    35.5246     2.5910    266.668     2.4652    275.853       5.53    1481.32     410571          1     1.7755 3.0106e-04    273.885    283.319    27.0613    27.0633         17  0.000e+00
  17107.125   48.99988  -16.50042     93.673     92.857    11.6611    11.6630  40.244355  40.249982    35.5211    35.5248     2.5910    266.668     2.4652    275.853       5.52    1481.68     410572          1     1.7755 3.0106e-04    273.884    283.318    27.0609    27.0634         17  0.000e+00
  17107.167   48.99988  -16.50042     93.741     92.925    11.6609    11.6629  40.244219  40.250116    35.5210    35.5249     2.5910    266.675     2.4652    275.862       5.52    1481.32     410573          1     1.7755 3.0106e-04    273.892    283.328    27.0609    27.0636         17  0.000e+00
