Data_example/SBE_Data_Processed/DY130/SeaBird/Data/Batch/DY130_007.ros
* Sea-Bird SBE 9 Data File:
* FileName = C:\Users\sandm\Documents\Cruises\DY130\Data\Raw Data\DY130_007.hex
* Software Version Seasave V 7.26.7.121
* Temperature SN = 03P-5494
* Conductivity SN = 04C-3768
* Number of Bytes Per Scan = 45
* Number of Voltage Words = 4
* Number of Scans Averaged by the Deck Unit = 1
* NMEA Latitude = 49 04.68 N
* NMEA Longitude = 016 30.90 W
* NMEA UTC (Time) = Apr 04 2021  09:05:22
* NMEA baud rate = 9600
** Ship: RRS Discovery
** Cruise: DY130
** Cast: DY130_007
** Station: 046
** Julian Day: 094
** Date: 04/04/21
** Time (GMT): 09:05
** Latitude: 49 04.66 N
** Longitude: 16 30.89 W
** Depth (uncorrected m): 4808
** Principal Scientist: Sue Hart
** Operator: BP/PH BP/PH
# nquan = 27
# nvalues = 2541                                  
# units = specified
# name 0 = timeS: Time, Elapsed [seconds]
# name 1 = latitude: Latitude [deg]
# name 2 = longitude: Longitude [deg]
# name 3 = prDM: Pressure, Digiquartz [db]
# name 4 = depSM: Depth [salt water, m]
# name 5 = t090C: Temperature [ITS-90, deg C]
# name 6 = t190C: Temperature, 2 [ITS-90, deg C]
# name 7 = c0mS/cm: Conductivity [mS/cm]
# name 8 = c1mS/cm: Conductivity, 2 [mS/cm]
# name 9 = sal00: Salinity, Practical [PSU]
# name 10 = sal11: Salinity, Practical, 2 [PSU]
# name 11 = sbeox0V: Oxygen raw, SBE 43 [V]
# name 12 = sbox0Mm/Kg: Oxygen, SBE 43 [umol/kg]
# name 13 = sbeox1V: Oxygen raw, SBE 43, 2 [V]
# name 14 = sbox1Mm/Kg: Oxygen, SBE 43, 2 [umol/kg]
# name 15 = ptempC: Pressure Temperature [deg C]
# name 16 = altM: Altimeter [m]
# name 17 = scan: Scan Count
# name 18 = pumps: Pump Status
# name 19 = flECO-AFL: Fluorescence, WET Labs ECO-AFL/FL [mg/m^3]
# name 20 = turbWETbb0: Turbidity, WET Labs ECO BB [m^-1/sr]
# name 21 = sbeox0Mm/L: Oxygen, SBE 43 [umol/l]
# name 22 = sbeox1Mm/L: Oxygen, SBE 43, 2 [umol/l]
# name 23 = sigma-é00: Density [sigma-theta, kg/m^3]
# name 24 = sigma-é11: Density, 2 [sigma-theta, kg/m^3]
# name 25 = nbf: Bottles Fired
# name 26 = flag:  0.000e+00
# interval = seconds: 0.0416667
# start_time = Apr 04 2021 09:05:23 [NMEA time, first data scan]
# bad_flag = -9.990e-29
*END*
[from data line 2041]
   5491.833   49.07792  -16.51490     23.059     22.862    11.4337    11.4347  39.956522  39.960398    35.4864    35.4893     2.6422    272.236     2.5250    283.748      10.37    1481.32     131805          1     2.1271 2.9764e-04    279.606    291.432    27.0750    27.0771         17  0.000e+00
   5491.875   49.07792  -16.51490     23.059     22.862    11.4339    11.4349  39.956455  39.960798    35.4862    35.4896     2.6422    272.240     2.5250    283.746      10.36    1481.32     131806          1     2.1271 2.9764e-04    279.610    291.429    27.0748    27.0772         17  0.000e+00
   5491.917   49.07792  -16.51490     23.059     22.862    11.4337    11.4349  39.956590  39.961133    35.4865    35.4899     2.6422    272.244     2.5238    283.550      10.36    1481.68     131807          1     2.1271 2.9764e-04    279.615    291.227    27.0750    27.0774         17  0.000e+00
   5491.958   49.07792  -16.51490     22.961     22.765    11.4337    11.4350  39.956454  39.960598    35.4864    35.4893     2.6435    272.418     2.5250    283.716      10.36    1481.68     131808          1     2.1271 2.9593e-04    279.793    291.398    27.0750    27.0769         17  0.000e+00
   5492.000   49.07792  -16.51490     23.059     22.862    11.4337    11.4350  39.956115  39.960999    35.4860    35.4896     2.6435    272.443     2.5250    283.716      10.36    1481.32     131809          1     2.1271 2.9764e-04    279.820    291.398    27.0747    27.0772         17  0.000e+00
   5492.042   49.07800  -16.51484     23.059     22.862    11.4337    11.4352  39.956522  39.960999    35.4864    35.4894     2.6435    272.463     2.5250    283.711      10.36    1481.68     131810          1     2.1271 2.9764e-04    279.840    291.393    27.0750    27.0770         17  0.000e+00
   5492.083   49.07800  -16.51484     23.030     22.833    11.4337    11.4350  39.956454  39.960999    35.4864    35.4896     2.6422    272.311     2.5250    283.706      10.37    1481.68     131811          1     2.1601 3.0618e-04    279.683    291.388    27.0749    27.0772         17  0.000e+00
   5492.125   49.07800  -16.51484     22.990     22.794    11.4339    11.4350  39.956386  39.960932    35.4862    35.4896     2.6422    272.311     2.5250    283.699      10.36    1481.68     131812          1     2.1930 3.1302e-04    279.684    291.381    27.0748    27.0772         17  0.000e+00
   5492.167   49.07800  -16.51484     22.990     22.794    11.4340    11.4349  39.956115  39.960731    35.4858    35.4895     2.6422    272.313     2.5238    283.500      10.36    1481.32     131813          1     2.1930 3.1302e-04    279.686    291.176    27.0744    27.0772         17  0.000e+00
   5492.208   49.07792  -16.51490     22.990     22.794    11.4337    11.4352  39.956522  39.960598    35.4865    35.4891     2.6422    272.334     2.5250    283.663      10.37    1481.68     131814          1     2.1930 3.1302e-04    279.708    291.344    27.0750    27.0767         17  0.000e+00
   5492.250   49.07792  -16.51490     23.030     22.833    11.4339    11.4349  39.956454  39.960798    35.4862    35.4896     2.6435    272.510     2.5250    283.682      10.36    1481.32     131815          1     2.1930 3.1302e-04    279.888    291.363    27.0748    27.0772         17  0.000e+00
   5492.292   49.07792  -16.51490     22.912     22.716    11.4339    11.4347  39.956386  39.960531    35.4862    35.4895     2.6422    272.373     2.5250    283.671      10.36    1481.32     131816          1     2.1930 3.1302e-04    279.747    291.352    27.0748    27.0772         17  0.000e+00
   5492.333   49.07792  -16.51490     22.990     22.794    11.4341    11.4350  39.956386  39.960798    35.4860    35.4894     2.6435    272.568     2.5250    283.664      10.37    1481.32     131817          1     2.1930 3.1302e-04    279.948    291.344    27.0746    27.0771         17  0.000e+00
   5492.375   49.07792  -16.51490     22.990     22.794    11.4339    11.4349  39.956590  39.961132    35.4864    35.4899     2.6435    272.590     2.5250    283.654      10.37    1481.32     131818          1     2.1930 3.1302e-04    279.970    291.335    27.0749    27.0775         17  0.000e+00
   5492.417   49.07792  -16.51490     22.961     22.765    11.4339    11.4350  39.956454  39.960598    35.4863    35.4893     2.6435    272.609     2.5250    283.643      10.36    1481.68     131819          1     2.1930 3.1302e-04    279.990    291.323    27.0748    27.0769         17  0.000e+00
   5492.458   49.07792  -16.51490     22.990     22.794    11.4339    11.4347  39.956590  39.960798    35.4864    35.4897     2.6435    272.629     2.5250    283.634      10.36    1481.32     131820          1     2.1930 3.1302e-04    280.011    291.314    27.0749    27.0773         17  0.000e+00
   5514.375   49.07794  -16.51490     22.764     22.569    11.4339    11.4352  39.956725  39.960998    35.4866    35.4896     2.6422    272.319     2.5238    283.252      10.37    1481.68     132346          1     2.2040 2.9935e-04    279.693    290.922    27.0751    27.0771         18  0.000e+00
   5514.417   49.07794  -16.51490     22.764     22.569    11.4341    11.4352  39.956453  39.960931    35.4862    35.4895     2.6422    272.316     2.5238    283.290      10.37    1481.32     132347          1     2.1820 3.0277e-04    279.689    290.961    27.0747    27.0771         18  0.000e+00
   5514.458   49.07794  -16.51490     22.881     22.685    11.4339    11.4352  39.956590  39.960731    35.4864    35.4892     2.6422    272.318     2.5238    283.310      10.37    1481.68     132348          1     2.1601 3.0618e-04    279.691    290.981    27.0749    27.0769         18  0.000e+00
   5514.500   49.07794  -16.51490     22.764     22.569    11.4341    11.4349  39.956114  39.960864    35.4858    35.4898     2.6422    272.311     2.5238    283.322      10.37    1481.32     132349          1     2.1601 3.0789e-04    279.684    290.994    27.0744    27.0773         18  0.000e+00
   5514.542   49.07794  -16.51490     22.832     22.637    11.4339    11.4352  39.956521  39.960931    35.4864    35.4895     2.6422    272.310     2.5238    283.338      10.37    1481.68     132350          1     2.1601 3.0789e-04    279.683    291.010    27.0749    27.0771         18  0.000e+00
   5514.583   49.07794  -16.51490     22.832     22.637    11.4339    11.4352  39.956454  39.960731    35.4863    35.4893     2.6422    272.308     2.5238    283.353      10.37    1481.32     132351          1     2.1601 3.0789e-04    279.680    291.026    27.0749    27.0769         18  0.000e+00
   5514.625   49.07794  -16.51490     22.803     22.608    11.4341    11.4352  39.956386  39.960597    35.4861    35.4892     2.6422    272.303     2.5238    283.368      10.37    1481.68     132352          1     2.1601 3.0789e-04    279.675    291.040    27.0746    27.0768         18  0.000e+00
   5514.667   49.07794  -16.51490     22.832     22.637    11.4341    11.4352  39.956114  39.960798    35.4858    35.4893     2.6435    272.473     2.5238    283.383      10.37    1481.68     132353          1     2.1601 3.0789e-04    279.850    291.056    27.0744    27.0770         18  0.000e+00
   5514.708   49.07794  -16.51490     22.763     22.569    11.4339    11.4350  39.956521  39.960731    35.4864    35.4895     2.6422    272.313     2.5238    283.397      10.37    1481.32     132354          1     2.1601 3.0789e-04    279.686    291.070    27.0749    27.0771         18  0.000e+00
   5514.750   49.07794  -16.51490     22.900     22.705    11.4341    11.4352  39.956183  39.961132    35.4858    35.4896     2.6422    272.314     2.5238    283.415      10.37    1481.32     132355          1     2.1601 3.0789e-04    279.687    291.089    27.0744    27.0772         18  0.000e+00
   5514.792   49.07794  -16.51490     22.802     22.608    11.4339    11.4353  39.956521  39.960864    35.4864    35.4893     2.6422    272.307     2.5238    283.427      10.37    1481.68     132356          1     2.1601 3.0789e-04    279.680    291.101    27.0749    27.0769         18  0.000e+00
   5514.833   49.07794  -16.51490     22.763     22.569    11.4337    11.4350  39.956453  39.961332    35.4865    35.4901     2.6422    272.303     2.5238    283.441      10.37    1481.32     132357          1     2.1601 3.0789e-04    279.675    291.116    27.0750    27.0776         18  0.000e+00
   5514.875   49.07794  -16.51490     22.900     22.705    11.4337    11.4353  39.956047  39.961332    35.4860    35.4897     2.6422    272.305     2.5238    283.459      10.37    1481.32     132358          1     2.1601 3.0789e-04    279.677    291.135    27.0747    27.0772         18  0.000e+00
   5514.917   49.07794  -16.51490     22.763     22.569    11.4339    11.4352  39.956250  39.961065    35.4862    35.4896     2.6422    272.295     2.5238    283.470      10.37    1481.32     132359          1     2.1601 3.0789e-04    279.667    291.146    27.0747    27.0772         18  0.000e+00
   5514.958   49.07794  -16.51490     22.881     22.685    11.4339    11.4352  39.956386  39.960931    35.4862    35.4894     2.6422    272.295     2.5238    283.490      10.37    1481.32     132360          1     2.1601 3.0789e-04    279.668    291.166    27.0748    27.0770         18  0.000e+00
   5515.000   49.07794  -16.51490     22.832     22.637    11.4340    11.4353  39.956589  39.961132    35.4863    35.4895     2.6422    272.289     2.5250    283.696      10.37    1481.32     132361          1     2.1601 3.0789e-04    279.661    291.378    27.0748    27.0771         18  0.000e+00
   5515.042   49.07800  -16.51484     22.900     22.705    11.4337    11.4352  39.956454  39.961065    35.4864    35.4896     2.6422    272.289     2.5238    283.542      10.37    1481.68     132362          1     2.1601 3.0789e-04    279.661    291.220    27.0750    27.0771         18  0.000e+00
   5515.083   49.07800  -16.51484     22.802     22.608    11.4339    11.4350  39.956386  39.960931    35.4863    35.4897     2.6422    272.281     2.5238    283.554      10.37    1481.68     132363          1     2.1601 3.0789e-04    279.653    291.232    27.0748    27.0772         18  0.000e+00
   5515.125   49.07800  -16.51484     22.832     22.637    11.4337    11.4350  39.956386  39.961132    35.4864    35.4899     2.6422    272.279     2.5238    283.569      10.37    1481.68     132364          1     2.1601 3.0789e-04    279.651    291.247    27.0749    27.0774         18  0.000e+00
   5515.167   49.07800  -16.51484     22.900     22.705    11.4339    11.4350  39.956386  39.960865    35.4862    35.4896     2.6422    272.277     2.5238    283.586      10.37    1481.68     132365          1     2.1601 3.0789e-04    279.649    291.265    27.0748    27.0772         18  0.000e+00
   5515.208   49.07792  -16.51490     22.832     22.637    11.4339    11.4352  39.956386  39.960864    35.4863    35.4894     2.6422    272.271     2.5238    283.597      10.37    1481.68     132366          1     2.1601 3.0789e-04    279.643    291.276    27.0748    27.0770         18  0.000e+00
   5515.250   49.07792  -16.51490     22.881     22.685    11.4339    11.4352  39.956590  39.960530    35.4864    35.4891     2.6422    272.269     2.5238    283.590      10.36    1481.68     132367          1     2.1601 3.0789e-04    279.640    291.268    27.0749    27.0767         18  0.000e+00
   5515.292   49.07792  -16.51490     22.900     22.704    11.4341    11.4352  39.956115  39.960798    35.4858    35.4893     2.6422    272.284     2.5238    283.580      10.37    1481.32     132368          1     2.1601 3.0789e-04    279.656    291.258    27.0744    27.0769         18  0.000e+00
   5515.333   49.07792  -16.51490     22.832     22.637    11.4339    11.4352  39.956250  39.960664    35.4861    35.4892     2.6422    272.298     2.5238    283.566      10.38    1481.32     132369          1     2.1601 3.0789e-04    279.671    291.244    27.0747    27.0769         18  0.000e+00
   5515.375   49.07792  -16.51490     22.900     22.704    11.4341    11.4350  39.956115  39.960664    35.4858    35.4894     2.6422    272.298     2.5238    283.557      10.37    1481.68     132370          1     2.1601 3.0789e-04    279.670    291.235    27.0744    27.0770         18  0.000e+00
   5515.417   49.07792  -16.51490     22.881     22.685    11.4337    11.4352  39.956047  39.960597    35.4860    35.4891     2.6422    272.315     2.5250    283.736      10.37    1481.68     132371          1     2.1601 3.0789e-04    279.688    291.419    27.0747    27.0768         18  0.000e+00
   5515.458   49.07792  -16.51490     22.900     22.704    11.4339    11.4350  39.956250  39.961065    35.4861    35.4898     2.6422    272.313     2.5238    283.574      10.37    1481.68     132372          1     2.1711 3.0789e-04    279.686    291.253    27.0747    27.0773         18  0.000e+00
   5515.500   49.07792  -16.51490     22.832     22.636    11.4337    11.4350  39.956386  39.961065    35.4864    35.4898     2.6422    272.310     2.5250    283.750      10.37    1481.68     132373          1     2.1930 3.1473e-04    279.683    291.434    27.0749    27.0773         18  0.000e+00
   5515.542   49.07792  -16.51490     22.900     22.704    11.4341    11.4349  39.956115  39.960664    35.4858    35.4895     2.6422    272.310     2.5238    283.566      10.37    1481.68     132374          1     2.2150 3.1815e-04    279.682    291.244    27.0744    27.0771         18  0.000e+00
   5515.583   49.07792  -16.51490     22.880     22.685    11.4337    11.4352  39.956522  39.960597    35.4865    35.4891     2.6422    272.308     2.5238    283.546      10.37    1481.68     132375          1     2.2150 3.1815e-04    279.681    291.224    27.0750    27.0768         18  0.000e+00
   5515.625   49.07792  -16.51490     22.900     22.704    11.4337    11.4350  39.956454  39.960664    35.4864    35.4894     2.6422    272.308     2.5238    283.552      10.37    1481.32     132376          1     2.2150 3.1815e-04    279.680    291.230    27.0750    27.0770         18  0.000e+00
   5515.667   49.07792  -16.51490     22.900     22.704    11.4337    11.4350  39.956047  39.960865    35.4860    35.4896     2.6422    272.307     2.5250    283.727      10.37    1481.68     132377          1     2.2150 3.1815e-04    279.679    291.409    27.0747    27.0772         18  0.000e+00
   5515.708   49.07792  -16.51490     22.978     22.782    11.4337    11.4350  39.956522  39.960731    35.4865    35.4894     2.6422    272.326     2.5250    283.732      10.37    1481.32     132378          1     2.2150 3.1815e-04    279.699    291.415    27.0750    27.0770         18  0.000e+00
   5515.750   49.07792  -16.51490     22.949     22.753    11.4341    11.4352  39.956454  39.960598    35.4861    35.4891     2.6422    272.323     2.5238    283.537      10.37    1481.68     132379          1     2.2150 3.1815e-04    279.696    291.214    27.0746    27.0768         18  0.000e+00
   5515.792   49.07792  -16.51490     22.900     22.704    11.4337    11.4352  39.956386  39.961332    35.4864    35.4898     2.6422    272.322     2.5238    283.510      10.37    1481.68     132380          1     2.2040 3.1815e-04    279.695    291.186    27.0749    27.0773         18  0.000e+00
   5515.833   49.07792  -16.51490     22.900     22.704    11.4336    11.4352  39.956386  39.960931    35.4865    35.4894     2.6422    272.322     2.5250    283.680      10.37    1481.68     132381          1     2.2150 3.1815e-04    279.695    291.361    27.0751    27.0770         18  0.000e+00
