Data_example/SBE_Data_Processed/DY130/SeaBird/Data/Batch/DY130_005.ros
* Sea-Bird SBE 9 Data File:
* FileName = C:\Users\sandm\Documents\Cruises\DY130\Data\Raw Data\DY130_005.hex
* Software Version Seasave V 7.26.7.121
* Temperature SN = 03P-5494
* Conductivity SN = 04C-3768
* Number of Bytes Per Scan = 45
* Number of Voltage Words = 4
* Number of Scans Averaged by the Deck Unit = 1
* NMEA Latitude = 48 56.39 N
* NMEA Longitude = 016 27.89 W
* NMEA UTC (Time) = Apr 02 2021  07:00:27
* NMEA baud rate = 9600
** Ship: RRS Discovery
** Cruise: DY130
** Cast: DY130_005
** Station: 032
** Julian Day: 092
** Date: 02/04/21
** Time (GMT):
** Latitude: 48 56.38 N
** Longitude: 16 27.88 W
** Depth (uncorrected m): 4811
** Principal Scientist: Sue Hart
** Operator: BP/PH
# nquan = 27
# nvalues = 2541                                  
# units = specified
# name 0 = timeS: Time, Elapsed [seconds]
# name 1 = latitude: Latitude [deg]
# name 2 = longitude: Longitude [deg]
# name 3 = prDM: Pressure, Digiquartz [db]
# name 4 = depSM: Depth [salt water, m]
# name 5 = t090C: Temperature [ITS-90, deg C]
# name 6 = t190C: Temperature, 2 [ITS-90, deg C]
# name 7 = c0mS/cm: Conductivity [mS/cm]
# name 8 = c1mS/cm: Conductivity, 2 [mS/cm]
# name 9 = sal00: Salinity, Practical [PSU]
# name 10 = sal11: Salinity, Practical, 2 [PSU]
# name 11 = sbeox0V: Oxygen raw, SBE 43 [V]
# name 12 = sbox0Mm/Kg: Oxygen, SBE 43 [umol/kg]
# name 13 = sbeox1V: Oxygen raw, SBE 43, 2 [V]
# name 14 = sbox1Mm/Kg: Oxygen, SBE 43, 2 [umol/kg]
# name 15 = ptempC: Pressure Temperature [deg C]
# name 16 = altM: Altimeter [m]
# name 17 = scan: Scan Count
# name 18 = pumps: Pump Status
# name 19 = flECO-AFL: Fluorescence, WET Labs ECO-AFL/FL [mg/m^3]
# name 20 = turbWETbb0: Turbidity, WET Labs ECO BB [m^-1/sr]
# name 21 = sbeox0Mm/L: Oxygen, SBE 43 [umol/l]
# name 22 = sbeox1Mm/L: Oxygen, SBE 43, 2 [umol/l]
# name 23 = sigma-é00: Density [sigma-theta, kg/m^3]
# name 24 = sigma-é11: Density, 2 [sigma-theta, kg/m^3]
# name 25 = nbf: Bottles Fired
# name 26 = flag:  0.000e+00
# interval = seconds: 0.0416667
# start_time = Apr 02 2021 07:00:27 [NMEA time, first data scan]
# bad_flag = -9.990e-29
*END*
[from data line 1933]
   7302.208   48.93972  -16.46532     53.021     52.564    11.5346    11.5359  40.081872  40.086197    35.5001    35.5032     2.5824    265.393     2.4652    275.382      10.83    1481.68     175254          1     0.8853 1.8824e-04    272.576    282.837    27.0674    27.0696         16  0.000e+00
   7302.250   48.93972  -16.46532     53.118     52.661    11.5347    11.5361  40.081601  40.086331    35.4997    35.5031     2.5824    265.401     2.4640    275.219      10.83    1481.32     175255          1     0.8853 1.8824e-04    272.584    282.669    27.0671    27.0695         16  0.000e+00
   7302.292   48.93972  -16.46532     53.040     52.584    11.5349    11.5361  40.082076  40.085996    35.5001    35.5028     2.5824    265.400     2.4652    275.417      10.83    1481.68     175256          1     0.8744 1.8824e-04    272.584    282.873    27.0674    27.0692         16  0.000e+00
   7340.542   48.93972  -16.46530     53.183     52.725    11.5351    11.5361  40.082144  40.086666    35.4999    35.5034     2.5812    264.981     2.4652    275.348      10.85    1481.68     176174          1     0.7864 1.9165e-04    272.153    282.801    27.0672    27.0697         17  0.000e+00
   7340.583   48.93972  -16.46530     53.085     52.628    11.5353    11.5361  40.082280  40.086398    35.4999    35.5032     2.5824    265.149     2.4652    275.354      10.85    1481.68     176175          1     0.7864 1.9165e-04    272.326    282.808    27.0672    27.0695         17  0.000e+00
   7340.625   48.93972  -16.46530     53.330     52.871    11.5352    11.5362  40.082484  40.086332    35.5000    35.5028     2.5812    265.003     2.4652    275.372      10.83    1481.32     176176          1     0.7864 1.8995e-04    272.176    282.826    27.0673    27.0693         17  0.000e+00
   7340.667   48.93972  -16.46530     53.183     52.725    11.5349    11.5361  40.082348  40.086331    35.5003    35.5031     2.5812    265.000     2.4652    275.376      10.83    1481.68     176177          1     0.7864 1.8995e-04    272.173    282.831    27.0675    27.0695         17  0.000e+00
   7340.708   48.93972  -16.46530     53.114     52.657    11.5349    11.5361  40.082144  40.086532    35.5001    35.5033     2.5812    264.998     2.4640    275.213      10.83    1481.68     176178          1     0.7864 1.8995e-04    272.171    282.663    27.0674    27.0696         17  0.000e+00
   7340.750   48.93972  -16.46530     53.183     52.725    11.5351    11.5362  40.082280  40.086398    35.5000    35.5030     2.5812    264.999     2.4652    275.421      10.83    1481.68     176179          1     0.7864 1.9165e-04    272.172    282.876    27.0673    27.0694         17  0.000e+00
   7340.792   48.93972  -16.46530     53.163     52.706    11.5352    11.5361  40.082484  40.086331    35.5001    35.5031     2.5812    264.998     2.4652    275.457      10.83    1481.32     176180          1     0.7864 1.9165e-04    272.170    282.913    27.0673    27.0695         17  0.000e+00
   7340.833   48.93972  -16.46530     53.114     52.657    11.5352    11.5361  40.082348  40.086331    35.5000    35.5031     2.5812    264.996     2.4652    275.468      10.83    1481.68     176181          1     0.7864 1.8995e-04    272.169    282.925    27.0672    27.0695         17  0.000e+00
   7340.875   48.93972  -16.46530     53.183     52.725    11.5351    11.5362  40.082348  40.085997    35.5001    35.5026     2.5812    264.999     2.4652    275.484      10.83    1481.32     176182          1     0.7864 1.9165e-04    272.172    282.941    27.0673    27.0691         17  0.000e+00
   7340.917   48.93972  -16.46530     53.036     52.580    11.5355    11.5362  40.082483  40.086197    35.4999    35.5028     2.5824    265.183     2.4652    275.492      10.83    1481.68     176183          1     0.7864 1.8995e-04    272.361    282.949    27.0671    27.0693         17  0.000e+00
   7340.958   48.93972  -16.46530     53.085     52.628    11.5351    11.5362  40.082348  40.086331    35.5001    35.5030     2.5824    265.204     2.4652    275.506      10.85    1481.68     176184          1     0.7864 1.9165e-04    272.383    282.964    27.0674    27.0694         17  0.000e+00
   7341.000   48.93972  -16.46530     53.114     52.657    11.5352    11.5359  40.082144  40.086532    35.4998    35.5035     2.5824    265.222     2.4652    275.522      10.83    1481.68     176185          1     0.7864 1.9165e-04    272.401    282.980    27.0671    27.0698         17  0.000e+00
   7341.042   48.93972  -16.46530     53.036     52.580    11.5352    11.5361  40.082279  40.086398    35.5000    35.5032     2.5812    265.045     2.4652    275.531      10.85    1481.68     176186          1     0.7864 1.9165e-04    272.219    282.990    27.0672    27.0696         17  0.000e+00
   7341.083   48.93972  -16.46530     53.114     52.657    11.5351    11.5361  40.082755  40.086331    35.5005    35.5031     2.5812    265.045     2.4652    275.548      10.83    1481.68     176187          1     0.7864 1.8995e-04    272.219    283.006    27.0676    27.0695         17  0.000e+00
   7341.125   48.93972  -16.46530     53.036     52.580    11.5351    11.5361  40.082483  40.086531    35.5003    35.5033     2.5812    265.041     2.4652    275.558      10.83    1481.68     176188          1     0.7864 1.9165e-04    272.215    283.017    27.0675    27.0697         17  0.000e+00
   7341.167   48.93972  -16.46530     53.016     52.560    11.5351    11.5362  40.082144  40.086665    35.5000    35.5033     2.5812    265.039     2.4652    275.569      10.83    1481.68     176189          1     0.7864 1.9165e-04    272.212    283.029    27.0672    27.0696         17  0.000e+00
   7341.208   48.93972  -16.46530     53.036     52.580    11.5351    11.5362  40.082551  40.086665    35.5004    35.5033     2.5824    265.208     2.4652    275.583      10.83    1481.68     176190          1     0.7864 1.9165e-04    272.387    283.043    27.0676    27.0696         17  0.000e+00
   7341.250   48.93972  -16.46530     53.036     52.580    11.5353    11.5361  40.082551  40.086398    35.5002    35.5032     2.5824    265.241     2.4652    275.597      10.83    1481.32     176191          1     0.7864 1.9165e-04    272.420    283.058    27.0674    27.0696         17  0.000e+00
   7341.292   48.93972  -16.46530     52.967     52.512    11.5352    11.5361  40.082347  40.086531    35.5001    35.5033     2.5824    265.273     2.4652    275.608      10.83    1481.68     176192          1     0.7864 1.9165e-04    272.453    283.068    27.0673    27.0697         17  0.000e+00
   7341.333   48.93972  -16.46530     53.016     52.560    11.5352    11.5359  40.082143  40.086397    35.4998    35.5034     2.5812    265.118     2.4652    275.624      10.83    1481.68     176193          1     0.7755 1.9165e-04    272.294    283.085    27.0671    27.0697         17  0.000e+00
   7341.375   48.93966  -16.46534     52.967     52.512    11.5351    11.5364  40.082007  40.086531    35.4999    35.5030     2.5824    265.286     2.4652    275.633      10.85    1481.68     176194          1     0.7864 1.9165e-04    272.467    283.094    27.0672    27.0694         17  0.000e+00
   7341.417   48.93966  -16.46534     52.889     52.434    11.5353    11.5361  40.082415  40.086129    35.5001    35.5030     2.5824    265.296     2.4652    275.645      10.83    1481.68     176195          1     0.7755 1.9165e-04    272.477    283.107    27.0673    27.0694         17  0.000e+00
   7341.458   48.93966  -16.46534     53.036     52.580    11.5349    11.5361  40.082347  40.086197    35.5003    35.5030     2.5812    265.144     2.4652    275.664      10.83    1481.68     176196          1     0.7864 1.9165e-04    272.321    283.126    27.0676    27.0694         17  0.000e+00
   7341.500   48.93966  -16.46534     52.889     52.434    11.5351    11.5362  40.082143  40.086330    35.5000    35.5030     2.5812    265.134     2.4652    275.647      10.83    1481.68     176197          1     0.7974 1.8482e-04    272.311    283.109    27.0673    27.0694         17  0.000e+00
   7341.542   48.93972  -16.46530     52.870     52.415    11.5351    11.5362  40.082279  40.086330    35.5002    35.5031     2.5812    265.129     2.4652    275.659      10.83    1481.32     176198          1     0.8084 1.7798e-04    272.305    283.121    27.0674    27.0694         17  0.000e+00
   7341.583   48.93972  -16.46530     52.967     52.512    11.5349    11.5361  40.082143  40.086330    35.5001    35.5031     2.5812    265.128     2.4652    275.652      10.83    1481.68     176199          1     0.8194 1.7627e-04    272.305    283.113    27.0674    27.0695         17  0.000e+00
   7341.625   48.93972  -16.46530     52.821     52.366    11.5352    11.5362  40.082550  40.086330    35.5003    35.5031     2.5812    265.117     2.4652    275.657      10.83    1481.68     176200          1     0.8084 1.7627e-04    272.293    283.119    27.0675    27.0694         17  0.000e+00
   7341.667   48.93972  -16.46530     52.889     52.434    11.5347    11.5361  40.082279  40.086062    35.5005    35.5029     2.5812    265.117     2.4652    275.672      10.83    1481.32     176201          1     0.8084 1.7627e-04    272.293    283.134    27.0677    27.0693         17  0.000e+00
   7341.708   48.93972  -16.46530     52.870     52.415    11.5351    11.5359  40.082279  40.086196    35.5002    35.5032     2.5812    265.111     2.4652    275.660      10.83    1481.68     176202          1     0.8084 1.7627e-04    272.287    283.122    27.0674    27.0696         17  0.000e+00
   7341.750   48.93972  -16.46530     52.821     52.366    11.5351    11.5361  40.081939  40.086531    35.4999    35.5034     2.5812    265.105     2.4652    275.667      10.83    1481.68     176203          1     0.8194 1.7798e-04    272.281    283.129    27.0672    27.0697         17  0.000e+00
   7341.792   48.93972  -16.46530     52.821     52.366    11.5351    11.5359  40.082414  40.086397    35.5003    35.5035     2.5812    265.100     2.4652    275.678      10.83    1481.32     176204          1     0.8084 1.7627e-04    272.275    283.141    27.0675    27.0698         17  0.000e+00
   7341.833   48.93972  -16.46530     52.821     52.366    11.5351    11.5361  40.082414  40.085995    35.5003    35.5029     2.5812    265.077     2.4652    275.689      10.83    1481.68     176205          1     0.8084 1.7627e-04    272.252    283.151    27.0675    27.0693         17  0.000e+00
   7341.875   48.93972  -16.46530     52.801     52.347    11.5352    11.5361  40.081939  40.086196    35.4997    35.5031     2.5812    265.071     2.4652    275.698      10.83    1481.68     176206          1     0.8084 1.7798e-04    272.246    283.161    27.0670    27.0695         17  0.000e+00
   7341.917   48.93972  -16.46530     52.752     52.298    11.5349    11.5359  40.082210  40.086330    35.5003    35.5034     2.5812    265.065     2.4652    275.683      10.83    1481.32     176207          1     0.8084 1.7798e-04    272.240    283.146    27.0676    27.0698         17  0.000e+00
   7341.958   48.93972  -16.46530     52.821     52.366    11.5351    11.5361  40.081939  40.086062    35.4998    35.5029     2.5812    265.062     2.4652    275.671      10.83    1481.32     176208          1     0.8084 1.7627e-04    272.236    283.134    27.0671    27.0694         17  0.000e+00
   7342.000   48.93972  -16.46530     52.752     52.298    11.5349    11.5358  40.082210  40.086463    35.5003    35.5037     2.5812    265.055     2.4652    275.655      10.83    1481.68     176209          1     0.8084 1.7798e-04    272.229    283.117    27.0676    27.0700         17  0.000e+00
   7342.042   48.93972  -16.46530     52.752     52.298    11.5349    11.5359  40.082143  40.086396    35.5003    35.5035     2.5812    265.050     2.4652    275.638      10.83    1481.32     176210          1     0.8084 1.7798e-04    272.224    283.100    27.0675    27.0698         17  0.000e+00
   7342.083   48.93972  -16.46530     52.723     52.269    11.5351    11.5361  40.082278  40.086329    35.5002    35.5033     2.5812    265.042     2.4652    275.619      10.83    1481.68     176211          1     0.8084 1.7798e-04    272.216    283.080    27.0674    27.0696         17  0.000e+00
   7342.125   48.93972  -16.46530     52.752     52.298    11.5349    11.5361  40.081939  40.086330    35.5000    35.5032     2.5812    265.039     2.4652    275.602      10.83    1481.68     176212          1     0.8084 1.7627e-04    272.213    283.063    27.0673    27.0696         17  0.000e+00
   7342.167   48.93972  -16.46530     52.674     52.221    11.5351    11.5362  40.081938  40.086329    35.4999    35.5031     2.5812    265.031     2.4652    275.580      10.83    1481.32     176213          1     0.8084 1.7627e-04    272.204    283.040    27.0672    27.0695         17  0.000e+00
   7342.208   48.93972  -16.46530     52.752     52.298    11.5349    11.5361  40.081599  40.086330    35.4997    35.5032     2.5812    265.030     2.4652    275.564      10.83    1481.68     176214          1     0.8084 1.7627e-04    272.203    283.023    27.0671    27.0696         17  0.000e+00
   7342.250   48.93972  -16.46530     52.654     52.201    11.5349    11.5362  40.081259  40.085995    35.4994    35.5028     2.5812    265.003     2.4652    275.563      10.83    1481.32     176215          1     0.8084 1.7627e-04    272.176    283.022    27.0669    27.0692         17  0.000e+00
   7342.292   48.93972  -16.46530     52.674     52.221    11.5351    11.5359  40.081667  40.086463    35.4996    35.5036     2.5812    264.977     2.4652    275.567      10.83    1481.68     176216          1     0.8084 1.7627e-04    272.150    283.027    27.0669    27.0699         17  0.000e+00
   7342.333   48.93966  -16.46534     52.674     52.221    11.5349    11.5361  40.081938  40.086129    35.5001    35.5031     2.5800    264.799     2.4652    275.570      10.83    1481.68     176217          1     0.8084 1.7798e-04    271.967    283.029    27.0674    27.0695         17  0.000e+00
   7342.375   48.93966  -16.46534     52.605     52.153    11.5349    11.5361  40.081802  40.086195    35.5000    35.5032     2.5812    264.927     2.4652    275.547      10.83    1481.68     176218          1     0.8084 1.7798e-04    272.097    283.005    27.0673    27.0695         17  0.000e+00
   7342.417   48.93966  -16.46534     52.654     52.201    11.5347    11.5361  40.081599  40.085995    35.4999    35.5030     2.5812    264.922     2.4652    275.551      10.85    1481.32     176219          1     0.8084 1.7798e-04    272.093    283.010    27.0673    27.0694         17  0.000e+00
   7342.458   48.93966  -16.46534     52.605     52.153    11.5348    11.5361  40.082006  40.086195    35.5003    35.5032     2.5812    264.913     2.4652    275.550      10.83    1481.32     176220          1     0.8084 1.7627e-04    272.084    283.009    27.0675    27.0695         17  0.000e+00
   7342.500   48.93966  -16.46534     52.674     52.220    11.5351    11.5361  40.082006  40.086329    35.5000    35.5033     2.5812    264.908     2.4652    275.554      10.83    1481.68     176221          1     0.8084 1.7798e-04    272.078    283.014    27.0673    27.0696         17  0.000e+00
   7342.542   48.93972  -16.46530     52.605     52.153    11.5349    11.5363  40.081802  40.085994    35.5000    35.5028     2.5812    264.918     2.4652    275.530      10.83    1481.68     176222          1     0.8084 1.7798e-04    272.089    282.988    27.0673    27.0692         17  0.000e+00
   7342.583   48.93972  -16.46530     52.605     52.153    11.5351    11.5361  40.081599  40.086195    35.4996    35.5032     2.5812    264.912     2.4652    275.531      10.85    1481.68     176223          1     0.7864 1.8824e-04    272.082    282.990    27.0670    27.0695         17  0.000e+00
