Data_example/SBE_Data_Processed/DY130/SeaBird/Data/Batch/DY130_002.ros
* Sea-Bird SBE 9 Data File:
* FileName = C:\Users\sandm\Documents\Cruises\DY130\Data\Raw Data\DY130_002.hex
* Software Version Seasave V 7.26.7.121
* Temperature SN = 03P-5494
* Conductivity SN = 04C-3768
* Number of Bytes Per Scan = 45
* Number of Voltage Words = 4
* Number of Scans Averaged by the Deck Unit = 1
* NMEA Latitude = 48 49.03 N
* NMEA Longitude = 016 26.54 W
* NMEA UTC (Time) = Mar 30 2021  16:48:44
* NMEA baud rate = 9600
** Ship: RRS Discovery
** Cruise: DY130
** Cast: DY130_002
** Station: 019
** Julian Day: 089
** Date: 30/03/21
** Time (GMT): 16:48
** Latitude: 48 49.023 N
** Longitude: 16 26.539 W
** Depth (uncorrected m): 4809
** Principal Scientist: Sue Hartman
** Operator: BP/PH
# nquan = 30
# nvalues = 2541                                  
# units = specified
# name 0 = timeS: Time, Elapsed [seconds]
# name 1 = latitude: Latitude [deg]
# name 2 = longitude: Longitude [deg]
# name 3 = prDM: Pressure, Digiquartz [db]
# name 4 = depSM: Depth [salt water, m]
# name 5 = t090C: Temperature [ITS-90, deg C]
# name 6 = t190C: Temperature, 2 [ITS-90, deg C]
# name 7 = c0mS/cm: Conductivity [mS/cm]
# name 8 = c1mS/cm: Conductivity, 2 [mS/cm]
# name 9 = sal00: Salinity, Practical [PSU]
# name 10 = sal11: Salinity, Practical, 2 [PSU]
# name 11 = sbeox0V: Oxygen raw, SBE 43 [V]
# name 12 = sbox0Mm/Kg: Oxygen, SBE 43 [umol/kg]
# name 13 = sbeox1V: Oxygen raw, SBE 43, 2 [V]
# name 14 = sbox1Mm/Kg: Oxygen, SBE 43, 2 [umol/kg]
# name 15 = ptempC: Pressure Temperature [deg C]
# name 16 = altM: Altimeter [m]
# name 17 = scan: Scan Count
# name 18 = pumps: Pump Status
# name 19 = flECO-AFL: Fluorescence, WET Labs ECO-AFL/FL [mg/m^3]
# name 20 = turbWETbb0: Turbidity, WET Labs ECO BB [m^-1/sr]
# name 21 = ph: pH
# name 22 = sbeox0Mm/L: Oxygen, SBE 43 [umol/l]
# name 23 = sbeox1Mm/L: Oxygen, SBE 43, 2 [umol/l]
# name 24 = sigma-é00: Density [sigma-theta, kg/m^3]
# name 25 = sigma-é11: Density, 2 [sigma-theta, kg/m^3]
# name 26 = par: PAR/Irradiance, Biospherical/Licor [umol photons/m^2/sec]
# name 27 = par1: PAR/Irradiance, Biospherical/Licor [umol photons/m^2/sec]
# name 28 = nbf: Bottles Fired
# name 29 = flag:  0.000e+00
# interval = seconds: 0.0416667
# start_time = Mar 30 2021 16:48:44 [NMEA time, first data scan]
# bad_flag = -9.990e-29
*END*
[from data line 581]
   1403.583   48.81710  -16.44234     80.824     80.125    11.4329    11.4238  39.992503  39.984744    35.4968    35.4978     2.5678    264.911     2.4591    276.275      14.00    1481.68      33687          1     0.3908 1.5918e-04     17.153    272.086    283.758    27.0846    27.0871 8.5471e-03 7.6976e-04          5  0.000e+00
   1403.625   48.81710  -16.44234     80.678     79.979    11.4330    11.4237  39.992638  39.984744    35.4969    35.4980     2.5678    264.922     2.4591    276.268      14.00    1481.68      33688          1     0.3908 1.5918e-04     17.153    272.098    283.751    27.0846    27.0872 8.5471e-03 7.6976e-04          5  0.000e+00
   1403.667   48.81710  -16.44234     80.678     79.979    11.4334    11.4237  39.992977  39.984543    35.4969    35.4978     2.5678    264.937     2.4591    276.267      14.00    1481.68      33689          1     0.3908 1.5918e-04     17.153    272.113    283.751    27.0845    27.0870 8.5471e-03 7.6976e-04          5  0.000e+00
   1403.708   48.81710  -16.44234     80.609     79.911    11.4339    11.4235  39.993724  39.984677    35.4972    35.4982     2.5678    264.948     2.4591    276.266      14.00    1481.68      33690          1     0.3908 1.5918e-04     17.158    272.124    283.749    27.0847    27.0874 8.5471e-03 7.7398e-04          5  0.000e+00
   1403.750   48.81710  -16.44234     80.531     79.833    11.4342    11.4244  39.994198  39.986347    35.4974    35.4990     2.5690    265.114     2.4591    276.233      14.00    1481.32      33691          1     0.3908 1.5918e-04     17.153    272.295    283.715    27.0848    27.0879 8.5980e-03 7.7398e-04          5  0.000e+00
   1403.792   48.81710  -16.44234     80.531     79.833    11.4345    11.4255  39.994470  39.987617    35.4973    35.4992     2.5678    264.972     2.4591    276.202      14.00    1481.32      33692          1     0.3908 1.5918e-04     17.158    272.149    283.684    27.0847    27.0878 8.5980e-03 7.7821e-04          5  0.000e+00
   1403.833   48.81710  -16.44234     80.531     79.834    11.4350    11.4265  39.994334  39.988419    35.4967    35.4991     2.5678    264.986     2.4591    276.197      14.00    1481.68      33693          1     0.3908 1.5918e-04     17.152    272.163    283.679    27.0841    27.0875 8.6492e-03 7.7821e-04          5  0.000e+00
   1403.875   48.81710  -16.44234     80.462     79.766    11.4350    11.4278  39.994877  39.990156    35.4973    35.4995     2.5678    264.997     2.4591    276.187      14.00    1481.68      33694          1     0.3908 1.5918e-04     17.152    272.175    283.668    27.0845    27.0876 8.6492e-03 7.7821e-04          5  0.000e+00
   1403.917   48.81710  -16.44234     80.462     79.766    11.4353    11.4296  39.994877  39.991961    35.4970    35.4996     2.5678    265.011     2.4579    275.983      14.00    1481.32      33695          1     0.3908 1.5918e-04     17.152    272.189    283.459    27.0842    27.0873 8.6492e-03 7.8247e-04          5  0.000e+00
   1403.958   48.81710  -16.44234     80.462     79.766    11.4355    11.4306  39.995284  39.992629    35.4972    35.4993     2.5678    265.025     2.4591    276.154      14.00    1481.32      33696          1     0.3908 1.5918e-04     17.152    272.203    283.634    27.0844    27.0869 8.7007e-03 7.8247e-04          5  0.000e+00
   1404.000   48.81710  -16.44234     80.315     79.620    11.4357    11.4311  39.994876  39.992494    35.4967    35.4988     2.5690    265.189     2.4591    276.153      14.00    1481.32      33697          1     0.3908 1.5918e-04     17.152    272.372    283.633    27.0840    27.0864 8.7007e-03 7.8247e-04          5  0.000e+00
   1404.042   48.81710  -16.44234     80.316     79.620    11.4360    11.4318  39.995351  39.992895    35.4969    35.4985     2.5678    265.027     2.4591    276.132      14.00    1481.68      33698          1     0.3908 1.5918e-04     17.158    272.205    283.611    27.0840    27.0861 8.7007e-03 7.8247e-04          5  0.000e+00
   1404.083   48.81710  -16.44234     80.316     79.620    11.4363    11.4316  39.996165  39.992561    35.4974    35.4984     2.5678    265.018     2.4591    276.116      14.01    1481.32      33699          1     0.3908 1.5918e-04     17.152    272.196    283.595    27.0844    27.0860 8.7007e-03 7.8675e-04          5  0.000e+00
   1404.125   48.81710  -16.44234     80.247     79.552    11.4368    11.4311  39.996979  39.991625    35.4977    35.4979     2.5678    265.005     2.4591    276.124      14.00    1481.32      33700          1     0.3908 1.6430e-04     17.152    272.183    283.603    27.0845    27.0858 8.7525e-03 7.8675e-04          5  0.000e+00
   1404.167   48.81716  -16.44234     80.179     79.484    11.4376    11.4304  39.997183  39.991625    35.4972    35.4986     2.5690    265.165     2.4591    276.133      14.00    1481.68      33701          1     0.3798 1.7456e-04     17.158    272.347    283.612    27.0839    27.0864 8.7525e-03 7.9106e-04          5  0.000e+00
   1404.208   48.81716  -16.44234     80.179     79.484    11.4373    11.4304  39.997251  39.991425    35.4976    35.4984     2.5690    265.175     2.4579    275.946      14.00    1481.68      33702          1     0.3798 1.7798e-04     17.158    272.357    283.421    27.0843    27.0862 8.8046e-03 7.9106e-04          5  0.000e+00
   1404.250   48.81716  -16.44234     80.179     79.484    11.4376    11.4314  39.997183  39.993162    35.4972    35.4992     2.5690    265.181     2.4591    276.097      14.00    1481.68      33703          1     0.3798 1.7798e-04     17.158    272.364    283.576    27.0839    27.0867 8.8046e-03 7.9106e-04          5  0.000e+00
   1404.292   48.81716  -16.44234     80.100     79.407    11.4378    11.4326  39.997182  39.994566    35.4971    35.4995     2.5678    265.011     2.4591    276.073      14.00    1481.32      33704          1     0.3798 1.7798e-04     17.158    272.189    283.551    27.0838    27.0867 8.8046e-03 7.9106e-04          5  0.000e+00
   1404.333   48.81708  -16.44234     80.032     79.339    11.4378    11.4331  39.996775  39.994833    35.4967    35.4993     2.5678    264.997     2.4579    275.859      14.00    1481.68      33705          1     0.3798 1.7798e-04     17.152    272.174    283.331    27.0835    27.0865 8.8571e-03 7.9539e-04          5  0.000e+00
   1404.375   48.81708  -16.44234     80.100     79.407    11.4376    11.4331  39.996775  39.993830    35.4968    35.4983     2.5690    265.159     2.4591    276.047      14.00    1481.32      33706          1     0.3798 1.7798e-04     17.158    272.341    283.524    27.0837    27.0857 8.8571e-03 7.9539e-04          5  0.000e+00
   1404.417   48.81708  -16.44234     79.885     79.193    11.4375    11.4328  39.996028  39.993495    35.4963    35.4984     2.5678    265.003     2.4591    276.030      14.00    1481.68      33707          1     0.3798 1.7627e-04     17.158    272.180    283.507    27.0833    27.0858 8.8571e-03 7.9539e-04          5  0.000e+00
   1404.458   48.81708  -16.44234     79.953     79.261    11.4375    11.4329  39.996164  39.993495    35.4964    35.4982     2.5678    265.008     2.4591    276.021      14.00    1481.68      33708          1     0.3798 1.7627e-04     17.152    272.186    283.497    27.0834    27.0856 8.9098e-03 8.0412e-04          5  0.000e+00
   1404.500   48.81708  -16.44234     79.953     79.261    11.4375    11.4326  39.995892  39.993496    35.4962    35.4985     2.5678    265.013     2.4591    276.035      14.00    1481.32      33709          1     0.3798 1.7627e-04     17.152    272.190    283.511    27.0832    27.0859 8.9098e-03 8.0412e-04          5  0.000e+00
   1404.542   48.81708  -16.44234     79.885     79.193    11.4373    11.4324  39.995960  39.993161    35.4964    35.4983     2.5678    264.996     2.4591    276.047      14.00    1481.68      33710          1     0.3798 1.7798e-04     17.152    272.173    283.524    27.0834    27.0858 8.9629e-03 7.9974e-04          5  0.000e+00
   1430.042   48.81708  -16.44232     79.464     78.776    11.4412    11.4555  39.998198  40.017757    35.4950    35.5007     2.5690    264.962     2.4640    277.004      14.00    1481.68      34322          1     0.5007 1.5576e-04     17.170    272.138    284.506    27.0816    27.0834 9.0699e-03 8.0852e-04          6  0.000e+00
   1430.083   48.81708  -16.44232     79.396     78.709    11.4402    11.4556  39.997112  40.017756    35.4950    35.5006     2.5690    264.986     2.4640    276.995      13.98    1481.32      34323          1     0.5007 1.5405e-04     17.170    272.162    284.497    27.0817    27.0833 9.0699e-03 8.0852e-04          6  0.000e+00
   1430.125   48.81708  -16.44232     79.396     78.709    11.4393    11.4556  39.996501  40.018224    35.4953    35.5011     2.5690    265.011     2.4640    276.988      13.98    1481.68      34324          1     0.5007 1.5405e-04     17.170    272.188    284.490    27.0822    27.0836 9.0699e-03 8.0852e-04          6  0.000e+00
   1430.167   48.81700  -16.44234     79.396     78.709    11.4383    11.4558  39.996026  40.017690    35.4957    35.5004     2.5690    265.035     2.4640    276.981      13.98    1481.32      34325          1     0.5007 1.5576e-04     17.170    272.213    284.482    27.0827    27.0831 9.0699e-03 8.0852e-04          6  0.000e+00
   1430.208   48.81700  -16.44234     79.464     78.777    11.4376    11.4556  39.995755  40.017088    35.4961    35.4999     2.5690    265.060     2.4640    276.976      13.98    1481.68      34326          1     0.5007 1.5405e-04     17.170    272.239    284.477    27.0831    27.0827 9.0162e-03 8.0852e-04          6  0.000e+00
   1430.250   48.81700  -16.44234     79.464     78.777    11.4375    11.4550  39.995212  40.017021    35.4957    35.5005     2.5690    265.082     2.4640    276.970      13.98    1481.68      34327          1     0.5007 1.5576e-04     17.170    272.261    284.471    27.0828    27.0833 9.0162e-03 8.0852e-04          6  0.000e+00
   1430.292   48.81700  -16.44234     79.465     78.777    11.4368    11.4550  39.995958  40.016754    35.4971    35.5002     2.5690    265.103     2.4640    276.960      13.98    1481.68      34328          1     0.5007 1.5576e-04     17.170    272.283    284.461    27.0840    27.0831 9.0162e-03 8.0852e-04          6  0.000e+00
   1430.333   48.81708  -16.44232     79.396     78.709    11.4372    11.4550  39.997451  40.017289    35.4982    35.5008     2.5690    265.097     2.4640    276.969      14.00    1481.32      34329          1     0.5007 1.5405e-04     17.170    272.277    284.470    27.0849    27.0835 9.0162e-03 8.0852e-04          6  0.000e+00
   1430.375   48.81708  -16.44232     79.465     78.777    11.4378    11.4552  39.999691  40.017356    35.4998    35.5006     2.5690    265.093     2.4640    276.959      14.00    1481.32      34330          1     0.5007 1.5576e-04     17.170    272.273    284.460    27.0860    27.0834 9.0162e-03 8.0852e-04          6  0.000e+00
   1430.417   48.81708  -16.44232     79.533     78.845    11.4394    11.4555  40.001727  40.017155    35.5003    35.5001     2.5690    265.084     2.4640    276.972      13.98    1481.68      34331          1     0.5007 1.5405e-04     17.164    272.264    284.473    27.0860    27.0829 9.0162e-03 8.0852e-04          6  0.000e+00
   1430.458   48.81708  -16.44232     79.465     78.777    11.4408    11.4548  40.003084  40.016286    35.5003    35.4999     2.5690    265.072     2.4640    276.985      13.98    1481.68      34332          1     0.5007 1.5405e-04     17.170    272.251    284.487    27.0858    27.0828 9.0162e-03 8.0852e-04          6  0.000e+00
   1430.500   48.81708  -16.44232     79.465     78.777    11.4419    11.4540  40.004238  40.015216    35.5004    35.4997     2.5690    265.063     2.4640    276.979      13.98    1481.68      34333          1     0.5007 1.5405e-04     17.170    272.242    284.480    27.0856    27.0828 9.0162e-03 8.0412e-04          6  0.000e+00
   1430.542   48.81708  -16.44232     79.465     78.777    11.4432    11.4533  40.004577  40.014949    35.4995    35.5000     2.5690    265.054     2.4640    276.993      13.98    1481.32      34334          1     0.5007 1.5576e-04     17.170    272.233    284.495    27.0847    27.0832 9.0162e-03 8.0412e-04          6  0.000e+00
   1430.583   48.81708  -16.44232     79.533     78.845    11.4438    11.4525  40.005256  40.013679    35.4995    35.4995     2.5702    265.222     2.4640    276.988      14.00    1481.32      34335          1     0.5007 1.5576e-04     17.170    272.405    284.490    27.0846    27.0830 9.0162e-03 8.0412e-04          6  0.000e+00
   1430.625   48.81708  -16.44232     79.533     78.845    11.4447    11.4507  40.006342  40.012677    35.4998    35.5002     2.5702    265.229     2.4640    276.984      13.98    1481.32      34336          1     0.5007 1.5405e-04     17.170    272.413    284.486    27.0846    27.0839 9.0162e-03 8.0412e-04          6  0.000e+00
   1430.667   48.81708  -16.44232     79.465     78.777    11.4455    11.4499  40.006410  40.011540    35.4991    35.4999     2.5690    265.061     2.4640    276.972      13.98    1481.32      34337          1     0.5007 1.5576e-04     17.170    272.240    284.473    27.0840    27.0838 9.0162e-03 8.0412e-04          6  0.000e+00
   1430.708   48.81708  -16.44232     79.612     78.922    11.4457    11.4492  40.007021  40.011140    35.4995    35.5002     2.5690    265.076     2.4640    276.989      13.98    1481.68      34338          1     0.5007 1.5747e-04     17.164    272.255    284.491    27.0842    27.0841 8.9629e-03 8.0412e-04          6  0.000e+00
   1430.750   48.81708  -16.44232     79.533     78.845    11.4468    11.4497  40.008107  40.011139    35.4995    35.4997     2.5690    265.078     2.4640    276.967      14.00    1481.32      34339          1     0.4897 1.6772e-04     17.169    272.257    284.469    27.0840    27.0836 8.9629e-03 8.0412e-04          6  0.000e+00
   1430.792   48.81708  -16.44232     79.533     78.845    11.4471    11.4503  40.007903  40.012677    35.4990    35.5007     2.5690    265.069     2.4628    276.773      13.98    1481.32      34340          1     0.4897 1.7114e-04     17.169    272.248    284.270    27.0836    27.0843 8.9629e-03 7.9974e-04          6  0.000e+00
   1430.833   48.81708  -16.44232     79.612     78.922    11.4476    11.4505  40.007632  40.013813    35.4982    35.5015     2.5690    265.081     2.4628    276.734      13.98    1481.68      34341          1     0.4897 1.7114e-04     17.169    272.260    284.229    27.0829    27.0849 8.9629e-03 8.0412e-04          6  0.000e+00
   1430.875   48.81708  -16.44232     79.533     78.845    11.4478    11.4510  40.008175  40.014415    35.4986    35.5017     2.5690    265.088     2.4640    276.883      13.98    1481.68      34342          1     0.4897 1.7114e-04     17.169    272.267    284.383    27.0832    27.0850 8.9629e-03 7.9974e-04          6  0.000e+00
   1430.917   48.81708  -16.44232     79.612     78.922    11.4481    11.4517  40.008378  40.014616    35.4985    35.5012     2.5690    265.080     2.4628    276.670      14.00    1481.68      34343          1     0.4897 1.6943e-04     17.169    272.259    284.164    27.0830    27.0844 8.9629e-03 7.9974e-04          6  0.000e+00
   1430.958   48.81708  -16.44232     79.680     78.990    11.4486    11.4522  40.008379  40.015351    35.4980    35.5014     2.5690    265.072     2.4628    276.629      13.98    1481.68      34344          1     0.4897 1.6943e-04     17.164    272.250    284.121    27.0825    27.0845 8.9098e-03 7.9974e-04          6  0.000e+00
