Data_example/SBE_Data_Processed/DY130/SeaBird/Data/Batch/DY130_001.ros
* Sea-Bird SBE 9 Data File:
* FileName = C:\Users\sandm\Documents\Cruises\DY130\Data\Raw Data\DY130_001.hex
* Software Version Seasave V 7.26.7.121
* Temperature SN = 03P-5494
* Conductivity SN = 04C-3768
* Number of Bytes Per Scan = 45
* Number of Voltage Words = 4
* Number of Scans Averaged by the Deck Unit = 1
* NMEA Latitude = 48 15.46 N
* NMEA Longitude = 010 08.85 W
* NMEA UTC (Time) = Mar 28 2021  15:02:43
* NMEA baud rate = 9600
** Ship: RRS Discovery
** Cruise: DY130
** Cast: DY130_001
** Station: 016
** Julian Day: 087
** Date: 28th March 2021
** Time (GMT): 15:02
** Latitude: 48 15.46
** Longitude: 10 08.85
** Depth (uncorrected m): 3399
** Principal Scientist: Sue Hart
** Operator: BP/PH
# nquan = 28
# nvalues = 2662                                  
# units = specified
# name 0 = timeS: Time, Elapsed [seconds]
# name 1 = latitude: Latitude [deg]
# name 2 = longitude: Longitude [deg]
# name 3 = prDM: Pressure, Digiquartz [db]
# name 4 = depSM: Depth [salt water, m]
# name 5 = t090C: Temperature [ITS-90, deg C]
# name 6 = t190C: Temperature, 2 [ITS-90, deg C]
# name 7 = c0mS/cm: Conductivity [mS/cm]
# name 8 = c1mS/cm: Conductivity, 2 [mS/cm]
# name 9 = sal00: Salinity, Practical [PSU]
# name 10 = sal11: Salinity, Practical, 2 [PSU]
# name 11 = sbeox0V: Oxygen raw, SBE 43 [V]
# name 12 = sbox0Mm/Kg: Oxygen, SBE 43 [umol/kg]
# name 13 = sbeox1V: Oxygen raw, SBE 43, 2 [V]
# name 14 = sbox1Mm/Kg: Oxygen, SBE 43, 2 [umol/kg]
# name 15 = ptempC: Pressure Temperature [deg C]
# name 16 = altM: Altimeter [m]
# name 17 = scan: Scan Count
# name 18 = pumps: Pump Status
# name 19 = flECO-AFL: Fluorescence, WET Labs ECO-AFL/FL [mg/m^3]
# name 20 = turbWETbb0: Turbidity, WET Labs ECO BB [m^-1/sr]
# name 21 = ph: pH
# name 22 = sbeox0Mm/L: Oxygen, SBE 43 [umol/l]
# name 23 = sbeox1Mm/L: Oxygen, SBE 43, 2 [umol/l]
# name 24 = sigma-é00: Density [sigma-theta, kg/m^3]
# name 25 = sigma-é11: Density, 2 [sigma-theta, kg/m^3]
# name 26 = nbf: Bottles Fired
# name 27 = flag:  0.000e+00
# interval = seconds: 0.0416667
# start_time = Mar 28 2021 15:02:43 [NMEA time, first data scan]
# bad_flag = -9.990e-29
*END*
[from data line 2641]
   7945.458   48.25768  -10.14754     13.850     13.733    11.7954    11.7977  40.385104  40.389342    35.5668    35.5687     2.5922    263.465     2.4835    274.930      10.67    1481.32     190692          1     0.9403 1.7285e-04     17.893    270.597    282.373    27.0691    27.0701         22  0.000e+00
   7945.500   48.25768  -10.14754     13.781     13.665    11.7952    11.7979  40.385308  40.389342    35.5672    35.5686     2.5922    263.478     2.4835    274.927      10.68    1481.32     190693          1     0.9403 1.7114e-04     17.893    270.610    282.369    27.0694    27.0700         22  0.000e+00
   7945.542   48.25768  -10.14754     13.908     13.791    11.7955    11.7979  40.384763  40.389343    35.5664    35.5685     2.5910    263.326     2.4835    274.932      10.67    1481.32     190694          1     0.9403 1.7285e-04     17.893    270.454    282.374    27.0687    27.0699         22  0.000e+00
   7945.583   48.25768  -10.14754     13.850     13.733    11.7954    11.7977  40.385104  40.389678    35.5668    35.5691     2.5910    263.320     2.4835    274.930      10.67    1481.68     190695          1     0.9403 1.7114e-04     17.893    270.448    282.372    27.0691    27.0704         22  0.000e+00
   7945.625   48.25768  -10.14754     13.928     13.810    11.7956    11.7979  40.385240  40.389410    35.5667    35.5686     2.5910    263.318     2.4835    274.932      10.67    1481.68     190696          1     0.9403 1.7285e-04     17.893    270.446    282.374    27.0690    27.0700         22  0.000e+00
   7945.667   48.25768  -10.14754     13.850     13.733    11.7954    11.7977  40.385036  40.389544    35.5667    35.5689     2.5910    263.313     2.4835    274.930      10.68    1481.32     190697          1     0.9403 1.7114e-04     17.887    270.441    282.372    27.0690    27.0703         22  0.000e+00
   7945.708   48.25766  -10.14750     13.996     13.878    11.7957    11.7979  40.385172  40.389477    35.5665    35.5686     2.5910    263.313     2.4835    274.934      10.68    1481.68     190698          1     0.9403 1.7285e-04     17.893    270.440    282.377    27.0688    27.0700         22  0.000e+00
   7945.750   48.25766  -10.14750     13.850     13.733    11.7959    11.7977  40.385512  40.389812    35.5667    35.5692     2.5910    263.303     2.4835    274.929      10.68    1481.32     190699          1     0.9403 1.7114e-04     17.887    270.430    282.372    27.0689    27.0705         22  0.000e+00
   7945.792   48.25766  -10.14750     14.065     13.946    11.7959    11.7979  40.385854  40.389813    35.5670    35.5689     2.5910    263.306     2.4835    274.936      10.68    1481.32     190700          1     0.9403 1.7114e-04     17.887    270.433    282.379    27.0691    27.0702         22  0.000e+00
   7945.833   48.25766  -10.14750     13.996     13.878    11.7961    11.7979  40.386194  40.389410    35.5671    35.5686     2.5910    263.299     2.4835    274.935      10.68    1481.68     190701          1     0.9403 1.7285e-04     17.887    270.426    282.377    27.0692    27.0700         22  0.000e+00
   7945.875   48.25768  -10.14754     13.977     13.859    11.7962    11.7977  40.386058  40.389343    35.5669    35.5687     2.5922    263.464     2.4835    274.935      10.68    1481.68     190702          1     0.9403 1.7285e-04     17.887    270.596    282.377    27.0690    27.0701         22  0.000e+00
   7945.917   48.25768  -10.14754     14.065     13.946    11.7964    11.7979  40.385718  40.389343    35.5664    35.5685     2.5910    263.310     2.4835    274.937      10.67    1481.68     190703          1     0.9403 1.7114e-04     17.887    270.437    282.380    27.0685    27.0699         22  0.000e+00
   7945.958   48.25768  -10.14754     13.996     13.878    11.7965    11.7982  40.386126  40.389611    35.5667    35.5685     2.5910    263.302     2.4835    274.933      10.68    1481.68     190704          1     0.9403 1.7285e-04     17.887    270.429    282.375    27.0687    27.0698         22  0.000e+00
   7946.000   48.25768  -10.14754     14.143     14.023    11.7965    11.7977  40.386059  40.389746    35.5665    35.5690     2.5922    263.491     2.4835    274.940      10.68    1481.32     190705          1     0.9403 1.7114e-04     17.887    270.623    282.383    27.0686    27.0703         22  0.000e+00
   7946.042   48.25768  -10.14754     14.065     13.946    11.7965    11.7979  40.386195  40.389679    35.5667    35.5688     2.5910    263.331     2.4835    274.936      10.67    1481.68     190706          1     0.9623 1.6772e-04     17.887    270.459    282.379    27.0688    27.0701         22  0.000e+00
   7946.083   48.25768  -10.14754     14.143     14.023    11.7967    11.7979  40.386331  40.389880    35.5666    35.5690     2.5910    263.328     2.4835    274.939      10.68    1481.68     190707          1     0.9952 1.6259e-04     17.881    270.456    282.382    27.0687    27.0703         22  0.000e+00
   7946.125   48.25768  -10.14754     14.065     13.946    11.7967    11.7979  40.386808  40.390081    35.5671    35.5692     2.5922    263.490     2.4835    274.936      10.67    1481.68     190708          1     1.0062 1.6089e-04     17.881    270.623    282.378    27.0691    27.0704         22  0.000e+00
   7946.167   48.25768  -10.14754     14.211     14.091    11.7969    11.7977  40.386808  40.389746    35.5669    35.5690     2.5922    263.507     2.4835    274.942      10.67    1481.32     190709          1     1.0062 1.6089e-04     17.881    270.640    282.385    27.0688    27.0703         22  0.000e+00
   7946.208   48.25768  -10.14754     14.192     14.072    11.7970    11.7979  40.386944  40.389478    35.5669    35.5685     2.5922    263.517     2.4835    274.941      10.68    1481.68     190710          1     1.0062 1.6259e-04     17.881    270.650    282.384    27.0688    27.0699         22  0.000e+00
   7946.250   48.25768  -10.14754     14.211     14.091    11.7974    11.7979  40.387285  40.389612    35.5669    35.5687     2.5922    263.527     2.4835    274.942      10.68    1481.68     190711          1     1.0062 1.6089e-04     17.881    270.660    282.384    27.0687    27.0700         22  0.000e+00
   7946.292   48.25768  -10.14754     14.290     14.169    11.7974    11.7977  40.387081  40.389881    35.5666    35.5691     2.5922    263.540     2.4835    274.945      10.68    1481.32     190712          1     1.0062 1.6259e-04     17.881    270.673    282.388    27.0686    27.0704         22  0.000e+00
