Data_example/SBE_Data_Processed/DY130/SeaBird/Data/Batch/DY130_003.ros
* Sea-Bird SBE 9 Data File:
* FileName = C:\Users\sandm\Documents\Cruises\DY130\Data\Raw Data\DY130_003.hex
* Software Version Seasave V 7.26.7.121
* Temperature SN = 03P-5494
* Conductivity SN = 04C-3768
* Number of Bytes Per Scan = 45
* Number of Voltage Words = 4
* Number of Scans Averaged by the Deck Unit = 1
* NMEA Latitude = 48 56.15 N
* NMEA Longitude = 016 26.53 W
* NMEA UTC (Time) = Mar 31 2021  06:44:02
* NMEA baud rate = 9600
** Ship: RRS Discovery
** Cruise: DY130
** Cast: DY130_003
** Station: 021
** Julian Day: 090
** Date: 31st March 2021
** Time (GMT): 06:43
** Latitude: 48 56.14 N
** Longitude: 16 26.52 W
** Depth (uncorrected m): 4834
** Principal Scientist: Sue Hart
** Operator: BP/PH
# nquan = 28
# nvalues = 2541                                  
# units = specified
# name 0 = timeS: Time, Elapsed [seconds]
# name 1 = latitude: Latitude [deg]
# name 2 = longitude: Longitude [deg]
# name 3 = prDM: Pressure, Digiquartz [db]
# name 4 = depSM: Depth [salt water, m]
# name 5 = t090C: Temperature [ITS-90, deg C]
# name 6 = t190C: Temperature, 2 [ITS-90, deg C]
# name 7 = c0mS/cm: Conductivity [mS/cm]
# name 8 = c1mS/cm: Conductivity, 2 [mS/cm]
# name 9 = sal00: Salinity, Practical [PSU]
# name 10 = sal11: Salinity, Practical, 2 [PSU]
# name 11 = sbeox0V: Oxygen raw, SBE 43 [V]
# name 12 = sbox0Mm/Kg: Oxygen, SBE 43 [umol/kg]
# name 13 = sbeox1V: Oxygen raw, SBE 43, 2 [V]
# name 14 = sbox1Mm/Kg: Oxygen, SBE 43, 2 [umol/kg]
# name 15 = ptempC: Pressure Temperature [deg C]
# name 16 = altM: Altimeter [m]
# name 17 = scan: Scan Count
# name 18 = pumps: Pump Status
# name 19 = flECO-AFL: Fluorescence, WET Labs ECO-AFL/FL [mg/m^3]
# name 20 = turbWETbb0: Turbidity, WET Labs ECO BB [m^-1/sr]
# name 21 = ph: pH
# name 22 = sbeox0Mm/L: Oxygen, SBE 43 [umol/l]
# name 23 = sbeox1Mm/L: Oxygen, SBE 43, 2 [umol/l]
# name 24 = sigma-é00: Density [sigma-theta, kg/m^3]
# name 25 = sigma-é11: Density, 2 [sigma-theta, kg/m^3]
# name 26 = nbf: Bottles Fired
# name 27 = flag:  0.000e+00
# interval = seconds: 0.0416667
# start_time = Mar 31 2021 06:44:03 [NMEA time, first data scan]
# bad_flag = -9.990e-29
*END*
[from data line 1036]
  11519.583   48.93580  -16.44212   1014.085   1003.040     7.6381     7.6436  36.655315  36.663428    35.3561    35.3593     1.7656    200.296     1.7143    211.692       5.54    1481.32     276471          1    -0.0377 9.9347e-05     16.260    205.829    217.540    27.6232    27.6249          9  0.000e+00
  11519.625   48.93580  -16.44212   1014.015   1002.971     7.6380     7.6434  36.655446  36.662847    35.3563    35.3588     1.7656    200.297     1.7143    211.693       5.54    1481.32     276472          1    -0.0267 9.9347e-05     16.260    205.830    217.541    27.6234    27.6246          9  0.000e+00
  11519.667   48.93580  -16.44212   1014.085   1003.040     7.6380     7.6434  36.654922  36.662912    35.3557    35.3589     1.7656    200.305     1.7143    211.697       5.54    1481.32     276473          1    -0.0267 9.9347e-05     16.254    205.838    217.545    27.6229    27.6246          9  0.000e+00
  11519.708   48.93580  -16.44212   1014.015   1002.971     7.6382     7.6431  36.655512  36.662524    35.3562    35.3588     1.7656    200.309     1.7143    211.699       5.54    1481.32     276474          1    -0.0267 9.9347e-05     16.254    205.842    217.547    27.6232    27.6246          9  0.000e+00
  11519.750   48.93580  -16.44212   1014.005   1002.961     7.6384     7.6429  36.655249  36.662524    35.3557    35.3590     1.7656    200.320     1.7143    211.701       5.54    1481.32     276475          1    -0.0377 9.9347e-05     16.254    205.853    217.549    27.6229    27.6248          9  0.000e+00
  11519.792   48.93580  -16.44212   1014.015   1002.971     7.6382     7.6429  36.655643  36.662201    35.3563    35.3586     1.7656    200.333     1.7143    211.703       5.54    1481.32     276476          1    -0.0377 9.9347e-05     16.260    205.867    217.551    27.6234    27.6245          9  0.000e+00
  11519.833   48.93580  -16.44212   1013.936   1002.893     7.6385     7.6428  36.655774  36.662266    35.3562    35.3589     1.7656    200.312     1.7143    211.703       5.54    1481.32     276477          1    -0.0377 9.9347e-05     16.254    205.846    217.551    27.6232    27.6247          9  0.000e+00
  11519.875   48.93580  -16.44212   1013.936   1002.893     7.6387     7.6428  36.656167  36.662137    35.3564    35.3587     1.7656    200.295     1.7143    211.705       5.54    1481.32     276478          1    -0.0377 9.9347e-05     16.254    205.828    217.553    27.6234    27.6246          9  0.000e+00
  11519.917   48.93580  -16.44212   1014.005   1002.961     7.6390     7.6426  36.656364  36.662266    35.3563    35.3590     1.7656    200.314     1.7143    211.709       5.54    1481.32     276479          1    -0.0267 9.9347e-05     16.260    205.848    217.558    27.6233    27.6248          9  0.000e+00
  11519.958   48.93580  -16.44212   1013.936   1002.893     7.6391     7.6426  36.656364  36.662137    35.3562    35.3589     1.7656    200.333     1.7143    211.709       5.54    1481.32     276480          1    -0.0377 9.9347e-05     16.254    205.867    217.558    27.6231    27.6248          9  0.000e+00
  11520.000   48.93580  -16.44212   1013.857   1002.815     7.6391     7.6426  36.656560  36.662459    35.3564    35.3593     1.7656    200.355     1.7155    211.962       5.54    1481.32     276481          1    -0.0267 9.9347e-05     16.260    205.889    217.817    27.6233    27.6251          9  0.000e+00
  11520.042   48.93580  -16.44212   1013.866   1002.824     7.6391     7.6429  36.656757  36.662653    35.3567    35.3592     1.7668    200.605     1.7143    211.747       5.54    1481.32     276482          1    -0.0377 9.9347e-05     16.260    206.146    217.597    27.6235    27.6249          9  0.000e+00
  11520.083   48.93580  -16.44212   1013.936   1002.893     7.6397     7.6429  36.656954  36.662459    35.3563    35.3589     1.7668    200.665     1.7143    211.750       5.54    1481.32     276483          1    -0.0267 9.9347e-05     16.254    206.208    217.599    27.6232    27.6248          9  0.000e+00
  11520.125   48.93580  -16.44212   1013.866   1002.824     7.6397     7.6429  36.657019  36.662395    35.3564    35.3589     1.7656    200.501     1.7143    211.748       5.54    1481.32     276484          1    -0.0377 9.9347e-05     16.254    206.039    217.597    27.6232    27.6247          9  0.000e+00
  11520.167   48.93580  -16.44212   1013.857   1002.815     7.6400     7.6431  36.657478  36.662588    35.3566    35.3589     1.7656    200.531     1.7143    211.746       5.54    1481.32     276485          1    -0.0377 9.9347e-05     16.254    206.070    217.596    27.6234    27.6247          9  0.000e+00
  11520.208   48.93580  -16.44212   1013.787   1002.746     7.6401     7.6431  36.657674  36.662588    35.3567    35.3589     1.7656    200.529     1.7143    211.702       5.54    1481.32     276486          1    -0.0267 9.9347e-05     16.254    206.069    217.550    27.6234    27.6247          9  0.000e+00
  11520.250   48.93584  -16.44216   1013.787   1002.746     7.6403     7.6433  36.657412  36.663685    35.3563    35.3600     1.7656    200.532     1.7143    211.698       5.54    1481.32     276487          1    -0.0377 9.9347e-05     16.254    206.071    217.546    27.6230    27.6255          9  0.000e+00
  11520.292   48.93584  -16.44216   1013.787   1002.746     7.6401     7.6439  36.657871  36.664073    35.3569    35.3597     1.7656    200.569     1.7143    211.693       5.54    1481.32     276488          1    -0.0377 9.9347e-05     16.248    206.110    217.541    27.6236    27.6252          9  0.000e+00
  11520.333   48.93584  -16.44216   1013.787   1002.746     7.6406     7.6441  36.657740  36.664073    35.3563    35.3596     1.7656    200.574     1.7143    211.691       5.54    1481.32     276489          1    -0.0377 9.9347e-05     16.254    206.115    217.539    27.6230    27.6251          9  0.000e+00
  11520.375   48.93584  -16.44216   1013.787   1002.746     7.6403     7.6441  36.657412  36.663814    35.3563    35.3593     1.7656    200.584     1.7143    211.690       5.53    1481.32     276490          1    -0.0267 9.9347e-05     16.248    206.125    217.538    27.6230    27.6249          9  0.000e+00
  11520.417   48.93580  -16.44212   1013.787   1002.746     7.6405     7.6441  36.657805  36.663556    35.3565    35.3590     1.7656    200.592     1.7143    211.688       5.54    1481.32     276491          1    -0.0377 9.9347e-05     16.248    206.133    217.536    27.6232    27.6247          9  0.000e+00
  11520.458   48.93580  -16.44212   1013.718   1002.678     7.6406     7.6442  36.657477  36.664137    35.3560    35.3595     1.7656    200.634     1.7143    211.683       5.54    1481.32     276492          1    -0.0267 9.9347e-05     16.248    206.176    217.531    27.6228    27.6250          9  0.000e+00
  11520.500   48.93580  -16.44212   1013.708   1002.668     7.6405     7.6442  36.657543  36.664395    35.3562    35.3598     1.7656    200.681     1.7155    211.935       5.54    1481.32     276493          1    -0.0377 9.9347e-05     16.248    206.225    217.790    27.6230    27.6253          9  0.000e+00
  11520.542   48.93580  -16.44212   1013.718   1002.678     7.6406     7.6447  36.657936  36.664137    35.3565    35.3590     1.7656    200.696     1.7143    211.717       5.54    1481.32     276494          1    -0.0377 9.9347e-05     16.248    206.240    217.565    27.6232    27.6246          9  0.000e+00
  11520.583   48.93580  -16.44212   1013.639   1002.599     7.6406     7.6444  36.658001  36.664072    35.3566    35.3594     1.7656    200.711     1.7143    211.713       5.54    1481.32     276495          1    -0.0377 9.9347e-05     16.248    206.256    217.561    27.6233    27.6249          9  0.000e+00
  11520.625   48.93580  -16.44212   1013.718   1002.678     7.6406     7.6444  36.658002  36.664072    35.3566    35.3593     1.7668    200.955     1.7143    211.712       5.54    1481.32     276496          1    -0.0377 9.7638e-05     16.248    206.506    217.560    27.6232    27.6248          9  0.000e+00
  11520.667   48.93580  -16.44212   1013.639   1002.599     7.6408     7.6445  36.657477  36.664137    35.3559    35.3593     1.7656    200.781     1.7155    211.959       5.54    1481.32     276497          1    -0.0487 9.7638e-05     16.248    206.327    217.814    27.6227    27.6248          9  0.000e+00
  11520.708   48.93580  -16.44212   1013.639   1002.599     7.6406     7.6444  36.657542  36.664072    35.3561    35.3594     1.7656    200.802     1.7143    211.742       5.54    1481.32     276498          1    -0.0487 9.7638e-05     16.248    206.348    217.591    27.6229    27.6249          9  0.000e+00
  11520.750   48.93580  -16.44212   1013.559   1002.521     7.6406     7.6442  36.657411  36.664266    35.3560    35.3598     1.7668    201.044     1.7143    211.734       5.54    1481.32     276499          1    -0.0487 9.7638e-05     16.248    206.598    217.584    27.6228    27.6252          9  0.000e+00
  11520.792   48.93580  -16.44212   1013.639   1002.599     7.6403     7.6445  36.657084  36.664395    35.3560    35.3596     1.7668    201.101     1.7143    211.730       5.54    1481.68     276500          1    -0.0487 9.7638e-05     16.248    206.656    217.579    27.6228    27.6250          9  0.000e+00
  11520.833   48.93580  -16.44212   1013.639   1002.599     7.6403     7.6445  36.657018  36.664589    35.3559    35.3598     1.7668    201.122     1.7143    211.725       5.54    1481.32     276501          1    -0.0487 9.7638e-05     16.248    206.677    217.574    27.6228    27.6252          9  0.000e+00
  11520.875   48.93580  -16.44212   1013.569   1002.531     7.6403     7.6450  36.657018  36.664782    35.3559    35.3595     1.7668    201.138     1.7143    211.716       5.54    1481.32     276502          1    -0.0487 9.7638e-05     16.248    206.694    217.564    27.6228    27.6249          9  0.000e+00
  11520.917   48.93580  -16.44212   1013.559   1002.521     7.6400     7.6453  36.657018  36.664976    35.3563    35.3595     1.7668    201.157     1.7143    211.709       5.54    1481.32     276503          1    -0.0487 9.7638e-05     16.248    206.713    217.557    27.6231    27.6248          9  0.000e+00
  11520.958   48.93580  -16.44212   1013.569   1002.531     7.6403     7.6452  36.657018  36.665040    35.3559    35.3596     1.7656    200.949     1.7143    211.704       5.54    1481.32     276504          1    -0.0377 9.7638e-05     16.248    206.499    217.553    27.6228    27.6250          9  0.000e+00
  11521.000   48.93580  -16.44212   1013.559   1002.521     7.6403     7.6452  36.657214  36.665040    35.3562    35.3596     1.7656    200.932     1.7155    211.953       5.54    1481.32     276505          1    -0.0377 9.7638e-05     16.248    206.482    217.808    27.6229    27.6250          9  0.000e+00
  11521.042   48.93580  -16.44212   1013.500   1002.462     7.6401     7.6452  36.657542  36.664782    35.3567    35.3594     1.7656    200.948     1.7155    211.985       5.54    1481.32     276506          1    -0.0377 9.7638e-05     16.248    206.499    217.842    27.6234    27.6248          9  0.000e+00
  11521.083   48.93580  -16.44212   1013.559   1002.521     7.6405     7.6452  36.657214  36.664782    35.3560    35.3594     1.7656    200.967     1.7143    211.765       5.54    1481.32     276507          1    -0.0487 9.7638e-05     16.248    206.519    217.615    27.6228    27.6247          9  0.000e+00
  11521.125   48.93580  -16.44212   1013.500   1002.462     7.6403     7.6450  36.657476  36.664717    35.3565    35.3595     1.7656    200.986     1.7143    211.756       5.54    1481.32     276508          1    -0.0487 9.7638e-05     16.248    206.538    217.606    27.6232    27.6248          9  0.000e+00
  11521.167   48.93580  -16.44212   1013.490   1002.453     7.6405     7.6450  36.657673  36.664717    35.3565    35.3595     1.7656    200.973     1.7143    211.747       5.54    1481.32     276509          1    -0.0377 9.7638e-05     16.248    206.524    217.597    27.6232    27.6249          9  0.000e+00
  11521.208   48.93580  -16.44212   1013.569   1002.531     7.6406     7.6445  36.657870  36.664717    35.3565    35.3599     1.7668    201.219     1.7155    211.997       5.54    1481.32     276510          1    -0.0377 9.7638e-05     16.248    206.777    217.853    27.6232    27.6253          9  0.000e+00
  11521.250   48.93584  -16.44216   1013.420   1002.384     7.6405     7.6449  36.657738  36.664459    35.3566    35.3594     1.7656    201.012     1.7143    211.768       5.54    1481.32     276511          1    -0.0487 9.7638e-05     16.248    206.565    217.618    27.6232    27.6248          9  0.000e+00
  11521.292   48.93584  -16.44216   1013.500   1002.463     7.6409     7.6447  36.657870  36.664394    35.3562    35.3594     1.7668    201.224     1.7143    211.761       5.54    1481.32     276512          1    -0.0487 9.7638e-05     16.254    206.782    217.611    27.6229    27.6249          9  0.000e+00
  11521.333   48.93584  -16.44216   1013.490   1002.453     7.6408     7.6450  36.657804  36.664201    35.3563    35.3589     1.7668    201.243     1.7155    212.004       5.54    1481.32     276513          1    -0.0487 9.7638e-05     16.254    206.802    217.860    27.6230    27.6244          9  0.000e+00
  11521.375   48.93584  -16.44216   1013.500   1002.462     7.6408     7.6449  36.657935  36.664588    35.3565    35.3595     1.7668    201.260     1.7155    212.033       5.54    1481.32     276514          1    -0.0487 9.7638e-05     16.254    206.820    217.890    27.6231    27.6249          9  0.000e+00
  11521.417   48.93580  -16.44212   1013.420   1002.384     7.6409     7.6450  36.657738  36.664459    35.3561    35.3592     1.7668    201.274     1.7155    212.057       5.54    1481.32     276515          1    -0.0487 9.7638e-05     16.254    206.834    217.915    27.6228    27.6247          9  0.000e+00
  11521.458   48.93580  -16.44212   1013.500   1002.462     7.6408     7.6449  36.657673  36.664394    35.3562    35.3593     1.7668    201.291     1.7143    211.832       5.54    1481.32     276516          1    -0.0487 9.7638e-05     16.254    206.851    217.683    27.6229    27.6247          9  0.000e+00
  11521.500   48.93580  -16.44212   1013.420   1002.384     7.6408     7.6445  36.657148  36.664136    35.3556    35.3594     1.7656    201.080     1.7143    211.816       5.54    1481.32     276517          1    -0.0487 9.7638e-05     16.260    206.634    217.667    27.6225    27.6249          9  0.000e+00
  11521.542   48.93580  -16.44212   1013.500   1002.462     7.6406     7.6445  36.657739  36.664394    35.3564    35.3596     1.7668    201.286     1.7143    211.802       5.54    1481.32     276518          1    -0.0377 9.7638e-05     16.260    206.846    217.654    27.6231    27.6250          9  0.000e+00
  11521.583   48.93580  -16.44212   1013.490   1002.453     7.6408     7.6444  36.657542  36.664136    35.3560    35.3595     1.7668    201.298     1.7143    211.788       5.54    1481.32     276519          1    -0.0377 9.7638e-05     16.260    206.858    217.639    27.6228    27.6250          9  0.000e+00
  11521.625   48.93580  -16.44212   1013.420   1002.384     7.6406     7.6445  36.657804  36.664523    35.3565    35.3598     1.7656    201.084     1.7143    211.770       5.54    1481.32     276520          1    -0.0377 9.7638e-05     16.260    206.638    217.620    27.6232    27.6252          9  0.000e+00
  11521.667   48.93580  -16.44212   1013.420   1002.384     7.6403     7.6447  36.657476  36.664200    35.3565    35.3592     1.7668    201.287     1.7155    212.008       5.54    1481.32     276521          1    -0.0377 9.9347e-05     16.260    206.847    217.865    27.6232    27.6247          9  0.000e+00
