Data_example/SBE_Data_Processed/DY130/SeaBird/Data/Batch/DY130_001.ros
* Sea-Bird SBE 9 Data File:
* FileName = C:\Users\sandm\Documents\Cruises\DY130\Data\Raw Data\DY130_001.hex
* Software Version Seasave V 7.26.7.121
* Temperature SN = 03P-5494
* Conductivity SN = 04C-3768
* Number of Bytes Per Scan = 45
* Number of Voltage Words = 4
* Number of Scans Averaged by the Deck Unit = 1
* NMEA Latitude = 48 15.46 N
* NMEA Longitude = 010 08.85 W
* NMEA UTC (Time) = Mar 28 2021  15:02:43
* NMEA baud rate = 9600
** Ship: RRS Discovery
** Cruise: DY130
** Cast: DY130_001
** Station: 016
** Julian Day: 087
** Date: 28th March 2021
** Time (GMT): 15:02
** Latitude: 48 15.46
** Longitude: 10 08.85
** Depth (uncorrected m): 3399
** Principal Scientist: Sue Hart
** Operator: BP/PH
# nquan = 28
# nvalues = 2662                                  
# units = specified
# name 0 = timeS: Time, Elapsed [seconds]
# name 1 = latitude: Latitude [deg]
# name 2 = longitude: Longitude [deg]
# name 3 = prDM: Pressure, Digiquartz [db]
# name 4 = depSM: Depth [salt water, m]
# name 5 = t090C: Temperature [ITS-90, deg C]
# name 6 = t190C: Temperature, 2 [ITS-90, deg C]
# name 7 = c0mS/cm: Conductivity [mS/cm]
# name 8 = c1mS/cm: Conductivity, 2 [mS/cm]
# name 9 = sal00: Salinity, Practical [PSU]
# name 10 = sal11: Salinity, Practical, 2 [PSU]
# name 11 = sbeox0V: Oxygen raw, SBE 43 [V]
# name 12 = sbox0Mm/Kg: Oxygen, SBE 43 [umol/kg]
# name 13 = sbeox1V: Oxygen raw, SBE 43, 2 [V]
# name 14 = sbox1Mm/Kg: Oxygen, SBE 43, 2 [umol/kg]
# name 15 = ptempC: Pressure Temperature [deg C]
# name 16 = altM: Altimeter [m]
# name 17 = scan: Scan Count
# name 18 = pumps: Pump Status
# name 19 = flECO-AFL: Fluorescence, WET Labs ECO-AFL/FL [mg/m^3]
# name 20 = turbWETbb0: Turbidity, WET Labs ECO BB [m^-1/sr]
# name 21 = ph: pH
# name 22 = sbeox0Mm/L: Oxygen, SBE 43 [umol/l]
# name 23 = sbeox1Mm/L: Oxygen, SBE 43, 2 [umol/l]
# name 24 = sigma-é00: Density [sigma-theta, kg/m^3]
# name 25 = sigma-é11: Density, 2 [sigma-theta, kg/m^3]
# name 26 = nbf: Bottles Fired
# name 27 = flag:  0.000e+00
# interval = seconds: 0.0416667
# start_time = Mar 28 2021 15:02:43 [NMEA time, first data scan]
# bad_flag = -9.990e-29
*END*
   3010.208   48.25770  -10.14758   1827.912   1804.635     4.1575     4.1581  33.510612  33.511878    35.0237    35.0245     1.7839    248.450     1.7265    261.732      13.05    1481.68      72246          1    -0.0487 1.3183e-04     20.375    255.358    269.009    27.8046    27.8052          1  0.000e+00
   3010.250   48.25770  -10.14758   1827.832   1804.556     4.1572     4.1581  33.510612  33.512251    35.0239    35.0250     1.7839    248.410     1.7265    261.762      13.05    1481.68      72247          1    -0.0487 1.3183e-04     20.375    255.317    269.041    27.8048    27.8056          1  0.000e+00
   3010.292   48.25770  -10.14758   1827.832   1804.556     4.1573     4.1581  33.510358  33.512438    35.0236    35.0252     1.7839    248.372     1.7265    261.796      13.05    1481.68      72248          1    -0.0487 1.3183e-04     20.375    255.278    269.075    27.8046    27.8058          1  0.000e+00
   3010.333   48.25770  -10.14758   1827.832   1804.557     4.1574     4.1581  33.510485  33.512189    35.0236    35.0249     1.7839    248.333     1.7265    261.831      13.05    1481.32      72249          1    -0.0487 1.3183e-04     20.375    255.238    269.111    27.8046    27.8055          1  0.000e+00
   3010.375   48.25770  -10.14758   1827.832   1804.557     4.1573     4.1579  33.510422  33.512563    35.0236    35.0255     1.7839    248.352     1.7265    261.865      13.05    1481.68      72250          1    -0.0377 1.3183e-04     20.375    255.257    269.146    27.8046    27.8060          1  0.000e+00
   3010.417   48.25770  -10.14758   1827.833   1804.557     4.1575     4.1581  33.510738  33.512251    35.0238    35.0250     1.7839    248.315     1.7265    261.899      13.05    1481.68      72251          1    -0.0377 1.3183e-04     20.375    255.219    269.181    27.8048    27.8056          1  0.000e+00
   3010.458   48.25770  -10.14758   1827.833   1804.557     4.1574     4.1579  33.510485  33.512127    35.0236    35.0249     1.7839    248.336     1.7265    261.934      13.05    1481.68      72252          1    -0.0377 1.3183e-04     20.375    255.240    269.217    27.8046    27.8056          1  0.000e+00
   3010.500   48.25766  -10.14750   1827.913   1804.635     4.1575     4.1582  33.510548  33.512563    35.0236    35.0251     1.7839    248.360     1.7265    261.968      13.06    1481.68      72253          1    -0.0487 1.3183e-04     20.375    255.266    269.253    27.8046    27.8057          1  0.000e+00
   3010.542   48.25766  -10.14750   1827.913   1804.635     4.1571     4.1582  33.510612  33.512501    35.0240    35.0251     1.7839    248.387     1.7265    262.003      13.05    1481.32      72254          1    -0.0487 1.3354e-04     20.375    255.293    269.288    27.8050    27.8057          1  0.000e+00
   3010.583   48.25766  -10.14750   1827.833   1804.557     4.1573     4.1579  33.510422  33.512189    35.0236    35.0250     1.7839    248.410     1.7265    262.036      13.05    1481.32      72255          1    -0.0487 1.3524e-04     20.375    255.317    269.322    27.8046    27.8056          1  0.000e+00
   3010.625   48.25766  -10.14750   1827.833   1804.557     4.1574     4.1581  33.510548  33.512127    35.0237    35.0248     1.7839    248.439     1.7265    262.070      13.05    1481.68      72256          1    -0.0377 1.3695e-04     20.375    255.346    269.357    27.8046    27.8055          1  0.000e+00
   3010.667   48.25770  -10.14758   1827.983   1804.704     4.1573     4.1582  33.510422  33.512314    35.0236    35.0248     1.7851    248.763     1.7265    262.037      13.05    1481.32      72257          1    -0.0487 1.3695e-04     20.375    255.680    269.323    27.8046    27.8055          1  0.000e+00
   3010.708   48.25770  -10.14758   1827.833   1804.557     4.1576     4.1581  33.510548  33.511940    35.0235    35.0246     1.7839    248.554     1.7253    261.664      13.05    1481.68      72258          1    -0.0377 1.3695e-04     20.375    255.465    268.940    27.8045    27.8053          1  0.000e+00
   3010.750   48.25770  -10.14758   1827.983   1804.705     4.1575     4.1581  33.511055  33.512003    35.0241    35.0246     1.7839    248.536     1.7265    261.890      13.05    1481.68      72259          1    -0.0487 1.3695e-04     20.375    255.447    269.172    27.8050    27.8053          1  0.000e+00
   3010.792   48.25770  -10.14758   1827.913   1804.636     4.1574     4.1579  33.510548  33.511878    35.0236    35.0246     1.7839    248.569     1.7265    261.917      13.05    1481.68      72260          1    -0.0487 1.3695e-04     20.375    255.480    269.200    27.8046    27.8053          1  0.000e+00
   3010.833   48.25770  -10.14758   1827.913   1804.636     4.1575     4.1581  33.510548  33.512252    35.0236    35.0249     1.7851    248.892     1.7265    261.944      13.05    1481.68      72261          1    -0.0487 1.3695e-04     20.375    255.812    269.228    27.8045    27.8056          1  0.000e+00
   3010.875   48.25770  -10.14758   1827.913   1804.636     4.1572     4.1579  33.510612  33.511691    35.0239    35.0244     1.7839    248.695     1.7265    261.975      13.05    1481.32      72262          1    -0.0377 1.3695e-04     20.375    255.610    269.259    27.8048    27.8052          1  0.000e+00
   3010.917   48.25770  -10.14758   1827.983   1804.705     4.1575     4.1579  33.510359  33.511753    35.0233    35.0244     1.7839    248.735     1.7265    262.006      13.05    1481.68      72263          1    -0.0377 1.3695e-04     20.375    255.651    269.291    27.8043    27.8052          1  0.000e+00
   3010.958   48.25770  -10.14758   1827.983   1804.705     4.1575     4.1576  33.510485  33.512065    35.0235    35.0251     1.7851    249.063     1.7253    261.706      13.05    1481.68      72264          1    -0.0487 1.3695e-04     20.375    255.988    268.982    27.8045    27.8058          1  0.000e+00
   3011.000   48.25770  -10.14758   1827.913   1804.636     4.1572     4.1578  33.510422  33.511878    35.0237    35.0248     1.7851    249.156     1.7265    261.924      13.05    1481.32      72265          1    -0.0487 1.3695e-04     20.375    256.083    269.207    27.8046    27.8055          1  0.000e+00
   3011.042   48.25770  -10.14758   1827.983   1804.705     4.1573     4.1578  33.510359  33.512003    35.0235    35.0249     1.7839    248.965     1.7265    261.883      13.05    1481.68      72266          1    -0.0377 1.3695e-04     20.375    255.887    269.165    27.8045    27.8056          1  0.000e+00
   3011.083   48.25770  -10.14758   1827.983   1804.705     4.1571     4.1579  33.510549  33.511878    35.0239    35.0246     1.7839    249.008     1.7253    261.579      13.05    1481.68      72267          1    -0.0487 1.3695e-04     20.375    255.932    268.852    27.8049    27.8053          1  0.000e+00
   3011.125   48.25770  -10.14758   1827.983   1804.705     4.1573     4.1578  33.510359  33.512003    35.0235    35.0249     1.7839    248.996     1.7265    261.869      13.05    1481.32      72268          1    -0.0487 1.3695e-04     20.375    255.919    269.151    27.8045    27.8056          1  0.000e+00
   3011.167   48.25770  -10.14758   1828.063   1804.784     4.1569     4.1579  33.510106  33.512315    35.0236    35.0251     1.7839    248.990     1.7265    261.828      13.05    1481.32      72269          1    -0.0487 1.3695e-04     20.375    255.913    269.108    27.8046    27.8057          1  0.000e+00
   3011.208   48.25770  -10.14758   1828.063   1804.784     4.1573     4.1579  33.510422  33.512439    35.0235    35.0252     1.7839    248.976     1.7265    261.853      13.05    1481.68      72270          1    -0.0487 1.3695e-04     20.375    255.899    269.134    27.8045    27.8058          1  0.000e+00
   3011.250   48.25770  -10.14758   1827.983   1804.705     4.1571     4.1581  33.510422  33.512439    35.0238    35.0251     1.7839    249.019     1.7265    261.804      13.05    1481.68      72271          1    -0.0377 1.3695e-04     20.375    255.943    269.084    27.8048    27.8057          1  0.000e+00
   3011.292   48.25770  -10.14758   1828.064   1804.784     4.1571     4.1582  33.510359  33.512439    35.0236    35.0249     1.7851    249.300     1.7265    261.829      13.05    1481.68      72272          1    -0.0377 1.3695e-04     20.375    256.232    269.109    27.8046    27.8055          1  0.000e+00
   3011.333   48.25770  -10.14758   1828.064   1804.784     4.1571     4.1581  33.510296  33.512439    35.0236    35.0251     1.7839    249.056     1.7265    261.852      13.05    1481.68      72273          1    -0.0377 1.3695e-04     20.375    255.981    269.133    27.8046    27.8057          1  0.000e+00
   3011.375   48.25770  -10.14758   1828.064   1804.784     4.1573     4.1581  33.510296  33.512439    35.0234    35.0251     1.7839    249.044     1.7265    261.875      13.05    1481.32      72274          1    -0.0487 1.3695e-04     20.375    255.968    269.157    27.8044    27.8057          1  0.000e+00
   3011.417   48.25770  -10.14758   1828.064   1804.784     4.1571     4.1582  33.510549  33.512875    35.0238    35.0254     1.7839    249.033     1.7265    261.896      13.05    1481.32      72275          1    -0.0487 1.3695e-04     20.375    255.957    269.178    27.8048    27.8059          1  0.000e+00
   3011.458   48.25770  -10.14758   1828.134   1804.853     4.1571     4.1581  33.510423  33.512564    35.0237    35.0252     1.7839    249.024     1.7265    261.923      13.05    1481.32      72276          1    -0.0487 1.3695e-04     20.375    255.948    269.206    27.8047    27.8058          1  0.000e+00
   3011.500   48.25766  -10.14750   1828.134   1804.853     4.1570     4.1582  33.510359  33.512190    35.0238    35.0246     1.7839    249.014     1.7265    261.874      13.05    1481.32      72277          1    -0.0487 1.3695e-04     20.375    255.938    269.156    27.8047    27.8053          1  0.000e+00
   3011.542   48.25766  -10.14750   1828.134   1804.853     4.1571     4.1581  33.510549  33.512315    35.0239    35.0249     1.7839    249.002     1.7265    261.895      13.05    1481.68      72278          1    -0.0377 1.3695e-04     20.375    255.925    269.177    27.8048    27.8055          1  0.000e+00
   3011.583   48.25766  -10.14750   1828.134   1804.853     4.1570     4.1581  33.510423  33.512439    35.0238    35.0251     1.7839    248.991     1.7265    261.843      13.05    1481.32      72279          1    -0.0377 1.3524e-04     20.375    255.914    269.124    27.8048    27.8057          1  0.000e+00
   3011.625   48.25766  -10.14750   1828.134   1804.853     4.1569     4.1579  33.510359  33.512439    35.0238    35.0252     1.7839    248.924     1.7265    261.861      13.05    1481.68      72280          1    -0.0377 1.3354e-04     20.375    255.846    269.142    27.8048    27.8058          1  0.000e+00
   3011.667   48.25770  -10.14758   1828.134   1804.853     4.1573     4.1579  33.510106  33.512439    35.0231    35.0252     1.7839    248.910     1.7253    261.549      13.05    1481.32      72281          1    -0.0377 1.3354e-04     20.375    255.830    268.821    27.8042    27.8058          1  0.000e+00
   3011.708   48.25770  -10.14758   1828.214   1804.932     4.1571     4.1578  33.510233  33.512627    35.0235    35.0255     1.7839    248.900     1.7265    261.833      13.05    1481.32      72282          1    -0.0377 1.3354e-04     20.375    255.820    269.114    27.8045    27.8061          1  0.000e+00
   3011.750   48.25770  -10.14758   1828.214   1804.932     4.1570     4.1579  33.510549  33.512502    35.0239    35.0252     1.7839    248.942     1.7265    261.781      13.05    1481.68      72283          1    -0.0377 1.3354e-04     20.375    255.864    269.060    27.8049    27.8058          1  0.000e+00
   3011.792   48.25770  -10.14758   1828.134   1804.853     4.1569     4.1578  33.510423  33.512003    35.0239    35.0248     1.7839    248.929     1.7265    261.797      13.05    1481.68      72284          1    -0.0377 1.3354e-04     20.375    255.850    269.077    27.8049    27.8055          1  0.000e+00
   3011.833   48.25770  -10.14758   1828.284   1805.001     4.1571     4.1579  33.510360  33.512253    35.0235    35.0249     1.7839    248.922     1.7265    261.747      13.05    1481.32      72285          1    -0.0377 1.3354e-04     20.375    255.843    269.025    27.8045    27.8055          1  0.000e+00
   3011.875   48.25770  -10.14758   1828.214   1804.932     4.1569     4.1578  33.510549  33.512190    35.0240    35.0250     1.7839    248.909     1.7265    261.760      13.05    1481.68      72286          1    -0.0267 1.3354e-04     20.375    255.830    269.038    27.8049    27.8057          1  0.000e+00
   3011.917   48.25770  -10.14758   1828.214   1804.932     4.1571     4.1578  33.510423  33.512128    35.0236    35.0249     1.7839    248.897     1.7253    261.374      13.05    1481.68      72287          1    -0.0377 1.3354e-04     20.375    255.817    268.641    27.8046    27.8056          1  0.000e+00
   3011.958   48.25770  -10.14758   1828.284   1805.001     4.1571     4.1578  33.510550  33.512128    35.0237    35.0249     1.7839    248.888     1.7253    261.322      13.05    1481.68      72288          1    -0.0267 1.3354e-04     20.375    255.808    268.588    27.8047    27.8056          1  0.000e+00
   3012.000   48.25770  -10.14758   1828.134   1804.853     4.1569     4.1578  33.510613  33.511878    35.0241    35.0247     1.7839    248.872     1.7265    261.595      13.05    1481.68      72289          1    -0.0267 1.3354e-04     20.375    255.792    268.869    27.8050    27.8054          1  0.000e+00
   3012.042   48.25770  -10.14758   1828.365   1805.080     4.1571     4.1578  33.510613  33.512004    35.0238    35.0247     1.7839    248.868     1.7265    261.620      13.04    1481.68      72290          1    -0.0377 1.3354e-04     20.375    255.787    268.895    27.8047    27.8054          1  0.000e+00
   3012.083   48.25770  -10.14758   1828.285   1805.001     4.1571     4.1578  33.510423  33.512315    35.0237    35.0251     1.7839    248.854     1.7265    261.634      13.05    1481.68      72291          1    -0.0267 1.3354e-04     20.375    255.774    268.909    27.8046    27.8057          1  0.000e+00
   3012.125   48.25770  -10.14758   1828.285   1805.001     4.1570     4.1578  33.510550  33.512191    35.0239    35.0250     1.7839    248.844     1.7265    261.651      13.05    1481.32      72292          1    -0.0267 1.3354e-04     20.375    255.763    268.927    27.8049    27.8056          1  0.000e+00
   3012.167   48.25770  -10.14758   1828.285   1805.001     4.1569     4.1578  33.510803  33.512315    35.0243    35.0251     1.7839    248.832     1.7265    261.668      13.05    1481.68      72293          1    -0.0267 1.3354e-04     20.375    255.751    268.944    27.8052    27.8057          1  0.000e+00
   3012.208   48.25770  -10.14758   1828.365   1805.080     4.1570     4.1578  33.510233  33.512191    35.0235    35.0249     1.7839    248.824     1.7265    261.688      13.05    1481.68      72294          1    -0.0377 1.3354e-04     20.375    255.743    268.965    27.8045    27.8056          1  0.000e+00
   3012.250   48.25770  -10.14758   1828.285   1805.001     4.1569     4.1578  33.510423  33.512378    35.0238    35.0252     1.7839    248.810     1.7265    261.702      13.05    1481.68      72295          1    -0.0377 1.3354e-04     20.375    255.729    268.979    27.8048    27.8058          1  0.000e+00
   3012.292   48.25770  -10.14758   1828.365   1805.080     4.1568     4.1579  33.510423  33.512440    35.0239    35.0251     1.7839    248.802     1.7265    261.721      13.05    1481.68      72296          1    -0.0377 1.3354e-04     20.375    255.720    268.998    27.8049    27.8057          1  0.000e+00
