Data_example/SBE_Data_Processed/DY130/SeaBird/Data/Batch/DY130_012.ros
* Sea-Bird SBE 9 Data File:
* FileName = C:\Users\sandm\Documents\Cruises\DY130\Data\Raw Data\DY130_012.hex
* Software Version Seasave V 7.26.7.121
* Temperature SN = 03P-5494
* Conductivity SN = 04C-3768
* Number of Bytes Per Scan = 45
* Number of Voltage Words = 4
* Number of Scans Averaged by the Deck Unit = 1
* NMEA Latitude = 48 57.73 N
* NMEA Longitude = 016 27.37 W
* NMEA UTC (Time) = Apr 09 2021  08:23:20
* NMEA baud rate = 9600
** Ship: RRS Discovery
** Cruise: DY130
** Cast: DY130_012
** Station: 071
** Julian Day: 099
** Date: 09/04/2021
** Time (GMT): 08:23
** Latitude: 48 57.72 N
** Longitude: 16 27.37 W
** Depth (uncorrected m): 4808
** Principal Scientist: Sue Hart
** Operator: BP/PH
# nquan = 27
# nvalues = 2904                                  
# units = specified
# name 0 = timeS: Time, Elapsed [seconds]
# name 1 = latitude: Latitude [deg]
# name 2 = longitude: Longitude [deg]
# name 3 = prDM: Pressure, Digiquartz [db]
# name 4 = depSM: Depth [salt water, m]
# name 5 = t090C: Temperature [ITS-90, deg C]
# name 6 = t190C: Temperature, 2 [ITS-90, deg C]
# name 7 = c0mS/cm: Conductivity [mS/cm]
# name 8 = c1mS/cm: Conductivity, 2 [mS/cm]
# name 9 = sal00: Salinity, Practical [PSU]
# name 10 = sal11: Salinity, Practical, 2 [PSU]
# name 11 = sbeox0V: Oxygen raw, SBE 43 [V]
# name 12 = sbox0Mm/Kg: Oxygen, SBE 43 [umol/kg]
# name 13 = sbeox1V: Oxygen raw, SBE 43, 2 [V]
# name 14 = sbox1Mm/Kg: Oxygen, SBE 43, 2 [umol/kg]
# name 15 = ptempC: Pressure Temperature [deg C]
# name 16 = altM: Altimeter [m]
# name 17 = scan: Scan Count
# name 18 = pumps: Pump Status
# name 19 = flECO-AFL: Fluorescence, WET Labs ECO-AFL/FL [mg/m^3]
# name 20 = turbWETbb0: Turbidity, WET Labs ECO BB [m^-1/sr]
# name 21 = sbeox0Mm/L: Oxygen, SBE 43 [umol/l]
# name 22 = sbeox1Mm/L: Oxygen, SBE 43, 2 [umol/l]
# name 23 = sigma-é00: Density [sigma-theta, kg/m^3]
# name 24 = sigma-é11: Density, 2 [sigma-theta, kg/m^3]
# name 25 = nbf: Bottles Fired
# name 26 = flag:  0.000e+00
# interval = seconds: 0.0416667
# start_time = Apr 09 2021 08:23:21 [NMEA time, first data scan]
# bad_flag = -9.990e-29
*END*
[from data line 2578]
   2895.292   48.96214  -16.45620      8.338      8.267    12.1023    12.1014  40.698193  40.700939    35.5827    35.5862     2.6422    267.671     2.5153    277.295      10.92    1481.32      69488          1     1.2260 2.5490e-04    274.904    284.789    27.0224    27.0253         22  0.000e+00
   2895.333   48.96214  -16.45620      8.259      8.189    12.1022    12.1012  40.698330  40.700535    35.5830    35.5861     2.6422    267.665     2.5153    277.310      10.94    1481.68      69489          1     1.2260 2.5490e-04    274.898    284.805    27.0227    27.0252         22  0.000e+00
   2895.375   48.96214  -16.45620      8.337      8.267    12.1022    12.1011  40.698535  40.700131    35.5832    35.5858     2.6422    267.665     2.5140    277.141      10.94    1481.32      69490          1     1.2260 2.5490e-04    274.898    284.631    27.0228    27.0250         22  0.000e+00
   2895.417   48.96214  -16.45620      8.259      8.189    12.1022    12.1009  40.698398  40.700602    35.5831    35.5864     2.6422    267.660     2.5153    277.300      10.94    1481.68      69491          1     1.2260 2.5490e-04    274.893    284.794    27.0227    27.0255         22  0.000e+00
   2895.458   48.96214  -16.45620      8.337      8.267    12.1022    12.1009  40.698057  40.700468    35.5827    35.5863     2.6435    267.831     2.5140    277.128      10.94    1481.32      69492          1     1.2260 2.5490e-04    275.068    284.617    27.0224    27.0254         22  0.000e+00
   2895.500   48.96214  -16.45620      8.259      8.189    12.1023    12.1011  40.698193  40.700131    35.5828    35.5858     2.6422    267.674     2.5153    277.307      10.92    1481.68      69493          1     1.2260 2.5490e-04    274.907    284.802    27.0224    27.0250         22  0.000e+00
   2895.542   48.96214  -16.45620      8.259      8.189    12.1024    12.1008  40.698330  40.699794    35.5828    35.5858     2.6422    267.673     2.5140    277.133      10.94    1481.32      69494          1     1.2260 2.5490e-04    274.906    284.623    27.0224    27.0250         22  0.000e+00
   2895.583   48.96214  -16.45620      8.191      8.121    12.1023    12.1006  40.698329  40.699929    35.5829    35.5861     2.6422    267.653     2.5153    277.313      10.94    1481.32      69495          1     1.2260 2.5490e-04    274.886    284.807    27.0225    27.0253         22  0.000e+00
   2895.625   48.96214  -16.45620      8.259      8.189    12.1023    12.1005  40.698330  40.699996    35.5829    35.5863     2.6422    267.638     2.5140    277.139      10.94    1481.68      69496          1     1.2370 2.5490e-04    274.870    284.629    27.0225    27.0255         22  0.000e+00
   2895.667   48.96214  -16.45620      8.191      8.121    12.1023    12.1006  40.698329  40.700063    35.5829    35.5863     2.6422    267.618     2.5153    277.316      10.92    1481.32      69497          1     1.3029 2.5832e-04    274.850    284.811    27.0225    27.0254         22  0.000e+00
   2895.708   48.96214  -16.45620      8.259      8.189    12.1023    12.1008  40.698330  40.700064    35.5829    35.5861     2.6422    267.620     2.5153    277.329      10.94    1481.68      69498          1     1.3249 2.6003e-04    274.852    284.824    27.0225    27.0252         22  0.000e+00
   2895.750   48.96214  -16.45620      8.191      8.121    12.1023    12.1011  40.698329  40.700265    35.5829    35.5860     2.6435    267.787     2.5140    277.146      10.92    1481.32      69499          1     1.3249 2.6003e-04    275.023    284.636    27.0225    27.0251         22  0.000e+00
   2895.792   48.96216  -16.45616      8.191      8.121    12.1024    12.1012  40.698329  40.700938    35.5828    35.5865     2.6422    267.636     2.5140    277.134      10.94    1481.68      69500          1     1.3249 2.6003e-04    274.868    284.623    27.0224    27.0255         22  0.000e+00
   2895.833   48.96216  -16.45616      8.191      8.121    12.1020    12.1019  40.698330  40.701544    35.5833    35.5865     2.6435    267.807     2.5140    277.119      10.92    1481.32      69501          1     1.3249 2.6003e-04    275.044    284.608    27.0228    27.0253         22  0.000e+00
   2895.875   48.96216  -16.45616      8.122      8.053    12.1022    12.1024  40.698534  40.702352    35.5833    35.5868     2.6435    267.822     2.5140    277.102      10.94    1481.32      69502          1     1.3249 2.6003e-04    275.059    284.591    27.0228    27.0255         22  0.000e+00
   2895.917   48.96216  -16.45616      8.191      8.121    12.1023    12.1027  40.698398  40.702554    35.5830    35.5866     2.6422    267.674     2.5140    277.092      10.92    1481.68      69503          1     1.3249 2.6003e-04    274.908    284.580    27.0226    27.0253         22  0.000e+00
   2895.958   48.96214  -16.45620      8.122      8.053    12.1022    12.1029  40.698056  40.702217    35.5828    35.5862     2.6422    267.658     2.5153    277.268      10.94    1481.68      69504          1     1.3249 2.6003e-04    274.890    284.761    27.0225    27.0250         22  0.000e+00
   2896.000   48.96214  -16.45620      8.191      8.121    12.1021    12.1027  40.698193  40.702150    35.5830    35.5862     2.6422    267.644     2.5153    277.281      10.94    1481.32      69505          1     1.3249 2.6003e-04    274.877    284.775    27.0226    27.0250         22  0.000e+00
   2896.042   48.96214  -16.45620      8.044      7.975    12.1022    12.1029  40.698056  40.702419    35.5829    35.5864     2.6422    267.624     2.5140    277.094      10.94    1481.32      69506          1     1.3249 2.6003e-04    274.856    284.583    27.0225    27.0251         22  0.000e+00
   2896.083   48.96214  -16.45620      8.122      8.053    12.1023    12.1027  40.698193  40.701679    35.5828    35.5858     2.6422    267.610     2.5140    277.087      10.92    1481.32      69507          1     1.3249 2.6003e-04    274.842    284.575    27.0225    27.0247         22  0.000e+00
   2896.125   48.96214  -16.45620      8.122      8.053    12.1023    12.1021  40.698056  40.701207    35.5827    35.5860     2.6422    267.595     2.5140    277.078      10.92    1481.68      69508          1     1.3249 2.6003e-04    274.826    284.566    27.0224    27.0249         22  0.000e+00
   2896.167   48.96214  -16.45620      8.044      7.975    12.1023    12.1021  40.697987  40.701140    35.5827    35.5860     2.6422    267.577     2.5140    277.063      10.94    1481.68      69509          1     1.3249 2.6003e-04    274.807    284.550    27.0223    27.0249         22  0.000e+00
   2896.208   48.96214  -16.45620      8.122      8.053    12.1022    12.1018  40.698193  40.701140    35.5830    35.5862     2.6435    267.732     2.5140    277.054      10.94    1481.32      69510          1     1.3249 2.6003e-04    274.967    284.542    27.0226    27.0252         22  0.000e+00
   2896.250   48.96214  -16.45620      8.044      7.975    12.1023    12.1019  40.698056  40.701611    35.5827    35.5866     2.6435    267.730     2.5140    277.038      10.94    1481.68      69511          1     1.3249 2.6003e-04    274.965    284.525    27.0224    27.0254         22  0.000e+00
   2896.292   48.96214  -16.45620      8.122      8.053    12.1020    12.1024  40.698193  40.702015    35.5832    35.5865     2.6422    267.583     2.5140    277.025      10.94    1481.68      69512          1     1.3249 2.6003e-04    274.814    284.511    27.0228    27.0252         22  0.000e+00
   2896.333   48.96214  -16.45620      7.907      7.840    12.1023    12.1024  40.698055  40.701812    35.5828    35.5864     2.6422    267.576     2.5140    277.005      10.94    1481.68      69513          1     1.3249 2.6003e-04    274.807    284.491    27.0224    27.0252         22  0.000e+00
   2896.375   48.96214  -16.45620      8.044      7.975    12.1022    12.1027  40.697987  40.702015    35.5828    35.5862     2.6422    267.566     2.5140    276.996      10.94    1481.68      69514          1     1.3249 2.6003e-04    274.796    284.481    27.0225    27.0250         22  0.000e+00
   2896.417   48.96214  -16.45620      7.956      7.888    12.1023    12.1024  40.697713  40.701880    35.5824    35.5864     2.6422    267.547     2.5140    276.982      10.94    1481.68      69515          1     1.3249 2.6003e-04    274.777    284.467    27.0221    27.0252         22  0.000e+00
   2896.458   48.96214  -16.45620      7.975      7.907    12.1022    12.1024  40.698124  40.702015    35.5830    35.5865     2.6435    267.718     2.5140    276.970      10.92    1481.32      69516          1     1.3249 2.6003e-04    274.953    284.455    27.0226    27.0253         22  0.000e+00
   2896.500   48.96214  -16.45620      8.044      7.975    12.1021    12.1024  40.698056  40.702149    35.5829    35.5866     2.6422    267.572     2.5140    276.959      10.94    1481.32      69517          1     1.3249 2.6003e-04    274.802    284.444    27.0226    27.0254         22  0.000e+00
   2896.542   48.96214  -16.45620      7.907      7.839    12.1023    12.1024  40.697987  40.701610    35.5827    35.5862     2.6422    267.569     2.5140    276.943      10.92    1481.68      69518          1     1.3249 2.6003e-04    274.799    284.427    27.0224    27.0250         22  0.000e+00
   2896.583   48.96214  -16.45620      7.975      7.907    12.1022    12.1022  40.698465  40.701409    35.5833    35.5861     2.6422    267.557     2.5140    276.934      10.94    1481.68      69519          1     1.3249 2.6003e-04    274.787    284.418    27.0228    27.0250         22  0.000e+00
   2896.625   48.96214  -16.45620      7.907      7.839    12.1023    12.1022  40.698397  40.701678    35.5831    35.5864     2.6435    267.726     2.5140    276.919      10.94    1481.32      69520          1     1.3249 2.6003e-04    274.961    284.402    27.0227    27.0252         22  0.000e+00
   2896.667   48.96214  -16.45620      7.907      7.839    12.1023    12.1022  40.698328  40.701812    35.5831    35.5865     2.6435    267.747     2.5140    276.906      10.92    1481.32      69521          1     1.3139 2.6003e-04    274.982    284.389    27.0226    27.0253         22  0.000e+00
   2896.708   48.96214  -16.45620      7.975      7.907    12.1021    12.1022  40.698329  40.701813    35.5832    35.5865     2.6422    267.602     2.5140    276.896      10.92    1481.32      69522          1     1.3579 2.6174e-04    274.833    284.379    27.0228    27.0253         22  0.000e+00
   2896.750   48.96214  -16.45620      7.828      7.762    12.1025    12.1027  40.698328  40.701812    35.5829    35.5861     2.6422    267.600     2.5140    276.876      10.94    1481.32      69523          1     1.3798 2.6516e-04    274.831    284.358    27.0225    27.0249         22  0.000e+00
   2896.792   48.96216  -16.45616      7.907      7.839    12.1023    12.1027  40.698533  40.701812    35.5833    35.5860     2.6422    267.608     2.5140    276.866      10.92    1481.68      69524          1     1.3908 2.6516e-04    274.839    284.348    27.0228    27.0249         22  0.000e+00
   2896.833   48.96216  -16.45616      7.907      7.839    12.1025    12.1027  40.698670  40.702014    35.5832    35.5862     2.6422    267.612     2.5140    276.875      10.92    1481.32      69525          1     1.3908 2.6516e-04    274.844    284.358    27.0227    27.0250         22  0.000e+00
   2896.875   48.96216  -16.45616      7.828      7.762    12.1025    12.1029  40.698670  40.702418    35.5833    35.5865     2.6422    267.616     2.5140    276.860      10.92    1481.32      69526          1     1.3908 2.6516e-04    274.848    284.342    27.0227    27.0252         22  0.000e+00
   2896.917   48.96216  -16.45616      7.828      7.762    12.1025    12.1029  40.698670  40.702552    35.5833    35.5867     2.6422    267.605     2.5140    276.848      10.92    1481.68      69527          1     1.3908 2.6516e-04    274.837    284.330    27.0227    27.0253         22  0.000e+00
   2896.958   48.96214  -16.45622      7.828      7.762    12.1026    12.1032  40.698396  40.702216    35.5829    35.5860     2.6435    267.781     2.5140    276.835      10.94    1481.68      69528          1     1.3908 2.6516e-04    275.017    284.317    27.0224    27.0247         22  0.000e+00
   2897.000   48.96214  -16.45622      7.828      7.762    12.1025    12.1031  40.698328  40.702687    35.5829    35.5866     2.6422    267.619     2.5140    276.823      10.92    1481.32      69529          1     1.3908 2.6516e-04    274.851    284.305    27.0225    27.0252         22  0.000e+00
   2897.042   48.96214  -16.45622      7.760      7.694    12.1025    12.1031  40.698328  40.702283    35.5830    35.5863     2.6435    267.792     2.5140    276.810      10.94    1481.68      69530          1     1.3908 2.6516e-04    275.029    284.291    27.0225    27.0250         22  0.000e+00
   2897.083   48.96214  -16.45622      7.828      7.762    12.1025    12.1032  40.698328  40.702552    35.5829    35.5864     2.6422    267.651     2.5140    276.822      10.92    1481.68      69531          1     1.3908 2.6516e-04    274.883    284.303    27.0225    27.0250         22  0.000e+00
   2897.125   48.96214  -16.45622      7.828      7.762    12.1025    12.1031  40.698328  40.702552    35.5829    35.5865     2.6422    267.658     2.5140    276.812      10.92    1481.68      69532          1     1.3908 2.6516e-04    274.891    284.293    27.0225    27.0251         22  0.000e+00
   2897.167   48.96214  -16.45622      7.760      7.694    12.1025    12.1032  40.698328  40.702552    35.5830    35.5864     2.6422    267.664     2.5140    276.821      10.94    1481.68      69533          1     1.3908 2.6516e-04    274.897    284.302    27.0225    27.0250         22  0.000e+00
   2897.208   48.96214  -16.45622      7.760      7.694    12.1024    12.1031  40.698328  40.702552    35.5830    35.5865     2.6435    267.824     2.5140    276.834      10.94    1481.68      69534          1     1.3908 2.6516e-04    275.062    284.315    27.0225    27.0252         22  0.000e+00
   2897.250   48.96214  -16.45622      7.760      7.694    12.1025    12.1029  40.698328  40.702216    35.5830    35.5864     2.6422    267.664     2.5140    276.849      10.92    1481.68      69535          1     1.3908 2.6345e-04    274.897    284.331    27.0225    27.0251         22  0.000e+00
   2897.292   48.96214  -16.45622      7.760      7.694    12.1026    12.1031  40.698533  40.702148    35.5830    35.5861     2.6435    267.840     2.5140    276.840      10.94    1481.68      69536          1     1.3908 2.6516e-04    275.077    284.321    27.0225    27.0249         22  0.000e+00
   2897.333   48.96214  -16.45622      7.760      7.694    12.1025    12.1027  40.698396  40.702350    35.5830    35.5866     2.6435    267.848     2.5153    277.045      10.94    1481.68      69537          1     1.3908 2.6345e-04    275.086    284.532    27.0226    27.0253         22  0.000e+00
   2897.375   48.96214  -16.45622      7.760      7.694    12.1025    12.1029  40.698533  40.702485    35.5832    35.5866     2.6435    267.855     2.5153    277.079      10.92    1481.68      69538          1     1.3798 2.6516e-04    275.093    284.568    27.0227    27.0252         22  0.000e+00
   2897.417   48.96214  -16.45622      7.681      7.616    12.1026    12.1031  40.698396  40.702215    35.5829    35.5862     2.6435    267.858     2.5153    277.090      10.92    1481.68      69539          1     1.3908 2.6516e-04    275.096    284.578    27.0224    27.0249         22  0.000e+00
