Data_example/SBE_Data_Processed/DY130/SeaBird/Data/Batch/DY130_010.ros
* Sea-Bird SBE 9 Data File:
* FileName = C:\Users\sandm\Documents\Cruises\DY130\Data\Raw Data\DY130_010.hex
* Software Version Seasave V 7.26.7.121
* Temperature SN = 03P-5494
* Conductivity SN = 04C-3768
* Number of Bytes Per Scan = 45
* Number of Voltage Words = 4
* Number of Scans Averaged by the Deck Unit = 1
* NMEA Latitude = 48 59.99 N
* NMEA Longitude = 016 30.02 W
* NMEA UTC (Time) = Apr 07 2021  06:50:11
* NMEA baud rate = 9600
** Ship: RRS Discovery
** Cruise: DY130
** Cast: DY130_010
** Station: 065
** Julian Day: 097
** Date: 07/04/2021
** Time (GMT):
** Latitude: 48 59.99 N
** Longitude: 16 30.01 W
** Depth (uncorrected m): 4809
** Principal Scientist: Sue Hart
** Operator: BP/PH
# nquan = 27
# nvalues = 2541                                  
# units = specified
# name 0 = timeS: Time, Elapsed [seconds]
# name 1 = latitude: Latitude [deg]
# name 2 = longitude: Longitude [deg]
# name 3 = prDM: Pressure, Digiquartz [db]
# name 4 = depSM: Depth [salt water, m]
# name 5 = t090C: Temperature [ITS-90, deg C]
# name 6 = t190C: Temperature, 2 [ITS-90, deg C]
# name 7 = c0mS/cm: Conductivity [mS/cm]
# name 8 = c1mS/cm: Conductivity, 2 [mS/cm]
# name 9 = sal00: Salinity, Practical [PSU]
# name 10 = sal11: Salinity, Practical, 2 [PSU]
# name 11 = sbeox0V: Oxygen raw, SBE 43 [V]
# name 12 = sbox0Mm/Kg: Oxygen, SBE 43 [umol/kg]
# name 13 = sbeox1V: Oxygen raw, SBE 43, 2 [V]
# name 14 = sbox1Mm/Kg: Oxygen, SBE 43, 2 [umol/kg]
# name 15 = ptempC: Pressure Temperature [deg C]
# name 16 = altM: Altimeter [m]
# name 17 = scan: Scan Count
# name 18 = pumps: Pump Status
# name 19 = flECO-AFL: Fluorescence, WET Labs ECO-AFL/FL [mg/m^3]
# name 20 = turbWETbb0: Turbidity, WET Labs ECO BB [m^-1/sr]
# name 21 = sbeox0Mm/L: Oxygen, SBE 43 [umol/l]
# name 22 = sbeox1Mm/L: Oxygen, SBE 43, 2 [umol/l]
# name 23 = sigma-é00: Density [sigma-theta, kg/m^3]
# name 24 = sigma-é11: Density, 2 [sigma-theta, kg/m^3]
# name 25 = nbf: Bottles Fired
# name 26 = flag:  0.000e+00
# interval = seconds: 0.0416667
# start_time = Apr 07 2021 06:50:12 [NMEA time, first data scan]
# bad_flag = -9.990e-29
*END*
[from data line 591]
   8965.167   48.99982  -16.50016   2537.653   2501.015     3.2006     3.2015  32.871825  32.875123    34.9443    34.9472     1.6496    251.762     1.5922    262.891       5.44    1481.32     215165          1    -0.0267 9.0800e-05    258.772    270.210    27.8413    27.8436          5  0.000e+00
   8965.208   48.99982  -16.50016   2537.613   2500.976     3.2004     3.2015  32.872014  32.875494    34.9447    34.9477     1.6496    251.704     1.5922    262.873       5.44    1480.95     215166          1    -0.0267 9.0800e-05    258.712    270.192    27.8417    27.8439          5  0.000e+00
   8965.250   48.99982  -16.50016   2537.613   2500.976     3.2006     3.2012  32.872077  32.875371    34.9446    34.9479     1.6496    251.718     1.5922    262.860       5.44    1481.32     215167          1    -0.0267 9.0800e-05    258.726    270.179    27.8416    27.8441          5  0.000e+00
   8965.292   48.99982  -16.50016   2537.613   2500.976     3.2006     3.2014  32.871888  32.875309    34.9444    34.9476     1.6496    251.734     1.5922    262.843       5.47    1480.95     215168          1    -0.0267 9.0800e-05    258.742    270.162    27.8414    27.8439          5  0.000e+00
   8965.333   48.99982  -16.50016   2537.582   2500.946     3.2006     3.2012  32.872014  32.875494    34.9446    34.9480     1.6484    251.412     1.5922    262.827       5.45    1481.32     215169          1    -0.0267 9.0800e-05    258.411    270.146    27.8415    27.8442          5  0.000e+00
   8965.375   48.99982  -16.50016   2537.542   2500.906     3.2007     3.2015  32.872076  32.875370    34.9445    34.9476     1.6484    251.355     1.5922    262.809       5.44    1480.95     215170          1    -0.0267 9.0800e-05    258.353    270.127    27.8415    27.8438          5  0.000e+00
   8965.417   48.99982  -16.50016   2537.542   2500.906     3.2006     3.2015  32.872076  32.875309    34.9446    34.9475     1.6496    251.640     1.5922    262.794       5.47    1481.32     215171          1    -0.0267 9.0800e-05    258.646    270.111    27.8416    27.8438          5  0.000e+00
   8965.458   48.99982  -16.50016   2537.502   2500.867     3.2004     3.2017  32.872076  32.875308    34.9449    34.9474     1.6496    251.661     1.5922    262.776       5.44    1481.32     215172          1    -0.0267 9.0800e-05    258.668    270.093    27.8418    27.8437          5  0.000e+00
   8965.500   48.99982  -16.50016   2537.542   2500.907     3.2004     3.2015  32.872076  32.875556    34.9448    34.9478     1.6496    251.608     1.5922    262.762       5.44    1481.32     215173          1    -0.0267 9.0800e-05    258.613    270.079    27.8418    27.8440          5  0.000e+00
   8965.542   48.99982  -16.50016   2537.461   2500.827     3.2006     3.2017  32.871888  32.875370    34.9444    34.9474     1.6484    251.286     1.5922    262.744       5.44    1481.32     215174          1    -0.0267 9.0800e-05    258.282    270.059    27.8414    27.8437          5  0.000e+00
   8965.583   48.99982  -16.50016   2537.461   2500.827     3.2006     3.2019  32.872076  32.875556    34.9447    34.9475     1.6484    251.235     1.5922    262.823       5.47    1481.32     215175          1    -0.0267 9.0800e-05    258.229    270.141    27.8416    27.8437          5  0.000e+00
   8965.625   48.99982  -16.50016   2537.421   2500.788     3.2007     3.2019  32.872076  32.875803    34.9446    34.9478     1.6496    251.520     1.5922    262.810       5.44    1481.32     215176          1    -0.0267 9.0800e-05    258.523    270.127    27.8415    27.8440          5  0.000e+00
   8965.667   48.99982  -16.50016   2537.381   2500.748     3.2006     3.2017  32.872076  32.875494    34.9447    34.9476     1.6496    251.543     1.5934    263.185       5.45    1480.95     215177          1    -0.0267 9.0800e-05    258.547    270.513    27.8416    27.8439          5  0.000e+00
   8965.708   48.99982  -16.50016   2537.381   2500.748     3.2006     3.2018  32.872076  32.875370    34.9447    34.9474     1.6508    251.828     1.5922    262.875       5.44    1480.95     215178          1    -0.0267 9.0800e-05    258.840    270.194    27.8417    27.8437          5  0.000e+00
   9005.708   48.99982  -16.50016   2537.113   2500.486     3.2001     3.2012  32.871698  32.875183    34.9449    34.9479     1.6496    251.574     1.5922    262.927       5.44    1480.95     216138          1    -0.0377 9.4219e-05    258.579    270.248    27.8418    27.8441          6  0.000e+00
   9005.750   48.99982  -16.50016   2537.153   2500.526     3.2001     3.2014  32.871824  32.875431    34.9450    34.9480     1.6484    251.309     1.5922    262.923       5.44    1481.32     216139          1    -0.0377 9.4219e-05    258.306    270.244    27.8419    27.8442          6  0.000e+00
   9005.792   48.99982  -16.50016   2537.194   2500.565     3.2001     3.2017  32.871761  32.875369    34.9449    34.9476     1.6496    251.571     1.5922    262.919       5.44    1480.95     216140          1    -0.0377 9.4219e-05    258.575    270.240    27.8418    27.8438          6  0.000e+00
   9005.833   48.99982  -16.50016   2537.113   2500.486     3.2001     3.2014  32.871824  32.875369    34.9450    34.9479     1.6496    251.638     1.5922    262.914       5.44    1481.32     216141          1    -0.0377 9.4219e-05    258.644    270.235    27.8419    27.8441          6  0.000e+00
   9005.875   48.99982  -16.50016   2537.194   2500.565     3.2003     3.2020  32.871635  32.875926    34.9446    34.9479     1.6484    251.374     1.5922    262.908       5.44    1481.32     216142          1    -0.0377 9.4219e-05    258.372    270.229    27.8416    27.8440          6  0.000e+00
   9005.917   48.99982  -16.50016   2537.153   2500.526     3.2003     3.2015  32.871698  32.875369    34.9447    34.9478     1.6484    251.297     1.5922    262.907       5.44    1481.32     216143          1    -0.0377 9.4219e-05    258.293    270.227    27.8417    27.8440          6  0.000e+00
   9005.958   48.99982  -16.50016   2537.265   2500.635     3.2001     3.2017  32.871573  32.875431    34.9447    34.9476     1.6484    251.225     1.5934    263.293       5.44    1481.32     216144          1    -0.0377 9.4219e-05    258.220    270.624    27.8416    27.8439          6  0.000e+00
   9006.000   48.99982  -16.50016   2537.194   2500.565     3.2001     3.2015  32.871195  32.875369    34.9442    34.9477     1.6496    251.484     1.5922    262.989       5.44    1480.95     216145          1    -0.0377 9.4219e-05    258.486    270.312    27.8413    27.8440          6  0.000e+00
   9006.042   48.99984  -16.50016   2537.153   2500.526     3.2003     3.2017  32.871447  32.875369    34.9444    34.9476     1.6496    251.551     1.5922    262.979       5.44    1481.32     216146          1    -0.0377 9.4219e-05    258.555    270.302    27.8415    27.8438          6  0.000e+00
   9006.083   48.99984  -16.50016   2537.194   2500.565     3.2003     3.2014  32.871698  32.875307    34.9447    34.9478     1.6496    251.546     1.5922    262.975       5.44    1481.32     216147          1    -0.0377 9.4219e-05    258.549    270.297    27.8416    27.8441          6  0.000e+00
   9006.125   48.99984  -16.50016   2537.265   2500.635     3.2001     3.2017  32.871824  32.875308    34.9450    34.9475     1.6496    251.615     1.5922    262.968       5.44    1481.32     216148          1    -0.0377 9.4219e-05    258.621    270.290    27.8419    27.8437          6  0.000e+00
   9006.167   48.99982  -16.50016   2537.194   2500.565     3.2001     3.2017  32.871761  32.875493    34.9449    34.9477     1.6484    251.344     1.5922    262.957       5.44    1480.95     216149          1    -0.0377 9.4219e-05    258.342    270.279    27.8418    27.8439          6  0.000e+00
   9006.208   48.99982  -16.50016   2537.234   2500.605     3.2001     3.2016  32.871573  32.875369    34.9447    34.9476     1.6484    251.343     1.5922    262.952       5.44    1480.95     216150          1    -0.0377 9.4219e-05    258.340    270.273    27.8416    27.8439          6  0.000e+00
   9006.250   48.99982  -16.50016   2537.265   2500.635     3.1998     3.2015  32.871698  32.875308    34.9452    34.9476     1.6484    251.269     1.5922    262.946       5.44    1481.32     216151          1    -0.0377 9.4219e-05    258.265    270.267    27.8421    27.8439          6  0.000e+00
   9006.292   48.99982  -16.50016   2537.265   2500.635     3.2000     3.2015  32.871573  32.875555    34.9448    34.9479     1.6484    251.193     1.5922    262.937       5.44    1480.95     216152          1    -0.0377 9.7638e-05    258.187    270.259    27.8418    27.8441          6  0.000e+00
   9006.333   48.99982  -16.50016   2537.265   2500.635     3.2001     3.2017  32.871321  32.875431    34.9444    34.9476     1.6484    251.117     1.5922    262.929       5.44    1481.32     216153          1    -0.0267 9.9347e-05    258.108    270.250    27.8414    27.8439          6  0.000e+00
   9006.375   48.99982  -16.50016   2537.234   2500.605     3.2001     3.2017  32.871384  32.875493    34.9444    34.9477     1.6496    251.452     1.5922    262.920       5.44    1481.32     216154          1    -0.0267 9.9347e-05    258.453    270.241    27.8415    27.8439          6  0.000e+00
   9006.417   48.99982  -16.50016   2537.265   2500.635     3.2001     3.2015  32.871510  32.875617    34.9446    34.9480     1.6484    251.189     1.5922    262.914       5.44    1481.32     216155          1    -0.0267 9.9347e-05    258.183    270.235    27.8416    27.8442          6  0.000e+00
   9006.458   48.99982  -16.50016   2537.265   2500.635     3.1999     3.2015  32.871447  32.875555    34.9448    34.9479     1.6484    251.194     1.5922    262.907       5.44    1480.95     216156          1    -0.0267 9.9347e-05    258.188    270.227    27.8418    27.8441          6  0.000e+00
   9006.500   48.99982  -16.50016   2537.305   2500.674     3.2000     3.2015  32.871761  32.875617    34.9450    34.9480     1.6484    251.200     1.5922    262.900       5.44    1480.95     216157          1    -0.0267 9.9347e-05    258.194    270.220    27.8420    27.8442          6  0.000e+00
   9006.542   48.99982  -16.50016   2537.194   2500.565     3.2003     3.2019  32.871510  32.875369    34.9445    34.9474     1.6496    251.541     1.5922    262.887       5.44    1480.95     216158          1    -0.0267 9.9347e-05    258.544    270.207    27.8415    27.8437          6  0.000e+00
   9006.583   48.99982  -16.50016   2537.265   2500.635     3.2000     3.2017  32.871510  32.875555    34.9447    34.9478     1.6484    251.290     1.5922    262.883       5.44    1481.32     216159          1    -0.0267 9.9347e-05    258.286    270.202    27.8417    27.8440          6  0.000e+00
   9006.625   48.99982  -16.50016   2537.265   2500.635     3.1998     3.2014  32.871447  32.875246    34.9449    34.9477     1.6496    251.564     1.5922    262.877       5.44    1480.95     216160          1    -0.0267 9.9347e-05    258.568    270.197    27.8418    27.8440          6  0.000e+00
   9006.667   48.99982  -16.50016   2537.305   2500.674     3.2001     3.2015  32.871761  32.875679    34.9449    34.9481     1.6496    251.644     1.5922    262.869       5.44    1481.32     216161          1    -0.0267 9.9347e-05    258.651    270.189    27.8418    27.8442          6  0.000e+00
   9006.708   48.99982  -16.50016   2537.265   2500.635     3.2000     3.2017  32.871887  32.875493    34.9451    34.9477     1.6496    251.725     1.5922    262.860       5.44    1480.95     216162          1    -0.0267 9.9347e-05    258.734    270.179    27.8420    27.8439          6  0.000e+00
   9006.750   48.99982  -16.50016   2537.265   2500.635     3.2001     3.2015  32.871761  32.875493    34.9449    34.9478     1.6484    251.470     1.5922    262.853       5.43    1481.32     216163          1    -0.0267 9.9347e-05    258.472    270.172    27.8418    27.8441          6  0.000e+00
   9006.792   48.99982  -16.50016   2537.265   2500.635     3.2001     3.2017  32.871824  32.875370    34.9450    34.9475     1.6484    251.482     1.5922    262.845       5.44    1480.95     216164          1    -0.0267 9.9347e-05    258.484    270.163    27.8419    27.8438          6  0.000e+00
   9006.833   48.99982  -16.50016   2537.153   2500.526     3.2000     3.2019  32.871761  32.875369    34.9450    34.9474     1.6496    251.755     1.5922    262.832       5.44    1481.32     216165          1    -0.0267 9.9347e-05    258.764    270.150    27.8420    27.8437          6  0.000e+00
   9006.875   48.99982  -16.50016   2537.265   2500.635     3.2003     3.2018  32.871824  32.875493    34.9448    34.9476     1.6496    251.766     1.5922    262.828       5.44    1481.32     216166          1    -0.0267 9.9347e-05    258.776    270.146    27.8418    27.8438          6  0.000e+00
   9006.917   48.99982  -16.50016   2537.265   2500.635     3.2003     3.2015  32.871761  32.875370    34.9448    34.9477     1.6484    251.512     1.5922    262.822       5.44    1480.95     216167          1    -0.0267 9.9347e-05    258.515    270.140    27.8417    27.8439          6  0.000e+00
   9006.958   48.99982  -16.50016   2537.234   2500.605     3.2001     3.2019  32.872013  32.875493    34.9452    34.9475     1.6484    251.523     1.5922    262.908       5.44    1480.95     216168          1    -0.0267 9.9347e-05    258.526    270.228    27.8421    27.8438          6  0.000e+00
   9007.000   48.99984  -16.50016   2537.265   2500.635     3.2004     3.2015  32.871573  32.875370    34.9444    34.9477     1.6484    251.463     1.5922    262.907       5.44    1480.95     216169          1    -0.0267 9.9347e-05    258.464    270.227    27.8414    27.8439          6  0.000e+00
   9007.042   48.99984  -16.50016   2537.194   2500.565     3.2003     3.2015  32.871510  32.875493    34.9445    34.9479     1.6496    251.737     1.5922    262.900       5.44    1481.32     216170          1    -0.0267 9.9347e-05    258.746    270.221    27.8415    27.8441          6  0.000e+00
   9007.083   48.99984  -16.50016   2537.194   2500.565     3.2003     3.2015  32.871698  32.875369    34.9447    34.9477     1.6496    251.822     1.5922    262.897       5.44    1481.32     216171          1    -0.0267 9.9347e-05    258.833    270.217    27.8416    27.8440          6  0.000e+00
   9007.125   48.99984  -16.50016   2537.234   2500.605     3.2001     3.2017  32.871824  32.875555    34.9450    34.9478     1.6496    251.833     1.5922    262.893       5.44    1480.95     216172          1    -0.0267 9.9347e-05    258.844    270.213    27.8419    27.8440          6  0.000e+00
   9007.167   48.99982  -16.50018   2537.194   2500.565     3.2004     3.2017  32.871384  32.875369    34.9442    34.9476     1.6496    251.837     1.5922    262.888       5.44    1480.95     216173          1    -0.0267 9.9347e-05    258.848    270.208    27.8412    27.8438          6  0.000e+00
   9007.208   48.99982  -16.50018   2537.194   2500.565     3.2000     3.2017  32.871635  32.875307    34.9449    34.9475     1.6496    251.917     1.5922    262.885       5.44    1481.32     216174          1    -0.0267 9.9347e-05    258.931    270.204    27.8418    27.8438          6  0.000e+00
   9007.250   48.99982  -16.50018   2537.194   2500.565     3.2003     3.2015  32.871572  32.875493    34.9446    34.9479     1.6484    251.659     1.5922    262.881       5.44    1481.32     216175          1    -0.0267 9.9347e-05    258.665    270.201    27.8416    27.8441          6  0.000e+00
   9007.292   48.99982  -16.50018   2537.153   2500.526     3.2001     3.2017  32.871195  32.875369    34.9443    34.9476     1.6484    251.592     1.5922    262.875       5.44    1480.95     216176          1    -0.0267 9.9347e-05    258.597    270.195    27.8413    27.8438          6  0.000e+00
