Data_example/SBE_Data_Processed/DY130/SeaBird/Data/Batch/DY130_002.ros
* Sea-Bird SBE 9 Data File:
* FileName = C:\Users\sandm\Documents\Cruises\DY130\Data\Raw Data\DY130_002.hex
* Software Version Seasave V 7.26.7.121
* Temperature SN = 03P-5494
* Conductivity SN = 04C-3768
* Number of Bytes Per Scan = 45
* Number of Voltage Words = 4
* Number of Scans Averaged by the Deck Unit = 1
* NMEA Latitude = 48 49.03 N
* NMEA Longitude = 016 26.54 W
* NMEA UTC (Time) = Mar 30 2021  16:48:44
* NMEA baud rate = 9600
** Ship: RRS Discovery
** Cruise: DY130
** Cast: DY130_002
** Station: 019
** Julian Day: 089
** Date: 30/03/21
** Time (GMT): 16:48
** Latitude: 48 49.023 N
** Longitude: 16 26.539 W
** Depth (uncorrected m): 4809
** Principal Scientist: Sue Hartman
** Operator: BP/PH
# nquan = 30
# nvalues = 2541                                  
# units = specified
# name 0 = timeS: Time, Elapsed [seconds]
# name 1 = latitude: Latitude [deg]
# name 2 = longitude: Longitude [deg]
# name 3 = prDM: Pressure, Digiquartz [db]
# name 4 = depSM: Depth [salt water, m]
# name 5 = t090C: Temperature [ITS-90, deg C]
# name 6 = t190C: Temperature, 2 [ITS-90, deg C]
# name 7 = c0mS/cm: Conductivity [mS/cm]
# name 8 = c1mS/cm: Conductivity, 2 [mS/cm]
# name 9 = sal00: Salinity, Practical [PSU]
# name 10 = sal11: Salinity, Practical, 2 [PSU]
# name 11 = sbeox0V: Oxygen raw, SBE 43 [V]
# name 12 = sbox0Mm/Kg: Oxygen, SBE 43 [umol/kg]
# name 13 = sbeox1V: Oxygen raw, SBE 43, 2 [V]
# name 14 = sbox1Mm/Kg: Oxygen, SBE 43, 2 [umol/kg]
# name 15 = ptempC: Pressure Temperature [deg C]
# name 16 = altM: Altimeter [m]
# name 17 = scan: Scan Count
# name 18 = pumps: Pump Status
# name 19 = flECO-AFL: Fluorescence, WET Labs ECO-AFL/FL [mg/m^3]
# name 20 = turbWETbb0: Turbidity, WET Labs ECO BB [m^-1/sr]
# name 21 = ph: pH
# name 22 = sbeox0Mm/L: Oxygen, SBE 43 [umol/l]
# name 23 = sbeox1Mm/L: Oxygen, SBE 43, 2 [umol/l]
# name 24 = sigma-é00: Density [sigma-theta, kg/m^3]
# name 25 = sigma-é11: Density, 2 [sigma-theta, kg/m^3]
# name 26 = par: PAR/Irradiance, Biospherical/Licor [umol photons/m^2/sec]
# name 27 = par1: PAR/Irradiance, Biospherical/Licor [umol photons/m^2/sec]
# name 28 = nbf: Bottles Fired
# name 29 = flag:  0.000e+00
# interval = seconds: 0.0416667
# start_time = Mar 30 2021 16:48:44 [NMEA time, first data scan]
# bad_flag = -9.990e-29
*END*
[from data line 1016]
   1769.458   48.81708  -16.44232     53.999     53.535    11.6472    11.6165  40.198357  40.172532    35.5068    35.5107     2.5983    266.029     2.4884    278.077      13.91    1481.68      42468          1     1.0172 1.9336e-04     17.186    273.225    285.602    27.0515    27.0603 3.8615e-02 2.8062e-03          9  0.000e+00
   1769.500   48.81708  -16.44232     53.852     53.389    11.6469    11.6163  40.195908  40.171795    35.5047    35.5103     2.5983    266.043     2.4884    278.081      13.89    1481.68      42469          1     1.0172 1.9336e-04     17.186    273.240    285.606    27.0499    27.0600 3.8386e-02 2.8062e-03          9  0.000e+00
   1769.542   48.81708  -16.44232     54.068     53.603    11.6452    11.6154  40.194005  40.170926    35.5044    35.5102     2.5995    266.248     2.4884    278.102      13.91    1481.68      42470          1     1.0172 1.9336e-04     17.186    273.450    285.627    27.0500    27.0601 3.8386e-02 2.8062e-03          9  0.000e+00
   1769.583   48.81708  -16.44232     53.931     53.467    11.6436    11.6148  40.192985  40.170523    35.5049    35.5104     2.5995    266.286     2.4884    278.109      13.91    1481.68      42471          1     1.0172 1.9336e-04     17.186    273.490    285.635    27.0507    27.0604 3.8615e-02 2.8062e-03          9  0.000e+00
   1769.625   48.81708  -16.44232     53.931     53.467    11.6423    11.6143  40.192033  40.170189    35.5053    35.5106     2.5983    266.158     2.4896    278.315      13.89    1481.68      42472          1     1.0172 1.9336e-04     17.186    273.358    285.846    27.0512    27.0606 3.8615e-02 2.8062e-03          9  0.000e+00
   1769.667   48.81708  -16.44232     53.911     53.448    11.6409    11.6136  40.190741  40.169854    35.5053    35.5109     2.5983    266.186     2.4884    278.156      13.91    1481.68      42473          1     1.0172 1.9336e-04     17.186    273.387    285.683    27.0515    27.0610 3.8615e-02 2.8216e-03          9  0.000e+00
   1769.708   48.81708  -16.44232     53.931     53.467    11.6397    11.6134  40.189381  40.169787    35.5052    35.5110     2.5983    266.218     2.4884    278.168      13.89    1481.32      42474          1     1.0172 1.9336e-04     17.186    273.419    285.695    27.0516    27.0611 3.8615e-02 2.8062e-03          9  0.000e+00
   1769.750   48.81708  -16.44232     53.931     53.467    11.6388    11.6130  40.187953  40.169787    35.5046    35.5114     2.5983    266.249     2.4884    278.181      13.89    1481.68      42475          1     1.0172 1.9336e-04     17.186    273.451    285.709    27.0514    27.0615 3.8845e-02 2.8062e-03          9  0.000e+00
   1769.792   48.81708  -16.44232     53.852     53.390    11.6372    11.6121  40.186185  40.169184    35.5044    35.5117     2.5983    266.265     2.4896    278.389      13.89    1481.68      42476          1     1.0172 1.9336e-04     17.186    273.468    285.923    27.0515    27.0619 3.8845e-02 2.8216e-03          9  0.000e+00
   1769.833   48.81708  -16.44232     53.931     53.467    11.6357    11.6119  40.185030  40.168783    35.5046    35.5114     2.5983    266.286     2.4884    278.235      13.91    1481.32      42477          1     1.0172 1.9336e-04     17.186    273.490    285.764    27.0520    27.0617 3.8845e-02 2.8216e-03          9  0.000e+00
   1769.875   48.81708  -16.44232     53.852     53.390    11.6344    11.6115  40.184010  40.168716    35.5050    35.5118     2.5995    266.474     2.4884    278.247      13.89    1481.32      42478          1     1.0172 1.9336e-04     17.186    273.683    285.777    27.0525    27.0621 3.8845e-02 2.8370e-03          9  0.000e+00
   1769.917   48.81708  -16.44232     53.853     53.390    11.6328    11.6113  40.183194  40.168716    35.5057    35.5120     2.5983    266.341     2.4896    278.456      13.89    1481.68      42479          1     1.0172 1.9336e-04     17.186    273.546    285.992    27.0533    27.0623 3.8845e-02 2.8216e-03          9  0.000e+00
   1769.958   48.81708  -16.44232     53.833     53.370    11.6319    11.6113  40.182242  40.168448    35.5056    35.5118     2.5995    266.531     2.4896    278.492      13.91    1481.32      42480          1     1.0172 1.9507e-04     17.186    273.742    286.029    27.0534    27.0621 3.8845e-02 2.8216e-03          9  0.000e+00
   1770.000   48.81708  -16.44232     53.853     53.390    11.6309    11.6112  40.181902  40.168582    35.5063    35.5120     2.5983    266.398     2.4896    278.506      13.89    1481.32      42481          1     1.0172 1.9336e-04     17.186    273.605    286.043    27.0541    27.0623 3.8845e-02 2.8216e-03          9  0.000e+00
   1770.042   48.81708  -16.44232     53.853     53.390    11.6301    11.6115  40.181698  40.168716    35.5068    35.5119     2.5983    266.418     2.4884    278.347      13.91    1481.68      42482          1     1.0172 1.9507e-04     17.186    273.626    285.880    27.0547    27.0622 3.9076e-02 2.8370e-03          9  0.000e+00
   1770.083   48.81708  -16.44232     53.853     53.390    11.6294    11.6115  40.181902  40.169519    35.5077    35.5127     2.5983    266.438     2.4896    278.530      13.89    1481.68      42483          1     1.0282 1.9678e-04     17.186    273.647    286.067    27.0555    27.0628 3.9076e-02 2.8525e-03          9  0.000e+00
   1770.125   48.81708  -16.44232     53.853     53.390    11.6288    11.6115  40.181427  40.169519    35.5078    35.5126     2.5983    266.461     2.4884    278.371      13.89    1481.68      42484          1     1.0282 1.9849e-04     17.186    273.670    285.905    27.0557    27.0627 3.8845e-02 2.8216e-03          9  0.000e+00
   1770.167   48.81700  -16.44234     53.853     53.390    11.6283    11.6118  40.180951  40.169921    35.5078    35.5127     2.5995    266.656     2.4884    278.360      13.89    1481.32      42485          1     1.0282 1.9678e-04     17.186    273.871    285.893    27.0558    27.0628 3.9076e-02 2.8525e-03          9  0.000e+00
   1770.208   48.81700  -16.44234     53.784     53.322    11.6278    11.6116  40.180882  40.169854    35.5083    35.5129     2.5983    266.524     2.4884    278.349      13.89    1481.68      42486          1     1.0282 1.9678e-04     17.186    273.735    285.882    27.0563    27.0629 3.9076e-02 2.8370e-03          9  0.000e+00
   1770.250   48.81700  -16.44234     53.853     53.390    11.6273    11.6115  40.180135  40.169787    35.5079    35.5129     2.5983    266.534     2.4896    278.560      13.91    1481.68      42487          1     1.0282 1.9678e-04     17.186    273.745    286.098    27.0561    27.0629 3.9076e-02 2.8370e-03          9  0.000e+00
   1770.292   48.81700  -16.44234     53.833     53.370    11.6265    11.6115  40.179115  40.169988    35.5077    35.5131     2.5995    266.715     2.4884    278.378      13.91    1481.32      42488          1     1.0282 1.9678e-04     17.186    273.931    285.912    27.0561    27.0631 3.9076e-02 2.8370e-03          9  0.000e+00
   1770.333   48.81708  -16.44232     53.784     53.322    11.6253    11.6113  40.178775  40.169854    35.5085    35.5132     2.5995    266.742     2.4884    278.368      13.89    1481.68      42489          1     1.0282 1.9678e-04     17.186    273.959    285.902    27.0570    27.0632 3.9076e-02 2.8370e-03          9  0.000e+00
   1770.375   48.81708  -16.44232     53.853     53.390    11.6250    11.6115  40.178775  40.169787    35.5088    35.5129     2.5995    266.768     2.4896    278.554      13.89    1481.32      42490          1     1.0282 1.9678e-04     17.186    273.987    286.093    27.0572    27.0629 3.9076e-02 2.8525e-03          9  0.000e+00
   1770.417   48.81708  -16.44232     53.784     53.322    11.6242    11.6115  40.179387  40.169988    35.5102    35.5131     2.5995    266.791     2.4884    278.370      13.89    1481.68      42491          1     1.0282 1.9678e-04     17.186    274.010    285.904    27.0585    27.0632 3.9076e-02 2.8370e-03          9  0.000e+00
   1770.458   48.81708  -16.44232     53.853     53.390    11.6243    11.6121  40.180611  40.170657    35.5113    35.5131     2.5995    266.814     2.4896    278.575      13.89    1481.68      42492          1     1.0282 1.9678e-04     17.186    274.034    286.114    27.0593    27.0630 3.9076e-02 2.8370e-03          9  0.000e+00
   1770.500   48.81708  -16.44232     53.853     53.390    11.6238    11.6132  40.181359  40.171327    35.5125    35.5128     2.5995    266.837     2.4884    278.388      13.89    1481.68      42493          1     1.0282 1.9678e-04     17.186    274.058    285.921    27.0603    27.0626 3.9076e-02 2.8370e-03          9  0.000e+00
   1770.542   48.81708  -16.44232     53.784     53.322    11.6248    11.6152  40.182175  40.172799    35.5123    35.5123     2.5995    266.852     2.4896    278.556      13.89    1481.32      42494          1     1.0282 1.9678e-04     17.186    274.073    286.094    27.0600    27.0618 3.9076e-02 2.8370e-03          9  0.000e+00
   1770.583   48.81708  -16.44232     53.833     53.371    11.6260    11.6165  40.182855  40.174005    35.5119    35.5122     2.5995    266.871     2.4896    278.561      13.89    1481.68      42495          1     1.0282 1.9849e-04     17.186    274.092    286.099    27.0594    27.0615 3.9076e-02 2.8370e-03          9  0.000e+00
   1770.625   48.81708  -16.44232     53.853     53.390    11.6275    11.6167  40.182787  40.174273    35.5104    35.5123     2.6007    267.061     2.4896    278.570      13.89    1481.32      42496          1     1.0282 1.9678e-04     17.186    274.287    286.109    27.0580    27.0615 3.9076e-02 2.8525e-03          9  0.000e+00
   1770.667   48.81708  -16.44232     53.853     53.390    11.6281    11.6164  40.182311  40.173469    35.5093    35.5118     2.6007    267.099     2.4884    278.389      13.89    1481.68      42497          1     1.0282 1.9849e-04     17.186    274.326    285.923    27.0571    27.0612 3.9076e-02 2.8370e-03          9  0.000e+00
   1770.708   48.81708  -16.44232     53.853     53.390    11.6278    11.6156  40.181835  40.172666    35.5091    35.5118     2.6007    267.140     2.4884    278.382      13.89    1481.68      42498          1     1.0282 1.9678e-04     17.186    274.368    285.915    27.0570    27.0614 3.9076e-02 2.8370e-03          9  0.000e+00
   1770.750   48.81708  -16.44232     53.853     53.390    11.6273    11.6156  40.180883  40.172532    35.5087    35.5117     2.6007    267.164     2.4896    278.562      13.89    1481.68      42499          1     1.0282 1.9678e-04     17.186    274.393    286.100    27.0567    27.0612 3.9076e-02 2.8525e-03          9  0.000e+00
   1770.792   48.81708  -16.44232     53.853     53.390    11.6267    11.6138  40.180067  40.171528    35.5085    35.5124     2.6007    267.187     2.4884    278.387      13.91    1481.68      42500          1     1.0282 1.9678e-04     17.186    274.416    285.921    27.0567    27.0622 3.9076e-02 2.8370e-03          9  0.000e+00
   1770.833   48.81708  -16.44232     53.853     53.390    11.6265    11.6142  40.180611  40.171661    35.5092    35.5121     2.6007    267.204     2.4884    278.371      13.89    1481.68      42501          1     1.0282 1.9678e-04     17.186    274.434    285.904    27.0573    27.0618 3.9076e-02 2.8370e-03          9  0.000e+00
   1770.875   48.81708  -16.44232     53.853     53.390    11.6281    11.6144  40.182515  40.171595    35.5095    35.5119     2.6007    267.209     2.4884    278.356      13.91    1481.32      42502          1     1.0282 1.9678e-04     17.186    274.439    285.889    27.0572    27.0616 3.9076e-02 2.8525e-03          9  0.000e+00
   1770.917   48.81708  -16.44232     53.833     53.371    11.6297    11.6136  40.184622  40.171193    35.5101    35.5123     2.6020    267.384     2.4896    278.539      13.91    1481.68      42503          1     1.0282 1.9678e-04     17.186    274.618    286.077    27.0573    27.0621 3.9076e-02 2.8370e-03          9  0.000e+00
   1770.958   48.81708  -16.44232     53.931     53.468    11.6307    11.6136  40.185642  40.170858    35.5101    35.5119     2.6020    267.411     2.4896    278.551      13.89    1481.32      42504          1     1.0282 1.9678e-04     17.186    274.646    286.089    27.0571    27.0618 3.9076e-02 2.8370e-03          9  0.000e+00
   1771.000   48.81708  -16.44232     53.931     53.468    11.6314    11.6138  40.186390  40.171796    35.5101    35.5126     2.6020    267.434     2.4896    278.555      13.91    1481.68      42505          1     1.0282 1.9849e-04     17.186    274.670    286.093    27.0570    27.0623 3.9076e-02 2.8370e-03          9  0.000e+00
   1771.042   48.81708  -16.44232     53.853     53.390    11.6325    11.6144  40.187818  40.173001    35.5106    35.5132     2.6007    267.278     2.4884    278.382      13.89    1481.32      42506          1     1.0282 1.9678e-04     17.186    274.509    285.916    27.0572    27.0627 3.9076e-02 2.8370e-03          9  0.000e+00
   1771.083   48.81708  -16.44232     53.931     53.468    11.6334    11.6152  40.189314  40.174005    35.5111    35.5134     2.6007    267.280     2.4896    278.557      13.89    1481.32      42507          1     1.0282 1.9678e-04     17.186    274.512    286.096    27.0574    27.0627 3.9076e-02 2.8370e-03          9  0.000e+00
   1771.125   48.81708  -16.44232     53.931     53.468    11.6343    11.6157  40.189926  40.175344    35.5109    35.5143     2.6007    267.298     2.4884    278.388      13.89    1481.32      42508          1     1.0502 1.9849e-04     17.186    274.530    285.922    27.0571    27.0632 3.9076e-02 2.8216e-03          9  0.000e+00
   1771.167   48.81700  -16.44234     53.931     53.468    11.6352    11.6162  40.190266  40.175679    35.5103    35.5141     2.6007    267.316     2.4896    278.563      13.89    1481.68      42509          1     1.0612 1.9678e-04     17.186    274.548    286.101    27.0565    27.0630 3.9076e-02 2.8216e-03          9  0.000e+00
   1771.208   48.81700  -16.44234     53.980     53.516    11.6357    11.6161  40.189314  40.174340    35.5089    35.5129     2.6007    267.320     2.4896    278.573      13.89    1481.32      42510          1     1.0612 1.9849e-04     17.186    274.552    286.112    27.0552    27.0621 3.8845e-02 2.8370e-03          9  0.000e+00
   1771.250   48.81700  -16.44234     53.932     53.468    11.6359    11.6157  40.189246  40.173938    35.5086    35.5129     2.6020    267.491     2.4884    278.385      13.89    1481.68      42511          1     1.0612 1.9678e-04     17.186    274.728    285.918    27.0550    27.0621 3.8845e-02 2.8370e-03          9  0.000e+00
   1771.292   48.81700  -16.44234     54.000     53.536    11.6364    11.6169  40.189586  40.174943    35.5085    35.5128     2.6020    267.508     2.4896    278.556      13.89    1481.68      42512          1     1.0612 1.9678e-04     17.186    274.745    286.094    27.0549    27.0618 3.9076e-02 2.8370e-03          9  0.000e+00
   1771.333   48.81708  -16.44232     53.932     53.468    11.6371    11.6187  40.190198  40.177152    35.5085    35.5132     2.6020    267.516     2.4884    278.351      13.89    1481.68      42513          1     1.0612 1.9678e-04     17.186    274.754    285.884    27.0547    27.0618 3.8845e-02 2.8216e-03          9  0.000e+00
   1771.375   48.81708  -16.44232     54.000     53.536    11.6373    11.6202  40.190402  40.179027    35.5084    35.5136     2.6020    267.530     2.4896    278.518      13.89    1481.68      42514          1     1.0612 1.9678e-04     17.186    274.768    286.055    27.0546    27.0619 3.8845e-02 2.8216e-03          9  0.000e+00
