Data_example/SBE_Data_Processed/DY130/SeaBird/Data/Batch/DY130_009.ros
* Sea-Bird SBE 9 Data File:
* FileName = C:\Users\sandm\Documents\Cruises\DY130\Data\Raw Data\DY130_009.hex
* Software Version Seasave V 7.26.7.121
* Temperature SN = 03P-5494
* Conductivity SN = 04C-3768
* Number of Bytes Per Scan = 45
* Number of Voltage Words = 4
* Number of Scans Averaged by the Deck Unit = 1
* NMEA Latitude = 48 56.12 N
* NMEA Longitude = 016 26.57 W
* NMEA UTC (Time) = Apr 06 2021  06:46:39
* NMEA baud rate = 9600
** Ship: RRS Discovery
** Cruise: DY130
** Cast: DY130_009
** Station: 057
** Julian Day: 096
** Date: 06/04/2021
** Time (GMT): 06:46
** Latitude: 48 56.11N
** Longitude: 16 26.57W
** Depth (uncorrected m): 4809
** Principal Scientist: Sue Hart
** Operator: BP/PH
# nquan = 27
# nvalues = 2541                                  
# units = specified
# name 0 = timeS: Time, Elapsed [seconds]
# name 1 = latitude: Latitude [deg]
# name 2 = longitude: Longitude [deg]
# name 3 = prDM: Pressure, Digiquartz [db]
# name 4 = depSM: Depth [salt water, m]
# name 5 = t090C: Temperature [ITS-90, deg C]
# name 6 = t190C: Temperature, 2 [ITS-90, deg C]
# name 7 = c0mS/cm: Conductivity [mS/cm]
# name 8 = c1mS/cm: Conductivity, 2 [mS/cm]
# name 9 = sal00: Salinity, Practical [PSU]
# name 10 = sal11: Salinity, Practical, 2 [PSU]
# name 11 = sbeox0V: Oxygen raw, SBE 43 [V]
# name 12 = sbox0Mm/Kg: Oxygen, SBE 43 [umol/kg]
# name 13 = sbeox1V: Oxygen raw, SBE 43, 2 [V]
# name 14 = sbox1Mm/Kg: Oxygen, SBE 43, 2 [umol/kg]
# name 15 = ptempC: Pressure Temperature [deg C]
# name 16 = altM: Altimeter [m]
# name 17 = scan: Scan Count
# name 18 = pumps: Pump Status
# name 19 = flECO-AFL: Fluorescence, WET Labs ECO-AFL/FL [mg/m^3]
# name 20 = turbWETbb0: Turbidity, WET Labs ECO BB [m^-1/sr]
# name 21 = sbeox0Mm/L: Oxygen, SBE 43 [umol/l]
# name 22 = sbeox1Mm/L: Oxygen, SBE 43, 2 [umol/l]
# name 23 = sigma-é00: Density [sigma-theta, kg/m^3]
# name 24 = sigma-é11: Density, 2 [sigma-theta, kg/m^3]
# name 25 = nbf: Bottles Fired
# name 26 = flag:  0.000e+00
# interval = seconds: 0.0416667
# start_time = Apr 06 2021 06:46:40 [NMEA time, first data scan]
# bad_flag = -9.990e-29
*END*
[from data line 1933]
  12043.542   48.93542  -16.44236    204.690    202.855    11.3927    11.3940  40.011308  40.016506    35.4985    35.5024     2.4628    255.573     2.3492    265.241       5.75    1481.32     289046          1    -0.0048 1.1131e-04    262.498    272.428    27.0963    27.0991         16  0.000e+00
  12043.583   48.93542  -16.44236    204.769    202.933    11.3927    11.3941  40.011580  40.016774    35.4987    35.5025     2.4628    255.575     2.3504    265.436       5.74    1481.32     289047          1    -0.0158 1.1131e-04    262.501    272.629    27.0965    27.0992         16  0.000e+00
  12043.625   48.93542  -16.44236    204.681    202.845    11.3924    11.3940  40.011851  40.016372    35.4993    35.5023     2.4628    255.555     2.3492    265.252       5.75    1481.68     289048          1    -0.0048 1.1131e-04    262.480    272.440    27.0970    27.0990         16  0.000e+00
  12552.292   48.93542  -16.44238     53.826     53.362    11.5603    11.5615  40.111560  40.116174    35.5044    35.5078     2.6142    269.109     2.4921    279.188       6.09    1481.68     301256          1     1.8634 2.8054e-04    276.393    286.745    27.0660    27.0684         17  0.000e+00
  12552.333   48.93542  -16.44238     53.728     53.265    11.5603    11.5614  40.111084  40.116240    35.5041    35.5081     2.6129    268.959     2.4921    279.211       6.09    1481.32     301257          1     1.8634 2.8054e-04    276.239    286.769    27.0657    27.0687         17  0.000e+00
  12552.375   48.93542  -16.44238     53.757     53.294    11.5603    11.5615  40.111492  40.116441    35.5044    35.5081     2.6142    269.139     2.4921    279.237       6.09    1481.32     301258          1     1.8634 2.8054e-04    276.423    286.796    27.0660    27.0687         17  0.000e+00
  12552.417   48.93542  -16.44238     53.757     53.294    11.5601    11.5615  40.111356  40.116508    35.5045    35.5082     2.6142    269.147     2.4921    279.264       6.09    1481.32     301259          1     1.8634 2.8054e-04    276.432    286.823    27.0661    27.0687         17  0.000e+00
  12552.458   48.93542  -16.44238     53.796     53.333    11.5602    11.5615  40.111289  40.116508    35.5044    35.5082     2.6142    269.173     2.4921    279.291       6.09    1481.32     301260          1     1.8634 2.8054e-04    276.458    286.851    27.0660    27.0687         17  0.000e+00
  12552.500   48.93542  -16.44238     53.825     53.362    11.5600    11.5614  40.111560  40.116107    35.5048    35.5080     2.6142    269.198     2.4921    279.297       6.09    1481.32     301261          1     1.8634 2.8054e-04    276.485    286.857    27.0664    27.0686         17  0.000e+00
  12552.542   48.93542  -16.44238     53.757     53.294    11.5601    11.5615  40.111085  40.116374    35.5043    35.5081     2.6142    269.221     2.4921    279.318       6.09    1481.32     301262          1     1.8414 2.8225e-04    276.508    286.879    27.0659    27.0686         17  0.000e+00
  12552.583   48.93542  -16.44238     53.727     53.265    11.5600    11.5615  40.110949  40.116508    35.5042    35.5082     2.6142    269.227     2.4921    279.319       6.09    1481.32     301263          1     1.8084 2.8738e-04    276.514    286.880    27.0659    27.0687         17  0.000e+00
  12552.625   48.93542  -16.44238     53.825     53.362    11.5602    11.5617  40.110949  40.116240    35.5040    35.5077     2.6142    269.235     2.4921    279.347       6.09    1481.32     301264          1     1.7974 2.8909e-04    276.522    286.908    27.0657    27.0683         17  0.000e+00
  12552.667   48.93542  -16.44238     53.757     53.294    11.5601    11.5614  40.110949  40.116240    35.5041    35.5081     2.6154    269.409     2.4921    279.347       6.09    1481.68     301265          1     1.7974 2.8909e-04    276.701    286.908    27.0658    27.0687         17  0.000e+00
  12552.708   48.93542  -16.44238     53.727     53.265    11.5600    11.5617  40.111492  40.116441    35.5048    35.5080     2.6142    269.256     2.4921    279.344       6.09    1481.68     301266          1     1.7974 2.8909e-04    276.544    286.905    27.0663    27.0685         17  0.000e+00
  12552.750   48.93542  -16.44238     53.756     53.294    11.5600    11.5615  40.111628  40.116240    35.5049    35.5079     2.6142    269.259     2.4921    279.345       6.09    1481.68     301267          1     1.7974 2.8909e-04    276.547    286.907    27.0664    27.0685         17  0.000e+00
  12552.792   48.93542  -16.44238     53.756     53.294    11.5602    11.5615  40.111085  40.116173    35.5041    35.5079     2.6154    269.433     2.4921    279.367       6.09    1481.32     301268          1     1.7974 2.8909e-04    276.725    286.929    27.0658    27.0684         17  0.000e+00
  12552.833   48.93542  -16.44238     53.795     53.332    11.5602    11.5614  40.111153  40.116240    35.5042    35.5081     2.6142    269.280     2.4921    279.391       6.09    1481.32     301269          1     1.7974 2.8909e-04    276.568    286.953    27.0659    27.0687         17  0.000e+00
  12552.875   48.93542  -16.44238     53.756     53.294    11.5600    11.5615  40.111560  40.116441    35.5048    35.5081     2.6142    269.278     2.4921    279.410       6.09    1481.32     301270          1     1.7974 2.8909e-04    276.566    286.973    27.0664    27.0687         17  0.000e+00
  12552.917   48.93542  -16.44238     53.678     53.216    11.5601    11.5615  40.111696  40.116240    35.5049    35.5080     2.6142    269.273     2.4921    279.405       6.09    1481.68     301271          1     1.7974 2.8909e-04    276.561    286.968    27.0664    27.0685         17  0.000e+00
  12552.958   48.93542  -16.44238     53.727     53.264    11.5603    11.5617  40.111356  40.116374    35.5043    35.5080     2.6142    269.272     2.4921    279.403       6.09    1481.32     301272          1     1.7974 2.8909e-04    276.560    286.966    27.0659    27.0685         17  0.000e+00
  12553.000   48.93542  -16.44238     53.678     53.216    11.5602    11.5615  40.111288  40.116106    35.5044    35.5078     2.6142    269.268     2.4921    279.399       6.09    1481.68     301273          1     1.7974 2.8909e-04    276.556    286.962    27.0660    27.0684         17  0.000e+00
  12553.042   48.93542  -16.44238     53.727     53.264    11.5602    11.5615  40.111288  40.116374    35.5044    35.5081     2.6142    269.266     2.4921    279.396       6.11    1481.68     301274          1     1.7974 2.8909e-04    276.554    286.958    27.0660    27.0686         17  0.000e+00
  12553.083   48.93542  -16.44238     53.678     53.216    11.5601    11.5615  40.111560  40.116508    35.5048    35.5082     2.6142    269.260     2.4921    279.388       6.09    1481.32     301275          1     1.7974 2.8909e-04    276.548    286.950    27.0663    27.0687         17  0.000e+00
  12553.125   48.93550  -16.44234     53.756     53.293    11.5602    11.5617  40.111424  40.116240    35.5045    35.5078     2.6142    269.257     2.4921    279.384       6.09    1481.68     301276          1     1.7974 2.8909e-04    276.545    286.946    27.0661    27.0683         17  0.000e+00
  12553.167   48.93550  -16.44234     53.648     53.186    11.5602    11.5617  40.111288  40.116240    35.5044    35.5079     2.6142    269.248     2.4921    279.373       6.09    1481.68     301277          1     1.7974 2.8909e-04    276.535    286.935    27.0660    27.0684         17  0.000e+00
  12553.208   48.93550  -16.44234     53.609     53.148    11.5601    11.5615  40.111016  40.116173    35.5043    35.5079     2.6142    269.241     2.4921    279.363       6.09    1481.32     301278          1     1.7974 2.8909e-04    276.528    286.925    27.0659    27.0685         17  0.000e+00
  12553.250   48.93550  -16.44234     53.677     53.215    11.5602    11.5615  40.111424  40.116374    35.5045    35.5081     2.6142    269.235     2.4921    279.356       6.09    1481.32     301279          1     1.7974 2.8909e-04    276.522    286.918    27.0661    27.0686         17  0.000e+00
  12553.292   48.93542  -16.44238     53.648     53.186    11.5602    11.5615  40.111628  40.116240    35.5048    35.5080     2.6154    269.397     2.4921    279.345       6.09    1481.68     301280          1     1.7974 2.8738e-04    276.688    286.906    27.0663    27.0685         17  0.000e+00
  12553.333   48.93542  -16.44238     53.609     53.147    11.5601    11.5615  40.111084  40.116574    35.5043    35.5083     2.6154    269.405     2.4921    279.332       6.09    1481.68     301281          1     1.7974 2.8909e-04    276.697    286.893    27.0660    27.0688         17  0.000e+00
  12553.375   48.93542  -16.44238     53.609     53.147    11.5600    11.5615  40.110948  40.116307    35.5043    35.5081     2.6142    269.241     2.4921    279.343       6.09    1481.68     301282          1     1.7974 2.8909e-04    276.528    286.905    27.0660    27.0686         17  0.000e+00
  12553.417   48.93542  -16.44238     53.648     53.186    11.5603    11.5615  40.110676  40.115637    35.5037    35.5074     2.6154    269.401     2.4921    279.334       6.11    1481.32     301283          1     1.7974 2.8909e-04    276.693    286.895    27.0654    27.0681         17  0.000e+00
  12553.458   48.93542  -16.44238     53.540     53.079    11.5601    11.5617  40.111084  40.115972    35.5044    35.5076     2.6154    269.402     2.4921    279.315       6.09    1481.32     301284          1     1.7974 2.8909e-04    276.694    286.876    27.0660    27.0682         17  0.000e+00
  12553.500   48.93542  -16.44238     53.609     53.147    11.5602    11.5615  40.111288  40.116574    35.5044    35.5083     2.6154    269.407     2.4921    279.303       6.09    1481.68     301285          1     1.7974 2.8909e-04    276.698    286.864    27.0660    27.0688         17  0.000e+00
  12553.542   48.93542  -16.44238     53.579     53.118    11.5602    11.5615  40.111288  40.116306    35.5045    35.5081     2.6142    269.235     2.4921    279.288       6.09    1481.32     301286          1     1.7974 2.8909e-04    276.522    286.848    27.0660    27.0686         17  0.000e+00
  12553.583   48.93542  -16.44238     53.540     53.079    11.5601    11.5614  40.111559  40.116172    35.5048    35.5082     2.6142    269.216     2.4921    279.271       6.09    1481.68     301287          1     1.7974 2.8909e-04    276.503    286.831    27.0664    27.0687         17  0.000e+00
  12553.625   48.93542  -16.44238     53.540     53.079    11.5602    11.5615  40.111423  40.116239    35.5046    35.5080     2.6142    269.198     2.4921    279.277       6.09    1481.32     301288          1     1.8194 2.7371e-04    276.485    286.837    27.0662    27.0686         17  0.000e+00
  12553.667   48.93542  -16.44238     53.510     53.050    11.5602    11.5615  40.111287  40.116440    35.5045    35.5083     2.6142    269.179     2.4921    279.259       6.09    1481.68     301289          1     1.8304 2.6174e-04    276.465    286.818    27.0661    27.0687         17  0.000e+00
  12553.708   48.93542  -16.44238     53.540     53.079    11.5603    11.5617  40.111288  40.116507    35.5043    35.5082     2.6142    269.160     2.4921    279.241       6.09    1481.32     301290          1     1.8414 2.6003e-04    276.445    286.800    27.0659    27.0686         17  0.000e+00
  12553.750   48.93542  -16.44238     53.540     53.079    11.5603    11.5617  40.111016  40.116239    35.5041    35.5079     2.6142    269.159     2.4921    279.223       6.09    1481.68     301291          1     1.8414 2.6003e-04    276.444    286.781    27.0657    27.0684         17  0.000e+00
  12553.792   48.93542  -16.44238     53.432     52.972    11.5600    11.5617  40.111219  40.116239    35.5046    35.5080     2.6142    269.155     2.4921    279.199       6.09    1481.32     301292          1     1.8414 2.6174e-04    276.440    286.757    27.0662    27.0685         17  0.000e+00
  12553.833   48.93542  -16.44238     53.461     53.001    11.5602    11.5619  40.111015  40.116440    35.5042    35.5080     2.6142    269.135     2.4921    279.202       6.09    1481.32     301293          1     1.8414 2.6174e-04    276.420    286.759    27.0658    27.0684         17  0.000e+00
  12553.875   48.93542  -16.44238     53.461     53.001    11.5602    11.5617  40.110948  40.116239    35.5042    35.5079     2.6142    269.115     2.4921    279.182       6.09    1481.32     301294          1     1.8414 2.6174e-04    276.398    286.739    27.0658    27.0685         17  0.000e+00
  12553.917   48.93542  -16.44238     53.432     52.972    11.5598    11.5615  40.110947  40.116172    35.5045    35.5080     2.6142    269.112     2.4921    279.160       6.09    1481.68     301295          1     1.8414 2.6174e-04    276.396    286.717    27.0661    27.0686         17  0.000e+00
  12553.958   48.93542  -16.44238     53.461     53.001    11.5602    11.5615  40.111151  40.116239    35.5043    35.5081     2.6142    269.108     2.4921    279.139       6.09    1481.68     301296          1     1.8414 2.6174e-04    276.392    286.694    27.0659    27.0686         17  0.000e+00
  12554.000   48.93542  -16.44238     53.393     52.933    11.5600    11.5617  40.111015  40.115904    35.5045    35.5076     2.6154    269.276     2.4921    279.136       6.09    1481.32     301297          1     1.8414 2.6174e-04    276.564    286.692    27.0661    27.0682         17  0.000e+00
  12554.042   48.93542  -16.44238     53.432     52.972    11.5600    11.5615  40.110947  40.116038    35.5044    35.5079     2.6154    269.292     2.4921    279.138       6.09    1481.68     301298          1     1.8414 2.6174e-04    276.580    286.694    27.0660    27.0685         17  0.000e+00
  12554.083   48.93542  -16.44238     53.392     52.933    11.5601    11.5615  40.110947  40.116172    35.5043    35.5080     2.6142    269.131     2.4921    279.136       6.09    1481.32     301299          1     1.8414 2.6174e-04    276.416    286.692    27.0659    27.0686         17  0.000e+00
  12554.125   48.93550  -16.44234     53.363     52.904    11.5602    11.5617  40.110132  40.116239    35.5034    35.5080     2.6142    269.108     2.4921    279.134       6.11    1481.68     301300          1     1.8414 2.6174e-04    276.392    286.690    27.0652    27.0685         17  0.000e+00
  12554.167   48.93550  -16.44234     53.324     52.865    11.5602    11.5614  40.110947  40.116707    35.5042    35.5088     2.6154    269.253     2.4921    279.134       6.09    1481.32     301301          1     1.8414 2.6174e-04    276.541    286.689    27.0659    27.0692         17  0.000e+00
  12554.208   48.93550  -16.44234     53.324     52.865    11.5601    11.5614  40.111015  40.116105    35.5044    35.5081     2.6154    269.265     2.4921    279.135       6.09    1481.68     301302          1     1.8414 2.6174e-04    276.553    286.690    27.0660    27.0687         17  0.000e+00
  12554.250   48.93550  -16.44234     53.363     52.904    11.5603    11.5617  40.111151  40.116038    35.5043    35.5078     2.6154    269.275     2.4921    279.135       6.09    1481.68     301303          1     1.8414 2.6174e-04    276.564    286.691    27.0659    27.0683         17  0.000e+00
  12554.292   48.93544  -16.44238     53.324     52.865    11.5600    11.5615  40.111015  40.116239    35.5045    35.5081     2.6154    269.285     2.4921    279.134       6.09    1481.68     301304          1     1.8414 2.6174e-04    276.574    286.689    27.0661    27.0686         17  0.000e+00
  12554.333   48.93544  -16.44238     53.323     52.865    11.5601    11.5617  40.111219  40.115904    35.5046    35.5077     2.6142    269.122     2.4921    279.134       6.09    1481.32     301305          1     1.8414 2.6174e-04    276.406    286.689    27.0662    27.0683         17  0.000e+00
