Data_example/SBE_Data_Processed/DY130/SeaBird/Data/Batch/DY130_004.ros
* Sea-Bird SBE 9 Data File:
* FileName = C:\Users\sandm\Documents\Cruises\DY130\Data\Raw Data\DY130_004.hex
* Software Version Seasave V 7.26.7.121
* Temperature SN = 03P-5494
* Conductivity SN = 04C-3768
* Number of Bytes Per Scan = 45
* Number of Voltage Words = 4
* Number of Scans Averaged by the Deck Unit = 1
* NMEA Latitude = 48 56.97 N
* NMEA Longitude = 016 26.65 W
* NMEA UTC (Time) = Apr 01 2021  07:02:32
* NMEA baud rate = 9600
** Ship: RRS Discovery
** Cruise: DY130
** Cast: DY130_004
** Station: 027
** Julian Day: 091
** Date: 01/04/21
** Time (GMT): 07:02
** Latitude: 48 56.96 N
** Longitude: 16 26.64 W
** Depth (uncorrected m): 4811
** Principal Scientist: Sue Hart
** Operator: BP/PH
# nquan = 29
# nvalues = 2541                                  
# units = specified
# name 0 = timeS: Time, Elapsed [seconds]
# name 1 = latitude: Latitude [deg]
# name 2 = longitude: Longitude [deg]
# name 3 = prDM: Pressure, Digiquartz [db]
# name 4 = depSM: Depth [salt water, m]
# name 5 = t090C: Temperature [ITS-90, deg C]
# name 6 = t190C: Temperature, 2 [ITS-90, deg C]
# name 7 = c0mS/cm: Conductivity [mS/cm]
# name 8 = c1mS/cm: Conductivity, 2 [mS/cm]
# name 9 = sal00: Salinity, Practical [PSU]
# name 10 = sal11: Salinity, Practical, 2 [PSU]
# name 11 = sbeox0V: Oxygen raw, SBE 43 [V]
# name 12 = sbox0Mm/Kg: Oxygen, SBE 43 [umol/kg]
# name 13 = sbeox1V: Oxygen raw, SBE 43, 2 [V]
# name 14 = sbox1Mm/Kg: Oxygen, SBE 43, 2 [umol/kg]
# name 15 = ptempC: Pressure Temperature [deg C]
# name 16 = altM: Altimeter [m]
# name 17 = scan: Scan Count
# name 18 = pumps: Pump Status
# name 19 = flECO-AFL: Fluorescence, WET Labs ECO-AFL/FL [mg/m^3]
# name 20 = turbWETbb0: Turbidity, WET Labs ECO BB [m^-1/sr]
# name 21 = sbeox0Mm/L: Oxygen, SBE 43 [umol/l]
# name 22 = sbeox1Mm/L: Oxygen, SBE 43, 2 [umol/l]
# name 23 = sigma-é00: Density [sigma-theta, kg/m^3]
# name 24 = sigma-é11: Density, 2 [sigma-theta, kg/m^3]
# name 25 = par: PAR/Irradiance, Biospherical/Licor [umol photons/m^2/sec]
# name 26 = par1: PAR/Irradiance, Biospherical/Licor [umol photons/m^2/sec]
# name 27 = nbf: Bottles Fired
# name 28 = flag:  0.000e+00
# interval = seconds: 0.0416667
# start_time = Apr 01 2021 07:02:33 [NMEA time, first data scan]
# bad_flag = -9.990e-29
*END*
[from data line 2451]
   2494.375   48.94944  -16.44410     12.903     12.793    11.5357    11.5368  40.060866  40.063900    35.4964    35.4984     2.6154    268.136     2.4957    278.334      10.10    1481.68      59866          1     1.4348 2.2926e-04    275.393    285.867    27.0634    27.0647 4.2993e-01 1.2875e-02         21  0.000e+00
   2494.417   48.94944  -16.44410     13.030     12.919    11.5359    11.5364  40.060595  40.064369    35.4959    35.4991     2.6142    267.965     2.4957    278.330      10.10    1481.68      59867          1     1.4458 2.2926e-04    275.217    285.863    27.0630    27.0654 4.2993e-01 1.2951e-02         21  0.000e+00
   2494.458   48.94944  -16.44410     12.971     12.861    11.5355    11.5368  40.060052  40.064369    35.4957    35.4988     2.6142    267.943     2.4957    278.317      10.09    1481.68      59868          1     1.4458 2.2926e-04    275.194    285.850    27.0629    27.0651 4.2759e-01 1.2875e-02         21  0.000e+00
   2494.500   48.94944  -16.44410     13.050     12.939    11.5357    11.5366  40.060595  40.064235    35.4960    35.4988     2.6142    267.922     2.4945    278.119      10.09    1481.68      59869          1     1.4458 2.2926e-04    275.173    285.646    27.0631    27.0651 4.2759e-01 1.2875e-02         21  0.000e+00
   2494.542   48.94944  -16.44410     12.971     12.861    11.5359    11.5366  40.060663  40.064770    35.4960    35.4994     2.6142    267.896     2.4945    278.084      10.09    1481.68      59870          1     1.4458 2.2926e-04    275.146    285.611    27.0630    27.0656 4.2759e-01 1.2951e-02         21  0.000e+00
   2494.583   48.94944  -16.44410     13.050     12.939    11.5359    11.5368  40.060527  40.064436    35.4958    35.4989     2.6142    267.877     2.4957    278.273      10.09    1481.68      59871          1     1.4458 2.2926e-04    275.127    285.805    27.0629    27.0651 4.2526e-01 1.2875e-02         21  0.000e+00
   2494.625   48.94944  -16.44410     13.050     12.939    11.5355    11.5368  40.060527  40.064704    35.4961    35.4991     2.6142    267.856     2.4957    278.266      10.10    1481.32      59872          1     1.4458 2.2926e-04    275.105    285.797    27.0632    27.0653 4.2526e-01 1.2875e-02         21  0.000e+00
   2494.667   48.94944  -16.44410     13.118     13.007    11.5361    11.5364  40.060799  40.064436    35.4959    35.4991     2.6142    267.834     2.4945    278.071      10.09    1481.68      59873          1     1.4458 2.2926e-04    275.082    285.597    27.0629    27.0654 4.2526e-01 1.2875e-02         21  0.000e+00
   2494.708   48.94944  -16.44410     13.050     12.939    11.5357    11.5368  40.060663  40.064503    35.4961    35.4989     2.6142    267.830     2.4957    278.232      10.09    1481.32      59874          1     1.4348 2.2926e-04    275.078    285.762    27.0632    27.0652 4.2526e-01 1.2875e-02         21  0.000e+00
   2494.750   48.94944  -16.44410     13.118     13.007    11.5357    11.5366  40.060595  40.064570    35.4960    35.4991     2.6154    268.000     2.4957    278.230      10.09    1481.32      59875          1     1.4458 2.2926e-04    275.253    285.760    27.0631    27.0654 4.2295e-01 1.2875e-02         21  0.000e+00
   2494.792   48.94944  -16.44410     13.118     13.007    11.5359    11.5369  40.060256  40.064369    35.4955    35.4986     2.6142    267.825     2.4957    278.246      10.09    1481.68      59876          1     1.4458 2.2926e-04    275.074    285.777    27.0627    27.0649 4.2295e-01 1.2798e-02         21  0.000e+00
   2494.833   48.94950  -16.44416     13.118     13.007    11.5357    11.5364  40.060799  40.064236    35.4962    35.4989     2.6142    267.804     2.4945    278.051      10.10    1481.32      59877          1     1.4458 2.2926e-04    275.051    285.577    27.0632    27.0652 4.2065e-01 1.2875e-02         21  0.000e+00
   2494.875   48.94950  -16.44416     13.099     12.987    11.5357    11.5366  40.060595  40.064503    35.4961    35.4990     2.6142    267.782     2.4945    278.046      10.09    1481.68      59878          1     1.4458 2.2926e-04    275.029    285.572    27.0631    27.0653 4.2295e-01 1.2875e-02         21  0.000e+00
   2494.917   48.94950  -16.44416     13.187     13.074    11.5359    11.5368  40.060528  40.064637    35.4958    35.4990     2.6142    267.763     2.4945    278.024      10.09    1481.68      59879          1     1.4458 2.2926e-04    275.010    285.549    27.0629    27.0652 4.2065e-01 1.2875e-02         21  0.000e+00
   2494.958   48.94950  -16.44416     13.187     13.074    11.5357    11.5366  40.060528  40.064303    35.4960    35.4988     2.6142    267.761     2.4957    278.195      10.09    1481.68      59880          1     1.4348 2.2926e-04    275.008    285.725    27.0631    27.0651 4.2065e-01 1.2875e-02         21  0.000e+00
   2495.000   48.94942  -16.44410     13.118     13.007    11.5357    11.5364  40.060867  40.064503    35.4963    35.4992     2.6142    267.737     2.4957    278.192      10.09    1481.32      59881          1     1.4458 2.2926e-04    274.983    285.722    27.0633    27.0655 4.1836e-01 1.2951e-02         21  0.000e+00
   2495.042   48.94942  -16.44410     13.187     13.074    11.5357    11.5366  40.060867  40.064303    35.4963    35.4988     2.6142    267.738     2.4957    278.217      10.09    1481.68      59882          1     1.4458 2.2926e-04    274.983    285.747    27.0633    27.0651 4.1836e-01 1.2875e-02         21  0.000e+00
   2495.083   48.94942  -16.44410     13.265     13.152    11.5359    11.5366  40.060664  40.064236    35.4959    35.4987     2.6142    267.720     2.4945    278.050      10.09    1481.32      59883          1     1.4348 2.2926e-04    274.965    285.576    27.0630    27.0651 4.1608e-01 1.2951e-02         21  0.000e+00
   2495.125   48.94942  -16.44410     13.187     13.074    11.5357    11.5369  40.060799  40.064303    35.4962    35.4985     2.6142    267.716     2.4957    278.241      10.09    1481.68      59884          1     1.4458 2.2926e-04    274.962    285.772    27.0633    27.0648 4.1608e-01 1.2875e-02         21  0.000e+00
   2495.167   48.94942  -16.44410     13.265     13.152    11.5357    11.5368  40.060936  40.064504    35.4963    35.4988     2.6142    267.700     2.4957    278.247      10.09    1481.68      59885          1     1.4458 2.2926e-04    274.945    285.778    27.0633    27.0651 4.1608e-01 1.2875e-02         21  0.000e+00
   2495.208   48.94942  -16.44410     13.265     13.152    11.5359    11.5366  40.060596  40.064370    35.4958    35.4989     2.6142    267.680     2.4957    278.274      10.09    1481.68      59886          1     1.4458 2.3097e-04    274.924    285.806    27.0629    27.0652 4.1608e-01 1.2875e-02         21  0.000e+00
   2495.250   48.94942  -16.44410     13.187     13.074    11.5359    11.5368  40.060528  40.064303    35.4958    35.4987     2.6142    267.677     2.4945    278.082      10.09    1481.68      59887          1     1.4568 2.3097e-04    274.921    285.608    27.0629    27.0650 4.1608e-01 1.2875e-02         21  0.000e+00
   2495.292   48.94942  -16.44410     13.265     13.152    11.5357    11.5366  40.060528  40.064972    35.4959    35.4995     2.6142    267.681     2.4957    278.259      10.09    1481.68      59888          1     1.4568 2.3097e-04    274.925    285.791    27.0630    27.0656 4.1381e-01 1.2875e-02         21  0.000e+00
   2495.333   48.94942  -16.44410     13.314     13.201    11.5354    11.5371  40.060528  40.064772    35.4962    35.4988     2.6142    267.666     2.4957    278.264      10.09    1481.32      59889          1     1.4568 2.3097e-04    274.910    285.795    27.0633    27.0650 4.1608e-01 1.2875e-02         21  0.000e+00
   2495.375   48.94942  -16.44410     13.333     13.220    11.5357    11.5368  40.060800  40.064839    35.4961    35.4991     2.6142    267.647     2.4957    278.270      10.09    1481.68      59890          1     1.4568 2.3097e-04    274.890    285.802    27.0632    27.0653 4.1381e-01 1.2875e-02         21  0.000e+00
   2495.417   48.94942  -16.44410     13.265     13.152    11.5357    11.5371  40.060664  40.064905    35.4960    35.4989     2.6142    267.646     2.4957    278.294      10.09    1481.68      59891          1     1.4568 2.3097e-04    274.889    285.826    27.0631    27.0651 4.1381e-01 1.2875e-02         21  0.000e+00
   2495.458   48.94942  -16.44410     13.265     13.152    11.5357    11.5371  40.060596  40.064437    35.4960    35.4984     2.6142    267.647     2.4957    278.324      10.09    1481.68      59892          1     1.4568 2.3097e-04    274.891    285.857    27.0631    27.0647 4.1156e-01 1.2951e-02         21  0.000e+00
   2495.500   48.94942  -16.44410     13.333     13.220    11.5355    11.5369  40.060528  40.064705    35.4960    35.4989     2.6129    267.463     2.4957    278.333      10.10    1481.68      59893          1     1.4568 2.3097e-04    274.701    285.866    27.0631    27.0651 4.1381e-01 1.2875e-02         21  0.000e+00
   2495.542   48.94942  -16.44410     13.480     13.365    11.5356    11.5369  40.060869  40.065174    35.4962    35.4993     2.6142    267.605     2.4957    278.344      10.10    1481.68      59894          1     1.4568 2.3097e-04    274.847    285.878    27.0633    27.0654 4.1381e-01 1.2951e-02         21  0.000e+00
   2495.583   48.94942  -16.44410     13.333     13.220    11.5359    11.5369  40.060868  40.064772    35.4960    35.4989     2.6142    267.602     2.4957    278.370      10.09    1481.32      59895          1     1.4568 2.3097e-04    274.844    285.904    27.0631    27.0651 4.1381e-01 1.2951e-02         21  0.000e+00
   2495.625   48.94942  -16.44410     13.187     13.074    11.5357    11.5371  40.060392  40.064838    35.4958    35.4989     2.6129    267.431     2.4957    278.371      10.09    1481.68      59896          1     1.4568 2.3097e-04    274.669    285.905    27.0629    27.0651 4.1381e-01 1.2951e-02         21  0.000e+00
   2495.667   48.94942  -16.44410     13.480     13.365    11.5357    11.5371  40.060665  40.064705    35.4960    35.4986     2.6129    267.428     2.4957    278.389      10.09    1481.68      59897          1     1.4568 2.3097e-04    274.666    285.924    27.0631    27.0649 4.1381e-01 1.2951e-02         21  0.000e+00
   2495.708   48.94942  -16.44410     13.333     13.220    11.5357    11.5369  40.060936  40.064571    35.4962    35.4987     2.6142    267.582     2.4957    278.392      10.10    1481.68      59898          1     1.4568 2.3097e-04    274.824    285.927    27.0633    27.0650 4.1381e-01 1.3028e-02         21  0.000e+00
   2495.750   48.94942  -16.44410     13.402     13.288    11.5360    11.5369  40.060868  40.064839    35.4959    35.4990     2.6142    267.610     2.4957    278.402      10.10    1481.32      59899          1     1.4568 2.3097e-04    274.852    285.937    27.0629    27.0652 4.1381e-01 1.3028e-02         21  0.000e+00
   2495.792   48.94942  -16.44410     13.382     13.268    11.5360    11.5369  40.060664  40.064705    35.4957    35.4988     2.6142    267.637     2.4957    278.409      10.09    1481.68      59900          1     1.4568 2.3097e-04    274.880    285.944    27.0628    27.0651 4.1381e-01 1.2951e-02         21  0.000e+00
   2495.833   48.94950  -16.44416     13.402     13.288    11.5357    11.5369  40.061004  40.064839    35.4963    35.4990     2.6142    267.648     2.4957    278.417      10.09    1481.32      59901          1     1.4568 2.3097e-04    274.892    285.952    27.0633    27.0652 4.1381e-01 1.2951e-02         21  0.000e+00
   2495.875   48.94950  -16.44416     13.402     13.288    11.5359    11.5371  40.060732  40.064705    35.4958    35.4986     2.6142    267.640     2.4957    278.423      10.09    1481.68      59902          1     1.4568 2.3097e-04    274.884    285.959    27.0629    27.0649 4.1381e-01 1.2951e-02         21  0.000e+00
   2495.917   48.94950  -16.44416     13.333     13.220    11.5360    11.5368  40.060800  40.064571    35.4958    35.4989     2.6142    267.630     2.4957    278.430      10.09    1481.68      59903          1     1.4568 2.3097e-04    274.873    285.966    27.0629    27.0651 4.1381e-01 1.2951e-02         21  0.000e+00
   2495.958   48.94950  -16.44416     13.402     13.288    11.5359    11.5369  40.060664  40.064839    35.4958    35.4990     2.6142    267.644     2.4957    278.439      10.09    1481.68      59904          1     1.4568 2.3097e-04    274.888    285.975    27.0629    27.0652 4.1381e-01 1.3028e-02         21  0.000e+00
   2496.000   48.94942  -16.44410     13.480     13.365    11.5359    11.5371  40.061004  40.064973    35.4961    35.4989     2.6142    267.658     2.4957    278.448      10.09    1481.32      59905          1     1.4568 2.3097e-04    274.902    285.984    27.0631    27.0651 4.1608e-01 1.2951e-02         21  0.000e+00
   2496.042   48.94942  -16.44410     13.402     13.288    11.5361    11.5371  40.061004  40.064638    35.4960    35.4986     2.6142    267.667     2.4957    278.453      10.09    1481.32      59906          1     1.4568 2.3097e-04    274.911    285.990    27.0630    27.0648 4.1608e-01 1.2951e-02         21  0.000e+00
   2496.083   48.94942  -16.44410     13.402     13.288    11.5359    11.5372  40.061140  40.064839    35.4963    35.4986     2.6142    267.681     2.4957    278.460      10.09    1481.32      59907          1     1.4568 2.3097e-04    274.925    285.996    27.0633    27.0649 4.1608e-01 1.2951e-02         21  0.000e+00
   2496.125   48.94942  -16.44410     13.402     13.288    11.5360    11.5371  40.060732  40.064973    35.4957    35.4989     2.6142    267.695     2.4957    278.468      10.09    1481.68      59908          1     1.4568 2.3097e-04    274.940    286.004    27.0628    27.0651 4.1608e-01 1.2951e-02         21  0.000e+00
   2496.167   48.94942  -16.44410     13.480     13.365    11.5357    11.5371  40.060869  40.065174    35.4962    35.4991     2.6142    267.714     2.4957    278.477      10.09    1481.68      59909          1     1.4568 2.3097e-04    274.959    286.015    27.0632    27.0652 4.1608e-01 1.2875e-02         21  0.000e+00
   2496.208   48.94942  -16.44410     13.402     13.288    11.5361    11.5369  40.060868  40.065240    35.4958    35.4994     2.6142    267.725     2.4957    278.483      10.09    1481.68      59910          1     1.4458 2.3097e-04    274.970    286.020    27.0629    27.0655 4.1381e-01 1.2951e-02         21  0.000e+00
   2496.250   48.94942  -16.44410     13.460     13.346    11.5359    11.5371  40.060665  40.064705    35.4958    35.4986     2.6142    267.744     2.4957    278.493      10.09    1481.68      59911          1     1.4458 2.2926e-04    274.990    286.030    27.0629    27.0649 4.1608e-01 1.2875e-02         21  0.000e+00
   2496.292   48.94942  -16.44410     13.480     13.365    11.5359    11.5372  40.060801  40.065107    35.4959    35.4989     2.6142    267.762     2.4957    278.499      10.09    1481.68      59912          1     1.4238 2.2413e-04    275.008    286.037    27.0630    27.0650 4.1608e-01 1.2875e-02         21  0.000e+00
   2496.333   48.94942  -16.44410     13.402     13.288    11.5360    11.5372  40.060664  40.064772    35.4957    35.4986     2.6142    267.776     2.4957    278.505      10.09    1481.68      59913          1     1.4018 2.2242e-04    275.023    286.042    27.0628    27.0648 4.1608e-01 1.2798e-02         21  0.000e+00
   2496.375   48.94942  -16.44410     13.480     13.365    11.5357    11.5369  40.061004  40.064839    35.4962    35.4989     2.6142    267.798     2.4957    278.516      10.09    1481.32      59914          1     1.4128 2.2242e-04    275.046    286.054    27.0633    27.0651 4.1381e-01 1.2875e-02         21  0.000e+00
