Data_example/SBE_Data_Processed/DY130/SeaBird/Data/Batch/DY130_009.ros
* Sea-Bird SBE 9 Data File:
* FileName = C:\Users\sandm\Documents\Cruises\DY130\Data\Raw Data\DY130_009.hex
* Software Version Seasave V 7.26.7.121
* Temperature SN = 03P-5494
* Conductivity SN = 04C-3768
* Number of Bytes Per Scan = 45
* Number of Voltage Words = 4
* Number of Scans Averaged by the Deck Unit = 1
* NMEA Latitude = 48 56.12 N
* NMEA Longitude = 016 26.57 W
* NMEA UTC (Time) = Apr 06 2021  06:46:39
* NMEA baud rate = 9600
** Ship: RRS Discovery
** Cruise: DY130
** Cast: DY130_009
** Station: 057
** Julian Day: 096
** Date: 06/04/2021
** Time (GMT): 06:46
** Latitude: 48 56.11N
** Longitude: 16 26.57W
** Depth (uncorrected m): 4809
** Principal Scientist: Sue Hart
** Operator: BP/PH
# nquan = 27
# nvalues = 2541                                  
# units = specified
# name 0 = timeS: Time, Elapsed [seconds]
# name 1 = latitude: Latitude [deg]
# name 2 = longitude: Longitude [deg]
# name 3 = prDM: Pressure, Digiquartz [db]
# name 4 = depSM: Depth [salt water, m]
# name 5 = t090C: Temperature [ITS-90, deg C]
# name 6 = t190C: Temperature, 2 [ITS-90, deg C]
# name 7 = c0mS/cm: Conductivity [mS/cm]
# name 8 = c1mS/cm: Conductivity, 2 [mS/cm]
# name 9 = sal00: Salinity, Practical [PSU]
# name 10 = sal11: Salinity, Practical, 2 [PSU]
# name 11 = sbeox0V: Oxygen raw, SBE 43 [V]
# name 12 = sbox0Mm/Kg: Oxygen, SBE 43 [umol/kg]
# name 13 = sbeox1V: Oxygen raw, SBE 43, 2 [V]
# name 14 = sbox1Mm/Kg: Oxygen, SBE 43, 2 [umol/kg]
# name 15 = ptempC: Pressure Temperature [deg C]
# name 16 = altM: Altimeter [m]
# name 17 = scan: Scan Count
# name 18 = pumps: Pump Status
# name 19 = flECO-AFL: Fluorescence, WET Labs ECO-AFL/FL [mg/m^3]
# name 20 = turbWETbb0: Turbidity, WET Labs ECO BB [m^-1/sr]
# name 21 = sbeox0Mm/L: Oxygen, SBE 43 [umol/l]
# name 22 = sbeox1Mm/L: Oxygen, SBE 43, 2 [umol/l]
# name 23 = sigma-é00: Density [sigma-theta, kg/m^3]
# name 24 = sigma-é11: Density, 2 [sigma-theta, kg/m^3]
# name 25 = nbf: Bottles Fired
# name 26 = flag:  0.000e+00
# interval = seconds: 0.0416667
# start_time = Apr 06 2021 06:46:40 [NMEA time, first data scan]
# bad_flag = -9.990e-29
*END*
[from data line 54]
   5400.667   48.93546  -16.44240   4851.921   4756.752     2.5453     2.5473  33.074965  33.078003    34.8969    34.8985     1.2540    229.460     1.2259    240.865       8.02    1481.32     129617          1    -0.0377 1.1986e-04    235.858    247.581    27.8816    27.8827          1  0.000e+00
   5400.708   48.93546  -16.44240   4852.004   4756.832     2.5453     2.5476  33.074588  33.077755    34.8964    34.8978     1.2540    229.430     1.2259    240.867       8.02    1481.32     129618          1    -0.0377 1.1986e-04    235.827    247.583    27.8813    27.8821          1  0.000e+00
   5400.750   48.93546  -16.44240   4851.921   4756.752     2.5452     2.5475  33.075028  33.077879    34.8971    34.8980     1.2540    229.562     1.2259    240.864       8.03    1481.32     129619          1    -0.0267 1.1986e-04    235.962    247.580    27.8818    27.8823          1  0.000e+00
   5400.792   48.93546  -16.44240   4852.004   4756.833     2.5455     2.5474  33.074777  33.078189    34.8964    34.8985     1.2540    229.536     1.2259    240.867       8.03    1481.32     129620          1    -0.0267 1.1986e-04    235.936    247.583    27.8812    27.8827          1  0.000e+00
   5400.833   48.93546  -16.44240   4852.004   4756.833     2.5453     2.5474  33.074651  33.078065    34.8965    34.8983     1.2540    229.511     1.2259    240.867       8.02    1481.32     129621          1    -0.0267 1.1986e-04    235.910    247.583    27.8813    27.8826          1  0.000e+00
   5400.875   48.93550  -16.44234   4851.921   4756.752     2.5453     2.5478  33.074650  33.077755    34.8965    34.8977     1.2540    229.481     1.2259    240.863       8.02    1480.95     129622          1    -0.0267 1.1986e-04    235.879    247.579    27.8813    27.8820          1  0.000e+00
   5400.917   48.93550  -16.44234   4852.004   4756.833     2.5453     2.5476  33.074840  33.078127    34.8967    34.8982     1.2540    229.456     1.2259    240.866       8.02    1481.32     129623          1    -0.0267 1.1986e-04    235.854    247.582    27.8814    27.8825          1  0.000e+00
   5400.958   48.93550  -16.44234   4852.088   4756.913     2.5455     2.5476  33.074966  33.078065    34.8966    34.8981     1.2540    229.430     1.2259    240.869       8.02    1481.32     129624          1    -0.0267 1.1986e-04    235.827    247.585    27.8814    27.8824          1  0.000e+00
   5401.000   48.93550  -16.44234   4852.077   4756.903     2.5453     2.5476  33.074966  33.078189    34.8969    34.8983     1.2540    229.573     1.2259    240.868       8.02    1481.32     129625          1    -0.0267 1.1986e-04    235.974    247.584    27.8816    27.8825          1  0.000e+00
   5401.042   48.93546  -16.44240   4852.005   4756.833     2.5453     2.5478  33.074714  33.077817    34.8965    34.8977     1.2540    229.550     1.2271    241.478       8.02    1480.95     129626          1    -0.0267 1.1986e-04    235.951    248.211    27.8813    27.8821          1  0.000e+00
   5401.083   48.93546  -16.44240   4852.077   4756.904     2.5453     2.5474  33.074651  33.078127    34.8964    34.8984     1.2540    229.533     1.2259    241.066       8.03    1481.32     129627          1    -0.0267 1.1986e-04    235.932    247.788    27.8812    27.8826          1  0.000e+00
   5401.125   48.93546  -16.44240   4852.078   4756.904     2.5453     2.5476  33.074840  33.077941    34.8967    34.8980     1.2540    229.512     1.2259    241.057       8.02    1480.95     129628          1    -0.0267 1.1986e-04    235.911    247.778    27.8814    27.8823          1  0.000e+00
   5401.167   48.93546  -16.44240   4852.161   4756.984     2.5453     2.5474  33.074714  33.077941    34.8965    34.8981     1.2540    229.495     1.2259    241.052       8.02    1480.95     129629          1    -0.0267 1.1986e-04    235.894    247.773    27.8813    27.8824          1  0.000e+00
   5401.208   48.93546  -16.44240   4852.078   4756.904     2.5452     2.5475  33.074651  33.078003    34.8966    34.8981     1.2540    229.473     1.2259    241.040       8.02    1480.95     129630          1    -0.0267 1.1986e-04    235.871    247.761    27.8814    27.8824          1  0.000e+00
   5401.250   48.93546  -16.44240   4852.161   4756.985     2.5452     2.5478  33.074840  33.078003    34.8968    34.8979     1.2540    229.455     1.2259    241.033       8.02    1481.32     129631          1    -0.0267 1.1986e-04    235.852    247.753    27.8815    27.8822          1  0.000e+00
   5401.292   48.93546  -16.44240   4852.078   4756.904     2.5456     2.5476  33.074966  33.078189    34.8966    34.8983     1.2540    229.430     1.2259    241.022       8.02    1480.95     129632          1    -0.0267 1.1986e-04    235.827    247.743    27.8813    27.8825          1  0.000e+00
   5401.333   48.93546  -16.44240   4852.161   4756.985     2.5450     2.5476  33.074966  33.078314    34.8971    34.8984     1.2540    229.415     1.2259    241.016       8.03    1481.32     129633          1    -0.0267 1.1986e-04    235.812    247.736    27.8818    27.8826          1  0.000e+00
   5401.375   48.93546  -16.44240   4852.161   4756.985     2.5455     2.5474  33.074966  33.078066    34.8966    34.8983     1.2552    229.917     1.2259    241.009       8.02    1480.95     129634          1    -0.0267 1.1986e-04    236.328    247.729    27.8814    27.8825          1  0.000e+00
   5401.417   48.93546  -16.44240   4852.171   4756.995     2.5452     2.5476  33.074966  33.078004    34.8969    34.8980     1.2552    230.054     1.2259    241.000       8.03    1481.32     129635          1    -0.0267 1.1986e-04    236.468    247.720    27.8817    27.8823          1  0.000e+00
   5401.458   48.93546  -16.44240   4852.161   4756.985     2.5455     2.5474  33.074777  33.078190    34.8964    34.8984     1.2540    229.656     1.2259    240.992       8.02    1480.95     129636          1    -0.0267 1.1986e-04    236.059    247.711    27.8812    27.8827          1  0.000e+00
   5401.500   48.93546  -16.44240   4852.161   4756.985     2.5453     2.5476  33.075092  33.078066    34.8969    34.8981     1.2540    229.622     1.2259    240.982       8.02    1480.95     129637          1    -0.0267 1.1986e-04    236.024    247.702    27.8816    27.8824          1  0.000e+00
   5401.542   48.93546  -16.44240   4852.244   4757.066     2.5452     2.5476  33.074778  33.078190    34.8967    34.8982     1.2540    229.592     1.2259    240.976       8.02    1480.95     129638          1    -0.0267 1.1986e-04    235.994    247.695    27.8815    27.8825          1  0.000e+00
   5401.583   48.93546  -16.44240   4852.161   4756.985     2.5455     2.5478  33.074651  33.078066    34.8963    34.8979     1.2540    229.555     1.2259    240.964       8.02    1481.32     129639          1    -0.0267 1.1986e-04    235.955    247.683    27.8811    27.8822          1  0.000e+00
   5401.625   48.93546  -16.44240   4852.161   4756.985     2.5453     2.5476  33.074840  33.078190    34.8966    34.8982     1.2552    230.046     1.2259    240.956       8.02    1480.95     129640          1    -0.0267 1.1986e-04    236.460    247.675    27.8814    27.8825          1  0.000e+00
   5401.667   48.93546  -16.44240   4852.245   4757.066     2.5455     2.5475  33.074966  33.077818    34.8966    34.8978     1.2540    229.644     1.2259    240.952       8.02    1481.32     129641          1    -0.0267 1.1986e-04    236.047    247.670    27.8813    27.8822          1  0.000e+00
   5401.708   48.93546  -16.44240   4852.162   4756.985     2.5452     2.5476  33.074966  33.077879    34.8969    34.8979     1.2540    229.603     1.2259    240.940       8.02    1481.32     129642          1    -0.0267 1.1986e-04    236.004    247.658    27.8817    27.8822          1  0.000e+00
   5401.750   48.93546  -16.44240   4852.245   4757.066     2.5453     2.5476  33.074714  33.078252    34.8965    34.8983     1.2540    229.733     1.2259    240.933       8.02    1480.95     129643          1    -0.0267 1.1986e-04    236.138    247.651    27.8813    27.8825          1  0.000e+00
   5401.792   48.93546  -16.44240   4852.245   4757.066     2.5452     2.5474  33.074841  33.078066    34.8968    34.8982     1.2540    229.700     1.2259    240.926       8.02    1481.32     129644          1    -0.0267 1.1986e-04    236.104    247.644    27.8815    27.8825          1  0.000e+00
   5401.833   48.93546  -16.44240   4852.245   4757.066     2.5453     2.5478  33.074714  33.077756    34.8964    34.8975     1.2540    229.666     1.2259    240.916       8.02    1481.32     129645          1    -0.0267 1.1815e-04    236.069    247.634    27.8812    27.8819          1  0.000e+00
   5401.875   48.93550  -16.44234   4852.245   4757.066     2.5453     2.5476  33.074651  33.078128    34.8964    34.8981     1.2540    229.632     1.2259    240.908       8.02    1481.32     129646          1    -0.0267 1.1815e-04    236.035    247.625    27.8812    27.8824          1  0.000e+00
   5401.917   48.93550  -16.44234   4852.245   4757.066     2.5453     2.5476  33.075030  33.078066    34.8968    34.8981     1.2540    229.598     1.2259    240.899       8.02    1481.32     129647          1    -0.0267 1.1815e-04    235.999    247.616    27.8815    27.8824          1  0.000e+00
   5401.958   48.93550  -16.44234   4852.162   4756.986     2.5453     2.5474  33.075029  33.078004    34.8969    34.8982     1.2540    229.561     1.2259    240.889       8.02    1481.32     129648          1    -0.0267 1.1815e-04    235.962    247.606    27.8816    27.8825          1  0.000e+00
   5402.000   48.93550  -16.44234   4852.328   4757.147     2.5452     2.5478  33.074967  33.078190    34.8969    34.8980     1.2540    229.534     1.2259    240.884       8.02    1481.32     129649          1    -0.0267 1.1815e-04    235.934    247.600    27.8816    27.8823          1  0.000e+00
   5402.042   48.93546  -16.44240   4852.245   4757.066     2.5453     2.5474  33.074967  33.078314    34.8968    34.8985     1.2540    229.497     1.2259    240.874       8.02    1481.32     129650          1    -0.0267 1.1815e-04    235.896    247.590    27.8815    27.8828          1  0.000e+00
   5402.083   48.93546  -16.44240   4852.245   4757.066     2.5453     2.5476  33.074714  33.078066    34.8964    34.8981     1.2540    229.632     1.2259    240.865       8.02    1481.32     129651          1    -0.0267 1.1815e-04    236.034    247.581    27.8812    27.8824          1  0.000e+00
   5402.125   48.93546  -16.44240   4852.245   4757.066     2.5453     2.5475  33.074840  33.078190    34.8966    34.8983     1.2540    229.605     1.2259    240.857       8.02    1481.32     129652          1    -0.0267 1.1815e-04    236.006    247.572    27.8814    27.8825          1  0.000e+00
   5402.167   48.93546  -16.44240   4852.245   4757.067     2.5452     2.5476  33.075156  33.078314    34.8971    34.8984     1.2540    229.578     1.2259    240.848       8.02    1481.32     129653          1    -0.0267 1.1815e-04    235.979    247.563    27.8818    27.8826          1  0.000e+00
   5402.208   48.93546  -16.44240   4852.246   4757.067     2.5455     2.5476  33.074840  33.078314    34.8965    34.8984     1.2552    230.075     1.2259    240.839       8.03    1481.32     129654          1    -0.0267 1.1815e-04    236.490    247.554    27.8813    27.8826          1  0.000e+00
   5402.250   48.93546  -16.44240   4852.246   4757.067     2.5452     2.5478  33.074904  33.078066    34.8968    34.8979     1.2540    229.680     1.2259    240.830       8.02    1481.32     129655          1    -0.0267 1.1815e-04    236.083    247.545    27.8816    27.8822          1  0.000e+00
   5402.292   48.93546  -16.44240   4852.246   4757.067     2.5455     2.5478  33.074714  33.078190    34.8963    34.8980     1.2540    229.645     1.2259    240.821       8.02    1480.95     129656          1    -0.0267 1.1815e-04    236.047    247.536    27.8811    27.8823          1  0.000e+00
   5402.333   48.93546  -16.44240   4852.246   4757.067     2.5453     2.5474  33.074651  33.077818    34.8964    34.8979     1.2540    229.780     1.2259    240.815       8.02    1481.32     129657          1    -0.0267 1.1815e-04    236.187    247.530    27.8812    27.8823          1  0.000e+00
   5402.375   48.93546  -16.44240   4852.246   4757.067     2.5453     2.5476  33.075030  33.077756    34.8968    34.8977     1.2540    229.752     1.2259    240.806       8.03    1481.32     129658          1    -0.0267 1.1815e-04    236.158    247.520    27.8815    27.8821          1  0.000e+00
   5402.417   48.93546  -16.44240   4852.246   4757.067     2.5453     2.5476  33.075030  33.077942    34.8968    34.8979     1.2540    229.726     1.2259    240.797       8.02    1481.32     129659          1    -0.0267 1.1815e-04    236.131    247.511    27.8815    27.8823          1  0.000e+00
   5402.458   48.93546  -16.44240   4852.246   4757.067     2.5453     2.5474  33.074967  33.078190    34.8967    34.8984     1.2540    229.699     1.2259    240.789       8.00    1481.32     129660          1    -0.0267 1.1815e-04    236.103    247.503    27.8815    27.8826          1  0.000e+00
   5402.500   48.93546  -16.44240   4852.246   4757.067     2.5455     2.5476  33.074966  33.077818    34.8966    34.8978     1.2540    229.671     1.2259    240.780       8.02    1481.32     129661          1    -0.0267 1.1815e-04    236.075    247.494    27.8814    27.8821          1  0.000e+00
   5402.542   48.93546  -16.44240   4852.246   4757.067     2.5450     2.5476  33.074715  33.077880    34.8968    34.8978     1.2540    229.647     1.2259    240.772       8.02    1481.32     129662          1    -0.0267 1.1815e-04    236.050    247.485    27.8816    27.8822          1  0.000e+00
   5402.583   48.93546  -16.44240   4852.246   4757.067     2.5455     2.5475  33.075029  33.078190    34.8966    34.8983     1.2540    229.617     1.2259    240.763       8.02    1481.32     129663          1    -0.0267 1.1815e-04    236.019    247.476    27.8814    27.8825          1  0.000e+00
   5402.625   48.93546  -16.44240   4852.246   4757.067     2.5455     2.5478  33.074777  33.078066    34.8964    34.8979     1.2540    229.591     1.2259    240.753       8.02    1481.32     129664          1    -0.0267 1.1815e-04    235.992    247.466    27.8812    27.8822          1  0.000e+00
   5402.667   48.93546  -16.44240   4852.163   4756.987     2.5453     2.5476  33.074651  33.078190    34.8964    34.8982     1.2540    229.562     1.2259    240.742       8.02    1480.95     129665          1    -0.0267 1.1815e-04    235.963    247.455    27.8812    27.8825          1  0.000e+00
   5402.708   48.93546  -16.44240   4852.246   4757.067     2.5453     2.5474  33.074651  33.078314    34.8964    34.8985     1.2540    229.538     1.2259    240.737       8.02    1481.32     129666          1    -0.0267 1.1815e-04    235.938    247.450    27.8812    27.8828          1  0.000e+00
   5402.750   48.93546  -16.44240   4852.246   4757.067     2.5453     2.5478  33.074840  33.077818    34.8966    34.8976     1.2552    230.035     1.2259    240.728       8.03    1481.32     129667          1    -0.0267 1.1815e-04    236.449    247.440    27.8814    27.8820          1  0.000e+00
   5402.792   48.93546  -16.44240   4852.174   4756.997     2.5455     2.5474  33.074966  33.077880    34.8967    34.8980     1.2552    230.160     1.2259    240.719       8.03    1481.32     129668          1    -0.0267 1.1815e-04    236.578    247.431    27.8814    27.8824          1  0.000e+00
   5402.833   48.93546  -16.44240   4852.246   4757.067     2.5453     2.5476  33.075156  33.078190    34.8970    34.8982     1.2540    229.759     1.2259    240.711       8.02    1480.95     129669          1    -0.0267 1.1815e-04    236.165    247.423    27.8817    27.8825          1  0.000e+00
