Data_example/SBE_Data_Processed/DY130/SeaBird/Data/Batch/DY130_005.ros
* Sea-Bird SBE 9 Data File:
* FileName = C:\Users\sandm\Documents\Cruises\DY130\Data\Raw Data\DY130_005.hex
* Software Version Seasave V 7.26.7.121
* Temperature SN = 03P-5494
* Conductivity SN = 04C-3768
* Number of Bytes Per Scan = 45
* Number of Voltage Words = 4
* Number of Scans Averaged by the Deck Unit = 1
* NMEA Latitude = 48 56.39 N
* NMEA Longitude = 016 27.89 W
* NMEA UTC (Time) = Apr 02 2021  07:00:27
* NMEA baud rate = 9600
** Ship: RRS Discovery
** Cruise: DY130
** Cast: DY130_005
** Station: 032
** Julian Day: 092
** Date: 02/04/21
** Time (GMT):
** Latitude: 48 56.38 N
** Longitude: 16 27.88 W
** Depth (uncorrected m): 4811
** Principal Scientist: Sue Hart
** Operator: BP/PH
# nquan = 27
# nvalues = 2541                                  
# units = specified
# name 0 = timeS: Time, Elapsed [seconds]
# name 1 = latitude: Latitude [deg]
# name 2 = longitude: Longitude [deg]
# name 3 = prDM: Pressure, Digiquartz [db]
# name 4 = depSM: Depth [salt water, m]
# name 5 = t090C: Temperature [ITS-90, deg C]
# name 6 = t190C: Temperature, 2 [ITS-90, deg C]
# name 7 = c0mS/cm: Conductivity [mS/cm]
# name 8 = c1mS/cm: Conductivity, 2 [mS/cm]
# name 9 = sal00: Salinity, Practical [PSU]
# name 10 = sal11: Salinity, Practical, 2 [PSU]
# name 11 = sbeox0V: Oxygen raw, SBE 43 [V]
# name 12 = sbox0Mm/Kg: Oxygen, SBE 43 [umol/kg]
# name 13 = sbeox1V: Oxygen raw, SBE 43, 2 [V]
# name 14 = sbox1Mm/Kg: Oxygen, SBE 43, 2 [umol/kg]
# name 15 = ptempC: Pressure Temperature [deg C]
# name 16 = altM: Altimeter [m]
# name 17 = scan: Scan Count
# name 18 = pumps: Pump Status
# name 19 = flECO-AFL: Fluorescence, WET Labs ECO-AFL/FL [mg/m^3]
# name 20 = turbWETbb0: Turbidity, WET Labs ECO BB [m^-1/sr]
# name 21 = sbeox0Mm/L: Oxygen, SBE 43 [umol/l]
# name 22 = sbeox1Mm/L: Oxygen, SBE 43, 2 [umol/l]
# name 23 = sigma-é00: Density [sigma-theta, kg/m^3]
# name 24 = sigma-é11: Density, 2 [sigma-theta, kg/m^3]
# name 25 = nbf: Bottles Fired
# name 26 = flag:  0.000e+00
# interval = seconds: 0.0416667
# start_time = Apr 02 2021 07:00:27 [NMEA time, first data scan]
# bad_flag = -9.990e-29
*END*
[from data line 2202]
   7652.042   48.93972  -16.46530     33.316     33.031    11.5682    11.5692  40.103735  40.108130    35.4984    35.5018     2.6178    268.702     2.5018    279.591      10.87    1481.68     183650          1     2.1491 2.6516e-04    275.973    287.157    27.0593    27.0618         19  0.000e+00
   7652.083   48.93972  -16.46530     33.277     32.993    11.5683    11.5687  40.103871  40.108398    35.4984    35.5025     2.6178    268.677     2.5006    279.456      10.87    1481.68     183651          1     2.1491 2.6516e-04    275.947    287.019    27.0593    27.0624         19  0.000e+00
   7652.125   48.93972  -16.46530     33.385     33.099    11.5680    11.5691  40.103871  40.107930    35.4987    35.5017     2.6178    268.659     2.4994    279.279      10.87    1481.32     183652          1     2.1491 2.6516e-04    275.929    286.837    27.0596    27.0617         19  0.000e+00
   7652.167   48.93972  -16.46530     33.277     32.992    11.5682    11.5691  40.103871  40.107595    35.4986    35.5014     2.6190    268.803     2.4994    279.267      10.88    1481.68     183653          1     2.0172 2.7371e-04    276.076    286.825    27.0595    27.0615         19  0.000e+00
   7652.208   48.93972  -16.46530     33.346     33.060    11.5682    11.5689  40.103124  40.107930    35.4978    35.5019     2.6178    268.648     2.4994    279.263      10.87    1481.32     183654          1     1.8963 2.8396e-04    275.917    286.820    27.0589    27.0619         19  0.000e+00
   7652.250   48.93972  -16.46530     33.385     33.099    11.5682    11.5691  40.103599  40.108131    35.4982    35.5019     2.6178    268.644     2.5018    279.643      10.87    1481.32     183655          1     1.8744 2.8567e-04    275.913    287.211    27.0592    27.0619         19  0.000e+00
   7652.292   48.93972  -16.46530     33.346     33.060    11.5683    11.5689  40.103599  40.108130    35.4981    35.5021     2.6178    268.638     2.5006    279.510      10.87    1481.68     183656          1     1.8744 2.8396e-04    275.907    287.074    27.0591    27.0621         19  0.000e+00
   7652.333   48.93972  -16.46530     33.453     33.167    11.5680    11.5691  40.103464  40.107930    35.4983    35.5016     2.6178    268.622     2.4994    279.336      10.87    1481.68     183657          1     1.8853 2.8396e-04    275.891    286.895    27.0593    27.0617         19  0.000e+00
   7652.375   48.93966  -16.46534     33.346     33.060    11.5680    11.5691  40.103463  40.107796    35.4983    35.5016     2.6178    268.615     2.4994    279.327      10.87    1481.32     183658          1     1.8853 2.8396e-04    275.884    286.886    27.0593    27.0616         19  0.000e+00
   7652.417   48.93966  -16.46534     33.453     33.167    11.5680    11.5689  40.103464  40.107462    35.4983    35.5014     2.6178    268.617     2.5018    279.714      10.87    1481.68     183659          1     1.8853 2.8396e-04    275.885    287.283    27.0593    27.0615         19  0.000e+00
   7652.458   48.93966  -16.46534     33.424     33.138    11.5680    11.5691  40.103464  40.107395    35.4983    35.5011     2.6178    268.614     2.5006    279.535      10.87    1481.68     183660          1     1.8744 2.8396e-04    275.883    287.099    27.0593    27.0613         19  0.000e+00
   7652.500   48.93966  -16.46534     33.385     33.099    11.5680    11.5689  40.103803  40.107729    35.4986    35.5017     2.6178    268.612     2.4994    279.379      10.87    1481.68     183661          1     1.8853 2.8396e-04    275.880    286.940    27.0595    27.0617         19  0.000e+00
   7652.542   48.93972  -16.46530     33.493     33.206    11.5680    11.5689  40.103532  40.107796    35.4983    35.5017     2.6178    268.616     2.4994    279.379      10.87    1481.68     183662          1     1.8853 2.8396e-04    275.884    286.939    27.0593    27.0618         19  0.000e+00
   7652.583   48.93972  -16.46530     33.424     33.138    11.5679    11.5689  40.103464  40.107796    35.4984    35.5017     2.6178    268.615     2.5018    279.759      10.87    1481.68     183663          1     1.8853 2.8396e-04    275.883    287.330    27.0594    27.0618         19  0.000e+00
   7652.625   48.93972  -16.46530     33.532     33.245    11.5682    11.5689  40.103464  40.107596    35.4980    35.5015     2.6178    268.619     2.5006    279.633      10.87    1481.68     183664          1     1.8853 2.8396e-04    275.887    287.201    27.0591    27.0616         19  0.000e+00
   7652.667   48.93972  -16.46530     33.492     33.206    11.5680    11.5687  40.103464  40.107730    35.4982    35.5017     2.6178    268.620     2.5006    279.628      10.87    1481.32     183665          1     1.8853 2.8396e-04    275.889    287.195    27.0592    27.0618         19  0.000e+00
   7652.708   48.93972  -16.46530     33.453     33.167    11.5682    11.5689  40.103464  40.107194    35.4981    35.5011     2.6178    268.621     2.5006    279.645      10.87    1481.68     183666          1     1.8853 2.8396e-04    275.890    287.212    27.0591    27.0613         19  0.000e+00
   7652.750   48.93972  -16.46530     33.492     33.206    11.5679    11.5689  40.103804  40.107596    35.4987    35.5015     2.6178    268.627     2.5006    279.663      10.87    1481.68     183667          1     1.8853 2.8396e-04    275.896    287.231    27.0596    27.0616         19  0.000e+00
   7652.792   48.93972  -16.46530     33.453     33.167    11.5682    11.5687  40.103939  40.107796    35.4985    35.5018     2.6166    268.457     2.4994    279.463      10.87    1481.32     183668          1     1.8853 2.8396e-04    275.721    287.026    27.0594    27.0619         19  0.000e+00
   7652.833   48.93972  -16.46530     33.561     33.274    11.5680    11.5689  40.103872  40.108064    35.4986    35.5019     2.6166    268.450     2.5018    279.848      10.87    1481.68     183669          1     1.8853 2.8396e-04    275.714    287.421    27.0595    27.0619         19  0.000e+00
   7652.875   48.93972  -16.46530     33.453     33.167    11.5682    11.5686  40.103600  40.107863    35.4982    35.5021     2.6166    268.435     2.5006    279.691      10.87    1481.32     183670          1     1.8853 2.8396e-04    275.699    287.261    27.0592    27.0621         19  0.000e+00
   7652.917   48.93972  -16.46530     33.561     33.274    11.5680    11.5689  40.104008  40.107596    35.4987    35.5014     2.6166    268.430     2.5006    279.688      10.87    1481.32     183671          1     1.8853 2.8396e-04    275.694    287.257    27.0596    27.0616         19  0.000e+00
   7652.958   48.93972  -16.46530     33.532     33.245    11.5682    11.5687  40.104008  40.107730    35.4986    35.5017     2.6178    268.593     2.5006    279.680      10.87    1481.32     183672          1     1.8853 2.8396e-04    275.861    287.248    27.0595    27.0618         19  0.000e+00
   7653.000   48.93972  -16.46530     33.492     33.206    11.5682    11.5687  40.103872  40.107462    35.4985    35.5015     2.6178    268.584     2.4994    279.500      10.87    1481.32     183673          1     1.8853 2.8396e-04    275.852    287.064    27.0594    27.0616         19  0.000e+00
   7653.042   48.93972  -16.46530     33.492     33.206    11.5683    11.5687  40.103871  40.107663    35.4983    35.5017     2.6178    268.595     2.5018    279.903      10.87    1481.32     183674          1     1.8853 2.8396e-04    275.863    287.478    27.0592    27.0618         19  0.000e+00
   7653.083   48.93972  -16.46530     33.600     33.312    11.5683    11.5687  40.104144  40.107797    35.4985    35.5018     2.6178    268.610     2.5006    279.752      10.87    1481.32     183675          1     1.8853 2.8396e-04    275.878    287.323    27.0594    27.0618         19  0.000e+00
   7653.125   48.93972  -16.46530     33.492     33.206    11.5683    11.5687  40.103939  40.107796    35.4984    35.5018     2.6178    268.619     2.5006    279.741      10.87    1481.68     183676          1     1.8853 2.8396e-04    275.887    287.311    27.0593    27.0619         19  0.000e+00
   7653.167   48.93972  -16.46530     33.531     33.245    11.5682    11.5687  40.104143  40.107797    35.4987    35.5018     2.6166    268.444     2.5018    279.927      10.87    1481.68     183677          1     1.8853 2.8396e-04    275.708    287.502    27.0596    27.0619         19  0.000e+00
   7653.208   48.93972  -16.46530     33.561     33.274    11.5680    11.5689  40.103940  40.107797    35.4987    35.5016     2.6166    268.424     2.5006    279.746      10.87    1481.68     183678          1     1.8853 2.8225e-04    275.687    287.317    27.0596    27.0617         19  0.000e+00
   7653.250   48.93972  -16.46530     33.531     33.245    11.5683    11.5687  40.104143  40.107797    35.4986    35.5018     2.6166    268.400     2.5018    279.951      10.87    1481.68     183679          1     1.8963 2.8054e-04    275.662    287.527    27.0594    27.0619         19  0.000e+00
   7653.292   48.93972  -16.46530     33.561     33.274    11.5685    11.5687  40.104211  40.107797    35.4984    35.5018     2.6166    268.397     2.5006    279.816      10.87    1481.68     183680          1     1.9073 2.8054e-04    275.660    287.389    27.0593    27.0619         19  0.000e+00
   7653.333   48.93972  -16.46530     33.531     33.245    11.5682    11.5691  40.104008  40.107997    35.4986    35.5017     2.6166    268.397     2.5018    279.995      10.87    1481.32     183681          1     1.9073 2.8054e-04    275.660    287.572    27.0595    27.0617         19  0.000e+00
   7653.375   48.93966  -16.46534     33.561     33.274    11.5683    11.5692  40.103940  40.108198    35.4984    35.5017     2.6166    268.399     2.5006    279.811      10.87    1481.68     183682          1     1.9073 2.8054e-04    275.661    287.384    27.0593    27.0617         19  0.000e+00
   7653.417   48.93966  -16.46534     33.561     33.274    11.5683    11.5691  40.104347  40.107864    35.4988    35.5015     2.6178    268.572     2.5018    279.992      10.87    1481.68     183683          1     1.9073 2.8054e-04    275.839    287.569    27.0596    27.0616         19  0.000e+00
   7653.458   48.93966  -16.46534     33.531     33.245    11.5685    11.5692  40.104075  40.108265    35.4983    35.5018     2.6166    268.420     2.5006    279.803      10.87    1481.68     183684          1     1.9073 2.8054e-04    275.683    287.375    27.0592    27.0618         19  0.000e+00
   7653.500   48.93966  -16.46534     33.561     33.274    11.5685    11.5691  40.104143  40.108198    35.4984    35.5019     2.6166    268.425     2.5018    280.028      10.87    1481.68     183685          1     1.9073 2.8054e-04    275.688    287.606    27.0593    27.0619         19  0.000e+00
   7653.542   48.93972  -16.46530     33.531     33.245    11.5685    11.5692  40.104483  40.108198    35.4987    35.5017     2.6178    268.601     2.4994    279.668      10.87    1481.68     183686          1     1.9073 2.8054e-04    275.869    287.237    27.0595    27.0617         19  0.000e+00
   7653.583   48.93972  -16.46530     33.492     33.206    11.5683    11.5692  40.103736  40.108131    35.4982    35.5017     2.6178    268.607     2.5018    280.015      10.87    1481.32     183687          1     1.9073 2.8054e-04    275.876    287.593    27.0591    27.0617         19  0.000e+00
   7653.625   48.93972  -16.46530     33.531     33.245    11.5683    11.5692  40.103804  40.108131    35.4982    35.5017     2.6178    268.615     2.5006    279.828      10.87    1481.68     183688          1     1.9073 2.8054e-04    275.883    287.401    27.0592    27.0617         19  0.000e+00
   7653.667   48.93972  -16.46530     33.492     33.206    11.5683    11.5691  40.103939  40.107863    35.4984    35.5016     2.6178    268.619     2.5006    279.809      10.87    1481.32     183689          1     1.9073 2.8054e-04    275.887    287.381    27.0593    27.0616         19  0.000e+00
   7653.708   48.93972  -16.46530     33.531     33.245    11.5682    11.5694  40.104143  40.108131    35.4987    35.5015     2.6178    268.626     2.5006    279.789      10.87    1481.32     183690          1     1.9073 2.8054e-04    275.895    287.360    27.0596    27.0615         19  0.000e+00
   7653.750   48.93972  -16.46530     33.492     33.206    11.5683    11.5694  40.104007  40.108131    35.4985    35.5015     2.6178    268.649     2.5018    279.960      10.87    1481.68     183691          1     1.9073 2.8054e-04    275.919    287.536    27.0594    27.0615         19  0.000e+00
   7653.792   48.93972  -16.46530     33.531     33.245    11.5683    11.5692  40.103872  40.108131    35.4983    35.5017     2.6178    268.676     2.5006    279.769      10.87    1481.68     183692          1     1.9073 2.8054e-04    275.946    287.340    27.0592    27.0617         19  0.000e+00
   7653.833   48.93972  -16.46530     33.492     33.206    11.5683    11.5692  40.103600  40.108198    35.4981    35.5018     2.6178    268.682     2.4994    279.551      10.87    1481.68     183693          1     1.9073 2.8054e-04    275.953    287.116    27.0590    27.0618         19  0.000e+00
   7653.875   48.93972  -16.46530     33.492     33.206    11.5683    11.5692  40.104007  40.107863    35.4985    35.5014     2.6178    268.689     2.5018    279.939      10.87    1481.68     183694          1     1.9073 2.8054e-04    275.960    287.515    27.0594    27.0615         19  0.000e+00
   7653.917   48.93972  -16.46530     33.531     33.245    11.5683    11.5692  40.104008  40.107997    35.4984    35.5015     2.6178    268.698     2.5006    279.770      10.87    1481.68     183695          1     1.9073 2.8054e-04    275.969    287.341    27.0593    27.0616         19  0.000e+00
   7653.958   48.93972  -16.46530     33.424     33.138    11.5683    11.5692  40.103939  40.108131    35.4984    35.5017     2.6178    268.720     2.5018    279.935      10.87    1481.32     183696          1     1.9073 2.8054e-04    275.991    287.511    27.0593    27.0617         19  0.000e+00
   7654.000   48.93972  -16.46530     33.453     33.167    11.5683    11.5692  40.103871  40.108465    35.4983    35.5020     2.6178    268.729     2.5006    279.740      10.87    1481.68     183697          1     1.9073 2.8054e-04    276.001    287.310    27.0593    27.0620         19  0.000e+00
   7654.042   48.93972  -16.46530     33.492     33.206    11.5683    11.5694  40.103600  40.107997    35.4981    35.5014     2.6178    268.739     2.5006    279.715      10.87    1481.68     183698          1     1.9073 2.8054e-04    276.011    287.284    27.0590    27.0614         19  0.000e+00
   7654.083   48.93972  -16.46530     33.453     33.167    11.5682    11.5694  40.104007  40.108265    35.4986    35.5017     2.6178    268.746     2.5018    279.926      10.87    1481.32     183699          1     1.9073 2.8054e-04    276.018    287.501    27.0595    27.0617         19  0.000e+00
   7654.125   48.93972  -16.46530     33.424     33.138    11.5683    11.5694  40.103667  40.108198    35.4981    35.5016     2.6178    268.753     2.5006    279.750      10.87    1481.68     183700          1     1.9073 2.8054e-04    276.025    287.321    27.0591    27.0616         19  0.000e+00
   7654.167   48.93972  -16.46530     33.453     33.167    11.5682    11.5695  40.103803  40.108465    35.4984    35.5017     2.6178    268.763     2.5018    279.916      10.87    1481.68     183701          1     1.9073 2.8054e-04    276.035    287.491    27.0593    27.0617         19  0.000e+00
   7654.208   48.93972  -16.46530     33.424     33.138    11.5682    11.5694  40.103871  40.108198    35.4985    35.5016     2.6178    268.788     2.4994    279.523      10.87    1481.68     183702          1     1.9073 2.8054e-04    276.061    287.088    27.0594    27.0616         19  0.000e+00
