Data_example/SBE_Data_Processed/DY130/SeaBird/Data/Batch/DY130_011.ros
* Sea-Bird SBE 9 Data File:
* FileName = C:\Users\sandm\Documents\Cruises\DY130\Data\Raw Data\DY130_011.hex
* Software Version Seasave V 7.26.7.121
* Temperature SN = 03P-5494
* Conductivity SN = 04C-3768
* Number of Bytes Per Scan = 45
* Number of Voltage Words = 4
* Number of Scans Averaged by the Deck Unit = 1
* NMEA Latitude = 49 00.01 N
* NMEA Longitude = 016 30.03 W
* NMEA UTC (Time) = Apr 08 2021  08:05:03
* NMEA baud rate = 9600
** Ship: RRS Discovery
** Cruise: DY130
** Cast: DY130_011
** Station: 068
** Julian Day: 098
** Date: 08/04/2021
** Time (GMT):
** Latitude: 49 00.01 N
** Longitude: 16 30.03 W
** Depth (uncorrected m): 4808
** Principal Scientist: Sue Hart
** Operator: BP/PH
# nquan = 27
# nvalues = 2783                                  
# units = specified
# name 0 = timeS: Time, Elapsed [seconds]
# name 1 = latitude: Latitude [deg]
# name 2 = longitude: Longitude [deg]
# name 3 = prDM: Pressure, Digiquartz [db]
# name 4 = depSM: Depth [salt water, m]
# name 5 = t090C: Temperature [ITS-90, deg C]
# name 6 = t190C: Temperature, 2 [ITS-90, deg C]
# name 7 = c0mS/cm: Conductivity [mS/cm]
# name 8 = c1mS/cm: Conductivity, 2 [mS/cm]
# name 9 = sal00: Salinity, Practical [PSU]
# name 10 = sal11: Salinity, Practical, 2 [PSU]
# name 11 = sbeox0V: Oxygen raw, SBE 43 [V]
# name 12 = sbox0Mm/Kg: Oxygen, SBE 43 [umol/kg]
# name 13 = sbeox1V: Oxygen raw, SBE 43, 2 [V]
# name 14 = sbox1Mm/Kg: Oxygen, SBE 43, 2 [umol/kg]
# name 15 = ptempC: Pressure Temperature [deg C]
# name 16 = altM: Altimeter [m]
# name 17 = scan: Scan Count
# name 18 = pumps: Pump Status
# name 19 = flECO-AFL: Fluorescence, WET Labs ECO-AFL/FL [mg/m^3]
# name 20 = turbWETbb0: Turbidity, WET Labs ECO BB [m^-1/sr]
# name 21 = sbeox0Mm/L: Oxygen, SBE 43 [umol/l]
# name 22 = sbeox1Mm/L: Oxygen, SBE 43, 2 [umol/l]
# name 23 = sigma-é00: Density [sigma-theta, kg/m^3]
# name 24 = sigma-é11: Density, 2 [sigma-theta, kg/m^3]
# name 25 = nbf: Bottles Fired
# name 26 = flag:  0.000e+00
# interval = seconds: 0.0416667
# start_time = Apr 08 2021 08:05:04 [NMEA time, first data scan]
# bad_flag = -9.990e-29
*END*
   7680.417   48.99990  -16.50046   4851.818   4756.624     2.5459     2.5480  33.074650  33.078312    34.8959    34.8981     1.2503    228.128     1.2210    238.460       7.31    1480.95     184331          1    -0.0377 1.1302e-04    234.489    245.109    27.8808    27.8823          1  0.000e+00
   7680.458   48.99990  -16.50046   4851.818   4756.624     2.5459     2.5482  33.074650  33.078064    34.8960    34.8976     1.2503    227.974     1.2222    238.969       7.30    1481.32     184332          1    -0.0377 1.1302e-04    234.330    245.632    27.8808    27.8820          1  0.000e+00
   7680.500   48.99990  -16.50046   4851.735   4756.543     2.5459     2.5479  33.074650  33.078002    34.8959    34.8978     1.2503    227.985     1.2222    239.071       7.30    1481.32     184333          1    -0.0377 1.1302e-04    234.341    245.737    27.8808    27.8822          1  0.000e+00
   7680.542   48.99990  -16.50046   4851.818   4756.624     2.5457     2.5480  33.074650  33.078188    34.8962    34.8979     1.2503    228.009     1.2210    238.349       7.30    1481.32     184334          1    -0.0377 1.1302e-04    234.366    244.995    27.8810    27.8822          1  0.000e+00
   7680.583   48.99990  -16.50046   4851.651   4756.462     2.5458     2.5482  33.074650  33.077816    34.8961    34.8974     1.2503    227.862     1.2210    238.241       7.30    1480.95     184335          1    -0.0377 1.1302e-04    234.215    244.884    27.8810    27.8818          1  0.000e+00
   7680.625   48.99990  -16.50046   4851.651   4756.462     2.5456     2.5479  33.074650  33.078126    34.8964    34.8980     1.2515    228.415     1.2222    238.760       7.31    1480.95     184336          1    -0.0377 1.1302e-04    234.783    245.417    27.8812    27.8823          1  0.000e+00
   7680.667   48.99990  -16.50046   4851.579   4756.392     2.5459     2.5480  33.074649  33.078126    34.8960    34.8979     1.2503    227.906     1.2222    238.868       7.30    1480.95     184337          1    -0.0377 1.1473e-04    234.260    245.529    27.8808    27.8822          1  0.000e+00
   7680.708   48.99990  -16.50046   4851.568   4756.382     2.5458     2.5479  33.074649  33.077753    34.8962    34.8976     1.2503    227.765     1.2210    238.369       7.30    1481.32     184338          1    -0.0377 1.1473e-04    234.115    245.015    27.8810    27.8820          1  0.000e+00
   7680.750   48.99990  -16.50046   4851.485   4756.301     2.5458     2.5480  33.074145  33.078125    34.8956    34.8980     1.2503    227.790     1.2222    238.891       7.31    1481.32     184339          1    -0.0377 1.1473e-04    234.141    245.552    27.8805    27.8823          1  0.000e+00
   7680.792   48.99990  -16.50046   4851.485   4756.301     2.5457     2.5480  33.074460  33.077815    34.8960    34.8976     1.2503    227.824     1.2222    238.798       7.30    1480.95     184340          1    -0.0377 1.1473e-04    234.176    245.456    27.8809    27.8820          1  0.000e+00
   7680.833   48.99990  -16.50046   4851.412   4756.231     2.5457     2.5480  33.074397  33.077877    34.8960    34.8977     1.2515    228.387     1.2210    238.294       7.31    1481.32     184341          1    -0.0377 1.1473e-04    234.755    244.939    27.8809    27.8820          1  0.000e+00
   7680.875   48.99990  -16.50046   4851.485   4756.301     2.5457     2.5479  33.074334  33.078001    34.8959    34.8979     1.2515    228.592     1.2210    238.211       7.30    1481.32     184342          1    -0.0377 1.1473e-04    234.965    244.853    27.8808    27.8822          1  0.000e+00
   7680.917   48.99990  -16.50046   4851.246   4756.069     2.5456     2.5480  33.074081  33.077752    34.8959    34.8976     1.2503    228.094     1.2210    238.127       7.30    1480.95     184343          1    -0.0377 1.1473e-04    234.454    244.766    27.8807    27.8820          1  0.000e+00
   7680.958   48.99990  -16.50046   4851.329   4756.150     2.5457     2.5480  33.074208  33.077877    34.8959    34.8977     1.2503    228.136     1.2210    238.061       7.30    1481.32     184344          1    -0.0377 1.1473e-04    234.497    244.698    27.8807    27.8821          1  0.000e+00
   7681.000   48.99990  -16.50046   4851.246   4756.069     2.5455     2.5479  33.074648  33.077752    34.8966    34.8978     1.2503    228.012     1.2210    237.999       7.30    1480.95     184345          1    -0.0377 1.1473e-04    234.370    244.635    27.8813    27.8821          1  0.000e+00
   7681.042   48.99990  -16.50046   4851.163   4755.989     2.5455     2.5482  33.074396  33.077504    34.8963    34.8972     1.2503    228.058     1.2210    237.944       7.30    1480.95     184346          1    -0.0377 1.1473e-04    234.416    244.578    27.8811    27.8816          1  0.000e+00
   7681.083   48.99984  -16.50050   4851.163   4755.989     2.5457     2.5479  33.074081  33.077628    34.8957    34.8976     1.2515    228.636     1.2210    237.903       7.30    1480.95     184347          1    -0.0377 1.1473e-04    235.010    244.536    27.8806    27.8820          1  0.000e+00
   7681.125   48.99984  -16.50050   4851.090   4755.918     2.5457     2.5479  33.073829  33.077690    34.8955    34.8977     1.2515    228.681     1.2210    237.866       7.30    1481.32     184348          1    -0.0377 1.1473e-04    235.057    244.498    27.8804    27.8821          1  0.000e+00
   7681.167   48.99984  -16.50050   4851.090   4755.918     2.5455     2.5479  33.073955  33.077690    34.8958    34.8977     1.2515    228.891     1.2222    238.452       7.30    1480.95     184349          1    -0.0377 1.1473e-04    235.272    245.101    27.8807    27.8821          1  0.000e+00
   7681.208   48.99984  -16.50050   4850.924   4755.757     2.5456     2.5479  33.074206  33.077689    34.8961    34.8978     1.2503    228.400     1.2210    238.015       7.30    1481.32     184350          1    -0.0377 1.1473e-04    234.768    244.651    27.8810    27.8821          1  0.000e+00
   7681.250   48.99990  -16.50048   4851.007   4755.838     2.5455     2.5479  33.074080  33.077690    34.8960    34.8978     1.2503    228.282     1.2210    238.000       7.30    1480.95     184351          1    -0.0377 1.1473e-04    234.647    244.636    27.8809    27.8821          1  0.000e+00
   7681.292   48.99990  -16.50048   4850.924   4755.757     2.5457     2.5479  33.074206  33.077503    34.8960    34.8976     1.2503    228.326     1.2222    238.601       7.30    1481.32     184352          1    -0.0377 1.1473e-04    234.692    245.254    27.8809    27.8819          1  0.000e+00
   7681.333   48.99990  -16.50048   4850.841   4755.676     2.5455     2.5480  33.073891  33.077875    34.8958    34.8979     1.2503    228.210     1.2210    238.182       7.30    1481.32     184353          1    -0.0377 1.1473e-04    234.573    244.823    27.8807    27.8822          1  0.000e+00
   7681.375   48.99990  -16.50048   4850.758   4755.596     2.5456     2.5479  33.073765  33.077751    34.8957    34.8979     1.2515    228.618     1.2210    238.180       7.30    1481.32     184354          1    -0.0377 1.1473e-04    234.992    244.821    27.8806    27.8822          1  0.000e+00
   7681.417   48.99990  -16.50048   4850.685   4755.525     2.5455     2.5478  33.073953  33.077689    34.8960    34.8980     1.2515    228.656     1.2210    237.974       7.30    1480.95     184355          1    -0.0377 1.1473e-04    235.031    244.609    27.8808    27.8823          1  0.000e+00
   7681.458   48.99990  -16.50048   4850.851   4755.687     2.5453     2.5480  33.074017  33.077255    34.8962    34.8972     1.2503    228.171     1.2210    237.987       7.30    1481.32     184356          1    -0.0377 1.1473e-04    234.533    244.623    27.8810    27.8816          1  0.000e+00
   7681.500   48.99990  -16.50048   4850.685   4755.525     2.5455     2.5479  33.074016  33.077317    34.8961    34.8974     1.2503    228.206     1.2222    238.611       7.30    1480.95     184357          1    -0.0377 1.1473e-04    234.568    245.264    27.8809    27.8818          1  0.000e+00
   7681.542   48.99990  -16.50048   4850.685   4755.525     2.5457     2.5479  33.074016  33.077192    34.8959    34.8973     1.2503    228.252     1.2210    238.222       7.30    1480.95     184358          1    -0.0377 1.1473e-04    234.615    244.864    27.8807    27.8817          1  0.000e+00
   7681.583   48.99990  -16.50048   4850.519   4755.364     2.5455     2.5479  33.073827  33.077502    34.8959    34.8977     1.2503    228.302     1.2222    238.854       7.30    1481.32     184359          1    -0.0377 1.1473e-04    234.667    245.513    27.8808    27.8821          1  0.000e+00
   7681.625   48.99990  -16.50048   4850.602   4755.445     2.5458     2.5480  33.073764  33.077874    34.8955    34.8980     1.2515    228.888     1.2210    238.474       7.30    1480.95     184360          1    -0.0377 1.1473e-04    235.270    245.123    27.8804    27.8823          1  0.000e+00
   7681.667   48.99990  -16.50048   4850.436   4755.283     2.5453     2.5478  33.073953  33.077564    34.8963    34.8980     1.2515    228.939     1.2210    238.505       7.30    1480.95     184361          1    -0.0377 1.1473e-04    235.322    245.155    27.8811    27.8823          1  0.000e+00
   7681.708   48.99990  -16.50048   4850.436   4755.283     2.5455     2.5479  33.073827  33.077440    34.8959    34.8977     1.2515    229.154     1.2210    238.547       7.30    1481.32     184362          1    -0.0267 1.1644e-04    235.543    245.199    27.8808    27.8820          1  0.000e+00
   7681.750   48.99990  -16.50048   4850.436   4755.283     2.5455     2.5479  33.073953  33.077440    34.8961    34.8977     1.2515    229.200     1.2210    238.385       7.30    1480.95     184363          1    -0.0158 1.1644e-04    235.591    245.031    27.8809    27.8820          1  0.000e+00
   7681.792   48.99990  -16.50048   4850.363   4755.213     2.5455     2.5478  33.073889  33.077191    34.8960    34.8976     1.2503    228.714     1.2210    238.221       7.30    1481.32     184364          1    -0.0158 1.1644e-04    235.091    244.863    27.8809    27.8820          1  0.000e+00
   7681.833   48.99990  -16.50048   4850.280   4755.132     2.5453     2.5479  33.073763  33.077501    34.8961    34.8978     1.2503    228.760     1.2222    238.880       7.30    1480.95     184365          1    -0.0158 1.1644e-04    235.138    245.541    27.8810    27.8821          1  0.000e+00
   7681.875   48.99990  -16.50048   4850.280   4755.132     2.5457     2.5478  33.074141  33.077315    34.8962    34.8978     1.2515    229.336     1.2222    238.924       7.30    1481.32     184366          1    -0.0158 1.1644e-04    235.730    245.586    27.8810    27.8821          1  0.000e+00
   7681.917   48.99990  -16.50048   4850.197   4755.052     2.5455     2.5477  33.073889  33.077563    34.8961    34.8981     1.2515    229.382     1.2222    238.956       7.30    1481.32     184367          1    -0.0158 1.1644e-04    235.777    245.618    27.8809    27.8824          1  0.000e+00
   7681.958   48.99990  -16.50048   4850.197   4755.052     2.5455     2.5478  33.073952  33.077501    34.8962    34.8980     1.2515    229.422     1.2222    239.195       7.30    1481.32     184368          1    -0.0158 1.1644e-04    235.819    245.864    27.8810    27.8823          1  0.000e+00
   7682.000   48.99990  -16.50048   4850.113   4754.971     2.5455     2.5478  33.073826  33.077439    34.8960    34.8980     1.2503    228.928     1.2210    238.820       7.30    1480.95     184369          1    -0.0158 1.1644e-04    235.311    245.479    27.8809    27.8823          1  0.000e+00
   7682.042   48.99990  -16.50048   4850.041   4754.900     2.5453     2.5479  33.073510  33.077439    34.8959    34.8978     1.2503    228.800     1.2222    239.258       7.30    1481.32     184370          1    -0.0158 1.1644e-04    235.179    245.929    27.8808    27.8821          1  0.000e+00
   7682.083   48.99984  -16.50050   4850.041   4754.900     2.5453     2.5479  33.073825  33.077439    34.8962    34.8978     1.2503    228.671     1.2222    239.284       7.30    1481.32     184371          1    -0.0158 1.1644e-04    235.047    245.955    27.8811    27.8821          1  0.000e+00
   7682.125   48.99984  -16.50050   4849.958   4754.820     2.5456     2.5478  33.073573  33.076942    34.8957    34.8974     1.2503    228.540     1.2210    238.902       7.30    1481.32     184372          1    -0.0158 1.1644e-04    234.912    245.563    27.8806    27.8818          1  0.000e+00
   7682.167   48.99984  -16.50050   4849.958   4754.820     2.5455     2.5478  33.073825  33.077004    34.8961    34.8975     1.2503    228.412     1.2210    238.722       7.30    1480.95     184373          1    -0.0158 1.1644e-04    234.781    245.378    27.8809    27.8819          1  0.000e+00
   7682.208   48.99984  -16.50050   4849.791   4754.659     2.5453     2.5478  33.073573  33.077314    34.8960    34.8979     1.2503    228.449     1.2210    238.751       7.30    1481.32     184374          1    -0.0158 1.1644e-04    234.818    245.407    27.8809    27.8822          1  0.000e+00
   7682.250   48.99990  -16.50048   4849.874   4754.739     2.5456     2.5479  33.073636  33.077190    34.8958    34.8976     1.2515    228.854     1.2210    238.795       7.30    1481.32     184375          1    -0.0158 1.1644e-04    235.235    245.453    27.8807    27.8819          1  0.000e+00
   7682.292   48.99990  -16.50048   4849.791   4754.659     2.5455     2.5479  33.073762  33.076880    34.8961    34.8973     1.2515    228.885     1.2210    238.845       7.30    1481.32     184376          1    -0.0158 1.1644e-04    235.267    245.504    27.8809    27.8817          1  0.000e+00
   7682.333   48.99990  -16.50048   4849.708   4754.578     2.5453     2.5479  33.073509  33.077251    34.8960    34.8977     1.2503    228.554     1.2222    239.513       7.30    1480.95     184377          1    -0.0158 1.1644e-04    234.927    246.191    27.8809    27.8821          1  0.000e+00
   7682.375   48.99990  -16.50048   4849.791   4754.659     2.5455     2.5479  33.073636  33.077190    34.8959    34.8977     1.2503    228.596     1.2222    239.781       7.30    1481.32     184378          1    -0.0158 1.1644e-04    234.970    246.467    27.8808    27.8820          1  0.000e+00
   7682.417   48.99990  -16.50048   4849.635   4754.507     2.5456     2.5478  33.073761  33.077127    34.8961    34.8978     1.2515    229.163     1.2222    239.828       7.30    1480.95     184379          1    -0.0158 1.1644e-04    235.552    246.515    27.8809    27.8821          1  0.000e+00
   7682.458   48.99990  -16.50048   4849.552   4754.427     2.5453     2.5479  33.073509  33.077313    34.8961    34.8979     1.2515    229.202     1.2210    239.255       7.31    1481.32     184380          1    -0.0158 1.1644e-04    235.592    245.926    27.8809    27.8822          1  0.000e+00
   7682.500   48.99990  -16.50048   4849.552   4754.427     2.5453     2.5478  33.073446  33.077251    34.8960    34.8980     1.2515    229.236     1.2210    239.308       7.30    1480.95     184381          1    -0.0158 1.1644e-04    235.627    245.980    27.8808    27.8822          1  0.000e+00
   7682.542   48.99990  -16.50048   4849.636   4754.507     2.5455     2.5479  33.073635  33.076879    34.8961    34.8973     1.2515    229.264     1.2210    239.370       7.30    1480.95     184382          1    -0.0158 1.1644e-04    235.656    246.044    27.8809    27.8817          1  0.000e+00
   7682.583   48.99990  -16.50048   4849.469   4754.346     2.5452     2.5474  33.073572  33.077003    34.8963    34.8980     1.2503    228.756     1.2210    239.222       7.30    1480.95     184383          1    -0.0158 1.1644e-04    235.134    245.892    27.8811    27.8823          1  0.000e+00
