Data_example/SBE_Data_Processed/DY130/SeaBird/Data/Batch/DY130_008.ros
* Sea-Bird SBE 9 Data File:
* FileName = C:\Users\sandm\Documents\Cruises\DY130\Data\Raw Data\DY130_008.hex
* Software Version Seasave V 7.26.7.121
* Temperature SN = 03P-5494
* Conductivity SN = 04C-3768
* Number of Bytes Per Scan = 45
* Number of Voltage Words = 4
* Number of Scans Averaged by the Deck Unit = 1
* NMEA Latitude = 48 52.23 N
* NMEA Longitude = 016 31.48 W
* NMEA UTC (Time) = Apr 05 2021  09:04:17
* NMEA baud rate = 9600
** Ship: RRS Discovery
** Cruise: DY130
** Cast: DY130_008
** Station: 053
** Julian Day: 095
** Date: 05/04/21
** Time (GMT): 09:04
** Latitude: 48 52.19 N
** Longitude: 16 31.45 W
** Depth (uncorrected m): 4810
** Principal Scientist: Sue Hart
** Operator: BP/PH BP/PH
# nquan = 27
# nvalues = 2541                                  
# units = specified
# name 0 = timeS: Time, Elapsed [seconds]
# name 1 = latitude: Latitude [deg]
# name 2 = longitude: Longitude [deg]
# name 3 = prDM: Pressure, Digiquartz [db]
# name 4 = depSM: Depth [salt water, m]
# name 5 = t090C: Temperature [ITS-90, deg C]
# name 6 = t190C: Temperature, 2 [ITS-90, deg C]
# name 7 = c0mS/cm: Conductivity [mS/cm]
# name 8 = c1mS/cm: Conductivity, 2 [mS/cm]
# name 9 = sal00: Salinity, Practical [PSU]
# name 10 = sal11: Salinity, Practical, 2 [PSU]
# name 11 = sbeox0V: Oxygen raw, SBE 43 [V]
# name 12 = sbox0Mm/Kg: Oxygen, SBE 43 [umol/kg]
# name 13 = sbeox1V: Oxygen raw, SBE 43, 2 [V]
# name 14 = sbox1Mm/Kg: Oxygen, SBE 43, 2 [umol/kg]
# name 15 = ptempC: Pressure Temperature [deg C]
# name 16 = altM: Altimeter [m]
# name 17 = scan: Scan Count
# name 18 = pumps: Pump Status
# name 19 = flECO-AFL: Fluorescence, WET Labs ECO-AFL/FL [mg/m^3]
# name 20 = turbWETbb0: Turbidity, WET Labs ECO BB [m^-1/sr]
# name 21 = sbeox0Mm/L: Oxygen, SBE 43 [umol/l]
# name 22 = sbeox1Mm/L: Oxygen, SBE 43, 2 [umol/l]
# name 23 = sigma-é00: Density [sigma-theta, kg/m^3]
# name 24 = sigma-é11: Density, 2 [sigma-theta, kg/m^3]
# name 25 = nbf: Bottles Fired
# name 26 = flag:  0.000e+00
# interval = seconds: 0.0416667
# start_time = Apr 05 2021 09:04:18 [NMEA time, first data scan]
# bad_flag = -9.990e-29
*END*
[from data line 2202]
   6093.167   48.87216  -16.52600     12.976     12.865    11.8859    11.8886  40.461836  40.467738    35.5560    35.5591     2.6276    267.444     2.5067    277.536      10.50    1481.68     146237          1     2.4897 2.8396e-04    274.676    285.042    27.0433    27.0453         19  0.000e+00
   6093.208   48.87216  -16.52600     12.897     12.788    11.8859    11.8883  40.461563  40.467537    35.5557    35.5593     2.6288    267.604     2.5055    277.366      10.50    1481.32     146238          1     2.4897 2.8396e-04    274.841    284.867    27.0431    27.0455         19  0.000e+00
   6093.250   48.87216  -16.52600     12.897     12.788    11.8859    11.8884  40.461699  40.467604    35.5559    35.5592     2.6276    267.443     2.5067    277.535      10.51    1481.32     146239          1     2.4897 2.8396e-04    274.676    285.041    27.0432    27.0454         19  0.000e+00
   6093.292   48.87224  -16.52598     13.025     12.914    11.8859    11.8880  40.461564  40.467537    35.5557    35.5595     2.6276    267.440     2.5067    277.543      10.50    1481.32     146240          1     2.4897 2.8225e-04    274.673    285.049    27.0431    27.0457         19  0.000e+00
   6093.333   48.87224  -16.52598     13.044     12.933    11.8856    11.8881  40.461496  40.467604    35.5559    35.5595     2.6276    267.434     2.5067    277.544      10.50    1481.68     146241          1     2.4897 2.8396e-04    274.667    285.050    27.0434    27.0456         19  0.000e+00
   6093.375   48.87224  -16.52598     12.897     12.788    11.8857    11.8881  40.461699  40.467671    35.5560    35.5596     2.6276    267.420     2.5067    277.539      10.50    1481.32     146242          1     2.4897 2.8396e-04    274.652    285.045    27.0434    27.0457         19  0.000e+00
   6093.417   48.87224  -16.52598     12.976     12.865    11.8859    11.8882  40.461836  40.467537    35.5560    35.5594     2.6264    267.245     2.5067    277.543      10.50    1481.32     146243          1     2.4897 2.8396e-04    274.472    285.049    27.0433    27.0456         19  0.000e+00
   6093.458   48.87224  -16.52598     12.976     12.865    11.8857    11.8880  40.461836  40.467940    35.5561    35.5600     2.6276    267.390     2.5067    277.544      10.50    1481.32     146244          1     2.4897 2.8396e-04    274.622    285.050    27.0435    27.0460         19  0.000e+00
   6093.500   48.87224  -16.52598     13.044     12.933    11.8859    11.8883  40.461836  40.467873    35.5559    35.5595     2.6276    267.385     2.5067    277.546      10.50    1481.68     146245          1     2.4897 2.8396e-04    274.616    285.052    27.0433    27.0457         19  0.000e+00
   6093.542   48.87224  -16.52598     12.976     12.865    11.8857    11.8882  40.461836  40.468007    35.5561    35.5598     2.6276    267.358     2.5067    277.545      10.51    1481.32     146246          1     2.4897 2.8396e-04    274.588    285.051    27.0435    27.0459         19  0.000e+00
   6093.583   48.87224  -16.52598     12.976     12.865    11.8861    11.8883  40.461836  40.467738    35.5558    35.5594     2.6276    267.349     2.5067    277.546      10.50    1481.32     146247          1     2.4897 2.8396e-04    274.579    285.052    27.0431    27.0456         19  0.000e+00
   6093.625   48.87224  -16.52598     13.044     12.933    11.8859    11.8885  40.461836  40.467806    35.5559    35.5593     2.6276    267.326     2.5055    277.357      10.51    1481.32     146248          1     2.4897 2.8396e-04    274.555    284.858    27.0433    27.0454         19  0.000e+00
   6093.667   48.87224  -16.52598     13.044     12.933    11.8861    11.8883  40.461564  40.467671    35.5555    35.5594     2.6276    267.317     2.5067    277.529      10.51    1481.32     146249          1     2.4897 2.8396e-04    274.546    285.035    27.0429    27.0455         19  0.000e+00
   6093.708   48.87224  -16.52598     12.956     12.846    11.8859    11.8883  40.461495  40.467537    35.5556    35.5593     2.6276    267.306     2.5067    277.528      10.51    1481.32     146250          1     2.4897 2.8396e-04    274.535    285.034    27.0431    27.0454         19  0.000e+00
   6093.750   48.87224  -16.52598     13.044     12.933    11.8861    11.8881  40.461700  40.467134    35.5556    35.5590     2.6264    267.130     2.5067    277.535      10.50    1481.32     146251          1     2.4897 2.8396e-04    274.354    285.041    27.0430    27.0453         19  0.000e+00
   6093.792   48.87224  -16.52598     13.044     12.933    11.8859    11.8876  40.461564  40.466463    35.5557    35.5588     2.6264    267.106     2.5067    277.540      10.50    1481.68     146252          1     2.4897 2.8396e-04    274.329    285.046    27.0431    27.0452         19  0.000e+00
   6093.833   48.87224  -16.52598     13.044     12.933    11.8859    11.8875  40.461495  40.466127    35.5556    35.5586     2.6264    267.082     2.5067    277.543      10.50    1481.32     146253          1     2.4897 2.8396e-04    274.304    285.049    27.0430    27.0451         19  0.000e+00
   6093.875   48.87224  -16.52598     12.975     12.865    11.8859    11.8870  40.461700  40.465724    35.5558    35.5587     2.6264    267.073     2.5055    277.354      10.50    1481.32     146254          1     2.5007 2.8225e-04    274.296    284.856    27.0432    27.0453         19  0.000e+00
   6093.917   48.87224  -16.52598     13.044     12.933    11.8859    11.8867  40.461836  40.465724    35.5559    35.5590     2.6276    267.222     2.5067    277.530      10.50    1481.32     146255          1     2.5117 2.8054e-04    274.449    285.036    27.0433    27.0456         19  0.000e+00
   6093.958   48.87224  -16.52598     13.044     12.933    11.8859    11.8867  40.461291  40.465590    35.5554    35.5589     2.6264    267.049     2.5067    277.533      10.50    1481.68     146256          1     2.5117 2.8054e-04    274.271    285.039    27.0429    27.0455         19  0.000e+00
   6094.000   48.87224  -16.52598     13.112     13.001    11.8857    11.8863  40.461632  40.465792    35.5558    35.5594     2.6276    267.199     2.5055    277.349      10.50    1481.68     146257          1     2.5117 2.8054e-04    274.425    284.850    27.0433    27.0459         19  0.000e+00
   6094.042   48.87224  -16.52598     13.044     12.933    11.8857    11.8863  40.461564  40.465791    35.5558    35.5594     2.6264    267.023     2.5067    277.519      10.50    1481.68     146258          1     2.5117 2.8054e-04    274.244    285.025    27.0432    27.0459         19  0.000e+00
   6094.083   48.87224  -16.52598     13.044     12.933    11.8859    11.8863  40.461223  40.465388    35.5553    35.5590     2.6276    267.172     2.5067    277.523      10.51    1481.32     146259          1     2.5117 2.8054e-04    274.397    285.029    27.0428    27.0456         19  0.000e+00
   6094.125   48.87216  -16.52600     13.093     12.981    11.8857    11.8863  40.461155  40.465389    35.5554    35.5590     2.6264    267.001     2.5067    277.529      10.50    1481.32     146260          1     2.5117 2.8054e-04    274.222    285.035    27.0429    27.0456         19  0.000e+00
   6094.167   48.87216  -16.52600     13.044     12.933    11.8856    11.8863  40.461155  40.465523    35.5556    35.5591     2.6264    266.980     2.5067    277.530      10.50    1481.32     146261          1     2.5117 2.8054e-04    274.200    285.036    27.0431    27.0457         19  0.000e+00
   6094.208   48.87216  -16.52600     13.112     13.001    11.8859    11.8863  40.461359  40.465321    35.5554    35.5589     2.6264    266.961     2.5067    277.537      10.50    1481.32     146262          1     2.5117 2.8054e-04    274.181    285.043    27.0429    27.0455         19  0.000e+00
   6094.250   48.87216  -16.52600     13.044     12.933    11.8856    11.8863  40.461223  40.465388    35.5556    35.5590     2.6264    266.942     2.5067    277.538      10.50    1481.32     146263          1     2.5117 2.8054e-04    274.161    285.044    27.0431    27.0456         19  0.000e+00
   6094.292   48.87224  -16.52598     13.112     13.001    11.8856    11.8863  40.461155  40.465523    35.5555    35.5591     2.6264    266.926     2.5055    277.353      10.50    1481.32     146264          1     2.5117 2.8054e-04    274.145    284.854    27.0431    27.0457         19  0.000e+00
   6094.333   48.87224  -16.52598     13.112     13.001    11.8854    11.8865  40.461359  40.465187    35.5559    35.5586     2.6264    266.909     2.5067    277.526      10.50    1481.32     146265          1     2.5117 2.8054e-04    274.127    285.032    27.0434    27.0453         19  0.000e+00
   6094.375   48.87224  -16.52598     13.044     12.933    11.8856    11.8863  40.461223  40.465456    35.5556    35.5591     2.6264    266.890     2.5055    277.338      10.50    1481.32     146266          1     2.5117 2.8054e-04    274.108    284.838    27.0431    27.0457         19  0.000e+00
   6094.417   48.87224  -16.52598     13.112     13.001    11.8854    11.8863  40.461155  40.465187    35.5557    35.5588     2.6264    266.877     2.5055    277.324      10.50    1481.32     146267          1     2.5117 2.8054e-04    274.095    284.825    27.0432    27.0454         19  0.000e+00
   6094.458   48.87224  -16.52598     13.112     13.001    11.8854    11.8861  40.461359  40.465187    35.5559    35.5589     2.6264    266.880     2.5055    277.310      10.50    1481.32     146268          1     2.5117 2.8054e-04    274.097    284.810    27.0434    27.0456         19  0.000e+00
   6094.500   48.87224  -16.52598     13.112     13.001    11.8856    11.8861  40.461496  40.464986    35.5559    35.5587     2.6252    266.714     2.5055    277.296      10.50    1481.68     146269          1     2.5117 2.8054e-04    273.927    284.795    27.0433    27.0455         19  0.000e+00
   6094.542   48.87224  -16.52598     13.093     12.981    11.8854    11.8860  40.461223  40.464717    35.5558    35.5586     2.6264    266.873     2.5055    277.282      10.50    1481.68     146270          1     2.5117 2.8054e-04    274.090    284.782    27.0433    27.0454         19  0.000e+00
   6094.583   48.87224  -16.52598     13.112     13.001    11.8853    11.8859  40.460882  40.464851    35.5555    35.5589     2.6264    266.865     2.5067    277.462      10.50    1481.32     146271          1     2.5117 2.8054e-04    274.082    284.966    27.0431    27.0456         19  0.000e+00
   6094.625   48.87224  -16.52598     13.259     13.146    11.8854    11.8858  40.461019  40.464986    35.5555    35.5590     2.6264    266.878     2.5055    277.285      10.50    1481.32     146272          1     2.5117 2.8054e-04    274.095    284.784    27.0431    27.0457         19  0.000e+00
   6094.667   48.87224  -16.52598     12.975     12.865    11.8853    11.8858  40.460882  40.464918    35.5556    35.5591     2.6264    266.879     2.5055    277.263      10.50    1481.68     146273          1     2.5117 2.8054e-04    274.096    284.762    27.0432    27.0458         19  0.000e+00
   6094.708   48.87224  -16.52598     13.191     13.078    11.8853    11.8858  40.461019  40.464650    35.5556    35.5587     2.6264    266.897     2.5055    277.260      10.50    1481.32     146274          1     2.5117 2.8054e-04    274.115    284.759    27.0432    27.0455         19  0.000e+00
   6094.750   48.87224  -16.52598     13.044     12.933    11.8853    11.8857  40.460882  40.464650    35.5556    35.5589     2.6264    266.888     2.5055    277.246      10.50    1481.32     146275          1     2.5117 2.8054e-04    274.105    284.744    27.0432    27.0457         19  0.000e+00
   6094.792   48.87224  -16.52598     13.112     13.001    11.8851    11.8858  40.460814  40.464851    35.5557    35.5589     2.6264    266.904     2.5055    277.238      10.50    1481.32     146276          1     2.5117 2.7883e-04    274.122    284.736    27.0433    27.0457         19  0.000e+00
   6094.833   48.87224  -16.52598     13.191     13.078    11.8853    11.8855  40.460814  40.464986    35.5554    35.5593     2.6264    266.904     2.5055    277.234      10.50    1481.68     146277          1     2.5117 2.8054e-04    274.121    284.732    27.0431    27.0460         19  0.000e+00
   6094.875   48.87224  -16.52598     13.044     12.933    11.8853    11.8857  40.460814  40.464918    35.5555    35.5592     2.6252    266.745     2.5067    277.412      10.50    1481.68     146278          1     2.5117 2.8054e-04    273.958    284.915    27.0431    27.0459         19  0.000e+00
   6094.917   48.87224  -16.52598     13.191     13.078    11.8853    11.8858  40.461019  40.464650    35.5556    35.5587     2.6264    266.920     2.5055    277.241      10.51    1481.32     146279          1     2.5227 2.8225e-04    274.138    284.739    27.0432    27.0455         19  0.000e+00
   6094.958   48.87224  -16.52598     13.093     12.981    11.8853    11.8857  40.460882  40.464919    35.5556    35.5591     2.6252    266.767     2.5055    277.231      10.51    1481.32     146280          1     2.5667 2.8909e-04    273.981    284.729    27.0431    27.0458         19  0.000e+00
   6095.000   48.87224  -16.52598     13.112     13.001    11.8853    11.8857  40.460814  40.465187    35.5555    35.5594     2.6252    266.772     2.5055    277.225      10.51    1481.32     146281          1     2.5776 2.9080e-04    273.986    284.723    27.0431    27.0460         19  0.000e+00
   6095.042   48.87224  -16.52598     13.112     13.001    11.8853    11.8857  40.461019  40.464851    35.5557    35.5591     2.6264    266.929     2.5055    277.222      10.50    1481.68     146282          1     2.5776 2.9080e-04    274.148    284.719    27.0432    27.0458         19  0.000e+00
   6095.083   48.87224  -16.52598     13.191     13.078    11.8853    11.8858  40.461155  40.464852    35.5558    35.5589     2.6264    266.938     2.5055    277.220      10.50    1481.68     146283          1     2.5776 2.9080e-04    274.157    284.718    27.0433    27.0456         19  0.000e+00
   6095.125   48.87216  -16.52600     13.112     13.001    11.8853    11.8858  40.460882  40.464919    35.5555    35.5590     2.6264    266.943     2.5055    277.214      10.50    1481.32     146284          1     2.5776 2.9080e-04    274.162    284.712    27.0431    27.0457         19  0.000e+00
   6095.167   48.87216  -16.52600     13.112     13.001    11.8853    11.8860  40.461019  40.464516    35.5557    35.5584     2.6264    266.951     2.5055    277.213      10.50    1481.68     146285          1     2.5776 2.9080e-04    274.170    284.710    27.0432    27.0452         19  0.000e+00
   6095.208   48.87216  -16.52600     13.191     13.078    11.8853    11.8858  40.461155  40.464785    35.5558    35.5588     2.6264    266.962     2.5055    277.215      10.50    1481.68     146286          1     2.5776 2.9080e-04    274.181    284.712    27.0433    27.0456         19  0.000e+00
   6095.250   48.87216  -16.52600     13.112     13.001    11.8853    11.8860  40.461155  40.464986    35.5558    35.5589     2.6252    266.817     2.5055    277.188      10.50    1481.32     146287          1     2.5776 2.9080e-04    274.033    284.685    27.0433    27.0456         19  0.000e+00
   6095.292   48.87224  -16.52598     13.112     13.001    11.8856    11.8858  40.461359  40.464919    35.5557    35.5590     2.6252    266.810     2.5055    277.189      10.50    1481.32     146288          1     2.5776 2.9080e-04    274.025    284.686    27.0432    27.0457         19  0.000e+00
   6095.333   48.87224  -16.52598     13.191     13.078    11.8857    11.8860  40.461496  40.464650    35.5557    35.5585     2.6252    266.807     2.5055    277.192      10.51    1481.68     146289          1     2.5776 2.9080e-04    274.022    284.689    27.0431    27.0453         19  0.000e+00
