Data_example/SBE_Data_Processed/DY130/SeaBird/Data/Batch/DY130_006.ros
* Sea-Bird SBE 9 Data File:
* FileName = C:\Users\sandm\Documents\Cruises\DY130\Data\Raw Data\DY130_006.hex
* Software Version Seasave V 7.26.7.121
* Temperature SN = 03P-5494
* Conductivity SN = 04C-3768
* Number of Bytes Per Scan = 45
* Number of Voltage Words = 4
* Number of Scans Averaged by the Deck Unit = 1
* NMEA Latitude = 48 57.60 N
* NMEA Longitude = 016 26.80 W
* NMEA UTC (Time) = Apr 04 2021  06:49:01
* NMEA baud rate = 9600
** Ship: RRS Discovery
** Cruise: DY130
** Cast: DY130_006
** Station: 045
** Julian Day: 094
** Date: 04/04/21
** Time (GMT): 06:48
** Latitude: 28 57.59N
** Longitude: 16 26.80W
** Depth (uncorrected m): 4811
** Principal Scientist: Sue Hart
** Operator: BP/PH BP/PH
# nquan = 27
# nvalues = 2541                                  
# units = specified
# name 0 = timeS: Time, Elapsed [seconds]
# name 1 = latitude: Latitude [deg]
# name 2 = longitude: Longitude [deg]
# name 3 = prDM: Pressure, Digiquartz [db]
# name 4 = depSM: Depth [salt water, m]
# name 5 = t090C: Temperature [ITS-90, deg C]
# name 6 = t190C: Temperature, 2 [ITS-90, deg C]
# name 7 = c0mS/cm: Conductivity [mS/cm]
# name 8 = c1mS/cm: Conductivity, 2 [mS/cm]
# name 9 = sal00: Salinity, Practical [PSU]
# name 10 = sal11: Salinity, Practical, 2 [PSU]
# name 11 = sbeox0V: Oxygen raw, SBE 43 [V]
# name 12 = sbox0Mm/Kg: Oxygen, SBE 43 [umol/kg]
# name 13 = sbeox1V: Oxygen raw, SBE 43, 2 [V]
# name 14 = sbox1Mm/Kg: Oxygen, SBE 43, 2 [umol/kg]
# name 15 = ptempC: Pressure Temperature [deg C]
# name 16 = altM: Altimeter [m]
# name 17 = scan: Scan Count
# name 18 = pumps: Pump Status
# name 19 = flECO-AFL: Fluorescence, WET Labs ECO-AFL/FL [mg/m^3]
# name 20 = turbWETbb0: Turbidity, WET Labs ECO BB [m^-1/sr]
# name 21 = sbeox0Mm/L: Oxygen, SBE 43 [umol/l]
# name 22 = sbeox1Mm/L: Oxygen, SBE 43, 2 [umol/l]
# name 23 = sigma-é00: Density [sigma-theta, kg/m^3]
# name 24 = sigma-é11: Density, 2 [sigma-theta, kg/m^3]
# name 25 = nbf: Bottles Fired
# name 26 = flag:  0.000e+00
# interval = seconds: 0.0416667
# start_time = Apr 04 2021 06:49:01 [NMEA time, first data scan]
# bad_flag = -9.990e-29
*END*
   1385.167   48.95994  -16.44674    205.604    203.759    10.9196    10.9213  39.480948  39.485954    35.4252    35.4285     2.4957    263.173     2.3834    273.400      10.50    1481.32      33245          1     0.1271 1.3012e-04    270.312    280.817    27.1260    27.1283          1  0.000e+00
   1385.208   48.95994  -16.44674    205.662    203.817    10.9194    10.9215  39.480611  39.486220    35.4249    35.4286     2.4982    263.509     2.3834    273.411      10.50    1481.32      33246          1     0.1271 1.3012e-04    270.657    280.828    27.1259    27.1283          1  0.000e+00
   1385.250   48.95994  -16.44674    205.672    203.827    10.9194    10.9213  39.481084  39.486020    35.4254    35.4285     2.4982    263.500     2.3834    273.423      10.50    1481.32      33247          1     0.1271 1.3012e-04    270.648    280.840    27.1262    27.1283          1  0.000e+00
   1385.292   48.95994  -16.44674    205.603    203.759    10.9193    10.9215  39.480678  39.486153    35.4252    35.4285     2.4982    263.509     2.3834    273.404      10.50    1481.68      33248          1     0.1271 1.3012e-04    270.657    280.821    27.1261    27.1283          1  0.000e+00
   1385.333   48.95994  -16.44674    205.672    203.827    10.9194    10.9213  39.480544  39.486020    35.4249    35.4285     2.4969    263.340     2.3834    273.391      10.50    1481.32      33249          1     0.1271 1.3012e-04    270.483    280.807    27.1258    27.1283          1  0.000e+00
   1385.375   48.96000  -16.44666    205.662    203.817    10.9194    10.9213  39.480544  39.486153    35.4249    35.4287     2.4957    263.148     2.3834    273.398      10.50    1481.32      33250          1     0.1271 1.3012e-04    270.286    280.815    27.1258    27.1284          1  0.000e+00
   1385.417   48.96000  -16.44666    205.672    203.827    10.9193    10.9213  39.480544  39.486087    35.4250    35.4286     2.4969    263.296     2.3834    273.381      10.49    1481.68      33251          1     0.1271 1.3012e-04    270.439    280.798    27.1259    27.1284          1  0.000e+00
   1385.458   48.96000  -16.44666    205.604    203.759    10.9194    10.9213  39.480813  39.486220    35.4252    35.4288     2.4982    263.459     2.3834    273.360      10.50    1481.32      33252          1     0.1271 1.3012e-04    270.606    280.776    27.1260    27.1285          1  0.000e+00
   1385.500   48.96000  -16.44666    205.662    203.817    10.9194    10.9215  39.480611  39.486020    35.4249    35.4284     2.4982    263.466     2.3834    273.342      10.49    1481.32      33253          1     0.1271 1.3012e-04    270.613    280.757    27.1259    27.1282          1  0.000e+00
   1385.542   48.96000  -16.44666    205.672    203.827    10.9193    10.9213  39.481084  39.485688    35.4255    35.4282     2.4982    263.470     2.3834    273.323      10.50    1481.32      33254          1     0.1271 1.3012e-04    270.617    280.738    27.1264    27.1281          1  0.000e+00
   1385.583   48.95994  -16.44674    205.672    203.827    10.9194    10.9215  39.480611  39.486087    35.4249    35.4284     2.4957    263.113     2.3834    273.300      10.50    1481.68      33255          1     0.1271 1.3012e-04    270.251    280.714    27.1259    27.1282          1  0.000e+00
   1385.625   48.95994  -16.44674    205.662    203.817    10.9193    10.9215  39.480476  39.486286    35.4249    35.4286     2.4957    263.076     2.3834    273.276      10.50    1481.32      33256          1     0.1271 1.3012e-04    270.212    280.690    27.1259    27.1284          1  0.000e+00
   1385.667   48.95994  -16.44674    205.672    203.827    10.9193    10.9215  39.480544  39.485555    35.4250    35.4279     2.4982    263.397     2.3834    273.254      10.50    1481.32      33257          1     0.1271 1.3012e-04    270.542    280.667    27.1259    27.1278          1  0.000e+00
   1385.708   48.95994  -16.44674    205.672    203.827    10.9194    10.9213  39.480544  39.485754    35.4249    35.4283     2.4982    263.396     2.3834    273.256      10.49    1481.32      33258          1     0.1271 1.3012e-04    270.541    280.669    27.1258    27.1281          1  0.000e+00
   1385.750   48.95994  -16.44674    205.603    203.759    10.9193    10.9212  39.480543  39.485954    35.4250    35.4286     2.4982    263.373     2.3834    273.255      10.49    1481.32      33259          1     0.1271 1.3012e-04    270.517    280.668    27.1260    27.1284          1  0.000e+00
   1385.792   48.95994  -16.44674    205.662    203.817    10.9193    10.9210  39.480814  39.485688    35.4253    35.4285     2.4969    263.211     2.3834    273.233      10.50    1481.68      33260          1     0.1271 1.3012e-04    270.351    280.646    27.1262    27.1284          1  0.000e+00
   1385.833   48.95994  -16.44674    205.672    203.827    10.9193    10.9212  39.480611  39.485887    35.4251    35.4285     2.4957    263.009     2.3834    273.232      10.50    1481.32      33261          1     0.1271 1.3012e-04    270.144    280.645    27.1260    27.1284          1  0.000e+00
   1385.875   48.95994  -16.44674    205.672    203.827    10.9191    10.9212  39.480544  39.485688    35.4251    35.4283     2.4969    263.166     2.3834    273.233      10.50    1481.68      33262          1     0.1161 1.2670e-04    270.305    280.645    27.1261    27.1282          1  0.000e+00
   1385.917   48.95994  -16.44674    205.662    203.817    10.9193    10.9215  39.481084  39.485621    35.4255    35.4280     2.4982    263.320     2.3834    273.231      10.50    1481.32      33263          1     0.1161 1.2670e-04    270.463    280.643    27.1264    27.1279          1  0.000e+00
   1385.958   48.95994  -16.44674    205.672    203.827    10.9193    10.9212  39.480476  39.485821    35.4249    35.4285     2.4982    263.336     2.3834    273.232      10.50    1481.32      33264          1     0.1161 1.2670e-04    270.479    280.645    27.1259    27.1283          1  0.000e+00
   1386.000   48.95994  -16.44674    205.672    203.827    10.9193    10.9212  39.480746  39.485754    35.4252    35.4284     2.4957    262.971     2.3834    273.233      10.50    1481.32      33265          1     0.1161 1.2670e-04    270.104    280.645    27.1261    27.1283          1  0.000e+00
   1386.042   48.95994  -16.44674    205.662    203.817    10.9194    10.9212  39.480949  39.485621    35.4253    35.4283     2.4957    262.944     2.3834    273.232      10.50    1481.68      33266          1     0.1161 1.2670e-04    270.077    280.645    27.1261    27.1282          1  0.000e+00
   1386.083   48.95994  -16.44674    205.672    203.827    10.9191    10.9213  39.480341  39.485621    35.4249    35.4281     2.4969    263.122     2.3834    273.232      10.50    1481.68      33267          1     0.1161 1.2670e-04    270.259    280.644    27.1259    27.1280          1  0.000e+00
   1386.125   48.95994  -16.44674    205.672    203.827    10.9193    10.9212  39.480409  39.485355    35.4249    35.4280     2.4969    263.096     2.3834    273.233      10.50    1481.32      33268          1     0.1161 1.2670e-04    270.233    280.646    27.1258    27.1279          1  0.000e+00
   1386.167   48.95994  -16.44674    205.672    203.827    10.9194    10.9212  39.480409  39.485488    35.4247    35.4281     2.4982    263.270     2.3822    273.031      10.50    1481.68      33269          1     0.1161 1.2670e-04    270.411    280.438    27.1257    27.1280          1  0.000e+00
   1386.208   48.95994  -16.44674    205.662    203.817    10.9193    10.9215  39.480476  39.485089    35.4249    35.4274     2.4957    262.926     2.3822    273.006      10.50    1481.32      33270          1     0.1161 1.2670e-04    270.058    280.412    27.1259    27.1274          1  0.000e+00
   1386.250   48.95994  -16.44674    205.672    203.827    10.9194    10.9213  39.480814  39.485156    35.4251    35.4277     2.4957    262.880     2.3834    273.187      10.50    1481.68      33271          1     0.1161 1.2670e-04    270.011    280.597    27.1260    27.1277          1  0.000e+00
   1386.292   48.95994  -16.44674    205.672    203.827    10.9193    10.9212  39.480611  39.485289    35.4251    35.4279     2.4969    263.056     2.3834    273.189      10.50    1481.32      33272          1     0.1161 1.2670e-04    270.191    280.600    27.1260    27.1279          1  0.000e+00
   1386.333   48.95994  -16.44674    205.662    203.817    10.9193    10.9215  39.480544  39.485488    35.4250    35.4278     2.4982    263.210     2.3822    272.987      10.50    1481.32      33273          1     0.1161 1.2670e-04    270.350    280.392    27.1259    27.1277          1  0.000e+00
   1386.375   48.96000  -16.44666    205.672    203.827    10.9193    10.9212  39.480544  39.485355    35.4250    35.4280     2.4982    263.224     2.3834    273.169      10.50    1481.32      33274          1     0.1161 1.2670e-04    270.365    280.580    27.1259    27.1279          1  0.000e+00
   1386.417   48.96000  -16.44666    205.672    203.827    10.9194    10.9210  39.480274  39.485289    35.4246    35.4281     2.4982    263.237     2.3834    273.173      10.50    1481.68      33275          1     0.1161 1.2670e-04    270.378    280.584    27.1256    27.1281          1  0.000e+00
   1386.458   48.96000  -16.44666    205.731    203.885    10.9193    10.9208  39.480409  39.485489    35.4248    35.4284     2.4982    263.232     2.3822    272.977      10.49    1481.68      33276          1     0.1161 1.2670e-04    270.372    280.382    27.1258    27.1283          1  0.000e+00
   1386.500   48.96000  -16.44666    205.603    203.759    10.9193    10.9206  39.480813  39.484823    35.4253    35.4280     2.4957    262.879     2.3822    272.954      10.50    1481.32      33277          1     0.1161 1.2670e-04    270.010    280.358    27.1262    27.1280          1  0.000e+00
   1386.542   48.96000  -16.44666    205.672    203.827    10.9193    10.9208  39.480611  39.485089    35.4251    35.4281     2.4969    263.053     2.3834    273.137      10.50    1481.32      33278          1     0.1161 1.2670e-04    270.189    280.547    27.1260    27.1280          1  0.000e+00
   1386.583   48.95994  -16.44674    205.672    203.827    10.9194    10.9206  39.480544  39.485488    35.4249    35.4286     2.4982    263.225     2.3834    273.142      10.50    1481.32      33279          1     0.1161 1.2670e-04    270.365    280.552    27.1258    27.1285          1  0.000e+00
   1386.625   48.95994  -16.44674    205.662    203.817    10.9193    10.9208  39.480544  39.485355    35.4250    35.4283     2.4982    263.216     2.3834    273.147      10.49    1481.68      33280          1     0.1161 1.2670e-04    270.356    280.557    27.1259    27.1283          1  0.000e+00
   1386.667   48.95994  -16.44674    205.672    203.827    10.9193    10.9206  39.480274  39.485488    35.4247    35.4286     2.4982    263.247     2.3834    273.153      10.50    1481.32      33281          1     0.1161 1.2670e-04    270.388    280.563    27.1257    27.1285          1  0.000e+00
   1386.708   48.95994  -16.44674    205.672    203.827    10.9193    10.9210  39.480611  39.485355    35.4251    35.4282     2.4957    262.918     2.3834    273.157      10.49    1481.32      33282          1     0.1161 1.2670e-04    270.050    280.567    27.1260    27.1281          1  0.000e+00
   1386.750   48.95994  -16.44674    205.662    203.817    10.9193    10.9206  39.480611  39.485488    35.4251    35.4286     2.4957    262.890     2.3834    273.163      10.49    1481.32      33283          1     0.1161 1.2670e-04    270.021    280.573    27.1260    27.1285          1  0.000e+00
   1386.792   48.95994  -16.44674    205.672    203.827    10.9194    10.9208  39.480544  39.485355    35.4249    35.4283     2.4982    263.201     2.3834    273.168      10.50    1481.32      33284          1     0.1161 1.2670e-04    270.340    280.578    27.1258    27.1283          1  0.000e+00
   1386.833   48.95994  -16.44674    205.603    203.759    10.9193    10.9208  39.480543  39.485289    35.4250    35.4283     2.4982    263.210     2.3834    273.171      10.50    1481.32      33285          1     0.1161 1.2670e-04    270.350    280.581    27.1260    27.1283          1  0.000e+00
   1386.875   48.95994  -16.44674    205.662    203.817    10.9191    10.9206  39.480544  39.485289    35.4251    35.4284     2.4969    263.064     2.3834    273.179      10.50    1481.32      33286          1     0.1161 1.2670e-04    270.199    280.590    27.1261    27.1284          1  0.000e+00
   1386.917   48.95994  -16.44674    205.672    203.826    10.9193    10.9206  39.480814  39.485289    35.4253    35.4284     2.4957    262.895     2.3834    273.184      10.50    1481.68      33287          1     0.1161 1.2670e-04    270.027    280.595    27.1262    27.1284          1  0.000e+00
   1386.958   48.95994  -16.44674    205.603    203.758    10.9193    10.9208  39.480611  39.485289    35.4251    35.4283     2.4969    263.066     2.3834    273.186      10.50    1481.32      33288          1     0.1051 1.2670e-04    270.202    280.597    27.1260    27.1282          1  0.000e+00
   1387.000   48.95994  -16.44674    205.672    203.826    10.9193    10.9206  39.480544  39.485289    35.4250    35.4284     2.4982    263.220     2.3834    273.195      10.50    1481.32      33289          1     0.1051 1.2670e-04    270.360    280.606    27.1259    27.1284          1  0.000e+00
   1387.042   48.95994  -16.44674    205.584    203.739    10.9194    10.9208  39.480813  39.485289    35.4252    35.4283     2.4982    263.228     2.3834    273.196      10.50    1481.32      33290          1     0.1051 1.2670e-04    270.368    280.607    27.1260    27.1282          1  0.000e+00
   1387.083   48.95994  -16.44674    205.672    203.826    10.9193    10.9205  39.480611  39.485289    35.4251    35.4286     2.4969    263.084     2.3834    273.205      10.49    1481.68      33291          1     0.1051 1.2670e-04    270.220    280.617    27.1260    27.1285          1  0.000e+00
   1387.125   48.95994  -16.44674    205.603    203.758    10.9193    10.9206  39.480543  39.485023    35.4250    35.4282     2.4957    262.915     2.3834    273.208      10.50    1481.32      33292          1     0.1051 1.2670e-04    270.046    280.620    27.1260    27.1282          1  0.000e+00
   1387.167   48.95994  -16.44674    205.584    203.739    10.9193    10.9205  39.480543  39.484956    35.4250    35.4283     2.4969    263.046     2.3834    273.213      10.50    1481.68      33293          1     0.1051 1.2670e-04    270.182    280.625    27.1260    27.1283          1  0.000e+00
   1387.208   48.95994  -16.44674    205.672    203.826    10.9193    10.9210  39.480004  39.485156    35.4245    35.4280     2.4982    263.202     2.3834    273.219      10.50    1481.68      33294          1     0.1051 1.2670e-04    270.341    280.631    27.1255    27.1280          1  0.000e+00
   1387.250   48.95994  -16.44674    205.603    203.758    10.9194    10.9208  39.480678  39.485555    35.4250    35.4286     2.4957    262.870     2.3834    273.222      10.50    1481.32      33295          1     0.1051 1.2670e-04    270.001    280.634    27.1259    27.1284          1  0.000e+00
   1387.292   48.95994  -16.44674    205.662    203.817    10.9193    10.9206  39.480544  39.485089    35.4250    35.4282     2.4957    262.867     2.3834    273.231      10.50    1481.32      33296          1     0.1051 1.2670e-04    269.997    280.643    27.1259    27.1282          1  0.000e+00
   1387.333   48.95994  -16.44674    205.603    203.758    10.9193    10.9208  39.480476  39.485156    35.4250    35.4282     2.4969    263.039     2.3834    273.233      10.50    1481.32      33297          1     0.1051 1.2670e-04    270.174    280.645    27.1259    27.1281          1  0.000e+00
