Data_example/SBE_Data_Processed/DY130/SeaBird/Data/Batch/DY130_004.ros
* Sea-Bird SBE 9 Data File:
* FileName = C:\Users\sandm\Documents\Cruises\DY130\Data\Raw Data\DY130_004.hex
* Software Version Seasave V 7.26.7.121
* Temperature SN = 03P-5494
* Conductivity SN = 04C-3768
* Number of Bytes Per Scan = 45
* Number of Voltage Words = 4
* Number of Scans Averaged by the Deck Unit = 1
* NMEA Latitude = 48 56.97 N
* NMEA Longitude = 016 26.65 W
* NMEA UTC (Time) = Apr 01 2021  07:02:32
* NMEA baud rate = 9600
** Ship: RRS Discovery
** Cruise: DY130
** Cast: DY130_004
** Station: 027
** Julian Day: 091
** Date: 01/04/21
** Time (GMT): 07:02
** Latitude: 48 56.96 N
** Longitude: 16 26.64 W
** Depth (uncorrected m): 4811
** Principal Scientist: Sue Hart
** Operator: BP/PH
# nquan = 29
# nvalues = 2541                                  
# units = specified
# name 0 = timeS: Time, Elapsed [seconds]
# name 1 = latitude: Latitude [deg]
# name 2 = longitude: Longitude [deg]
# name 3 = prDM: Pressure, Digiquartz [db]
# name 4 = depSM: Depth [salt water, m]
# name 5 = t090C: Temperature [ITS-90, deg C]
# name 6 = t190C: Temperature, 2 [ITS-90, deg C]
# name 7 = c0mS/cm: Conductivity [mS/cm]
# name 8 = c1mS/cm: Conductivity, 2 [mS/cm]
# name 9 = sal00: Salinity, Practical [PSU]
# name 10 = sal11: Salinity, Practical, 2 [PSU]
# name 11 = sbeox0V: Oxygen raw, SBE 43 [V]
# name 12 = sbox0Mm/Kg: Oxygen, SBE 43 [umol/kg]
# name 13 = sbeox1V: Oxygen raw, SBE 43, 2 [V]
# name 14 = sbox1Mm/Kg: Oxygen, SBE 43, 2 [umol/kg]
# name 15 = ptempC: Pressure Temperature [deg C]
# name 16 = altM: Altimeter [m]
# name 17 = scan: Scan Count
# name 18 = pumps: Pump Status
# name 19 = flECO-AFL: Fluorescence, WET Labs ECO-AFL/FL [mg/m^3]
# name 20 = turbWETbb0: Turbidity, WET Labs ECO BB [m^-1/sr]
# name 21 = sbeox0Mm/L: Oxygen, SBE 43 [umol/l]
# name 22 = sbeox1Mm/L: Oxygen, SBE 43, 2 [umol/l]
# name 23 = sigma-é00: Density [sigma-theta, kg/m^3]
# name 24 = sigma-é11: Density, 2 [sigma-theta, kg/m^3]
# name 25 = par: PAR/Irradiance, Biospherical/Licor [umol photons/m^2/sec]
# name 26 = par1: PAR/Irradiance, Biospherical/Licor [umol photons/m^2/sec]
# name 27 = nbf: Bottles Fired
# name 28 = flag:  0.000e+00
# interval = seconds: 0.0416667
# start_time = Apr 01 2021 07:02:33 [NMEA time, first data scan]
# bad_flag = -9.990e-29
*END*
[from data line 451]
   1271.708   48.94942  -16.44410    204.924    203.086    11.0711    11.0717  39.658457  39.661776    35.4568    35.4596     2.4664    258.153     2.3565    268.417       9.83    1481.32      30522          1     0.0172 1.0618e-04    265.155    275.698    27.1231    27.1251 1.5634e-05 4.5139e-06          4  0.000e+00
   1271.750   48.94942  -16.44410    204.855    203.018    11.0709    11.0717  39.658592  39.661776    35.4571    35.4596     2.4664    258.154     2.3565    268.432       9.83    1481.32      30523          1     0.0172 1.0618e-04    265.156    275.713    27.1234    27.1252 1.5634e-05 4.5139e-06          4  0.000e+00
   1271.792   48.94950  -16.44416    204.855    203.018    11.0709    11.0718  39.658456  39.661976    35.4570    35.4597     2.4664    258.136     2.3565    268.448       9.83    1481.32      30524          1     0.0172 1.0618e-04    265.137    275.729    27.1233    27.1252 1.5634e-05 4.5139e-06          4  0.000e+00
   1271.833   48.94950  -16.44416    204.914    203.076    11.0708    11.0716  39.658592  39.662376    35.4573    35.4603     2.4664    258.140     2.3553    268.264       9.83    1481.32      30525          1     0.0172 1.0618e-04    265.142    275.541    27.1235    27.1257 1.5634e-05 4.5139e-06          4  0.000e+00
   1271.875   48.94950  -16.44416    204.924    203.086    11.0707    11.0717  39.658727  39.661910    35.4574    35.4597     2.4652    257.943     2.3565    268.457       9.83    1481.32      30526          1     0.0172 1.0618e-04    264.940    275.739    27.1237    27.1253 1.5634e-05 4.5139e-06          4  0.000e+00
   1271.917   48.94950  -16.44416    204.855    203.018    11.0709    11.0716  39.658930  39.661776    35.4575    35.4597     2.4652    257.922     2.3553    268.268       9.83    1481.32      30527          1     0.0062 1.0618e-04    264.918    275.545    27.1237    27.1253 1.5634e-05 4.5139e-06          4  0.000e+00
   1271.958   48.94942  -16.44410    204.914    203.076    11.0709    11.0717  39.658592  39.661776    35.4571    35.4596     2.4664    258.086     2.3553    268.260       9.83    1481.32      30528          1     0.0172 1.0618e-04    265.086    275.536    27.1234    27.1252 1.5634e-05 4.5139e-06          4  0.000e+00
   1272.000   48.94942  -16.44410    204.924    203.086    11.0709    11.0717  39.658592  39.661976    35.4571    35.4598     2.4664    258.089     2.3565    268.451       9.83    1481.68      30529          1     0.0172 1.0618e-04    265.089    275.732    27.1234    27.1253 1.5634e-05 4.5139e-06          4  0.000e+00
   1272.042   48.94942  -16.44410    204.855    203.018    11.0709    11.0718  39.658456  39.662109    35.4570    35.4598     2.4664    258.089     2.3565    268.461       9.83    1481.68      30530          1     0.0172 1.0618e-04    265.089    275.743    27.1233    27.1253 1.5634e-05 4.5139e-06          4  0.000e+00
   1272.083   48.94942  -16.44410    204.924    203.086    11.0711    11.0718  39.658592  39.662109    35.4569    35.4597     2.4652    257.914     2.3565    268.475       9.83    1481.32      30531          1     0.0172 1.0618e-04    264.910    275.758    27.1232    27.1253 1.5634e-05 4.5139e-06          4  0.000e+00
   1272.125   48.94942  -16.44410    204.914    203.076    11.0711    11.0717  39.658456  39.661843    35.4568    35.4597     2.4652    257.878     2.3565    268.487       9.83    1481.32      30532          1     0.0172 1.0618e-04    264.873    275.770    27.1231    27.1252 1.5634e-05 4.5139e-06          4  0.000e+00
   1272.167   48.94942  -16.44410    204.924    203.086    11.0709    11.0718  39.658321  39.662309    35.4568    35.4599     2.4652    257.863     2.3565    268.496       9.83    1481.32      30533          1     0.0172 1.0618e-04    264.857    275.779    27.1232    27.1254 1.5634e-05 4.5139e-06          4  0.000e+00
   1272.208   48.94942  -16.44410    204.855    203.018    11.0711    11.0718  39.658389  39.662242    35.4568    35.4600     2.4652    257.845     2.3565    268.503       9.83    1481.32      30534          1     0.0062 1.0618e-04    264.838    275.787    27.1231    27.1254 1.5634e-05 4.5139e-06          4  0.000e+00
   1272.250   48.94942  -16.44410    204.924    203.086    11.0709    11.0717  39.658592  39.661843    35.4571    35.4596     2.4652    257.833     2.3565    268.515       9.83    1481.32      30535          1     0.0172 1.0618e-04    264.826    275.799    27.1234    27.1252 1.5634e-05 4.5139e-06          4  0.000e+00
   1272.292   48.94942  -16.44410    204.914    203.076    11.0709    11.0718  39.658457  39.661976    35.4570    35.4597     2.4652    257.819     2.3565    268.521       9.83    1481.32      30536          1     0.0062 1.0789e-04    264.812    275.805    27.1233    27.1252 1.5634e-05 4.5139e-06          4  0.000e+00
   1272.333   48.94942  -16.44410    204.924    203.086    11.0711    11.0717  39.658592  39.662109    35.4569    35.4599     2.4652    257.785     2.3565    268.528       9.83    1481.32      30537          1    -0.0048 1.0789e-04    264.777    275.812    27.1232    27.1254 1.5634e-05 4.5139e-06          4  0.000e+00
   1272.375   48.94942  -16.44410    204.924    203.086    11.0709    11.0718  39.658457  39.662376    35.4570    35.4601     2.4652    257.793     2.3565    268.532       9.83    1481.32      30538          1     0.0062 1.0960e-04    264.786    275.816    27.1233    27.1255 1.5634e-05 4.5139e-06          4  0.000e+00
   1272.417   48.94942  -16.44410    204.914    203.076    11.0711    11.0717  39.658321  39.662243    35.4567    35.4600     2.4664    257.960     2.3565    268.537       9.83    1481.32      30539          1     0.0062 1.0789e-04    264.956    275.821    27.1230    27.1255 1.5634e-05 4.5139e-06          4  0.000e+00
   1272.458   48.94942  -16.44410    204.924    203.086    11.0709    11.0718  39.658659  39.661843    35.4572    35.4595     2.4652    257.790     2.3565    268.540       9.83    1481.32      30540          1     0.0062 1.0789e-04    264.782    275.824    27.1234    27.1251 1.5634e-05 4.5139e-06          4  0.000e+00
   1272.500   48.94942  -16.44410    204.855    203.018    11.0708    11.0718  39.658389  39.662309    35.4571    35.4600     2.4652    257.778     2.3565    268.539       9.83    1481.68      30541          1     0.0062 1.0789e-04    264.770    275.823    27.1234    27.1254 1.5634e-05 4.5139e-06          4  0.000e+00
   1272.542   48.94942  -16.44410    204.924    203.086    11.0711    11.0717  39.658389  39.662243    35.4568    35.4600     2.4652    257.790     2.3565    268.543       9.83    1481.32      30542          1     0.0062 1.0789e-04    264.782    275.827    27.1231    27.1255 1.5634e-05 4.5139e-06          4  0.000e+00
   1272.583   48.94942  -16.44410    204.983    203.144    11.0708    11.0718  39.658592  39.662110    35.4572    35.4598     2.4652    257.784     2.3565    268.545       9.83    1481.68      30543          1     0.0062 1.0789e-04    264.776    275.829    27.1235    27.1253 1.5634e-05 4.5139e-06          4  0.000e+00
   1272.625   48.94942  -16.44410    204.924    203.086    11.0708    11.0718  39.657983  39.662376    35.4566    35.4600     2.4652    257.776     2.3565    268.541       9.83    1481.32      30544          1     0.0062 1.0789e-04    264.768    275.825    27.1230    27.1255 1.5634e-05 4.5139e-06          4  0.000e+00
   1272.667   48.94942  -16.44410    204.924    203.086    11.0707    11.0718  39.658389  39.662509    35.4571    35.4602     2.4652    257.769     2.3565    268.539       9.83    1481.68      30545          1     0.0062 1.0789e-04    264.761    275.823    27.1234    27.1256 1.5634e-05 4.5139e-06          4  0.000e+00
   1272.708   48.94942  -16.44410    204.924    203.086    11.0709    11.0717  39.658457  39.662176    35.4570    35.4600     2.4652    257.763     2.3565    268.537       9.83    1481.32      30546          1     0.0062 1.0960e-04    264.754    275.821    27.1233    27.1254 1.5634e-05 4.5139e-06          4  0.000e+00
   1272.750   48.94942  -16.44410    204.914    203.076    11.0709    11.0719  39.658321  39.662109    35.4569    35.4597     2.4652    257.758     2.3565    268.532       9.83    1481.32      30547          1     0.0062 1.0789e-04    264.749    275.816    27.1232    27.1252 1.5634e-05 4.5139e-06          4  0.000e+00
   1272.792   48.94950  -16.44416    204.992    203.154    11.0707    11.0718  39.658389  39.662376    35.4571    35.4600     2.4652    257.757     2.3565    268.529       9.83    1481.68      30548          1     0.0062 1.0789e-04    264.748    275.813    27.1234    27.1254 1.5634e-05 4.5139e-06          4  0.000e+00
   1272.833   48.94950  -16.44416    204.924    203.086    11.0709    11.0718  39.658321  39.661909    35.4568    35.4596     2.4652    257.751     2.3565    268.522       9.83    1481.32      30549          1     0.0062 1.0789e-04    264.742    275.805    27.1232    27.1252 1.5634e-05 4.5408e-06          4  0.000e+00
   1272.875   48.94950  -16.44416    204.924    203.086    11.0708    11.0720  39.658118  39.662043    35.4568    35.4595     2.4652    257.749     2.3565    268.513       9.83    1481.32      30550          1     0.0062 1.0789e-04    264.740    275.797    27.1231    27.1250 1.5634e-05 4.5139e-06          4  0.000e+00
   1272.917   48.94950  -16.44416    204.983    203.144    11.0709    11.0719  39.658524  39.662376    35.4570    35.4599     2.4664    257.927     2.3565    268.507       9.83    1481.32      30551          1     0.0062 1.0789e-04    264.922    275.790    27.1233    27.1254 1.5634e-05 4.5139e-06          4  0.000e+00
   1272.958   48.94942  -16.44410    204.924    203.086    11.0709    11.0718  39.658457  39.662176    35.4570    35.4598     2.4664    257.942     2.3565    268.497       9.83    1481.68      30552          1     0.0062 1.0789e-04    264.939    275.780    27.1233    27.1253 1.5634e-05 4.5139e-06          4  0.000e+00
   1273.000   48.94942  -16.44410    204.992    203.154    11.0711    11.0718  39.658322  39.662110    35.4566    35.4598     2.4664    257.962     2.3565    268.489       9.83    1481.32      30553          1     0.0062 1.0960e-04    264.959    275.772    27.1230    27.1253 1.5634e-05 4.5139e-06          4  0.000e+00
   1273.042   48.94942  -16.44410    204.982    203.144    11.0709    11.0718  39.658389  39.662110    35.4569    35.4597     2.4664    257.980     2.3553    268.276       9.83    1481.32      30554          1     0.0062 1.0789e-04    264.977    275.553    27.1232    27.1252 1.5634e-05 4.5139e-06          4  0.000e+00
   1292.458   48.94942  -16.44410    204.707    202.871    11.0708    11.0717  39.657982  39.661309    35.4567    35.4592     2.4664    258.261     2.3553    268.070       9.85    1481.32      31020          1    -0.0048 1.1131e-04    265.266    275.342    27.1231    27.1248 1.5634e-05 4.5139e-06          5  0.000e+00
   1292.500   48.94942  -16.44410    204.707    202.871    11.0708    11.0715  39.658320  39.661442    35.4571    35.4595     2.4664    258.269     2.3553    268.074       9.83    1481.32      31021          1     0.0062 1.0960e-04    265.275    275.346    27.1234    27.1252 1.5634e-05 4.5139e-06          5  0.000e+00
   1292.542   48.94942  -16.44410    204.560    202.725    11.0709    11.0717  39.658049  39.661442    35.4567    35.4594     2.4664    258.272     2.3553    268.071       9.83    1481.68      31022          1     0.0062 1.0789e-04    265.278    275.342    27.1231    27.1250 1.5634e-05 4.5139e-06          5  0.000e+00
   1292.583   48.94942  -16.44410    204.687    202.851    11.0708    11.0718  39.658320  39.661642    35.4571    35.4594     2.4664    258.284     2.3553    268.078       9.83    1481.32      31023          1     0.0062 1.0789e-04    265.290    275.349    27.1234    27.1250 1.5634e-05 4.5139e-06          5  0.000e+00
   1292.625   48.94942  -16.44410    204.628    202.793    11.0706    11.0716  39.658320  39.661775    35.4573    35.4598     2.4664    258.289     2.3553    268.079       9.83    1481.32      31024          1     0.0062 1.0960e-04    265.295    275.351    27.1236    27.1254 1.5634e-05 4.5139e-06          5  0.000e+00
   1292.667   48.94942  -16.44410    204.560    202.725    11.0709    11.0715  39.657914  39.661775    35.4566    35.4599     2.4664    258.292     2.3553    268.081       9.83    1481.68      31025          1    -0.0048 1.0960e-04    265.298    275.352    27.1230    27.1255 1.5634e-05 4.5139e-06          5  0.000e+00
   1292.708   48.94942  -16.44410    204.560    202.725    11.0709    11.0717  39.657914  39.661508    35.4566    35.4594     2.4664    258.297     2.3553    268.083       9.85    1481.32      31026          1     0.0062 1.0789e-04    265.303    275.355    27.1230    27.1250 1.5634e-05 4.5139e-06          5  0.000e+00
   1292.750   48.94942  -16.44410    204.550    202.715    11.0706    11.0717  39.658049  39.661175    35.4571    35.4592     2.4664    258.302     2.3553    268.087       9.83    1481.32      31027          1     0.0062 1.0789e-04    265.308    275.358    27.1234    27.1248 1.5634e-05 4.5139e-06          5  0.000e+00
   1292.792   48.94950  -16.44416    204.560    202.725    11.0706    11.0716  39.657711  39.661309    35.4567    35.4594     2.4664    258.306     2.3553    268.090       9.83    1481.32      31028          1     0.0062 1.0789e-04    265.312    275.362    27.1231    27.1250 1.5634e-05 4.5139e-06          5  0.000e+00
   1292.833   48.94950  -16.44416    204.491    202.657    11.0706    11.0715  39.657981  39.661641    35.4570    35.4598     2.4664    258.306     2.3553    268.091       9.83    1481.32      31029          1     0.0062 1.0789e-04    265.312    275.363    27.1234    27.1254 1.5634e-05 4.5139e-06          5  0.000e+00
   1292.875   48.94950  -16.44416    204.550    202.715    11.0708    11.0717  39.657982  39.661508    35.4568    35.4595     2.4664    258.308     2.3553    268.095       9.83    1481.68      31030          1     0.0062 1.0789e-04    265.315    275.367    27.1232    27.1251 1.5634e-05 4.5139e-06          5  0.000e+00
   1292.917   48.94950  -16.44416    204.491    202.657    11.0704    11.0715  39.657779  39.661442    35.4570    35.4596     2.4664    258.309     2.3553    268.097       9.83    1481.32      31031          1     0.0062 1.0789e-04    265.315    275.369    27.1233    27.1252 1.5634e-05 4.5139e-06          5  0.000e+00
   1292.958   48.94942  -16.44410    204.413    202.579    11.0704    11.0716  39.657914  39.661441    35.4571    35.4596     2.4664    258.306     2.3553    268.097       9.83    1481.32      31032          1     0.0062 1.0789e-04    265.312    275.369    27.1235    27.1252 1.5634e-05 4.5139e-06          5  0.000e+00
   1293.000   48.94942  -16.44410    204.491    202.657    11.0708    11.0715  39.657779  39.661175    35.4566    35.4594     2.4664    258.307     2.3553    268.104       9.83    1481.68      31033          1     0.0062 1.0789e-04    265.313    275.376    27.1230    27.1250 1.5634e-05 4.5139e-06          5  0.000e+00
   1293.042   48.94942  -16.44410    204.403    202.570    11.0704    11.0714  39.657914  39.661308    35.4571    35.4596     2.4664    258.303     2.3553    268.104       9.83    1481.32      31034          1     0.0062 1.0789e-04    265.309    275.376    27.1235    27.1253 1.5634e-05 4.5139e-06          5  0.000e+00
   1293.083   48.94942  -16.44410    204.413    202.579    11.0706    11.0715  39.657778  39.661641    35.4569    35.4599     2.4664    258.301     2.3553    268.106       9.83    1481.68      31035          1     0.0062 1.0960e-04    265.307    275.379    27.1232    27.1254 1.5634e-05 4.5139e-06          5  0.000e+00
