Data_example/SBE_Data_Processed/DY130/SeaBird/Data/Batch/DY130_012.ros
* Sea-Bird SBE 9 Data File:
* FileName = C:\Users\sandm\Documents\Cruises\DY130\Data\Raw Data\DY130_012.hex
* Software Version Seasave V 7.26.7.121
* Temperature SN = 03P-5494
* Conductivity SN = 04C-3768
* Number of Bytes Per Scan = 45
* Number of Voltage Words = 4
* Number of Scans Averaged by the Deck Unit = 1
* NMEA Latitude = 48 57.73 N
* NMEA Longitude = 016 27.37 W
* NMEA UTC (Time) = Apr 09 2021  08:23:20
* NMEA baud rate = 9600
** Ship: RRS Discovery
** Cruise: DY130
** Cast: DY130_012
** Station: 071
** Julian Day: 099
** Date: 09/04/2021
** Time (GMT): 08:23
** Latitude: 48 57.72 N
** Longitude: 16 27.37 W
** Depth (uncorrected m): 4808
** Principal Scientist: Sue Hart
** Operator: BP/PH
# nquan = 27
# nvalues = 2904                                  
# units = specified
# name 0 = timeS: Time, Elapsed [seconds]
# name 1 = latitude: Latitude [deg]
# name 2 = longitude: Longitude [deg]
# name 3 = prDM: Pressure, Digiquartz [db]
# name 4 = depSM: Depth [salt water, m]
# name 5 = t090C: Temperature [ITS-90, deg C]
# name 6 = t190C: Temperature, 2 [ITS-90, deg C]
# name 7 = c0mS/cm: Conductivity [mS/cm]
# name 8 = c1mS/cm: Conductivity, 2 [mS/cm]
# name 9 = sal00: Salinity, Practical [PSU]
# name 10 = sal11: Salinity, Practical, 2 [PSU]
# name 11 = sbeox0V: Oxygen raw, SBE 43 [V]
# name 12 = sbox0Mm/Kg: Oxygen, SBE 43 [umol/kg]
# name 13 = sbeox1V: Oxygen raw, SBE 43, 2 [V]
# name 14 = sbox1Mm/Kg: Oxygen, SBE 43, 2 [umol/kg]
# name 15 = ptempC: Pressure Temperature [deg C]
# name 16 = altM: Altimeter [m]
# name 17 = scan: Scan Count
# name 18 = pumps: Pump Status
# name 19 = flECO-AFL: Fluorescence, WET Labs ECO-AFL/FL [mg/m^3]
# name 20 = turbWETbb0: Turbidity, WET Labs ECO BB [m^-1/sr]
# name 21 = sbeox0Mm/L: Oxygen, SBE 43 [umol/l]
# name 22 = sbeox1Mm/L: Oxygen, SBE 43, 2 [umol/l]
# name 23 = sigma-é00: Density [sigma-theta, kg/m^3]
# name 24 = sigma-é11: Density, 2 [sigma-theta, kg/m^3]
# name 25 = nbf: Bottles Fired
# name 26 = flag:  0.000e+00
# interval = seconds: 0.0416667
# start_time = Apr 09 2021 08:23:21 [NMEA time, first data scan]
# bad_flag = -9.990e-29
*END*
[from data line 1826]
   2275.917   48.96210  -16.45624     33.408     33.123    12.0905    12.0912  40.696379  40.700769    35.5811    35.5847     2.6349    267.713     2.5104    277.654      10.81    1481.32      54623          1     2.3469 2.8567e-04    274.947    285.158    27.0240    27.0267         16  0.000e+00
   2275.958   48.96210  -16.45624     33.369     33.084    12.0905    12.0909  40.696515  40.700567    35.5812    35.5848     2.6349    267.705     2.5104    277.663      10.81    1481.68      54624          1     2.3469 2.8567e-04    274.940    285.168    27.0241    27.0268         16  0.000e+00
   2276.000   48.96210  -16.45624     33.438     33.152    12.0907    12.0909  40.696379  40.700230    35.5809    35.5844     2.6349    267.684     2.5104    277.674      10.82    1481.32      54625          1     2.3469 2.8567e-04    274.917    285.179    27.0238    27.0266         16  0.000e+00
   2276.042   48.96210  -16.45624     33.408     33.122    12.0907    12.0907  40.695764  40.700163    35.5803    35.5845     2.6337    267.508     2.5104    277.681      10.82    1481.32      54626          1     2.3469 2.8567e-04    274.737    285.186    27.0234    27.0266         16  0.000e+00
   2276.083   48.96210  -16.45624     33.438     33.152    12.0905    12.0907  40.696106  40.700163    35.5808    35.5845     2.6337    267.487     2.5104    277.689      10.82    1481.32      54627          1     2.3469 2.8567e-04    274.715    285.194    27.0238    27.0266         16  0.000e+00
   2276.125   48.96210  -16.45624     33.408     33.122    12.0905    12.0907  40.696037  40.700163    35.5807    35.5845     2.6349    267.633     2.5104    277.693      10.81    1481.68      54628          1     2.3469 2.8567e-04    274.865    285.198    27.0238    27.0266         16  0.000e+00
   2276.167   48.96210  -16.45624     33.438     33.152    12.0903    12.0907  40.695969  40.700365    35.5808    35.5847     2.6349    267.629     2.5104    277.698      10.81    1481.32      54629          1     2.3469 2.8567e-04    274.862    285.203    27.0238    27.0268         16  0.000e+00
   2276.208   48.96210  -16.45624     33.477     33.190    12.0903    12.0905  40.695969  40.700231    35.5808    35.5847     2.6349    267.626     2.5104    277.704      10.81    1481.32      54630          1     2.3469 2.8396e-04    274.858    285.210    27.0238    27.0268         16  0.000e+00
   2276.250   48.96210  -16.45624     33.438     33.152    12.0903    12.0907  40.695969  40.700365    35.5808    35.5847     2.6349    267.619     2.5104    277.704      10.81    1481.68      54631          1     2.3469 2.8567e-04    274.851    285.210    27.0238    27.0268         16  0.000e+00
   2276.292   48.96210  -16.45624     33.408     33.122    12.0904    12.0909  40.695969  40.700230    35.5808    35.5845     2.6349    267.613     2.5104    277.705      10.82    1481.68      54632          1     2.3469 2.8567e-04    274.845    285.210    27.0238    27.0266         16  0.000e+00
   2276.333   48.96210  -16.45624     33.516     33.229    12.0901    12.0905  40.696174  40.700163    35.5811    35.5847     2.6349    267.630     2.5104    277.711      10.81    1481.68      54633          1     2.3469 2.8567e-04    274.863    285.217    27.0241    27.0268         16  0.000e+00
   2276.375   48.96210  -16.45624     33.516     33.229    12.0900    12.0905  40.696311  40.699894    35.5814    35.5844     2.6349    267.626     2.5104    277.712      10.82    1481.32      54634          1     2.3469 2.8567e-04    274.859    285.217    27.0244    27.0266         16  0.000e+00
   2276.417   48.96210  -16.45624     33.477     33.190    12.0901    12.0905  40.696037  40.700029    35.5810    35.5845     2.6349    267.621     2.5104    277.709      10.82    1481.68      54635          1     2.3469 2.8567e-04    274.853    285.215    27.0240    27.0267         16  0.000e+00
   2276.458   48.96210  -16.45624     33.438     33.151    12.0903    12.0907  40.695969  40.700365    35.5808    35.5847     2.6349    267.614     2.5104    277.704      10.82    1481.32      54636          1     2.3579 2.8567e-04    274.846    285.210    27.0238    27.0268         16  0.000e+00
   2276.500   48.96210  -16.45624     33.545     33.258    12.0900    12.0904  40.695969  40.699962    35.5811    35.5846     2.6349    267.615     2.5104    277.708      10.82    1481.32      54637          1     2.3798 2.8909e-04    274.847    285.213    27.0241    27.0268         16  0.000e+00
   2276.542   48.96210  -16.45624     33.516     33.229    12.0900    12.0905  40.695969  40.699827    35.5811    35.5843     2.6349    267.610     2.5104    277.703      10.81    1481.32      54638          1     2.3908 2.9080e-04    274.842    285.208    27.0241    27.0265         16  0.000e+00
   2276.583   48.96210  -16.45624     33.477     33.190    12.0901    12.0905  40.696174  40.699827    35.5812    35.5843     2.6349    267.603     2.5104    277.697      10.82    1481.32      54639          1     2.3908 2.9080e-04    274.835    285.202    27.0242    27.0265         16  0.000e+00
   2276.625   48.96210  -16.45624     33.516     33.229    12.0900    12.0904  40.696038  40.699827    35.5811    35.5845     2.6361    267.770     2.5104    277.694      10.81    1481.68      54640          1     2.3798 2.9080e-04    275.006    285.199    27.0241    27.0267         16  0.000e+00
   2276.667   48.96210  -16.45624     33.408     33.122    12.0901    12.0907  40.696174  40.700028    35.5812    35.5844     2.6349    267.609     2.5104    277.682      10.82    1481.32      54641          1     2.3798 2.9080e-04    274.841    285.186    27.0242    27.0265         16  0.000e+00
   2276.708   48.96210  -16.45624     33.653     33.365    12.0900    12.0905  40.695765  40.699760    35.5808    35.5842     2.6349    267.613     2.5104    277.684      10.81    1481.32      54642          1     2.3908 2.9080e-04    274.845    285.189    27.0239    27.0264         16  0.000e+00
   2276.750   48.96216  -16.45616     33.516     33.229    12.0900    12.0905  40.695833  40.700029    35.5810    35.5845     2.6361    267.773     2.5104    277.671      10.82    1481.32      54643          1     2.3798 2.9080e-04    275.009    285.175    27.0240    27.0267         16  0.000e+00
   2276.792   48.96216  -16.45616     33.477     33.190    12.0901    12.0907  40.696174  40.699894    35.5812    35.5842     2.6349    267.630     2.5104    277.660      10.82    1481.68      54644          1     2.3798 2.9080e-04    274.863    285.164    27.0242    27.0264         16  0.000e+00
   2276.833   48.96216  -16.45616     33.584     33.297    12.0901    12.0904  40.696038  40.700029    35.5810    35.5846     2.6361    267.816     2.5104    277.655      10.82    1481.68      54645          1     2.3908 2.9080e-04    275.054    285.159    27.0240    27.0268         16  0.000e+00
   2276.875   48.96216  -16.45616     33.477     33.190    12.0901    12.0904  40.696174  40.700163    35.5812    35.5848     2.6349    267.655     2.5104    277.640      10.82    1481.32      54646          1     2.3798 2.9080e-04    274.888    285.144    27.0242    27.0269         16  0.000e+00
   2276.917   48.96208  -16.45624     33.584     33.297    12.0900    12.0904  40.696038  40.700164    35.5811    35.5848     2.6361    267.841     2.5104    277.632      10.82    1481.68      54647          1     2.3798 2.9080e-04    275.080    285.136    27.0241    27.0269         16  0.000e+00
   2276.958   48.96208  -16.45624     33.545     33.258    12.0900    12.0904  40.695969  40.700096    35.5811    35.5847     2.6361    267.853     2.5104    277.618      10.82    1481.32      54648          1     2.3908 2.9080e-04    275.091    285.122    27.0241    27.0269         16  0.000e+00
   2277.000   48.96208  -16.45624     33.516     33.229    12.0903    12.0905  40.696174  40.699894    35.5810    35.5844     2.6349    267.692     2.5104    277.604      10.81    1481.32      54649          1     2.3798 2.9080e-04    274.926    285.106    27.0240    27.0266         16  0.000e+00
   2277.042   48.96208  -16.45624     33.545     33.258    12.0900    12.0904  40.696038  40.700029    35.5811    35.5846     2.6349    267.707     2.5104    277.591      10.82    1481.32      54650          1     2.3798 2.9080e-04    274.942    285.093    27.0242    27.0268         16  0.000e+00
   2277.083   48.96208  -16.45624     33.584     33.297    12.0900    12.0904  40.696175  40.700164    35.5813    35.5848     2.6361    267.872     2.5104    277.576      10.81    1481.68      54651          1     2.3798 2.9080e-04    275.111    285.078    27.0242    27.0269         16  0.000e+00
   2277.125   48.96208  -16.45624     33.545     33.258    12.0901    12.0907  40.695969  40.700365    35.5809    35.5847     2.6349    267.713     2.5104    277.557      10.82    1481.32      54652          1     2.3908 2.9080e-04    274.948    285.058    27.0240    27.0268         16  0.000e+00
   2277.167   48.96208  -16.45624     33.516     33.229    12.0901    12.0907  40.695901  40.699961    35.5809    35.5843     2.6361    267.875     2.5104    277.540      10.81    1481.68      54653          1     2.3798 2.8909e-04    275.114    285.040    27.0239    27.0265         16  0.000e+00
   2277.208   48.96208  -16.45624     33.516     33.229    12.0903    12.0905  40.695696  40.700500    35.5805    35.5851     2.6361    267.904     2.5104    277.522      10.83    1481.32      54654          1     2.3908 2.9080e-04    275.143    285.022    27.0236    27.0271         16  0.000e+00
   2277.250   48.96208  -16.45624     33.545     33.258    12.0904    12.0907  40.695628  40.700029    35.5804    35.5843     2.6361    267.933     2.5104    277.504      10.82    1481.32      54655          1     2.3908 2.9080e-04    275.174    285.004    27.0235    27.0265         16  0.000e+00
   2277.292   48.96208  -16.45624     33.584     33.297    12.0901    12.0909  40.695833  40.700298    35.5808    35.5844     2.6361    267.964     2.5104    277.507      10.81    1481.68      54656          1     2.3798 2.9080e-04    275.205    285.007    27.0239    27.0266         16  0.000e+00
   2277.333   48.96208  -16.45624     33.545     33.258    12.0903    12.0907  40.696174  40.700500    35.5810    35.5848     2.6361    267.971     2.5104    277.508      10.82    1481.32      54657          1     2.3798 2.9080e-04    275.213    285.008    27.0240    27.0269         16  0.000e+00
   2277.375   48.96208  -16.45624     33.584     33.297    12.0901    12.0907  40.696038  40.700231    35.5810    35.5845     2.6361    267.984     2.5104    277.513      10.81    1481.68      54658          1     2.3798 2.9080e-04    275.226    285.013    27.0240    27.0266         16  0.000e+00
   2277.417   48.96208  -16.45624     33.476     33.190    12.0901    12.0909  40.696174  40.700163    35.5812    35.5844     2.6361    268.007     2.5104    277.488      10.82    1481.32      54659          1     2.3908 2.9080e-04    275.250    284.988    27.0242    27.0265         16  0.000e+00
   2277.458   48.96208  -16.45624     33.584     33.297    12.0905    12.0909  40.696038  40.700366    35.5807    35.5845     2.6361    268.019     2.5104    277.471      10.82    1481.32      54660          1     2.3798 2.9080e-04    275.262    284.970    27.0237    27.0266         16  0.000e+00
   2277.500   48.96208  -16.45624     33.545     33.258    12.0903    12.0907  40.695696  40.700231    35.5805    35.5845     2.6361    268.027     2.5104    277.472      10.82    1481.32      54661          1     2.3798 2.9080e-04    275.270    284.971    27.0236    27.0267         16  0.000e+00
   2277.542   48.96208  -16.45624     33.515     33.229    12.0900    12.0909  40.695833  40.700702    35.5809    35.5849     2.6349    267.866     2.5104    277.447      10.82    1481.32      54662          1     2.3908 2.9251e-04    275.105    284.946    27.0240    27.0269         16  0.000e+00
   2277.583   48.96208  -16.45624     33.584     33.297    12.0903    12.0909  40.696175  40.700568    35.5809    35.5847     2.6349    267.857     2.5104    277.450      10.82    1481.68      54663          1     2.3908 2.9422e-04    275.096    284.949    27.0239    27.0268         16  0.000e+00
   2277.625   48.96208  -16.45624     33.545     33.258    12.0903    12.0909  40.696311  40.700231    35.5811    35.5844     2.6361    268.015     2.5104    277.449      10.81    1481.32      54664          1     2.3908 2.9422e-04    275.258    284.948    27.0241    27.0265         16  0.000e+00
   2277.667   48.96208  -16.45624     33.516     33.229    12.0900    12.0907  40.696038  40.700702    35.5812    35.5850     2.6361    268.023     2.5104    277.448      10.81    1481.32      54665          1     2.3908 2.9422e-04    275.267    284.947    27.0242    27.0270         16  0.000e+00
   2277.708   48.96208  -16.45624     33.545     33.258    12.0903    12.0909  40.696174  40.700500    35.5810    35.5847     2.6361    268.029     2.5104    277.449      10.82    1481.68      54666          1     2.3908 2.9422e-04    275.272    284.947    27.0240    27.0267         16  0.000e+00
   2277.750   48.96216  -16.45616     33.515     33.229    12.0903    12.0911  40.696038  40.700433    35.5808    35.5844     2.6361    268.034     2.5104    277.447      10.81    1481.32      54667          1     2.3908 2.9422e-04    275.278    284.946    27.0239    27.0265         16  0.000e+00
   2277.792   48.96216  -16.45616     33.545     33.258    12.0901    12.0909  40.695969  40.700500    35.5809    35.5847     2.6361    268.041     2.5104    277.449      10.81    1481.32      54668          1     2.3908 2.9422e-04    275.285    284.947    27.0240    27.0267         16  0.000e+00
   2277.833   48.96216  -16.45616     33.584     33.297    12.0904    12.0911  40.695696  40.700500    35.5804    35.5845     2.6361    268.046     2.5104    277.449      10.81    1481.32      54669          1     2.3908 2.9422e-04    275.290    284.948    27.0235    27.0265         16  0.000e+00
   2277.875   48.96216  -16.45616     33.476     33.190    12.0903    12.0911  40.696106  40.700500    35.5809    35.5845     2.6361    268.046     2.5104    277.446      10.82    1481.32      54670          1     2.3908 2.9422e-04    275.289    284.944    27.0239    27.0266         16  0.000e+00
   2277.917   48.96208  -16.45624     33.515     33.229    12.0901    12.0911  40.695764  40.700769    35.5807    35.5848     2.6361    268.051     2.5104    277.446      10.82    1481.32      54671          1     2.3908 2.9422e-04    275.295    284.945    27.0238    27.0268         16  0.000e+00
   2277.958   48.96208  -16.45624     33.515     33.229    12.0903    12.0909  40.695833  40.701106    35.5806    35.5853     2.6361    268.052     2.5104    277.447      10.82    1481.68      54672          1     2.3908 2.9422e-04    275.296    284.945    27.0237    27.0272         16  0.000e+00
   2278.000   48.96208  -16.45624     33.476     33.190    12.0901    12.0911  40.695696  40.700634    35.5807    35.5846     2.6361    268.054     2.5092    277.255      10.82    1481.68      54673          1     2.3908 2.9422e-04    275.297    284.748    27.0238    27.0267         16  0.000e+00
   2278.042   48.96208  -16.45624     33.515     33.229    12.0903    12.0911  40.695628  40.700769    35.5804    35.5848     2.6349    267.886     2.5092    277.235      10.81    1481.68      54674          1     2.3908 2.9422e-04    275.125    284.728    27.0235    27.0268         16  0.000e+00
   2278.083   48.96208  -16.45624     33.545     33.258    12.0900    12.0912  40.695628  40.700904    35.5807    35.5847     2.6361    268.023     2.5104    277.406      10.82    1481.32      54675          1     2.3908 2.9422e-04    275.266    284.903    27.0238    27.0267         16  0.000e+00
