Data_example/SBE_Data_Processed/DY130/SeaBird/Data/Batch/DY130_007.ros
* Sea-Bird SBE 9 Data File:
* FileName = C:\Users\sandm\Documents\Cruises\DY130\Data\Raw Data\DY130_007.hex
* Software Version Seasave V 7.26.7.121
* Temperature SN = 03P-5494
* Conductivity SN = 04C-3768
* Number of Bytes Per Scan = 45
* Number of Voltage Words = 4
* Number of Scans Averaged by the Deck Unit = 1
* NMEA Latitude = 49 04.68 N
* NMEA Longitude = 016 30.90 W
* NMEA UTC (Time) = Apr 04 2021  09:05:22
* NMEA baud rate = 9600
** Ship: RRS Discovery
** Cruise: DY130
** Cast: DY130_007
** Station: 046
** Julian Day: 094
** Date: 04/04/21
** Time (GMT): 09:05
** Latitude: 49 04.66 N
** Longitude: 16 30.89 W
** Depth (uncorrected m): 4808
** Principal Scientist: Sue Hart
** Operator: BP/PH BP/PH
# nquan = 27
# nvalues = 2541                                  
# units = specified
# name 0 = timeS: Time, Elapsed [seconds]
# name 1 = latitude: Latitude [deg]
# name 2 = longitude: Longitude [deg]
# name 3 = prDM: Pressure, Digiquartz [db]
# name 4 = depSM: Depth [salt water, m]
# name 5 = t090C: Temperature [ITS-90, deg C]
# name 6 = t190C: Temperature, 2 [ITS-90, deg C]
# name 7 = c0mS/cm: Conductivity [mS/cm]
# name 8 = c1mS/cm: Conductivity, 2 [mS/cm]
# name 9 = sal00: Salinity, Practical [PSU]
# name 10 = sal11: Salinity, Practical, 2 [PSU]
# name 11 = sbeox0V: Oxygen raw, SBE 43 [V]
# name 12 = sbox0Mm/Kg: Oxygen, SBE 43 [umol/kg]
# name 13 = sbeox1V: Oxygen raw, SBE 43, 2 [V]
# name 14 = sbox1Mm/Kg: Oxygen, SBE 43, 2 [umol/kg]
# name 15 = ptempC: Pressure Temperature [deg C]
# name 16 = altM: Altimeter [m]
# name 17 = scan: Scan Count
# name 18 = pumps: Pump Status
# name 19 = flECO-AFL: Fluorescence, WET Labs ECO-AFL/FL [mg/m^3]
# name 20 = turbWETbb0: Turbidity, WET Labs ECO BB [m^-1/sr]
# name 21 = sbeox0Mm/L: Oxygen, SBE 43 [umol/l]
# name 22 = sbeox1Mm/L: Oxygen, SBE 43, 2 [umol/l]
# name 23 = sigma-é00: Density [sigma-theta, kg/m^3]
# name 24 = sigma-é11: Density, 2 [sigma-theta, kg/m^3]
# name 25 = nbf: Bottles Fired
# name 26 = flag:  0.000e+00
# interval = seconds: 0.0416667
# start_time = Apr 04 2021 09:05:23 [NMEA time, first data scan]
# bad_flag = -9.990e-29
*END*
[from data line 215]
   2689.375   49.07790  -16.51490    809.930    801.489     8.8286     8.8321  37.643765  37.651615    35.3120    35.3167     1.7741    191.246     1.7094    199.305      10.35    1481.32      64546          1    -0.0377 9.7638e-05    196.487    204.767    27.4046    27.4077          2  0.000e+00
   2689.417   49.07790  -16.51490    809.930    801.489     8.8286     8.8325  37.644361  37.650898    35.3126    35.3156     1.7741    191.226     1.7082    199.077      10.35    1481.68      64547          1    -0.0377 9.7638e-05    196.467    204.533    27.4050    27.4068          2  0.000e+00
   2689.458   49.07790  -16.51490    809.989    801.548     8.8283     8.8326  37.644229  37.651354    35.3127    35.3159     1.7741    191.209     1.7094    199.289      10.35    1481.32      64548          1    -0.0377 9.7638e-05    196.449    204.751    27.4051    27.4070          2  0.000e+00
   2689.500   49.07790  -16.51490    809.930    801.489     8.8284     8.8325  37.643831  37.651093    35.3122    35.3158     1.7741    191.188     1.7082    199.062      10.35    1481.32      64549          1    -0.0377 9.7638e-05    196.428    204.517    27.4047    27.4069          2  0.000e+00
   2689.542   49.07790  -16.51490    809.930    801.489     8.8283     8.8326  37.644162  37.651224    35.3127    35.3158     1.7741    191.197     1.7094    199.274      10.35    1481.32      64550          1    -0.0377 9.7638e-05    196.437    204.736    27.4052    27.4069          2  0.000e+00
   2689.583   49.07790  -16.51490    810.009    801.567     8.8284     8.8326  37.643897  37.650767    35.3122    35.3153     1.7741    191.210     1.7082    199.052      10.35    1481.68      64551          1    -0.0377 9.7638e-05    196.450    204.507    27.4048    27.4065          2  0.000e+00
   2689.625   49.07790  -16.51490    809.989    801.548     8.8283     8.8321  37.644361  37.650637    35.3129    35.3156     1.7741    191.220     1.7082    199.032      10.35    1481.68      64552          1    -0.0377 9.7638e-05    196.461    204.486    27.4053    27.4069          2  0.000e+00
   2689.667   49.07790  -16.51490    809.930    801.489     8.8285     8.8323  37.644228  37.651159    35.3125    35.3161     1.7741    191.231     1.7094    199.245      10.35    1481.32      64553          1    -0.0377 9.7638e-05    196.472    204.706    27.4050    27.4072          2  0.000e+00
   2689.708   49.07790  -16.51490    810.009    801.567     8.8283     8.8325  37.643566  37.651028    35.3120    35.3157     1.7741    191.248     1.7082    199.025      10.35    1481.32      64554          1    -0.0377 9.7638e-05    196.490    204.479    27.4046    27.4069          2  0.000e+00
   2689.750   49.07790  -16.51490    809.782    801.342     8.8283     8.8325  37.644029  37.650701    35.3126    35.3155     1.7741    191.257     1.7082    199.000      10.35    1481.68      64555          1    -0.0377 9.7638e-05    196.498    204.454    27.4051    27.4067          2  0.000e+00
   2689.792   49.07790  -16.51490    810.217    801.772     8.8281     8.8323  37.643898  37.650442    35.3125    35.3152     1.7741    191.285     1.7082    198.995      10.35    1481.68      64556          1    -0.0377 9.7638e-05    196.527    204.449    27.4050    27.4065          2  0.000e+00
   2689.833   49.07790  -16.51490    809.930    801.489     8.8282     8.8325  37.643897  37.650571    35.3125    35.3152     1.7741    191.266     1.7094    199.207      10.35    1481.32      64557          1    -0.0377 9.7638e-05    196.508    204.667    27.4050    27.4065          2  0.000e+00
   2689.875   49.07790  -16.51490    810.009    801.567     8.8284     8.8321  37.644295  37.650637    35.3126    35.3156     1.7741    191.255     1.7094    199.229      10.35    1481.68      64558          1    -0.0377 9.7638e-05    196.496    204.690    27.4051    27.4069          2  0.000e+00
   2689.917   49.07784  -16.51484    809.989    801.548     8.8283     8.8321  37.644162  37.650637    35.3126    35.3156     1.7741    191.272     1.7082    199.011      10.35    1481.32      64559          1    -0.0377 9.7638e-05    196.514    204.466    27.4051    27.4069          2  0.000e+00
   2689.958   49.07784  -16.51484    810.009    801.567     8.8283     8.8321  37.643964  37.650898    35.3124    35.3159     1.7741    191.263     1.7082    198.960      10.35    1481.68      64560          1    -0.0377 9.7638e-05    196.504    204.413    27.4050    27.4071          2  0.000e+00
   2690.000   49.07784  -16.51484    810.009    801.567     8.8283     8.8320  37.644030  37.650963    35.3124    35.3161     1.7741    191.252     1.7094    199.183      10.33    1481.68      64561          1    -0.0377 9.7638e-05    196.494    204.642    27.4050    27.4073          2  0.000e+00
   2690.042   49.07784  -16.51484    809.930    801.489     8.8281     8.8320  37.644228  37.650506    35.3129    35.3157     1.7741    191.269     1.7082    198.965      10.35    1481.32      64562          1    -0.0377 9.7638e-05    196.511    204.418    27.4054    27.4069          2  0.000e+00
   2690.083   49.07790  -16.51490    810.069    801.626     8.8286     8.8320  37.644361  37.650572    35.3125    35.3157     1.7741    191.262     1.7094    199.192      10.35    1481.68      64563          1    -0.0377 9.7638e-05    196.503    204.652    27.4050    27.4069          2  0.000e+00
   2690.125   49.07790  -16.51490    810.078    801.635     8.8284     8.8320  37.644163  37.650376    35.3125    35.3155     1.7741    191.282     1.7082    198.978      10.35    1481.32      64564          1    -0.0377 9.7638e-05    196.524    204.431    27.4050    27.4068          2  0.000e+00
   2690.167   49.07790  -16.51490    810.009    801.567     8.8284     8.8320  37.644229  37.650572    35.3126    35.3157     1.7741    191.301     1.7082    198.964      10.35    1481.68      64565          1    -0.0377 9.7638e-05    196.544    204.417    27.4050    27.4069          2  0.000e+00
   2690.208   49.07790  -16.51490    810.069    801.626     8.8283     8.8320  37.644361  37.650376    35.3128    35.3155     1.7741    191.325     1.7094    199.156      10.35    1481.68      64566          1    -0.0377 9.7638e-05    196.568    204.614    27.4052    27.4068          2  0.000e+00
   2690.250   49.07790  -16.51490    810.009    801.567     8.8283     8.8320  37.644030  37.650767    35.3125    35.3159     1.7741    191.347     1.7094    199.177      10.35    1481.68      64567          1    -0.0267 9.5928e-05    196.591    204.636    27.4050    27.4071          2  0.000e+00
   2690.292   49.07790  -16.51490    810.078    801.635     8.8283     8.8320  37.644295  37.650768    35.3127    35.3159     1.7741    191.343     1.7082    198.966      10.35    1481.68      64568          1    -0.0267 9.5928e-05    196.587    204.419    27.4052    27.4071          2  0.000e+00
   2690.333   49.07790  -16.51490    809.861    801.421     8.8284     8.8318  37.644162  37.650636    35.3126    35.3160     1.7741    191.362     1.7082    198.951      10.35    1481.32      64569          1    -0.0267 9.5928e-05    196.606    204.403    27.4050    27.4072          2  0.000e+00
   2690.375   49.07790  -16.51490    810.138    801.694     8.8283     8.8316  37.644229  37.650637    35.3126    35.3160     1.7741    191.394     1.7094    199.187      10.35    1481.32      64570          1    -0.0267 9.5928e-05    196.639    204.646    27.4051    27.4073          2  0.000e+00
   2690.417   49.07790  -16.51490    810.078    801.635     8.8283     8.8318  37.644626  37.650637    35.3131    35.3159     1.7741    191.390     1.7082    198.974      10.35    1481.32      64571          1    -0.0267 9.5928e-05    196.635    204.427    27.4055    27.4071          2  0.000e+00
   2690.458   49.07790  -16.51490    810.078    801.635     8.8283     8.8316  37.644361  37.650637    35.3128    35.3161     1.7741    191.388     1.7082    198.931      10.35    1481.68      64572          1    -0.0267 9.5928e-05    196.633    204.383    27.4053    27.4073          2  0.000e+00
   3121.000   49.07800  -16.51484    608.770    602.716     9.9341     9.9365  38.607121  38.612535    35.3149    35.3182     2.0879    225.886     2.0037    234.981      10.28    1481.32      74905          1    -0.0377 9.9347e-05    232.035    241.378    27.2216    27.2238          3  0.000e+00
   3121.042   49.07800  -16.51484    608.790    602.735     9.9343     9.9368  38.607657  38.612667    35.3153    35.3180     2.0891    226.085     2.0037    234.952      10.28    1481.32      74906          1    -0.0377 9.9347e-05    232.239    241.348    27.2219    27.2236          3  0.000e+00
   3121.083   49.07800  -16.51484    608.770    602.716     9.9343     9.9364  38.607590  38.612667    35.3152    35.3183     2.0879    225.916     2.0037    234.957      10.27    1481.68      74907          1    -0.0377 9.9347e-05    232.066    241.353    27.2218    27.2239          3  0.000e+00
   3121.125   49.07794  -16.51492    608.770    602.716     9.9342     9.9365  38.607121  38.612404    35.3149    35.3180     2.0891    226.116     2.0037    234.962      10.27    1481.68      74908          1    -0.0377 9.9347e-05    232.271    241.358    27.2216    27.2237          3  0.000e+00
   3121.167   49.07794  -16.51492    608.770    602.716     9.9345     9.9361  38.607389  38.612338    35.3148    35.3183     2.0879    225.944     2.0049    235.191      10.27    1481.68      74909          1    -0.0377 9.9347e-05    232.095    241.594    27.2215    27.2239          3  0.000e+00
   3121.208   49.07794  -16.51492    608.849    602.794     9.9343     9.9363  38.607724  38.612074    35.3153    35.3178     2.0891    226.145     2.0049    235.230      10.27    1481.68      74910          1    -0.0377 9.9347e-05    232.301    241.634    27.2219    27.2236          3  0.000e+00
   3121.250   49.07794  -16.51492    608.770    602.716     9.9345     9.9363  38.607590  38.612206    35.3151    35.3180     2.0879    225.971     2.0037    235.042      10.27    1481.32      74911          1    -0.0377 9.9347e-05    232.122    241.441    27.2217    27.2236          3  0.000e+00
   3121.292   49.07794  -16.51492    608.849    602.794     9.9345     9.9361  38.607724  38.612074    35.3152    35.3180     2.0891    226.170     2.0049    235.275      10.28    1481.32      74912          1    -0.0377 9.9347e-05    232.327    241.680    27.2218    27.2237          3  0.000e+00
   3121.333   49.07794  -16.51492    608.770    602.716     9.9345     9.9361  38.607590  38.612206    35.3151    35.3181     2.0891    226.192     2.0049    235.310      10.28    1481.32      74913          1    -0.0377 9.9347e-05    232.349    241.716    27.2217    27.2238          3  0.000e+00
   3121.375   49.07794  -16.51492    608.849    602.794     9.9345     9.9360  38.607523  38.612338    35.3150    35.3184     2.0891    226.217     2.0049    235.319      10.27    1481.68      74914          1    -0.0377 9.9347e-05    232.375    241.725    27.2216    27.2240          3  0.000e+00
   3121.417   49.07794  -16.51492    608.849    602.794     9.9347     9.9361  38.607992  38.611811    35.3152    35.3178     2.0891    226.238     2.0049    235.356      10.27    1481.32      74915          1    -0.0377 9.9347e-05    232.396    241.763    27.2218    27.2235          3  0.000e+00
   3121.458   49.07794  -16.51492    608.849    602.794     9.9345     9.9360  38.607925  38.611877    35.3154    35.3179     2.0891    226.259     2.0049    235.393      10.27    1481.32      74916          1    -0.0377 9.9347e-05    232.418    241.801    27.2219    27.2237          3  0.000e+00
   3121.500   49.07794  -16.51492    608.849    602.794     9.9348     9.9361  38.608058  38.612009    35.3152    35.3180     2.0891    226.278     2.0049    235.397      10.27    1481.32      74917          1    -0.0377 9.9347e-05    232.438    241.806    27.2218    27.2237          3  0.000e+00
   3121.542   49.07794  -16.51492    608.849    602.794     9.9346     9.9360  38.607925  38.612009    35.3152    35.3181     2.0891    226.298     2.0049    235.433      10.28    1481.32      74918          1    -0.0377 9.9347e-05    232.458    241.843    27.2218    27.2238          3  0.000e+00
   3121.583   49.07794  -16.51492    608.849    602.794     9.9349     9.9356  38.607858  38.611745    35.3148    35.3181     2.0891    226.314     2.0049    235.470      10.27    1481.32      74919          1    -0.0377 9.9347e-05    232.475    241.881    27.2214    27.2239          3  0.000e+00
   3121.625   49.07794  -16.51492    608.918    602.862     9.9348     9.9356  38.608059  38.611877    35.3152    35.3183     2.0891    226.334     2.0049    235.476      10.27    1481.68      74920          1    -0.0377 9.9347e-05    232.495    241.887    27.2217    27.2240          3  0.000e+00
   3121.667   49.07794  -16.51492    608.849    602.794     9.9348     9.9358  38.607657  38.611481    35.3148    35.3177     2.0879    226.153     2.0049    235.476      10.27    1481.68      74921          1    -0.0377 9.9347e-05    232.309    241.887    27.2214    27.2235          3  0.000e+00
   3121.708   49.07794  -16.51492    608.918    602.862     9.9349     9.9354  38.607724  38.611548    35.3146    35.3181     2.0891    226.342     2.0049    235.481      10.27    1481.68      74922          1    -0.0377 9.9347e-05    232.503    241.892    27.2213    27.2239          3  0.000e+00
   3121.750   49.07794  -16.51492    608.918    602.862     9.9347     9.9355  38.607590  38.611877    35.3148    35.3184     2.0891    226.358     2.0049    235.512      10.28    1481.32      74923          1    -0.0377 9.9347e-05    232.520    241.924    27.2215    27.2241          3  0.000e+00
   3121.792   49.07794  -16.51492    608.849    602.794     9.9348     9.9355  38.607992  38.611218    35.3151    35.3177     2.0891    226.369     2.0049    235.511      10.27    1481.68      74924          1    -0.0377 1.0277e-04    232.531    241.922    27.2217    27.2236          3  0.000e+00
   3121.833   49.07794  -16.51492    608.918    602.862     9.9348     9.9353  38.607925  38.611482    35.3150    35.3182     2.0891    226.384     2.0049    235.544      10.27    1481.32      74925          1    -0.0377 1.0448e-04    232.546    241.956    27.2216    27.2240          3  0.000e+00
   3121.875   49.07794  -16.51492    608.918    602.862     9.9346     9.9355  38.607858  38.611679    35.3151    35.3182     2.0891    226.372     2.0049    235.573      10.27    1481.68      74926          1    -0.0377 1.0448e-04    232.534    241.986    27.2217    27.2239          3  0.000e+00
   3121.917   49.07794  -16.51492    608.918    602.862     9.9348     9.9353  38.608059  38.611679    35.3152    35.3184     2.0891    226.356     2.0049    235.573      10.28    1481.68      74927          1    -0.0377 1.0448e-04    232.518    241.986    27.2217    27.2242          3  0.000e+00
   3121.958   49.07800  -16.51484    608.997    602.940     9.9348     9.9356  38.608193  38.611877    35.3153    35.3182     2.0891    226.366     2.0049    235.602      10.27    1481.68      74928          1    -0.0377 1.0448e-04    232.528    242.016    27.2218    27.2239          3  0.000e+00
   3122.000   49.07800  -16.51484    608.918    602.862     9.9348     9.9355  38.607925  38.612009    35.3150    35.3185     2.0904    226.567     2.0037    235.407      10.27    1481.32      74929          1    -0.0377 1.0448e-04    232.734    241.816    27.2216    27.2242          3  0.000e+00
   3122.042   49.07800  -16.51484    608.997    602.940     9.9347     9.9358  38.607591  38.612207    35.3148    35.3184     2.0904    226.574     2.0049    235.630      10.27    1481.32      74930          1    -0.0377 1.0448e-04    232.742    242.045    27.2214    27.2241          3  0.000e+00
