Data_example/SBE_Data_Processed/DY130/SeaBird/Data/Batch/DY130_007.ros
* Sea-Bird SBE 9 Data File:
* FileName = C:\Users\sandm\Documents\Cruises\DY130\Data\Raw Data\DY130_007.hex
* Software Version Seasave V 7.26.7.121
* Temperature SN = 03P-5494
* Conductivity SN = 04C-3768
* Number of Bytes Per Scan = 45
* Number of Voltage Words = 4
* Number of Scans Averaged by the Deck Unit = 1
* NMEA Latitude = 49 04.68 N
* NMEA Longitude = 016 30.90 W
* NMEA UTC (Time) = Apr 04 2021  09:05:22
* NMEA baud rate = 9600
** Ship: RRS Discovery
** Cruise: DY130
** Cast: DY130_007
** Station: 046
** Julian Day: 094
** Date: 04/04/21
** Time (GMT): 09:05
** Latitude: 49 04.66 N
** Longitude: 16 30.89 W
** Depth (uncorrected m): 4808
** Principal Scientist: Sue Hart
** Operator: BP/PH BP/PH
# nquan = 27
# nvalues = 2541                                  
# units = specified
# name 0 = timeS: Time, Elapsed [seconds]
# name 1 = latitude: Latitude [deg]
# name 2 = longitude: Longitude [deg]
# name 3 = prDM: Pressure, Digiquartz [db]
# name 4 = depSM: Depth [salt water, m]
# name 5 = t090C: Temperature [ITS-90, deg C]
# name 6 = t190C: Temperature, 2 [ITS-90, deg C]
# name 7 = c0mS/cm: Conductivity [mS/cm]
# name 8 = c1mS/cm: Conductivity, 2 [mS/cm]
# name 9 = sal00: Salinity, Practical [PSU]
# name 10 = sal11: Salinity, Practical, 2 [PSU]
# name 11 = sbeox0V: Oxygen raw, SBE 43 [V]
# name 12 = sbox0Mm/Kg: Oxygen, SBE 43 [umol/kg]
# name 13 = sbeox1V: Oxygen raw, SBE 43, 2 [V]
# name 14 = sbox1Mm/Kg: Oxygen, SBE 43, 2 [umol/kg]
# name 15 = ptempC: Pressure Temperature [deg C]
# name 16 = altM: Altimeter [m]
# name 17 = scan: Scan Count
# name 18 = pumps: Pump Status
# name 19 = flECO-AFL: Fluorescence, WET Labs ECO-AFL/FL [mg/m^3]
# name 20 = turbWETbb0: Turbidity, WET Labs ECO BB [m^-1/sr]
# name 21 = sbeox0Mm/L: Oxygen, SBE 43 [umol/l]
# name 22 = sbeox1Mm/L: Oxygen, SBE 43, 2 [umol/l]
# name 23 = sigma-é00: Density [sigma-theta, kg/m^3]
# name 24 = sigma-é11: Density, 2 [sigma-theta, kg/m^3]
# name 25 = nbf: Bottles Fired
# name 26 = flag:  0.000e+00
# interval = seconds: 0.0416667
# start_time = Apr 04 2021 09:05:23 [NMEA time, first data scan]
# bad_flag = -9.990e-29
*END*
[from data line 108]
   2647.083   49.07790  -16.51490    809.779    801.340     8.8264     8.8323  37.642108  37.650832    35.3124    35.3158     1.7741    191.368     1.7094    199.668      10.35    1481.32      63531          1    -0.0267 9.5928e-05    196.613    205.140    27.4052    27.4070          1  0.000e+00
   2647.125   49.07790  -16.51490    809.858    801.418     8.8260     8.8321  37.642108  37.650963    35.3128    35.3160     1.7741    191.359     1.7094    199.665      10.35    1481.32      63532          1    -0.0267 9.5928e-05    196.603    205.137    27.4056    27.4072          1  0.000e+00
   2647.167   49.07790  -16.51490    809.848    801.408     8.8263     8.8321  37.641909  37.650702    35.3123    35.3158     1.7741    191.345     1.7094    199.657      10.35    1481.32      63533          1    -0.0267 9.5928e-05    196.589    205.129    27.4052    27.4070          1  0.000e+00
   2647.208   49.07790  -16.51490    809.858    801.418     8.8262     8.8321  37.642042  37.650636    35.3126    35.3157     1.7741    191.333     1.7094    199.649      10.35    1481.32      63534          1    -0.0267 9.5928e-05    196.577    205.121    27.4054    27.4069          1  0.000e+00
   2647.250   49.07790  -16.51490    809.858    801.418     8.8263     8.8325  37.642175  37.650441    35.3125    35.3151     1.7741    191.320     1.7094    199.638      10.35    1481.68      63535          1    -0.0267 9.5928e-05    196.563    205.109    27.4054    27.4064          1  0.000e+00
   2647.292   49.07790  -16.51490    809.848    801.408     8.8266     8.8323  37.642108  37.650767    35.3122    35.3157     1.7741    191.306     1.7094    199.626      10.35    1481.68      63536          1    -0.0267 9.5928e-05    196.549    205.097    27.4051    27.4069          1  0.000e+00
   2647.333   49.07790  -16.51490    809.858    801.418     8.8263     8.8321  37.642108  37.650441    35.3125    35.3155     1.7741    191.323     1.7094    199.614      10.35    1481.32      63537          1    -0.0267 9.5928e-05    196.567    205.085    27.4053    27.4068          1  0.000e+00
   2647.375   49.07790  -16.51490    809.858    801.418     8.8263     8.8323  37.642175  37.650832    35.3125    35.3157     1.7741    191.312     1.7094    199.599      10.35    1481.32      63538          1    -0.0267 9.5928e-05    196.555    205.069    27.4054    27.4069          1  0.000e+00
   2647.417   49.07790  -16.51490    809.928    801.486     8.8263     8.8321  37.641844  37.650441    35.3122    35.3155     1.7741    191.331     1.7094    199.586      10.35    1481.32      63539          1    -0.0267 9.5928e-05    196.575    205.056    27.4051    27.4067          1  0.000e+00
   2647.458   49.07790  -16.51490    809.848    801.408     8.8267     8.8320  37.642108  37.650506    35.3121    35.3157     1.7741    191.317     1.7094    199.603      10.35    1481.68      63540          1    -0.0267 9.5928e-05    196.560    205.073    27.4049    27.4070          1  0.000e+00
   2647.500   49.07790  -16.51490    809.928    801.486     8.8265     8.8321  37.642373  37.650637    35.3126    35.3157     1.7741    191.309     1.7094    199.587      10.35    1481.32      63541          1    -0.0267 9.5928e-05    196.552    205.057    27.4054    27.4069          1  0.000e+00
   2647.542   49.07790  -16.51490    809.858    801.418     8.8263     8.8318  37.642175  37.650114    35.3125    35.3154     1.7741    191.298     1.7094    199.568      10.35    1481.68      63542          1    -0.0267 9.5928e-05    196.540    205.037    27.4054    27.4068          1  0.000e+00
   2647.583   49.07790  -16.51490    809.918    801.477     8.8265     8.8318  37.642506  37.650441    35.3127    35.3157     1.7741    191.288     1.7094    199.585      10.35    1481.32      63543          1    -0.0267 9.5928e-05    196.530    205.055    27.4055    27.4070          1  0.000e+00
   2685.458   49.07790  -16.51490    809.712    801.274     8.8302     8.8339  37.645817  37.652267    35.3126    35.3157     1.7741    191.458     1.7082    199.084      10.35    1481.32      64452          1    -0.0377 9.5928e-05    196.705    204.540    27.4048    27.4067          2  0.000e+00
   2685.500   49.07790  -16.51490    809.623    801.186     8.8301     8.8339  37.645751  37.652593    35.3127    35.3161     1.7741    191.463     1.7094    199.284      10.35    1481.32      64453          1    -0.0377 9.5928e-05    196.710    204.746    27.4049    27.4070          2  0.000e+00
   2685.542   49.07790  -16.51490    809.712    801.274     8.8300     8.8341  37.646215  37.652593    35.3132    35.3159     1.7741    191.472     1.7094    199.287      10.35    1481.68      64454          1    -0.0377 9.5928e-05    196.719    204.749    27.4053    27.4067          2  0.000e+00
   2685.583   49.07790  -16.51490    809.643    801.205     8.8305     8.8341  37.645552  37.652332    35.3120    35.3156     1.7741    191.476     1.7094    199.288      10.35    1481.32      64455          1    -0.0377 9.5928e-05    196.723    204.749    27.4043    27.4065          2  0.000e+00
   2685.625   49.07790  -16.51490    809.623    801.186     8.8300     8.8341  37.644890  37.652266    35.3118    35.3156     1.7741    191.485     1.7094    199.289      10.35    1481.68      64456          1    -0.0377 9.5928e-05    196.733    204.750    27.4042    27.4065          2  0.000e+00
   2685.667   49.07790  -16.51490    809.712    801.274     8.8298     8.8341  37.644890  37.652723    35.3121    35.3160     1.7741    191.466     1.7082    199.055      10.35    1481.68      64457          1    -0.0377 9.5928e-05    196.713    204.511    27.4044    27.4068          2  0.000e+00
   2685.708   49.07790  -16.51490    809.643    801.205     8.8296     8.8341  37.644558  37.652919    35.3119    35.3162     1.7741    191.443     1.7082    199.021      10.35    1481.32      64458          1    -0.0377 9.5928e-05    196.689    204.476    27.4044    27.4070          2  0.000e+00
   2685.750   49.07790  -16.51490    809.643    801.205     8.8294     8.8342  37.644426  37.652984    35.3120    35.3162     1.7741    191.448     1.7082    198.990      10.35    1481.32      64459          1    -0.0377 9.5928e-05    196.695    204.443    27.4044    27.4069          2  0.000e+00
   2685.792   49.07790  -16.51490    809.623    801.186     8.8292     8.8342  37.644293  37.652919    35.3120    35.3161     1.7741    191.453     1.7094    199.197      10.33    1481.32      64460          1    -0.0377 9.5928e-05    196.700    204.656    27.4045    27.4069          2  0.000e+00
   2685.833   49.07790  -16.51490    809.712    801.274     8.8292     8.8344  37.644625  37.652658    35.3123    35.3156     1.7741    191.459     1.7094    199.205      10.35    1481.32      64461          1    -0.0377 9.5928e-05    196.706    204.664    27.4047    27.4065          2  0.000e+00
   2685.875   49.07790  -16.51490    809.643    801.205     8.8291     8.8344  37.644161  37.652919    35.3120    35.3159     1.7741    191.463     1.7094    199.208      10.35    1481.68      64462          1    -0.0377 9.5928e-05    196.710    204.668    27.4045    27.4068          2  0.000e+00
   2685.917   49.07784  -16.51484    809.623    801.186     8.8289     8.8344  37.644028  37.652919    35.3120    35.3160     1.7741    191.468     1.7082    198.977      10.35    1481.68      64463          1    -0.0377 9.5928e-05    196.715    204.431    27.4045    27.4068          2  0.000e+00
   2685.958   49.07784  -16.51484    809.643    801.205     8.8287     8.8344  37.643830  37.652919    35.3120    35.3159     1.7741    191.474     1.7094    199.187      10.35    1481.68      64464          1    -0.0377 9.5928e-05    196.721    204.646    27.4046    27.4068          2  0.000e+00
   2686.000   49.07784  -16.51484    809.643    801.205     8.8284     8.8349  37.643631  37.653506    35.3121    35.3161     1.7729    191.272     1.7094    199.191      10.35    1481.32      64465          1    -0.0377 9.2509e-05    196.513    204.650    27.4047    27.4068          2  0.000e+00
   2686.042   49.07784  -16.51484    809.643    801.205     8.8283     8.8352  37.643432  37.653375    35.3120    35.3156     1.7741    191.430     1.7094    199.198      10.35    1481.68      64466          1    -0.0377 9.2509e-05    196.676    204.657    27.4046    27.4064          2  0.000e+00
   2686.083   49.07790  -16.51490    809.702    801.264     8.8279     8.8352  37.643565  37.653506    35.3125    35.3157     1.7729    191.229     1.7094    199.206      10.35    1481.68      64467          1    -0.0377 9.2509e-05    196.469    204.666    27.4051    27.4064          2  0.000e+00
   2686.125   49.07790  -16.51490    809.643    801.205     8.8281     8.8355  37.642969  37.653441    35.3118    35.3154     1.7741    191.414     1.7094    199.211      10.35    1481.68      64468          1    -0.0377 9.2509e-05    196.660    204.671    27.4045    27.4061          2  0.000e+00
   2686.167   49.07790  -16.51490    809.643    801.205     8.8278     8.8357  37.642969  37.652984    35.3120    35.3147     1.7729    191.213     1.7094    199.218      10.35    1481.68      64469          1    -0.0377 9.2509e-05    196.453    204.678    27.4047    27.4056          2  0.000e+00
   2686.208   49.07790  -16.51490    809.623    801.186     8.8279     8.8354  37.643233  37.652919    35.3122    35.3150     1.7729    191.191     1.7094    199.226      10.35    1481.68      64470          1    -0.0377 9.2509e-05    196.430    204.686    27.4048    27.4058          2  0.000e+00
   2686.250   49.07790  -16.51490    809.643    801.205     8.8280     8.8354  37.643366  37.653245    35.3122    35.3153     1.7741    191.379     1.7094    199.234      10.35    1481.32      64471          1    -0.0377 9.2509e-05    196.624    204.694    27.4048    27.4061          2  0.000e+00
   2686.292   49.07790  -16.51490    809.712    801.274     8.8276     8.8355  37.643565  37.652984    35.3128    35.3149     1.7741    191.362     1.7094    199.243      10.33    1481.32      64472          1    -0.0377 9.2509e-05    196.606    204.703    27.4053    27.4057          2  0.000e+00
   2686.333   49.07790  -16.51490    809.643    801.205     8.8279     8.8352  37.643697  37.653180    35.3127    35.3154     1.7741    191.366     1.7094    199.249      10.35    1481.68      64473          1    -0.0377 9.2509e-05    196.610    204.710    27.4052    27.4062          2  0.000e+00
   2686.375   49.07790  -16.51490    809.623    801.186     8.8283     8.8350  37.643962  37.653114    35.3126    35.3155     1.7741    191.342     1.7094    199.256      10.35    1481.32      64474          1    -0.0377 9.2509e-05    196.585    204.717    27.4051    27.4063          2  0.000e+00
   2686.417   49.07790  -16.51490    809.712    801.274     8.8282     8.8349  37.644228  37.652658    35.3129    35.3152     1.7741    191.350     1.7094    199.267      10.35    1481.68      64475          1    -0.0377 9.2509e-05    196.594    204.728    27.4054    27.4061          2  0.000e+00
   2686.458   49.07790  -16.51490    809.643    801.205     8.8284     8.8345  37.644625  37.653115    35.3131    35.3160     1.7741    191.352     1.7094    199.273      10.35    1481.32      64476          1    -0.0377 9.2509e-05    196.596    204.735    27.4055    27.4068          2  0.000e+00
   2686.500   49.07790  -16.51490    809.712    801.274     8.8284     8.8344  37.644161  37.653115    35.3126    35.3161     1.7741    191.360     1.7094    199.283      10.35    1481.68      64477          1    -0.0377 9.2509e-05    196.605    204.744    27.4051    27.4069          2  0.000e+00
   2686.542   49.07790  -16.51490    809.702    801.264     8.8284     8.8345  37.644029  37.652658    35.3125    35.3155     1.7741    191.366     1.7094    199.290      10.35    1481.68      64478          1    -0.0377 9.2509e-05    196.610    204.752    27.4050    27.4064          2  0.000e+00
   2686.583   49.07790  -16.51490    809.643    801.205     8.8286     8.8344  37.644294  37.652593    35.3126    35.3156     1.7741    191.369     1.7094    199.296      10.35    1481.32      64479          1    -0.0377 9.2509e-05    196.614    204.758    27.4050    27.4065          2  0.000e+00
   2686.625   49.07790  -16.51490    809.712    801.274     8.8286     8.8344  37.644294  37.652919    35.3126    35.3159     1.7741    191.377     1.7094    199.305      10.35    1481.32      64480          1    -0.0377 9.2509e-05    196.622    204.767    27.4051    27.4067          2  0.000e+00
   2686.667   49.07790  -16.51490    809.702    801.264     8.8284     8.8347  37.644095  37.652919    35.3126    35.3156     1.7741    191.383     1.7094    199.311      10.35    1481.68      64481          1    -0.0377 9.2509e-05    196.628    204.773    27.4050    27.4064          2  0.000e+00
   2686.708   49.07790  -16.51490    809.643    801.206     8.8287     8.8344  37.644492  37.653180    35.3127    35.3162     1.7741    191.386     1.7094    199.317      10.35    1481.68      64482          1    -0.0377 9.2509e-05    196.631    204.780    27.4051    27.4070          2  0.000e+00
   2686.750   49.07790  -16.51490    809.712    801.274     8.8286     8.8344  37.644426  37.653115    35.3128    35.3161     1.7741    191.365     1.7094    199.326      10.35    1481.68      64483          1    -0.0377 9.2509e-05    196.610    204.789    27.4052    27.4069          2  0.000e+00
   2686.792   49.07790  -16.51490    809.712    801.274     8.8286     8.8345  37.644426  37.652919    35.3127    35.3158     1.7741    191.370     1.7094    199.333      10.35    1481.68      64484          1    -0.0377 9.2509e-05    196.614    204.796    27.4051    27.4066          2  0.000e+00
   2686.833   49.07790  -16.51490    809.702    801.264     8.8286     8.8347  37.644294  37.652919    35.3126    35.3156     1.7741    191.374     1.7094    199.340      10.35    1481.32      64485          1    -0.0377 9.2509e-05    196.619    204.803    27.4051    27.4064          2  0.000e+00
   2686.875   49.07790  -16.51490    809.712    801.274     8.8286     8.8349  37.644360  37.653506    35.3127    35.3160     1.7741    191.379     1.7094    199.346      10.33    1481.68      64486          1    -0.0377 9.2509e-05    196.624    204.809    27.4051    27.4068          2  0.000e+00
   2686.917   49.07784  -16.51484    809.712    801.274     8.8289     8.8347  37.644294  37.653115    35.3123    35.3158     1.7741    191.383     1.7094    199.354      10.35    1481.32      64487          1    -0.0377 9.2509e-05    196.627    204.818    27.4047    27.4066          2  0.000e+00
   2686.958   49.07784  -16.51484    809.772    801.332     8.8288     8.8347  37.644360  37.652919    35.3124    35.3155     1.7741    191.389     1.7094    199.363      10.35    1481.68      64488          1    -0.0377 9.2509e-05    196.634    204.827    27.4049    27.4064          2  0.000e+00
   2687.000   49.07784  -16.51484    809.712    801.274     8.8287     8.8349  37.644426  37.652984    35.3126    35.3155     1.7741    191.392     1.7094    199.368      10.35    1481.68      64489          1    -0.0377 9.2509e-05    196.637    204.832    27.4050    27.4063          2  0.000e+00
   2687.042   49.07784  -16.51484    809.712    801.274     8.8286     8.8345  37.644029  37.653245    35.3123    35.3161     1.7741    191.398     1.7094    199.377      10.35    1481.32      64490          1    -0.0377 9.5928e-05    196.643    204.841    27.4048    27.4069          2  0.000e+00
   2687.083   49.07790  -16.51490    809.782    801.342     8.8287     8.8349  37.644294  37.653311    35.3124    35.3158     1.7741    191.403     1.7094    199.384      10.35    1481.32      64491          1    -0.0377 9.7638e-05    196.649    204.849    27.4049    27.4066          2  0.000e+00
