Data_example/SBE_Data_Processed/DY130/SeaBird/Data/Batch/DY130_013.ros
* Sea-Bird SBE 9 Data File:
* FileName = C:\Users\sandm\Documents\Cruises\DY130\Data\Raw Data\DY130_013.hex
* Software Version Seasave V 7.26.7.121
* Temperature SN = 03P-5494
* Conductivity SN = 04C-3768
* Number of Bytes Per Scan = 45
* Number of Voltage Words = 4
* Number of Scans Averaged by the Deck Unit = 1
* NMEA Latitude = 48 59.96 N
* NMEA Longitude = 016 29.99 W
* NMEA UTC (Time) = Apr 10 2021  09:45:21
* NMEA baud rate = 9600
** Ship: RRS Discovery
** Cruise: DY130
** Cast: 013
** Station: 076
** Julian Day: 100
** Date: 10/04/2021
** Time (GMT): 09:45
** Latitude: 28 59.96N
** Longitude: 16 29.99W
** Depth (uncorrected m): 4808
** Principal Scientist: Sue Hart
** Operator: BP/PH
# nquan = 27
# nvalues = 2904                                  
# units = specified
# name 0 = timeS: Time, Elapsed [seconds]
# name 1 = latitude: Latitude [deg]
# name 2 = longitude: Longitude [deg]
# name 3 = prDM: Pressure, Digiquartz [db]
# name 4 = depSM: Depth [salt water, m]
# name 5 = t090C: Temperature [ITS-90, deg C]
# name 6 = t190C: Temperature, 2 [ITS-90, deg C]
# name 7 = c0mS/cm: Conductivity [mS/cm]
# name 8 = c1mS/cm: Conductivity, 2 [mS/cm]
# name 9 = sal00: Salinity, Practical [PSU]
# name 10 = sal11: Salinity, Practical, 2 [PSU]
# name 11 = sbeox0V: Oxygen raw, SBE 43 [V]
# name 12 = sbox0Mm/Kg: Oxygen, SBE 43 [umol/kg]
# name 13 = sbeox1V: Oxygen raw, SBE 43, 2 [V]
# name 14 = sbox1Mm/Kg: Oxygen, SBE 43, 2 [umol/kg]
# name 15 = ptempC: Pressure Temperature [deg C]
# name 16 = altM: Altimeter [m]
# name 17 = scan: Scan Count
# name 18 = pumps: Pump Status
# name 19 = flECO-AFL: Fluorescence, WET Labs ECO-AFL/FL [mg/m^3]
# name 20 = turbWETbb0: Turbidity, WET Labs ECO BB [m^-1/sr]
# name 21 = sbeox0Mm/L: Oxygen, SBE 43 [umol/l]
# name 22 = sbeox1Mm/L: Oxygen, SBE 43, 2 [umol/l]
# name 23 = sigma-é00: Density [sigma-theta, kg/m^3]
# name 24 = sigma-é11: Density, 2 [sigma-theta, kg/m^3]
# name 25 = nbf: Bottles Fired
# name 26 = flag:  0.000e+00
# interval = seconds: 0.0416667
# start_time = Apr 10 2021 09:45:21 [NMEA time, first data scan]
# bad_flag = -9.990e-29
*END*
[from data line 1611]
   5062.208   48.99940  -16.49990   4080.109   4007.004     2.5367     2.5384  32.816177  32.819925    34.9044    34.9071     1.3443    232.003     1.3089    242.825       8.50    1481.32     121494          1    -0.0377 8.9091e-05    238.472    249.595    27.8807    27.8827         14  0.000e+00
   5062.250   48.99940  -16.49990   4080.109   4007.004     2.5367     2.5383  32.816052  32.819987    34.9043    34.9073     1.3443    232.014     1.3089    242.826       8.49    1481.32     121495          1    -0.0377 8.9091e-05    238.483    249.596    27.8806    27.8829         14  0.000e+00
   5062.292   48.99940  -16.49990   4080.037   4006.934     2.5365     2.5388  32.816554  32.820357    34.9051    34.9073     1.3443    232.022     1.3089    242.820       8.49    1481.32     121496          1    -0.0267 9.0800e-05    238.491    249.590    27.8812    27.8828         14  0.000e+00
   5062.333   48.99940  -16.49990   4080.109   4007.004     2.5364     2.5384  32.816429  32.820481    34.9050    34.9077     1.3443    231.904     1.3089    242.824       8.50    1481.32     121497          1    -0.0267 9.0800e-05    238.370    249.594    27.8812    27.8832         14  0.000e+00
   5062.375   48.99940  -16.49990   4080.109   4007.004     2.5365     2.5386  32.816366  32.820234    34.9048    34.9073     1.3443    231.778     1.3089    242.823       8.49    1481.32     121498          1    -0.0267 9.0800e-05    238.240    249.594    27.8810    27.8828         14  0.000e+00
   5062.417   48.99940  -16.49990   4080.109   4007.005     2.5365     2.5388  32.816366  32.820234    34.9048    34.9071     1.3443    231.778     1.3089    242.822       8.49    1481.32     121499          1    -0.0267 9.0800e-05    238.240    249.593    27.8810    27.8827         14  0.000e+00
   5062.458   48.99934  -16.49984   4080.192   4007.085     2.5364     2.5386  32.816555  32.820172    34.9051    34.9072     1.3443    231.781     1.3089    242.826       8.49    1481.32     121500          1    -0.0267 9.0800e-05    238.243    249.597    27.8813    27.8827         14  0.000e+00
   5062.500   48.99934  -16.49984   4080.140   4007.035     2.5367     2.5386  32.816680  32.820358    34.9050    34.9074     1.3443    231.777     1.3089    242.824       8.49    1481.32     121501          1    -0.0267 9.0800e-05    238.240    249.595    27.8812    27.8829         14  0.000e+00
   5062.542   48.99934  -16.49984   4080.192   4007.085     2.5364     2.5386  32.816178  32.820481    34.9048    34.9075     1.3443    231.782     1.3089    242.825       8.50    1481.32     121502          1    -0.0267 9.0800e-05    238.244    249.596    27.8810    27.8830         14  0.000e+00
   5062.583   48.99934  -16.49984   4080.110   4007.005     2.5367     2.5386  32.816052  32.820296    34.9043    34.9073     1.3443    231.778     1.3089    242.823       8.49    1481.32     121503          1    -0.0267 9.0800e-05    238.240    249.594    27.8806    27.8829         14  0.000e+00
   5062.625   48.99940  -16.49990   4080.192   4007.085     2.5365     2.5384  32.816052  32.820420    34.9044    34.9076     1.3443    231.781     1.3089    242.826       8.49    1480.95     121504          1    -0.0267 9.0800e-05    238.243    249.597    27.8807    27.8831         14  0.000e+00
   5062.667   48.99940  -16.49990   4080.275   4007.165     2.5365     2.5388  32.816241  32.820234    34.9046    34.9070     1.3443    231.783     1.3089    242.828       8.48    1481.32     121505          1    -0.0267 9.0800e-05    238.246    249.598    27.8809    27.8826         14  0.000e+00
   5062.708   48.99940  -16.49990   4080.192   4007.085     2.5368     2.5386  32.816617  32.820358    34.9048    34.9074     1.3443    231.778     1.3089    242.826       8.49    1481.32     121506          1    -0.0267 9.0800e-05    238.241    249.596    27.8809    27.8829         14  0.000e+00
   5062.750   48.99940  -16.49990   4080.275   4007.165     2.5367     2.5388  32.816680  32.820111    34.9050    34.9069     1.3443    231.782     1.3089    242.828       8.49    1481.32     121507          1    -0.0267 9.0800e-05    238.244    249.599    27.8811    27.8825         14  0.000e+00
   5062.792   48.99940  -16.49990   4080.275   4007.165     2.5367     2.5384  32.816680  32.820358    34.9050    34.9075     1.3443    231.782     1.3089    242.829       8.49    1481.32     121508          1    -0.0267 9.0800e-05    238.244    249.600    27.8811    27.8830         14  0.000e+00
   5062.833   48.99940  -16.49990   4080.275   4007.166     2.5367     2.5386  32.816178  32.820234    34.9044    34.9072     1.3455    232.237     1.3089    242.829       8.49    1481.32     121509          1    -0.0267 9.0800e-05    238.712    249.599    27.8807    27.8828         14  0.000e+00
   5062.875   48.99940  -16.49990   4080.275   4007.166     2.5365     2.5386  32.816492  32.820482    34.9049    34.9075     1.3455    232.358     1.3089    242.828       8.49    1481.32     121510          1    -0.0267 9.0800e-05    238.837    249.599    27.8811    27.8830         14  0.000e+00
   5062.917   48.99940  -16.49990   4080.275   4007.166     2.5367     2.5388  32.816241  32.820234    34.9044    34.9070     1.3443    232.019     1.3089    242.828       8.49    1481.32     121511          1    -0.0267 9.0800e-05    238.488    249.598    27.8807    27.8826         14  0.000e+00
   5062.958   48.99940  -16.49990   4080.347   4007.236     2.5368     2.5388  32.816492  32.820358    34.9045    34.9072     1.3443    232.009     1.3089    242.830       8.49    1481.32     121512          1    -0.0267 9.0800e-05    238.478    249.601    27.8808    27.8827         14  0.000e+00
   5063.000   48.99940  -16.49990   4080.347   4007.236     2.5365     2.5384  32.816178  32.820482    34.9045    34.9076     1.3443    232.001     1.3089    242.831       8.49    1480.95     121513          1    -0.0267 9.0800e-05    238.469    249.602    27.8808    27.8831         14  0.000e+00
   5063.042   48.99940  -16.49990   4080.347   4007.236     2.5368     2.5386  32.816304  32.820544    34.9043    34.9075     1.3443    231.989     1.3089    242.830       8.49    1481.32     121514          1    -0.0267 9.0800e-05    238.457    249.601    27.8806    27.8830         14  0.000e+00
   5063.083   48.99940  -16.49990   4080.347   4007.236     2.5365     2.5388  32.816367  32.820049    34.9047    34.9068     1.3443    231.980     1.3089    242.830       8.49    1481.32     121515          1    -0.0267 9.0800e-05    238.447    249.601    27.8810    27.8824         14  0.000e+00
   5063.125   48.99940  -16.49990   4080.347   4007.236     2.5364     2.5384  32.816367  32.820296    34.9049    34.9074     1.3443    231.970     1.3089    242.832       8.49    1480.95     121516          1    -0.0267 9.0800e-05    238.438    249.603    27.8811    27.8830         14  0.000e+00
   5063.167   48.99940  -16.49990   4080.430   4007.316     2.5367     2.5384  32.816618  32.820668    34.9048    34.9078     1.3443    231.960     1.3089    242.834       8.49    1481.32     121517          1    -0.0267 9.0800e-05    238.427    249.605    27.8810    27.8833         14  0.000e+00
   5063.208   48.99940  -16.49990   4080.348   4007.236     2.5365     2.5386  32.816681  32.820173    34.9051    34.9071     1.3443    231.947     1.3089    242.831       8.49    1481.32     121518          1    -0.0267 9.0800e-05    238.414    249.602    27.8813    27.8827         14  0.000e+00
   5063.250   48.99940  -16.49990   4080.512   4007.397     2.5367     2.5386  32.816493  32.820544    34.9047    34.9075     1.3443    231.942     1.3089    242.836       8.49    1481.32     121519          1    -0.0267 9.0800e-05    238.408    249.607    27.8809    27.8830         14  0.000e+00
   5063.292   48.99940  -16.49990   4080.430   4007.317     2.5367     2.5385  32.816618  32.820544    34.9048    34.9076     1.3443    231.928     1.3089    242.834       8.49    1481.32     121520          1    -0.0267 9.0800e-05    238.395    249.605    27.8810    27.8831         14  0.000e+00
   5063.333   48.99940  -16.49990   4080.348   4007.236     2.5365     2.5388  32.816492  32.820235    34.9049    34.9070     1.3443    231.916     1.3089    242.830       8.49    1481.32     121521          1    -0.0267 9.0800e-05    238.382    249.601    27.8811    27.8826         14  0.000e+00
   5063.375   48.99940  -16.49990   4080.513   4007.397     2.5365     2.5388  32.816367  32.820235    34.9047    34.9069     1.3455    232.366     1.3089    242.835       8.49    1481.32     121522          1    -0.0267 8.9091e-05    238.844    249.606    27.8809    27.8825         14  0.000e+00
   5063.417   48.99934  -16.49984   4080.430   4007.317     2.5367     2.5388  32.816555  32.820173    34.9048    34.9069     1.3455    232.472     1.3089    242.833       8.50    1481.32     121523          1    -0.0267 8.9091e-05    238.954    249.604    27.8810    27.8825         14  0.000e+00
   5063.458   48.99934  -16.49984   4080.513   4007.397     2.5367     2.5388  32.816870  32.820359    34.9051    34.9071     1.3443    232.125     1.3089    242.835       8.49    1480.95     121524          1    -0.0267 8.9091e-05    238.597    249.606    27.8812    27.8827         14  0.000e+00
   5063.500   48.99934  -16.49984   4080.513   4007.397     2.5367     2.5386  32.816744  32.820235    34.9049    34.9071     1.3443    232.235     1.3089    242.836       8.49    1480.95     121525          1    -0.0267 8.9091e-05    238.710    249.607    27.8811    27.8827         14  0.000e+00
   5063.542   48.99934  -16.49984   4080.513   4007.397     2.5364     2.5384  32.816681  32.820483    34.9052    34.9076     1.3443    232.221     1.3089    242.837       8.49    1481.32     121526          1    -0.0267 8.9091e-05    238.696    249.608    27.8813    27.8831         14  0.000e+00
   5063.583   48.99940  -16.49990   4080.513   4007.397     2.5368     2.5386  32.816430  32.820483    34.9044    34.9074     1.3443    232.203     1.3089    242.836       8.49    1481.32     121527          1    -0.0267 8.9091e-05    238.677    249.607    27.8807    27.8829         14  0.000e+00
   5063.625   48.99940  -16.49990   4080.513   4007.397     2.5365     2.5386  32.816367  32.820235    34.9047    34.9071     1.3443    232.190     1.3089    242.836       8.49    1481.32     121528          1    -0.0267 8.9091e-05    238.663    249.607    27.8809    27.8827         14  0.000e+00
   5063.667   48.99940  -16.49990   4080.596   4007.478     2.5365     2.5386  32.816367  32.820545    34.9046    34.9074     1.3443    232.308     1.3089    242.838       8.49    1481.32     121529          1    -0.0267 8.9091e-05    238.785    249.609    27.8809    27.8830         14  0.000e+00
   5063.708   48.99940  -16.49990   4080.513   4007.397     2.5365     2.5389  32.816618  32.820359    34.9050    34.9069     1.3443    232.294     1.3089    242.834       8.49    1480.95     121530          1    -0.0267 8.9091e-05    238.771    249.605    27.8812    27.8825         14  0.000e+00
   5063.750   48.99940  -16.49990   4080.596   4007.478     2.5365     2.5386  32.816493  32.820421    34.9048    34.9073     1.3443    232.286     1.3089    242.839       8.49    1481.32     121531          1    -0.0267 8.9091e-05    238.763    249.610    27.8810    27.8828         14  0.000e+00
   5063.792   48.99940  -16.49990   4080.462   4007.347     2.5365     2.5386  32.816618  32.820482    34.9050    34.9074     1.3443    232.271     1.3089    242.834       8.49    1481.32     121532          1    -0.0267 8.9091e-05    238.747    249.605    27.8812    27.8830         14  0.000e+00
   5063.833   48.99940  -16.49990   4080.668   4007.548     2.5364     2.5386  32.816682  32.820545    34.9051    34.9074     1.3443    232.268     1.3089    242.841       8.50    1481.32     121533          1    -0.0267 8.9091e-05    238.744    249.612    27.8813    27.8829         14  0.000e+00
   5063.875   48.99940  -16.49990   4080.596   4007.478     2.5367     2.5386  32.816870  32.820483    34.9051    34.9074     1.3443    232.253     1.3089    242.838       8.49    1481.32     121534          1    -0.0267 8.9091e-05    238.729    249.610    27.8812    27.8829         14  0.000e+00
   5063.917   48.99940  -16.49990   4080.513   4007.398     2.5364     2.5388  32.816242  32.820482    34.9047    34.9072     1.3443    232.243     1.3089    242.835       8.49    1481.32     121535          1    -0.0267 8.9091e-05    238.718    249.606    27.8809    27.8828         14  0.000e+00
   5063.958   48.99940  -16.49990   4080.750   4007.628     2.5365     2.5389  32.816556  32.820483    34.9048    34.9070     1.3443    232.239     1.3089    242.842       8.49    1481.32     121536          1    -0.0267 8.9091e-05    238.714    249.613    27.8810    27.8826         14  0.000e+00
   5064.000   48.99940  -16.49990   4080.596   4007.478     2.5365     2.5386  32.816682  32.820792    34.9050    34.9077     1.3443    232.223     1.3089    242.838       8.49    1481.32     121537          1    -0.0267 8.9091e-05    238.698    249.609    27.8812    27.8832         14  0.000e+00
   5064.042   48.99940  -16.49990   4080.668   4007.548     2.5364     2.5388  32.816682  32.820359    34.9052    34.9070     1.3443    232.084     1.3089    242.840       8.49    1481.32     121538          1    -0.0267 8.9091e-05    238.555    249.611    27.8813    27.8826         14  0.000e+00
   5064.083   48.99940  -16.49990   4080.668   4007.548     2.5367     2.5389  32.816493  32.820545    34.9046    34.9071     1.3443    232.067     1.3089    242.839       8.49    1481.32     121539          1    -0.0267 8.9091e-05    238.537    249.610    27.8808    27.8826         14  0.000e+00
   5064.125   48.99940  -16.49990   4080.668   4007.548     2.5365     2.5386  32.816368  32.820730    34.9046    34.9076     1.3443    232.053     1.3089    242.840       8.49    1481.32     121540          1    -0.0267 8.9091e-05    238.522    249.611    27.8809    27.8831         14  0.000e+00
   5064.167   48.99940  -16.49990   4080.668   4007.548     2.5368     2.5389  32.816556  32.820359    34.9045    34.9069     1.3443    232.035     1.3089    242.839       8.48    1481.32     121541          1    -0.0267 8.9091e-05    238.504    249.610    27.8807    27.8825         14  0.000e+00
   5064.208   48.99940  -16.49990   4080.668   4007.549     2.5365     2.5389  32.816493  32.820421    34.9048    34.9069     1.3443    231.890     1.3089    242.839       8.49    1481.32     121542          1    -0.0267 8.9091e-05    238.355    249.610    27.8810    27.8825         14  0.000e+00
   5064.250   48.99940  -16.49990   4080.669   4007.549     2.5365     2.5388  32.816619  32.820668    34.9049    34.9074     1.3443    231.868     1.3089    242.840       8.49    1481.32     121543          1    -0.0267 8.9091e-05    238.333    249.611    27.8811    27.8829         14  0.000e+00
   5064.292   48.99940  -16.49990   4080.669   4007.549     2.5365     2.5389  32.816682  32.820545    34.9050    34.9071     1.3455    232.302     1.3089    242.839       8.49    1481.32     121544          1    -0.0267 8.9091e-05    238.779    249.610    27.8812    27.8826         14  0.000e+00
   5064.333   48.99940  -16.49990   4080.751   4007.629     2.5365     2.5389  32.816431  32.820545    34.9047    34.9070     1.3443    231.950     1.3089    242.842       8.49    1481.32     121545          1    -0.0267 8.9091e-05    238.417    249.613    27.8809    27.8826         14  0.000e+00
   5064.375   48.99940  -16.49990   4080.669   4007.549     2.5365     2.5388  32.816556  32.820483    34.9048    34.9072     1.3443    231.921     1.3089    242.840       8.49    1480.95     121546          1    -0.0267 8.9091e-05    238.387    249.611    27.8810    27.8827         14  0.000e+00
