Data_example/SBE_Data_Processed/DY130/SeaBird/Data/Batch/DY130_001.ros
* Sea-Bird SBE 9 Data File:
* FileName = C:\Users\sandm\Documents\Cruises\DY130\Data\Raw Data\DY130_001.hex
* Software Version Seasave V 7.26.7.121
* Temperature SN = 03P-5494
* Conductivity SN = 04C-3768
* Number of Bytes Per Scan = 45
* Number of Voltage Words = 4
* Number of Scans Averaged by the Deck Unit = 1
* NMEA Latitude = 48 15.46 N
* NMEA Longitude = 010 08.85 W
* NMEA UTC (Time) = Mar 28 2021  15:02:43
* NMEA baud rate = 9600
** Ship: RRS Discovery
** Cruise: DY130
** Cast: DY130_001
** Station: 016
** Julian Day: 087
** Date: 28th March 2021
** Time (GMT): 15:02
** Latitude: 48 15.46
** Longitude: 10 08.85
** Depth (uncorrected m): 3399
** Principal Scientist: Sue Hart
** Operator: BP/PH
# nquan = 28
# nvalues = 2662                                  
# units = specified
# name 0 = timeS: Time, Elapsed [seconds]
# name 1 = latitude: Latitude [deg]
# name 2 = longitude: Longitude [deg]
# name 3 = prDM: Pressure, Digiquartz [db]
# name 4 = depSM: Depth [salt water, m]
# name 5 = t090C: Temperature [ITS-90, deg C]
# name 6 = t190C: Temperature, 2 [ITS-90, deg C]
# name 7 = c0mS/cm: Conductivity [mS/cm]
# name 8 = c1mS/cm: Conductivity, 2 [mS/cm]
# name 9 = sal00: Salinity, Practical [PSU]
# name 10 = sal11: Salinity, Practical, 2 [PSU]
# name 11 = sbeox0V: Oxygen raw, SBE 43 [V]
# name 12 = sbox0Mm/Kg: Oxygen, SBE 43 [umol/kg]
# name 13 = sbeox1V: Oxygen raw, SBE 43, 2 [V]
# name 14 = sbox1Mm/Kg: Oxygen, SBE 43, 2 [umol/kg]
# name 15 = ptempC: Pressure Temperature [deg C]
# name 16 = altM: Altimeter [m]
# name 17 = scan: Scan Count
# name 18 = pumps: Pump Status
# name 19 = flECO-AFL: Fluorescence, WET Labs ECO-AFL/FL [mg/m^3]
# name 20 = turbWETbb0: Turbidity, WET Labs ECO BB [m^-1/sr]
# name 21 = ph: pH
# name 22 = sbeox0Mm/L: Oxygen, SBE 43 [umol/l]
# name 23 = sbeox1Mm/L: Oxygen, SBE 43, 2 [umol/l]
# name 24 = sigma-é00: Density [sigma-theta, kg/m^3]
# name 25 = sigma-é11: Density, 2 [sigma-theta, kg/m^3]
# name 26 = nbf: Bottles Fired
# name 27 = flag:  0.000e+00
# interval = seconds: 0.0416667
# start_time = Mar 28 2021 15:02:43 [NMEA time, first data scan]
# bad_flag = -9.990e-29
*END*
[from data line 52]
   3012.375   48.25770  -10.14758   1828.365   1805.080     4.1570     4.1579  33.510487  33.512565    35.0238    35.0252     1.7839    248.779     1.7265    261.755      13.05    1481.68      72298          1    -0.0377 1.3354e-04     20.375    255.696    269.033    27.8048    27.8058          1  0.000e+00
   3012.417   48.25770  -10.14758   1828.435   1805.149     4.1569     4.1579  33.510424  33.512752    35.0238    35.0254     1.7839    248.771     1.7265    261.774      13.05    1481.68      72299          1    -0.0377 1.3354e-04     20.375    255.688    269.053    27.8047    27.8059          1  0.000e+00
   3012.458   48.25770  -10.14758   1828.365   1805.080     4.1570     4.1582  33.510550  33.512752    35.0239    35.0251     1.7839    248.757     1.7265    261.787      13.05    1481.32      72300          1    -0.0267 1.3354e-04     20.375    255.673    269.066    27.8048    27.8057          1  0.000e+00
   3012.500   48.25766  -10.14750   1828.365   1805.080     4.1568     4.1584  33.510423  33.512752    35.0239    35.0250     1.7851    249.034     1.7253    261.474      13.05    1481.32      72301          1    -0.0377 1.3354e-04     20.375    255.958    268.744    27.8049    27.8056          1  0.000e+00
   3012.542   48.25766  -10.14750   1828.435   1805.149     4.1571     4.1582  33.510550  33.512939    35.0237    35.0253     1.7839    248.787     1.7265    261.758      13.05    1481.68      72302          1    -0.0377 1.3354e-04     20.375    255.705    269.036    27.8047    27.8059          1  0.000e+00
   3012.583   48.25766  -10.14750   1828.365   1805.080     4.1570     4.1584  33.510613  33.513250    35.0239    35.0256     1.7839    248.772     1.7265    261.774      13.05    1481.68      72303          1    -0.0377 1.3354e-04     20.375    255.689    269.053    27.8049    27.8060          1  0.000e+00
   3012.625   48.25766  -10.14750   1828.435   1805.149     4.1569     4.1584  33.510424  33.513126    35.0238    35.0254     1.7851    249.049     1.7265    261.797      13.05    1481.68      72304          1    -0.0377 1.3354e-04     20.375    255.974    269.076    27.8047    27.8059          1  0.000e+00
   3012.667   48.25770  -10.14758   1828.365   1805.080     4.1571     4.1587  33.510550  33.513063    35.0237    35.0250     1.7839    248.796     1.7265    261.812      13.05    1481.68      72305          1    -0.0267 1.3354e-04     20.375    255.714    269.092    27.8047    27.8056          1  0.000e+00
   3012.708   48.25770  -10.14758   1828.435   1805.149     4.1568     4.1585  33.510424  33.513064    35.0239    35.0251     1.7839    248.841     1.7265    261.836      13.04    1481.68      72306          1    -0.0377 1.3524e-04     20.375    255.760    269.116    27.8049    27.8057          1  0.000e+00
   3012.750   48.25770  -10.14758   1828.516   1805.228     4.1571     4.1585  33.510550  33.513251    35.0236    35.0253     1.7839    248.828     1.7265    261.787      13.05    1481.32      72307          1    -0.0377 1.3524e-04     20.375    255.747    269.066    27.8046    27.8058          1  0.000e+00
   3012.792   48.25770  -10.14758   1828.516   1805.228     4.1572     4.1585  33.510424  33.513126    35.0234    35.0252     1.7839    248.814     1.7253    261.475      13.05    1481.68      72308          1    -0.0377 1.3524e-04     20.375    255.732    268.745    27.8044    27.8057          1  0.000e+00
   3012.833   48.25770  -10.14758   1828.436   1805.149     4.1571     4.1584  33.510740  33.513064    35.0239    35.0253     1.7851    249.085     1.7265    261.754      13.05    1481.68      72309          1    -0.0377 1.3524e-04     20.375    256.011    269.032    27.8048    27.8058          1  0.000e+00
   3012.875   48.25770  -10.14758   1828.516   1805.228     4.1569     4.1585  33.510487  33.513064    35.0238    35.0251     1.7839    248.896     1.7265    261.776      13.05    1481.68      72310          1    -0.0267 1.3524e-04     20.375    255.817    269.055    27.8048    27.8057          1  0.000e+00
   3012.917   48.25770  -10.14758   1828.436   1805.149     4.1571     4.1588  33.510550  33.513064    35.0237    35.0248     1.7851    249.166     1.7265    261.791      13.06    1481.68      72311          1    -0.0267 1.3524e-04     20.375    256.094    269.070    27.8047    27.8054          1  0.000e+00
   3012.958   48.25770  -10.14758   1828.516   1805.228     4.1571     4.1585  33.510614  33.513251    35.0238    35.0253     1.7851    249.207     1.7253    261.486      13.05    1481.32      72312          1    -0.0377 1.3524e-04     20.375    256.137    268.757    27.8047    27.8058          1  0.000e+00
   3013.000   48.25770  -10.14758   1828.516   1805.228     4.1568     4.1588  33.510424  33.513126    35.0238    35.0248     1.7851    249.301     1.7253    261.368      13.05    1481.32      72313          1    -0.0377 1.3524e-04     20.375    256.233    268.635    27.8048    27.8054          1  0.000e+00
   3013.042   48.25770  -10.14758   1828.516   1805.228     4.1568     4.1585  33.510550  33.512815    35.0240    35.0248     1.7851    249.393     1.7253    261.324      13.05    1481.32      72314          1    -0.0377 1.3524e-04     20.375    256.327    268.591    27.8049    27.8054          1  0.000e+00
   3013.083   48.25770  -10.14758   1828.516   1805.228     4.1571     4.1585  33.510424  33.512939    35.0235    35.0250     1.7839    249.140     1.7265    261.611      13.05    1481.68      72315          1    -0.0377 1.3524e-04     20.375    256.067    268.885    27.8046    27.8055          1  0.000e+00
   3013.125   48.25770  -10.14758   1828.436   1805.150     4.1568     4.1581  33.510740  33.513064    35.0242    35.0256     1.7839    249.120     1.7265    261.565      13.05    1481.68      72316          1    -0.0377 1.3524e-04     20.375    256.047    268.838    27.8051    27.8061          1  0.000e+00
   3013.167   48.25770  -10.14758   1828.666   1805.376     4.1571     4.1585  33.510678  33.512815    35.0238    35.0247     1.7851    249.396     1.7265    261.594      13.05    1481.68      72317          1    -0.0377 1.3524e-04     20.375    256.331    268.867    27.8047    27.8054          1  0.000e+00
   3013.208   48.25770  -10.14758   1828.516   1805.228     4.1570     4.1584  33.510614  33.513126    35.0239    35.0253     1.7851    249.425     1.7265    261.611      13.05    1481.68      72318          1    -0.0267 1.3524e-04     20.375    256.361    268.886    27.8048    27.8059          1  0.000e+00
   3013.250   48.25770  -10.14758   1828.586   1805.297     4.1568     4.1584  33.510614  33.513126    35.0241    35.0253     1.7851    249.460     1.7265    261.637      13.05    1481.68      72319          1    -0.0377 1.3524e-04     20.375    256.397    268.912    27.8050    27.8058          1  0.000e+00
   3013.292   48.25770  -10.14758   1828.586   1805.297     4.1568     4.1584  33.510614  33.512815    35.0240    35.0249     1.7839    249.202     1.7265    261.660      13.05    1481.68      72320          1    -0.0377 1.3524e-04     20.375    256.131    268.936    27.8050    27.8055          1  0.000e+00
   3013.333   48.25770  -10.14758   1828.586   1805.297     4.1569     4.1585  33.510424  33.512939    35.0237    35.0249     1.7851    249.520     1.7265    261.682      13.05    1481.68      72321          1    -0.0377 1.3524e-04     20.375    256.458    268.958    27.8047    27.8055          1  0.000e+00
   3013.375   48.25770  -10.14758   1828.516   1805.229     4.1570     4.1584  33.510044  33.513064    35.0232    35.0253     1.7851    249.548     1.7265    261.703      13.05    1481.68      72322          1    -0.0377 1.3524e-04     20.375    256.486    268.979    27.8043    27.8058          1  0.000e+00
   3013.417   48.25770  -10.14758   1828.586   1805.298     4.1569     4.1587  33.510424  33.513064    35.0237    35.0249     1.7839    249.289     1.7253    261.397      13.05    1481.32      72323          1    -0.0377 1.3524e-04     20.375    256.221    268.665    27.8047    27.8055          1  0.000e+00
   3013.458   48.25770  -10.14758   1828.586   1805.298     4.1571     4.1585  33.510424  33.513251    35.0235    35.0253     1.7839    249.261     1.7253    261.354      13.05    1481.32      72324          1    -0.0377 1.3524e-04     20.375    256.192    268.621    27.8045    27.8058          1  0.000e+00
   3013.500   48.25766  -10.14750   1828.667   1805.376     4.1569     4.1585  33.510741  33.512877    35.0240    35.0248     1.7839    249.237     1.7253    261.318      13.05    1481.68      72325          1    -0.0377 1.3524e-04     20.375    256.167    268.584    27.8050    27.8054          1  0.000e+00
   3013.542   48.25766  -10.14750   1828.586   1805.298     4.1570     4.1585  33.510487  33.513002    35.0237    35.0250     1.7851    249.495     1.7265    261.607      13.05    1481.32      72326          1    -0.0377 1.3524e-04     20.375    256.433    268.882    27.8047    27.8056          1  0.000e+00
   3013.583   48.25766  -10.14750   1828.586   1805.298     4.1571     4.1585  33.510551  33.513064    35.0236    35.0251     1.7851    249.519     1.7265    261.639      13.05    1481.68      72327          1    -0.0377 1.3524e-04     20.375    256.457    268.914    27.8046    27.8056          1  0.000e+00
   3013.625   48.25766  -10.14750   1828.667   1805.377     4.1569     4.1584  33.510614  33.513064    35.0239    35.0252     1.7851    249.545     1.7265    261.674      13.04    1481.68      72328          1    -0.0377 1.3524e-04     20.375    256.484    268.950    27.8048    27.8058          1  0.000e+00
   3013.667   48.25770  -10.14758   1828.587   1805.298     4.1570     4.1584  33.510614  33.512815    35.0238    35.0249     1.7851    249.562     1.7265    261.703      13.05    1481.68      72329          1    -0.0377 1.3524e-04     20.375    256.501    268.980    27.8048    27.8055          1  0.000e+00
   3013.708   48.25770  -10.14758   1828.667   1805.377     4.1569     4.1582  33.510424  33.512940    35.0236    35.0252     1.7851    249.584     1.7265    261.666      13.05    1481.68      72330          1    -0.0267 1.3695e-04     20.375    256.523    268.942    27.8047    27.8058          1  0.000e+00
   3013.750   48.25770  -10.14758   1828.587   1805.298     4.1570     4.1579  33.510741  33.512815    35.0240    35.0254     1.7851    249.596     1.7265    261.694      13.05    1481.68      72331          1    -0.0158 1.4037e-04     20.375    256.536    268.970    27.8049    27.8059          1  0.000e+00
   3013.792   48.25770  -10.14758   1828.667   1805.377     4.1569     4.1579  33.510678  33.512753    35.0239    35.0253     1.7851    249.612     1.7265    261.725      13.05    1481.32      72332          1    -0.0158 1.4379e-04     20.375    256.553    269.003    27.8049    27.8059          1  0.000e+00
   3013.833   48.25770  -10.14758   1828.667   1805.377     4.1568     4.1582  33.510424  33.512753    35.0238    35.0250     1.7851    249.625     1.7265    261.752      13.05    1481.68      72333          1    -0.0158 1.4379e-04     20.375    256.565    269.030    27.8048    27.8056          1  0.000e+00
   3013.875   48.25770  -10.14758   1828.667   1805.377     4.1571     4.1584  33.510551  33.512940    35.0236    35.0251     1.7851    249.632     1.7265    261.779      13.05    1481.68      72334          1    -0.0158 1.4208e-04     20.375    256.573    269.058    27.8046    27.8056          1  0.000e+00
   3013.917   48.25770  -10.14758   1828.667   1805.377     4.1570     4.1584  33.510614  33.512815    35.0238    35.0249     1.7851    249.639     1.7253    261.479      13.05    1481.68      72335          1    -0.0158 1.4208e-04     20.375    256.580    268.749    27.8048    27.8055          1  0.000e+00
   3013.958   48.25770  -10.14758   1828.737   1805.446     4.1569     4.1582  33.510425  33.513002    35.0236    35.0253     1.7851    249.647     1.7253    261.373      13.05    1481.32      72336          1    -0.0158 1.4379e-04     20.375    256.588    268.641    27.8046    27.8058          1  0.000e+00
   3014.000   48.25770  -10.14758   1828.667   1805.377     4.1570     4.1584  33.510741  33.512815    35.0240    35.0249     1.7851    249.646     1.7265    261.592      13.05    1481.68      72337          1    -0.0158 1.4208e-04     20.375    256.587    268.865    27.8049    27.8055          1  0.000e+00
   3014.042   48.25770  -10.14758   1828.667   1805.377     4.1569     4.1585  33.510678  33.512753    35.0239    35.0247     1.7851    249.646     1.7265    261.619      13.05    1481.32      72338          1    -0.0158 1.4379e-04     20.375    256.587    268.894    27.8049    27.8053          1  0.000e+00
   3014.083   48.25770  -10.14758   1828.667   1805.377     4.1571     4.1582  33.510804  33.512940    35.0239    35.0252     1.7851    249.642     1.7265    261.649      13.05    1481.68      72339          1    -0.0158 1.4379e-04     20.375    256.584    268.925    27.8048    27.8058          1  0.000e+00
   3014.125   48.25770  -10.14758   1828.737   1805.446     4.1568     4.1584  33.510678  33.512566    35.0240    35.0246     1.7851    249.642     1.7265    261.680      13.05    1481.68      72340          1    -0.0158 1.4379e-04     20.375    256.583    268.956    27.8050    27.8053          1  0.000e+00
   3014.167   48.25770  -10.14758   1828.667   1805.377     4.1569     4.1582  33.510614  33.512877    35.0239    35.0251     1.7851    249.633     1.7265    261.706      13.05    1481.32      72341          1    -0.0158 1.4208e-04     20.375    256.574    268.983    27.8048    27.8057          1  0.000e+00
   3014.208   48.25770  -10.14758   1828.737   1805.446     4.1568     4.1581  33.510804  33.512815    35.0242    35.0252     1.7851    249.626     1.7265    261.738      13.05    1481.32      72342          1    -0.0158 1.4379e-04     20.375    256.567    269.016    27.8051    27.8058          1  0.000e+00
   3014.250   48.25770  -10.14758   1828.667   1805.377     4.1572     4.1581  33.510677  33.512753    35.0236    35.0252     1.7851    249.611     1.7265    261.764      13.05    1481.68      72343          1    -0.0158 1.4379e-04     20.375    256.551    269.043    27.8046    27.8058          1  0.000e+00
   3014.292   48.25770  -10.14758   1828.737   1805.446     4.1570     4.1581  33.510425  33.512504    35.0236    35.0248     1.7851    249.601     1.7265    261.796      13.05    1481.68      72344          1    -0.0158 1.4379e-04     20.375    256.542    269.075    27.8046    27.8055          1  0.000e+00
   3014.333   48.25770  -10.14758   1828.737   1805.446     4.1571     4.1579  33.510551  33.512628    35.0236    35.0251     1.7851    249.585     1.7265    261.825      13.05    1481.68      72345          1    -0.0158 1.4379e-04     20.375    256.525    269.105    27.8046    27.8057          1  0.000e+00
   3014.375   48.25770  -10.14758   1828.737   1805.446     4.1568     4.1578  33.510614  33.512504    35.0239    35.0251     1.7851    249.568     1.7253    261.525      13.04    1481.32      72346          1    -0.0158 1.4379e-04     20.375    256.507    268.797    27.8049    27.8057          1  0.000e+00
   3014.417   48.25770  -10.14758   1828.737   1805.446     4.1571     4.1582  33.510424  33.512441    35.0234    35.0246     1.7851    249.547     1.7253    261.486      13.05    1481.68      72347          1    -0.0158 1.4379e-04     20.375    256.486    268.756    27.8045    27.8053          1  0.000e+00
   3014.458   48.25770  -10.14758   1828.737   1805.446     4.1570     4.1582  33.510551  33.512691    35.0237    35.0249     1.7851    249.525     1.7253    261.451      13.05    1481.68      72348          1    -0.0158 1.4379e-04     20.375    256.463    268.721    27.8047    27.8055          1  0.000e+00
