Data_example/SBE_Data_Processed/DY130/SeaBird/Data/Batch/DY130_004.ros
* Sea-Bird SBE 9 Data File:
* FileName = C:\Users\sandm\Documents\Cruises\DY130\Data\Raw Data\DY130_004.hex
* Software Version Seasave V 7.26.7.121
* Temperature SN = 03P-5494
* Conductivity SN = 04C-3768
* Number of Bytes Per Scan = 45
* Number of Voltage Words = 4
* Number of Scans Averaged by the Deck Unit = 1
* NMEA Latitude = 48 56.97 N
* NMEA Longitude = 016 26.65 W
* NMEA UTC (Time) = Apr 01 2021  07:02:32
* NMEA baud rate = 9600
** Ship: RRS Discovery
** Cruise: DY130
** Cast: DY130_004
** Station: 027
** Julian Day: 091
** Date: 01/04/21
** Time (GMT): 07:02
** Latitude: 48 56.96 N
** Longitude: 16 26.64 W
** Depth (uncorrected m): 4811
** Principal Scientist: Sue Hart
** Operator: BP/PH
# nquan = 29
# nvalues = 2541                                  
# units = specified
# name 0 = timeS: Time, Elapsed [seconds]
# name 1 = latitude: Latitude [deg]
# name 2 = longitude: Longitude [deg]
# name 3 = prDM: Pressure, Digiquartz [db]
# name 4 = depSM: Depth [salt water, m]
# name 5 = t090C: Temperature [ITS-90, deg C]
# name 6 = t190C: Temperature, 2 [ITS-90, deg C]
# name 7 = c0mS/cm: Conductivity [mS/cm]
# name 8 = c1mS/cm: Conductivity, 2 [mS/cm]
# name 9 = sal00: Salinity, Practical [PSU]
# name 10 = sal11: Salinity, Practical, 2 [PSU]
# name 11 = sbeox0V: Oxygen raw, SBE 43 [V]
# name 12 = sbox0Mm/Kg: Oxygen, SBE 43 [umol/kg]
# name 13 = sbeox1V: Oxygen raw, SBE 43, 2 [V]
# name 14 = sbox1Mm/Kg: Oxygen, SBE 43, 2 [umol/kg]
# name 15 = ptempC: Pressure Temperature [deg C]
# name 16 = altM: Altimeter [m]
# name 17 = scan: Scan Count
# name 18 = pumps: Pump Status
# name 19 = flECO-AFL: Fluorescence, WET Labs ECO-AFL/FL [mg/m^3]
# name 20 = turbWETbb0: Turbidity, WET Labs ECO BB [m^-1/sr]
# name 21 = sbeox0Mm/L: Oxygen, SBE 43 [umol/l]
# name 22 = sbeox1Mm/L: Oxygen, SBE 43, 2 [umol/l]
# name 23 = sigma-é00: Density [sigma-theta, kg/m^3]
# name 24 = sigma-é11: Density, 2 [sigma-theta, kg/m^3]
# name 25 = par: PAR/Irradiance, Biospherical/Licor [umol photons/m^2/sec]
# name 26 = par1: PAR/Irradiance, Biospherical/Licor [umol photons/m^2/sec]
# name 27 = nbf: Bottles Fired
# name 28 = flag:  0.000e+00
# interval = seconds: 0.0416667
# start_time = Apr 01 2021 07:02:33 [NMEA time, first data scan]
# bad_flag = -9.990e-29
*END*
[from data line 651]
   1657.750   48.94942  -16.44410    103.900    102.993    11.2853    11.2861  39.850394  39.854141    35.4873    35.4903     2.5348    262.338     2.4212    272.425       9.91    1481.68      39787          1     0.2809 1.4721e-04    269.448    279.810    27.1052    27.1073 1.2175e-03 3.7590e-05          6  0.000e+00
   1657.792   48.94950  -16.44416    103.900    102.993    11.2855    11.2859  39.850530  39.854341    35.4873    35.4906     2.5348    262.329     2.4212    272.417       9.91    1481.68      39788          1     0.2809 1.4892e-04    269.439    279.801    27.1051    27.1076 1.2108e-03 3.7590e-05          6  0.000e+00
   1657.833   48.94950  -16.44416    103.988    103.081    11.2856    11.2863  39.850666  39.853874    35.4873    35.4897     2.5348    262.304     2.4212    272.411       9.91    1481.32      39789          1     0.2809 1.4721e-04    269.414    279.795    27.1051    27.1068 1.2175e-03 3.7814e-05          6  0.000e+00
   1657.875   48.94950  -16.44416    103.900    102.993    11.2856    11.2861  39.851140  39.854208    35.4877    35.4903     2.5348    262.292     2.4212    272.402       9.91    1481.68      39790          1     0.2809 1.4721e-04    269.401    279.786    27.1054    27.1073 1.2175e-03 3.7590e-05          6  0.000e+00
   1657.917   48.94950  -16.44416    103.988    103.081    11.2857    11.2864  39.851072  39.854141    35.4875    35.4899     2.5348    262.286     2.4212    272.397       9.92    1481.68      39791          1     0.2809 1.4721e-04    269.395    279.781    27.1052    27.1070 1.2175e-03 3.7814e-05          6  0.000e+00
   1657.958   48.94942  -16.44410    103.900    102.993    11.2855    11.2861  39.851004  39.854275    35.4877    35.4904     2.5348    262.276     2.4212    272.391       9.91    1481.32      39792          1     0.2809 1.4892e-04    269.385    279.774    27.1054    27.1074 1.2175e-03 3.7814e-05          6  0.000e+00
   1658.000   48.94942  -16.44410    103.978    103.071    11.2856    11.2861  39.850734  39.853874    35.4873    35.4900     2.5348    262.270     2.4212    272.390       9.91    1481.32      39793          1     0.2809 1.4721e-04    269.378    279.774    27.1051    27.1071 1.2108e-03 3.7590e-05          6  0.000e+00
   1658.042   48.94942  -16.44410    103.988    103.081    11.2857    11.2862  39.851140  39.853941    35.4875    35.4899     2.5348    262.260     2.4212    272.387       9.91    1481.32      39794          1     0.2809 1.4892e-04    269.369    279.771    27.1053    27.1070 1.2108e-03 3.7814e-05          6  0.000e+00
   1658.083   48.94942  -16.44410    104.047    103.139    11.2859    11.2861  39.851073  39.854075    35.4873    35.4901     2.5348    262.253     2.4212    272.412       9.91    1481.32      39795          1     0.2809 1.4721e-04    269.361    279.796    27.1050    27.1072 1.2108e-03 3.7814e-05          6  0.000e+00
   1658.125   48.94942  -16.44410    103.988    103.081    11.2857    11.2864  39.851005  39.854275    35.4874    35.4900     2.5348    262.243     2.4212    272.408       9.91    1481.68      39796          1     0.2809 1.4721e-04    269.352    279.792    27.1051    27.1071 1.2108e-03 3.7590e-05          6  0.000e+00
   1658.167   48.94942  -16.44410    103.978    103.071    11.2857    11.2862  39.851208  39.854542    35.4876    35.4905     2.5348    262.234     2.4200    272.212       9.91    1481.68      39797          1     0.2480 1.4037e-04    269.342    279.591    27.1053    27.1074 1.2108e-03 3.7590e-05          6  0.000e+00
   1658.208   48.94942  -16.44410    104.066    103.158    11.2859    11.2862  39.851344  39.854208    35.4875    35.4901     2.5348    262.228     2.4212    272.392       9.91    1481.32      39798          1     0.2370 1.3695e-04    269.335    279.776    27.1052    27.1072 1.2108e-03 3.7814e-05          6  0.000e+00
   1658.250   48.94942  -16.44410    103.978    103.071    11.2859    11.2863  39.851072  39.854275    35.4873    35.4901     2.5348    262.217     2.4200    272.195       9.91    1481.32      39799          1     0.2370 1.3524e-04    269.324    279.574    27.1051    27.1072 1.2108e-03 3.7590e-05          6  0.000e+00
   1658.292   48.94942  -16.44410    104.194    103.284    11.2857    11.2864  39.851005  39.854142    35.4873    35.4898     2.5348    262.216     2.4200    272.185       9.91    1481.68      39800          1     0.2370 1.3524e-04    269.324    279.563    27.1051    27.1069 1.2108e-03 3.7590e-05          6  0.000e+00
   1658.333   48.94942  -16.44410    103.841    102.935    11.2857    11.2864  39.850733  39.854541    35.4872    35.4904     2.5348    262.196     2.4212    272.353       9.91    1481.32      39801          1     0.2370 1.3695e-04    269.303    279.736    27.1050    27.1073 1.2108e-03 3.7590e-05          6  0.000e+00
   1658.375   48.94942  -16.44410    104.047    103.139    11.2857    11.2862  39.850666  39.854208    35.4870    35.4901     2.5348    262.195     2.4200    272.174       9.91    1481.32      39802          1     0.2370 1.3695e-04    269.302    279.552    27.1049    27.1072 1.2108e-03 3.7590e-05          6  0.000e+00
   1658.417   48.94942  -16.44410    104.204    103.294    11.2856    11.2863  39.850667  39.854276    35.4871    35.4900     2.5348    262.193     2.4212    272.363       9.91    1481.32      39803          1     0.2370 1.3695e-04    269.299    279.746    27.1049    27.1071 1.2108e-03 3.7590e-05          6  0.000e+00
   1658.458   48.94942  -16.44410    103.978    103.071    11.2854    11.2861  39.850395  39.854141    35.4871    35.4902     2.5348    262.178     2.4212    272.368       9.91    1481.32      39804          1     0.2370 1.3695e-04    269.284    279.752    27.1050    27.1073 1.2108e-03 3.7590e-05          6  0.000e+00
   1658.500   48.94942  -16.44410    104.125    103.216    11.2853    11.2862  39.850328  39.854275    35.4871    35.4902     2.5348    262.175     2.4212    272.385       9.91    1481.68      39805          1     0.2370 1.3524e-04    269.281    279.769    27.1050    27.1072 1.2108e-03 3.7590e-05          6  0.000e+00
   1658.542   48.94942  -16.44410    104.066    103.158    11.2853    11.2862  39.850327  39.854275    35.4872    35.4902     2.5348    262.164     2.4212    272.397       9.91    1481.32      39806          1     0.2370 1.3695e-04    269.270    279.781    27.1050    27.1072 1.2108e-03 3.7590e-05          6  0.000e+00
   1658.583   48.94942  -16.44410    104.125    103.216    11.2853    11.2862  39.850328  39.854075    35.4871    35.4900     2.5348    262.158     2.4200    272.217       9.91    1481.32      39807          1     0.2370 1.3524e-04    269.264    279.596    27.1050    27.1070 1.2108e-03 3.7590e-05          6  0.000e+00
   1658.625   48.94942  -16.44410    104.066    103.158    11.2853    11.2863  39.850327  39.854075    35.4872    35.4899     2.5348    262.167     2.4200    272.208       9.91    1481.32      39808          1     0.2370 1.3695e-04    269.273    279.586    27.1050    27.1070 1.2108e-03 3.7590e-05          6  0.000e+00
   1658.667   48.94942  -16.44410    104.125    103.216    11.2853    11.2864  39.850531  39.854075    35.4873    35.4898     2.5348    262.180     2.4200    272.204       9.91    1481.68      39809          1     0.2370 1.3695e-04    269.286    279.583    27.1052    27.1069 1.2043e-03 3.7368e-05          6  0.000e+00
   1658.708   48.94942  -16.44410    104.125    103.216    11.2853    11.2864  39.850599  39.854075    35.4874    35.4898     2.5348    262.192     2.4212    272.399       9.91    1481.68      39810          1     0.2370 1.3695e-04    269.299    279.782    27.1052    27.1069 1.2043e-03 3.7368e-05          6  0.000e+00
   1658.750   48.94942  -16.44410    104.135    103.226    11.2853    11.2862  39.850395  39.854275    35.4872    35.4901     2.5348    262.206     2.4200    272.224       9.91    1481.68      39811          1     0.2370 1.3524e-04    269.313    279.603    27.1051    27.1072 1.2043e-03 3.7368e-05          6  0.000e+00
   1658.792   48.94950  -16.44416    104.125    103.216    11.2851    11.2865  39.850328  39.854142    35.4873    35.4897     2.5348    262.220     2.4200    272.222       9.91    1481.32      39812          1     0.2370 1.3695e-04    269.328    279.601    27.1052    27.1068 1.2108e-03 3.7368e-05          6  0.000e+00
   1658.833   48.94950  -16.44416    104.135    103.226    11.2853    11.2865  39.850328  39.854542    35.4871    35.4902     2.5348    262.235     2.4200    272.224       9.91    1481.32      39813          1     0.2370 1.3695e-04    269.342    279.603    27.1050    27.1072 1.2043e-03 3.7368e-05          6  0.000e+00
   1658.875   48.94950  -16.44416    104.125    103.216    11.2851    11.2865  39.850056  39.854476    35.4871    35.4900     2.5348    262.232     2.4200    272.227       9.91    1481.32      39814          1     0.2370 1.3695e-04    269.339    279.607    27.1050    27.1070 1.2043e-03 3.7590e-05          6  0.000e+00
   1658.917   48.94950  -16.44416    104.125    103.216    11.2851    11.2867  39.849989  39.854409    35.4869    35.4898     2.5348    262.247     2.4200    272.233       9.91    1481.32      39815          1     0.2370 1.3695e-04    269.355    279.612    27.1049    27.1068 1.2108e-03 3.7368e-05          6  0.000e+00
   1658.958   48.94942  -16.44410    104.135    103.226    11.2851    11.2865  39.849650  39.854542    35.4866    35.4901     2.5348    262.264     2.4200    272.241       9.91    1481.68      39816          1     0.2370 1.3695e-04    269.373    279.621    27.1046    27.1071 1.2043e-03 3.7368e-05          6  0.000e+00
   1659.000   48.94942  -16.44410    104.194    103.284    11.2848    11.2864  39.850125  39.854409    35.4874    35.4901     2.5336    262.090     2.4200    272.254       9.91    1481.32      39817          1     0.2370 1.3695e-04    269.194    279.634    27.1053    27.1071 1.2043e-03 3.7368e-05          6  0.000e+00
   1659.042   48.94942  -16.44410    104.135    103.226    11.2849    11.2865  39.849718  39.854609    35.4869    35.4903     2.5336    262.068     2.4200    272.263       9.91    1481.68      39818          1     0.2370 1.3695e-04    269.171    279.643    27.1049    27.1072 1.2043e-03 3.7368e-05          6  0.000e+00
   1659.083   48.94942  -16.44410    104.194    103.284    11.2849    11.2865  39.849853  39.854743    35.4870    35.4903     2.5348    262.244     2.4200    272.278       9.91    1481.32      39819          1     0.2370 1.3695e-04    269.352    279.659    27.1049    27.1072 1.2108e-03 3.7368e-05          6  0.000e+00
   1659.125   48.94942  -16.44410    104.125    103.216    11.2848    11.2865  39.849989  39.854476    35.4873    35.4900     2.5348    262.262     2.4200    272.292       9.91    1481.68      39820          1     0.2370 1.3695e-04    269.370    279.673    27.1052    27.1070 1.2043e-03 3.7590e-05          6  0.000e+00
   1659.167   48.94942  -16.44410    104.135    103.226    11.2849    11.2867  39.850192  39.854609    35.4873    35.4900     2.5336    262.106     2.4200    272.284       9.91    1481.32      39821          1     0.2370 1.3524e-04    269.211    279.665    27.1052    27.1070 1.2108e-03 3.7368e-05          6  0.000e+00
   1659.208   48.94942  -16.44410    104.125    103.216    11.2849    11.2866  39.850056  39.854476    35.4872    35.4899     2.5348    262.265     2.4200    272.279       9.91    1481.32      39822          1     0.2370 1.3695e-04    269.373    279.659    27.1051    27.1070 1.2043e-03 3.7368e-05          6  0.000e+00
   1659.250   48.94942  -16.44410    104.204    103.294    11.2848    11.2865  39.850463  39.854409    35.4877    35.4899     2.5348    262.270     2.4200    272.277       9.91    1481.32      39823          1     0.2480 1.3695e-04    269.378    279.658    27.1056    27.1070 1.2043e-03 3.7590e-05          6  0.000e+00
   1659.292   48.94942  -16.44410    104.125    103.216    11.2849    11.2867  39.850395  39.854142    35.4875    35.4895     2.5348    262.269     2.4200    272.270       9.91    1481.32      39824          1     0.2590 1.3866e-04    269.378    279.650    27.1054    27.1066 1.2043e-03 3.7590e-05          6  0.000e+00
   1659.333   48.94942  -16.44410    104.125    103.216    11.2849    11.2867  39.850328  39.854743    35.4875    35.4901     2.5348    262.271     2.4200    272.266       9.91    1481.68      39825          1     0.2590 1.3695e-04    269.380    279.646    27.1053    27.1071 1.2043e-03 3.7368e-05          6  0.000e+00
   1659.375   48.94942  -16.44410    104.135    103.226    11.2849    11.2865  39.850057  39.854542    35.4872    35.4901     2.5348    262.274     2.4200    272.266       9.91    1481.32      39826          1     0.2590 1.3695e-04    269.383    279.646    27.1051    27.1071 1.2108e-03 3.7368e-05          6  0.000e+00
   1659.417   48.94942  -16.44410    104.194    103.284    11.2849    11.2865  39.850192  39.854609    35.4873    35.4902     2.5348    262.278     2.4200    272.267       9.91    1481.68      39827          1     0.2590 1.3866e-04    269.387    279.647    27.1052    27.1072 1.2043e-03 3.7368e-05          6  0.000e+00
   1659.458   48.94942  -16.44410    104.135    103.226    11.2849    11.2867  39.850057  39.854476    35.4872    35.4898     2.5348    262.279     2.4200    272.264       9.91    1481.32      39828          1     0.2590 1.3695e-04    269.388    279.644    27.1051    27.1069 1.2043e-03 3.7368e-05          6  0.000e+00
   1659.500   48.94942  -16.44410    104.125    103.216    11.2848    11.2862  39.849989  39.854409    35.4873    35.4903     2.5348    262.282     2.4200    272.267       9.91    1481.32      39829          1     0.2590 1.3695e-04    269.391    279.648    27.1052    27.1073 1.2043e-03 3.7590e-05          6  0.000e+00
   1659.542   48.94942  -16.44410    104.125    103.216    11.2848    11.2865  39.850192  39.854409    35.4875    35.4900     2.5348    262.284     2.4200    272.268       9.91    1481.68      39830          1     0.2590 1.3695e-04    269.393    279.648    27.1054    27.1070 1.2108e-03 3.7368e-05          6  0.000e+00
   1659.583   48.94942  -16.44410    104.135    103.226    11.2849    11.2865  39.850057  39.854142    35.4872    35.4897     2.5348    262.286     2.4200    272.271       9.91    1481.68      39831          1     0.2590 1.3866e-04    269.395    279.652    27.1051    27.1068 1.2043e-03 3.7368e-05          6  0.000e+00
   1659.625   48.94942  -16.44410    104.125    103.216    11.2849    11.2863  39.850192  39.854275    35.4873    35.4901     2.5348    262.288     2.4200    272.276       9.91    1481.68      39832          1     0.2590 1.3695e-04    269.397    279.656    27.1052    27.1071 1.2043e-03 3.7368e-05          6  0.000e+00
   1659.667   48.94942  -16.44410    104.135    103.226    11.2848    11.2865  39.850057  39.854142    35.4873    35.4897     2.5348    262.291     2.4200    272.280       9.91    1481.32      39833          1     0.2590 1.3866e-04    269.401    279.661    27.1053    27.1068 1.2108e-03 3.7590e-05          6  0.000e+00
   1659.708   48.94942  -16.44410    104.125    103.216    11.2851    11.2864  39.849989  39.854209    35.4870    35.4899     2.5348    262.292     2.4200    272.286       9.91    1481.68      39834          1     0.2590 1.3866e-04    269.401    279.667    27.1049    27.1070 1.2108e-03 3.7590e-05          6  0.000e+00
   1659.750   48.94942  -16.44410    104.125    103.216    11.2853    11.2864  39.850192  39.854342    35.4870    35.4900     2.5348    262.293     2.4200    272.293       9.91    1481.32      39835          1     0.2590 1.3695e-04    269.403    279.674    27.1049    27.1071 1.2108e-03 3.7368e-05          6  0.000e+00
