Data_example/SBE_Data_Processed/DY130/SeaBird/Data/Batch/DY130_013.ros
* Sea-Bird SBE 9 Data File:
* FileName = C:\Users\sandm\Documents\Cruises\DY130\Data\Raw Data\DY130_013.hex
* Software Version Seasave V 7.26.7.121
* Temperature SN = 03P-5494
* Conductivity SN = 04C-3768
* Number of Bytes Per Scan = 45
* Number of Voltage Words = 4
* Number of Scans Averaged by the Deck Unit = 1
* NMEA Latitude = 48 59.96 N
* NMEA Longitude = 016 29.99 W
* NMEA UTC (Time) = Apr 10 2021  09:45:21
* NMEA baud rate = 9600
** Ship: RRS Discovery
** Cruise: DY130
** Cast: 013
** Station: 076
** Julian Day: 100
** Date: 10/04/2021
** Time (GMT): 09:45
** Latitude: 28 59.96N
** Longitude: 16 29.99W
** Depth (uncorrected m): 4808
** Principal Scientist: Sue Hart
** Operator: BP/PH
# nquan = 27
# nvalues = 2904                                  
# units = specified
# name 0 = timeS: Time, Elapsed [seconds]
# name 1 = latitude: Latitude [deg]
# name 2 = longitude: Longitude [deg]
# name 3 = prDM: Pressure, Digiquartz [db]
# name 4 = depSM: Depth [salt water, m]
# name 5 = t090C: Temperature [ITS-90, deg C]
# name 6 = t190C: Temperature, 2 [ITS-90, deg C]
# name 7 = c0mS/cm: Conductivity [mS/cm]
# name 8 = c1mS/cm: Conductivity, 2 [mS/cm]
# name 9 = sal00: Salinity, Practical [PSU]
# name 10 = sal11: Salinity, Practical, 2 [PSU]
# name 11 = sbeox0V: Oxygen raw, SBE 43 [V]
# name 12 = sbox0Mm/Kg: Oxygen, SBE 43 [umol/kg]
# name 13 = sbeox1V: Oxygen raw, SBE 43, 2 [V]
# name 14 = sbox1Mm/Kg: Oxygen, SBE 43, 2 [umol/kg]
# name 15 = ptempC: Pressure Temperature [deg C]
# name 16 = altM: Altimeter [m]
# name 17 = scan: Scan Count
# name 18 = pumps: Pump Status
# name 19 = flECO-AFL: Fluorescence, WET Labs ECO-AFL/FL [mg/m^3]
# name 20 = turbWETbb0: Turbidity, WET Labs ECO BB [m^-1/sr]
# name 21 = sbeox0Mm/L: Oxygen, SBE 43 [umol/l]
# name 22 = sbeox1Mm/L: Oxygen, SBE 43, 2 [umol/l]
# name 23 = sigma-é00: Density [sigma-theta, kg/m^3]
# name 24 = sigma-é11: Density, 2 [sigma-theta, kg/m^3]
# name 25 = nbf: Bottles Fired
# name 26 = flag:  0.000e+00
# interval = seconds: 0.0416667
# start_time = Apr 10 2021 09:45:21 [NMEA time, first data scan]
# bad_flag = -9.990e-29
*END*
[from data line 1880]
   5136.875   48.99940  -16.49990   4080.452   4007.338     2.5371     2.5383  32.816995  32.820173    34.9048    34.9074     1.3443    232.020     1.3089    242.723       8.43    1481.32     123286          1    -0.0377 8.7381e-05    238.489    249.491    27.8810    27.8830         16  0.000e+00
   5136.917   48.99940  -16.49990   4080.452   4007.338     2.5370     2.5385  32.816744  32.820235    34.9046    34.9072     1.3443    232.100     1.3089    242.728       8.43    1481.32     123287          1    -0.0377 8.7381e-05    238.571    249.496    27.8808    27.8828         16  0.000e+00
   5136.958   48.99940  -16.49990   4080.452   4007.338     2.5370     2.5386  32.816869  32.819926    34.9048    34.9068     1.3443    232.047     1.3089    242.735       8.43    1481.32     123288          1    -0.0377 8.7381e-05    238.517    249.503    27.8810    27.8824         16  0.000e+00
   5137.000   48.99940  -16.49990   4080.452   4007.338     2.5370     2.5384  32.816744  32.819864    34.9046    34.9069     1.3443    231.990     1.3089    242.743       8.43    1481.32     123289          1    -0.0377 8.7381e-05    238.458    249.511    27.8808    27.8825         16  0.000e+00
   5137.042   48.99940  -16.49990   4080.535   4007.418     2.5368     2.5386  32.816870  32.820050    34.9049    34.9069     1.3443    231.930     1.3089    242.751       8.43    1481.32     123290          1    -0.0377 8.7381e-05    238.397    249.519    27.8811    27.8825         16  0.000e+00
   5137.083   48.99940  -16.49990   4080.452   4007.338     2.5371     2.5384  32.817184  32.820235    34.9050    34.9073     1.3431    231.403     1.3089    242.755       8.44    1481.32     123291          1    -0.0377 8.7381e-05    237.854    249.524    27.8812    27.8829         16  0.000e+00
   5137.125   48.99940  -16.49990   4080.452   4007.338     2.5371     2.5386  32.816869  32.819926    34.9047    34.9068     1.3443    231.795     1.3089    242.762       8.43    1481.32     123292          1    -0.0377 8.7381e-05    238.258    249.530    27.8809    27.8824         16  0.000e+00
   5137.167   48.99940  -16.49990   4080.452   4007.338     2.5372     2.5384  32.816869  32.820049    34.9046    34.9071     1.3443    231.858     1.3077    242.241       8.43    1481.32     123293          1    -0.0377 8.7381e-05    238.322    248.995    27.8808    27.8827         16  0.000e+00
   5137.208   48.99940  -16.49990   4080.452   4007.338     2.5371     2.5386  32.816744  32.820359    34.9045    34.9073     1.3443    231.921     1.3089    242.620       8.44    1481.32     123294          1    -0.0377 8.7381e-05    238.387    249.385    27.8807    27.8828         16  0.000e+00
   5137.250   48.99940  -16.49990   4080.452   4007.338     2.5370     2.5386  32.816869  32.820111    34.9048    34.9070     1.3443    231.985     1.3089    242.634       8.43    1480.95     123295          1    -0.0377 8.7381e-05    238.452    249.400    27.8810    27.8826         16  0.000e+00
   5137.292   48.99940  -16.49990   4080.452   4007.338     2.5371     2.5384  32.816932  32.820359    34.9047    34.9075     1.3431    231.592     1.3089    242.648       8.43    1481.32     123296          1    -0.0377 8.7381e-05    238.049    249.414    27.8809    27.8830         16  0.000e+00
   5137.333   48.99940  -16.49990   4080.453   4007.338     2.5372     2.5386  32.816932  32.820482    34.9047    34.9074     1.3443    231.989     1.3089    242.660       8.43    1480.95     123297          1    -0.0377 8.7381e-05    238.457    249.426    27.8809    27.8830         16  0.000e+00
   5137.375   48.99940  -16.49990   4080.453   4007.338     2.5373     2.5386  32.816932  32.820297    34.9046    34.9072     1.3431    231.471     1.3089    242.674       8.43    1481.32     123298          1    -0.0377 8.7381e-05    237.924    249.440    27.8808    27.8828         16  0.000e+00
   5137.417   48.99934  -16.49984   4080.453   4007.339     2.5368     2.5384  32.816493  32.820173    34.9045    34.9072     1.3431    231.416     1.3089    242.689       8.43    1481.32     123299          1    -0.0377 8.7381e-05    237.868    249.455    27.8807    27.8828         16  0.000e+00
   5137.458   48.99934  -16.49984   4080.535   4007.419     2.5372     2.5388  32.817058  32.819926    34.9048    34.9066     1.3443    231.818     1.3089    242.703       8.44    1481.32     123300          1    -0.0377 8.7381e-05    238.281    249.470    27.8810    27.8822         16  0.000e+00
   5137.500   48.99934  -16.49984   4080.453   4007.339     2.5371     2.5386  32.816807  32.820297    34.9046    34.9072     1.3443    231.890     1.3089    242.714       8.43    1481.32     123301          1    -0.0377 8.7381e-05    238.355    249.482    27.8808    27.8828         16  0.000e+00
   5137.542   48.99934  -16.49984   4080.453   4007.339     2.5373     2.5386  32.816681  32.820544    34.9043    34.9075     1.3443    231.962     1.3089    242.727       8.43    1481.32     123302          1    -0.0377 8.7381e-05    238.430    249.495    27.8805    27.8830         16  0.000e+00
   5137.583   48.99934  -16.49984   4080.453   4007.339     2.5370     2.5386  32.816681  32.820235    34.9046    34.9071     1.3443    232.037     1.3089    242.741       8.43    1481.32     123303          1    -0.0377 8.7381e-05    238.507    249.509    27.8808    27.8827         16  0.000e+00
   5137.625   48.99940  -16.49990   4080.453   4007.339     2.5370     2.5386  32.816681  32.820359    34.9046    34.9073     1.3431    231.525     1.3089    242.754       8.43    1481.32     123304          1    -0.0377 8.7381e-05    237.980    249.523    27.8808    27.8828         16  0.000e+00
   5137.667   48.99940  -16.49990   4080.453   4007.339     2.5371     2.5386  32.816869  32.820235    34.9047    34.9071     1.3431    231.472     1.3089    242.768       8.44    1480.95     123305          1    -0.0377 8.7381e-05    237.925    249.537    27.8809    27.8827         16  0.000e+00
   5137.708   48.99940  -16.49990   4080.453   4007.339     2.5370     2.5389  32.817184  32.820049    34.9052    34.9066     1.3431    231.424     1.3089    242.780       8.43    1481.32     123306          1    -0.0377 8.7381e-05    237.877    249.549    27.8813    27.8822         16  0.000e+00
   5137.750   48.99940  -16.49990   4080.453   4007.339     2.5373     2.5386  32.816869  32.820111    34.9044    34.9070     1.3443    231.836     1.3089    242.795       8.44    1480.95     123307          1    -0.0377 8.7381e-05    238.300    249.564    27.8806    27.8826         16  0.000e+00
   5137.792   48.99940  -16.49990   4080.536   4007.419     2.5370     2.5386  32.817121  32.820173    34.9050    34.9070     1.3443    231.924     1.3089    242.810       8.44    1480.95     123308          1    -0.0267 8.7381e-05    238.390    249.581    27.8812    27.8826         16  0.000e+00
   5137.833   48.99940  -16.49990   4080.453   4007.339     2.5370     2.5386  32.816995  32.820359    34.9049    34.9073     1.3443    231.874     1.3077    242.293       8.44    1480.95     123309          1    -0.0267 8.7381e-05    238.339    249.049    27.8811    27.8828         16  0.000e+00
   5137.875   48.99940  -16.49990   4080.453   4007.339     2.5370     2.5386  32.816744  32.820297    34.9046    34.9072     1.3443    231.953     1.3089    242.681       8.43    1480.95     123310          1    -0.0267 8.7381e-05    238.420    249.447    27.8808    27.8828         16  0.000e+00
   5137.917   48.99940  -16.49990   4080.536   4007.419     2.5370     2.5383  32.816870  32.820421    34.9047    34.9077     1.3443    231.903     1.3089    242.705       8.43    1480.95     123311          1    -0.0267 8.7381e-05    238.369    249.472    27.8809    27.8832         16  0.000e+00
   5137.958   48.99940  -16.49990   4080.453   4007.339     2.5370     2.5388  32.816932  32.820235    34.9049    34.9070     1.3443    231.843     1.3089    242.720       8.43    1481.32     123312          1    -0.0267 8.7381e-05    238.307    249.488    27.8810    27.8826         16  0.000e+00
   5138.000   48.99940  -16.49990   4080.453   4007.339     2.5368     2.5384  32.816932  32.820359    34.9050    34.9075     1.3443    231.912     1.3089    242.742       8.43    1481.32     123313          1    -0.0267 8.7381e-05    238.378    249.510    27.8812    27.8830         16  0.000e+00
   5138.042   48.99940  -16.49990   4080.454   4007.339     2.5371     2.5386  32.816932  32.820297    34.9047    34.9072     1.3443    231.979     1.3089    242.761       8.43    1481.32     123314          1    -0.0267 8.7381e-05    238.446    249.530    27.8809    27.8828         16  0.000e+00
   5138.083   48.99940  -16.49990   4080.567   4007.450     2.5370     2.5384  32.816933  32.819926    34.9048    34.9069     1.3443    231.920     1.3089    242.786       8.43    1481.32     123315          1    -0.0267 8.7381e-05    238.386    249.556    27.8810    27.8825         16  0.000e+00
   5138.125   48.99940  -16.49990   4080.454   4007.339     2.5367     2.5384  32.816744  32.820297    34.9050    34.9074     1.3443    231.981     1.3089    242.802       8.44    1480.95     123316          1    -0.0267 8.7381e-05    238.449    249.572    27.8811    27.8829         16  0.000e+00
   5138.167   48.99940  -16.49990   4080.454   4007.340     2.5370     2.5386  32.816869  32.820235    34.9048    34.9071     1.3443    232.042     1.3089    242.821       8.43    1481.32     123317          1    -0.0267 8.7381e-05    238.512    249.592    27.8810    27.8827         16  0.000e+00
   5138.208   48.99940  -16.49990   4080.454   4007.340     2.5370     2.5383  32.816932  32.820235    34.9049    34.9074     1.3443    231.974     1.3089    242.843       8.43    1481.32     123318          1    -0.0267 8.7381e-05    238.442    249.614    27.8810    27.8830         16  0.000e+00
   5138.250   48.99940  -16.49990   4080.536   4007.420     2.5371     2.5384  32.816744  32.820173    34.9045    34.9072     1.3443    231.903     1.3089    242.865       8.43    1481.32     123319          1    -0.0267 8.7381e-05    238.368    249.637    27.8807    27.8828         16  0.000e+00
   5138.292   48.99940  -16.49990   4080.454   4007.340     2.5370     2.5386  32.816869  32.820173    34.9048    34.9071     1.3443    231.953     1.3089    242.881       8.44    1481.32     123320          1    -0.0267 8.7381e-05    238.420    249.653    27.8810    27.8827         16  0.000e+00
   5138.333   48.99940  -16.49990   4080.536   4007.420     2.5370     2.5386  32.816933  32.820235    34.9048    34.9071     1.3443    232.008     1.3089    242.904       8.43    1481.32     123321          1    -0.0267 8.7381e-05    238.477    249.677    27.8810    27.8827         16  0.000e+00
   5138.375   48.99940  -16.49990   4080.454   4007.340     2.5368     2.5386  32.816744  32.819926    34.9048    34.9068     1.3443    232.059     1.3089    242.922       8.43    1481.32     123322          1    -0.0267 8.7381e-05    238.529    249.695    27.8810    27.8824         16  0.000e+00
   5138.417   48.99934  -16.49984   4080.536   4007.420     2.5370     2.5386  32.816870  32.820297    34.9047    34.9072     1.3443    232.113     1.3089    242.944       8.44    1481.32     123323          1    -0.0267 8.7381e-05    238.585    249.718    27.8809    27.8827         16  0.000e+00
   5138.458   48.99934  -16.49984   4080.536   4007.420     2.5370     2.5384  32.816744  32.820235    34.9046    34.9073     1.3443    232.166     1.3089    242.965       8.43    1480.95     123324          1    -0.0267 8.7381e-05    238.639    249.739    27.8808    27.8828         16  0.000e+00
   5138.500   48.99934  -16.49984   4080.537   4007.420     2.5368     2.5388  32.816681  32.820050    34.9047    34.9067     1.3443    232.219     1.3089    242.983       8.43    1481.32     123325          1    -0.0267 8.7381e-05    238.694    249.758    27.8809    27.8824         16  0.000e+00
   5138.542   48.99934  -16.49984   4080.537   4007.420     2.5368     2.5384  32.816870  32.820359    34.9049    34.9074     1.3431    231.817     1.3089    243.005       8.43    1481.32     123326          1    -0.0267 8.7381e-05    238.280    249.780    27.8811    27.8830         16  0.000e+00
   5138.583   48.99934  -16.49984   4080.454   4007.340     2.5368     2.5388  32.816932  32.820235    34.9050    34.9070     1.3431    231.746     1.3089    243.020       8.43    1481.32     123327          1    -0.0267 8.7381e-05    238.207    249.796    27.8812    27.8826         16  0.000e+00
   5138.625   48.99940  -16.49990   4080.537   4007.420     2.5368     2.5388  32.816744  32.819926    34.9048    34.9066     1.3443    232.272     1.3077    242.349       8.43    1481.32     123328          1    -0.0267 8.7381e-05    238.748    249.106    27.8810    27.8822         16  0.000e+00
   5138.667   48.99940  -16.49990   4080.537   4007.420     2.5370     2.5384  32.816870  32.820421    34.9047    34.9075     1.3443    232.339     1.3089    242.737       8.44    1481.32     123329          1    -0.0267 8.7381e-05    238.817    249.506    27.8809    27.8830         16  0.000e+00
   5138.708   48.99940  -16.49990   4080.454   4007.340     2.5368     2.5386  32.816744  32.820482    34.9048    34.9074     1.3443    232.406     1.3089    242.754       8.43    1481.32     123330          1    -0.0267 8.7381e-05    238.885    249.522    27.8810    27.8830         16  0.000e+00
   5138.750   48.99940  -16.49990   4080.619   4007.501     2.5368     2.5384  32.817121  32.820236    34.9052    34.9072     1.3443    232.347     1.3089    242.781       8.43    1481.32     123331          1    -0.0267 8.7381e-05    238.825    249.550    27.8813    27.8828         16  0.000e+00
   5138.792   48.99940  -16.49990   4080.537   4007.421     2.5368     2.5386  32.816807  32.820173    34.9048    34.9070     1.3443    232.277     1.3089    242.797       8.43    1481.32     123332          1    -0.0267 8.9091e-05    238.753    249.567    27.8810    27.8826         16  0.000e+00
   5138.833   48.99940  -16.49990   4080.455   4007.340     2.5368     2.5388  32.816681  32.820235    34.9047    34.9070     1.3443    232.201     1.3089    242.814       8.43    1481.32     123333          1    -0.0267 8.9091e-05    238.675    249.584    27.8809    27.8826         16  0.000e+00
   5138.875   48.99940  -16.49990   4080.537   4007.421     2.5368     2.5386  32.816681  32.820173    34.9047    34.9070     1.3443    232.125     1.3089    242.837       8.43    1481.32     123334          1    -0.0267 8.9091e-05    238.597    249.608    27.8809    27.8826         16  0.000e+00
   5138.917   48.99940  -16.49990   4080.620   4007.501     2.5368     2.5386  32.816870  32.820359    34.9049    34.9072     1.3431    231.720     1.3089    242.860       8.43    1481.32     123335          1    -0.0267 8.9091e-05    238.180    249.631    27.8811    27.8828         16  0.000e+00
   5138.958   48.99940  -16.49990   4080.537   4007.421     2.5368     2.5386  32.816744  32.820235    34.9048    34.9071     1.3443    232.099     1.3089    242.877       8.43    1480.95     123336          1    -0.0267 8.9091e-05    238.570    249.649    27.8810    27.8827         16  0.000e+00
   5139.000   48.99940  -16.49990   4080.537   4007.421     2.5370     2.5388  32.816870  32.820235    34.9047    34.9069     1.3443    232.150     1.3089    242.896       8.43    1481.32     123337          1    -0.0267 8.9091e-05    238.622    249.669    27.8809    27.8825         16  0.000e+00
