Data_example/SBE_Data_Processed/DY130/SeaBird/Data/Batch/DY130_002.ros
* Sea-Bird SBE 9 Data File:
* FileName = C:\Users\sandm\Documents\Cruises\DY130\Data\Raw Data\DY130_002.hex
* Software Version Seasave V 7.26.7.121
* Temperature SN = 03P-5494
* Conductivity SN = 04C-3768
* Number of Bytes Per Scan = 45
* Number of Voltage Words = 4
* Number of Scans Averaged by the Deck Unit = 1
* NMEA Latitude = 48 49.03 N
* NMEA Longitude = 016 26.54 W
* NMEA UTC (Time) = Mar 30 2021  16:48:44
* NMEA baud rate = 9600
** Ship: RRS Discovery
** Cruise: DY130
** Cast: DY130_002
** Station: 019
** Julian Day: 089
** Date: 30/03/21
** Time (GMT): 16:48
** Latitude: 48 49.023 N
** Longitude: 16 26.539 W
** Depth (uncorrected m): 4809
** Principal Scientist: Sue Hartman
** Operator: BP/PH
# nquan = 30
# nvalues = 2541                                  
# units = specified
# name 0 = timeS: Time, Elapsed [seconds]
# name 1 = latitude: Latitude [deg]
# name 2 = longitude: Longitude [deg]
# name 3 = prDM: Pressure, Digiquartz [db]
# name 4 = depSM: Depth [salt water, m]
# name 5 = t090C: Temperature [ITS-90, deg C]
# name 6 = t190C: Temperature, 2 [ITS-90, deg C]
# name 7 = c0mS/cm: Conductivity [mS/cm]
# name 8 = c1mS/cm: Conductivity, 2 [mS/cm]
# name 9 = sal00: Salinity, Practical [PSU]
# name 10 = sal11: Salinity, Practical, 2 [PSU]
# name 11 = sbeox0V: Oxygen raw, SBE 43 [V]
# name 12 = sbox0Mm/Kg: Oxygen, SBE 43 [umol/kg]
# name 13 = sbeox1V: Oxygen raw, SBE 43, 2 [V]
# name 14 = sbox1Mm/Kg: Oxygen, SBE 43, 2 [umol/kg]
# name 15 = ptempC: Pressure Temperature [deg C]
# name 16 = altM: Altimeter [m]
# name 17 = scan: Scan Count
# name 18 = pumps: Pump Status
# name 19 = flECO-AFL: Fluorescence, WET Labs ECO-AFL/FL [mg/m^3]
# name 20 = turbWETbb0: Turbidity, WET Labs ECO BB [m^-1/sr]
# name 21 = ph: pH
# name 22 = sbeox0Mm/L: Oxygen, SBE 43 [umol/l]
# name 23 = sbeox1Mm/L: Oxygen, SBE 43, 2 [umol/l]
# name 24 = sigma-é00: Density [sigma-theta, kg/m^3]
# name 25 = sigma-é11: Density, 2 [sigma-theta, kg/m^3]
# name 26 = par: PAR/Irradiance, Biospherical/Licor [umol photons/m^2/sec]
# name 27 = par1: PAR/Irradiance, Biospherical/Licor [umol photons/m^2/sec]
# name 28 = nbf: Bottles Fired
# name 29 = flag:  0.000e+00
# interval = seconds: 0.0416667
# start_time = Mar 30 2021 16:48:44 [NMEA time, first data scan]
# bad_flag = -9.990e-29
*END*
[from data line 1354]
   1896.000   48.81706  -16.44232     54.554     54.085    11.6084    11.6095  40.163891  40.167915    35.5097    35.5126     2.5934    266.111     2.4835    277.637      13.87    1481.32      45505          1     1.0282 1.8824e-04     17.164    273.312    285.151    27.0611    27.0631 3.8159e-02 2.7158e-03         12  0.000e+00
   1896.042   48.81706  -16.44232     54.554     54.085    11.6087    11.6097  40.164162  40.167446    35.5097    35.5120     2.5946    266.278     2.4835    277.637      13.87    1481.32      45506          1     1.0282 1.8824e-04     17.164    273.484    285.151    27.0610    27.0626 3.8159e-02 2.7158e-03         12  0.000e+00
   1896.083   48.81706  -16.44232     54.554     54.085    11.6086    11.6095  40.163891  40.167580    35.5095    35.5123     2.5946    266.294     2.4835    277.638      13.86    1481.32      45507          1     1.0282 1.8824e-04     17.164    273.500    285.151    27.0609    27.0629 3.8159e-02 2.7010e-03         12  0.000e+00
   1896.125   48.81706  -16.44232     54.486     54.017    11.6083    11.6097  40.163890  40.167915    35.5098    35.5125     2.5934    266.135     2.4835    277.634      13.86    1481.68      45508          1     1.0282 1.8824e-04     17.164    273.337    285.147    27.0612    27.0630 3.7933e-02 2.7010e-03         12  0.000e+00
   1896.167   48.81706  -16.44232     54.554     54.085    11.6086    11.6098  40.163823  40.167446    35.5095    35.5119     2.5934    266.116     2.4835    277.637      13.87    1481.68      45509          1     1.0282 1.8824e-04     17.164    273.318    285.150    27.0609    27.0625 3.8159e-02 2.7158e-03         12  0.000e+00
   1896.208   48.81700  -16.44234     54.545     54.076    11.6085    11.6098  40.164027  40.167513    35.5098    35.5119     2.5934    266.095     2.4835    277.636      13.87    1481.68      45510          1     1.0282 1.8824e-04     17.164    273.296    285.150    27.0611    27.0625 3.8159e-02 2.7010e-03         12  0.000e+00
   1896.250   48.81700  -16.44234     54.554     54.085    11.6084    11.6097  40.163755  40.167647    35.5096    35.5122     2.5946    266.247     2.4835    277.637      13.86    1481.68      45511          1     1.0282 1.8824e-04     17.164    273.452    285.150    27.0610    27.0627 3.8159e-02 2.7010e-03         12  0.000e+00
   1896.292   48.81700  -16.44234     54.486     54.017    11.6085    11.6098  40.164026  40.167647    35.5098    35.5121     2.5946    266.259     2.4835    277.634      13.87    1481.68      45512          1     1.0282 1.8824e-04     17.164    273.464    285.147    27.0611    27.0627 3.8159e-02 2.7158e-03         12  0.000e+00
   1896.333   48.81700  -16.44234     54.554     54.085    11.6086    11.6098  40.163891  40.167647    35.5095    35.5121     2.5934    266.086     2.4835    277.636      13.87    1481.68      45513          1     1.0282 1.8824e-04     17.164    273.286    285.150    27.0609    27.0626 3.8159e-02 2.7158e-03         12  0.000e+00
   1896.375   48.81706  -16.44232     54.486     54.017    11.6083    11.6098  40.164026  40.167647    35.5099    35.5121     2.5934    266.081     2.4835    277.634      13.87    1481.32      45514          1     1.0282 1.8824e-04     17.164    273.281    285.147    27.0613    27.0627 3.8159e-02 2.7158e-03         12  0.000e+00
   1896.417   48.81706  -16.44232     54.554     54.085    11.6086    11.6099  40.163755  40.167915    35.5094    35.5123     2.5934    266.062     2.4835    277.635      13.86    1481.68      45515          1     1.0282 1.8824e-04     17.164    273.262    285.149    27.0608    27.0628 3.8159e-02 2.7158e-03         12  0.000e+00
   1896.458   48.81706  -16.44232     54.554     54.085    11.6085    11.6098  40.163755  40.168049    35.5095    35.5125     2.5934    266.060     2.4835    277.635      13.86    1481.68      45516          1     1.0282 1.8824e-04     17.164    273.260    285.149    27.0609    27.0630 3.8159e-02 2.7158e-03         12  0.000e+00
   1896.500   48.81706  -16.44232     54.486     54.018    11.6086    11.6098  40.164026  40.167714    35.5097    35.5122     2.5934    266.056     2.4835    277.634      13.86    1481.68      45517          1     1.0282 1.8824e-04     17.164    273.255    285.147    27.0610    27.0627 3.8159e-02 2.7158e-03         12  0.000e+00
   1896.542   48.81706  -16.44232     54.545     54.076    11.6086    11.6097  40.164298  40.167647    35.5100    35.5122     2.5934    266.056     2.4835    277.636      13.87    1481.32      45518          1     1.0282 1.8824e-04     17.164    273.256    285.150    27.0612    27.0627 3.8159e-02 2.7158e-03         12  0.000e+00
   1896.583   48.81706  -16.44232     54.486     54.018    11.6085    11.6098  40.164162  40.167915    35.5099    35.5124     2.5934    266.055     2.4835    277.633      13.87    1481.68      45519          1     1.0282 1.8824e-04     17.164    273.255    285.147    27.0612    27.0629 3.8159e-02 2.7158e-03         12  0.000e+00
   1896.625   48.81706  -16.44232     54.486     54.018    11.6086    11.6098  40.163890  40.167714    35.5096    35.5122     2.5934    266.037     2.4835    277.634      13.86    1481.32      45520          1     1.0502 1.8995e-04     17.164    273.236    285.147    27.0609    27.0627 3.8159e-02 2.7158e-03         12  0.000e+00
   1896.667   48.81706  -16.44232     54.554     54.085    11.6085    11.6099  40.164027  40.167915    35.5098    35.5123     2.5934    266.040     2.4835    277.635      13.87    1481.68      45521          1     1.0722 1.9165e-04     17.164    273.240    285.149    27.0611    27.0628 3.8159e-02 2.7158e-03         12  0.000e+00
   1896.708   48.81706  -16.44232     54.486     54.018    11.6084    11.6100  40.163958  40.167714    35.5098    35.5120     2.5946    266.212     2.4835    277.633      13.87    1481.32      45522          1     1.0831 1.9165e-04     17.164    273.416    285.146    27.0612    27.0625 3.8159e-02 2.7158e-03         12  0.000e+00
   1896.750   48.81706  -16.44232     54.554     54.085    11.6087    11.6098  40.164095  40.167647    35.5097    35.5121     2.5934    266.042     2.4835    277.636      13.87    1481.68      45523          1     1.0831 1.9165e-04     17.164    273.241    285.150    27.0610    27.0626 3.8159e-02 2.7158e-03         12  0.000e+00
   1896.792   48.81706  -16.44232     54.486     54.018    11.6084    11.6099  40.164162  40.167915    35.5100    35.5123     2.5934    266.042     2.4835    277.633      13.87    1481.68      45524          1     1.0831 1.9165e-04     17.164    273.241    285.147    27.0613    27.0628 3.8159e-02 2.7307e-03         12  0.000e+00
   1896.833   48.81706  -16.44232     54.486     54.018    11.6085    11.6098  40.163958  40.168049    35.5097    35.5125     2.5934    266.026     2.4835    277.656      13.87    1481.32      45525          1     1.0831 1.9165e-04     17.164    273.225    285.171    27.0611    27.0630 3.8159e-02 2.7307e-03         12  0.000e+00
   1896.875   48.81706  -16.44232     54.545     54.076    11.6084    11.6097  40.163823  40.168049    35.5097    35.5126     2.5934    266.030     2.4847    277.854      13.87    1481.32      45526          1     1.0831 1.9165e-04     17.158    273.230    285.373    27.0610    27.0631 3.8159e-02 2.7307e-03         12  0.000e+00
   1896.917   48.81706  -16.44232     54.486     54.018    11.6087    11.6099  40.163822  40.167714    35.5094    35.5121     2.5922    265.858     2.4847    277.874      13.87    1481.32      45527          1     1.0831 1.9165e-04     17.164    273.053    285.394    27.0608    27.0627 3.8159e-02 2.7307e-03         12  0.000e+00
   1896.958   48.81706  -16.44232     54.486     54.018    11.6084    11.6097  40.164026  40.167915    35.5099    35.5125     2.5934    266.018     2.4835    277.702      13.87    1481.68      45528          1     1.0831 1.9165e-04     17.164    273.216    285.218    27.0612    27.0630 3.8159e-02 2.7307e-03         12  0.000e+00
   1897.000   48.81706  -16.44232     54.486     54.018    11.6083    11.6098  40.163958  40.168049    35.5099    35.5125     2.5934    266.023     2.4835    277.701      13.84    1481.32      45529          1     1.0831 1.9165e-04     17.164    273.222    285.216    27.0612    27.0630 3.8159e-02 2.7158e-03         12  0.000e+00
   1897.042   48.81706  -16.44232     54.486     54.018    11.6086    11.6099  40.164366  40.167781    35.5100    35.5122     2.5934    266.046     2.4847    277.894      13.87    1481.68      45530          1     1.0831 1.9165e-04     17.164    273.246    285.414    27.0613    27.0627 3.8159e-02 2.7307e-03         12  0.000e+00
   1897.083   48.81706  -16.44232     54.486     54.018    11.6087    11.6098  40.163958  40.167915    35.5095    35.5124     2.5934    266.054     2.4847    277.914      13.87    1481.32      45531          1     1.0831 1.9165e-04     17.158    273.253    285.435    27.0609    27.0629 3.8159e-02 2.7307e-03         12  0.000e+00
   1897.125   48.81706  -16.44232     54.486     54.018    11.6082    11.6097  40.163822  40.168049    35.5098    35.5126     2.5934    266.064     2.4847    277.934      13.87    1481.68      45532          1     1.0831 1.9165e-04     17.164    273.264    285.456    27.0612    27.0631 3.8159e-02 2.7307e-03         12  0.000e+00
   1897.167   48.81706  -16.44232     54.486     54.018    11.6087    11.6099  40.163890  40.167714    35.5095    35.5121     2.5934    266.071     2.4847    277.953      13.87    1481.68      45533          1     1.0831 1.9165e-04     17.164    273.271    285.475    27.0608    27.0627 3.8159e-02 2.7307e-03         12  0.000e+00
   1897.208   48.81700  -16.44234     54.466     53.998    11.6084    11.6097  40.163822  40.167647    35.5097    35.5122     2.5934    266.063     2.4847    277.971      13.87    1481.68      45534          1     1.0831 1.9165e-04     17.164    273.263    285.494    27.0611    27.0628 3.8386e-02 2.7158e-03         12  0.000e+00
   1897.250   48.81700  -16.44234     54.486     54.018    11.6087    11.6098  40.164026  40.167379    35.5096    35.5118     2.5922    265.881     2.4847    277.988      13.84    1481.68      45535          1     1.0831 1.9165e-04     17.164    273.076    285.511    27.0609    27.0625 3.8159e-02 2.7158e-03         12  0.000e+00
   1897.292   48.81700  -16.44234     54.486     54.018    11.6084    11.6097  40.163958  40.167848    35.5098    35.5124     2.5922    265.856     2.4847    278.004      13.84    1481.32      45536          1     1.0831 1.9165e-04     17.164    273.051    285.527    27.0612    27.0629 3.8159e-02 2.7307e-03         12  0.000e+00
   1897.333   48.81700  -16.44234     54.486     54.018    11.6083    11.6100  40.163822  40.168049    35.5097    35.5123     2.5934    266.022     2.4847    278.017      13.87    1481.68      45537          1     1.0831 1.9165e-04     17.158    273.221    285.541    27.0611    27.0628 3.8159e-02 2.7307e-03         12  0.000e+00
   1897.375   48.81706  -16.44232     54.486     54.018    11.6086    11.6100  40.164026  40.168049    35.5097    35.5123     2.5934    266.032     2.4847    278.031      13.87    1481.68      45538          1     1.0831 1.9165e-04     17.164    273.232    285.556    27.0610    27.0628 3.8159e-02 2.7307e-03         12  0.000e+00
   1897.417   48.81706  -16.44232     54.418     53.950    11.6087    11.6099  40.164162  40.167714    35.5098    35.5122     2.5934    266.042     2.4847    278.043      13.86    1481.68      45539          1     1.0831 1.9165e-04     17.164    273.241    285.568    27.0611    27.0627 3.8159e-02 2.7307e-03         12  0.000e+00
   1897.458   48.81706  -16.44232     54.486     54.018    11.6084    11.6098  40.163754  40.167915    35.5096    35.5124     2.5934    266.060     2.4847    278.058      13.84    1481.68      45540          1     1.0831 1.9165e-04     17.164    273.260    285.583    27.0610    27.0629 3.8159e-02 2.7307e-03         12  0.000e+00
   1897.500   48.81706  -16.44232     54.555     54.086    11.6085    11.6097  40.164027  40.168049    35.5098    35.5126     2.5934    266.057     2.4847    278.072      13.84    1481.68      45541          1     1.0831 1.9165e-04     17.164    273.257    285.597    27.0611    27.0631 3.8159e-02 2.7307e-03         12  0.000e+00
   1897.542   48.81706  -16.44232     54.320     53.853    11.6086    11.6097  40.164162  40.167713    35.5099    35.5123     2.5934    266.044     2.4847    278.074      13.84    1481.68      45542          1     1.0831 1.9165e-04     17.164    273.243    285.600    27.0612    27.0629 3.8159e-02 2.7307e-03         12  0.000e+00
   1897.583   48.81706  -16.44232     54.486     54.018    11.6083    11.6097  40.163958  40.167647    35.5099    35.5122     2.5934    266.046     2.4847    278.090      13.84    1481.68      45543          1     1.0831 1.9165e-04     17.164    273.246    285.616    27.0612    27.0628 3.8159e-02 2.7307e-03         12  0.000e+00
   1897.625   48.81706  -16.44232     54.486     54.018    11.6087    11.6098  40.164094  40.167915    35.5096    35.5124     2.5934    266.040     2.4847    278.097      13.86    1481.68      45544          1     1.0831 1.9336e-04     17.164    273.239    285.623    27.0610    27.0629 3.8159e-02 2.7307e-03         12  0.000e+00
   1897.667   48.81706  -16.44232     54.486     54.018    11.6087    11.6097  40.163890  40.167714    35.5095    35.5123     2.5934    266.036     2.4847    278.105      13.87    1481.68      45545          1     1.0831 1.9336e-04     17.164    273.235    285.632    27.0608    27.0628 3.8159e-02 2.7307e-03         12  0.000e+00
   1897.708   48.81706  -16.44232     54.418     53.950    11.6086    11.6097  40.164026  40.167647    35.5097    35.5123     2.5934    266.029     2.4847    278.110      13.87    1481.32      45546          1     1.0722 1.9678e-04     17.164    273.228    285.636    27.0611    27.0628 3.8159e-02 2.7456e-03         12  0.000e+00
   1897.750   48.81706  -16.44232     54.418     53.950    11.6087    11.6097  40.163958  40.167915    35.5096    35.5125     2.5934    266.025     2.4847    278.115      13.87    1481.32      45547          1     1.0612 1.9849e-04     17.164    273.224    285.642    27.0609    27.0630 3.8386e-02 2.7456e-03         12  0.000e+00
   1897.792   48.81706  -16.44232     54.486     54.018    11.6086    11.6097  40.164094  40.167714    35.5098    35.5123     2.5934    266.023     2.4847    278.122      13.86    1481.32      45548          1     1.0612 1.9849e-04     17.164    273.222    285.649    27.0611    27.0628 3.8159e-02 2.7456e-03         12  0.000e+00
   1897.833   48.81706  -16.44232     54.418     53.950    11.6085    11.6097  40.163890  40.167647    35.5097    35.5123     2.5934    266.035     2.4847    278.124      13.86    1481.68      45549          1     1.0612 2.0020e-04     17.164    273.234    285.651    27.0610    27.0628 3.8159e-02 2.7307e-03         12  0.000e+00
   1897.875   48.81706  -16.44232     54.467     53.999    11.6086    11.6098  40.163890  40.167915    35.5096    35.5124     2.5934    266.051     2.4847    278.104      13.86    1481.32      45550          1     1.0612 1.9849e-04     17.164    273.251    285.630    27.0609    27.0629 3.8159e-02 2.7456e-03         12  0.000e+00
   1897.917   48.81706  -16.44232     54.418     53.950    11.6085    11.6097  40.164094  40.167714    35.5099    35.5123     2.5934    266.065     2.4847    278.104      13.87    1481.32      45551          1     1.0612 1.9849e-04     17.164    273.265    285.630    27.0612    27.0629 3.8159e-02 2.7456e-03         12  0.000e+00
