Data_example/SBE_Data_Processed/DY130/SeaBird/Data/Batch/DY130_008.ros
* Sea-Bird SBE 9 Data File:
* FileName = C:\Users\sandm\Documents\Cruises\DY130\Data\Raw Data\DY130_008.hex
* Software Version Seasave V 7.26.7.121
* Temperature SN = 03P-5494
* Conductivity SN = 04C-3768
* Number of Bytes Per Scan = 45
* Number of Voltage Words = 4
* Number of Scans Averaged by the Deck Unit = 1
* NMEA Latitude = 48 52.23 N
* NMEA Longitude = 016 31.48 W
* NMEA UTC (Time) = Apr 05 2021  09:04:17
* NMEA baud rate = 9600
** Ship: RRS Discovery
** Cruise: DY130
** Cast: DY130_008
** Station: 053
** Julian Day: 095
** Date: 05/04/21
** Time (GMT): 09:04
** Latitude: 48 52.19 N
** Longitude: 16 31.45 W
** Depth (uncorrected m): 4810
** Principal Scientist: Sue Hart
** Operator: BP/PH BP/PH
# nquan = 27
# nvalues = 2541                                  
# units = specified
# name 0 = timeS: Time, Elapsed [seconds]
# name 1 = latitude: Latitude [deg]
# name 2 = longitude: Longitude [deg]
# name 3 = prDM: Pressure, Digiquartz [db]
# name 4 = depSM: Depth [salt water, m]
# name 5 = t090C: Temperature [ITS-90, deg C]
# name 6 = t190C: Temperature, 2 [ITS-90, deg C]
# name 7 = c0mS/cm: Conductivity [mS/cm]
# name 8 = c1mS/cm: Conductivity, 2 [mS/cm]
# name 9 = sal00: Salinity, Practical [PSU]
# name 10 = sal11: Salinity, Practical, 2 [PSU]
# name 11 = sbeox0V: Oxygen raw, SBE 43 [V]
# name 12 = sbox0Mm/Kg: Oxygen, SBE 43 [umol/kg]
# name 13 = sbeox1V: Oxygen raw, SBE 43, 2 [V]
# name 14 = sbox1Mm/Kg: Oxygen, SBE 43, 2 [umol/kg]
# name 15 = ptempC: Pressure Temperature [deg C]
# name 16 = altM: Altimeter [m]
# name 17 = scan: Scan Count
# name 18 = pumps: Pump Status
# name 19 = flECO-AFL: Fluorescence, WET Labs ECO-AFL/FL [mg/m^3]
# name 20 = turbWETbb0: Turbidity, WET Labs ECO BB [m^-1/sr]
# name 21 = sbeox0Mm/L: Oxygen, SBE 43 [umol/l]
# name 22 = sbeox1Mm/L: Oxygen, SBE 43, 2 [umol/l]
# name 23 = sigma-é00: Density [sigma-theta, kg/m^3]
# name 24 = sigma-é11: Density, 2 [sigma-theta, kg/m^3]
# name 25 = nbf: Bottles Fired
# name 26 = flag:  0.000e+00
# interval = seconds: 0.0416667
# start_time = Apr 05 2021 09:04:18 [NMEA time, first data scan]
# bad_flag = -9.990e-29
*END*
[from data line 1665]
   5270.250   48.87224  -16.52596     73.647     73.011    11.5411    11.5262  40.095808  40.084337    35.4984    35.5013     2.5971    267.675     2.4774    277.911      10.35    1481.68     126487          1     1.1051 2.2413e-04    274.919    285.434    27.0653    27.0704         14  0.000e+00
   5270.292   48.87224  -16.52596     74.020     73.379    11.5401    11.5261  40.095674  40.084272    35.4990    35.5012     2.5971    267.686     2.4774    277.904      10.33    1481.68     126488          1     1.1051 2.2413e-04    274.931    285.427    27.0661    27.0704         14  0.000e+00
   5270.333   48.87224  -16.52596     73.726     73.088    11.5398    11.5258  40.095605  40.084270    35.4994    35.5017     2.5971    267.689     2.4774    277.874      10.33    1481.32     126489          1     1.0722 2.2242e-04    274.935    285.396    27.0664    27.0708         14  0.000e+00
   5270.375   48.87224  -16.52596     73.873     73.234    11.5395    11.5251  40.095877  40.083736    35.4999    35.5017     2.5971    267.688     2.4774    277.886      10.33    1481.68     126490          1     1.0282 2.2071e-04    274.934    285.409    27.0669    27.0710         14  0.000e+00
   5270.417   48.87224  -16.52596     73.873     73.234    11.5393    11.5251  40.095945  40.083602    35.5001    35.5016     2.5971    267.700     2.4774    277.867      10.33    1481.68     126491          1     1.0172 2.1901e-04    274.946    285.389    27.0671    27.0709         14  0.000e+00
   5270.458   48.87224  -16.52596     73.794     73.156    11.5393    11.5249  40.095469  40.083602    35.4997    35.5018     2.5983    267.882     2.4774    277.845      10.33    1481.68     126492          1     1.0282 2.1901e-04    275.133    285.366    27.0667    27.0711         14  0.000e+00
   5270.500   48.87224  -16.52596     73.873     73.234    11.5383    11.5248  40.094451  40.083803    35.4996    35.5021     2.5971    267.747     2.4786    278.022      10.35    1481.68     126493          1     1.0282 2.1901e-04    274.994    285.549    27.0669    27.0713         14  0.000e+00
   5270.542   48.87224  -16.52596     73.794     73.156    11.5377    11.5248  40.093432  40.083669    35.4993    35.5020     2.5971    267.759     2.4774    277.827      10.33    1481.68     126494          1     1.0282 2.1901e-04    275.006    285.348    27.0667    27.0713         14  0.000e+00
   5270.583   48.87224  -16.52596     73.794     73.156    11.5367    11.5251  40.092820  40.084070    35.4996    35.5021     2.5971    267.775     2.4774    277.804      10.33    1481.68     126495          1     1.0282 2.1901e-04    275.023    285.324    27.0672    27.0713         14  0.000e+00
   5270.625   48.87224  -16.52596     73.873     73.234    11.5360    11.5261  40.092549  40.084271    35.5000    35.5013     2.5971    267.791     2.4774    277.805      10.35    1481.68     126496          1     1.0172 2.1901e-04    275.040    285.325    27.0676    27.0705         14  0.000e+00
   5270.667   48.87224  -16.52596     73.873     73.234    11.5354    11.5266  40.092141  40.084539    35.5001    35.5011     2.5971    267.805     2.4774    277.806      10.33    1481.32     126497          1     1.0282 2.1901e-04    275.054    285.326    27.0678    27.0702         14  0.000e+00
   5270.708   48.87224  -16.52596     73.794     73.156    11.5352    11.5264  40.091869  40.085408    35.5001    35.5021     2.5971    267.814     2.4774    277.807      10.33    1481.68     126498          1     1.0172 2.1901e-04    275.063    285.327    27.0678    27.0710         14  0.000e+00
   5270.750   48.87224  -16.52596     73.873     73.234    11.5351    11.5268  40.092074  40.086479    35.5004    35.5028     2.5971    267.809     2.4774    277.812      10.35    1481.68     126499          1     1.0172 2.1901e-04    275.058    285.332    27.0680    27.0715         14  0.000e+00
   5270.792   48.87224  -16.52596     73.794     73.156    11.5354    11.5279  40.092617  40.088017    35.5007    35.5033     2.5971    267.795     2.4774    277.784      10.33    1481.68     126500          1     1.0282 2.1901e-04    275.044    285.304    27.0682    27.0717         14  0.000e+00
   5270.833   48.87224  -16.52596     73.794     73.156    11.5355    11.5289  40.092549  40.090024    35.5004    35.5043     2.5971    267.803     2.4774    277.782      10.35    1481.32     126501          1     1.0282 2.1901e-04    275.052    285.302    27.0680    27.0723         14  0.000e+00
   5270.875   48.87224  -16.52596     73.873     73.234    11.5351    11.5315  40.092141  40.091295    35.5005    35.5030     2.5971    267.818     2.4774    277.778      10.35    1481.68     126502          1     1.0282 2.1901e-04    275.067    285.298    27.0681    27.0708         14  0.000e+00
   5270.917   48.87224  -16.52596     73.794     73.156    11.5349    11.5320  40.091598  40.091830    35.5001    35.5031     2.5971    267.826     2.4774    277.780      10.35    1481.68     126503          1     1.0282 2.1901e-04    275.075    285.300    27.0679    27.0708         14  0.000e+00
   5270.958   48.87224  -16.52596     73.794     73.156    11.5345    11.5328  40.091054  40.091429    35.4999    35.5020     2.5958    267.665     2.4774    277.787      10.33    1481.68     126504          1     1.0172 2.1901e-04    274.910    285.307    27.0678    27.0697         14  0.000e+00
   5271.000   48.87224  -16.52596     73.794     73.156    11.5344    11.5340  40.090783  40.090960    35.4998    35.5004     2.5958    267.658     2.4774    277.793      10.33    1481.32     126505          1     1.0282 2.1901e-04    274.902    285.312    27.0677    27.0683         14  0.000e+00
   5271.042   48.87224  -16.52596     73.872     73.234    11.5343    11.5344  40.090647  40.090893    35.4998    35.4998     2.5958    267.654     2.4774    277.805      10.35    1481.32     126506          1     1.0282 2.1901e-04    274.898    285.325    27.0677    27.0678         14  0.000e+00
   5271.083   48.87216  -16.52600     73.794     73.156    11.5343    11.5338  40.090986  40.090893    35.5001    35.5005     2.5971    267.816     2.4774    277.818      10.35    1481.68     126507          1     1.0282 2.1901e-04    275.065    285.338    27.0680    27.0684         14  0.000e+00
   5271.125   48.87216  -16.52600     73.794     73.156    11.5343    11.5328  40.091326  40.090358    35.5005    35.5009     2.5958    267.654     2.4774    277.837      10.33    1481.32     126508          1     1.0282 2.1901e-04    274.899    285.357    27.0683    27.0689         14  0.000e+00
   5271.167   48.87216  -16.52600     73.726     73.088    11.5343    11.5315  40.091394  40.089154    35.5006    35.5010     2.5958    267.627     2.4774    277.857      10.33    1481.68     126509          1     1.0282 2.1901e-04    274.871    285.378    27.0684    27.0692         14  0.000e+00
   5271.208   48.87216  -16.52600     73.794     73.156    11.5344    11.5302  40.090918  40.088017    35.4999    35.5011     2.5958    267.605     2.4774    277.882      10.35    1481.68     126510          1     1.0282 2.1901e-04    274.848    285.404    27.0678    27.0695         14  0.000e+00
   5271.250   48.87224  -16.52596     73.794     73.156    11.5343    11.5290  40.090171  40.086746    35.4993    35.5010     2.5958    267.582     2.4774    277.906      10.33    1481.68     126511          1     1.0282 2.1901e-04    274.824    285.429    27.0674    27.0697         14  0.000e+00
   5271.292   48.87224  -16.52596     73.726     73.088    11.5341    11.5280  40.089763  40.086077    35.4991    35.5013     2.5971    267.729     2.4774    277.927      10.33    1481.32     126512          1     1.0282 2.1901e-04    274.976    285.450    27.0673    27.0701         14  0.000e+00
   5271.333   48.87224  -16.52596     73.794     73.156    11.5339    11.5274  40.089628  40.085475    35.4991    35.5013     2.5958    267.552     2.4774    277.951      10.33    1481.68     126513          1     1.0282 2.1901e-04    274.794    285.476    27.0673    27.0702         14  0.000e+00
   5271.375   48.87224  -16.52596     73.794     73.156    11.5334    11.5271  40.089424  40.085542    35.4994    35.5016     2.5958    267.548     2.4774    277.948      10.35    1481.68     126514          1     1.0282 2.1901e-04    274.790    285.472    27.0676    27.0705         14  0.000e+00
   5271.417   48.87224  -16.52596     73.726     73.088    11.5333    11.5272  40.089288  40.085140    35.4994    35.5011     2.5958    267.540     2.4774    277.964      10.35    1481.68     126515          1     1.0831 2.1217e-04    274.782    285.489    27.0676    27.0701         14  0.000e+00
   5502.208   48.87216  -16.52600     53.543     53.083    11.8731    11.8731  40.464586  40.467763    35.5528    35.5558     2.6117    266.991     2.4908    276.934      10.38    1481.32     132054          1     2.2590 2.9080e-04    274.212    284.424    27.0443    27.0467         15  0.000e+00
   5502.250   48.87224  -16.52596     53.543     53.083    11.8733    11.8731  40.464722  40.467293    35.5527    35.5553     2.6117    266.997     2.4896    276.756      10.37    1481.68     132055          1     2.2590 2.8909e-04    274.218    284.242    27.0442    27.0463         15  0.000e+00
   5502.292   48.87224  -16.52596     53.592     53.131    11.8731    11.8731  40.464859  40.467025    35.5530    35.5551     2.6117    267.006     2.4908    276.944      10.38    1481.68     132056          1     2.2150 2.7883e-04    274.227    284.434    27.0445    27.0461         15  0.000e+00
   5502.333   48.87224  -16.52596     53.543     53.083    11.8734    11.8730  40.464518  40.467092    35.5524    35.5553     2.6117    267.009     2.4908    276.934      10.38    1481.68     132057          1     2.1930 2.7371e-04    274.230    284.424    27.0439    27.0463         15  0.000e+00
   5502.375   48.87224  -16.52596     53.543     53.083    11.8733    11.8725  40.464995  40.466756    35.5529    35.5554     2.6105    266.844     2.4908    276.951      10.37    1481.68     132058          1     2.1930 2.7371e-04    274.060    284.441    27.0444    27.0465         15  0.000e+00
   5502.417   48.87224  -16.52596     53.612     53.151    11.8735    11.8724  40.464927  40.466756    35.5526    35.5555     2.6117    267.003     2.4908    276.968      10.38    1481.68     132059          1     2.1930 2.7542e-04    274.224    284.459    27.0441    27.0466         15  0.000e+00
   5502.458   48.87224  -16.52596     53.543     53.083    11.8735    11.8723  40.464859  40.466957    35.5526    35.5559     2.6105    266.817     2.4908    276.979      10.38    1481.32     132060          1     2.1930 2.7542e-04    274.033    284.470    27.0441    27.0469         15  0.000e+00
   5502.500   48.87224  -16.52596     53.524     53.063    11.8737    11.8722  40.464859  40.466823    35.5524    35.5558     2.6105    266.783     2.4908    276.970      10.37    1481.32     132061          1     2.1930 2.7542e-04    273.998    284.461    27.0439    27.0469         15  0.000e+00
   5502.542   48.87224  -16.52596     53.543     53.083    11.8733    11.8722  40.464518  40.466554    35.5525    35.5556     2.6105    266.772     2.4896    276.769      10.38    1481.32     132062          1     2.1930 2.7542e-04    273.986    284.254    27.0441    27.0466         15  0.000e+00
   5502.583   48.87224  -16.52596     53.543     53.083    11.8735    11.8720  40.464450  40.466554    35.5522    35.5557     2.6105    266.756     2.4908    276.929      10.38    1481.68     132063          1     2.1930 2.7542e-04    273.970    284.419    27.0438    27.0468         15  0.000e+00
   5502.625   48.87224  -16.52596     53.543     53.083    11.8734    11.8722  40.464995  40.467025    35.5528    35.5560     2.6105    266.741     2.4908    276.940      10.38    1481.32     132064          1     2.1930 2.7542e-04    273.955    284.430    27.0443    27.0470         15  0.000e+00
   5502.667   48.87224  -16.52596     53.592     53.131    11.8733    11.8721  40.464927  40.466487    35.5528    35.5555     2.6105    266.729     2.4908    276.955      10.38    1481.68     132065          1     2.1930 2.7542e-04    273.942    284.445    27.0443    27.0466         15  0.000e+00
   5502.708   48.87224  -16.52596     53.475     53.015    11.8734    11.8720  40.464858  40.466420    35.5527    35.5556     2.6105    266.710     2.4896    276.771      10.37    1481.68     132066          1     2.1930 2.7542e-04    273.923    284.256    27.0442    27.0467         15  0.000e+00
   5502.750   48.87224  -16.52596     53.612     53.151    11.8734    11.8722  40.464859  40.466488    35.5527    35.5555     2.6105    266.700     2.4908    276.958      10.38    1481.32     132067          1     2.1930 2.7542e-04    273.913    284.449    27.0442    27.0466         15  0.000e+00
   5502.792   48.87224  -16.52596     53.543     53.083    11.8733    11.8720  40.464859  40.466286    35.5528    35.5554     2.6105    266.683     2.4908    276.969      10.38    1481.68     132068          1     2.1930 2.7542e-04    273.896    284.460    27.0443    27.0466         15  0.000e+00
   5502.833   48.87224  -16.52596     53.445     52.986    11.8734    11.8719  40.464858  40.466084    35.5527    35.5554     2.6117    266.836     2.4908    276.956      10.38    1481.68     132069          1     2.1930 2.7542e-04    274.052    284.447    27.0442    27.0465         15  0.000e+00
   5502.875   48.87224  -16.52596     53.611     53.150    11.8736    11.8720  40.464859  40.466488    35.5524    35.5556     2.6117    266.843     2.4896    276.758      10.38    1481.32     132070          1     2.1930 2.7542e-04    274.059    284.243    27.0439    27.0467         15  0.000e+00
   5502.917   48.87224  -16.52596     53.543     53.083    11.8734    11.8720  40.464859  40.466219    35.5527    35.5554     2.6105    266.672     2.4896    276.746      10.37    1481.68     132071          1     2.1930 2.7542e-04    273.884    284.231    27.0442    27.0465         15  0.000e+00
   5502.958   48.87224  -16.52596     53.543     53.083    11.8735    11.8722  40.464245  40.466353    35.5520    35.5554     2.6105    266.657     2.4908    276.928      10.37    1481.68     132072          1     2.1930 2.7542e-04    273.868    284.418    27.0436    27.0465         15  0.000e+00
   5503.000   48.87224  -16.52596     53.543     53.082    11.8732    11.8721  40.464313  40.466554    35.5524    35.5556     2.6105    266.642     2.4908    276.918      10.38    1481.68     132073          1     2.1930 2.7371e-04    273.853    284.407    27.0440    27.0467         15  0.000e+00
   5503.042   48.87224  -16.52596     53.445     52.985    11.8731    11.8722  40.464176  40.466487    35.5524    35.5555     2.6105    266.623     2.4908    276.926      10.38    1481.68     132074          1     2.1930 2.7542e-04    273.834    284.416    27.0440    27.0466         15  0.000e+00
   5503.083   48.87216  -16.52600     53.543     53.082    11.8733    11.8724  40.464109  40.466554    35.5521    35.5554     2.6105    266.610     2.4908    276.918      10.38    1481.32     132075          1     2.1930 2.7542e-04    273.820    284.407    27.0438    27.0465         15  0.000e+00
   5503.125   48.87216  -16.52600     53.543     53.082    11.8728    11.8722  40.464109  40.466756    35.5525    35.5558     2.6117    266.766     2.4896    276.714      10.38    1481.32     132076          1     2.1930 2.7542e-04    273.981    284.198    27.0442    27.0468         15  0.000e+00
   5503.167   48.87216  -16.52600     53.474     53.014    11.8729    11.8724  40.464108  40.466823    35.5525    35.5557     2.6117    266.764     2.4896    276.699      10.38    1481.68     132077          1     2.1930 2.7542e-04    273.978    284.183    27.0441    27.0467         15  0.000e+00
