Data_example/SBE_Data_Processed/DY130/SeaBird/Data/Batch/DY130_003.ros
* Sea-Bird SBE 9 Data File:
* FileName = C:\Users\sandm\Documents\Cruises\DY130\Data\Raw Data\DY130_003.hex
* Software Version Seasave V 7.26.7.121
* Temperature SN = 03P-5494
* Conductivity SN = 04C-3768
* Number of Bytes Per Scan = 45
* Number of Voltage Words = 4
* Number of Scans Averaged by the Deck Unit = 1
* NMEA Latitude = 48 56.15 N
* NMEA Longitude = 016 26.53 W
* NMEA UTC (Time) = Mar 31 2021  06:44:02
* NMEA baud rate = 9600
** Ship: RRS Discovery
** Cruise: DY130
** Cast: DY130_003
** Station: 021
** Julian Day: 090
** Date: 31st March 2021
** Time (GMT): 06:43
** Latitude: 48 56.14 N
** Longitude: 16 26.52 W
** Depth (uncorrected m): 4834
** Principal Scientist: Sue Hart
** Operator: BP/PH
# nquan = 28
# nvalues = 2541                                  
# units = specified
# name 0 = timeS: Time, Elapsed [seconds]
# name 1 = latitude: Latitude [deg]
# name 2 = longitude: Longitude [deg]
# name 3 = prDM: Pressure, Digiquartz [db]
# name 4 = depSM: Depth [salt water, m]
# name 5 = t090C: Temperature [ITS-90, deg C]
# name 6 = t190C: Temperature, 2 [ITS-90, deg C]
# name 7 = c0mS/cm: Conductivity [mS/cm]
# name 8 = c1mS/cm: Conductivity, 2 [mS/cm]
# name 9 = sal00: Salinity, Practical [PSU]
# name 10 = sal11: Salinity, Practical, 2 [PSU]
# name 11 = sbeox0V: Oxygen raw, SBE 43 [V]
# name 12 = sbox0Mm/Kg: Oxygen, SBE 43 [umol/kg]
# name 13 = sbeox1V: Oxygen raw, SBE 43, 2 [V]
# name 14 = sbox1Mm/Kg: Oxygen, SBE 43, 2 [umol/kg]
# name 15 = ptempC: Pressure Temperature [deg C]
# name 16 = altM: Altimeter [m]
# name 17 = scan: Scan Count
# name 18 = pumps: Pump Status
# name 19 = flECO-AFL: Fluorescence, WET Labs ECO-AFL/FL [mg/m^3]
# name 20 = turbWETbb0: Turbidity, WET Labs ECO BB [m^-1/sr]
# name 21 = ph: pH
# name 22 = sbeox0Mm/L: Oxygen, SBE 43 [umol/l]
# name 23 = sbeox1Mm/L: Oxygen, SBE 43, 2 [umol/l]
# name 24 = sigma-é00: Density [sigma-theta, kg/m^3]
# name 25 = sigma-é11: Density, 2 [sigma-theta, kg/m^3]
# name 26 = nbf: Bottles Fired
# name 27 = flag:  0.000e+00
# interval = seconds: 0.0416667
# start_time = Mar 31 2021 06:44:03 [NMEA time, first data scan]
# bad_flag = -9.990e-29
*END*
[from data line 156]
   5763.375   48.93580  -16.44212   4853.277   4758.067     2.5484     2.5507  33.078561  33.081294    34.8974    34.8983     1.2454    226.584     1.2247    240.656       8.86    1480.95     138322          1    -0.0377 1.0618e-04     16.569    232.901    247.366    27.8818    27.8823          2  0.000e+00
   5763.417   48.93580  -16.44212   4853.444   4758.229     2.5486     2.5505  33.078624  33.081047    34.8972    34.8981     1.2466    227.133     1.2247    240.543       8.86    1480.95     138323          1    -0.0377 1.0618e-04     16.569    233.466    247.250    27.8816    27.8822          2  0.000e+00
   5763.458   48.93580  -16.44212   4853.444   4758.229     2.5483     2.5505  33.078561  33.081171    34.8975    34.8982     1.2454    226.792     1.2259    241.043       8.86    1480.95     138324          1    -0.0377 1.0618e-04     16.581    233.115    247.764    27.8819    27.8823          2  0.000e+00
   5763.500   48.93580  -16.44212   4853.361   4758.148     2.5482     2.5509  33.078309  33.081046    34.8973    34.8978     1.2466    227.174     1.2259    241.133       8.86    1480.95     138325          1    -0.0377 1.0618e-04     16.587    233.508    247.856    27.8817    27.8819          2  0.000e+00
   5763.542   48.93580  -16.44212   4853.361   4758.148     2.5483     2.5504  33.078687  33.081170    34.8977    34.8984     1.2466    227.354     1.2259    241.230       8.87    1481.32     138326          1    -0.0377 1.0618e-04     16.593    233.693    247.956    27.8820    27.8825          2  0.000e+00
   5763.583   48.93580  -16.44212   4853.278   4758.068     2.5484     2.5507  33.078624  33.081294    34.8975    34.8983     1.2466    227.365     1.2247    240.707       8.86    1481.32     138327          1    -0.0377 1.0618e-04     16.593    233.704    247.419    27.8818    27.8823          2  0.000e+00
   5763.625   48.93580  -16.44212   4853.361   4758.148     2.5483     2.5509  33.078561  33.081046    34.8975    34.8978     1.2454    226.850     1.2247    240.393       8.86    1481.32     138328          1    -0.0267 1.0448e-04     16.605    233.175    247.095    27.8819    27.8819          2  0.000e+00
   5763.667   48.93580  -16.44212   4853.361   4758.148     2.5485     2.5507  33.078309  33.080984    34.8969    34.8979     1.2454    226.862     1.2259    240.903       8.86    1481.32     138329          1    -0.0267 1.0277e-04     16.617    233.188    247.620    27.8814    27.8820          2  0.000e+00
   5763.708   48.93580  -16.44212   4853.278   4758.068     2.5484     2.5506  33.078435  33.080984    34.8972    34.8980     1.2454    226.712     1.2259    240.789       8.86    1480.95     138330          1    -0.0377 1.0277e-04     16.635    233.033    247.503    27.8817    27.8821          2  0.000e+00
   5763.750   48.93580  -16.44212   4853.278   4758.068     2.5484     2.5507  33.078309  33.081170    34.8971    34.8981     1.2454    226.732     1.2247    240.271       8.86    1480.95     138331          1    -0.0267 1.0277e-04     16.653    233.054    246.970    27.8815    27.8822          2  0.000e+00
   5763.792   48.93580  -16.44212   4853.361   4758.149     2.5486     2.5509  33.078435  33.081046    34.8970    34.8978     1.2466    227.286     1.2259    240.782       8.87    1480.95     138332          1    -0.0377 1.0277e-04     16.665    233.623    247.496    27.8815    27.8819          2  0.000e+00
   5763.833   48.93580  -16.44212   4853.278   4758.068     2.5481     2.5505  33.078309  33.081170    34.8974    34.8983     1.2466    227.475     1.2259    240.670       8.86    1481.32     138333          1    -0.0267 1.0277e-04     16.677    233.817    247.380    27.8818    27.8823          2  0.000e+00
   5763.875   48.93580  -16.44212   4853.278   4758.068     2.5484     2.5507  33.078435  33.081046    34.8972    34.8980     1.2466    227.661     1.2259    240.763       8.86    1481.32     138334          1    -0.0377 1.0277e-04     16.683    234.009    247.476    27.8817    27.8821          2  0.000e+00
   5763.917   48.93580  -16.44212   4853.279   4758.068     2.5483     2.5505  33.078561  33.081170    34.8976    34.8983     1.2454    227.157     1.2259    240.858       8.86    1481.32     138335          1    -0.0377 1.0277e-04     16.677    233.491    247.574    27.8819    27.8823          2  0.000e+00
   5763.958   48.93580  -16.44212   4853.195   4757.988     2.5482     2.5504  33.078309  33.081108    34.8974    34.8984     1.2466    227.707     1.2259    240.951       8.86    1480.95     138336          1    -0.0377 1.0277e-04     16.677    234.056    247.669    27.8818    27.8825          2  0.000e+00
   5764.000   48.93584  -16.44216   4853.195   4757.988     2.5483     2.5505  33.078246  33.080984    34.8972    34.8981     1.2454    227.371     1.2259    240.830       8.86    1480.95     138337          1    -0.0377 1.0277e-04     16.677    233.710    247.545    27.8817    27.8822          2  0.000e+00
   5764.042   48.93584  -16.44216   4853.279   4758.068     2.5484     2.5505  33.078561  33.080984    34.8974    34.8981     1.2466    227.930     1.2259    240.704       8.87    1481.32     138338          1    -0.0377 1.0277e-04     16.677    234.285    247.416    27.8818    27.8822          2  0.000e+00
   5764.083   48.93584  -16.44216   4853.196   4757.988     2.5483     2.5505  33.078120  33.080984    34.8971    34.8981     1.2466    227.957     1.2247    239.953       8.86    1481.32     138339          1    -0.0377 1.0277e-04     16.671    234.312    246.643    27.8815    27.8822          2  0.000e+00
   5764.125   48.93584  -16.44216   4853.196   4757.988     2.5482     2.5506  33.078372  33.080798    34.8974    34.8978     1.2466    227.976     1.2259    240.222       8.86    1481.32     138340          1    -0.0377 1.0277e-04     16.677    234.333    246.920    27.8818    27.8819          2  0.000e+00
   5764.167   48.93580  -16.44212   4853.196   4757.988     2.5484     2.5507  33.078561  33.080922    34.8974    34.8979     1.2466    227.988     1.2259    240.290       8.86    1481.32     138341          1    -0.0377 1.0277e-04     16.689    234.345    246.990    27.8818    27.8820          2  0.000e+00
   5764.208   48.93580  -16.44212   4853.113   4757.907     2.5484     2.5505  33.078560  33.080983    34.8975    34.8981     1.2454    227.636     1.2259    240.357       8.87    1481.32     138342          1    -0.0377 1.0277e-04     16.701    233.983    247.058    27.8818    27.8822          2  0.000e+00
   5764.250   48.93580  -16.44212   4853.196   4757.988     2.5483     2.5507  33.078561  33.081170    34.8976    34.8982     1.2454    227.660     1.2259    240.426       8.86    1481.32     138343          1    -0.0377 1.0277e-04     16.689    234.007    247.130    27.8820    27.8822          2  0.000e+00
   5764.292   48.93580  -16.44212   4853.113   4757.907     2.5482     2.5505  33.078308  33.081294    34.8974    34.8985     1.2454    227.685     1.2259    240.493       8.86    1480.95     138344          1    -0.0377 1.0277e-04     16.665    234.033    247.199    27.8818    27.8825          2  0.000e+00
   5764.333   48.93580  -16.44212   4853.196   4757.988     2.5483     2.5507  33.078687  33.081046    34.8977    34.8980     1.2454    227.552     1.2259    240.564       8.86    1481.32     138345          1    -0.0377 1.0277e-04     16.635    233.896    247.271    27.8821    27.8821          2  0.000e+00
   5764.375   48.93580  -16.44212   4853.279   4758.069     2.5484     2.5505  33.078624  33.080984    34.8975    34.8981     1.2466    227.944     1.2259    240.636       8.86    1481.32     138346          1    -0.0377 1.0277e-04     16.617    234.299    247.345    27.8818    27.8822          2  0.000e+00
   5764.417   48.93580  -16.44212   4852.957   4757.756     2.5485     2.5505  33.078560  33.080983    34.8974    34.8982     1.2454    227.429     1.2259    240.694       8.86    1480.95     138347          1    -0.0377 1.0277e-04     16.599    233.770    247.405    27.8818    27.8823          2  0.000e+00
   5764.458   48.93580  -16.44212   4853.196   4757.988     2.5484     2.5505  33.078309  33.080798    34.8971    34.8979     1.2454    227.296     1.2259    240.771       8.86    1481.32     138348          1    -0.0377 1.0277e-04     16.599    233.633    247.484    27.8816    27.8820          2  0.000e+00
   5764.500   48.93580  -16.44212   4853.113   4757.908     2.5484     2.5504  33.078686  33.080921    34.8976    34.8982     1.2454    227.319     1.2247    240.225       8.86    1480.95     138349          1    -0.0377 1.0277e-04     16.611    233.657    246.923    27.8819    27.8823          2  0.000e+00
   5764.542   48.93580  -16.44212   4853.040   4757.837     2.5484     2.5508  33.078182  33.080983    34.8970    34.8979     1.2454    227.183     1.2247    240.092       8.86    1480.95     138350          1    -0.0377 1.0277e-04     16.629    233.518    246.786    27.8815    27.8820          2  0.000e+00
   5764.583   48.93580  -16.44212   4853.041   4757.837     2.5484     2.5507  33.078182  33.080797    34.8971    34.8978     1.2466    227.574     1.2259    240.585       8.86    1481.32     138351          1    -0.0377 1.0277e-04     16.647    233.919    247.293    27.8815    27.8819          2  0.000e+00
   5764.625   48.93580  -16.44212   4853.113   4757.908     2.5486     2.5509  33.078434  33.080983    34.8971    34.8978     1.2454    227.070     1.2259    240.672       8.86    1481.32     138352          1    -0.0267 1.0277e-04     16.665    233.401    247.382    27.8816    27.8819          2  0.000e+00
   5764.667   48.93580  -16.44212   4853.041   4757.838     2.5484     2.5505  33.078623  33.080797    34.8976    34.8979     1.2466    227.452     1.2259    240.757       8.86    1480.95     138353          1    -0.0377 1.0448e-04     16.671    233.793    247.470    27.8819    27.8821          2  0.000e+00
   5764.708   48.93580  -16.44212   4853.041   4757.838     2.5484     2.5507  33.078308  33.080921    34.8972    34.8979     1.2466    227.466     1.2247    240.229       8.86    1480.95     138354          1    -0.0377 1.0618e-04     16.665    233.808    246.928    27.8816    27.8820          2  0.000e+00
   5764.750   48.93580  -16.44212   4853.041   4757.838     2.5485     2.5507  33.078686  33.080983    34.8975    34.8980     1.2466    227.471     1.2247    240.118       8.86    1480.95     138355          1    -0.0377 1.0618e-04     16.659    233.813    246.813    27.8819    27.8821          2  0.000e+00
   5764.792   48.93580  -16.44212   4853.041   4757.838     2.5483     2.5505  33.078623  33.081169    34.8977    34.8984     1.2454    227.116     1.2259    240.628       8.86    1481.32     138356          1    -0.0377 1.0618e-04     16.653    233.448    247.337    27.8821    27.8824          2  0.000e+00
   5764.833   48.93580  -16.44212   4853.041   4757.838     2.5483     2.5505  33.078560  33.080859    34.8977    34.8980     1.2454    226.961     1.2259    240.731       8.85    1480.95     138357          1    -0.0377 1.0618e-04     16.647    233.289    247.443    27.8820    27.8821          2  0.000e+00
   5764.875   48.93580  -16.44212   4853.041   4757.838     2.5482     2.5505  33.078308  33.080921    34.8974    34.8981     1.2466    227.501     1.2259    240.834       8.86    1481.32     138358          1    -0.0377 1.0618e-04     16.647    233.844    247.549    27.8818    27.8822          2  0.000e+00
   5764.917   48.93580  -16.44212   4852.958   4757.757     2.5483     2.5505  33.078434  33.080797    34.8975    34.8980     1.2466    227.504     1.2259    240.935       8.86    1480.95     138359          1    -0.0377 1.0618e-04     16.653    233.847    247.652    27.8819    27.8821          2  0.000e+00
   5764.958   48.93580  -16.44212   4853.041   4757.838     2.5484     2.5505  33.078749  33.080921    34.8977    34.8981     1.2454    226.980     1.2259    241.039       8.86    1481.32     138360          1    -0.0377 1.0618e-04     16.653    233.309    247.760    27.8820    27.8822          2  0.000e+00
   5765.000   48.93584  -16.44216   4852.958   4757.757     2.5481     2.5505  33.078623  33.080983    34.8979    34.8982     1.2454    226.818     1.2259    241.139       8.86    1481.32     138361          1    -0.0377 1.0618e-04     16.665    233.142    247.863    27.8822    27.8823          2  0.000e+00
   5765.042   48.93584  -16.44216   4853.041   4757.838     2.5482     2.5505  33.078560  33.081169    34.8977    34.8984     1.2466    227.184     1.2259    241.244       8.86    1480.95     138362          1    -0.0377 1.0618e-04     16.671    233.518    247.971    27.8820    27.8824          2  0.000e+00
   5765.083   48.93584  -16.44216   4852.958   4757.758     2.5483     2.5505  33.078560  33.081045    34.8977    34.8983     1.2454    226.649     1.2259    241.131       8.86    1481.32     138363          1    -0.0377 1.0618e-04     16.683    232.969    247.854    27.8820    27.8823          2  0.000e+00
   5765.125   48.93584  -16.44216   4852.958   4757.758     2.5484     2.5505  33.078560  33.081169    34.8975    34.8984     1.2479    227.698     1.2247    240.612       8.86    1481.32     138364          1    -0.0377 1.0618e-04     16.695    234.047    247.321    27.8819    27.8824          2  0.000e+00
   5765.167   48.93580  -16.44212   4852.958   4757.758     2.5483     2.5505  33.078560  33.081293    34.8977    34.8986     1.2466    227.491     1.2247    240.509       8.87    1481.32     138365          1    -0.0377 1.0618e-04     16.707    233.833    247.215    27.8820    27.8825          2  0.000e+00
   5765.208   48.93580  -16.44212   4852.958   4757.758     2.5484     2.5507  33.078560  33.081045    34.8976    34.8981     1.2454    227.120     1.2247    240.415       8.86    1480.95     138366          1    -0.0377 1.0618e-04     16.725    233.452    247.118    27.8819    27.8822          2  0.000e+00
   5765.250   48.93580  -16.44212   4852.959   4757.758     2.5483     2.5507  33.078560  33.080797    34.8977    34.8978     1.2454    226.952     1.2247    240.330       8.86    1481.32     138367          1    -0.0377 1.0618e-04     16.731    233.280    247.031    27.8820    27.8819          2  0.000e+00
   5765.292   48.93580  -16.44212   4852.875   4757.677     2.5484     2.5505  33.078308  33.080921    34.8972    34.8982     1.2454    226.949     1.2259    240.863       8.86    1481.32     138368          1    -0.0377 1.0618e-04     16.731    233.277    247.579    27.8817    27.8822          2  0.000e+00
   5765.333   48.93580  -16.44212   4852.959   4757.758     2.5484     2.5505  33.078056  33.080797    34.8970    34.8980     1.2454    226.959     1.2259    240.994       8.86    1481.32     138369          1    -0.0267 1.0618e-04     16.731    233.287    247.714    27.8814    27.8821          2  0.000e+00
   5765.375   48.93580  -16.44212   4852.876   4757.677     2.5486     2.5505  33.078623  33.080735    34.8974    34.8979     1.2454    226.800     1.2259    240.906       8.86    1480.95     138370          1    -0.0377 1.0618e-04     16.719    233.123    247.623    27.8818    27.8820          2  0.000e+00
   5765.417   48.93580  -16.44212   4852.959   4757.758     2.5484     2.5507  33.078623  33.080735    34.8976    34.8977     1.2466    227.173     1.2247    240.202       8.86    1481.32     138371          1    -0.0377 1.0618e-04     16.713    233.507    246.899    27.8819    27.8819          2  0.000e+00
   5765.458   48.93580  -16.44212   4852.959   4757.758     2.5484     2.5505  33.078749  33.081107    34.8977    34.8983     1.2454    226.816     1.2247    239.902       8.86    1481.32     138372          1    -0.0377 1.0618e-04     16.707    233.140    246.591    27.8820    27.8824          2  0.000e+00
