Data_example/SBE_Data_Processed/DY130/SeaBird/Data/Batch/DY130_008.ros
* Sea-Bird SBE 9 Data File:
* FileName = C:\Users\sandm\Documents\Cruises\DY130\Data\Raw Data\DY130_008.hex
* Software Version Seasave V 7.26.7.121
* Temperature SN = 03P-5494
* Conductivity SN = 04C-3768
* Number of Bytes Per Scan = 45
* Number of Voltage Words = 4
* Number of Scans Averaged by the Deck Unit = 1
* NMEA Latitude = 48 52.23 N
* NMEA Longitude = 016 31.48 W
* NMEA UTC (Time) = Apr 05 2021  09:04:17
* NMEA baud rate = 9600
** Ship: RRS Discovery
** Cruise: DY130
** Cast: DY130_008
** Station: 053
** Julian Day: 095
** Date: 05/04/21
** Time (GMT): 09:04
** Latitude: 48 52.19 N
** Longitude: 16 31.45 W
** Depth (uncorrected m): 4810
** Principal Scientist: Sue Hart
** Operator: BP/PH BP/PH
# nquan = 27
# nvalues = 2541                                  
# units = specified
# name 0 = timeS: Time, Elapsed [seconds]
# name 1 = latitude: Latitude [deg]
# name 2 = longitude: Longitude [deg]
# name 3 = prDM: Pressure, Digiquartz [db]
# name 4 = depSM: Depth [salt water, m]
# name 5 = t090C: Temperature [ITS-90, deg C]
# name 6 = t190C: Temperature, 2 [ITS-90, deg C]
# name 7 = c0mS/cm: Conductivity [mS/cm]
# name 8 = c1mS/cm: Conductivity, 2 [mS/cm]
# name 9 = sal00: Salinity, Practical [PSU]
# name 10 = sal11: Salinity, Practical, 2 [PSU]
# name 11 = sbeox0V: Oxygen raw, SBE 43 [V]
# name 12 = sbox0Mm/Kg: Oxygen, SBE 43 [umol/kg]
# name 13 = sbeox1V: Oxygen raw, SBE 43, 2 [V]
# name 14 = sbox1Mm/Kg: Oxygen, SBE 43, 2 [umol/kg]
# name 15 = ptempC: Pressure Temperature [deg C]
# name 16 = altM: Altimeter [m]
# name 17 = scan: Scan Count
# name 18 = pumps: Pump Status
# name 19 = flECO-AFL: Fluorescence, WET Labs ECO-AFL/FL [mg/m^3]
# name 20 = turbWETbb0: Turbidity, WET Labs ECO BB [m^-1/sr]
# name 21 = sbeox0Mm/L: Oxygen, SBE 43 [umol/l]
# name 22 = sbeox1Mm/L: Oxygen, SBE 43, 2 [umol/l]
# name 23 = sigma-é00: Density [sigma-theta, kg/m^3]
# name 24 = sigma-é11: Density, 2 [sigma-theta, kg/m^3]
# name 25 = nbf: Bottles Fired
# name 26 = flag:  0.000e+00
# interval = seconds: 0.0416667
# start_time = Apr 05 2021 09:04:18 [NMEA time, first data scan]
# bad_flag = -9.990e-29
*END*
[from data line 1450]
   4961.542   48.87224  -16.52596    104.314    103.404    11.2643    11.2641  39.814961  39.818042    35.4721    35.4753     2.5507    264.490     2.4322    274.231      10.30    1481.68     119078          1     0.6216 1.7285e-04    271.657    281.663    27.0972    27.0997         12  0.000e+00
   4961.583   48.87224  -16.52596    104.304    103.394    11.2643    11.2641  39.814893  39.818042    35.4720    35.4753     2.5507    264.475     2.4322    274.241      10.30    1481.68     119079          1     0.6216 1.7114e-04    271.641    281.673    27.0972    27.0997         12  0.000e+00
   5232.333   48.87224  -16.52596     73.447     72.812    11.5226    11.5094  40.081544  40.066745    35.5021    35.5002     2.5971    267.803     2.4774    278.313      10.33    1481.32     125577          1     1.0722 2.0704e-04    275.053    285.848    27.0718    27.0727         13  0.000e+00
   5232.375   48.87224  -16.52596     73.515     72.880    11.5224    11.5097  40.082360  40.066611    35.5031    35.4997     2.5983    267.988     2.4774    278.326      10.33    1481.68     125578          1     1.0612 2.0704e-04    275.243    285.861    27.0725    27.0723         13  0.000e+00
   5232.417   48.87224  -16.52596     73.437     72.802    11.5229    11.5090  40.082699  40.065741    35.5030    35.4995     2.5983    268.010     2.4762    278.143      10.33    1481.32     125579          1     1.0722 2.0704e-04    275.266    285.673    27.0724    27.0723         13  0.000e+00
   5232.458   48.87224  -16.52596     73.437     72.802    11.5231    11.5087  40.082903  40.065273    35.5030    35.4994     2.5983    268.018     2.4774    278.328      10.33    1481.68     125580          1     1.0722 2.0704e-04    275.274    285.863    27.0724    27.0722         13  0.000e+00
   5232.500   48.87224  -16.52596     73.437     72.802    11.5238    11.5087  40.083038  40.065942    35.5025    35.5001     2.5983    268.042     2.4774    278.336      10.33    1481.68     125581          1     1.0722 2.0704e-04    275.298    285.872    27.0718    27.0727         13  0.000e+00
   5232.542   48.87224  -16.52596     73.437     72.802    11.5242    11.5095  40.082699  40.066477    35.5017    35.4998     2.5983    268.049     2.4774    278.340      10.33    1481.32     125582          1     1.0722 2.0704e-04    275.305    285.876    27.0711    27.0724         13  0.000e+00
   5232.583   48.87224  -16.52596     73.437     72.802    11.5246    11.5098  40.082427  40.066009    35.5011    35.4990     2.5983    268.056     2.4762    278.152      10.33    1481.68     125583          1     1.0722 2.0704e-04    275.312    285.682    27.0706    27.0717         13  0.000e+00
   5232.625   48.87224  -16.52596     73.437     72.802    11.5250    11.5102  40.082019  40.065541    35.5003    35.4983     2.5983    268.061     2.4774    278.331      10.33    1481.68     125584          1     1.0612 2.0704e-04    275.318    285.866    27.0699    27.0711         13  0.000e+00
   5232.667   48.87224  -16.52596     73.368     72.734    11.5252    11.5090  40.081679  40.064203    35.4998    35.4980     2.5983    268.065     2.4774    278.343      10.33    1481.68     125585          1     1.0722 2.0704e-04    275.321    285.878    27.0695    27.0711         13  0.000e+00
   5232.708   48.87224  -16.52596     73.437     72.802    11.5257    11.5080  40.082087  40.063200    35.4997    35.4980     2.5983    268.069     2.4774    278.358      10.33    1481.32     125586          1     1.0722 2.0704e-04    275.326    285.894    27.0693    27.0712         13  0.000e+00
   5232.750   48.87224  -16.52596     73.378     72.744    11.5255    11.5076  40.082834  40.062263    35.5006    35.4975     2.5995    268.263     2.4774    278.365      10.33    1481.32     125587          1     1.0722 2.0704e-04    275.525    285.900    27.0700    27.0710         13  0.000e+00
   5232.792   48.87224  -16.52596     73.368     72.734    11.5256    11.5064  40.083513  40.062063    35.5012    35.4985     2.5983    268.110     2.4774    278.374      10.33    1481.68     125588          1     1.0722 2.0704e-04    275.368    285.910    27.0705    27.0719         13  0.000e+00
   5232.833   48.87224  -16.52596     73.368     72.734    11.5259    11.5052  40.083717  40.061260    35.5012    35.4988     2.5983    268.112     2.4774    278.384      10.33    1481.68     125589          1     1.0722 2.0704e-04    275.369    285.920    27.0704    27.0724         13  0.000e+00
   5232.875   48.87224  -16.52596     73.368     72.734    11.5262    11.5041  40.083785  40.060190    35.5009    35.4988     2.5983    268.112     2.4774    278.393      10.33    1481.32     125590          1     1.0722 2.0704e-04    275.370    285.929    27.0701    27.0726         13  0.000e+00
   5232.917   48.87224  -16.52596     73.368     72.734    11.5264    11.5028  40.083174  40.058652    35.5002    35.4985     2.5983    268.114     2.4774    278.403      10.33    1481.68     125591          1     1.0722 2.0704e-04    275.372    285.940    27.0695    27.0727         13  0.000e+00
   5232.958   48.87224  -16.52596     73.368     72.734    11.5260    11.5020  40.082562  40.057114    35.4999    35.4978     2.5983    268.118     2.4774    278.409      10.33    1481.32     125592          1     1.0722 2.0704e-04    275.375    285.946    27.0694    27.0722         13  0.000e+00
   5233.000   48.87224  -16.52596     73.368     72.734    11.5258    11.5010  40.082019  40.056044    35.4996    35.4977     2.5983    268.119     2.4762    278.220      10.33    1481.32     125593          1     1.0722 2.0704e-04    275.377    285.752    27.0691    27.0723         13  0.000e+00
   5233.042   48.87224  -16.52596     73.368     72.734    11.5259    11.5002  40.081476  40.055442    35.4990    35.4979     2.5983    268.120     2.4774    278.396      10.33    1481.68     125594          1     1.0722 2.0704e-04    275.377    285.933    27.0687    27.0727         13  0.000e+00
   5233.083   48.87216  -16.52600     73.300     72.666    11.5255    11.4997  40.079098  40.055442    35.4970    35.4984     2.5983    268.121     2.4774    278.394      10.33    1481.68     125595          1     1.0612 2.0875e-04    275.379    285.931    27.0672    27.0731         13  0.000e+00
   5233.125   48.87216  -16.52600     73.368     72.734    11.5255    11.4995  40.080321  40.055710    35.4982    35.4988     2.5983    268.119     2.4774    278.394      10.33    1481.68     125596          1     1.0282 2.1559e-04    275.377    285.931    27.0681    27.0735         13  0.000e+00
   5233.167   48.87216  -16.52600     73.310     72.676    11.5254    11.4998  40.081136  40.055442    35.4991    35.4982     2.5995    268.286     2.4762    278.192      10.33    1481.68     125597          1     1.0172 2.1901e-04    275.548    285.724    27.0689    27.0730         13  0.000e+00
   5233.208   48.87216  -16.52600     73.368     72.734    11.5253    11.4995  40.081544  40.055175    35.4995    35.4983     2.5983    268.128     2.4774    278.388      10.33    1481.68     125598          1     1.0062 2.1901e-04    275.386    285.925    27.0692    27.0731         13  0.000e+00
   5233.250   48.87224  -16.52596     73.300     72.666    11.5254    11.4989  40.081543  40.055308    35.4995    35.4991     2.5983    268.120     2.4762    278.190      10.33    1481.68     125599          1     1.0172 2.1901e-04    275.378    285.722    27.0692    27.0738         13  0.000e+00
   5233.292   48.87224  -16.52596     73.300     72.666    11.5252    11.4990  40.081951  40.055709    35.5001    35.4993     2.5983    268.133     2.4774    278.357      10.33    1481.68     125600          1     1.0172 2.1901e-04    275.392    285.893    27.0697    27.0739         13  0.000e+00
   5233.333   48.87224  -16.52596     73.368     72.734    11.5251    11.4994  40.081883  40.056044    35.5002    35.4992     2.5983    268.130     2.4762    278.157      10.33    1481.32     125601          1     1.0062 2.1730e-04    275.389    285.688    27.0698    27.0739         13  0.000e+00
   5233.375   48.87224  -16.52596     73.300     72.666    11.5251    11.4998  40.082291  40.055642    35.5006    35.4984     2.5983    268.120     2.4774    278.321      10.33    1481.68     125602          1     1.0172 2.1901e-04    275.378    285.856    27.0701    27.0731         13  0.000e+00
   5233.417   48.87224  -16.52596     73.300     72.666    11.5250    11.4995  40.082223  40.055241    35.5006    35.4984     2.5983    268.132     2.4774    278.317      10.33    1481.32     125603          1     1.0172 2.1730e-04    275.390    285.852    27.0701    27.0731         13  0.000e+00
   5233.458   48.87224  -16.52596     73.300     72.666    11.5254    11.4995  40.082358  40.055576    35.5003    35.4987     2.5983    268.123     2.4762    278.115      10.33    1481.68     125604          1     1.0172 2.1730e-04    275.381    285.645    27.0698    27.0734         13  0.000e+00
   5233.500   48.87224  -16.52596     73.368     72.734    11.5252    11.4997  40.082223  40.057114    35.5004    35.5000     2.5983    268.118     2.4774    278.279      10.33    1481.68     125605          1     1.0062 2.1901e-04    275.376    285.813    27.0699    27.0744         13  0.000e+00
   5233.542   48.87224  -16.52596     73.300     72.666    11.5254    11.4994  40.082358  40.059054    35.5003    35.5023     2.5983    268.105     2.4762    278.072      10.33    1481.32     125606          1     1.0172 2.1730e-04    275.363    285.601    27.0698    27.0762         13  0.000e+00
   5233.583   48.87224  -16.52596     73.153     72.520    11.5257    11.4995  40.082833  40.060658    35.5005    35.5038     2.5983    268.088     2.4762    278.032      10.35    1481.68     125607          1     1.0172 2.1730e-04    275.345    285.561    27.0699    27.0774         13  0.000e+00
   5233.625   48.87224  -16.52596     73.447     72.812    11.5264    11.4999  40.082766  40.060258    35.4997    35.5028     2.5983    268.085     2.4762    278.011      10.33    1481.68     125608          1     1.0062 2.1901e-04    275.342    285.539    27.0691    27.0766         13  0.000e+00
   5233.667   48.87224  -16.52596     73.300     72.666    11.5272    11.5008  40.082902  40.060190    35.4992    35.5020     2.5995    268.238     2.4762    277.972      10.35    1481.68     125609          1     1.0172 2.1730e-04    275.499    285.498    27.0686    27.0757         13  0.000e+00
   5233.708   48.87224  -16.52596     73.368     72.734    11.5272    11.5023  40.083038  40.059522    35.4993    35.4999     2.5983    268.073     2.4774    278.133      10.33    1481.68     125610          1     1.0172 2.1730e-04    275.329    285.663    27.0687    27.0738         13  0.000e+00
   5233.750   48.87224  -16.52596     73.300     72.666    11.5270    11.5039  40.082698  40.061929    35.4991    35.5007     2.5983    268.058     2.4774    278.110      10.33    1481.68     125611          1     1.0172 2.1730e-04    275.314    285.639    27.0686    27.0741         13  0.000e+00
   5233.792   48.87224  -16.52596     73.300     72.666    11.5268    11.5059  40.082698  40.065808    35.4993    35.5027     2.5983    268.045     2.4762    277.889      10.33    1481.32     125612          1     1.0172 2.1730e-04    275.301    285.413    27.0688    27.0753         13  0.000e+00
   5233.833   48.87224  -16.52596     73.300     72.666    11.5269    11.5092  40.083241  40.069754    35.4998    35.5034     2.5983    268.047     2.4774    278.029      10.33    1481.68     125613          1     1.0172 2.1730e-04    275.303    285.557    27.0691    27.0753         13  0.000e+00
   5233.875   48.87224  -16.52596     73.300     72.666    11.5270    11.5117  40.083853  40.071493    35.5003    35.5028     2.5983    268.030     2.4774    278.028      10.33    1481.68     125614          1     1.0172 2.1730e-04    275.286    285.555    27.0695    27.0743         13  0.000e+00
   5233.917   48.87224  -16.52596     73.368     72.734    11.5274    11.5105  40.083785  40.072765    35.4998    35.5051     2.5983    268.016     2.4774    278.046      10.33    1481.32     125615          1     1.0172 2.1901e-04    275.271    285.575    27.0691    27.0763         13  0.000e+00
   5233.958   48.87224  -16.52596     73.300     72.666    11.5274    11.5104  40.083173  40.071092    35.4993    35.5036     2.5983    267.998     2.4762    277.866      10.33    1481.68     125616          1     1.0062 2.1901e-04    275.252    285.389    27.0686    27.0752         13  0.000e+00
   5234.000   48.87224  -16.52596     73.300     72.666    11.5275    11.5090  40.082562  40.066945    35.4986    35.5008     2.5983    267.982     2.4774    278.066      10.33    1481.32     125617          1     1.0062 2.1730e-04    275.235    285.595    27.0681    27.0733         13  0.000e+00
   5234.042   48.87224  -16.52596     73.378     72.744    11.5267    11.5063  40.081475  40.062464    35.4982    35.4990     2.5983    267.971     2.4762    277.910      10.33    1481.68     125618          1     1.0172 2.1901e-04    275.225    285.434    27.0679    27.0724         13  0.000e+00
   5234.083   48.87216  -16.52600     73.300     72.666    11.5262    11.5031  40.081000  40.058518    35.4982    35.4981     2.5983    267.953     2.4774    278.116      10.33    1481.32     125619          1     1.0062 2.1730e-04    275.206    285.646    27.0680    27.0723         13  0.000e+00
   5234.125   48.87216  -16.52600     73.300     72.666    11.5251    11.5008  40.079777  40.055107    35.4981    35.4969     2.5983    267.940     2.4762    277.954      10.33    1481.68     125620          1     1.0172 2.1901e-04    275.193    285.479    27.0682    27.0718         13  0.000e+00
   5234.167   48.87216  -16.52600     73.437     72.802    11.5246    11.4986  40.078759  40.052299    35.4975    35.4963     2.5971    267.775     2.4762    277.968      10.33    1481.68     125621          1     1.0722 2.1559e-04    275.023    285.493    27.0678    27.0717         13  0.000e+00
   5234.208   48.87216  -16.52600     73.300     72.666    11.5239    11.4953  40.077332  40.050293    35.4968    35.4975     2.5971    267.757     2.4762    277.976      10.33    1481.32     125622          1     1.1271 2.1217e-04    275.004    285.502    27.0674    27.0733         13  0.000e+00
   5234.250   48.87224  -16.52596     73.368     72.734    11.5224    11.4935  40.075566  40.050427    35.4964    35.4993     2.5971    267.750     2.4762    277.958      10.33    1481.68     125623          1     1.1491 2.1217e-04    274.998    285.484    27.0674    27.0750         13  0.000e+00
   5234.292   48.87224  -16.52596     73.368     72.734    11.5211    11.4935  40.073054  40.052099    35.4952    35.5010     2.5983    267.916     2.4762    277.926      10.33    1481.68     125624          1     1.1491 2.1217e-04    275.167    285.452    27.0666    27.0763         13  0.000e+00
   5234.333   48.87224  -16.52596     73.300     72.666    11.5195    11.4951  40.071220  40.053235    35.4950    35.5006     2.5971    267.752     2.4762    277.909      10.33    1481.68     125625          1     1.1491 2.1217e-04    274.999    285.434    27.0668    27.0757         13  0.000e+00
   5234.375   48.87224  -16.52596     73.368     72.734    11.5175    11.4969  40.068843  40.053904    35.4945    35.4995     2.5983    267.904     2.4762    277.899      10.33    1481.68     125626          1     1.1491 2.1388e-04    275.155    285.423    27.0667    27.0745         13  0.000e+00
   5234.417   48.87224  -16.52596     73.437     72.802    11.5156    11.4982  40.066806  40.057382    35.4943    35.5016     2.5983    267.919     2.4762    277.885      10.33    1481.32     125627          1     1.1491 2.1217e-04    275.171    285.409    27.0670    27.0759         13  0.000e+00
