Data_example/SBE_Data_Processed/DY130/SeaBird/Data/Batch/DY130_013.ros
* Sea-Bird SBE 9 Data File:
* FileName = C:\Users\sandm\Documents\Cruises\DY130\Data\Raw Data\DY130_013.hex
* Software Version Seasave V 7.26.7.121
* Temperature SN = 03P-5494
* Conductivity SN = 04C-3768
* Number of Bytes Per Scan = 45
* Number of Voltage Words = 4
* Number of Scans Averaged by the Deck Unit = 1
* NMEA Latitude = 48 59.96 N
* NMEA Longitude = 016 29.99 W
* NMEA UTC (Time) = Apr 10 2021  09:45:21
* NMEA baud rate = 9600
** Ship: RRS Discovery
** Cruise: DY130
** Cast: 013
** Station: 076
** Julian Day: 100
** Date: 10/04/2021
** Time (GMT): 09:45
** Latitude: 28 59.96N
** Longitude: 16 29.99W
** Depth (uncorrected m): 4808
** Principal Scientist: Sue Hart
** Operator: BP/PH
# nquan = 27
# nvalues = 2904                                  
# units = specified
# name 0 = timeS: Time, Elapsed [seconds]
# name 1 = latitude: Latitude [deg]
# name 2 = longitude: Longitude [deg]
# name 3 = prDM: Pressure, Digiquartz [db]
# name 4 = depSM: Depth [salt water, m]
# name 5 = t090C: Temperature [ITS-90, deg C]
# name 6 = t190C: Temperature, 2 [ITS-90, deg C]
# name 7 = c0mS/cm: Conductivity [mS/cm]
# name 8 = c1mS/cm: Conductivity, 2 [mS/cm]
# name 9 = sal00: Salinity, Practical [PSU]
# name 10 = sal11: Salinity, Practical, 2 [PSU]
# name 11 = sbeox0V: Oxygen raw, SBE 43 [V]
# name 12 = sbox0Mm/Kg: Oxygen, SBE 43 [umol/kg]
# name 13 = sbeox1V: Oxygen raw, SBE 43, 2 [V]
# name 14 = sbox1Mm/Kg: Oxygen, SBE 43, 2 [umol/kg]
# name 15 = ptempC: Pressure Temperature [deg C]
# name 16 = altM: Altimeter [m]
# name 17 = scan: Scan Count
# name 18 = pumps: Pump Status
# name 19 = flECO-AFL: Fluorescence, WET Labs ECO-AFL/FL [mg/m^3]
# name 20 = turbWETbb0: Turbidity, WET Labs ECO BB [m^-1/sr]
# name 21 = sbeox0Mm/L: Oxygen, SBE 43 [umol/l]
# name 22 = sbeox1Mm/L: Oxygen, SBE 43, 2 [umol/l]
# name 23 = sigma-é00: Density [sigma-theta, kg/m^3]
# name 24 = sigma-é11: Density, 2 [sigma-theta, kg/m^3]
# name 25 = nbf: Bottles Fired
# name 26 = flag:  0.000e+00
# interval = seconds: 0.0416667
# start_time = Apr 10 2021 09:45:21 [NMEA time, first data scan]
# bad_flag = -9.990e-29
*END*
[from data line 1235]
   4982.167   48.99940  -16.49990   4080.715   4007.594     2.5364     2.5388  32.816305  32.820359    34.9047    34.9070     1.3455    232.363     1.3089    242.107       8.57    1481.32     119573          1    -0.0267 8.9091e-05    238.841    248.858    27.8809    27.8826         11  0.000e+00
   4982.208   48.99940  -16.49990   4080.633   4007.514     2.5364     2.5386  32.816368  32.820297    34.9048    34.9071     1.3443    231.963     1.3089    242.173       8.55    1481.32     119574          1    -0.0267 8.9091e-05    238.430    248.925    27.8810    27.8827         11  0.000e+00
   4982.250   48.99940  -16.49990   4080.478   4007.363     2.5361     2.5386  32.816367  32.820173    34.9052    34.9071     1.3443    232.023     1.3089    242.074       8.57    1481.32     119575          1    -0.0267 8.9091e-05    238.492    248.824    27.8813    27.8826         11  0.000e+00
   4982.292   48.99940  -16.49990   4080.478   4007.363     2.5362     2.5388  32.816179  32.820359    34.9048    34.9071     1.3455    232.545     1.3101    242.508       8.55    1481.32     119576          1    -0.0267 8.9091e-05    239.029    249.269    27.8810    27.8827         11  0.000e+00
   4982.333   48.99940  -16.49990   4080.715   4007.594     2.5362     2.5386  32.816493  32.820669    34.9050    34.9075     1.3443    232.160     1.3089    242.048       8.57    1481.32     119577          1    -0.0267 8.9091e-05    238.633    248.797    27.8812    27.8830         11  0.000e+00
   4982.375   48.99940  -16.49990   4080.478   4007.363     2.5364     2.5388  32.816493  32.820173    34.9050    34.9069     1.3443    232.089     1.3089    241.940       8.57    1481.32     119578          1    -0.0267 8.9091e-05    238.560    248.686    27.8812    27.8825         11  0.000e+00
   4982.417   48.99934  -16.49984   4080.550   4007.434     2.5362     2.5388  32.816116  32.820359    34.9046    34.9071     1.3443    232.030     1.3089    242.009       8.57    1480.95     119579          1    -0.0267 8.9091e-05    238.499    248.756    27.8809    27.8827         11  0.000e+00
   4982.458   48.99934  -16.49984   4080.478   4007.363     2.5364     2.5389  32.816241  32.820235    34.9047    34.9068     1.3443    231.964     1.3089    242.079       8.57    1481.32     119580          1    -0.0267 8.9091e-05    238.431    248.829    27.8810    27.8824         11  0.000e+00
   4982.500   48.99934  -16.49984   4080.478   4007.364     2.5364     2.5388  32.816179  32.820359    34.9046    34.9071     1.3443    231.901     1.3089    242.160       8.55    1481.32     119581          1    -0.0267 8.9091e-05    238.367    248.912    27.8809    27.8827         11  0.000e+00
   4982.542   48.99934  -16.49984   4080.478   4007.364     2.5362     2.5389  32.816304  32.820297    34.9049    34.9069     1.3443    231.838     1.3101    242.774       8.55    1481.32     119582          1    -0.0267 8.9091e-05    238.302    249.543    27.8811    27.8825         11  0.000e+00
   4982.583   48.99940  -16.49990   4080.479   4007.364     2.5362     2.5384  32.816179  32.820421    34.9048    34.9075     1.3455    232.361     1.3089    242.328       8.57    1481.32     119583          1    -0.0267 8.9091e-05    238.840    249.085    27.8810    27.8830         11  0.000e+00
   4982.625   48.99940  -16.49990   4080.479   4007.364     2.5362     2.5384  32.816304  32.820482    34.9049    34.9076     1.3443    232.101     1.3089    242.415       8.57    1481.32     119584          1    -0.0267 8.9091e-05    238.572    249.174    27.8811    27.8831         11  0.000e+00
   4982.667   48.99940  -16.49990   4080.479   4007.364     2.5364     2.5386  32.816116  32.820235    34.9045    34.9071     1.3443    232.043     1.3089    242.508       8.55    1481.32     119585          1    -0.0267 8.9091e-05    238.512    249.270    27.8808    27.8827         11  0.000e+00
   4982.708   48.99940  -16.49990   4080.396   4007.284     2.5362     2.5389  32.816053  32.820482    34.9046    34.9071     1.3443    231.983     1.3089    242.603       8.57    1481.32     119586          1    -0.0267 8.9091e-05    238.451    249.368    27.8809    27.8827         11  0.000e+00
   4982.750   48.99940  -16.49990   4080.396   4007.284     2.5364     2.5388  32.816304  32.820049    34.9048    34.9068     1.3443    231.924     1.3089    242.545       8.55    1481.32     119587          1    -0.0267 8.9091e-05    238.391    249.308    27.8810    27.8824         11  0.000e+00
   4982.792   48.99940  -16.49990   4080.396   4007.284     2.5362     2.5388  32.816178  32.820297    34.9048    34.9071     1.3443    231.868     1.3089    242.484       8.57    1481.32     119588          1    -0.0267 8.9091e-05    238.332    249.246    27.8810    27.8826         11  0.000e+00
   4982.833   48.99940  -16.49990   4080.396   4007.284     2.5364     2.5388  32.816304  32.820482    34.9048    34.9073     1.3443    231.940     1.3089    242.424       8.57    1481.32     119589          1    -0.0267 8.9091e-05    238.407    249.183    27.8810    27.8828         11  0.000e+00
   4982.875   48.99940  -16.49990   4080.345   4007.234     2.5364     2.5389  32.816115  32.820296    34.9046    34.9069     1.3455    232.341     1.3089    242.362       8.57    1481.32     119590          1    -0.0267 8.9091e-05    238.819    249.119    27.8809    27.8825         11  0.000e+00
   4982.917   48.99940  -16.49990   4080.397   4007.284     2.5364     2.5388  32.816555  32.820173    34.9051    34.9069     1.3443    231.955     1.3089    242.304       8.57    1481.32     119591          1    -0.0267 8.9091e-05    238.423    249.061    27.8813    27.8825         11  0.000e+00
   4982.958   48.99940  -16.49990   4080.314   4007.204     2.5364     2.5386  32.816429  32.819925    34.9049    34.9068     1.3455    232.350     1.3089    242.243       8.57    1481.32     119592          1    -0.0267 8.9091e-05    238.828    248.998    27.8811    27.8825         11  0.000e+00
   4983.000   48.99940  -16.49990   4080.314   4007.204     2.5364     2.5389  32.816367  32.820173    34.9049    34.9068     1.3443    231.958     1.3101    242.876       8.55    1481.32     119593          1    -0.0267 8.9091e-05    238.426    249.647    27.8811    27.8824         11  0.000e+00
   4983.042   48.99940  -16.49990   4080.397   4007.284     2.5364     2.5384  32.816178  32.820173    34.9047    34.9073     1.3443    231.898     1.3089    242.453       8.55    1481.32     119594          1    -0.0267 8.9091e-05    238.364    249.213    27.8809    27.8828         11  0.000e+00
   4983.083   48.99940  -16.49990   4080.314   4007.204     2.5362     2.5388  32.816304  32.820358    34.9050    34.9072     1.3443    231.833     1.3089    242.388       8.55    1481.32     119595          1    -0.0267 8.9091e-05    238.297    249.147    27.8812    27.8827         11  0.000e+00
   4983.125   48.99940  -16.49990   4080.232   4007.124     2.5364     2.5388  32.816178  32.820482    34.9047    34.9073     1.3443    231.899     1.3101    243.020       8.55    1481.32     119596          1    -0.0267 8.9091e-05    238.364    249.796    27.8810    27.8829         11  0.000e+00
   4983.167   48.99940  -16.49990   4080.315   4007.204     2.5364     2.5386  32.816304  32.820111    34.9049    34.9070     1.3443    231.843     1.3101    243.291       8.55    1481.32     119597          1    -0.0267 8.9091e-05    238.307    250.075    27.8811    27.8826         11  0.000e+00
   4983.208   48.99940  -16.49990   4080.232   4007.124     2.5362     2.5386  32.816115  32.820111    34.9048    34.9071     1.3455    232.238     1.3101    243.389       8.55    1481.32     119598          1    -0.0267 8.9091e-05    238.713    250.175    27.8810    27.8827         11  0.000e+00
   4983.250   48.99940  -16.49990   4080.315   4007.204     2.5365     2.5386  32.816304  32.820358    34.9047    34.9073     1.3443    231.848     1.3089    243.123       8.55    1481.32     119599          1    -0.0267 8.9091e-05    238.312    249.902    27.8809    27.8829         11  0.000e+00
   4983.292   48.99940  -16.49990   4080.232   4007.124     2.5364     2.5388  32.816115  32.820482    34.9047    34.9073     1.3443    231.783     1.3089    243.059       8.57    1481.32     119600          1    -0.0267 8.9091e-05    238.246    249.837    27.8809    27.8829         11  0.000e+00
   4983.333   48.99940  -16.49990   4080.232   4007.124     2.5364     2.5386  32.816304  32.820111    34.9048    34.9071     1.3443    231.720     1.3089    243.168       8.55    1481.32     119601          1    -0.0267 8.9091e-05    238.180    249.948    27.8810    27.8827         11  0.000e+00
   4983.375   48.99940  -16.49990   4080.232   4007.124     2.5364     2.5388  32.815864  32.820111    34.9044    34.9069     1.3443    231.658     1.3089    243.114       8.55    1481.32     119602          1    -0.0267 8.9091e-05    238.117    249.892    27.8807    27.8825         11  0.000e+00
   4983.417   48.99934  -16.49984   4080.160   4007.054     2.5365     2.5386  32.816178  32.819925    34.9046    34.9069     1.3443    231.722     1.3101    243.587       8.55    1481.32     119603          1    -0.0267 8.9091e-05    238.183    250.379    27.8808    27.8825         11  0.000e+00
   4983.458   48.99934  -16.49984   4080.233   4007.124     2.5364     2.5388  32.816178  32.820296    34.9047    34.9071     1.3443    231.668     1.3089    243.160       8.55    1481.32     119604          1    -0.0267 8.9091e-05    238.127    249.940    27.8810    27.8827         11  0.000e+00
   4983.500   48.99934  -16.49984   4080.160   4007.054     2.5365     2.5384  32.816052  32.820296    34.9044    34.9075     1.3443    231.738     1.3089    243.099       8.55    1481.32     119605          1    -0.0267 8.9091e-05    238.199    249.878    27.8807    27.8830         11  0.000e+00
   4983.542   48.99934  -16.49984   4080.161   4007.054     2.5364     2.5385  32.816052  32.820172    34.9046    34.9073     1.3455    232.141     1.3089    243.039       8.55    1481.32     119606          1    -0.0267 8.9091e-05    238.614    249.816    27.8809    27.8829         11  0.000e+00
   4983.583   48.99938  -16.49990   4080.233   4007.125     2.5365     2.5388  32.816492  32.819925    34.9049    34.9067     1.3443    231.755     1.3089    242.981       8.55    1481.32     119607          1    -0.0267 8.9091e-05    238.217    249.755    27.8811    27.8823         11  0.000e+00
   4983.625   48.99938  -16.49990   4080.161   4007.054     2.5364     2.5384  32.816429  32.820049    34.9050    34.9072     1.3443    231.696     1.3089    243.087       8.55    1481.32     119608          1    -0.0377 8.9091e-05    238.156    249.864    27.8812    27.8828         11  0.000e+00
   4983.667   48.99938  -16.49990   4080.161   4007.055     2.5364     2.5388  32.816366  32.820234    34.9050    34.9071     1.3443    231.639     1.3089    243.031       8.55    1480.95     119609          1    -0.0377 8.9091e-05    238.097    249.807    27.8812    27.8827         11  0.000e+00
   4983.708   48.99938  -16.49990   4080.161   4007.055     2.5365     2.5384  32.816366  32.820172    34.9048    34.9074     1.3443    231.580     1.3089    242.979       8.55    1481.32     119610          1    -0.0377 8.9091e-05    238.037    249.754    27.8810    27.8829         11  0.000e+00
   4983.750   48.99938  -16.49990   4080.078   4006.974     2.5365     2.5386  32.816366  32.820172    34.9049    34.9072     1.3443    231.651     1.3089    242.922       8.55    1481.32     119611          1    -0.0377 8.9091e-05    238.110    249.696    27.8810    27.8828         11  0.000e+00
   4983.792   48.99938  -16.49990   4080.079   4006.974     2.5367     2.5386  32.816366  32.820357    34.9047    34.9074     1.3443    231.729     1.3089    242.869       8.55    1481.32     119612          1    -0.0377 8.9091e-05    238.190    249.641    27.8809    27.8830         11  0.000e+00
   4983.833   48.99938  -16.49990   4080.161   4007.055     2.5364     2.5384  32.816366  32.820110    34.9050    34.9073     1.3443    231.686     1.3089    242.819       8.55    1481.32     119613          1    -0.0377 8.9091e-05    238.146    249.590    27.8812    27.8828         11  0.000e+00
   4983.875   48.99938  -16.49990   4080.079   4006.975     2.5365     2.5386  32.816177  32.819863    34.9046    34.9068     1.3443    231.636     1.3089    242.763       8.55    1481.32     119614          1    -0.0377 8.9091e-05    238.094    249.532    27.8809    27.8825         11  0.000e+00
   4983.917   48.99938  -16.49990   4080.079   4006.975     2.5365     2.5384  32.816303  32.820048    34.9048    34.9072     1.3455    232.043     1.3089    242.877       8.57    1481.32     119615          1    -0.0377 8.9091e-05    238.512    249.649    27.8810    27.8828         11  0.000e+00
   4983.958   48.99938  -16.49990   4080.161   4007.055     2.5367     2.5386  32.816178  32.820481    34.9044    34.9075     1.3455    232.118     1.3089    242.831       8.55    1481.32     119616          1    -0.0377 8.9091e-05    238.590    249.602    27.8807    27.8830         11  0.000e+00
   4984.000   48.99938  -16.49990   4079.996   4006.895     2.5364     2.5388  32.816303  32.820234    34.9050    34.9071     1.3443    231.728     1.3101    243.306       8.55    1481.32     119617          1    -0.0377 8.9091e-05    238.189    250.091    27.8812    27.8827         11  0.000e+00
   4984.042   48.99938  -16.49990   4080.079   4006.975     2.5365     2.5388  32.816366  32.820357    34.9049    34.9073     1.3443    231.803     1.3089    242.888       8.55    1481.32     119618          1    -0.0377 8.9091e-05    238.266    249.660    27.8810    27.8828         11  0.000e+00
   4984.083   48.99938  -16.49990   4080.079   4006.975     2.5365     2.5388  32.816366  32.820234    34.9049    34.9071     1.3455    232.337     1.3101    243.363       8.55    1481.32     119619          1    -0.0377 8.9091e-05    238.814    250.148    27.8810    27.8827         11  0.000e+00
   4984.125   48.99938  -16.49990   4080.027   4006.925     2.5365     2.5388  32.816366  32.820234    34.9049    34.9071     1.3455    232.409     1.3089    242.933       8.57    1481.32     119620          1    -0.0377 8.9091e-05    238.888    249.707    27.8811    27.8827         11  0.000e+00
   4984.167   48.99938  -16.49990   4079.997   4006.895     2.5365     2.5388  32.816366  32.820172    34.9049    34.9071     1.3455    232.476     1.3089    242.872       8.57    1481.32     119621          1    -0.0377 8.9091e-05    238.958    249.644    27.8811    27.8827         11  0.000e+00
   4984.208   48.99938  -16.49990   4080.079   4006.975     2.5364     2.5386  32.816366  32.820357    34.9050    34.9074     1.3455    232.673     1.3089    242.815       8.55    1481.32     119622          1    -0.0377 8.9091e-05    239.161    249.586    27.8812    27.8830         11  0.000e+00
   4984.250   48.99938  -16.49990   4079.997   4006.895     2.5367     2.5386  32.816366  32.819986    34.9047    34.9070     1.3443    232.278     1.3089    242.753       8.55    1481.32     119623          1    -0.0377 8.9091e-05    238.754    249.522    27.8809    27.8826         11  0.000e+00
   4984.292   48.99938  -16.49990   4079.997   4006.895     2.5364     2.5386  32.816617  32.820172    34.9053    34.9072     1.3443    232.216     1.3089    242.693       8.57    1481.32     119624          1    -0.0377 8.9091e-05    238.690    249.460    27.8814    27.8828         11  0.000e+00
   4984.333   48.99938  -16.49990   4080.079   4006.975     2.5368     2.5388  32.816429  32.819925    34.9046    34.9067     1.3443    232.284     1.3089    242.802       8.55    1481.32     119625          1    -0.0377 8.9091e-05    238.761    249.572    27.8808    27.8824         11  0.000e+00
