Data_example/SBE_Data_Processed/DY130/SeaBird/Data/Batch/DY130_010.ros
* Sea-Bird SBE 9 Data File:
* FileName = C:\Users\sandm\Documents\Cruises\DY130\Data\Raw Data\DY130_010.hex
* Software Version Seasave V 7.26.7.121
* Temperature SN = 03P-5494
* Conductivity SN = 04C-3768
* Number of Bytes Per Scan = 45
* Number of Voltage Words = 4
* Number of Scans Averaged by the Deck Unit = 1
* NMEA Latitude = 48 59.99 N
* NMEA Longitude = 016 30.02 W
* NMEA UTC (Time) = Apr 07 2021  06:50:11
* NMEA baud rate = 9600
** Ship: RRS Discovery
** Cruise: DY130
** Cast: DY130_010
** Station: 065
** Julian Day: 097
** Date: 07/04/2021
** Time (GMT):
** Latitude: 48 59.99 N
** Longitude: 16 30.01 W
** Depth (uncorrected m): 4809
** Principal Scientist: Sue Hart
** Operator: BP/PH
# nquan = 27
# nvalues = 2541                                  
# units = specified
# name 0 = timeS: Time, Elapsed [seconds]
# name 1 = latitude: Latitude [deg]
# name 2 = longitude: Longitude [deg]
# name 3 = prDM: Pressure, Digiquartz [db]
# name 4 = depSM: Depth [salt water, m]
# name 5 = t090C: Temperature [ITS-90, deg C]
# name 6 = t190C: Temperature, 2 [ITS-90, deg C]
# name 7 = c0mS/cm: Conductivity [mS/cm]
# name 8 = c1mS/cm: Conductivity, 2 [mS/cm]
# name 9 = sal00: Salinity, Practical [PSU]
# name 10 = sal11: Salinity, Practical, 2 [PSU]
# name 11 = sbeox0V: Oxygen raw, SBE 43 [V]
# name 12 = sbox0Mm/Kg: Oxygen, SBE 43 [umol/kg]
# name 13 = sbeox1V: Oxygen raw, SBE 43, 2 [V]
# name 14 = sbox1Mm/Kg: Oxygen, SBE 43, 2 [umol/kg]
# name 15 = ptempC: Pressure Temperature [deg C]
# name 16 = altM: Altimeter [m]
# name 17 = scan: Scan Count
# name 18 = pumps: Pump Status
# name 19 = flECO-AFL: Fluorescence, WET Labs ECO-AFL/FL [mg/m^3]
# name 20 = turbWETbb0: Turbidity, WET Labs ECO BB [m^-1/sr]
# name 21 = sbeox0Mm/L: Oxygen, SBE 43 [umol/l]
# name 22 = sbeox1Mm/L: Oxygen, SBE 43, 2 [umol/l]
# name 23 = sigma-é00: Density [sigma-theta, kg/m^3]
# name 24 = sigma-é11: Density, 2 [sigma-theta, kg/m^3]
# name 25 = nbf: Bottles Fired
# name 26 = flag:  0.000e+00
# interval = seconds: 0.0416667
# start_time = Apr 07 2021 06:50:12 [NMEA time, first data scan]
# bad_flag = -9.990e-29
*END*
[from data line 537]
   8962.917   48.99982  -16.50016   2537.377   2500.745     3.2006     3.2009  32.871636  32.875370    34.9442    34.9483     1.6496    251.481     1.5934    263.413       5.44    1480.95     215111          1    -0.0267 9.5928e-05    258.482    270.748    27.8412    27.8445          5  0.000e+00
   8962.958   48.99982  -16.50016   2537.418   2500.785     3.2004     3.2012  32.871825  32.875308    34.9446    34.9479     1.6496    251.492     1.5922    263.099       5.44    1480.95     215112          1    -0.0267 9.5928e-05    258.494    270.425    27.8416    27.8441          5  0.000e+00
   8963.000   48.99984  -16.50016   2537.458   2500.824     3.2006     3.2010  32.872013  32.875308    34.9446    34.9480     1.6496    251.501     1.5934    263.470       5.47    1480.95     215113          1    -0.0267 9.5928e-05    258.503    270.806    27.8416    27.8443          5  0.000e+00
   8963.042   48.99984  -16.50016   2537.458   2500.824     3.2003     3.2014  32.871888  32.875494    34.9448    34.9479     1.6496    251.588     1.5934    263.537       5.44    1481.32     215114          1    -0.0267 9.5928e-05    258.592    270.875    27.8417    27.8441          5  0.000e+00
   8963.083   48.99984  -16.50016   2537.499   2500.864     3.2004     3.2010  32.872076  32.875370    34.9449    34.9481     1.6496    251.600     1.5922    263.219       5.44    1481.32     215115          1    -0.0267 9.5928e-05    258.605    270.548    27.8418    27.8443          5  0.000e+00
   8963.125   48.99984  -16.50016   2537.539   2500.904     3.2004     3.2010  32.871825  32.875494    34.9445    34.9482     1.6496    251.614     1.5922    263.193       5.44    1480.95     215116          1    -0.0267 9.5928e-05    258.620    270.521    27.8415    27.8444          5  0.000e+00
   8963.167   48.99982  -16.50016   2537.610   2500.973     3.2003     3.2012  32.872014  32.875185    34.9449    34.9477     1.6484    251.293     1.5922    263.168       5.44    1481.32     215117          1    -0.0267 9.5928e-05    258.289    270.496    27.8418    27.8439          5  0.000e+00
   8963.208   48.99982  -16.50016   2537.610   2500.973     3.2004     3.2014  32.872328  32.875309    34.9451    34.9476     1.6496    251.570     1.5922    263.140       5.47    1480.95     215118          1    -0.0267 9.5928e-05    258.574    270.467    27.8420    27.8439          5  0.000e+00
   8963.250   48.99982  -16.50016   2537.580   2500.944     3.2004     3.2010  32.871762  32.875494    34.9445    34.9482     1.6496    251.585     1.5922    263.113       5.44    1481.32     215119          1    -0.0267 9.5928e-05    258.590    270.440    27.8414    27.8444          5  0.000e+00
   8963.292   48.99982  -16.50016   2537.610   2500.973     3.2003     3.2014  32.872139  32.875618    34.9450    34.9480     1.6496    251.601     1.5922    263.085       5.44    1481.32     215120          1    -0.0267 9.5928e-05    258.606    270.411    27.8419    27.8442          5  0.000e+00
   8963.333   48.99982  -16.50016   2537.610   2500.973     3.2001     3.2012  32.871762  32.875371    34.9447    34.9479     1.6496    251.618     1.5922    263.060       5.44    1481.32     215121          1    -0.0267 9.5928e-05    258.624    270.384    27.8417    27.8441          5  0.000e+00
   8963.375   48.99982  -16.50016   2537.651   2501.013     3.2003     3.2012  32.871951  32.875309    34.9448    34.9478     1.6496    251.634     1.5922    263.034       5.45    1481.32     215122          1    -0.0267 9.5928e-05    258.640    270.358    27.8418    27.8440          5  0.000e+00
   8963.417   48.99982  -16.50016   2537.762   2501.122     3.2006     3.2014  32.872077  32.875557    34.9445    34.9479     1.6496    251.574     1.5922    263.010       5.44    1481.32     215123          1    -0.0267 9.5928e-05    258.579    270.333    27.8415    27.8441          5  0.000e+00
   8963.458   48.99982  -16.50016   2537.691   2501.053     3.2006     3.2010  32.872140  32.875371    34.9447    34.9480     1.6484    251.248     1.5922    262.983       5.44    1481.32     215124          1    -0.0267 9.5928e-05    258.243    270.305    27.8416    27.8442          5  0.000e+00
   8963.500   48.99982  -16.50016   2537.762   2501.122     3.2004     3.2012  32.872328  32.875309    34.9450    34.9477     1.6496    251.530     1.5922    262.957       5.44    1480.95     215125          1    -0.0267 9.5928e-05    258.533    270.279    27.8419    27.8440          5  0.000e+00
   8963.542   48.99982  -16.50016   2537.732   2501.093     3.2006     3.2014  32.872203  32.875495    34.9447    34.9478     1.6496    251.543     1.5934    263.315       5.44    1481.32     215126          1    -0.0267 9.5928e-05    258.546    270.647    27.8416    27.8440          5  0.000e+00
   8963.583   48.99982  -16.50016   2537.762   2501.122     3.2007     3.2014  32.872077  32.875185    34.9444    34.9474     1.6496    251.559     1.5922    262.991       5.44    1480.95     215127          1    -0.0267 9.5928e-05    258.562    270.314    27.8414    27.8437          5  0.000e+00
   8963.625   48.99982  -16.50016   2537.843   2501.202     3.2004     3.2014  32.872077  32.875433    34.9447    34.9477     1.6496    251.578     1.5922    262.963       5.44    1480.95     215128          1    -0.0267 9.5928e-05    258.583    270.285    27.8417    27.8439          5  0.000e+00
   8963.667   48.99982  -16.50016   2537.762   2501.122     3.2006     3.2012  32.872077  32.875186    34.9445    34.9476     1.6484    251.254     1.5922    262.931       5.45    1480.95     215129          1    -0.0267 9.5928e-05    258.249    270.252    27.8415    27.8439          5  0.000e+00
   8963.708   48.99982  -16.50016   2537.884   2501.241     3.2006     3.2012  32.872077  32.875495    34.9445    34.9479     1.6496    251.539     1.5934    263.387       5.47    1480.95     215130          1    -0.0267 9.5928e-05    258.543    270.721    27.8415    27.8441          5  0.000e+00
   8963.750   48.99982  -16.50016   2537.843   2501.202     3.2009     3.2014  32.872077  32.875557    34.9442    34.9478     1.6496    251.555     1.5922    263.059       5.47    1481.32     215131          1    -0.0267 9.5928e-05    258.558    270.384    27.8412    27.8441          5  0.000e+00
   8963.792   48.99982  -16.50016   2537.762   2501.122     3.2005     3.2012  32.872077  32.875371    34.9447    34.9479     1.6496    251.572     1.5922    263.027       5.47    1480.95     215132          1    -0.0377 9.9347e-05    258.577    270.351    27.8416    27.8441          5  0.000e+00
   8963.833   48.99982  -16.50016   2537.954   2501.311     3.2007     3.2012  32.872078  32.875743    34.9443    34.9482     1.6496    251.520     1.5922    263.002       5.44    1480.95     215133          1    -0.0377 9.9347e-05    258.522    270.325    27.8413    27.8444          5  0.000e+00
   8963.875   48.99982  -16.50016   2537.762   2501.122     3.2007     3.2012  32.872328  32.875680    34.9447    34.9482     1.6496    251.528     1.5922    262.964       5.44    1480.95     215134          1    -0.0377 9.9347e-05    258.531    270.286    27.8416    27.8444          5  0.000e+00
   8963.917   48.99982  -16.50016   2537.914   2501.271     3.2006     3.2012  32.872015  32.875433    34.9444    34.9478     1.6496    251.625     1.5922    262.939       5.45    1480.95     215135          1    -0.0377 9.9347e-05    258.631    270.261    27.8414    27.8441          5  0.000e+00
   8963.958   48.99982  -16.50016   2537.914   2501.271     3.2009     3.2010  32.872015  32.875310    34.9441    34.9478     1.6496    251.642     1.5922    262.910       5.47    1480.95     215136          1    -0.0377 9.9347e-05    258.648    270.230    27.8411    27.8441          5  0.000e+00
   8964.000   48.99984  -16.50016   2537.884   2501.241     3.2007     3.2012  32.871889  32.875310    34.9441    34.9477     1.6496    251.660     1.5922    262.877       5.44    1481.32     215137          1    -0.0377 9.9347e-05    258.667    270.196    27.8412    27.8440          5  0.000e+00
   8964.042   48.99984  -16.50016   2537.914   2501.271     3.2008     3.2012  32.872015  32.875495    34.9442    34.9479     1.6508    252.015     1.5922    262.943       5.44    1481.32     215138          1    -0.0377 9.9347e-05    259.031    270.264    27.8412    27.8441          5  0.000e+00
   8964.083   48.99984  -16.50016   2537.914   2501.271     3.2009     3.2014  32.872329  32.875186    34.9445    34.9474     1.6496    251.765     1.5922    262.916       5.44    1480.95     215139          1    -0.0377 9.9347e-05    258.775    270.236    27.8414    27.8437          5  0.000e+00
   8964.125   48.99984  -16.50016   2537.884   2501.242     3.2007     3.2012  32.872140  32.875681    34.9444    34.9481     1.6496    251.857     1.5922    262.888       5.44    1481.32     215140          1    -0.0377 9.9347e-05    258.869    270.208    27.8414    27.8443          5  0.000e+00
   8964.167   48.99982  -16.50016   2537.914   2501.271     3.2005     3.2012  32.872078  32.875495    34.9446    34.9479     1.6496    251.878     1.5922    262.862       5.44    1480.95     215141          1    -0.0377 9.9347e-05    258.890    270.181    27.8416    27.8441          5  0.000e+00
   8964.208   48.99982  -16.50016   2537.914   2501.271     3.2006     3.2012  32.871826  32.875805    34.9442    34.9483     1.6484    251.560     1.5922    262.834       5.44    1480.95     215142          1    -0.0377 9.9347e-05    258.563    270.153    27.8412    27.8444          5  0.000e+00
   8964.250   48.99982  -16.50016   2537.915   2501.272     3.2007     3.2014  32.872266  32.875433    34.9446    34.9476     1.6496    251.842     1.5934    263.195       5.44    1480.95     215143          1    -0.0377 9.9347e-05    258.854    270.523    27.8415    27.8439          5  0.000e+00
   8964.292   48.99982  -16.50016   2537.955   2501.311     3.2008     3.2014  32.872203  32.875124    34.9444    34.9473     1.6496    251.865     1.5922    262.871       5.44    1480.95     215144          1    -0.0377 9.9347e-05    258.877    270.191    27.8414    27.8436          5  0.000e+00
   8964.333   48.99982  -16.50016   2537.844   2501.202     3.2006     3.2015  32.872077  32.875433    34.9445    34.9475     1.6496    251.884     1.5922    262.835       5.44    1480.95     215145          1    -0.0377 9.9347e-05    258.896    270.153    27.8415    27.8438          5  0.000e+00
   8964.375   48.99982  -16.50016   2537.915   2501.272     3.2007     3.2014  32.872580  32.875619    34.9449    34.9479     1.6496    251.905     1.5922    262.807       5.44    1481.32     215146          1    -0.0377 9.9347e-05    258.919    270.125    27.8418    27.8441          5  0.000e+00
   8964.417   48.99982  -16.50016   2537.884   2501.242     3.2008     3.2013  32.872454  32.875433    34.9447    34.9477     1.6496    251.925     1.5922    262.776       5.45    1481.32     215147          1    -0.0377 9.9347e-05    258.939    270.093    27.8416    27.8440          5  0.000e+00
   8964.458   48.99982  -16.50016   2537.915   2501.272     3.2006     3.2014  32.872203  32.875743    34.9446    34.9480     1.6484    251.613     1.5922    262.745       5.47    1481.32     215148          1    -0.0377 9.9347e-05    258.619    270.061    27.8416    27.8442          5  0.000e+00
   8964.500   48.99982  -16.50016   2537.844   2501.202     3.2006     3.2015  32.872077  32.875681    34.9445    34.9478     1.6484    251.563     1.5922    262.711       5.44    1481.32     215149          1    -0.0377 9.9347e-05    258.567    270.026    27.8415    27.8440          5  0.000e+00
   8964.542   48.99982  -16.50016   2537.915   2501.272     3.2006     3.2014  32.872329  32.875372    34.9447    34.9476     1.6496    251.855     1.5922    262.684       5.44    1480.95     215150          1    -0.0377 9.9347e-05    258.867    269.998    27.8417    27.8439          5  0.000e+00
   8964.583   48.99982  -16.50016   2537.885   2501.242     3.2006     3.2012  32.872140  32.875557    34.9446    34.9480     1.6496    251.806     1.5922    262.749       5.44    1481.32     215151          1    -0.0377 9.9347e-05    258.817    270.065    27.8415    27.8442          5  0.000e+00
   8964.625   48.99982  -16.50016   2537.844   2501.203     3.2007     3.2014  32.872077  32.875557    34.9444    34.9478     1.6508    252.089     1.5922    262.720       5.44    1481.32     215152          1    -0.0377 9.9347e-05    259.107    270.035    27.8413    27.8441          5  0.000e+00
   8964.667   48.99982  -16.50016   2537.844   2501.203     3.2008     3.2015  32.872517  32.875371    34.9448    34.9474     1.6496    251.766     1.5922    262.789       5.44    1481.32     215153          1    -0.0377 9.9347e-05    258.776    270.106    27.8417    27.8437          5  0.000e+00
   8964.708   48.99982  -16.50016   2537.885   2501.242     3.2007     3.2019  32.872266  32.875371    34.9446    34.9471     1.6496    251.859     1.5922    262.765       5.44    1481.32     215154          1    -0.0377 9.9347e-05    258.872    270.082    27.8415    27.8434          5  0.000e+00
   8964.750   48.99982  -16.50016   2537.764   2501.124     3.2007     3.2015  32.872140  32.875495    34.9445    34.9476     1.6496    251.874     1.5922    262.739       5.47    1481.32     215155          1    -0.0377 9.9347e-05    258.886    270.055    27.8414    27.8439          5  0.000e+00
   8964.792   48.99982  -16.50016   2537.844   2501.203     3.2006     3.2015  32.872077  32.875371    34.9445    34.9474     1.6484    251.559     1.5934    263.107       5.44    1481.32     215156          1    -0.0377 9.9347e-05    258.563    270.432    27.8415    27.8437          5  0.000e+00
   8964.833   48.99982  -16.50016   2537.764   2501.124     3.2009     3.2017  32.872077  32.875495    34.9442    34.9475     1.6484    251.428     1.5922    262.781       5.44    1480.95     215157          1    -0.0377 9.5928e-05    258.428    270.098    27.8412    27.8437          5  0.000e+00
   8964.875   48.99982  -16.50016   2537.804   2501.163     3.2006     3.2015  32.872077  32.875619    34.9445    34.9478     1.6496    251.640     1.5922    262.756       5.44    1480.95     215158          1    -0.0267 9.0800e-05    258.646    270.072    27.8415    27.8440          5  0.000e+00
   8964.917   48.99982  -16.50016   2537.764   2501.124     3.2008     3.2015  32.872077  32.875557    34.9443    34.9477     1.6496    251.655     1.5922    262.728       5.44    1481.32     215159          1    -0.0267 9.0800e-05    258.662    270.043    27.8413    27.8439          5  0.000e+00
   8964.958   48.99982  -16.50016   2537.764   2501.124     3.2007     3.2014  32.872077  32.875371    34.9444    34.9476     1.6496    251.674     1.5922    262.798       5.45    1481.32     215160          1    -0.0267 9.0800e-05    258.681    270.116    27.8414    27.8439          5  0.000e+00
   8965.000   48.99982  -16.50016   2537.734   2501.094     3.2006     3.2015  32.871888  32.875371    34.9444    34.9475     1.6496    251.692     1.5922    262.773       5.44    1481.32     215161          1    -0.0267 9.0800e-05    258.700    270.090    27.8414    27.8438          5  0.000e+00
   8965.042   48.99984  -16.50016   2537.693   2501.055     3.2008     3.2017  32.871763  32.875495    34.9440    34.9475     1.6496    251.708     1.5922    262.844       5.44    1481.32     215162          1    -0.0267 9.0800e-05    258.716    270.162    27.8411    27.8438          5  0.000e+00
   8965.083   48.99984  -16.50016   2537.764   2501.124     3.2006     3.2015  32.872014  32.875371    34.9445    34.9475     1.6496    251.730     1.5922    262.925       5.44    1480.95     215163          1    -0.0267 9.0800e-05    258.738    270.246    27.8415    27.8438          5  0.000e+00
