Data_example/SBE_Data_Processed/DY130/SeaBird/Data/Batch/DY130_010.ros
* Sea-Bird SBE 9 Data File:
* FileName = C:\Users\sandm\Documents\Cruises\DY130\Data\Raw Data\DY130_010.hex
* Software Version Seasave V 7.26.7.121
* Temperature SN = 03P-5494
* Conductivity SN = 04C-3768
* Number of Bytes Per Scan = 45
* Number of Voltage Words = 4
* Number of Scans Averaged by the Deck Unit = 1
* NMEA Latitude = 48 59.99 N
* NMEA Longitude = 016 30.02 W
* NMEA UTC (Time) = Apr 07 2021  06:50:11
* NMEA baud rate = 9600
** Ship: RRS Discovery
** Cruise: DY130
** Cast: DY130_010
** Station: 065
** Julian Day: 097
** Date: 07/04/2021
** Time (GMT):
** Latitude: 48 59.99 N
** Longitude: 16 30.01 W
** Depth (uncorrected m): 4809
** Principal Scientist: Sue Hart
** Operator: BP/PH
# nquan = 27
# nvalues = 2541                                  
# units = specified
# name 0 = timeS: Time, Elapsed [seconds]
# name 1 = latitude: Latitude [deg]
# name 2 = longitude: Longitude [deg]
# name 3 = prDM: Pressure, Digiquartz [db]
# name 4 = depSM: Depth [salt water, m]
# name 5 = t090C: Temperature [ITS-90, deg C]
# name 6 = t190C: Temperature, 2 [ITS-90, deg C]
# name 7 = c0mS/cm: Conductivity [mS/cm]
# name 8 = c1mS/cm: Conductivity, 2 [mS/cm]
# name 9 = sal00: Salinity, Practical [PSU]
# name 10 = sal11: Salinity, Practical, 2 [PSU]
# name 11 = sbeox0V: Oxygen raw, SBE 43 [V]
# name 12 = sbox0Mm/Kg: Oxygen, SBE 43 [umol/kg]
# name 13 = sbeox1V: Oxygen raw, SBE 43, 2 [V]
# name 14 = sbox1Mm/Kg: Oxygen, SBE 43, 2 [umol/kg]
# name 15 = ptempC: Pressure Temperature [deg C]
# name 16 = altM: Altimeter [m]
# name 17 = scan: Scan Count
# name 18 = pumps: Pump Status
# name 19 = flECO-AFL: Fluorescence, WET Labs ECO-AFL/FL [mg/m^3]
# name 20 = turbWETbb0: Turbidity, WET Labs ECO BB [m^-1/sr]
# name 21 = sbeox0Mm/L: Oxygen, SBE 43 [umol/l]
# name 22 = sbeox1Mm/L: Oxygen, SBE 43, 2 [umol/l]
# name 23 = sigma-é00: Density [sigma-theta, kg/m^3]
# name 24 = sigma-é11: Density, 2 [sigma-theta, kg/m^3]
# name 25 = nbf: Bottles Fired
# name 26 = flag:  0.000e+00
# interval = seconds: 0.0416667
# start_time = Apr 07 2021 06:50:12 [NMEA time, first data scan]
# bad_flag = -9.990e-29
*END*
[from data line 752]
  11301.542   48.99982  -16.50016   1823.807   1800.477     3.8425     3.8468  33.145459  33.152087    34.9281    34.9314     1.8498    264.044     1.7778    275.451       4.88    1480.95     271238          1    -0.0377 9.7638e-05    271.374    283.098    27.7605    27.7627          7  0.000e+00
  11301.583   48.99982  -16.50016   1823.867   1800.536     3.8427     3.8467  33.145459  33.152088    34.9279    34.9315     1.8498    264.063     1.7778    275.425       4.88    1481.32     271239          1    -0.0377 9.7638e-05    271.394    283.071    27.7603    27.7628          7  0.000e+00
  11301.625   48.99982  -16.50016   1823.807   1800.477     3.8424     3.8465  33.145459  33.152087    34.9283    34.9317     1.8510    264.372     1.7790    275.728       4.88    1481.32     271240          1    -0.0377 9.7638e-05    271.711    283.383    27.7607    27.7630          7  0.000e+00
  11301.667   48.99982  -16.50016   1823.957   1800.624     3.8424     3.8466  33.145208  33.151840    34.9279    34.9313     1.8498    264.158     1.7790    275.771       4.88    1481.32     271241          1    -0.0377 9.7638e-05    271.491    283.427    27.7604    27.7626          7  0.000e+00
  11301.708   48.99982  -16.50016   1823.877   1800.546     3.8424     3.8465  33.145144  33.151839    34.9279    34.9314     1.8498    264.114     1.7790    275.877       4.88    1481.32     271242          1    -0.0377 9.7638e-05    271.446    283.536    27.7603    27.7627          7  0.000e+00
  11301.750   48.99982  -16.50016   1823.867   1800.536     3.8422     3.8467  33.144955  33.152025    34.9278    34.9315     1.8498    264.072     1.7790    275.910       4.88    1480.95     271243          1    -0.0377 9.7638e-05    271.402    283.570    27.7603    27.7628          7  0.000e+00
  11301.792   48.99982  -16.50016   1823.957   1800.624     3.8423     3.8465  33.145271  33.152274    34.9281    34.9319     1.8498    264.085     1.7790    275.946       4.88    1481.32     271244          1    -0.0377 9.7638e-05    271.416    283.607    27.7605    27.7631          7  0.000e+00
  11301.833   48.99982  -16.50016   1823.957   1800.624     3.8420     3.8467  33.144955  33.152150    34.9280    34.9316     1.8498    264.099     1.7790    275.974       4.88    1481.32     271245          1    -0.0377 9.7638e-05    271.430    283.636    27.7604    27.7628          7  0.000e+00
  11301.875   48.99982  -16.50016   1823.937   1800.605     3.8423     3.8467  33.144829  33.152274    34.9276    34.9317     1.8498    264.108     1.7790    275.999       4.88    1481.32     271246          1    -0.0377 9.7638e-05    271.440    283.662    27.7601    27.7630          7  0.000e+00
  11301.917   48.99982  -16.50016   1823.957   1800.624     3.8421     3.8465  33.145082  33.152398    34.9281    34.9320     1.8498    264.121     1.7790    276.024       4.88    1480.95     271247          1    -0.0377 9.7638e-05    271.453    283.687    27.7605    27.7632          7  0.000e+00
  11301.958   48.99982  -16.50016   1824.027   1800.693     3.8420     3.8465  33.145145  33.152150    34.9282    34.9317     1.8498    264.078     1.7790    276.048       4.88    1481.32     271248          1    -0.0377 9.7638e-05    271.409    283.712    27.7606    27.7630          7  0.000e+00
  11302.000   48.99982  -16.50016   1824.027   1800.693     3.8423     3.8464  33.144893  33.151902    34.9276    34.9316     1.8498    264.086     1.7790    276.067       4.88    1481.32     271249          1    -0.0377 9.7638e-05    271.417    283.731    27.7602    27.7629          7  0.000e+00
  11302.042   48.99982  -16.50016   1824.017   1800.683     3.8420     3.8464  33.144640  33.151778    34.9276    34.9314     1.8498    264.039     1.7790    276.081       4.88    1481.32     271250          1    -0.0377 9.7638e-05    271.369    283.746    27.7601    27.7628          7  0.000e+00
  11302.083   48.99982  -16.50016   1824.177   1800.841     3.8421     3.8459  33.144767  33.151530    34.9276    34.9316     1.8498    264.051     1.7790    276.102       4.88    1480.95     271251          1    -0.0377 9.7638e-05    271.382    283.768    27.7601    27.7629          7  0.000e+00
  11302.125   48.99984  -16.50016   1824.107   1800.772     3.8421     3.8459  33.144578  33.151654    34.9274    34.9318     1.8498    263.999     1.7790    276.108       4.88    1481.32     271252          1    -0.0377 9.7638e-05    271.328    283.774    27.7600    27.7631          7  0.000e+00
  11302.167   48.99984  -16.50016   1824.107   1800.772     3.8419     3.8459  33.144956  33.151282    34.9280    34.9313     1.8498    264.003     1.7790    276.115       4.88    1481.32     271253          1    -0.0377 9.7638e-05    271.332    283.781    27.7605    27.7627          7  0.000e+00
  11302.208   48.99984  -16.50016   1824.087   1800.752     3.8421     3.8456  33.144956  33.151344    34.9279    34.9317     1.8486    263.716     1.7790    276.192       4.88    1481.32     271254          1    -0.0377 9.7638e-05    271.037    283.859    27.7603    27.7631          7  0.000e+00
  11302.250   48.99984  -16.50016   1824.257   1800.920     3.8419     3.8454  33.144830  33.150972    34.9278    34.9314     1.8498    263.965     1.7790    276.203       4.88    1481.32     271255          1    -0.0377 9.7638e-05    271.293    283.871    27.7603    27.7628          7  0.000e+00
  11302.292   48.99982  -16.50016   1824.177   1800.841     3.8419     3.8451  33.145019  33.150723    34.9281    34.9314     1.8498    263.912     1.7790    276.202       4.88    1480.95     271256          1    -0.0377 9.7638e-05    271.238    283.870    27.7605    27.7629          7  0.000e+00
  11302.333   48.99982  -16.50016   1824.237   1800.900     3.8419     3.8450  33.144893  33.150599    34.9279    34.9314     1.8498    263.919     1.7790    276.202       4.88    1481.32     271257          1    -0.0267 9.9347e-05    271.245    283.871    27.7604    27.7629          7  0.000e+00
  11302.375   48.99982  -16.50016   1824.327   1800.989     3.8418     3.8450  33.145083  33.150600    34.9282    34.9314     1.8498    263.927     1.7778    275.866       4.88    1481.32     271258          1    -0.0267 1.0106e-04    271.254    283.525    27.7607    27.7628          7  0.000e+00
  11302.417   48.99982  -16.50016   1824.327   1800.989     3.8418     3.8447  33.145398  33.150786    34.9286    34.9319     1.8498    263.873     1.7790    276.125       4.88    1481.32     271259          1    -0.0267 1.0106e-04    271.199    283.792    27.7610    27.7633          7  0.000e+00
  11302.458   48.99982  -16.50016   1824.257   1800.920     3.8419     3.8447  33.144704  33.150848    34.9276    34.9320     1.8486    263.583     1.7790    276.114       4.88    1481.32     271260          1    -0.0267 1.0106e-04    270.900    283.780    27.7602    27.7634          7  0.000e+00
  11302.500   48.99982  -16.50016   1824.388   1801.048     3.8418     3.8445  33.144957  33.150414    34.9281    34.9316     1.8486    263.538     1.7790    276.109       4.88    1481.32     271261          1    -0.0267 1.0106e-04    270.854    283.775    27.7605    27.7631          7  0.000e+00
  11302.542   48.99982  -16.50016   1824.408   1801.067     3.8419     3.8447  33.144957  33.150352    34.9279    34.9314     1.8498    263.780     1.7778    275.761       4.88    1481.32     271262          1    -0.0267 1.0106e-04    271.103    283.417    27.7604    27.7629          7  0.000e+00
  11302.583   48.99982  -16.50016   1824.478   1801.136     3.8418     3.8440  33.145272  33.149855    34.9284    34.9314     1.8498    263.790     1.7790    276.017       4.88    1480.95     271263          1    -0.0267 1.0106e-04    271.113    283.681    27.7608    27.7630          7  0.000e+00
  11302.625   48.99982  -16.50016   1824.468   1801.126     3.8418     3.8437  33.144957  33.149855    34.9280    34.9318     1.8498    263.797     1.7778    275.668       4.88    1481.32     271264          1    -0.0267 1.0106e-04    271.120    283.321    27.7605    27.7633          7  0.000e+00
  11302.667   48.99982  -16.50016   1824.478   1801.136     3.8419     3.8439  33.145020  33.149731    34.9279    34.9314     1.8498    263.803     1.7790    275.914       4.88    1481.32     271265          1    -0.0267 1.0106e-04    271.126    283.574    27.7604    27.7630          7  0.000e+00
  11302.708   48.99982  -16.50016   1824.478   1801.136     3.8418     3.8435  33.144957  33.149669    34.9280    34.9317     1.8498    263.811     1.7790    275.895       4.88    1481.32     271266          1    -0.0267 1.0106e-04    271.134    283.555    27.7605    27.7633          7  0.000e+00
  11302.750   48.99982  -16.50016   1824.628   1801.284     3.8418     3.8439  33.144832  33.150352    34.9278    34.9321     1.8498    263.823     1.7790    275.874       4.88    1481.32     271267          1    -0.0267 1.0106e-04    271.147    283.533    27.7603    27.7635          7  0.000e+00
  11302.792   48.99982  -16.50016   1824.548   1801.205     3.8418     3.8448  33.144831  33.151221    34.9278    34.9321     1.8498    263.827     1.7790    275.910       4.88    1480.95     271268          1    -0.0267 1.0106e-04    271.151    283.570    27.7604    27.7635          7  0.000e+00
  11302.833   48.99982  -16.50016   1824.628   1801.284     3.8419     3.8452  33.145021  33.151532    34.9278    34.9320     1.8498    263.893     1.7790    275.884       4.88    1481.32     271269          1    -0.0267 1.0106e-04    271.219    283.543    27.7604    27.7634          7  0.000e+00
  11302.875   48.99982  -16.50016   1824.628   1801.284     3.8420     3.8452  33.145147  33.151469    34.9279    34.9320     1.8498    263.902     1.7790    275.927       4.88    1480.95     271270          1    -0.0267 1.0106e-04    271.228    283.588    27.7604    27.7633          7  0.000e+00
  11302.917   48.99982  -16.50016   1824.628   1801.284     3.8418     3.8452  33.144895  33.150973    34.9279    34.9314     1.8510    264.204     1.7790    275.899       4.88    1481.32     271271          1    -0.0267 1.0106e-04    271.538    283.559    27.7604    27.7628          7  0.000e+00
  11302.958   48.99982  -16.50016   1824.698   1801.353     3.8418     3.8451  33.144832  33.151532    34.9278    34.9321     1.8498    263.977     1.7790    275.869       4.88    1480.95     271272          1    -0.0267 1.0106e-04    271.305    283.528    27.7603    27.7634          7  0.000e+00
  11303.000   48.99982  -16.50016   1824.708   1801.363     3.8416     3.8459  33.145084  33.152214    34.9282    34.9321     1.8498    263.927     1.7790    275.902       4.88    1481.32     271273          1    -0.0267 1.0106e-04    271.254    283.562    27.7607    27.7634          7  0.000e+00
  11303.042   48.99982  -16.50016   1824.778   1801.432     3.8416     3.8468  33.145147  33.152773    34.9283    34.9317     1.8498    263.877     1.7778    275.529       4.88    1481.32     271274          1    -0.0267 1.0106e-04    271.202    283.178    27.7607    27.7630          7  0.000e+00
  11303.083   48.99982  -16.50016   1824.778   1801.432     3.8416     3.8473  33.145147  33.153146    34.9283    34.9317     1.8498    263.879     1.7790    275.754       4.88    1481.32     271275          1    -0.0267 1.0106e-04    271.205    283.409    27.7607    27.7629          7  0.000e+00
  11303.125   48.99984  -16.50016   1824.848   1801.501     3.8416     3.8470  33.144895  33.152898    34.9279    34.9317     1.8498    263.885     1.7790    275.794       4.88    1481.32     271276          1    -0.0267 1.0106e-04    271.210    283.450    27.7605    27.7629          7  0.000e+00
  11303.167   48.99984  -16.50016   1824.858   1801.511     3.8416     3.8467  33.145084  33.152029    34.9281    34.9310     1.8498    263.887     1.7790    275.760       4.88    1481.32     271277          1    -0.0267 1.0106e-04    271.213    283.416    27.7606    27.7624          7  0.000e+00
  11303.208   48.99984  -16.50016   1824.858   1801.511     3.8416     3.8465  33.145147  33.152401    34.9282    34.9317     1.8498    263.889     1.7790    275.720       4.88    1481.32     271278          1    -0.0267 1.0277e-04    271.215    283.374    27.7607    27.7629          7  0.000e+00
  11303.250   48.99984  -16.50016   1824.919   1801.570     3.8414     3.8462  33.145148  33.151967    34.9284    34.9314     1.8498    263.894     1.7790    275.754       4.88    1481.32     271279          1    -0.0267 1.0106e-04    271.220    283.409    27.7608    27.7628          7  0.000e+00
  11303.292   48.99982  -16.50016   1824.929   1801.579     3.8416     3.8459  33.145148  33.151967    34.9282    34.9317     1.8498    263.896     1.7790    275.712       4.88    1481.32     271280          1    -0.0267 1.0106e-04    271.222    283.367    27.7607    27.7631          7  0.000e+00
  11303.333   48.99982  -16.50016   1825.009   1801.658     3.8418     3.8462  33.144707  33.152277    34.9275    34.9317     1.8498    263.901     1.7790    275.666       4.88    1480.95     271281          1    -0.0267 1.0106e-04    271.227    283.319    27.7601    27.7630          7  0.000e+00
  11303.375   48.99982  -16.50016   1824.929   1801.579     3.8416     3.8468  33.144959  33.152898    34.9280    34.9318     1.8498    263.901     1.7790    275.608       4.88    1480.95     271282          1    -0.0267 9.9347e-05    271.227    283.260    27.7605    27.7630          7  0.000e+00
  11303.417   48.99982  -16.50016   1825.069   1801.717     3.8418     3.8473  33.145148  33.153457    34.9280    34.9319     1.8498    263.907     1.7790    275.629       4.88    1481.32     271283          1    -0.0377 9.5928e-05    271.233    283.282    27.7605    27.7631          7  0.000e+00
  11303.458   48.99982  -16.50016   1825.089   1801.737     3.8416     3.8479  33.145337  33.153953    34.9283    34.9318     1.8498    263.910     1.7790    275.646       4.88    1481.32     271284          1    -0.0377 9.4219e-05    271.237    283.298    27.7608    27.7629          7  0.000e+00
  11303.500   48.99982  -16.50016   1825.009   1801.658     3.8414     3.8485  33.145022  33.154139    34.9282    34.9315     1.8498    263.912     1.7778    275.326       4.88    1480.95     271285          1    -0.0377 9.4219e-05    271.238    282.970    27.7607    27.7626          7  0.000e+00
  11303.542   48.99982  -16.50016   1825.089   1801.737     3.8416     3.8485  33.145085  33.154326    34.9280    34.9316     1.8498    263.916     1.7778    275.209       4.88    1481.32     271286          1    -0.0377 9.4219e-05    271.242    282.849    27.7605    27.7627          7  0.000e+00
  11303.583   48.99982  -16.50016   1825.149   1801.796     3.8416     3.8489  33.145148  33.154450    34.9281    34.9314     1.8486    263.629     1.7790    275.423       4.88    1481.32     271287          1    -0.0377 9.4219e-05    270.948    283.069    27.7606    27.7625          7  0.000e+00
  11303.625   48.99982  -16.50016   1825.159   1801.806     3.8414     3.8490  33.145338  33.154450    34.9285    34.9312     1.8498    263.870     1.7790    275.370       4.88    1481.32     271288          1    -0.0377 9.4219e-05    271.195    283.015    27.7609    27.7624          7  0.000e+00
  11303.667   48.99982  -16.50016   1825.159   1801.806     3.8416     3.8489  33.145275  33.154760    34.9282    34.9318     1.8498    263.931     1.7790    275.387       4.88    1481.32     271289          1    -0.0377 9.4219e-05    271.258    283.033    27.7607    27.7628          7  0.000e+00
  11303.708   48.99982  -16.50016   1825.239   1801.885     3.8414     3.8489  33.144897  33.154761    34.9279    34.9317     1.8498    263.943     1.7790    275.408       4.88    1481.32     271290          1    -0.0377 9.4219e-05    271.270    283.054    27.7605    27.7628          7  0.000e+00
