Data_example/SBE_Data_Processed/DY130/SeaBird/Data/Batch/DY130_014.ros
* Sea-Bird SBE 9 Data File:
* FileName = C:\Users\sandm\Documents\Cruises\DY130\Data\Raw Data\DY130_014.hex
* Software Version Seasave V 7.26.7.121
* Temperature SN = 03P-5494
* Conductivity SN = 04C-3768
* Number of Bytes Per Scan = 45
* Number of Voltage Words = 4
* Number of Scans Averaged by the Deck Unit = 1
* NMEA Latitude = 49 15.62 N
* NMEA Longitude = 014 30.22 W
* NMEA UTC (Time) = Apr 12 2021  01:21:29
* NMEA baud rate = 9600
** Ship: RRS Discovery
** Cruise: DY130
** Cast: 014
** Station: 080
** Julian Day: 102
** Date: 12/04/2021
** Time (GMT): 01:21
** Latitude: 49 15.62N
** Longitude: 14 30.21W
** Depth (uncorrected m): 4493
** Principal Scientist: Sue Hart
** Operator: BP/PH
# nquan = 27
# nvalues = 2904                                  
# units = specified
# name 0 = timeS: Time, Elapsed [seconds]
# name 1 = latitude: Latitude [deg]
# name 2 = longitude: Longitude [deg]
# name 3 = prDM: Pressure, Digiquartz [db]
# name 4 = depSM: Depth [salt water, m]
# name 5 = t090C: Temperature [ITS-90, deg C]
# name 6 = t190C: Temperature, 2 [ITS-90, deg C]
# name 7 = c0mS/cm: Conductivity [mS/cm]
# name 8 = c1mS/cm: Conductivity, 2 [mS/cm]
# name 9 = sal00: Salinity, Practical [PSU]
# name 10 = sal11: Salinity, Practical, 2 [PSU]
# name 11 = sbeox0V: Oxygen raw, SBE 43 [V]
# name 12 = sbox0Mm/Kg: Oxygen, SBE 43 [umol/kg]
# name 13 = sbeox1V: Oxygen raw, SBE 43, 2 [V]
# name 14 = sbox1Mm/Kg: Oxygen, SBE 43, 2 [umol/kg]
# name 15 = ptempC: Pressure Temperature [deg C]
# name 16 = altM: Altimeter [m]
# name 17 = scan: Scan Count
# name 18 = pumps: Pump Status
# name 19 = flECO-AFL: Fluorescence, WET Labs ECO-AFL/FL [mg/m^3]
# name 20 = turbWETbb0: Turbidity, WET Labs ECO BB [m^-1/sr]
# name 21 = sbeox0Mm/L: Oxygen, SBE 43 [umol/l]
# name 22 = sbeox1Mm/L: Oxygen, SBE 43, 2 [umol/l]
# name 23 = sigma-é00: Density [sigma-theta, kg/m^3]
# name 24 = sigma-é11: Density, 2 [sigma-theta, kg/m^3]
# name 25 = nbf: Bottles Fired
# name 26 = flag:  0.000e+00
# interval = seconds: 0.0416667
# start_time = Apr 12 2021 01:21:29 [NMEA time, first data scan]
# bad_flag = -9.990e-29
*END*
[from data line 1880]
   4905.667   49.25804  -14.50142     79.561     78.869    11.6123    11.6128  40.208253  40.212548    35.5386    35.5423     2.5458    260.766     2.4274    270.565      10.56    1481.68     117737          1     0.4787 1.8653e-04    267.828    277.894    27.0834    27.0862         16  0.000e+00
   4905.708   49.25804  -14.50142     79.640     78.947    11.6122    11.6129  40.207846  40.212414    35.5382    35.5420     2.5458    260.780     2.4274    270.567      10.56    1481.32     117738          1     0.4678 1.8653e-04    267.843    277.895    27.0832    27.0860         16  0.000e+00
   4905.750   49.25804  -14.50142     79.561     78.869    11.6123    11.6126  40.207709  40.212079    35.5380    35.5420     2.5458    260.770     2.4274    270.565      10.56    1481.68     117739          1     0.4458 1.8482e-04    267.832    277.894    27.0830    27.0860         16  0.000e+00
   4905.792   49.25804  -14.50142     79.708     79.015    11.6125    11.6129  40.207914  40.212013    35.5380    35.5416     2.5458    260.785     2.4274    270.568      10.56    1481.32     117740          1     0.4458 1.8482e-04    267.847    277.897    27.0829    27.0856         16  0.000e+00
   4905.833   49.25804  -14.50142     79.561     78.869    11.6126    11.6128  40.208049  40.212481    35.5381    35.5423     2.5458    260.791     2.4274    270.562      10.56    1481.32     117741          1     0.4458 1.8311e-04    267.854    277.890    27.0829    27.0862         16  0.000e+00
   4905.875   49.25804  -14.50142     79.640     78.947    11.6124    11.6126  40.207506  40.212146    35.5377    35.5420     2.5458    260.808     2.4274    270.565      10.56    1481.68     117742          1     0.4348 1.8482e-04    267.871    277.893    27.0827    27.0860         16  0.000e+00
   4905.917   49.25804  -14.50142     79.718     79.025    11.6122    11.6126  40.207370  40.212214    35.5377    35.5421     2.5458    260.807     2.4274    270.567      10.56    1481.68     117743          1     0.4458 1.8311e-04    267.870    277.895    27.0828    27.0861         16  0.000e+00
   4905.958   49.25804  -14.50142     79.640     78.947    11.6117    11.6126  40.207370  40.212079    35.5382    35.5420     2.5458    260.801     2.4274    270.563      10.56    1481.68     117744          1     0.4348 1.8311e-04    267.864    277.892    27.0832    27.0860         16  0.000e+00
   4906.000   49.25804  -14.50142     79.708     79.015    11.6115    11.6125  40.207370  40.212013    35.5383    35.5420     2.5458    260.817     2.4274    270.565      10.56    1481.32     117745          1     0.4458 1.8311e-04    267.881    277.894    27.0834    27.0860         16  0.000e+00
   4906.042   49.25804  -14.50142     79.640     78.947    11.6117    11.6126  40.207370  40.212481    35.5382    35.5424     2.5458    260.828     2.4274    270.561      10.56    1481.68     117746          1     0.4458 1.8482e-04    267.892    277.889    27.0832    27.0863         16  0.000e+00
   4906.083   49.25804  -14.50142     79.561     78.869    11.6119    11.6124  40.207369  40.211878    35.5381    35.5420     2.5458    260.840     2.4274    270.559      10.56    1481.68     117747          1     0.4348 1.8311e-04    267.904    277.887    27.0831    27.0860         16  0.000e+00
   4906.125   49.25804  -14.50142     79.787     79.093    11.6119    11.6123  40.207574  40.211879    35.5381    35.5420     2.5470    261.035     2.4274    270.566      10.56    1481.68     117748          1     0.4458 1.8311e-04    268.105    277.895    27.0831    27.0861         16  0.000e+00
   4906.167   49.25804  -14.50142     79.708     79.015    11.6120    11.6121  40.207438  40.211745    35.5379    35.5421     2.5458    260.894     2.4274    270.564      10.56    1481.68     117749          1     0.4458 1.8311e-04    267.959    277.892    27.0830    27.0862         16  0.000e+00
   4906.208   49.25804  -14.50142     79.708     79.015    11.6117    11.6119  40.207370  40.211678    35.5382    35.5422     2.5458    260.893     2.4274    270.564      10.56    1481.68     117750          1     0.4458 1.8482e-04    267.958    277.892    27.0832    27.0863         16  0.000e+00
   4906.250   49.25804  -14.50142     79.640     78.947    11.6120    11.6122  40.207846  40.211409    35.5384    35.5418     2.5470    261.058     2.4274    270.560      10.56    1481.68     117751          1     0.4458 1.8311e-04    268.129    277.888    27.0833    27.0859         16  0.000e+00
   4906.292   49.25804  -14.50142     79.718     79.025    11.6123    11.6121  40.208254  40.211812    35.5385    35.5422     2.5470    261.074     2.4261    270.367      10.56    1481.68     117752          1     0.4458 1.8311e-04    268.145    277.690    27.0834    27.0862         16  0.000e+00
   4906.333   49.25804  -14.50142     79.708     79.015    11.6127    11.6123  40.208390  40.211745    35.5382    35.5420     2.5458    260.914     2.4274    270.538      10.56    1481.68     117753          1     0.4458 1.8311e-04    267.980    277.865    27.0831    27.0860         16  0.000e+00
   4906.375   49.25804  -14.50142     79.708     79.015    11.6126    11.6120  40.208594  40.211678    35.5385    35.5422     2.5470    261.083     2.4274    270.539      10.56    1481.68     117754          1     0.4348 1.8311e-04    268.154    277.867    27.0833    27.0863         16  0.000e+00
   4906.417   49.25804  -14.50142     79.777     79.083    11.6127    11.6121  40.208458  40.211410    35.5383    35.5417     2.5470    261.098     2.4261    270.347      10.56    1481.32     117755          1     0.4458 1.8482e-04    268.170    277.669    27.0831    27.0859         16  0.000e+00
   4906.458   49.25804  -14.50142     79.708     79.015    11.6126    11.6121  40.208118  40.211812    35.5381    35.5422     2.5470    261.110     2.4274    270.516      10.56    1481.68     117756          1     0.4458 1.8311e-04    268.181    277.844    27.0829    27.0862         16  0.000e+00
   4906.500   49.25800  -14.50150     79.718     79.025    11.6125    11.6122  40.208254  40.211477    35.5383    35.5418     2.5470    261.141     2.4274    270.518      10.56    1481.68     117757          1     0.4458 1.8482e-04    268.213    277.845    27.0831    27.0859         16  0.000e+00
   4906.542   49.25800  -14.50150     79.777     79.083    11.6126    11.6123  40.208118  40.211544    35.5380    35.5417     2.5470    261.155     2.4274    270.521      10.56    1481.68     117758          1     0.4348 1.8482e-04    268.227    277.848    27.0829    27.0859         16  0.000e+00
   4906.583   49.25800  -14.50150     79.708     79.015    11.6125    11.6123  40.208254  40.211678    35.5383    35.5419     2.5470    261.182     2.4274    270.519      10.56    1481.68     117759          1     0.4348 1.8311e-04    268.256    277.846    27.0831    27.0860         16  0.000e+00
   4906.625   49.25800  -14.50150     79.777     79.083    11.6126    11.6122  40.208390  40.211410    35.5383    35.5417     2.5470    261.214     2.4274    270.523      10.56    1481.68     117760          1     0.4458 1.8311e-04    268.289    277.850    27.0831    27.0859         16  0.000e+00
   4906.667   49.25804  -14.50142     79.708     79.015    11.6125    11.6119  40.208390  40.211544    35.5384    35.5421     2.5470    261.223     2.4274    270.522      10.56    1481.32     117761          1     0.4458 1.8311e-04    268.298    277.850    27.0832    27.0862         16  0.000e+00
   4906.708   49.25804  -14.50142     79.787     79.093    11.6124    11.6121  40.208118  40.211879    35.5382    35.5422     2.5482    261.410     2.4274    270.525      10.56    1481.68     117762          1     0.4458 1.8311e-04    268.489    277.852    27.0831    27.0863         16  0.000e+00
   4906.750   49.25804  -14.50142     79.708     79.015    11.6125    11.6123  40.208526  40.211477    35.5386    35.5417     2.5470    261.260     2.4274    270.546      10.56    1481.68     117763          1     0.4458 1.8311e-04    268.336    277.874    27.0833    27.0858         16  0.000e+00
   4906.792   49.25804  -14.50142     79.777     79.083    11.6127    11.6121  40.209002  40.212080    35.5388    35.5424     2.5470    261.269     2.4274    270.550      10.56    1481.68     117764          1     0.4568 1.8482e-04    268.345    277.879    27.0835    27.0864         16  0.000e+00
   4906.833   49.25804  -14.50142     79.777     79.083    11.6127    11.6119  40.209138  40.211812    35.5389    35.5423     2.5470    261.277     2.4274    270.554      10.56    1481.68     117765          1     0.4678 1.8824e-04    268.353    277.882    27.0836    27.0864         16  0.000e+00
   4906.875   49.25804  -14.50142     79.777     79.083    11.6127    11.6122  40.208322  40.211879    35.5381    35.5422     2.5470    261.285     2.4274    270.554      10.56    1481.32     117766          1     0.4678 1.8653e-04    268.361    277.883    27.0829    27.0862         16  0.000e+00
   4906.917   49.25804  -14.50142     79.787     79.093    11.6128    11.6123  40.208254  40.212482    35.5379    35.5427     2.5470    261.291     2.4274    270.555      10.56    1481.68     117767          1     0.4678 1.8653e-04    268.367    277.883    27.0828    27.0866         16  0.000e+00
   4906.958   49.25804  -14.50142     79.777     79.083    11.6129    11.6124  40.208594  40.212415    35.5382    35.5424     2.5470    261.295     2.4274    270.556      10.56    1481.68     117768          1     0.4678 1.8653e-04    268.371    277.884    27.0830    27.0864         16  0.000e+00
   4907.000   49.25804  -14.50142     79.777     79.083    11.6127    11.6126  40.208730  40.212348    35.5385    35.5422     2.5470    261.300     2.4274    270.557      10.56    1481.68     117769          1     0.4568 1.8653e-04    268.377    277.885    27.0833    27.0861         16  0.000e+00
   4907.042   49.25804  -14.50142     79.777     79.083    11.6129    11.6128  40.208458  40.212482    35.5381    35.5422     2.5470    261.303     2.4274    270.558      10.56    1481.32     117770          1     0.4678 1.8653e-04    268.380    277.886    27.0829    27.0861         16  0.000e+00
   4907.083   49.25804  -14.50142     79.787     79.093    11.6130    11.6128  40.208662  40.212348    35.5382    35.5420     2.5470    261.306     2.4274    270.561      10.56    1481.68     117771          1     0.4678 1.8824e-04    268.383    277.889    27.0829    27.0860         16  0.000e+00
   4907.125   49.25804  -14.50142     79.777     79.083    11.6131    11.6128  40.209002  40.212348    35.5384    35.5420     2.5482    261.460     2.4274    270.562      10.56    1481.68     117772          1     0.4568 1.8653e-04    268.542    277.890    27.0832    27.0860         16  0.000e+00
   4907.167   49.25804  -14.50142     79.777     79.083    11.6130    11.6128  40.208798  40.212080    35.5383    35.5418     2.5470    261.307     2.4274    270.564      10.56    1481.68     117773          1     0.4678 1.8824e-04    268.384    277.893    27.0830    27.0858         16  0.000e+00
   4907.208   49.25804  -14.50142     79.855     79.161    11.6132    11.6126  40.209003  40.212214    35.5383    35.5420     2.5470    261.307     2.4274    270.570      10.56    1481.68     117774          1     0.4568 1.8653e-04    268.384    277.898    27.0830    27.0861         16  0.000e+00
   4907.250   49.25804  -14.50142     79.777     79.083    11.6132    11.6126  40.209138  40.212348    35.5385    35.5422     2.5470    261.303     2.4274    270.568      10.56    1481.32     117775          1     0.4568 1.8653e-04    268.380    277.897    27.0832    27.0861         16  0.000e+00
   4907.292   49.25804  -14.50142     79.787     79.093    11.6132    11.6128  40.209138  40.212080    35.5384    35.5418     2.5470    261.301     2.4274    270.570      10.56    1481.32     117776          1     0.4678 1.8824e-04    268.378    277.899    27.0831    27.0858         16  0.000e+00
   4907.333   49.25804  -14.50142     79.777     79.083    11.6135    11.6129  40.209342  40.212214    35.5384    35.5418     2.5470    261.296     2.4274    270.571      10.56    1481.32     117777          1     0.4568 1.8653e-04    268.373    277.900    27.0830    27.0858         16  0.000e+00
   4907.375   49.25804  -14.50142     79.855     79.161    11.6135    11.6130  40.209479  40.212549    35.5384    35.5420     2.5470    261.295     2.4274    270.575      10.56    1481.32     117778          1     0.4568 1.8653e-04    268.371    277.904    27.0830    27.0860         16  0.000e+00
   4907.417   49.25804  -14.50142     79.777     79.083    11.6135    11.6126  40.209206  40.212147    35.5382    35.5420     2.5458    261.116     2.4274    270.577      10.56    1481.32     117779          1     0.4678 1.8653e-04    268.188    277.905    27.0829    27.0860         16  0.000e+00
   4907.458   49.25804  -14.50142     79.777     79.083    11.6137    11.6128  40.208798  40.212214    35.5376    35.5419     2.5470    261.266     2.4274    270.577      10.56    1481.68     117780          1     0.4568 1.8653e-04    268.341    277.906    27.0824    27.0859         16  0.000e+00
   4907.500   49.25800  -14.50150     79.787     79.093    11.6135    11.6128  40.209274  40.212549    35.5383    35.5422     2.5470    261.261     2.4286    270.773      10.56    1481.32     117781          1     0.4678 1.8653e-04    268.336    278.107    27.0830    27.0861         16  0.000e+00
   4907.542   49.25800  -14.50150     79.777     79.083    11.6132    11.6129  40.208934  40.212415    35.5382    35.5420     2.5470    261.256     2.4274    270.602      10.56    1481.68     117782          1     0.4678 1.8653e-04    268.332    277.931    27.0830    27.0859         16  0.000e+00
   4907.583   49.25800  -14.50150     79.855     79.161    11.6134    11.6126  40.208730  40.212348    35.5379    35.5422     2.5470    261.252     2.4274    270.607      10.56    1481.68     117783          1     0.4678 1.8824e-04    268.327    277.937    27.0827    27.0862         16  0.000e+00
   4907.625   49.25800  -14.50150     79.777     79.083    11.6134    11.6130  40.208730  40.212348    35.5379    35.5419     2.5458    261.069     2.4274    270.604      10.56    1481.68     117784          1     0.4678 1.8824e-04    268.140    277.933    27.0826    27.0858         16  0.000e+00
   4907.667   49.25804  -14.50142     79.640     78.947    11.6132    11.6128  40.208730  40.212347    35.5381    35.5421     2.5458    261.040     2.4274    270.601      10.58    1481.32     117785          1     0.4678 1.8653e-04    268.110    277.930    27.0829    27.0860         16  0.000e+00
   4907.708   49.25804  -14.50142     79.933     79.238    11.6132    11.6128  40.209003  40.212080    35.5382    35.5417     2.5458    261.024     2.4274    270.613      10.56    1481.68     117786          1     0.4678 1.8653e-04    268.093    277.942    27.0830    27.0857         16  0.000e+00
   4907.750   49.25804  -14.50142     79.855     79.161    11.6130    11.6128  40.209139  40.212214    35.5386    35.5418     2.5470    261.169     2.4274    270.610      10.56    1481.68     117787          1     0.4678 1.8824e-04    268.242    277.940    27.0833    27.0858         16  0.000e+00
   4907.792   49.25804  -14.50142     79.777     79.083    11.6134    11.6129  40.209138  40.212348    35.5383    35.5419     2.5458    260.984     2.4274    270.608      10.56    1481.32     117788          1     0.4678 1.8653e-04    268.052    277.937    27.0829    27.0859         16  0.000e+00
