Data_example/SBE_Data_Processed/DY130/SeaBird/Data/Batch/DY130_006.ros
* Sea-Bird SBE 9 Data File:
* FileName = C:\Users\sandm\Documents\Cruises\DY130\Data\Raw Data\DY130_006.hex
* Software Version Seasave V 7.26.7.121
* Temperature SN = 03P-5494
* Conductivity SN = 04C-3768
* Number of Bytes Per Scan = 45
* Number of Voltage Words = 4
* Number of Scans Averaged by the Deck Unit = 1
* NMEA Latitude = 48 57.60 N
* NMEA Longitude = 016 26.80 W
* NMEA UTC (Time) = Apr 04 2021  06:49:01
* NMEA baud rate = 9600
** Ship: RRS Discovery
** Cruise: DY130
** Cast: DY130_006
** Station: 045
** Julian Day: 094
** Date: 04/04/21
** Time (GMT): 06:48
** Latitude: 28 57.59N
** Longitude: 16 26.80W
** Depth (uncorrected m): 4811
** Principal Scientist: Sue Hart
** Operator: BP/PH BP/PH
# nquan = 27
# nvalues = 2541                                  
# units = specified
# name 0 = timeS: Time, Elapsed [seconds]
# name 1 = latitude: Latitude [deg]
# name 2 = longitude: Longitude [deg]
# name 3 = prDM: Pressure, Digiquartz [db]
# name 4 = depSM: Depth [salt water, m]
# name 5 = t090C: Temperature [ITS-90, deg C]
# name 6 = t190C: Temperature, 2 [ITS-90, deg C]
# name 7 = c0mS/cm: Conductivity [mS/cm]
# name 8 = c1mS/cm: Conductivity, 2 [mS/cm]
# name 9 = sal00: Salinity, Practical [PSU]
# name 10 = sal11: Salinity, Practical, 2 [PSU]
# name 11 = sbeox0V: Oxygen raw, SBE 43 [V]
# name 12 = sbox0Mm/Kg: Oxygen, SBE 43 [umol/kg]
# name 13 = sbeox1V: Oxygen raw, SBE 43, 2 [V]
# name 14 = sbox1Mm/Kg: Oxygen, SBE 43, 2 [umol/kg]
# name 15 = ptempC: Pressure Temperature [deg C]
# name 16 = altM: Altimeter [m]
# name 17 = scan: Scan Count
# name 18 = pumps: Pump Status
# name 19 = flECO-AFL: Fluorescence, WET Labs ECO-AFL/FL [mg/m^3]
# name 20 = turbWETbb0: Turbidity, WET Labs ECO BB [m^-1/sr]
# name 21 = sbeox0Mm/L: Oxygen, SBE 43 [umol/l]
# name 22 = sbeox1Mm/L: Oxygen, SBE 43, 2 [umol/l]
# name 23 = sigma-é00: Density [sigma-theta, kg/m^3]
# name 24 = sigma-é11: Density, 2 [sigma-theta, kg/m^3]
# name 25 = nbf: Bottles Fired
# name 26 = flag:  0.000e+00
# interval = seconds: 0.0416667
# start_time = Apr 04 2021 06:49:01 [NMEA time, first data scan]
# bad_flag = -9.990e-29
*END*
[from data line 806]
   1831.125   48.95994  -16.44674    103.711    102.806    11.1766    11.1767  39.720442  39.723684    35.4626    35.4658     2.5385    263.195     2.4237    273.805      10.53    1481.32      43948          1     0.2480 1.3524e-04    270.329    281.227    27.1060    27.1084          7  0.000e+00
   1831.167   48.95994  -16.44674    103.731    102.826    11.1768    11.1764  39.720103  39.723685    35.4621    35.4661     2.5385    263.184     2.4225    273.625      10.53    1481.68      43949          1     0.2480 1.3524e-04    270.317    281.043    27.1056    27.1087          7  0.000e+00
   1831.208   48.95994  -16.44674    103.711    102.806    11.1768    11.1765  39.720239  39.723485    35.4623    35.4658     2.5385    263.173     2.4237    273.814      10.53    1481.68      43950          1     0.2480 1.3524e-04    270.306    281.237    27.1057    27.1085          7  0.000e+00
   1831.250   48.95994  -16.44674    103.731    102.826    11.1768    11.1766  39.720509  39.723418    35.4625    35.4657     2.5385    263.164     2.4225    273.632      10.53    1481.32      43951          1     0.2480 1.3524e-04    270.297    281.050    27.1059    27.1084          7  0.000e+00
   1831.292   48.95994  -16.44674    103.711    102.806    11.1768    11.1764  39.720645  39.723418    35.4627    35.4658     2.5385    263.156     2.4237    273.821      10.53    1481.32      43952          1     0.2480 1.3524e-04    270.289    281.243    27.1060    27.1085          7  0.000e+00
   1831.333   48.95994  -16.44674    103.711    102.806    11.1770    11.1764  39.720645  39.723351    35.4625    35.4657     2.5385    263.150     2.4225    273.637      10.53    1481.32      43953          1     0.2480 1.3695e-04    270.283    281.055    27.1058    27.1084          7  0.000e+00
   1831.375   48.95994  -16.44674    103.799    102.893    11.1770    11.1764  39.720374  39.723352    35.4622    35.4657     2.5385    263.150     2.4225    273.630      10.53    1481.32      43954          1     0.2480 1.3695e-04    270.283    281.048    27.1056    27.1084          7  0.000e+00
   1831.417   48.96000  -16.44666    103.711    102.806    11.1770    11.1764  39.720577  39.722885    35.4624    35.4653     2.5385    263.144     2.4237    273.816      10.53    1481.32      43955          1     0.2480 1.3695e-04    270.277    281.238    27.1058    27.1081          7  0.000e+00
   1831.458   48.96000  -16.44666    103.731    102.826    11.1768    11.1765  39.720915  39.723218    35.4629    35.4656     2.5385    263.144     2.4225    273.631      10.54    1481.32      43956          1     0.2480 1.3695e-04    270.277    281.048    27.1062    27.1083          7  0.000e+00
   1831.500   48.96000  -16.44666    103.711    102.806    11.1770    11.1764  39.720442  39.723418    35.4623    35.4658     2.5385    263.144     2.4225    273.644      10.53    1481.68      43957          1     0.2480 1.3695e-04    270.277    281.062    27.1057    27.1085          7  0.000e+00
   1831.542   48.96000  -16.44666    103.790    102.884    11.1770    11.1767  39.720103  39.723818    35.4619    35.4659     2.5385    263.150     2.4237    273.832      10.53    1481.68      43958          1     0.2480 1.3695e-04    270.283    281.255    27.1054    27.1085          7  0.000e+00
   1831.583   48.95994  -16.44674    103.731    102.826    11.1766    11.1772  39.719968  39.723818    35.4621    35.4654     2.5385    263.153     2.4225    273.643      10.53    1481.32      43959          1     0.2480 1.3695e-04    270.286    281.061    27.1056    27.1080          7  0.000e+00
   1831.625   48.95994  -16.44674    103.790    102.884    11.1768    11.1776  39.720239  39.724285    35.4622    35.4655     2.5385    263.140     2.4237    273.829      10.53    1481.32      43960          1     0.2480 1.3695e-04    270.273    281.252    27.1056    27.1081          7  0.000e+00
   1831.667   48.95994  -16.44674    103.731    102.826    11.1768    11.1779  39.720306  39.724484    35.4623    35.4655     2.5397    263.319     2.4225    273.639      10.54    1481.32      43961          1     0.2480 1.3695e-04    270.457    281.057    27.1057    27.1079          7  0.000e+00
   1831.708   48.95994  -16.44674    103.790    102.884    11.1766    11.1779  39.720036  39.724685    35.4622    35.4656     2.5385    263.173     2.4225    273.629      10.53    1481.68      43962          1     0.2480 1.3695e-04    270.307    281.047    27.1056    27.1080          7  0.000e+00
   1831.750   48.95994  -16.44674    103.790    102.884    11.1766    11.1779  39.720239  39.724551    35.4624    35.4655     2.5385    263.181     2.4237    273.840      10.53    1481.68      43963          1     0.2480 1.3695e-04    270.315    281.263    27.1058    27.1080          7  0.000e+00
   1831.792   48.95994  -16.44674    103.731    102.826    11.1768    11.1779  39.720306  39.724684    35.4623    35.4656     2.5385    263.189     2.4225    273.652      10.53    1481.32      43964          1     0.2370 1.3695e-04    270.323    281.070    27.1057    27.1081          7  0.000e+00
   1831.833   48.95994  -16.44674    103.790    102.884    11.1770    11.1777  39.720307  39.724018    35.4621    35.4651     2.5385    263.182     2.4225    273.644      10.53    1481.68      43965          1     0.2480 1.3695e-04    270.316    281.062    27.1055    27.1077          7  0.000e+00
   1831.875   48.95994  -16.44674    103.790    102.884    11.1766    11.1779  39.720307  39.724285    35.4625    35.4652     2.5385    263.196     2.4237    273.829      10.53    1481.68      43966          1     0.2480 1.3695e-04    270.330    281.252    27.1058    27.1078          7  0.000e+00
   1831.917   48.95994  -16.44674    103.731    102.826    11.1768    11.1779  39.720036  39.724084    35.4621    35.4651     2.5385    263.188     2.4237    273.862      10.53    1481.32      43967          1     0.2480 1.3695e-04    270.322    281.286    27.1055    27.1076          7  0.000e+00
   1831.958   48.95994  -16.44674    103.790    102.884    11.1766    11.1778  39.720171  39.724085    35.4623    35.4651     2.5397    263.361     2.4225    273.678      10.53    1481.68      43968          1     0.2480 1.3695e-04    270.500    281.097    27.1057    27.1077          7  0.000e+00
   1832.000   48.95994  -16.44674    103.799    102.893    11.1768    11.1777  39.720307  39.723551    35.4623    35.4647     2.5397    263.375     2.4237    273.865      10.53    1481.32      43969          1     0.2480 1.3695e-04    270.514    281.289    27.1057    27.1074          7  0.000e+00
   1832.042   48.95994  -16.44674    103.790    102.884    11.1766    11.1777  39.720036  39.723951    35.4622    35.4651     2.5397    263.409     2.4237    273.898      10.53    1481.68      43970          1     0.2480 1.3695e-04    270.549    281.323    27.1056    27.1077          7  0.000e+00
   1832.083   48.95994  -16.44674    103.711    102.806    11.1768    11.1777  39.720171  39.723551    35.4622    35.4647     2.5397    263.440     2.4225    273.708      10.54    1481.68      43971          1     0.2480 1.3695e-04    270.580    281.128    27.1056    27.1074          7  0.000e+00
   1832.125   48.95994  -16.44674    103.799    102.893    11.1768    11.1774  39.720307  39.723818    35.4623    35.4652     2.5397    263.458     2.4225    273.723      10.53    1481.32      43972          1     0.2480 1.3695e-04    270.599    281.143    27.1057    27.1078          7  0.000e+00
   1832.167   48.95994  -16.44674    103.790    102.884    11.1768    11.1777  39.720307  39.724085    35.4623    35.4652     2.5385    263.298     2.4237    273.906      10.53    1481.68      43973          1     0.2480 1.3695e-04    270.435    281.331    27.1057    27.1078          7  0.000e+00
   1832.208   48.95994  -16.44674    103.731    102.825    11.1766    11.1775  39.720306  39.723551    35.4625    35.4649     2.5385    263.294     2.4237    273.915      10.53    1481.32      43974          1     0.2480 1.3695e-04    270.431    281.341    27.1059    27.1076          7  0.000e+00
   1832.250   48.95994  -16.44674    103.790    102.884    11.1768    11.1774  39.720104  39.723618    35.4621    35.4650     2.5385    263.294     2.4225    273.729      10.53    1481.32      43975          1     0.2480 1.3695e-04    270.431    281.149    27.1055    27.1077          7  0.000e+00
   1832.292   48.95994  -16.44674    103.711    102.806    11.1766    11.1771  39.720442  39.724284    35.4626    35.4660     2.5385    263.291     2.4225    273.712      10.53    1481.68      43976          1     0.2480 1.3695e-04    270.428    281.132    27.1060    27.1085          7  0.000e+00
   1832.333   48.95994  -16.44674    103.799    102.893    11.1768    11.1771  39.720645  39.724418    35.4626    35.4661     2.5385    263.293     2.4237    273.897      10.54    1481.68      43977          1     0.2480 1.3695e-04    270.430    281.322    27.1060    27.1086          7  0.000e+00
   1832.375   48.95994  -16.44674    103.790    102.884    11.1766    11.1771  39.720442  39.724418    35.4626    35.4661     2.5385    263.314     2.4237    273.905      10.53    1481.68      43978          1     0.2809 1.3866e-04    270.451    281.330    27.1059    27.1086          7  0.000e+00
   1832.417   48.96000  -16.44666    103.731    102.825    11.1765    11.1772  39.720306  39.724218    35.4626    35.4658     2.5385    263.315     2.4237    273.909      10.53    1481.68      43979          1     0.2919 1.4037e-04    270.452    281.335    27.1060    27.1084          7  0.000e+00
   1832.458   48.96000  -16.44666    103.790    102.884    11.1766    11.1773  39.720510  39.724351    35.4627    35.4659     2.5385    263.319     2.4225    273.719      10.53    1481.68      43980          1     0.2919 1.3866e-04    270.457    281.139    27.1060    27.1084          7  0.000e+00
   1832.500   48.96000  -16.44666    103.711    102.806    11.1766    11.1776  39.720171  39.724418    35.4624    35.4657     2.5385    263.321     2.4237    273.895      10.53    1481.68      43981          1     0.2919 1.4037e-04    270.459    281.320    27.1058    27.1082          7  0.000e+00
   1832.542   48.96000  -16.44666    103.731    102.825    11.1765    11.1776  39.720442  39.724418    35.4628    35.4657     2.5397    263.502     2.4225    273.703      10.53    1481.32      43982          1     0.2919 1.3866e-04    270.644    281.123    27.1061    27.1082          7  0.000e+00
   1832.583   48.95994  -16.44674    103.790    102.884    11.1765    11.1777  39.720171  39.724485    35.4625    35.4656     2.5385    263.352     2.4225    273.686      10.53    1481.32      43983          1     0.2919 1.3866e-04    270.491    281.105    27.1059    27.1081          7  0.000e+00
   1832.625   48.95994  -16.44674    103.731    102.825    11.1768    11.1776  39.720442  39.724684    35.4625    35.4660     2.5385    263.354     2.4225    273.665      10.53    1481.32      43984          1     0.2919 1.3866e-04    270.492    281.084    27.1058    27.1084          7  0.000e+00
   1832.667   48.95994  -16.44674    103.790    102.884    11.1766    11.1777  39.720104  39.724551    35.4623    35.4657     2.5385    263.364     2.4237    273.846      10.53    1481.32      43985          1     0.2919 1.4037e-04    270.502    281.269    27.1057    27.1081          7  0.000e+00
   1832.708   48.95994  -16.44674    103.711    102.806    11.1766    11.1778  39.720239  39.724684    35.4624    35.4657     2.5385    263.368     2.4225    273.649      10.53    1481.32      43986          1     0.2919 1.3866e-04    270.506    281.067    27.1058    27.1082          7  0.000e+00
   1832.750   48.95994  -16.44674    103.731    102.825    11.1768    11.1776  39.720306  39.724284    35.4623    35.4656     2.5385    263.375     2.4237    273.854      10.53    1481.32      43987          1     0.2919 1.3866e-04    270.514    281.277    27.1057    27.1081          7  0.000e+00
   1832.792   48.95994  -16.44674    103.711    102.806    11.1768    11.1776  39.720306  39.724351    35.4624    35.4656     2.5397    263.558     2.4237    273.857      10.53    1481.68      43988          1     0.2919 1.3866e-04    270.702    281.281    27.1057    27.1082          7  0.000e+00
   1855.792   48.95994  -16.44674    103.218    102.317    11.1783    11.1798  39.721726  39.726415    35.4625    35.4657     2.5372    263.245     2.4237    273.928      10.53    1481.32      44540          1     0.2150 1.3524e-04    270.381    281.354    27.1056    27.1078          8  0.000e+00
   1855.833   48.95994  -16.44674    103.355    102.453    11.1783    11.1797  39.721929  39.726949    35.4627    35.4663     2.5385    263.419     2.4237    273.939      10.54    1481.32      44541          1     0.2150 1.3524e-04    270.560    281.366    27.1057    27.1083          8  0.000e+00
   1855.875   48.95994  -16.44674    103.277    102.376    11.1783    11.1798  39.721455  39.726682    35.4623    35.4660     2.5385    263.430     2.4237    273.942      10.53    1481.68      44542          1     0.2150 1.3524e-04    270.570    281.368    27.1054    27.1080          8  0.000e+00
   1855.917   48.95994  -16.44674    103.218    102.317    11.1781    11.1798  39.721929  39.726549    35.4629    35.4659     2.5372    263.264     2.4237    273.946      10.53    1481.32      44543          1     0.2150 1.3524e-04    270.400    281.372    27.1059    27.1079          8  0.000e+00
   1855.958   48.95994  -16.44674    103.277    102.376    11.1783    11.1798  39.721726  39.726749    35.4625    35.4661     2.5372    263.259     2.4237    273.951      10.53    1481.68      44544          1     0.2150 1.3524e-04    270.395    281.378    27.1056    27.1081          8  0.000e+00
   1856.000   48.95994  -16.44674    103.218    102.317    11.1783    11.1802  39.721658  39.726882    35.4625    35.4659     2.5372    263.250     2.4237    273.950      10.53    1481.68      44545          1     0.2150 1.3524e-04    270.386    281.376    27.1055    27.1078          8  0.000e+00
   1856.042   48.95994  -16.44674    103.277    102.376    11.1783    11.1800  39.721726  39.726815    35.4625    35.4659     2.5372    263.245     2.4237    273.955      10.53    1481.68      44546          1     0.2150 1.3524e-04    270.381    281.381    27.1056    27.1079          8  0.000e+00
   1856.083   48.95994  -16.44674    103.208    102.308    11.1783    11.1800  39.722199  39.726815    35.4630    35.4660     2.5372    263.235     2.4237    273.954      10.53    1481.32      44547          1     0.2150 1.3524e-04    270.370    281.380    27.1060    27.1079          8  0.000e+00
   1856.125   48.95994  -16.44674    103.150    102.249    11.1781    11.1800  39.722064  39.726882    35.4631    35.4660     2.5372    263.227     2.4237    273.951      10.53    1481.68      44548          1     0.2150 1.3524e-04    270.362    281.378    27.1060    27.1080          8  0.000e+00
   1856.167   48.95994  -16.44674    103.277    102.376    11.1784    11.1802  39.721793  39.727349    35.4625    35.4663     2.5372    263.223     2.4237    273.953      10.54    1481.32      44549          1     0.2150 1.3524e-04    270.358    281.380    27.1055    27.1082          8  0.000e+00
   1856.208   48.95994  -16.44674    103.150    102.249    11.1783    11.1801  39.721928  39.727282    35.4628    35.4664     2.5372    263.212     2.4237    273.947      10.53    1481.32      44550          1     0.2150 1.3524e-04    270.347    281.374    27.1058    27.1083          8  0.000e+00
   1856.250   48.95994  -16.44674    103.208    102.308    11.1783    11.1802  39.721725  39.727148    35.4626    35.4662     2.5372    263.208     2.4237    273.946      10.53    1481.68      44551          1     0.2150 1.3524e-04    270.342    281.373    27.1056    27.1081          8  0.000e+00
