Data_example/SBE_Data_Processed/DY130/SeaBird/Data/Batch/DY130_003.ros
* Sea-Bird SBE 9 Data File:
* FileName = C:\Users\sandm\Documents\Cruises\DY130\Data\Raw Data\DY130_003.hex
* Software Version Seasave V 7.26.7.121
* Temperature SN = 03P-5494
* Conductivity SN = 04C-3768
* Number of Bytes Per Scan = 45
* Number of Voltage Words = 4
* Number of Scans Averaged by the Deck Unit = 1
* NMEA Latitude = 48 56.15 N
* NMEA Longitude = 016 26.53 W
* NMEA UTC (Time) = Mar 31 2021  06:44:02
* NMEA baud rate = 9600
** Ship: RRS Discovery
** Cruise: DY130
** Cast: DY130_003
** Station: 021
** Julian Day: 090
** Date: 31st March 2021
** Time (GMT): 06:43
** Latitude: 48 56.14 N
** Longitude: 16 26.52 W
** Depth (uncorrected m): 4834
** Principal Scientist: Sue Hart
** Operator: BP/PH
# nquan = 28
# nvalues = 2541                                  
# units = specified
# name 0 = timeS: Time, Elapsed [seconds]
# name 1 = latitude: Latitude [deg]
# name 2 = longitude: Longitude [deg]
# name 3 = prDM: Pressure, Digiquartz [db]
# name 4 = depSM: Depth [salt water, m]
# name 5 = t090C: Temperature [ITS-90, deg C]
# name 6 = t190C: Temperature, 2 [ITS-90, deg C]
# name 7 = c0mS/cm: Conductivity [mS/cm]
# name 8 = c1mS/cm: Conductivity, 2 [mS/cm]
# name 9 = sal00: Salinity, Practical [PSU]
# name 10 = sal11: Salinity, Practical, 2 [PSU]
# name 11 = sbeox0V: Oxygen raw, SBE 43 [V]
# name 12 = sbox0Mm/Kg: Oxygen, SBE 43 [umol/kg]
# name 13 = sbeox1V: Oxygen raw, SBE 43, 2 [V]
# name 14 = sbox1Mm/Kg: Oxygen, SBE 43, 2 [umol/kg]
# name 15 = ptempC: Pressure Temperature [deg C]
# name 16 = altM: Altimeter [m]
# name 17 = scan: Scan Count
# name 18 = pumps: Pump Status
# name 19 = flECO-AFL: Fluorescence, WET Labs ECO-AFL/FL [mg/m^3]
# name 20 = turbWETbb0: Turbidity, WET Labs ECO BB [m^-1/sr]
# name 21 = ph: pH
# name 22 = sbeox0Mm/L: Oxygen, SBE 43 [umol/l]
# name 23 = sbeox1Mm/L: Oxygen, SBE 43, 2 [umol/l]
# name 24 = sigma-é00: Density [sigma-theta, kg/m^3]
# name 25 = sigma-é11: Density, 2 [sigma-theta, kg/m^3]
# name 26 = nbf: Bottles Fired
# name 27 = flag:  0.000e+00
# interval = seconds: 0.0416667
# start_time = Mar 31 2021 06:44:03 [NMEA time, first data scan]
# bad_flag = -9.990e-29
*END*
[from data line 2072]
  14340.125   48.93576  -16.44214     34.614     34.317    11.5464    11.5479  40.099259  40.103320    35.5143    35.5169     2.4786    251.572     2.3883    263.520       6.73    1481.68     344164          1     0.4678 1.5405e-04     14.490    258.384    270.656    27.0759    27.0775         18  0.000e+00
  14340.167   48.93576  -16.44214     34.692     34.395    11.5464    11.5479  40.099327  40.103588    35.5144    35.5171     2.4786    251.572     2.3895    263.706       6.73    1481.32     344165          1     0.4678 1.5405e-04     14.490    258.383    270.846    27.0759    27.0777         18  0.000e+00
  14340.208   48.93576  -16.44214     34.662     34.366    11.5464    11.5479  40.098783  40.104123    35.5139    35.5176     2.4786    251.568     2.3883    263.547       6.73    1481.68     344166          1     0.4678 1.5405e-04     14.496    258.379    270.683    27.0755    27.0781         18  0.000e+00
  14340.250   48.93576  -16.44214     34.760     34.463    11.5462    11.5479  40.099395  40.103990    35.5146    35.5175     2.4799    251.738     2.3883    263.544       6.73    1481.68     344167          1     0.4678 1.5576e-04     14.490    258.554    270.680    27.0761    27.0780         18  0.000e+00
  14340.292   48.93576  -16.44214     34.692     34.395    11.5464    11.5481  40.099463  40.104190    35.5145    35.5176     2.4799    251.747     2.3883    263.536       6.73    1481.32     344168          1     0.4678 1.5405e-04     14.496    258.563    270.672    27.0760    27.0781         18  0.000e+00
  14340.333   48.93584  -16.44216     34.731     34.433    11.5462    11.5483  40.099599  40.104123    35.5148    35.5173     2.4799    251.759     2.3883    263.534       6.73    1481.68     344169          1     0.4678 1.5576e-04     14.496    258.575    270.669    27.0762    27.0778         18  0.000e+00
  14340.375   48.93584  -16.44216     34.760     34.463    11.5464    11.5484  40.099667  40.103923    35.5147    35.5169     2.4799    251.768     2.3895    263.750       6.73    1481.68     344170          1     0.4678 1.5405e-04     14.490    258.585    270.892    27.0761    27.0775         18  0.000e+00
  14340.417   48.93584  -16.44216     34.692     34.395    11.5464    11.5483  40.099123  40.104190    35.5142    35.5174     2.4799    251.774     2.3883    263.578       6.73    1481.68     344171          1     0.4678 1.5405e-04     14.490    258.591    270.715    27.0757    27.0779         18  0.000e+00
  14340.458   48.93584  -16.44216     34.799     34.501    11.5464    11.5483  40.099735  40.103588    35.5147    35.5166     2.4799    251.782     2.3895    263.779       6.73    1481.32     344172          1     0.4678 1.5405e-04     14.490    258.600    270.921    27.0762    27.0773         18  0.000e+00
  14340.500   48.93576  -16.44214     34.760     34.462    11.5464    11.5484  40.099463  40.103789    35.5145    35.5168     2.4799    251.786     2.3883    263.609       6.73    1481.32     344173          1     0.4678 1.5576e-04     14.496    258.603    270.747    27.0760    27.0774         18  0.000e+00
  14340.542   48.93576  -16.44214     34.613     34.317    11.5465    11.5479  40.099055  40.103387    35.5140    35.5169     2.4799    251.784     2.3895    263.806       6.75    1481.68     344174          1     0.4678 1.5405e-04     14.496    258.602    270.950    27.0756    27.0776         18  0.000e+00
  14340.583   48.93576  -16.44214     34.946     34.647    11.5462    11.5481  40.099532  40.103455    35.5146    35.5167     2.4786    251.625     2.3883    263.652       6.73    1481.32     344175          1     0.4678 1.5405e-04     14.490    258.438    270.792    27.0761    27.0774         18  0.000e+00
  14340.625   48.93576  -16.44214     34.838     34.540    11.5460    11.5477  40.099124  40.103656    35.5144    35.5173     2.4799    251.778     2.3883    263.658       6.73    1481.68     344176          1     0.4678 1.5576e-04     14.496    258.595    270.798    27.0760    27.0779         18  0.000e+00
  14340.667   48.93576  -16.44214     34.799     34.501    11.5464    11.5477  40.099259  40.103321    35.5143    35.5170     2.4799    251.774     2.3883    263.668       6.73    1481.32     344177          1     0.4678 1.5405e-04     14.496    258.591    270.807    27.0758    27.0777         18  0.000e+00
  14340.708   48.93576  -16.44214     34.760     34.462    11.5465    11.5477  40.099259  40.103455    35.5141    35.5171     2.4799    251.789     2.3883    263.678       6.73    1481.32     344178          1     0.4568 1.5576e-04     14.496    258.606    270.818    27.0757    27.0778         18  0.000e+00
  14340.750   48.93576  -16.44214     34.906     34.608    11.5462    11.5477  40.099328  40.103388    35.5144    35.5170     2.4786    251.639     2.3895    263.891       6.73    1481.68     344179          1     0.4568 1.5747e-04     14.496    258.452    271.037    27.0760    27.0777         18  0.000e+00
  14340.792   48.93576  -16.44214     34.799     34.501    11.5464    11.5476  40.099599  40.103254    35.5146    35.5170     2.4799    251.785     2.3883    263.732       6.73    1481.32     344180          1     0.4568 1.5918e-04     14.496    258.602    270.874    27.0761    27.0777         18  0.000e+00
  14340.833   48.93576  -16.44214     34.838     34.540    11.5464    11.5475  40.099463  40.103254    35.5144    35.5171     2.4811    251.954     2.3895    263.944       6.73    1481.68     344181          1     0.4458 1.5918e-04     14.496    258.775    271.091    27.0760    27.0778         18  0.000e+00
  14340.875   48.93576  -16.44214     34.838     34.540    11.5464    11.5474  40.099803  40.103254    35.5148    35.5172     2.4799    251.792     2.3883    263.792       6.73    1481.68     344182          1     0.4568 1.5918e-04     14.496    258.610    270.934    27.0762    27.0779         18  0.000e+00
  14340.917   48.93576  -16.44214     34.877     34.578    11.5467    11.5476  40.100279  40.103589    35.5149    35.5173     2.4799    251.783     2.3883    263.811       6.73    1481.68     344183          1     0.4458 1.5918e-04     14.496    258.601    270.955    27.0763    27.0780         18  0.000e+00
  14340.958   48.93576  -16.44214     34.838     34.539    11.5468    11.5474  40.099871  40.103589    35.5144    35.5175     2.4811    251.963     2.3883    263.809       6.73    1481.32     344184          1     0.4458 1.5918e-04     14.496    258.785    270.952    27.0758    27.0782         18  0.000e+00
  14341.000   48.93576  -16.44214     34.838     34.539    11.5467    11.5476  40.099667  40.103321    35.5143    35.5171     2.4811    251.970     2.3883    263.807       6.75    1481.32     344185          1     0.4458 1.5918e-04     14.496    258.793    270.951    27.0758    27.0778         18  0.000e+00
  14341.042   48.93576  -16.44214     34.877     34.578    11.5467    11.5477  40.099667  40.103321    35.5143    35.5169     2.4811    251.995     2.3883    263.832       6.73    1481.32     344186          1     0.4568 1.5918e-04     14.496    258.818    270.976    27.0758    27.0776         18  0.000e+00
  14341.083   48.93576  -16.44214     34.906     34.607    11.5468    11.5474  40.099939  40.103254    35.5144    35.5172     2.4811    252.016     2.3883    263.859       6.73    1481.68     344187          1     0.4458 1.5747e-04     14.496    258.840    271.004    27.0759    27.0779         18  0.000e+00
  14341.125   48.93576  -16.44214     34.798     34.500    11.5468    11.5473  40.099803  40.103254    35.5143    35.5174     2.4811    252.033     2.3895    264.054       6.73    1481.32     344188          1     0.4458 1.5747e-04     14.496    258.857    271.204    27.0758    27.0780         18  0.000e+00
  14341.167   48.93576  -16.44214     34.906     34.607    11.5468    11.5474  40.099939  40.103254    35.5144    35.5172     2.4811    252.055     2.3895    264.083       6.73    1481.68     344189          1     0.4458 1.5918e-04     14.496    258.879    271.234    27.0759    27.0779         18  0.000e+00
  14341.208   48.93576  -16.44214     34.906     34.607    11.5468    11.5472  40.099803  40.103321    35.5143    35.5174     2.4811    252.072     2.3883    263.916       6.73    1481.32     344190          1     0.4458 1.5918e-04     14.496    258.897    271.063    27.0757    27.0781         18  0.000e+00
  14341.250   48.93576  -16.44214     34.876     34.578    11.5470    11.5474  40.099939  40.103522    35.5143    35.5174     2.4811    252.086     2.3883    263.919       6.73    1481.68     344191          1     0.4458 1.5747e-04     14.496    258.911    271.065    27.0757    27.0781         18  0.000e+00
  14341.292   48.93576  -16.44214     34.906     34.607    11.5470    11.5474  40.099735  40.103589    35.5140    35.5175     2.4799    251.929     2.3895    264.119       6.73    1481.68     344192          1     0.4458 1.5918e-04     14.496    258.750    271.271    27.0755    27.0781         18  0.000e+00
  14341.333   48.93584  -16.44216     34.837     34.539    11.5470    11.5473  40.099667  40.103120    35.5140    35.5172     2.4811    252.094     2.3895    264.146       6.75    1481.32     344193          1     0.4458 1.5747e-04     14.496    258.920    271.298    27.0755    27.0779         18  0.000e+00
  14341.375   48.93584  -16.44216     34.945     34.646    11.5470    11.5474  40.100143  40.103188    35.5144    35.5171     2.4811    252.090     2.3895    264.177       6.73    1481.32     344194          1     0.4458 1.5918e-04     14.496    258.916    271.330    27.0758    27.0778         18  0.000e+00
  14341.417   48.93584  -16.44216     34.905     34.607    11.5468    11.5473  40.099871  40.103455    35.5144    35.5175     2.4811    252.081     2.3883    264.010       6.73    1481.68     344195          1     0.4458 1.5747e-04     14.496    258.907    271.159    27.0758    27.0782         18  0.000e+00
  14341.458   48.93584  -16.44216     34.837     34.539    11.5472    11.5473  40.099667  40.103589    35.5139    35.5177     2.4799    251.914     2.3895    264.208       6.73    1481.68     344196          1     0.4458 1.5918e-04     14.496    258.735    271.362    27.0754    27.0783         18  0.000e+00
  14341.500   48.93584  -16.44216     34.945     34.645    11.5468    11.5474  40.099939  40.103388    35.5144    35.5173     2.4799    251.907     2.3895    264.240       6.73    1481.68     344197          1     0.4458 1.5918e-04     14.496    258.728    271.395    27.0758    27.0780         18  0.000e+00
  14341.542   48.93576  -16.44214     34.837     34.539    11.5470    11.5474  40.100279  40.103522    35.5147    35.5175     2.4811    252.044     2.3895    264.242       6.73    1481.32     344198          1     0.4458 1.5747e-04     14.496    258.868    271.397    27.0760    27.0781         18  0.000e+00
  14341.583   48.93576  -16.44214     34.758     34.461    11.5470    11.5475  40.099871  40.103789    35.5142    35.5177     2.4799    251.874     2.3883    264.073       6.75    1481.68     344199          1     0.4458 1.5918e-04     14.496    258.694    271.224    27.0757    27.0783         18  0.000e+00
  14341.625   48.93576  -16.44214     35.013     34.713    11.5470    11.5477  40.100211  40.103522    35.5145    35.5171     2.4799    251.867     2.3883    264.088       6.73    1481.68     344200          1     0.4458 1.5918e-04     14.496    258.686    271.239    27.0758    27.0777         18  0.000e+00
  14341.667   48.93576  -16.44214     34.905     34.606    11.5467    11.5477  40.100075  40.103790    35.5147    35.5174     2.4799    251.849     2.3895    264.261       6.73    1481.68     344201          1     0.4458 1.5747e-04     14.496    258.668    271.417    27.0761    27.0780         18  0.000e+00
  14341.708   48.93576  -16.44214     34.797     34.500    11.5472    11.5479  40.100278  40.103655    35.5145    35.5171     2.4811    251.999     2.3883    264.069       6.73    1481.68     344202          1     0.4458 1.5918e-04     14.496    258.822    271.219    27.0758    27.0777         18  0.000e+00
  14341.750   48.93576  -16.44214     34.905     34.606    11.5468    11.5479  40.100347  40.103790    35.5148    35.5172     2.4811    252.003     2.3895    264.272       6.73    1481.68     344203          1     0.4458 1.6430e-04     14.496    258.827    271.428    27.0762    27.0778         18  0.000e+00
  14341.792   48.93576  -16.44214     34.905     34.606    11.5472    11.5477  40.100143  40.103522    35.5143    35.5171     2.4811    252.001     2.3883    264.109       6.73    1481.68     344204          1     0.4568 1.9336e-04     14.496    258.824    271.261    27.0757    27.0778         18  0.000e+00
  14341.833   48.93576  -16.44214     34.876     34.577    11.5472    11.5477  40.100007  40.103522    35.5142    35.5171     2.4799    251.826     2.3883    264.092       6.73    1481.68     344205          1     0.4568 2.0704e-04     14.496    258.644    271.244    27.0756    27.0778         18  0.000e+00
  14341.875   48.93576  -16.44214     34.836     34.538    11.5470    11.5479  40.100007  40.103789    35.5143    35.5172     2.4799    251.804     2.3895    264.267       6.73    1481.68     344206          1     0.4458 2.0875e-04     14.496    258.621    271.423    27.0757    27.0778         18  0.000e+00
  14341.917   48.93576  -16.44214     34.836     34.538    11.5472    11.5479  40.100075  40.103990    35.5143    35.5174     2.4799    251.781     2.3895    264.273       6.73    1481.68     344207          1     0.4568 2.0704e-04     14.496    258.598    271.429    27.0757    27.0780         18  0.000e+00
  14341.958   48.93576  -16.44214     34.875     34.577    11.5470    11.5478  40.100007  40.103656    35.5143    35.5172     2.4799    251.760     2.3883    264.110       6.73    1481.32     344208          1     0.4458 2.0533e-04     14.496    258.576    271.261    27.0757    27.0778         18  0.000e+00
  14342.000   48.93576  -16.44214     34.758     34.460    11.5470    11.5477  40.100006  40.103588    35.5144    35.5173     2.4799    251.732     2.3883    264.089       6.73    1481.68     344209          1     0.4458 2.0533e-04     14.496    258.548    271.240    27.0758    27.0779         18  0.000e+00
  14342.042   48.93576  -16.44214     34.905     34.606    11.5470    11.5479  40.100007  40.103321    35.5143    35.5167     2.4799    251.712     2.3883    264.077       6.73    1481.32     344210          1     0.4458 2.0533e-04     14.496    258.528    271.228    27.0757    27.0774         18  0.000e+00
  14342.083   48.93576  -16.44214     34.797     34.499    11.5470    11.5476  40.099803  40.103053    35.5142    35.5168     2.4799    251.684     2.3895    264.252       6.73    1481.68     344211          1     0.4458 2.0533e-04     14.496    258.499    271.407    27.0756    27.0776         18  0.000e+00
  14342.125   48.93576  -16.44214     34.836     34.538    11.5474    11.5479  40.099667  40.103656    35.5137    35.5171     2.4811    251.830     2.3883    264.062       6.73    1481.68     344212          1     0.4458 2.0533e-04     14.496    258.648    271.212    27.0752    27.0777         18  0.000e+00
  14342.167   48.93576  -16.44214     34.728     34.431    11.5472    11.5481  40.099938  40.103655    35.5142    35.5170     2.4811    251.817     2.3895    264.233       6.73    1481.68     344213          1     0.4458 2.0533e-04     14.496    258.635    271.388    27.0756    27.0776         18  0.000e+00
