Data_example/SBE_Data_Processed/DY130/SeaBird/Data/Batch/DY130_002.ros
* Sea-Bird SBE 9 Data File:
* FileName = C:\Users\sandm\Documents\Cruises\DY130\Data\Raw Data\DY130_002.hex
* Software Version Seasave V 7.26.7.121
* Temperature SN = 03P-5494
* Conductivity SN = 04C-3768
* Number of Bytes Per Scan = 45
* Number of Voltage Words = 4
* Number of Scans Averaged by the Deck Unit = 1
* NMEA Latitude = 48 49.03 N
* NMEA Longitude = 016 26.54 W
* NMEA UTC (Time) = Mar 30 2021  16:48:44
* NMEA baud rate = 9600
** Ship: RRS Discovery
** Cruise: DY130
** Cast: DY130_002
** Station: 019
** Julian Day: 089
** Date: 30/03/21
** Time (GMT): 16:48
** Latitude: 48 49.023 N
** Longitude: 16 26.539 W
** Depth (uncorrected m): 4809
** Principal Scientist: Sue Hartman
** Operator: BP/PH
# nquan = 30
# nvalues = 2541                                  
# units = specified
# name 0 = timeS: Time, Elapsed [seconds]
# name 1 = latitude: Latitude [deg]
# name 2 = longitude: Longitude [deg]
# name 3 = prDM: Pressure, Digiquartz [db]
# name 4 = depSM: Depth [salt water, m]
# name 5 = t090C: Temperature [ITS-90, deg C]
# name 6 = t190C: Temperature, 2 [ITS-90, deg C]
# name 7 = c0mS/cm: Conductivity [mS/cm]
# name 8 = c1mS/cm: Conductivity, 2 [mS/cm]
# name 9 = sal00: Salinity, Practical [PSU]
# name 10 = sal11: Salinity, Practical, 2 [PSU]
# name 11 = sbeox0V: Oxygen raw, SBE 43 [V]
# name 12 = sbox0Mm/Kg: Oxygen, SBE 43 [umol/kg]
# name 13 = sbeox1V: Oxygen raw, SBE 43, 2 [V]
# name 14 = sbox1Mm/Kg: Oxygen, SBE 43, 2 [umol/kg]
# name 15 = ptempC: Pressure Temperature [deg C]
# name 16 = altM: Altimeter [m]
# name 17 = scan: Scan Count
# name 18 = pumps: Pump Status
# name 19 = flECO-AFL: Fluorescence, WET Labs ECO-AFL/FL [mg/m^3]
# name 20 = turbWETbb0: Turbidity, WET Labs ECO BB [m^-1/sr]
# name 21 = ph: pH
# name 22 = sbeox0Mm/L: Oxygen, SBE 43 [umol/l]
# name 23 = sbeox1Mm/L: Oxygen, SBE 43, 2 [umol/l]
# name 24 = sigma-é00: Density [sigma-theta, kg/m^3]
# name 25 = sigma-é11: Density, 2 [sigma-theta, kg/m^3]
# name 26 = par: PAR/Irradiance, Biospherical/Licor [umol photons/m^2/sec]
# name 27 = par1: PAR/Irradiance, Biospherical/Licor [umol photons/m^2/sec]
# name 28 = nbf: Bottles Fired
# name 29 = flag:  0.000e+00
# interval = seconds: 0.0416667
# start_time = Mar 30 2021 16:48:44 [NMEA time, first data scan]
# bad_flag = -9.990e-29
*END*
[from data line 436]
   1171.042   48.81708  -16.44232    100.241     99.368    11.3170    11.3184  39.879725  39.883229    35.4875    35.4897     2.5568    264.788     2.4493    276.472      14.05    1481.32      28106          1     0.3579 1.6089e-04     17.133    271.963    283.964    27.0994    27.1008 3.6136e-03 3.5657e-04          4  0.000e+00
   1171.083   48.81708  -16.44232    100.299     99.426    11.3172    11.3185  39.879658  39.883362    35.4873    35.4897     2.5568    264.791     2.4493    276.489      14.03    1481.68      28107          1     0.3579 1.6089e-04     17.133    271.967    283.982    27.0991    27.1008 3.6136e-03 3.5463e-04          4  0.000e+00
   1171.125   48.81708  -16.44232    100.300     99.426    11.3173    11.3184  39.879590  39.883496    35.4871    35.4900     2.5580    264.987     2.4493    276.504      14.05    1481.68      28108          1     0.3579 1.6089e-04     17.133    272.168    283.997    27.0990    27.1010 3.6136e-03 3.5463e-04          4  0.000e+00
   1171.167   48.81700  -16.44234    100.309     99.436    11.3171    11.3184  39.879590  39.883563    35.4873    35.4900     2.5568    264.835     2.4493    276.517      14.05    1481.68      28109          1     0.3579 1.5918e-04     17.133    272.011    284.011    27.0992    27.1010 3.6136e-03 3.5463e-04          4  0.000e+00
   1171.208   48.81700  -16.44234    100.368     99.494    11.3172    11.3185  39.879590  39.883229    35.4872    35.4895     2.5568    264.839     2.4493    276.532      14.03    1481.68      28110          1     0.3579 1.6089e-04     17.133    272.015    284.026    27.0991    27.1006 3.6136e-03 3.5270e-04          4  0.000e+00
   1171.250   48.81700  -16.44234    100.437     99.562    11.3172    11.3184  39.879794  39.883630    35.4873    35.4900     2.5580    265.017     2.4493    276.546      14.05    1481.68      28111          1     0.3579 1.5918e-04     17.133    272.199    284.041    27.0992    27.1011 3.6136e-03 3.5463e-04          4  0.000e+00
   1171.292   48.81700  -16.44234    100.388     99.514    11.3172    11.3181  39.879658  39.883563    35.4873    35.4903     2.5580    265.036     2.4493    276.557      14.05    1481.32      28112          1     0.3579 1.5918e-04     17.133    272.218    284.052    27.0991    27.1013 3.5922e-03 3.5463e-04          4  0.000e+00
   1171.333   48.81708  -16.44232    100.437     99.562    11.3172    11.3185  39.879590  39.882962    35.4871    35.4892     2.5568    264.882     2.4481    276.371      14.05    1481.68      28113          1     0.3359 1.5576e-04     17.133    272.060    283.860    27.0990    27.1004 3.5922e-03 3.5270e-04          4  0.000e+00
   1171.375   48.81708  -16.44232    100.437     99.562    11.3173    11.3182  39.879794  39.883296    35.4872    35.4899     2.5580    265.057     2.4493    276.579      14.05    1481.32      28114          1     0.3249 1.5405e-04     17.133    272.239    284.074    27.0991    27.1010 3.5922e-03 3.5270e-04          4  0.000e+00
   1171.417   48.81708  -16.44232    100.456     99.582    11.3174    11.3186  39.879658  39.883563    35.4870    35.4898     2.5568    264.901     2.4493    276.587      14.05    1481.68      28115          1     0.3249 1.5405e-04     17.133    272.080    284.083    27.0989    27.1008 3.5922e-03 3.5270e-04          4  0.000e+00
   1171.458   48.81708  -16.44232    100.515     99.640    11.3170    11.3182  39.879794  39.883230    35.4875    35.4898     2.5580    265.079     2.4493    276.600      14.05    1481.68      28116          1     0.3249 1.5405e-04     17.133    272.262    284.096    27.0993    27.1009 3.5709e-03 3.5270e-04          4  0.000e+00
   1171.500   48.81708  -16.44232    100.515     99.640    11.3172    11.3182  39.879930  39.883363    35.4874    35.4899     2.5568    264.921     2.4493    276.608      14.05    1481.68      28117          1     0.3249 1.5405e-04     17.133    272.100    284.104    27.0993    27.1010 3.5922e-03 3.5270e-04          4  0.000e+00
   1171.542   48.81708  -16.44232    100.603     99.727    11.3173    11.3182  39.880133  39.883497    35.4875    35.4900     2.5568    264.923     2.4481    276.421      14.05    1481.32      28118          1     0.3249 1.5405e-04     17.133    272.102    283.912    27.0993    27.1010 3.5922e-03 3.5270e-04          4  0.000e+00
   1171.583   48.81708  -16.44232    100.515     99.640    11.3171    11.3182  39.879726  39.883497    35.4874    35.4901     2.5568    264.921     2.4493    276.598      14.05    1481.32      28119          1     0.3249 1.5405e-04     17.133    272.100    284.094    27.0992    27.1011 3.5709e-03 3.5270e-04          4  0.000e+00
   1171.625   48.81708  -16.44232    100.603     99.727    11.3172    11.3184  39.879591  39.883297    35.4871    35.4896     2.5568    264.923     2.4493    276.582      14.05    1481.68      28120          1     0.3249 1.5405e-04     17.133    272.102    284.078    27.0990    27.1008 3.5709e-03 3.5270e-04          4  0.000e+00
   1171.667   48.81708  -16.44232    100.662     99.785    11.3172    11.3184  39.879795  39.883431    35.4872    35.4897     2.5568    264.923     2.4493    276.588      14.05    1481.32      28121          1     0.3249 1.5405e-04     17.133    272.103    284.084    27.0991    27.1008 3.5709e-03 3.5078e-04          4  0.000e+00
   1171.708   48.81708  -16.44232    100.662     99.785    11.3173    11.3184  39.879930  39.883497    35.4873    35.4898     2.5568    264.922     2.4481    276.394      14.05    1481.32      28122          1     0.3249 1.5405e-04     17.133    272.101    283.884    27.0991    27.1008 3.5709e-03 3.5078e-04          4  0.000e+00
   1171.750   48.81708  -16.44232    100.603     99.727    11.3172    11.3184  39.879862  39.883497    35.4873    35.4898     2.5568    264.920     2.4481    276.371      14.05    1481.32      28123          1     0.3249 1.5405e-04     17.133    272.099    283.861    27.0992    27.1009 3.5498e-03 3.5078e-04          4  0.000e+00
   1171.792   48.81708  -16.44232    100.730     99.853    11.3173    11.3185  39.879863  39.883231    35.4872    35.4894     2.5568    264.923     2.4493    276.552      14.05    1481.68      28124          1     0.3249 1.5576e-04     17.133    272.102    284.047    27.0990    27.1005 3.5498e-03 3.4887e-04          4  0.000e+00
   1171.833   48.81708  -16.44232    100.730     99.853    11.3171    11.3184  39.879659  39.883364    35.4872    35.4896     2.5568    264.924     2.4481    276.358      14.05    1481.32      28125          1     0.3249 1.5576e-04     17.133    272.103    283.847    27.0991    27.1007 3.5498e-03 3.5078e-04          4  0.000e+00
   1171.875   48.81708  -16.44232    100.750     99.873    11.3172    11.3184  39.879795  39.883565    35.4872    35.4898     2.5568    264.923     2.4481    276.337      14.03    1481.32      28126          1     0.3249 1.5405e-04     17.133    272.102    283.826    27.0991    27.1009 3.5498e-03 3.5078e-04          4  0.000e+00
   1171.917   48.81708  -16.44232    100.731     99.853    11.3171    11.3182  39.879659  39.883498    35.4872    35.4900     2.5568    264.922     2.4493    276.512      14.05    1481.68      28127          1     0.3249 1.5405e-04     17.133    272.101    284.006    27.0991    27.1010 3.5498e-03 3.4887e-04          4  0.000e+00
   1171.958   48.81708  -16.44232    100.799     99.921    11.3172    11.3182  39.879253  39.883498    35.4867    35.4899     2.5568    264.924     2.4493    276.515      14.05    1481.32      28128          1     0.3249 1.5576e-04     17.133    272.103    284.009    27.0987    27.1010 3.5498e-03 3.4887e-04          4  0.000e+00
   1172.000   48.81708  -16.44232    100.819     99.941    11.3172    11.3184  39.879727  39.883698    35.4871    35.4899     2.5568    264.923     2.4481    276.318      14.05    1481.32      28129          1     0.3249 1.5405e-04     17.133    272.102    283.807    27.0990    27.1010 3.5498e-03 3.4887e-04          4  0.000e+00
   1172.042   48.81708  -16.44232    100.799     99.921    11.3172    11.3184  39.879931  39.883565    35.4874    35.4898     2.5568    264.902     2.4481    276.295      14.05    1481.68      28130          1     0.3249 1.5576e-04     17.133    272.081    283.783    27.0992    27.1009 3.5498e-03 3.4887e-04          4  0.000e+00
   1172.083   48.81708  -16.44232    100.877     99.999    11.3171    11.3184  39.880134  39.883498    35.4876    35.4897     2.5568    264.884     2.4481    276.274      14.05    1481.68      28131          1     0.3249 1.5405e-04     17.133    272.062    283.761    27.0994    27.1008 3.5288e-03 3.4697e-04          4  0.000e+00
   1172.125   48.81708  -16.44232    100.887    100.009    11.3173    11.3184  39.879999  39.883298    35.4872    35.4895     2.5568    264.862     2.4481    276.252      14.05    1481.68      28132          1     0.3249 1.5576e-04     17.133    272.039    283.738    27.0991    27.1007 3.5288e-03 3.4697e-04          4  0.000e+00
   1172.167   48.81700  -16.44234    100.877     99.999    11.3171    11.3184  39.879931  39.883632    35.4874    35.4898     2.5568    264.840     2.4481    276.227      14.05    1481.68      28133          1     0.3249 1.5405e-04     17.133    272.017    283.713    27.0993    27.1009 3.5288e-03 3.4697e-04          4  0.000e+00
   1172.208   48.81700  -16.44234    100.946    100.067    11.3172    11.3182  39.879931  39.883565    35.4873    35.4899     2.5568    264.839     2.4481    276.207      14.03    1481.68      28134          1     0.3249 1.5576e-04     17.133    272.015    283.693    27.0992    27.1010 3.5288e-03 3.4697e-04          4  0.000e+00
   1172.250   48.81700  -16.44234    100.887    100.009    11.3172    11.3182  39.880134  39.883498    35.4875    35.4899     2.5568    264.832     2.4481    276.182      14.05    1481.32      28135          1     0.3249 1.5405e-04     17.133    272.009    283.667    27.0993    27.1010 3.5288e-03 3.4697e-04          4  0.000e+00
   1172.292   48.81700  -16.44234    101.015    100.135    11.3170    11.3182  39.879728  39.883699    35.4872    35.4900     2.5580    264.989     2.4481    276.163      14.05    1481.68      28136          1     0.3249 1.5576e-04     17.133    272.170    283.647    27.0991    27.1011 3.5288e-03 3.4697e-04          4  0.000e+00
   1172.333   48.81708  -16.44232    100.819     99.941    11.3172    11.3184  39.879592  39.883899    35.4870    35.4901     2.5568    264.821     2.4493    276.328      14.06    1481.32      28137          1     0.3249 1.5405e-04     17.133    271.997    283.817    27.0989    27.1011 3.5079e-03 3.4697e-04          4  0.000e+00
   1172.375   48.81708  -16.44232    101.161    100.280    11.3173    11.3182  39.879796  39.883833    35.4869    35.4901     2.5556    264.652     2.4481    276.168      14.05    1481.68      28138          1     0.3249 1.5576e-04     17.133    271.824    283.653    27.0988    27.1012 3.5079e-03 3.4508e-04          4  0.000e+00
   1172.417   48.81708  -16.44232    101.015    100.135    11.3171    11.3184  39.879932  39.883833    35.4874    35.4900     2.5568    264.799     2.4481    276.163      14.05    1481.68      28139          1     0.3139 1.5576e-04     17.133    271.975    283.647    27.0992    27.1010 3.5079e-03 3.4508e-04          4  0.000e+00
   1172.458   48.81708  -16.44232    101.034    100.154    11.3172    11.3184  39.879932  39.883299    35.4873    35.4894     2.5568    264.795     2.4481    276.142      14.05    1481.32      28140          1     0.3139 1.5747e-04     17.133    271.970    283.626    27.0991    27.1006 3.5079e-03 3.4697e-04          4  0.000e+00
   1172.500   48.81708  -16.44232    101.093    100.213    11.3171    11.3182  39.879932  39.883633    35.4873    35.4899     2.5568    264.792     2.4481    276.122      14.05    1481.68      28141          1     0.3139 1.5576e-04     17.133    271.968    283.605    27.0992    27.1010 3.5079e-03 3.4320e-04          4  0.000e+00
   1172.542   48.81708  -16.44232    101.093    100.213    11.3172    11.3184  39.879932  39.883566    35.4872    35.4897     2.5568    264.787     2.4481    276.099      14.03    1481.32      28142          1     0.3139 1.5576e-04     17.133    271.963    283.582    27.0991    27.1008 3.5079e-03 3.4508e-04          4  0.000e+00
   1172.583   48.81708  -16.44232    101.034    100.154    11.3169    11.3184  39.879660  39.883566    35.4872    35.4897     2.5568    264.801     2.4481    276.074      14.03    1481.68      28143          1     0.3139 1.5747e-04     17.133    271.977    283.556    27.0991    27.1008 3.4871e-03 3.4320e-04          4  0.000e+00
   1172.625   48.81708  -16.44232    101.162    100.281    11.3173    11.3184  39.879796  39.883766    35.4869    35.4898     2.5568    264.800     2.4493    276.277      14.05    1481.32      28144          1     0.3139 1.5576e-04     17.133    271.976    283.765    27.0988    27.1009 3.4871e-03 3.4508e-04          4  0.000e+00
   1172.667   48.81708  -16.44232    101.162    100.281    11.3171    11.3182  39.879932  39.883833    35.4873    35.4901     2.5568    264.797     2.4481    276.107      14.05    1481.32      28145          1     0.3139 1.5576e-04     17.133    271.973    283.590    27.0992    27.1012 3.4871e-03 3.4508e-04          4  0.000e+00
   1172.708   48.81708  -16.44232    101.181    100.300    11.3172    11.3184  39.879932  39.883566    35.4872    35.4896     2.5568    264.794     2.4481    276.086      14.05    1481.68      28146          1     0.3139 1.5576e-04     17.133    271.969    283.568    27.0991    27.1008 3.4871e-03 3.4320e-04          4  0.000e+00
   1172.750   48.81708  -16.44232    101.162    100.281    11.3172    11.3182  39.879932  39.883700    35.4871    35.4899     2.5568    264.789     2.4481    276.064      14.05    1481.32      28147          1     0.3139 1.5576e-04     17.133    271.964    283.546    27.0990    27.1010 3.4871e-03 3.4320e-04          4  0.000e+00
   1172.792   48.81708  -16.44232    101.240    100.358    11.3173    11.3185  39.879932  39.883566    35.4870    35.4895     2.5568    264.787     2.4481    276.044      14.03    1481.68      28148          1     0.3139 1.5576e-04     17.133    271.963    283.525    27.0989    27.1006 3.4871e-03 3.4320e-04          4  0.000e+00
   1172.833   48.81708  -16.44232    101.181    100.300    11.3171    11.3185  39.879932  39.883566    35.4873    35.4895     2.5568    264.782     2.4481    276.045      14.05    1481.68      28149          1     0.3139 1.5747e-04     17.133    271.958    283.526    27.0992    27.1006 3.4665e-03 3.4320e-04          4  0.000e+00
   1172.875   48.81708  -16.44232    101.309    100.426    11.3170    11.3182  39.880136  39.883500    35.4875    35.4897     2.5580    264.957     2.4481    276.055      14.05    1481.32      28150          1     0.3139 1.5747e-04     17.133    272.137    283.536    27.0993    27.1008 3.4665e-03 3.4320e-04          4  0.000e+00
   1172.917   48.81708  -16.44232    101.240    100.358    11.3169    11.3182  39.879661  39.883700    35.4871    35.4899     2.5568    264.795     2.4481    276.033      14.05    1481.32      28151          1     0.3139 1.5576e-04     17.133    271.971    283.514    27.0991    27.1010 3.4665e-03 3.4134e-04          4  0.000e+00
   1172.958   48.81708  -16.44232    101.250    100.368    11.3172    11.3184  39.880068  39.883834    35.4873    35.4899     2.5568    264.789     2.4481    276.013      14.05    1481.68      28152          1     0.3139 1.5576e-04     17.133    271.965    283.493    27.0992    27.1010 3.4665e-03 3.4134e-04          4  0.000e+00
