Data_example/SBE_Data_Processed/DY130/SeaBird/Data/Batch/DY130_003.ros
* Sea-Bird SBE 9 Data File:
* FileName = C:\Users\sandm\Documents\Cruises\DY130\Data\Raw Data\DY130_003.hex
* Software Version Seasave V 7.26.7.121
* Temperature SN = 03P-5494
* Conductivity SN = 04C-3768
* Number of Bytes Per Scan = 45
* Number of Voltage Words = 4
* Number of Scans Averaged by the Deck Unit = 1
* NMEA Latitude = 48 56.15 N
* NMEA Longitude = 016 26.53 W
* NMEA UTC (Time) = Mar 31 2021  06:44:02
* NMEA baud rate = 9600
** Ship: RRS Discovery
** Cruise: DY130
** Cast: DY130_003
** Station: 021
** Julian Day: 090
** Date: 31st March 2021
** Time (GMT): 06:43
** Latitude: 48 56.14 N
** Longitude: 16 26.52 W
** Depth (uncorrected m): 4834
** Principal Scientist: Sue Hart
** Operator: BP/PH
# nquan = 28
# nvalues = 2541                                  
# units = specified
# name 0 = timeS: Time, Elapsed [seconds]
# name 1 = latitude: Latitude [deg]
# name 2 = longitude: Longitude [deg]
# name 3 = prDM: Pressure, Digiquartz [db]
# name 4 = depSM: Depth [salt water, m]
# name 5 = t090C: Temperature [ITS-90, deg C]
# name 6 = t190C: Temperature, 2 [ITS-90, deg C]
# name 7 = c0mS/cm: Conductivity [mS/cm]
# name 8 = c1mS/cm: Conductivity, 2 [mS/cm]
# name 9 = sal00: Salinity, Practical [PSU]
# name 10 = sal11: Salinity, Practical, 2 [PSU]
# name 11 = sbeox0V: Oxygen raw, SBE 43 [V]
# name 12 = sbox0Mm/Kg: Oxygen, SBE 43 [umol/kg]
# name 13 = sbeox1V: Oxygen raw, SBE 43, 2 [V]
# name 14 = sbox1Mm/Kg: Oxygen, SBE 43, 2 [umol/kg]
# name 15 = ptempC: Pressure Temperature [deg C]
# name 16 = altM: Altimeter [m]
# name 17 = scan: Scan Count
# name 18 = pumps: Pump Status
# name 19 = flECO-AFL: Fluorescence, WET Labs ECO-AFL/FL [mg/m^3]
# name 20 = turbWETbb0: Turbidity, WET Labs ECO BB [m^-1/sr]
# name 21 = ph: pH
# name 22 = sbeox0Mm/L: Oxygen, SBE 43 [umol/l]
# name 23 = sbeox1Mm/L: Oxygen, SBE 43, 2 [umol/l]
# name 24 = sigma-é00: Density [sigma-theta, kg/m^3]
# name 25 = sigma-é11: Density, 2 [sigma-theta, kg/m^3]
# name 26 = nbf: Bottles Fired
# name 27 = flag:  0.000e+00
# interval = seconds: 0.0416667
# start_time = Mar 31 2021 06:44:03 [NMEA time, first data scan]
# bad_flag = -9.990e-29
*END*
[from data line 415]
   7916.667   48.93578  -16.44214   3053.033   3005.387     2.8325     2.8332  32.735514  32.737440    34.9366    34.9381     1.5006    237.379     1.4603    250.000       7.02    1480.95     190001          1    -0.0267 9.2509e-05     19.241    243.996    256.968    27.8723    27.8735          4  0.000e+00
   7916.708   48.93578  -16.44214   3052.901   3005.258     2.8324     2.8333  32.735325  32.737687    34.9365    34.9383     1.4994    237.018     1.4603    249.999       7.02    1480.95     190002          1    -0.0377 9.2509e-05     19.241    243.624    256.967    27.8723    27.8737          4  0.000e+00
   7916.750   48.93578  -16.44214   3053.033   3005.387     2.8325     2.8332  32.735263  32.737440    34.9363    34.9381     1.5006    237.325     1.4603    250.009       7.03    1480.95     190003          1    -0.0267 9.2509e-05     19.241    243.939    256.978    27.8721    27.8735          4  0.000e+00
   7916.792   48.93578  -16.44214   3052.972   3005.328     2.8324     2.8333  32.735639  32.737934    34.9368    34.9386     1.5006    237.341     1.4603    250.010       7.02    1481.32     190004          1    -0.0377 9.2509e-05     19.241    243.956    256.979    27.8725    27.8739          4  0.000e+00
   7916.833   48.93578  -16.44214   3053.033   3005.387     2.8325     2.8332  32.735577  32.737502    34.9366    34.9382     1.5006    237.361     1.4603    250.019       7.00    1480.95     190005          1    -0.0377 9.2509e-05     19.247    243.977    256.988    27.8724    27.8736          4  0.000e+00
   7916.875   48.93578  -16.44214   3052.962   3005.318     2.8326     2.8332  32.735702  32.737502    34.9367    34.9382     1.5006    237.376     1.4603    250.021       7.02    1480.95     190006          1    -0.0377 9.2509e-05     19.247    243.992    256.990    27.8724    27.8736          4  0.000e+00
   7916.917   48.93578  -16.44214   3052.972   3005.328     2.8325     2.8332  32.735451  32.737378    34.9365    34.9381     1.5006    237.488     1.4603    250.026       7.02    1480.95     190007          1    -0.0377 9.2509e-05     19.247    244.107    256.995    27.8723    27.8735          4  0.000e+00
   7916.958   48.93578  -16.44214   3052.881   3005.238     2.8326     2.8333  32.735451  32.737501    34.9364    34.9381     1.4994    237.133     1.4603    250.027       7.02    1481.32     190008          1    -0.0377 9.2509e-05     19.247    243.743    256.996    27.8722    27.8735          4  0.000e+00
   7917.000   48.93578  -16.44214   3053.125   3005.477     2.8326     2.8333  32.735514  32.737564    34.9364    34.9381     1.5006    237.452     1.4603    249.922       7.02    1481.32     190009          1    -0.0377 9.2509e-05     19.247    244.070    256.889    27.8722    27.8735          4  0.000e+00
   7917.042   48.93578  -16.44214   3052.881   3005.239     2.8328     2.8332  32.735325  32.737748    34.9361    34.9386     1.4994    237.096     1.4591    249.484       7.02    1481.32     190010          1    -0.0377 9.2509e-05     19.247    243.704    256.438    27.8719    27.8739          4  0.000e+00
   7917.083   48.93584  -16.44216   3052.962   3005.318     2.8326     2.8332  32.735639  32.737625    34.9366    34.9384     1.4994    236.948     1.4591    249.379       7.00    1480.95     190011          1    -0.0377 9.2509e-05     19.247    243.552    256.330    27.8724    27.8737          4  0.000e+00
   7917.125   48.93584  -16.44216   3052.973   3005.328     2.8326     2.8332  32.735577  32.737378    34.9365    34.9381     1.5006    237.262     1.4591    249.277       7.03    1480.95     190012          1    -0.0487 9.2509e-05     19.247    243.875    256.225    27.8723    27.8735          4  0.000e+00
   7917.167   48.93584  -16.44216   3052.881   3005.239     2.8324     2.8332  32.735325  32.737501    34.9365    34.9383     1.5006    237.291     1.4603    249.606       7.02    1480.95     190013          1    -0.0487 9.2509e-05     19.247    243.904    256.564    27.8723    27.8736          4  0.000e+00
   7917.208   48.93584  -16.44216   3052.901   3005.259     2.8325     2.8333  32.735451  32.737563    34.9365    34.9382     1.5006    237.320     1.4603    249.620       7.02    1480.95     190014          1    -0.0377 9.2509e-05     19.247    243.935    256.578    27.8723    27.8735          4  0.000e+00
   7917.250   48.93578  -16.44214   3052.963   3005.318     2.8324     2.8332  32.735075  32.737378    34.9362    34.9381     1.4994    236.980     1.4603    249.637       7.00    1481.32     190015          1    -0.0377 9.2509e-05     19.247    243.585    256.596    27.8720    27.8735          4  0.000e+00
   7917.292   48.93578  -16.44214   3052.881   3005.239     2.8322     2.8333  32.735137  32.737069    34.9364    34.9376     1.4994    236.922     1.4591    249.218       7.02    1480.95     190016          1    -0.0377 9.2509e-05     19.247    243.526    256.164    27.8722    27.8731          4  0.000e+00
   7917.333   48.93578  -16.44214   3052.902   3005.259     2.8322     2.8330  32.735263  32.737378    34.9366    34.9383     1.4994    236.872     1.4603    249.557       7.02    1481.32     190017          1    -0.0487 9.2509e-05     19.247    243.474    256.513    27.8724    27.8737          4  0.000e+00
   7917.375   48.93578  -16.44214   3052.881   3005.239     2.8322     2.8333  32.735263  32.737563    34.9366    34.9382     1.5006    237.196     1.4603    249.573       7.02    1480.95     190018          1    -0.0377 9.2509e-05     19.247    243.807    256.529    27.8724    27.8735          4  0.000e+00
   7917.417   48.93578  -16.44214   3052.902   3005.259     2.8324     2.8333  32.735263  32.737378    34.9364    34.9379     1.5006    237.236     1.4603    249.592       7.02    1480.95     190019          1    -0.0487 9.2509e-05     19.247    243.849    256.549    27.8722    27.8734          4  0.000e+00
   7917.458   48.93578  -16.44214   3052.881   3005.239     2.8321     2.8333  32.735451  32.737316    34.9370    34.9379     1.5006    237.277     1.4603    249.611       7.02    1480.95     190020          1    -0.0377 9.2509e-05     19.247    243.891    256.568    27.8727    27.8733          4  0.000e+00
   7917.500   48.93578  -16.44214   3052.810   3005.169     2.8326     2.8332  32.735513  32.737316    34.9365    34.9381     1.4994    236.940     1.4603    249.628       7.00    1481.32     190021          1    -0.0487 9.2509e-05     19.247    243.544    256.586    27.8723    27.8735          4  0.000e+00
   7917.542   48.93578  -16.44214   3052.820   3005.179     2.8324     2.8332  32.735325  32.737439    34.9365    34.9382     1.4994    236.805     1.4603    249.647       7.02    1480.95     190022          1    -0.0487 9.2509e-05     19.247    243.405    256.605    27.8723    27.8736          4  0.000e+00
   7917.583   48.93578  -16.44214   3052.881   3005.239     2.8322     2.8333  32.735074  32.737501    34.9364    34.9381     1.5006    237.046     1.4603    249.666       7.02    1480.95     190023          1    -0.0377 9.2509e-05     19.247    243.653    256.625    27.8722    27.8735          4  0.000e+00
   7917.625   48.93578  -16.44214   3052.739   3005.100     2.8324     2.8332  32.734948  32.737377    34.9361    34.9382     1.5006    237.173     1.4603    249.681       7.00    1480.95     190024          1    -0.0487 9.2509e-05     19.247    243.784    256.641    27.8720    27.8736          4  0.000e+00
   7917.667   48.93578  -16.44214   3052.882   3005.239     2.8322     2.8333  32.735137  32.737501    34.9364    34.9381     1.5006    237.222     1.4603    249.704       7.02    1480.95     190025          1    -0.0487 9.2509e-05     19.247    243.834    256.664    27.8722    27.8735          4  0.000e+00
   7917.708   48.93578  -16.44214   3052.729   3005.090     2.8324     2.8332  32.735011  32.737130    34.9362    34.9379     1.5006    237.261     1.4603    249.719       7.02    1480.95     190026          1    -0.0487 9.2509e-05     19.247    243.874    256.680    27.8721    27.8733          4  0.000e+00
   7917.750   48.93578  -16.44214   3052.739   3005.100     2.8321     2.8333  32.734948  32.737192    34.9364    34.9378     1.5006    237.307     1.4603    249.737       7.02    1481.32     190027          1    -0.0377 9.2509e-05     19.247    243.921    256.698    27.8723    27.8732          4  0.000e+00
   7917.792   48.93578  -16.44214   3052.729   3005.090     2.8325     2.8333  32.735199  32.737068    34.9363    34.9377     1.4994    236.883     1.4603    249.756       7.00    1480.95     190028          1    -0.0487 9.2509e-05     19.247    243.486    256.717    27.8721    27.8731          4  0.000e+00
   7917.833   48.93578  -16.44214   3052.739   3005.100     2.8322     2.8332  32.735262  32.737192    34.9366    34.9380     1.4994    236.748     1.4603    249.775       7.02    1481.32     190029          1    -0.0487 9.2509e-05     19.247    243.347    256.738    27.8724    27.8734          4  0.000e+00
   7917.875   48.93578  -16.44214   3052.729   3005.090     2.8322     2.8332  32.735262  32.737315    34.9367    34.9381     1.4994    236.704     1.4603    249.794       7.00    1480.95     190030          1    -0.0487 9.2509e-05     19.247    243.302    256.756    27.8725    27.8735          4  0.000e+00
   7917.917   48.93578  -16.44214   3052.668   3005.031     2.8320     2.8332  32.735262  32.737315    34.9369    34.9381     1.5006    237.036     1.4603    249.810       7.02    1480.95     190031          1    -0.0377 9.2509e-05     19.241    243.642    256.773    27.8726    27.8735          4  0.000e+00
   7917.958   48.93578  -16.44214   3052.648   3005.011     2.8322     2.8332  32.735011  32.737315    34.9364    34.9382     1.5006    237.082     1.4603    249.828       7.02    1481.32     190032          1    -0.0487 9.2509e-05     19.241    243.690    256.792    27.8722    27.8735          4  0.000e+00
   7918.000   48.93578  -16.44214   3052.648   3005.011     2.8322     2.8332  32.735011  32.737501    34.9364    34.9384     1.4994    236.757     1.4591    249.416       7.02    1480.95     190033          1    -0.0377 9.2509e-05     19.241    243.356    256.368    27.8722    27.8737          4  0.000e+00
   7918.042   48.93578  -16.44214   3052.668   3005.031     2.8320     2.8332  32.734948  32.736883    34.9366    34.9376     1.4994    236.722     1.4603    249.760       7.02    1480.95     190034          1    -0.0487 9.2509e-05     19.241    243.320    256.721    27.8724    27.8731          4  0.000e+00
   7918.083   48.93584  -16.44216   3052.648   3005.011     2.8320     2.8330  32.734697  32.737130    34.9362    34.9381     1.5006    237.062     1.4603    249.783       7.02    1480.95     190035          1    -0.0487 9.2509e-05     19.241    243.669    256.745    27.8721    27.8735          4  0.000e+00
   7918.125   48.93584  -16.44216   3052.587   3004.951     2.8322     2.8332  32.734634  32.737315    34.9359    34.9382     1.4994    236.649     1.4603    249.803       7.02    1481.32     190036          1    -0.0487 9.2509e-05     19.241    243.245    256.766    27.8719    27.8736          4  0.000e+00
   7918.167   48.93584  -16.44216   3052.577   3004.941     2.8320     2.8330  32.735073  32.737068    34.9367    34.9381     1.5006    236.989     1.4603    249.827       7.02    1480.95     190037          1    -0.0377 9.0800e-05     19.235    243.595    256.791    27.8725    27.8735          4  0.000e+00
   7918.208   48.93584  -16.44216   3052.577   3004.941     2.8320     2.8330  32.735011  32.737006    34.9366    34.9380     1.5006    237.044     1.4591    249.420       7.02    1480.95     190038          1    -0.0377 9.0800e-05     19.235    243.651    256.372    27.8724    27.8734          4  0.000e+00
   7918.250   48.93578  -16.44212   3052.587   3004.951     2.8322     2.8332  32.735199  32.737006    34.9366    34.9378     1.5006    237.098     1.4603    249.766       7.00    1480.95     190039          1    -0.0267 9.0800e-05     19.235    243.707    256.728    27.8724    27.8733          4  0.000e+00
   7918.292   48.93578  -16.44212   3052.577   3004.942     2.8324     2.8330  32.735011  32.737191    34.9363    34.9382     1.5006    237.153     1.4603    249.794       7.02    1480.95     190040          1    -0.0377 9.0800e-05     19.235    243.763    256.757    27.8721    27.8736          4  0.000e+00
   7918.333   48.93578  -16.44212   3052.506   3004.872     2.8321     2.8333  32.734948  32.736944    34.9365    34.9376     1.4994    236.835     1.4591    249.388       7.02    1480.95     190041          1    -0.0377 9.0800e-05     19.235    243.436    256.339    27.8723    27.8731          4  0.000e+00
   7918.375   48.93578  -16.44212   3052.496   3004.862     2.8324     2.8330  32.734697  32.737191    34.9359    34.9382     1.4994    236.804     1.4603    249.740       7.02    1481.32     190042          1    -0.0377 9.0800e-05     19.229    243.404    256.701    27.8718    27.8736          4  0.000e+00
   7918.417   48.93578  -16.44212   3052.496   3004.862     2.8322     2.8332  32.735073  32.737068    34.9365    34.9379     1.5006    237.151     1.4591    249.341       7.02    1481.32     190043          1    -0.0377 9.0800e-05     19.235    243.761    256.291    27.8723    27.8734          4  0.000e+00
   7918.458   48.93578  -16.44212   3052.435   3004.802     2.8325     2.8330  32.735261  32.737006    34.9365    34.9380     1.5006    237.210     1.4603    249.696       7.02    1480.95     190044          1    -0.0377 9.0800e-05     19.229    243.822    256.656    27.8723    27.8735          4  0.000e+00
   7918.500   48.93578  -16.44212   3052.415   3004.783     2.8325     2.8330  32.735261  32.737006    34.9365    34.9381     1.5006    237.272     1.4591    249.302       7.00    1481.32     190045          1    -0.0377 9.0800e-05     19.229    243.885    256.251    27.8723    27.8735          4  0.000e+00
   7918.542   48.93578  -16.44212   3052.435   3004.803     2.8326     2.8328  32.735261  32.737006    34.9364    34.9382     1.5006    237.335     1.4603    249.665       7.02    1481.32     190046          1    -0.0377 9.0800e-05     19.229    243.950    256.624    27.8722    27.8736          4  0.000e+00
   7918.583   48.93578  -16.44212   3052.415   3004.783     2.8324     2.8330  32.735010  32.737006    34.9364    34.9381     1.4994    236.933     1.4603    249.705       7.00    1480.95     190047          1    -0.0267 9.0800e-05     19.229    243.537    256.665    27.8722    27.8735          4  0.000e+00
   7918.625   48.93578  -16.44212   3052.435   3004.803     2.8324     2.8327  32.735136  32.736512    34.9364    34.9378     1.4994    236.907     1.4603    249.751       7.02    1480.95     190048          1    -0.0267 9.0800e-05     19.229    243.511    256.712    27.8722    27.8733          4  0.000e+00
   7918.667   48.93578  -16.44212   3052.344   3004.713     2.8326     2.8327  32.735512  32.736573    34.9367    34.9379     1.5006    237.346     1.4603    249.790       7.02    1481.32     190049          1    -0.0377 9.0800e-05     19.223    243.961    256.752    27.8724    27.8734          4  0.000e+00
   7918.708   48.93578  -16.44212   3052.415   3004.783     2.8324     2.8328  32.735073  32.736450    34.9364    34.9376     1.5006    237.420     1.4603    249.834       7.02    1480.95     190050          1    -0.0377 9.0800e-05     19.229    244.037    256.797    27.8722    27.8731          4  0.000e+00
   7918.750   48.93578  -16.44212   3052.354   3004.723     2.8325     2.8327  32.735135  32.736573    34.9364    34.9379     1.5006    237.395     1.4591    249.443       7.02    1481.32     190051          1    -0.0377 9.0800e-05     19.223    244.012    256.396    27.8722    27.8734          4  0.000e+00
