Data_example/SBE_Data_Processed/DY130/SeaBird/Data/Batch/DY130_012.ros
* Sea-Bird SBE 9 Data File:
* FileName = C:\Users\sandm\Documents\Cruises\DY130\Data\Raw Data\DY130_012.hex
* Software Version Seasave V 7.26.7.121
* Temperature SN = 03P-5494
* Conductivity SN = 04C-3768
* Number of Bytes Per Scan = 45
* Number of Voltage Words = 4
* Number of Scans Averaged by the Deck Unit = 1
* NMEA Latitude = 48 57.73 N
* NMEA Longitude = 016 27.37 W
* NMEA UTC (Time) = Apr 09 2021  08:23:20
* NMEA baud rate = 9600
** Ship: RRS Discovery
** Cruise: DY130
** Cast: DY130_012
** Station: 071
** Julian Day: 099
** Date: 09/04/2021
** Time (GMT): 08:23
** Latitude: 48 57.72 N
** Longitude: 16 27.37 W
** Depth (uncorrected m): 4808
** Principal Scientist: Sue Hart
** Operator: BP/PH
# nquan = 27
# nvalues = 2904                                  
# units = specified
# name 0 = timeS: Time, Elapsed [seconds]
# name 1 = latitude: Latitude [deg]
# name 2 = longitude: Longitude [deg]
# name 3 = prDM: Pressure, Digiquartz [db]
# name 4 = depSM: Depth [salt water, m]
# name 5 = t090C: Temperature [ITS-90, deg C]
# name 6 = t190C: Temperature, 2 [ITS-90, deg C]
# name 7 = c0mS/cm: Conductivity [mS/cm]
# name 8 = c1mS/cm: Conductivity, 2 [mS/cm]
# name 9 = sal00: Salinity, Practical [PSU]
# name 10 = sal11: Salinity, Practical, 2 [PSU]
# name 11 = sbeox0V: Oxygen raw, SBE 43 [V]
# name 12 = sbox0Mm/Kg: Oxygen, SBE 43 [umol/kg]
# name 13 = sbeox1V: Oxygen raw, SBE 43, 2 [V]
# name 14 = sbox1Mm/Kg: Oxygen, SBE 43, 2 [umol/kg]
# name 15 = ptempC: Pressure Temperature [deg C]
# name 16 = altM: Altimeter [m]
# name 17 = scan: Scan Count
# name 18 = pumps: Pump Status
# name 19 = flECO-AFL: Fluorescence, WET Labs ECO-AFL/FL [mg/m^3]
# name 20 = turbWETbb0: Turbidity, WET Labs ECO BB [m^-1/sr]
# name 21 = sbeox0Mm/L: Oxygen, SBE 43 [umol/l]
# name 22 = sbeox1Mm/L: Oxygen, SBE 43, 2 [umol/l]
# name 23 = sigma-é00: Density [sigma-theta, kg/m^3]
# name 24 = sigma-é11: Density, 2 [sigma-theta, kg/m^3]
# name 25 = nbf: Bottles Fired
# name 26 = flag:  0.000e+00
# interval = seconds: 0.0416667
# start_time = Apr 09 2021 08:23:21 [NMEA time, first data scan]
# bad_flag = -9.990e-29
*END*
[from data line 2739]
   2925.792   48.96216  -16.45616      7.897      7.829    12.1038    12.1039  40.700105  40.703966    35.5834    35.5871     2.6422    267.685     2.5153    277.004      10.95    1481.68      70220          1     1.1271 2.5490e-04    274.918    284.490    27.0226    27.0254         23  0.000e+00
   2925.833   48.96216  -16.45616      7.965      7.897    12.1033    12.1039  40.699832  40.704438    35.5836    35.5875     2.6422    267.685     2.5153    277.015      10.94    1481.68      70221          1     1.1271 2.5661e-04    274.918    284.501    27.0228    27.0258         23  0.000e+00
   2925.875   48.96216  -16.45616      7.965      7.897    12.1036    12.1039  40.699969  40.703832    35.5834    35.5869     2.6422    267.695     2.5153    277.003      10.94    1481.68      70222          1     1.1271 2.5661e-04    274.929    284.489    27.0226    27.0253         23  0.000e+00
   2925.917   48.96216  -16.45616      7.896      7.829    12.1036    12.1039  40.700105  40.703832    35.5835    35.5870     2.6422    267.704     2.5153    276.988      10.94    1481.68      70223          1     1.1271 2.5661e-04    274.939    284.474    27.0227    27.0253         23  0.000e+00
   2925.958   48.96212  -16.45622      7.896      7.829    12.1036    12.1042  40.700105  40.704168    35.5835    35.5869     2.6422    267.699     2.5153    276.996      10.94    1481.32      70224          1     1.1271 2.5661e-04    274.933    284.482    27.0227    27.0252         23  0.000e+00
   2926.000   48.96212  -16.45622      7.965      7.897    12.1036    12.1041  40.699832  40.704438    35.5832    35.5873     2.6422    267.695     2.5153    276.987      10.94    1481.68      70225          1     1.1271 2.5661e-04    274.929    284.473    27.0225    27.0256         23  0.000e+00
   2926.042   48.96212  -16.45622      7.896      7.829    12.1038    12.1041  40.699968  40.704101    35.5833    35.5870     2.6422    267.685     2.5153    276.996      10.94    1481.68      70226          1     1.1271 2.5661e-04    274.919    284.482    27.0225    27.0254         23  0.000e+00
   2926.083   48.96212  -16.45622      7.896      7.829    12.1038    12.1039  40.700105  40.704168    35.5834    35.5873     2.6422    267.677     2.5153    276.986      10.94    1481.68      70227          1     1.1271 2.5661e-04    274.910    284.472    27.0226    27.0256         23  0.000e+00
   2926.125   48.96212  -16.45622      7.896      7.829    12.1036    12.1042  40.700105  40.704303    35.5835    35.5871     2.6422    267.669     2.5140    276.806      10.94    1481.68      70228          1     1.1271 2.5661e-04    274.902    284.287    27.0227    27.0253         23  0.000e+00
   2926.167   48.96212  -16.45622      7.965      7.897    12.1038    12.1041  40.699832  40.704303    35.5831    35.5872     2.6422    267.662     2.5153    276.991      10.94    1481.32      70229          1     1.1271 2.5661e-04    274.895    284.477    27.0223    27.0255         23  0.000e+00
   2926.208   48.96212  -16.45622      7.818      7.752    12.1036    12.1044  40.699968  40.704302    35.5834    35.5870     2.6422    267.665     2.5153    276.976      10.95    1481.32      70230          1     1.1271 2.5490e-04    274.898    284.461    27.0227    27.0252         23  0.000e+00
   2926.250   48.96212  -16.45622      7.896      7.829    12.1036    12.1041  40.700105  40.704168    35.5836    35.5871     2.6422    267.676     2.5153    276.995      10.94    1481.68      70231          1     1.1271 2.5661e-04    274.909    284.481    27.0228    27.0254         23  0.000e+00
   2926.292   48.96212  -16.45622      7.896      7.829    12.1038    12.1041  40.700105  40.703966    35.5834    35.5869     2.6435    267.851     2.5153    277.010      10.95    1481.32      70232          1     1.1271 2.5661e-04    275.089    284.497    27.0226    27.0253         23  0.000e+00
   2926.333   48.96212  -16.45622      7.877      7.810    12.1036    12.1041  40.700105  40.704168    35.5835    35.5871     2.6422    267.707     2.5153    277.025      10.94    1481.68      70233          1     1.1271 2.5661e-04    274.941    284.512    27.0227    27.0254         23  0.000e+00
   2926.375   48.96212  -16.45622      7.896      7.829    12.1036    12.1041  40.699832  40.704303    35.5833    35.5872     2.6435    267.883     2.5153    277.021      10.94    1481.32      70234          1     1.1271 2.5661e-04    275.122    284.507    27.0225    27.0255         23  0.000e+00
   2926.417   48.96212  -16.45622      7.896      7.829    12.1036    12.1041  40.699763  40.704303    35.5832    35.5872     2.6422    267.738     2.5153    277.037      10.94    1481.68      70235          1     1.1271 2.5661e-04    274.973    284.525    27.0225    27.0255         23  0.000e+00
   2926.458   48.96212  -16.45622      7.818      7.752    12.1036    12.1042  40.699763  40.704504    35.5832    35.5873     2.6422    267.742     2.5153    277.051      10.95    1481.32      70236          1     1.1271 2.5661e-04    274.977    284.539    27.0225    27.0255         23  0.000e+00
   2926.500   48.96212  -16.45622      7.896      7.829    12.1039    12.1041  40.700242  40.704236    35.5834    35.5872     2.6422    267.749     2.5153    277.052      10.94    1481.68      70237          1     1.1381 2.6345e-04    274.984    284.539    27.0226    27.0255         23  0.000e+00
   2926.542   48.96212  -16.45622      7.818      7.752    12.1038    12.1039  40.700173  40.704235    35.5835    35.5874     2.6422    267.753     2.5153    277.046      10.94    1481.68      70238          1     1.1381 2.7029e-04    274.989    284.534    27.0226    27.0257         23  0.000e+00
   2926.583   48.96212  -16.45622      7.896      7.829    12.1038    12.1039  40.700105  40.704303    35.5834    35.5874     2.6435    267.931     2.5153    277.068      10.95    1481.68      70239          1     1.1491 2.7029e-04    275.171    284.556    27.0226    27.0257         23  0.000e+00
   2926.625   48.96212  -16.45622      7.818      7.752    12.1036    12.1039  40.699831  40.704303    35.5833    35.5874     2.6422    267.784     2.5153    277.062      10.94    1481.68      70240          1     1.1381 2.7029e-04    275.020    284.550    27.0226    27.0257         23  0.000e+00
   2926.667   48.96212  -16.45622      7.896      7.829    12.1041    12.1039  40.699968  40.704034    35.5830    35.5871     2.6435    267.958     2.5153    277.063      10.94    1481.68      70241          1     1.1491 2.7029e-04    275.199    284.551    27.0222    27.0255         23  0.000e+00
   2926.708   48.96212  -16.45622      7.818      7.752    12.1039    12.1039  40.700105  40.704168    35.5833    35.5873     2.6422    267.809     2.5153    277.057      10.94    1481.32      70242          1     1.1491 2.7029e-04    275.046    284.545    27.0225    27.0256         23  0.000e+00
   2926.750   48.96212  -16.45622      7.818      7.752    12.1036    12.1037  40.700105  40.703697    35.5836    35.5870     2.6422    267.816     2.5153    277.078      10.94    1481.68      70243          1     1.1491 2.7029e-04    275.053    284.567    27.0228    27.0254         23  0.000e+00
   2926.792   48.96216  -16.45616      7.818      7.751    12.1040    12.1039  40.699831  40.704303    35.5830    35.5874     2.6422    267.820     2.5153    277.097      10.94    1481.32      70244          1     1.1381 2.7029e-04    275.057    284.586    27.0222    27.0257         23  0.000e+00
   2926.833   48.96216  -16.45616      7.818      7.751    12.1041    12.1041  40.699763  40.704101    35.5828    35.5871     2.6422    267.806     2.5153    277.096      10.94    1481.32      70245          1     1.1491 2.7029e-04    275.043    284.584    27.0221    27.0254         23  0.000e+00
   2926.875   48.96216  -16.45616      7.896      7.829    12.1038    12.1039  40.699968  40.703630    35.5832    35.5868     2.6422    267.797     2.5153    277.099      10.94    1481.32      70246          1     1.1491 2.7029e-04    275.033    284.588    27.0225    27.0252         23  0.000e+00
   2926.917   48.96216  -16.45616      7.818      7.751    12.1038    12.1042  40.700310  40.703831    35.5836    35.5866     2.6422    267.797     2.5153    277.094      10.94    1481.32      70247          1     1.1491 2.7029e-04    275.033    284.582    27.0227    27.0250         23  0.000e+00
   2926.958   48.96212  -16.45622      7.818      7.751    12.1039    12.1042  40.699900  40.704101    35.5831    35.5869     2.6435    267.969     2.5153    277.092      10.94    1481.32      70248          1     1.1491 2.7029e-04    275.210    284.581    27.0223    27.0252         23  0.000e+00
   2927.000   48.96212  -16.45622      7.749      7.683    12.1041    12.1044  40.699968  40.704235    35.5830    35.5869     2.6422    267.799     2.5153    277.088      10.95    1481.68      70249          1     1.1491 2.7029e-04    275.036    284.576    27.0222    27.0252         23  0.000e+00
   2927.042   48.96212  -16.45622      7.818      7.751    12.1040    12.1044  40.700105  40.704504    35.5833    35.5872     2.6435    267.973     2.5153    277.089      10.94    1481.32      70250          1     1.1381 2.7029e-04    275.214    284.578    27.0225    27.0254         23  0.000e+00
   2927.083   48.96212  -16.45622      7.818      7.751    12.1038    12.1044  40.700652  40.704370    35.5839    35.5870     2.6435    267.973     2.5153    277.111      10.94    1481.68      70251          1     1.1491 2.7029e-04    275.214    284.600    27.0230    27.0253         23  0.000e+00
   2927.125   48.96212  -16.45622      7.818      7.751    12.1040    12.1044  40.700036  40.704774    35.5832    35.5874     2.6422    267.822     2.5153    277.110      10.94    1481.32      70252          1     1.1381 2.7029e-04    275.059    284.599    27.0224    27.0256         23  0.000e+00
   2927.167   48.96212  -16.45622      7.818      7.751    12.1039    12.1046  40.699968  40.704437    35.5832    35.5869     2.6422    267.805     2.5153    277.132      10.94    1481.68      70253          1     1.1491 2.6858e-04    275.041    284.622    27.0224    27.0252         23  0.000e+00
   2927.208   48.96212  -16.45622      7.818      7.751    12.1040    12.1047  40.700310  40.704437    35.5835    35.5868     2.6422    267.786     2.5140    276.943      10.94    1481.68      70254          1     1.1491 2.7029e-04    275.022    284.427    27.0226    27.0250         23  0.000e+00
   2927.250   48.96212  -16.45622      7.818      7.751    12.1041    12.1047  40.700720  40.704572    35.5837    35.5869     2.6422    267.765     2.5153    277.112      10.94    1481.68      70255          1     1.1491 2.7029e-04    275.001    284.601    27.0228    27.0251         23  0.000e+00
   2927.292   48.96212  -16.45622      7.749      7.683    12.1041    12.1047  40.700515  40.704639    35.5836    35.5870     2.6422    267.743     2.5153    277.112      10.94    1481.32      70256          1     1.1491 2.7029e-04    274.978    284.601    27.0227    27.0252         23  0.000e+00
   2927.333   48.96212  -16.45622      7.818      7.751    12.1041    12.1044  40.700447  40.704370    35.5835    35.5870     2.6422    267.725     2.5153    277.118      10.94    1481.32      70257          1     1.1491 2.7029e-04    274.960    284.607    27.0226    27.0253         23  0.000e+00
   2927.375   48.96212  -16.45622      7.818      7.751    12.1040    12.1046  40.700173  40.704504    35.5833    35.5870     2.6435    267.873     2.5153    277.119      10.94    1481.32      70258          1     1.1491 2.7029e-04    275.112    284.608    27.0225    27.0252         23  0.000e+00
   2927.417   48.96212  -16.45622      7.818      7.751    12.1041    12.1047  40.700105  40.704639    35.5831    35.5870     2.6422    267.717     2.5153    277.119      10.94    1481.68      70259          1     1.1491 2.6858e-04    274.951    284.609    27.0223    27.0252         23  0.000e+00
   2927.458   48.96212  -16.45622      7.749      7.683    12.1040    12.1046  40.700105  40.704841    35.5833    35.5873     2.6422    267.710     2.5153    277.119      10.94    1481.68      70260          1     1.1491 2.7029e-04    274.944    284.608    27.0225    27.0255         23  0.000e+00
   2927.500   48.96212  -16.45622      7.818      7.751    12.1040    12.1046  40.700310  40.704437    35.5835    35.5869     2.6422    267.707     2.5153    277.124      10.94    1481.32      70261          1     1.1491 2.7029e-04    274.941    284.613    27.0226    27.0252         23  0.000e+00
   2927.542   48.96212  -16.45622      7.749      7.683    12.1040    12.1046  40.700173  40.704504    35.5834    35.5870     2.6422    267.700     2.5153    277.123      10.94    1481.32      70262          1     1.1491 2.6858e-04    274.934    284.613    27.0225    27.0252         23  0.000e+00
   2927.583   48.96212  -16.45622      7.818      7.751    12.1040    12.1046  40.700105  40.704370    35.5833    35.5868     2.6422    267.680     2.5153    277.128      10.94    1481.68      70263          1     1.1601 2.6345e-04    274.913    284.617    27.0225    27.0251         23  0.000e+00
   2945.167   48.96212  -16.45622      7.812      7.745    12.1053    12.1067  40.701540  40.706591    35.5834    35.5870     2.6459    268.249     2.5177    277.398      10.94    1481.68      70685          1     1.2919 2.6174e-04    275.498    284.895    27.0223    27.0248         24  0.000e+00
   2945.208   48.96212  -16.45622      7.812      7.745    12.1054    12.1070  40.701540  40.706726    35.5833    35.5868     2.6459    268.255     2.5177    277.392      10.94    1481.32      70686          1     1.2919 2.6174e-04    275.504    284.889    27.0222    27.0246         24  0.000e+00
   2945.250   48.96212  -16.45622      7.812      7.745    12.1053    12.1069  40.701540  40.706726    35.5834    35.5870     2.6459    268.261     2.5189    277.578      10.94    1481.68      70687          1     1.2919 2.6174e-04    275.510    285.079    27.0223    27.0248         24  0.000e+00
   2945.292   48.96212  -16.45622      7.890      7.823    12.1054    12.1070  40.701540  40.706659    35.5833    35.5867     2.6459    268.269     2.5189    277.596      10.95    1481.32      70688          1     1.2919 2.6174e-04    275.518    285.098    27.0222    27.0246         24  0.000e+00
   2945.333   48.96212  -16.45622      7.812      7.745    12.1054    12.1069  40.701540  40.706995    35.5833    35.5872     2.6459    268.270     2.5189    277.609      10.95    1481.32      70689          1     1.2919 2.6174e-04    275.519    285.111    27.0222    27.0250         24  0.000e+00
   2945.375   48.96212  -16.45622      7.812      7.745    12.1054    12.1070  40.701266  40.706524    35.5830    35.5866     2.6471    268.442     2.5177    277.434      10.95    1481.32      70690          1     1.2919 2.6174e-04    275.696    284.931    27.0220    27.0245         24  0.000e+00
   2945.417   48.96212  -16.45622      7.812      7.745    12.1054    12.1070  40.701403  40.706591    35.5831    35.5867     2.6459    268.293     2.5177    277.449      10.94    1481.68      70691          1     1.2919 2.6174e-04    275.543    284.947    27.0221    27.0245         24  0.000e+00
   2945.458   48.96212  -16.45622      7.743      7.677    12.1056    12.1070  40.701540  40.706725    35.5831    35.5869     2.6471    268.459     2.5177    277.462      10.95    1481.68      70692          1     1.2919 2.6174e-04    275.713    284.960    27.0220    27.0247         24  0.000e+00
