Data_example/SBE_Data_Processed/DY130/SeaBird/Data/Batch/DY130_004.ros
* Sea-Bird SBE 9 Data File:
* FileName = C:\Users\sandm\Documents\Cruises\DY130\Data\Raw Data\DY130_004.hex
* Software Version Seasave V 7.26.7.121
* Temperature SN = 03P-5494
* Conductivity SN = 04C-3768
* Number of Bytes Per Scan = 45
* Number of Voltage Words = 4
* Number of Scans Averaged by the Deck Unit = 1
* NMEA Latitude = 48 56.97 N
* NMEA Longitude = 016 26.65 W
* NMEA UTC (Time) = Apr 01 2021  07:02:32
* NMEA baud rate = 9600
** Ship: RRS Discovery
** Cruise: DY130
** Cast: DY130_004
** Station: 027
** Julian Day: 091
** Date: 01/04/21
** Time (GMT): 07:02
** Latitude: 48 56.96 N
** Longitude: 16 26.64 W
** Depth (uncorrected m): 4811
** Principal Scientist: Sue Hart
** Operator: BP/PH
# nquan = 29
# nvalues = 2541                                  
# units = specified
# name 0 = timeS: Time, Elapsed [seconds]
# name 1 = latitude: Latitude [deg]
# name 2 = longitude: Longitude [deg]
# name 3 = prDM: Pressure, Digiquartz [db]
# name 4 = depSM: Depth [salt water, m]
# name 5 = t090C: Temperature [ITS-90, deg C]
# name 6 = t190C: Temperature, 2 [ITS-90, deg C]
# name 7 = c0mS/cm: Conductivity [mS/cm]
# name 8 = c1mS/cm: Conductivity, 2 [mS/cm]
# name 9 = sal00: Salinity, Practical [PSU]
# name 10 = sal11: Salinity, Practical, 2 [PSU]
# name 11 = sbeox0V: Oxygen raw, SBE 43 [V]
# name 12 = sbox0Mm/Kg: Oxygen, SBE 43 [umol/kg]
# name 13 = sbeox1V: Oxygen raw, SBE 43, 2 [V]
# name 14 = sbox1Mm/Kg: Oxygen, SBE 43, 2 [umol/kg]
# name 15 = ptempC: Pressure Temperature [deg C]
# name 16 = altM: Altimeter [m]
# name 17 = scan: Scan Count
# name 18 = pumps: Pump Status
# name 19 = flECO-AFL: Fluorescence, WET Labs ECO-AFL/FL [mg/m^3]
# name 20 = turbWETbb0: Turbidity, WET Labs ECO BB [m^-1/sr]
# name 21 = sbeox0Mm/L: Oxygen, SBE 43 [umol/l]
# name 22 = sbeox1Mm/L: Oxygen, SBE 43, 2 [umol/l]
# name 23 = sigma-é00: Density [sigma-theta, kg/m^3]
# name 24 = sigma-é11: Density, 2 [sigma-theta, kg/m^3]
# name 25 = par: PAR/Irradiance, Biospherical/Licor [umol photons/m^2/sec]
# name 26 = par1: PAR/Irradiance, Biospherical/Licor [umol photons/m^2/sec]
# name 27 = nbf: Bottles Fired
# name 28 = flag:  0.000e+00
# interval = seconds: 0.0416667
# start_time = Apr 01 2021 07:02:33 [NMEA time, first data scan]
# bad_flag = -9.990e-29
*END*
[from data line 351]
   1234.958   48.94942  -16.44410    205.151    203.311    11.0698    11.0710  39.657443  39.661111    35.4570    35.4595     2.4640    257.978     2.3541    267.773       9.82    1481.68      29640          1     0.0062 1.1131e-04    264.975    275.037    27.1235    27.1252 1.6242e-05 4.5139e-06          3  0.000e+00
   1235.000   48.94942  -16.44410    205.219    203.378    11.0698    11.0710  39.657443  39.661311    35.4569    35.4596     2.4640    257.969     2.3553    267.974       9.83    1481.68      29641          1     0.0062 1.1131e-04    264.966    275.243    27.1234    27.1253 1.6242e-05 4.5139e-06          3  0.000e+00
   1235.042   48.94942  -16.44410    205.210    203.369    11.0698    11.0710  39.657849  39.661178    35.4573    35.4595     2.4640    257.955     2.3553    267.998       9.83    1481.32      29642          1     0.0062 1.1131e-04    264.952    275.268    27.1237    27.1252 1.6242e-05 4.5139e-06          3  0.000e+00
   1235.083   48.94942  -16.44410    205.151    203.310    11.0699    11.0710  39.657578  39.661311    35.4570    35.4596     2.4640    257.941     2.3553    268.020       9.83    1481.32      29643          1    -0.0048 1.1131e-04    264.937    275.290    27.1235    27.1253 1.6242e-05 4.5139e-06          3  0.000e+00
   1235.125   48.94942  -16.44410    205.219    203.378    11.0698    11.0713  39.657240  39.661444    35.4567    35.4595     2.4640    257.930     2.3553    268.046       9.83    1481.32      29644          1    -0.0048 1.1131e-04    264.926    275.317    27.1233    27.1251 1.6242e-05 4.5139e-06          3  0.000e+00
   1235.167   48.94942  -16.44410    205.209    203.369    11.0700    11.0710  39.657646  39.661178    35.4570    35.4595     2.4640    257.914     2.3541    267.848       9.83    1481.68      29645          1    -0.0048 1.1131e-04    264.909    275.113    27.1235    27.1252 1.6242e-05 4.5139e-06          3  0.000e+00
   1235.208   48.94942  -16.44410    205.219    203.378    11.0699    11.0711  39.657578  39.661311    35.4569    35.4595     2.4640    257.899     2.3541    267.850       9.83    1481.32      29646          1    -0.0048 1.1131e-04    264.894    275.116    27.1234    27.1252 1.6242e-05 4.5139e-06          3  0.000e+00
   1235.250   48.94942  -16.44410    205.219    203.378    11.0701    11.0709  39.657714  39.661178    35.4569    35.4596     2.4640    257.882     2.3553    268.033       9.83    1481.32      29647          1    -0.0048 1.1131e-04    264.877    275.303    27.1234    27.1253 1.6242e-05 4.5139e-06          3  0.000e+00
   1235.292   48.94942  -16.44410    205.150    203.310    11.0700    11.0711  39.657105  39.661311    35.4565    35.4595     2.4652    258.043     2.3553    268.033       9.83    1481.32      29648          1    -0.0048 1.1131e-04    265.042    275.303    27.1231    27.1252 1.6242e-05 4.5139e-06          3  0.000e+00
   1235.333   48.94942  -16.44410    205.278    203.437    11.0699    11.0709  39.657308  39.661445    35.4567    35.4598     2.4652    258.048     2.3553    268.042       9.83    1481.32      29649          1    -0.0048 1.1131e-04    265.047    275.313    27.1232    27.1255 1.6242e-05 4.5139e-06          3  0.000e+00
   1235.375   48.94942  -16.44410    205.219    203.378    11.0701    11.0711  39.657511  39.661444    35.4567    35.4596     2.4652    258.064     2.3553    268.043       9.83    1481.32      29650          1    -0.0048 1.1131e-04    265.063    275.314    27.1232    27.1253 1.6242e-05 4.5139e-06          3  0.000e+00
   1235.417   48.94942  -16.44410    205.219    203.378    11.0698    11.0712  39.657714  39.661178    35.4572    35.4593     2.4652    258.083     2.3553    268.047       9.83    1481.32      29651          1    -0.0048 1.1131e-04    265.084    275.318    27.1236    27.1250 1.6242e-05 4.5139e-06          3  0.000e+00
   1268.042   48.94942  -16.44410    204.708    202.872    11.0709    11.0718  39.658320  39.661775    35.4569    35.4595     2.4664    258.127     2.3553    268.106       9.83    1481.32      30434          1     0.0172 1.0960e-04    265.129    275.378    27.1232    27.1251 1.5719e-05 4.5139e-06          4  0.000e+00
   1268.083   48.94942  -16.44410    204.777    202.940    11.0708    11.0717  39.658388  39.661776    35.4571    35.4597     2.4652    257.970     2.3553    268.106       9.83    1481.68      30435          1     0.0062 1.0960e-04    264.967    275.378    27.1234    27.1252 1.5719e-05 4.5139e-06          4  0.000e+00
   1268.125   48.94942  -16.44410    204.767    202.931    11.0707    11.0716  39.658591  39.661776    35.4574    35.4598     2.4664    258.147     2.3553    268.103       9.83    1481.32      30436          1     0.0062 1.0960e-04    265.149    275.375    27.1236    27.1253 1.5719e-05 4.5139e-06          4  0.000e+00
   1268.167   48.94942  -16.44410    204.777    202.940    11.0708    11.0718  39.658456  39.661776    35.4572    35.4595     2.4664    258.166     2.3553    268.099       9.83    1481.68      30437          1     0.0062 1.0960e-04    265.168    275.371    27.1235    27.1251 1.5719e-05 4.5139e-06          4  0.000e+00
   1268.208   48.94942  -16.44410    204.856    203.018    11.0708    11.0718  39.658592  39.662309    35.4573    35.4600     2.4664    258.185     2.3553    268.097       9.83    1481.32      30438          1     0.0062 1.0960e-04    265.188    275.370    27.1235    27.1254 1.5719e-05 4.5139e-06          4  0.000e+00
   1268.250   48.94942  -16.44410    204.767    202.931    11.0709    11.0718  39.658253  39.661909    35.4568    35.4597     2.4664    258.198     2.3553    268.092       9.83    1481.68      30439          1     0.0062 1.0960e-04    265.201    275.364    27.1232    27.1252 1.5719e-05 4.5139e-06          4  0.000e+00
   1268.292   48.94942  -16.44410    204.777    202.940    11.0706    11.0718  39.658253  39.662309    35.4572    35.4600     2.4664    258.215     2.3553    268.088       9.83    1481.32      30440          1     0.0062 1.0960e-04    265.219    275.361    27.1235    27.1255 1.5719e-05 4.5139e-06          4  0.000e+00
   1268.333   48.94942  -16.44410    204.777    202.940    11.0708    11.0715  39.658388  39.661909    35.4571    35.4600     2.4664    258.229     2.3553    268.088       9.83    1481.32      30441          1     0.0062 1.0960e-04    265.233    275.360    27.1234    27.1255 1.5719e-05 4.5139e-06          4  0.000e+00
   1268.375   48.94942  -16.44410    204.856    203.018    11.0706    11.0718  39.658321  39.661976    35.4572    35.4596     2.4664    258.246     2.3553    268.086       9.83    1481.32      30442          1     0.0062 1.0960e-04    265.251    275.358    27.1235    27.1252 1.5719e-05 4.5139e-06          4  0.000e+00
   1268.417   48.94942  -16.44410    204.767    202.931    11.0709    11.0717  39.658388  39.661576    35.4570    35.4595     2.4664    258.275     2.3553    268.081       9.83    1481.68      30443          1     0.0062 1.0960e-04    265.280    275.353    27.1233    27.1251 1.5719e-05 4.5139e-06          4  0.000e+00
   1268.458   48.94942  -16.44410    204.856    203.018    11.0708    11.0716  39.658592  39.661643    35.4573    35.4596     2.4664    258.291     2.3553    268.081       9.83    1481.68      30444          1     0.0062 1.0960e-04    265.297    275.353    27.1235    27.1252 1.5719e-05 4.5139e-06          4  0.000e+00
   1268.500   48.94942  -16.44410    204.777    202.940    11.0707    11.0717  39.658727  39.661509    35.4575    35.4594     2.4664    258.300     2.3553    268.076       9.83    1481.68      30445          1     0.0062 1.0960e-04    265.306    275.347    27.1237    27.1250 1.5719e-05 4.5139e-06          4  0.000e+00
   1268.542   48.94942  -16.44410    204.777    202.940    11.0708    11.0717  39.658185  39.661642    35.4569    35.4595     2.4664    258.312     2.3553    268.098       9.83    1481.32      30446          1     0.0062 1.0960e-04    265.319    275.370    27.1232    27.1251 1.5719e-05 4.5139e-06          4  0.000e+00
   1268.583   48.94942  -16.44410    204.836    202.999    11.0708    11.0715  39.658321  39.661510    35.4570    35.4596     2.4664    258.325     2.3553    268.099       9.83    1481.32      30447          1     0.0062 1.0960e-04    265.331    275.371    27.1233    27.1252 1.5719e-05 4.5139e-06          4  0.000e+00
   1268.625   48.94942  -16.44410    204.856    203.018    11.0709    11.0716  39.658592  39.661909    35.4571    35.4599     2.4664    258.334     2.3553    268.096       9.83    1481.32      30448          1     0.0062 1.0960e-04    265.341    275.369    27.1234    27.1254 1.5719e-05 4.5139e-06          4  0.000e+00
   1268.667   48.94942  -16.44410    204.856    203.018    11.0708    11.0715  39.658253  39.662109    35.4569    35.4601     2.4664    258.344     2.3553    268.094       9.83    1481.32      30449          1     0.0062 1.0960e-04    265.351    275.367    27.1233    27.1256 1.5719e-05 4.5139e-06          4  0.000e+00
   1268.708   48.94942  -16.44410    204.767    202.931    11.0708    11.0714  39.658524  39.661842    35.4573    35.4600     2.4664    258.349     2.3553    268.090       9.83    1481.32      30450          1     0.0062 1.0960e-04    265.356    275.362    27.1235    27.1255 1.5719e-05 4.5139e-06          4  0.000e+00
   1268.750   48.94942  -16.44410    204.856    203.018    11.0709    11.0716  39.658456  39.661776    35.4570    35.4597     2.4664    258.358     2.3553    268.090       9.83    1481.32      30451          1     0.0062 1.0960e-04    265.366    275.362    27.1233    27.1253 1.5719e-05 4.5139e-06          4  0.000e+00
   1268.792   48.94950  -16.44416    204.856    203.018    11.0709    11.0715  39.658321  39.661776    35.4569    35.4598     2.4664    258.365     2.3553    268.089       9.83    1481.32      30452          1     0.0062 1.0960e-04    265.373    275.361    27.1232    27.1254 1.5719e-05 4.5139e-06          4  0.000e+00
   1268.833   48.94950  -16.44416    204.856    203.018    11.0708    11.0717  39.658321  39.661776    35.4570    35.4596     2.4664    258.371     2.3553    268.086       9.83    1481.68      30453          1     0.0062 1.0960e-04    265.379    275.358    27.1233    27.1252 1.5719e-05 4.5139e-06          4  0.000e+00
   1268.875   48.94950  -16.44416    204.914    203.076    11.0707    11.0717  39.658389  39.661776    35.4571    35.4596     2.4664    258.378     2.3553    268.086       9.83    1481.32      30454          1     0.0062 1.0960e-04    265.386    275.358    27.1234    27.1252 1.5719e-05 4.5139e-06          4  0.000e+00
   1268.917   48.94950  -16.44416    204.777    202.940    11.0708    11.0716  39.658321  39.661776    35.4571    35.4598     2.4664    258.378     2.3553    268.080       9.83    1481.68      30455          1     0.0062 1.0960e-04    265.386    275.351    27.1234    27.1253 1.5719e-05 4.5139e-06          4  0.000e+00
   1268.958   48.94942  -16.44410    204.856    203.018    11.0709    11.0715  39.658659  39.661976    35.4572    35.4600     2.4664    258.382     2.3553    268.080       9.83    1481.32      30456          1     0.0062 1.0960e-04    265.391    275.352    27.1235    27.1255 1.5719e-05 4.5139e-06          4  0.000e+00
   1269.000   48.94942  -16.44410    204.924    203.086    11.0707    11.0716  39.658660  39.661843    35.4574    35.4598     2.4664    258.388     2.3553    268.080       9.83    1481.32      30457          1     0.0062 1.0960e-04    265.396    275.352    27.1236    27.1253 1.5719e-05 4.5139e-06          4  0.000e+00
   1269.042   48.94942  -16.44410    204.836    202.999    11.0708    11.0715  39.658456  39.661776    35.4572    35.4598     2.4664    258.387     2.3553    268.076       9.83    1481.32      30458          1     0.0062 1.0960e-04    265.395    275.348    27.1234    27.1254 1.5719e-05 4.5139e-06          4  0.000e+00
   1269.083   48.94942  -16.44410    204.856    203.018    11.0708    11.0717  39.658592  39.661776    35.4573    35.4596     2.4664    258.388     2.3553    268.073       9.83    1481.68      30459          1     0.0062 1.0960e-04    265.396    275.345    27.1235    27.1252 1.5719e-05 4.5139e-06          4  0.000e+00
   1269.125   48.94942  -16.44410    204.924    203.086    11.0706    11.0715  39.658457  39.661776    35.4573    35.4598     2.4664    258.391     2.3553    268.100       9.83    1481.32      30460          1     0.0062 1.1302e-04    265.400    275.373    27.1236    27.1254 1.5719e-05 4.5139e-06          4  0.000e+00
   1269.167   48.94942  -16.44410    204.856    203.018    11.0709    11.0714  39.658050  39.661776    35.4566    35.4599     2.4664    258.388     2.3553    268.097       9.83    1481.32      30461          1     0.0062 1.1302e-04    265.396    275.370    27.1230    27.1255 1.5719e-05 4.5139e-06          4  0.000e+00
   1269.208   48.94942  -16.44410    204.914    203.076    11.0709    11.0715  39.658592  39.661776    35.4571    35.4598     2.4664    258.387     2.3553    268.098       9.83    1481.32      30462          1     0.0062 1.1302e-04    265.395    275.370    27.1234    27.1254 1.5719e-05 4.5139e-06          4  0.000e+00
   1269.250   48.94942  -16.44410    204.856    203.018    11.0707    11.0717  39.658389  39.661776    35.4571    35.4596     2.4664    258.363     2.3553    268.094       9.83    1481.68      30463          1     0.0062 1.1302e-04    265.371    275.366    27.1234    27.1252 1.5719e-05 4.5139e-06          4  0.000e+00
   1269.292   48.94942  -16.44410    204.924    203.086    11.0709    11.0717  39.658118  39.661776    35.4566    35.4596     2.4664    258.361     2.3553    268.095       9.83    1481.32      30464          1     0.0062 1.1302e-04    265.369    275.368    27.1230    27.1252 1.5719e-05 4.5139e-06          4  0.000e+00
   1269.333   48.94942  -16.44410    204.836    202.999    11.0709    11.0717  39.657983  39.661776    35.4565    35.4596     2.4664    258.354     2.3553    268.091       9.83    1481.68      30465          1     0.0062 1.1302e-04    265.361    275.363    27.1229    27.1252 1.5719e-05 4.5139e-06          4  0.000e+00
   1269.375   48.94942  -16.44410    204.924    203.086    11.0709    11.0718  39.658051  39.661976    35.4566    35.4597     2.4652    258.173     2.3553    268.092       9.83    1481.32      30466          1     0.0062 1.1302e-04    265.175    275.364    27.1230    27.1252 1.5719e-05 4.5139e-06          4  0.000e+00
   1269.417   48.94942  -16.44410    204.924    203.086    11.0708    11.0720  39.658524  39.662642    35.4572    35.4601     2.4664    258.326     2.3553    268.089       9.83    1481.68      30467          1     0.0062 1.1302e-04    265.332    275.361    27.1235    27.1255 1.5719e-05 4.5139e-06          4  0.000e+00
   1269.458   48.94942  -16.44410    204.924    203.086    11.0709    11.0718  39.658727  39.662576    35.4573    35.4603     2.4664    258.318     2.3553    268.115       9.83    1481.32      30468          1     0.0062 1.1302e-04    265.325    275.388    27.1235    27.1257 1.5719e-05 4.5139e-06          4  0.000e+00
   1269.500   48.94942  -16.44410    204.914    203.076    11.0706    11.0720  39.658389  39.662176    35.4572    35.4596     2.4664    258.313     2.3553    268.114       9.83    1481.32      30469          1     0.0062 1.1302e-04    265.319    275.387    27.1235    27.1251 1.5719e-05 4.5139e-06          4  0.000e+00
   1269.542   48.94942  -16.44410    204.855    203.018    11.0708    11.0720  39.658389  39.662642    35.4571    35.4601     2.4664    258.302     2.3553    268.111       9.83    1481.32      30470          1     0.0062 1.1302e-04    265.308    275.384    27.1234    27.1255 1.5719e-05 4.5139e-06          4  0.000e+00
