Data_example/SBE_Data_Processed/DY130/SeaBird/Data/Batch/DY130_014.ros
* Sea-Bird SBE 9 Data File:
* FileName = C:\Users\sandm\Documents\Cruises\DY130\Data\Raw Data\DY130_014.hex
* Software Version Seasave V 7.26.7.121
* Temperature SN = 03P-5494
* Conductivity SN = 04C-3768
* Number of Bytes Per Scan = 45
* Number of Voltage Words = 4
* Number of Scans Averaged by the Deck Unit = 1
* NMEA Latitude = 49 15.62 N
* NMEA Longitude = 014 30.22 W
* NMEA UTC (Time) = Apr 12 2021  01:21:29
* NMEA baud rate = 9600
** Ship: RRS Discovery
** Cruise: DY130
** Cast: 014
** Station: 080
** Julian Day: 102
** Date: 12/04/2021
** Time (GMT): 01:21
** Latitude: 49 15.62N
** Longitude: 14 30.21W
** Depth (uncorrected m): 4493
** Principal Scientist: Sue Hart
** Operator: BP/PH
# nquan = 27
# nvalues = 2904                                  
# units = specified
# name 0 = timeS: Time, Elapsed [seconds]
# name 1 = latitude: Latitude [deg]
# name 2 = longitude: Longitude [deg]
# name 3 = prDM: Pressure, Digiquartz [db]
# name 4 = depSM: Depth [salt water, m]
# name 5 = t090C: Temperature [ITS-90, deg C]
# name 6 = t190C: Temperature, 2 [ITS-90, deg C]
# name 7 = c0mS/cm: Conductivity [mS/cm]
# name 8 = c1mS/cm: Conductivity, 2 [mS/cm]
# name 9 = sal00: Salinity, Practical [PSU]
# name 10 = sal11: Salinity, Practical, 2 [PSU]
# name 11 = sbeox0V: Oxygen raw, SBE 43 [V]
# name 12 = sbox0Mm/Kg: Oxygen, SBE 43 [umol/kg]
# name 13 = sbeox1V: Oxygen raw, SBE 43, 2 [V]
# name 14 = sbox1Mm/Kg: Oxygen, SBE 43, 2 [umol/kg]
# name 15 = ptempC: Pressure Temperature [deg C]
# name 16 = altM: Altimeter [m]
# name 17 = scan: Scan Count
# name 18 = pumps: Pump Status
# name 19 = flECO-AFL: Fluorescence, WET Labs ECO-AFL/FL [mg/m^3]
# name 20 = turbWETbb0: Turbidity, WET Labs ECO BB [m^-1/sr]
# name 21 = sbeox0Mm/L: Oxygen, SBE 43 [umol/l]
# name 22 = sbeox1Mm/L: Oxygen, SBE 43, 2 [umol/l]
# name 23 = sigma-é00: Density [sigma-theta, kg/m^3]
# name 24 = sigma-é11: Density, 2 [sigma-theta, kg/m^3]
# name 25 = nbf: Bottles Fired
# name 26 = flag:  0.000e+00
# interval = seconds: 0.0416667
# start_time = Apr 12 2021 01:21:29 [NMEA time, first data scan]
# bad_flag = -9.990e-29
*END*
[from data line 1504]
   4553.458   49.25830  -14.50166    105.172    104.250    11.4416    11.4426  40.029182  40.034238    35.5139    35.5179     2.4908    255.690     2.3748    265.124      10.53    1481.68     109284          1     0.0722 1.4379e-04    262.618    272.309    27.0968    27.0997         13  0.000e+00
   4553.500   49.25834  -14.50166    105.181    104.260    11.4414    11.4427  40.029114  40.034104    35.5140    35.5176     2.4908    255.687     2.3748    265.124      10.51    1481.68     109285          1     0.0722 1.4550e-04    262.615    272.308    27.0969    27.0995         13  0.000e+00
   4553.542   49.25834  -14.50166    105.172    104.250    11.4416    11.4427  40.028843  40.034238    35.5135    35.5178     2.4908    255.684     2.3748    265.122      10.53    1481.68     109286          1     0.0722 1.4379e-04    262.612    272.307    27.0965    27.0996         13  0.000e+00
   4553.583   49.25834  -14.50166    105.181    104.260    11.4414    11.4424  40.029250  40.033904    35.5141    35.5178     2.4908    255.662     2.3748    265.124      10.53    1481.32     109287          1     0.0722 1.4379e-04    262.590    272.308    27.0970    27.0997         13  0.000e+00
   4553.625   49.25834  -14.50166    105.172    104.250    11.4416    11.4424  40.029182  40.034171    35.5139    35.5180     2.4908    255.659     2.3748    265.122      10.51    1481.68     109288          1     0.0831 1.4379e-04    262.587    272.306    27.0968    27.0998         13  0.000e+00
   4553.667   49.25830  -14.50164    105.172    104.250    11.4416    11.4427  40.029114  40.034104    35.5138    35.5176     2.4908    255.658     2.3748    265.119      10.51    1481.68     109289          1     0.0722 1.4379e-04    262.585    272.304    27.0967    27.0995         13  0.000e+00
   4553.708   49.25830  -14.50164    105.181    104.260    11.4414    11.4427  40.028843  40.034238    35.5137    35.5178     2.4908    255.659     2.3748    265.119      10.53    1481.32     109290          1     0.0722 1.4379e-04    262.586    272.303    27.0967    27.0996         13  0.000e+00
   4553.750   49.25830  -14.50164    105.093    104.173    11.4414    11.4427  40.028978  40.034104    35.5139    35.5177     2.4921    255.829     2.3748    265.115      10.51    1481.68     109291          1     0.0831 1.4379e-04    262.761    272.299    27.0968    27.0996         13  0.000e+00
   4553.792   49.25830  -14.50164    105.318    104.396    11.4416    11.4424  40.029115  40.034239    35.5137    35.5180     2.4908    255.680     2.3748    265.123      10.53    1481.68     109292          1     0.0831 1.4379e-04    262.608    272.307    27.0967    27.0999         13  0.000e+00
   4553.833   49.25830  -14.50164    105.113    104.192    11.4414    11.4424  40.029114  40.034104    35.5140    35.5180     2.4908    255.675     2.3748    265.115      10.53    1481.32     109293          1     0.0831 1.3354e-04    262.603    272.300    27.0969    27.0999         13  0.000e+00
   4553.875   49.25830  -14.50164    105.171    104.250    11.4414    11.4426  40.028843  40.034104    35.5137    35.5178     2.4908    255.679     2.3748    265.115      10.53    1481.68     109294          1     0.0722 1.2841e-04    262.607    272.300    27.0967    27.0997         13  0.000e+00
   4553.917   49.25830  -14.50164    105.181    104.260    11.4412    11.4426  40.028978  40.034238    35.5140    35.5179     2.4908    255.682     2.3748    265.114      10.53    1481.32     109295          1     0.0831 1.2841e-04    262.610    272.299    27.0969    27.0998         13  0.000e+00
   4553.958   49.25830  -14.50164    105.171    104.250    11.4416    11.4426  40.029114  40.034104    35.5138    35.5177     2.4908    255.683     2.3748    265.113      10.53    1481.32     109296          1     0.0722 1.2841e-04    262.611    272.298    27.0967    27.0996         13  0.000e+00
   4554.000   49.25830  -14.50164    105.093    104.173    11.4416    11.4424  40.029114  40.033904    35.5138    35.5178     2.4908    255.684     2.3748    265.111      10.53    1481.68     109297          1     0.0722 1.2841e-04    262.612    272.295    27.0968    27.0997         13  0.000e+00
   4554.042   49.25830  -14.50164    105.181    104.260    11.4414    11.4427  40.029114  40.034305    35.5140    35.5178     2.4908    255.692     2.3748    265.111      10.51    1481.68     109298          1     0.0722 1.2841e-04    262.621    272.295    27.0969    27.0997         13  0.000e+00
   4554.083   49.25830  -14.50164    105.171    104.250    11.4417    11.4426  40.028843  40.034573    35.5134    35.5182     2.4908    255.697     2.3748    265.110      10.53    1481.32     109299          1     0.0722 1.2841e-04    262.625    272.294    27.0964    27.1000         13  0.000e+00
   4554.125   49.25830  -14.50164    105.171    104.250    11.4414    11.4426  40.028775  40.034238    35.5136    35.5179     2.4908    255.685     2.3748    265.109      10.51    1481.68     109300          1     0.0722 1.2841e-04    262.613    272.293    27.0967    27.0997         13  0.000e+00
   4554.167   49.25830  -14.50164    105.113    104.192    11.4416    11.4426  40.028978  40.034238    35.5137    35.5179     2.4908    255.688     2.3748    265.106      10.51    1481.68     109301          1     0.0722 1.2841e-04    262.616    272.291    27.0967    27.0998         13  0.000e+00
   4554.208   49.25830  -14.50164    105.171    104.250    11.4414    11.4426  40.029114  40.034104    35.5140    35.5178     2.4908    255.678     2.3748    265.108      10.51    1481.32     109302          1     0.0722 1.2841e-04    262.607    272.292    27.0969    27.0997         13  0.000e+00
   4554.250   49.25830  -14.50164    105.093    104.173    11.4416    11.4426  40.029114  40.034238    35.5138    35.5179     2.4908    255.663     2.3748    265.104      10.53    1481.32     109303          1     0.0722 1.2841e-04    262.590    272.288    27.0968    27.0998         13  0.000e+00
   4554.292   49.25830  -14.50164    105.113    104.192    11.4414    11.4426  40.029114  40.034372    35.5140    35.5180     2.4896    255.497     2.3748    265.103      10.51    1481.68     109304          1     0.0722 1.2841e-04    262.420    272.287    27.0969    27.0998         13  0.000e+00
   4554.333   49.25830  -14.50164    105.171    104.250    11.4416    11.4427  40.028843  40.034171    35.5135    35.5177     2.4908    255.663     2.3748    265.104      10.51    1481.68     109305          1     0.0722 1.2841e-04    262.590    272.288    27.0965    27.0996         13  0.000e+00
   4554.375   49.25830  -14.50164    105.113    104.192    11.4416    11.4426  40.029250  40.033904    35.5139    35.5176     2.4908    255.669     2.3748    265.126      10.53    1481.68     109306          1     0.0722 1.2841e-04    262.597    272.311    27.0969    27.0995         13  0.000e+00
   4554.417   49.25830  -14.50164    105.093    104.173    11.4414    11.4424  40.029182  40.034037    35.5140    35.5179     2.4896    255.505     2.3748    265.126      10.51    1481.68     109307          1     0.0722 1.2841e-04    262.429    272.311    27.0970    27.0998         13  0.000e+00
   4554.458   49.25830  -14.50164    105.093    104.173    11.4414    11.4426  40.028842  40.034238    35.5137    35.5179     2.4908    255.673     2.3736    264.929      10.51    1481.68     109308          1     0.0722 1.2841e-04    262.601    272.108    27.0967    27.0997         13  0.000e+00
   4554.500   49.25834  -14.50166    105.113    104.192    11.4416    11.4424  40.029250  40.034104    35.5139    35.5180     2.4908    255.666     2.3736    264.908      10.51    1481.68     109309          1     0.0831 1.2841e-04    262.593    272.087    27.0969    27.0999         13  0.000e+00
   4554.542   49.25834  -14.50166    105.093    104.173    11.4414    11.4427  40.029453  40.034238    35.5143    35.5178     2.4908    255.658     2.3748    265.081      10.51    1481.68     109310          1     0.0722 1.2841e-04    262.586    272.264    27.0972    27.0997         13  0.000e+00
   4554.583   49.25834  -14.50166    105.024    104.105    11.4414    11.4426  40.029182  40.034104    35.5141    35.5178     2.4908    255.650     2.3748    265.081      10.53    1481.68     109311          1     0.0722 1.2841e-04    262.577    272.265    27.0970    27.0997         13  0.000e+00
   4554.625   49.25834  -14.50166    105.113    104.192    11.4412    11.4426  40.029114  40.034238    35.5141    35.5179     2.4908    255.646     2.3748    265.086      10.51    1481.68     109312          1     0.0722 1.2841e-04    262.574    272.270    27.0971    27.0997         13  0.000e+00
   4554.667   49.25830  -14.50164    105.093    104.173    11.4416    11.4424  40.028842  40.034104    35.5136    35.5180     2.4896    255.464     2.3748    265.088      10.53    1481.68     109313          1     0.0831 1.2841e-04    262.386    272.272    27.0966    27.0999         13  0.000e+00
   4554.708   49.25830  -14.50164    105.044    104.124    11.4416    11.4426  40.028978  40.034238    35.5137    35.5180     2.4896    255.457     2.3736    264.891      10.53    1481.68     109314          1     0.0722 1.2841e-04    262.379    272.070    27.0967    27.0998         13  0.000e+00
   4554.750   49.25830  -14.50164    105.024    104.105    11.4416    11.4424  40.028570  40.034371    35.5133    35.5183     2.4908    255.608     2.3736    264.871      10.51    1481.68     109315          1     0.0722 1.2841e-04    262.534    272.049    27.0964    27.1001         13  0.000e+00
   4554.792   49.25830  -14.50164    105.024    104.105    11.4412    11.4426  40.028910  40.033903    35.5140    35.5176     2.4908    255.623     2.3736    264.852      10.53    1481.68     109316          1     0.0722 1.2841e-04    262.550    272.029    27.0969    27.0995         13  0.000e+00
   4554.833   49.25830  -14.50164    105.113    104.192    11.4414    11.4426  40.029114  40.034372    35.5140    35.5181     2.4908    255.641     2.3736    264.836      10.53    1481.68     109317          1     0.0722 1.2841e-04    262.568    272.013    27.0969    27.0999         13  0.000e+00
   4554.875   49.25830  -14.50164    105.024    104.105    11.4414    11.4426  40.028842  40.034238    35.5138    35.5180     2.4908    255.654     2.3748    265.012      10.51    1481.68     109318          1     0.0722 1.2499e-04    262.582    272.193    27.0968    27.0998         13  0.000e+00
   4554.917   49.25830  -14.50164    104.956    104.037    11.4416    11.4426  40.028978  40.034237    35.5137    35.5180     2.4908    255.649     2.3736    264.819      10.53    1481.68     109319          1     0.0722 1.2157e-04    262.576    271.995    27.0967    27.0998         13  0.000e+00
   4554.958   49.25830  -14.50164    105.044    104.124    11.4414    11.4426  40.029114  40.034104    35.5140    35.5178     2.4908    255.650     2.3748    265.002      10.51    1481.68     109320          1     0.0612 1.1986e-04    262.577    272.183    27.0969    27.0997         13  0.000e+00
   4555.000   49.25830  -14.50164    105.024    104.105    11.4414    11.4426  40.028842  40.033903    35.5138    35.5176     2.4908    255.647     2.3736    264.812      10.53    1481.68     109321          1     0.0722 1.1986e-04    262.575    271.989    27.0968    27.0996         13  0.000e+00
   4555.042   49.25830  -14.50164    104.966    104.046    11.4414    11.4426  40.028774  40.034037    35.5137    35.5178     2.4908    255.662     2.3748    264.991      10.53    1481.68     109322          1     0.0612 1.1986e-04    262.590    272.172    27.0967    27.0997         13  0.000e+00
   4555.083   49.25830  -14.50164    105.024    104.104    11.4416    11.4426  40.028978  40.034238    35.5137    35.5180     2.4908    255.681     2.3736    264.804      10.51    1481.68     109323          1     0.0612 1.1986e-04    262.609    271.980    27.0967    27.0998         13  0.000e+00
   4555.125   49.25830  -14.50164    104.956    104.037    11.4411    11.4426  40.028842  40.034104    35.5141    35.5178     2.4908    255.680     2.3736    264.787      10.51    1481.68     109324          1     0.0722 1.1986e-04    262.608    271.963    27.0971    27.0997         13  0.000e+00
   4555.167   49.25830  -14.50164    104.966    104.046    11.4414    11.4426  40.028978  40.034237    35.5139    35.5180     2.4908    255.697     2.3736    264.774      10.53    1481.68     109325          1     0.0612 1.1986e-04    262.626    271.949    27.0969    27.0998         13  0.000e+00
   4555.208   49.25830  -14.50164    104.956    104.037    11.4414    11.4426  40.028570  40.034104    35.5135    35.5179     2.4908    255.697     2.3736    264.761      10.53    1481.68     109326          1     0.0722 1.1986e-04    262.626    271.936    27.0966    27.0997         13  0.000e+00
   4555.250   49.25830  -14.50164    104.956    104.037    11.4414    11.4427  40.028638  40.034104    35.5136    35.5177     2.4908    255.716     2.3748    264.945      10.53    1481.68     109327          1     0.0612 1.1986e-04    262.645    272.125    27.0966    27.0996         13  0.000e+00
   4555.292   49.25830  -14.50164    104.966    104.046    11.4414    11.4426  40.028774  40.033903    35.5137    35.5176     2.4908    255.736     2.3736    264.762      10.51    1481.68     109328          1     0.0612 1.1986e-04    262.666    271.937    27.0967    27.0995         13  0.000e+00
   4555.333   49.25830  -14.50164    104.956    104.037    11.4414    11.4427  40.028978  40.034304    35.5139    35.5179     2.4908    255.756     2.3736    264.750      10.53    1481.68     109329          1     0.0722 1.1986e-04    262.686    271.924    27.0969    27.0998         13  0.000e+00
   4555.375   49.25830  -14.50164    104.877    103.959    11.4414    11.4427  40.028570  40.034036    35.5136    35.5177     2.4921    255.931     2.3736    264.738      10.53    1481.68     109330          1     0.0612 1.1986e-04    262.865    271.912    27.0966    27.0996         13  0.000e+00
   4555.417   49.25830  -14.50164    104.897    103.978    11.4411    11.4426  40.028910  40.034304    35.5142    35.5181     2.4908    255.778     2.3736    264.730      10.53    1481.68     109331          1     0.0612 1.1986e-04    262.709    271.904    27.0972    27.0999         13  0.000e+00
   4555.458   49.25830  -14.50164    104.877    103.959    11.4412    11.4426  40.028842  40.034036    35.5140    35.5178     2.4908    255.778     2.3748    264.918      10.51    1481.68     109332          1     0.0612 1.1986e-04    262.709    272.097    27.0969    27.0997         13  0.000e+00
   4555.500   49.25834  -14.50166    104.897    103.978    11.4414    11.4426  40.028774  40.034037    35.5137    35.5178     2.4921    255.954     2.3736    264.738      10.51    1481.68     109333          1     0.0722 1.1986e-04    262.889    271.912    27.0967    27.0997         13  0.000e+00
   4555.542   49.25834  -14.50166    104.877    103.959    11.4412    11.4429  40.028977  40.034237    35.5141    35.5177     2.4921    255.972     2.3736    264.729      10.53    1481.32     109334          1     0.0722 1.1986e-04    262.908    271.903    27.0970    27.0996         13  0.000e+00
   4555.583   49.25834  -14.50166    104.877    103.959    11.4412    11.4426  40.028570  40.034103    35.5137    35.5179     2.4921    255.991     2.3748    264.921      10.53    1481.68     109335          1     0.0722 1.1986e-04    262.928    272.100    27.0967    27.0998         13  0.000e+00
   4555.625   49.25834  -14.50166    104.818    103.901    11.4414    11.4428  40.028638  40.033702    35.5137    35.5174     2.4908    255.833     2.3748    264.936      10.53    1481.32     109336          1     0.0612 1.1986e-04    262.765    272.116    27.0967    27.0993         13  0.000e+00
