Data_example/SBE_Data_Processed/DY130/SeaBird/Data/Batch/DY130_014.ros
* Sea-Bird SBE 9 Data File:
* FileName = C:\Users\sandm\Documents\Cruises\DY130\Data\Raw Data\DY130_014.hex
* Software Version Seasave V 7.26.7.121
* Temperature SN = 03P-5494
* Conductivity SN = 04C-3768
* Number of Bytes Per Scan = 45
* Number of Voltage Words = 4
* Number of Scans Averaged by the Deck Unit = 1
* NMEA Latitude = 49 15.62 N
* NMEA Longitude = 014 30.22 W
* NMEA UTC (Time) = Apr 12 2021  01:21:29
* NMEA baud rate = 9600
** Ship: RRS Discovery
** Cruise: DY130
** Cast: 014
** Station: 080
** Julian Day: 102
** Date: 12/04/2021
** Time (GMT): 01:21
** Latitude: 49 15.62N
** Longitude: 14 30.21W
** Depth (uncorrected m): 4493
** Principal Scientist: Sue Hart
** Operator: BP/PH
# nquan = 27
# nvalues = 2904                                  
# units = specified
# name 0 = timeS: Time, Elapsed [seconds]
# name 1 = latitude: Latitude [deg]
# name 2 = longitude: Longitude [deg]
# name 3 = prDM: Pressure, Digiquartz [db]
# name 4 = depSM: Depth [salt water, m]
# name 5 = t090C: Temperature [ITS-90, deg C]
# name 6 = t190C: Temperature, 2 [ITS-90, deg C]
# name 7 = c0mS/cm: Conductivity [mS/cm]
# name 8 = c1mS/cm: Conductivity, 2 [mS/cm]
# name 9 = sal00: Salinity, Practical [PSU]
# name 10 = sal11: Salinity, Practical, 2 [PSU]
# name 11 = sbeox0V: Oxygen raw, SBE 43 [V]
# name 12 = sbox0Mm/Kg: Oxygen, SBE 43 [umol/kg]
# name 13 = sbeox1V: Oxygen raw, SBE 43, 2 [V]
# name 14 = sbox1Mm/Kg: Oxygen, SBE 43, 2 [umol/kg]
# name 15 = ptempC: Pressure Temperature [deg C]
# name 16 = altM: Altimeter [m]
# name 17 = scan: Scan Count
# name 18 = pumps: Pump Status
# name 19 = flECO-AFL: Fluorescence, WET Labs ECO-AFL/FL [mg/m^3]
# name 20 = turbWETbb0: Turbidity, WET Labs ECO BB [m^-1/sr]
# name 21 = sbeox0Mm/L: Oxygen, SBE 43 [umol/l]
# name 22 = sbeox1Mm/L: Oxygen, SBE 43, 2 [umol/l]
# name 23 = sigma-é00: Density [sigma-theta, kg/m^3]
# name 24 = sigma-é11: Density, 2 [sigma-theta, kg/m^3]
# name 25 = nbf: Bottles Fired
# name 26 = flag:  0.000e+00
# interval = seconds: 0.0416667
# start_time = Apr 12 2021 01:21:29 [NMEA time, first data scan]
# bad_flag = -9.990e-29
*END*
[from data line 537]
   3403.167   49.25920  -14.50254    407.398    403.536    10.9058    10.9068  39.585477  39.590511    35.4526    35.4566     2.3919    255.949     2.2833    265.471      10.42    1481.68      81677          1    -0.0267 1.0277e-04    262.899    272.681    27.1545    27.1575          5  0.000e+00
   3403.208   49.25920  -14.50254    407.418    403.555    10.9058    10.9069  39.585207  39.590112    35.4523    35.4561     2.3907    255.772     2.2833    265.474      10.41    1481.68      81678          1    -0.0267 1.0277e-04    262.717    272.684    27.1543    27.1570          5  0.000e+00
   3403.250   49.25920  -14.50254    407.330    403.467    10.9057    10.9068  39.585207  39.590511    35.4525    35.4567     2.3907    255.776     2.2833    265.446      10.41    1481.68      81679          1    -0.0267 1.0277e-04    262.722    272.654    27.1544    27.1575          5  0.000e+00
   3403.292   49.25920  -14.50254    407.477    403.613    10.9059    10.9069  39.585478  39.590512    35.4524    35.4565     2.3919    255.950     2.2833    265.424      10.42    1481.68      81680          1    -0.0267 1.0277e-04    262.901    272.632    27.1543    27.1573          5  0.000e+00
   3403.333   49.25920  -14.50254    407.418    403.555    10.9059    10.9069  39.585410  39.590844    35.4524    35.4568     2.3907    255.770     2.2833    265.421      10.41    1481.68      81681          1    -0.0267 1.0277e-04    262.715    272.629    27.1543    27.1576          5  0.000e+00
   3403.375   49.25920  -14.50254    407.398    403.535    10.9059    10.9069  39.585815  39.590844    35.4528    35.4568     2.3919    255.938     2.2833    265.420      10.42    1481.32      81682          1    -0.0267 1.0277e-04    262.888    272.628    27.1546    27.1576          5  0.000e+00
   3403.417   49.25920  -14.50254    407.398    403.535    10.9058    10.9069  39.585410  39.590445    35.4525    35.4564     2.3919    255.967     2.2821    265.212      10.41    1481.32      81683          1    -0.0267 1.0277e-04    262.918    272.415    27.1545    27.1573          5  0.000e+00
   3403.458   49.25916  -14.50250    407.566    403.701    10.9059    10.9070  39.585275  39.590645    35.4522    35.4565     2.3919    255.977     2.2833    265.401      10.41    1481.68      81684          1    -0.0267 1.0277e-04    262.928    272.608    27.1542    27.1573          5  0.000e+00
   3403.500   49.25916  -14.50250    407.398    403.536    10.9059    10.9069  39.585613  39.590711    35.4526    35.4567     2.3907    255.791     2.2833    265.396      10.41    1481.68      81685          1    -0.0267 1.0277e-04    262.737    272.604    27.1545    27.1575          5  0.000e+00
   3403.542   49.25916  -14.50250    407.477    403.613    10.9058    10.9069  39.585613  39.590512    35.4527    35.4565     2.3919    255.962     2.2833    265.400      10.41    1481.68      81686          1    -0.0267 1.0448e-04    262.913    272.608    27.1546    27.1573          5  0.000e+00
   3403.583   49.25916  -14.50250    407.418    403.555    10.9059    10.9068  39.585613  39.590844    35.4526    35.4570     2.3919    255.963     2.2833    265.399      10.41    1481.32      81687          1    -0.0267 1.0277e-04    262.914    272.607    27.1545    27.1577          5  0.000e+00
   3403.625   49.25920  -14.50254    407.477    403.613    10.9058    10.9069  39.585951  39.590578    35.4530    35.4565     2.3919    255.967     2.2833    265.402      10.41    1481.68      81688          1    -0.0267 1.0277e-04    262.918    272.610    27.1548    27.1573          5  0.000e+00
   3403.667   49.25920  -14.50254    407.487    403.623    10.9058    10.9069  39.585478  39.590445    35.4526    35.4564     2.3919    255.971     2.2833    265.404      10.41    1481.68      81689          1    -0.0377 1.0448e-04    262.921    272.612    27.1545    27.1572          5  0.000e+00
   3403.708   49.25920  -14.50254    407.477    403.613    10.9058    10.9069  39.585478  39.590645    35.4526    35.4566     2.3919    255.971     2.2821    265.196      10.41    1481.68      81690          1    -0.0377 1.0618e-04    262.922    272.398    27.1545    27.1574          5  0.000e+00
   3403.750   49.25920  -14.50254    407.546    403.681    10.9060    10.9071  39.585681  39.590512    35.4525    35.4563     2.3919    255.972     2.2821    265.174      10.41    1481.68      81691          1    -0.0377 1.0618e-04    262.923    272.375    27.1543    27.1571          5  0.000e+00
   3403.792   49.25920  -14.50254    407.487    403.623    10.9058    10.9066  39.585613  39.590845    35.4527    35.4571     2.3907    255.786     2.2833    265.358      10.41    1481.32      81692          1    -0.0377 1.0618e-04    262.732    272.565    27.1546    27.1579          5  0.000e+00
   3403.833   49.25920  -14.50254    407.477    403.613    10.9059    10.9068  39.585613  39.590578    35.4526    35.4567     2.3907    255.763     2.2833    265.361      10.41    1481.32      81693          1    -0.0377 1.0618e-04    262.708    272.568    27.1545    27.1575          5  0.000e+00
   3403.875   49.25920  -14.50254    407.546    403.681    10.9059    10.9069  39.585681  39.590645    35.4526    35.4566     2.3907    255.743     2.2821    265.158      10.41    1481.32      81694          1    -0.0377 1.0618e-04    262.688    272.359    27.1545    27.1574          5  0.000e+00
   3403.917   49.25920  -14.50254    407.487    403.623    10.9059    10.9070  39.585613  39.590512    35.4526    35.4564     2.3919    255.904     2.2821    265.133      10.42    1481.32      81695          1    -0.0377 1.0618e-04    262.853    272.334    27.1544    27.1573          5  0.000e+00
   3403.958   49.25920  -14.50254    407.546    403.681    10.9059    10.9071  39.585613  39.590645    35.4525    35.4564     2.3907    255.742     2.2821    265.114      10.42    1481.68      81696          1    -0.0377 1.0618e-04    262.686    272.313    27.1544    27.1572          5  0.000e+00
   3404.000   49.25920  -14.50254    407.546    403.681    10.9060    10.9068  39.585951  39.590712    35.4528    35.4568     2.3919    255.925     2.2821    265.095      10.42    1481.68      81697          1    -0.0377 1.0618e-04    262.875    272.294    27.1546    27.1576          5  0.000e+00
   3404.042   49.25920  -14.50254    407.487    403.623    10.9060    10.9068  39.585680  39.590445    35.4525    35.4565     2.3907    255.738     2.2821    265.075      10.40    1481.68      81698          1    -0.0377 1.0618e-04    262.683    272.274    27.1544    27.1574          5  0.000e+00
   3404.083   49.25920  -14.50254    407.615    403.750    10.9059    10.9069  39.585613  39.590645    35.4525    35.4565     2.3919    255.906     2.2821    265.061      10.41    1481.32      81699          1    -0.0377 1.0618e-04    262.855    272.259    27.1544    27.1574          5  0.000e+00
   3404.125   49.25920  -14.50254    407.477    403.613    10.9059    10.9069  39.585410  39.590711    35.4524    35.4567     2.3907    255.715     2.2821    265.039      10.41    1481.68      81700          1    -0.0377 1.0618e-04    262.659    272.237    27.1543    27.1575          5  0.000e+00
   3404.167   49.25920  -14.50254    407.565    403.701    10.9058    10.9069  39.585546  39.590512    35.4526    35.4564     2.3919    255.881     2.2821    265.027      10.41    1481.68      81701          1    -0.0377 1.0618e-04    262.829    272.225    27.1545    27.1573          5  0.000e+00
   3404.208   49.25920  -14.50254    407.615    403.750    10.9059    10.9068  39.585613  39.590113    35.4525    35.4561     2.3907    255.694     2.2833    265.224      10.41    1481.32      81702          1    -0.0377 1.0618e-04    262.637    272.427    27.1544    27.1571          5  0.000e+00
   3404.250   49.25920  -14.50254    407.487    403.623    10.9058    10.9071  39.585410  39.590512    35.4525    35.4563     2.3907    255.667     2.2821    265.021      10.42    1481.68      81703          1    -0.0377 1.0618e-04    262.610    272.219    27.1544    27.1571          5  0.000e+00
   3404.292   49.25920  -14.50254    407.615    403.750    10.9058    10.9068  39.585546  39.590712    35.4526    35.4567     2.3919    255.832     2.2821    265.014      10.41    1481.32      81704          1    -0.0377 1.0618e-04    262.779    272.211    27.1545    27.1575          5  0.000e+00
   3404.333   49.25920  -14.50254    407.546    403.681    10.9059    10.9069  39.585613  39.590712    35.4525    35.4566     2.3919    255.826     2.2821    264.999      10.41    1481.68      81705          1    -0.0377 1.0618e-04    262.773    272.195    27.1544    27.1574          5  0.000e+00
   3404.375   49.25920  -14.50254    407.634    403.769    10.9058    10.9071  39.585951  39.590712    35.4529    35.4564     2.3919    255.846     2.2821    264.990      10.41    1481.68      81706          1    -0.0377 1.0618e-04    262.794    272.186    27.1548    27.1572          5  0.000e+00
   3404.417   49.25920  -14.50254    407.546    403.681    10.9058    10.9069  39.585681  39.590445    35.4528    35.4564     2.3907    255.677     2.2821    264.978      10.41    1481.32      81707          1    -0.0377 1.0618e-04    262.620    272.174    27.1546    27.1572          5  0.000e+00
   3404.458   49.25916  -14.50250    407.615    403.750    10.9059    10.9071  39.585343  39.590379    35.4522    35.4561     2.3907    255.676     2.2833    265.179      10.41    1481.68      81708          1    -0.0377 1.0618e-04    262.619    272.381    27.1542    27.1570          5  0.000e+00
   3404.500   49.25916  -14.50250    407.634    403.769    10.9059    10.9069  39.585613  39.590646    35.4525    35.4565     2.3907    255.675     2.2821    264.990      10.41    1481.32      81709          1    -0.0377 1.0618e-04    262.618    272.186    27.1544    27.1574          5  0.000e+00
   3404.542   49.25916  -14.50250    407.615    403.750    10.9059    10.9069  39.585613  39.590712    35.4525    35.4566     2.3907    255.673     2.2833    265.190      10.41    1481.68      81710          1    -0.0377 1.0618e-04    262.616    272.391    27.1544    27.1574          5  0.000e+00
   3404.583   49.25916  -14.50250    407.615    403.750    10.9059    10.9069  39.585613  39.590446    35.4525    35.4563     2.3907    255.673     2.2821    265.000      10.41    1481.32      81711          1    -0.0377 1.0618e-04    262.616    272.197    27.1544    27.1572          5  0.000e+00
   3404.625   49.25918  -14.50252    407.565    403.701    10.9059    10.9071  39.585410  39.590645    35.4523    35.4564     2.3907    255.673     2.2821    264.991      10.42    1481.68      81712          1    -0.0377 1.0618e-04    262.616    272.187    27.1543    27.1572          5  0.000e+00
   3404.667   49.25918  -14.50252    407.693    403.827    10.9059    10.9069  39.586019  39.590446    35.4529    35.4563     2.3907    255.656     2.2821    264.991      10.41    1481.68      81713          1    -0.0377 1.0618e-04    262.598    272.187    27.1547    27.1572          5  0.000e+00
   3404.708   49.25918  -14.50252    407.615    403.750    10.9058    10.9068  39.586019  39.590645    35.4531    35.4567     2.3907    255.634     2.2821    264.984      10.41    1481.32      81714          1    -0.0377 1.0618e-04    262.576    272.180    27.1549    27.1575          5  0.000e+00
   3404.750   49.25918  -14.50252    407.634    403.769    10.9060    10.9071  39.585749  39.590512    35.4526    35.4562     2.3907    255.614     2.2821    264.980      10.41    1481.68      81715          1    -0.0377 1.0960e-04    262.555    272.176    27.1544    27.1571          5  0.000e+00
   3404.792   49.25918  -14.50252    407.615    403.750    10.9060    10.9071  39.585613  39.590379    35.4524    35.4561     2.3907    255.593     2.2821    264.977      10.41    1481.68      81716          1    -0.0377 1.1131e-04    262.534    272.173    27.1543    27.1570          5  0.000e+00
   3404.833   49.25918  -14.50252    407.634    403.769    10.9058    10.9068  39.585613  39.590912    35.4526    35.4569     2.3907    255.575     2.2821    264.978      10.42    1481.68      81717          1    -0.0377 1.1131e-04    262.515    272.174    27.1545    27.1577          5  0.000e+00
   3404.875   49.25918  -14.50252    407.693    403.827    10.9059    10.9069  39.585681  39.590513    35.4526    35.4564     2.3907    255.556     2.2821    264.980      10.41    1481.68      81718          1    -0.0377 1.1131e-04    262.496    272.176    27.1544    27.1572          5  0.000e+00
   3404.917   49.25918  -14.50252    407.615    403.750    10.9059    10.9069  39.585613  39.590912    35.4525    35.4568     2.3919    255.718     2.2821    264.977      10.41    1481.32      81719          1    -0.0377 1.1131e-04    262.662    272.173    27.1544    27.1576          5  0.000e+00
   3404.958   49.25918  -14.50252    407.634    403.769    10.9059    10.9069  39.585816  39.590512    35.4527    35.4564     2.3907    255.534     2.2821    264.981      10.41    1481.32      81720          1    -0.0377 1.1131e-04    262.473    272.177    27.1546    27.1572          5  0.000e+00
   3405.000   49.25918  -14.50252    407.693    403.827    10.9058    10.9068  39.585546  39.590379    35.4526    35.4564     2.3907    255.538     2.2821    264.987      10.41    1481.68      81721          1    -0.0377 1.1131e-04    262.477    272.184    27.1545    27.1573          5  0.000e+00
   3405.042   49.25918  -14.50252    407.693    403.827    10.9060    10.9069  39.585816  39.590379    35.4525    35.4562     2.3895    255.353     2.2821    264.991      10.41    1481.68      81722          1    -0.0377 1.1131e-04    262.287    272.187    27.1544    27.1571          5  0.000e+00
   3405.083   49.25918  -14.50252    407.634    403.769    10.9058    10.9068  39.585681  39.590646    35.4527    35.4567     2.3907    255.520     2.2821    264.995      10.41    1481.68      81723          1    -0.0377 1.1131e-04    262.458    272.191    27.1546    27.1575          5  0.000e+00
   3405.125   49.25918  -14.50252    407.693    403.827    10.9060    10.9068  39.585411  39.590712    35.4522    35.4567     2.3907    255.526     2.2821    265.003      10.41    1481.68      81724          1    -0.0377 1.1131e-04    262.464    272.200    27.1541    27.1575          5  0.000e+00
   3405.167   49.25918  -14.50252    407.693    403.827    10.9059    10.9069  39.585816  39.590513    35.4527    35.4564     2.3907    255.531     2.2821    265.011      10.41    1481.68      81725          1    -0.0377 1.1131e-04    262.469    272.208    27.1545    27.1572          5  0.000e+00
   3405.208   49.25918  -14.50252    407.634    403.769    10.9058    10.9071  39.585681  39.590645    35.4527    35.4564     2.3907    255.536     2.2821    265.016      10.42    1481.32      81726          1    -0.0377 1.1131e-04    262.475    272.213    27.1546    27.1572          5  0.000e+00
   3405.250   49.25918  -14.50252    407.693    403.827    10.9058    10.9069  39.585614  39.590712    35.4526    35.4566     2.3907    255.523     2.2821    265.029      10.41    1481.32      81727          1    -0.0377 1.1131e-04    262.461    272.226    27.1545    27.1574          5  0.000e+00
   3405.292   49.25918  -14.50252    407.693    403.827    10.9058    10.9068  39.585681  39.590979    35.4527    35.4570     2.3907    255.508     2.2821    265.040      10.41    1481.32      81728          1    -0.0377 1.1131e-04    262.446    272.238    27.1546    27.1577          5  0.000e+00
   3405.333   49.25918  -14.50252    407.703    403.837    10.9058    10.9071  39.585614  39.590779    35.4526    35.4565     2.3907    255.515     2.2821    265.052      10.42    1481.68      81729          1    -0.0377 1.1131e-04    262.454    272.250    27.1545    27.1573          5  0.000e+00
