Data_example/SBE_Data_Processed/DY130/SeaBird/Data/Batch/DY130_014.ros
* Sea-Bird SBE 9 Data File:
* FileName = C:\Users\sandm\Documents\Cruises\DY130\Data\Raw Data\DY130_014.hex
* Software Version Seasave V 7.26.7.121
* Temperature SN = 03P-5494
* Conductivity SN = 04C-3768
* Number of Bytes Per Scan = 45
* Number of Voltage Words = 4
* Number of Scans Averaged by the Deck Unit = 1
* NMEA Latitude = 49 15.62 N
* NMEA Longitude = 014 30.22 W
* NMEA UTC (Time) = Apr 12 2021  01:21:29
* NMEA baud rate = 9600
** Ship: RRS Discovery
** Cruise: DY130
** Cast: 014
** Station: 080
** Julian Day: 102
** Date: 12/04/2021
** Time (GMT): 01:21
** Latitude: 49 15.62N
** Longitude: 14 30.21W
** Depth (uncorrected m): 4493
** Principal Scientist: Sue Hart
** Operator: BP/PH
# nquan = 27
# nvalues = 2904                                  
# units = specified
# name 0 = timeS: Time, Elapsed [seconds]
# name 1 = latitude: Latitude [deg]
# name 2 = longitude: Longitude [deg]
# name 3 = prDM: Pressure, Digiquartz [db]
# name 4 = depSM: Depth [salt water, m]
# name 5 = t090C: Temperature [ITS-90, deg C]
# name 6 = t190C: Temperature, 2 [ITS-90, deg C]
# name 7 = c0mS/cm: Conductivity [mS/cm]
# name 8 = c1mS/cm: Conductivity, 2 [mS/cm]
# name 9 = sal00: Salinity, Practical [PSU]
# name 10 = sal11: Salinity, Practical, 2 [PSU]
# name 11 = sbeox0V: Oxygen raw, SBE 43 [V]
# name 12 = sbox0Mm/Kg: Oxygen, SBE 43 [umol/kg]
# name 13 = sbeox1V: Oxygen raw, SBE 43, 2 [V]
# name 14 = sbox1Mm/Kg: Oxygen, SBE 43, 2 [umol/kg]
# name 15 = ptempC: Pressure Temperature [deg C]
# name 16 = altM: Altimeter [m]
# name 17 = scan: Scan Count
# name 18 = pumps: Pump Status
# name 19 = flECO-AFL: Fluorescence, WET Labs ECO-AFL/FL [mg/m^3]
# name 20 = turbWETbb0: Turbidity, WET Labs ECO BB [m^-1/sr]
# name 21 = sbeox0Mm/L: Oxygen, SBE 43 [umol/l]
# name 22 = sbeox1Mm/L: Oxygen, SBE 43, 2 [umol/l]
# name 23 = sigma-é00: Density [sigma-theta, kg/m^3]
# name 24 = sigma-é11: Density, 2 [sigma-theta, kg/m^3]
# name 25 = nbf: Bottles Fired
# name 26 = flag:  0.000e+00
# interval = seconds: 0.0416667
# start_time = Apr 12 2021 01:21:29 [NMEA time, first data scan]
# bad_flag = -9.990e-29
*END*
[from data line 269]
   3054.417   49.25950  -14.50284    508.867    503.919    10.8047    10.8060  39.519658  39.525825    35.4391    35.4440     2.3138    249.029     2.2100    258.300      10.41    1481.68      73307          1    -0.0267 1.0277e-04    255.794    265.317    27.1645    27.1680          3  0.000e+00
   3054.458   49.25950  -14.50284    508.808    503.860    10.8045    10.8058  39.520198  39.525226    35.4398    35.4437     2.3138    249.013     2.2088    258.096      10.41    1481.32      73308          1    -0.0267 1.0277e-04    255.778    265.108    27.1650    27.1678          3  0.000e+00
   3054.500   49.25950  -14.50284    508.808    503.860    10.8047    10.8059  39.519927  39.525226    35.4394    35.4435     2.3138    249.000     2.2088    258.077      10.40    1481.68      73309          1    -0.0267 1.0277e-04    255.764    265.088    27.1647    27.1677          3  0.000e+00
   3054.542   49.25950  -14.50284    508.867    503.919    10.8046    10.8059  39.519995  39.525226    35.4395    35.4435     2.3138    249.011     2.2088    258.061      10.40    1481.68      73310          1    -0.0267 1.0277e-04    255.775    265.072    27.1648    27.1676          3  0.000e+00
   3054.583   49.25946  -14.50280    508.808    503.860    10.8045    10.8060  39.519860  39.525026    35.4395    35.4432     2.3138    248.997     2.2088    258.043      10.41    1481.68      73311          1    -0.0267 1.0277e-04    255.761    265.054    27.1648    27.1674          3  0.000e+00
   3054.625   49.25946  -14.50280    508.729    503.782    10.8047    10.8061  39.519792  39.525758    35.4393    35.4439     2.3138    249.004     2.2088    258.024      10.40    1481.32      73312          1    -0.0267 1.0277e-04    255.768    265.034    27.1646    27.1680          3  0.000e+00
   3054.667   49.25946  -14.50280    508.788    503.841    10.8045    10.8062  39.520063  39.525625    35.4397    35.4437     2.3138    249.017     2.2088    258.012      10.41    1481.68      73313          1    -0.0267 1.0277e-04    255.781    265.022    27.1650    27.1678          3  0.000e+00
   3054.708   49.25946  -14.50280    508.808    503.860    10.8047    10.8060  39.520130  39.525093    35.4396    35.4433     2.3138    249.028     2.2088    258.002      10.40    1481.32      73314          1    -0.0267 1.0277e-04    255.793    265.011    27.1649    27.1675          3  0.000e+00
   3054.750   49.25946  -14.50280    508.729    503.782    10.8046    10.8061  39.520130  39.525492    35.4397    35.4437     2.3138    249.039     2.2088    257.987      10.41    1481.68      73315          1    -0.0267 1.0277e-04    255.804    264.996    27.1649    27.1678          3  0.000e+00
   3054.792   49.25946  -14.50280    508.788    503.841    10.8045    10.8057  39.520130  39.525026    35.4398    35.4435     2.3138    249.055     2.2088    257.981      10.40    1481.68      73316          1    -0.0267 1.0277e-04    255.820    264.990    27.1650    27.1677          3  0.000e+00
   3054.833   49.25946  -14.50280    508.808    503.860    10.8045    10.8058  39.520130  39.525226    35.4398    35.4437     2.3138    249.070     2.2088    257.972      10.40    1481.68      73317          1    -0.0267 1.0277e-04    255.836    264.980    27.1650    27.1678          3  0.000e+00
   3054.875   49.25946  -14.50280    508.729    503.782    10.8042    10.8059  39.519860  39.525026    35.4398    35.4434     2.3138    249.062     2.2100    258.173      10.40    1481.68      73318          1    -0.0267 1.0277e-04    255.828    265.187    27.1651    27.1676          3  0.000e+00
   3054.917   49.25946  -14.50280    508.512    503.568    10.8045    10.8059  39.520061  39.525225    35.4399    35.4436     2.3150    249.234     2.2088    257.973      10.41    1481.32      73319          1    -0.0267 1.0277e-04    256.004    264.981    27.1651    27.1678          3  0.000e+00
   3054.958   49.25946  -14.50280    508.936    503.987    10.8042    10.8057  39.519860  39.524960    35.4398    35.4434     2.3138    249.075     2.2100    258.194      10.40    1481.32      73320          1    -0.0267 1.0277e-04    255.841    265.208    27.1651    27.1676          3  0.000e+00
   3055.000   49.25946  -14.50280    508.729    503.782    10.8044    10.8058  39.519792  39.525226    35.4396    35.4437     2.3138    249.082     2.2088    257.995      10.40    1481.68      73321          1    -0.0377 1.0448e-04    255.848    265.004    27.1649    27.1679          3  0.000e+00
   3055.042   49.25946  -14.50280    508.660    503.714    10.8045    10.8060  39.519994  39.525358    35.4397    35.4436     2.3138    249.072     2.2088    257.985      10.40    1481.32      73322          1    -0.0377 1.0618e-04    255.838    264.994    27.1649    27.1677          3  0.000e+00
   3055.083   49.25946  -14.50280    508.788    503.841    10.8042    10.8057  39.520130  39.524960    35.4401    35.4435     2.3138    249.070     2.2088    257.987      10.40    1481.32      73323          1    -0.0377 1.0618e-04    255.836    264.996    27.1654    27.1677          3  0.000e+00
   3055.125   49.25946  -14.50280    508.660    503.714    10.8045    10.8056  39.520130  39.525225    35.4398    35.4439     2.3138    249.057     2.2088    257.979      10.40    1481.68      73324          1    -0.0377 1.0618e-04    255.823    264.988    27.1650    27.1680          3  0.000e+00
   3055.167   49.25946  -14.50280    508.660    503.714    10.8044    10.8056  39.520130  39.525026    35.4400    35.4437     2.3138    249.050     2.2088    257.977      10.40    1481.32      73325          1    -0.0377 1.0618e-04    255.816    264.986    27.1652    27.1679          3  0.000e+00
   3055.208   49.25946  -14.50280    508.719    503.773    10.8047    10.8054  39.520130  39.524960    35.4397    35.4438     2.3138    249.044     2.2088    257.979      10.40    1481.68      73326          1    -0.0377 1.0618e-04    255.809    264.988    27.1649    27.1680          3  0.000e+00
   3055.250   49.25946  -14.50280    508.660    503.714    10.8047    10.8056  39.520332  39.524826    35.4399    35.4435     2.3126    248.846     2.2088    257.977      10.40    1481.68      73327          1    -0.0377 1.0618e-04    255.606    264.985    27.1651    27.1678          3  0.000e+00
   3055.292   49.25946  -14.50280    508.660    503.714    10.8048    10.8054  39.520467  39.524627    35.4399    35.4435     2.3126    248.817     2.2100    258.191      10.40    1481.68      73328          1    -0.0377 1.0618e-04    255.577    265.206    27.1651    27.1677          3  0.000e+00
   3055.333   49.25946  -14.50280    508.640    503.695    10.8047    10.8056  39.520467  39.524826    35.4400    35.4435     2.3138    249.001     2.2088    258.006      10.40    1481.68      73329          1    -0.0377 1.0618e-04    255.765    265.015    27.1652    27.1678          3  0.000e+00
   3055.375   49.25946  -14.50280    508.660    503.714    10.8049    10.8054  39.520197  39.524560    35.4396    35.4434     2.3138    249.019     2.2088    258.010      10.40    1481.68      73330          1    -0.0377 1.0618e-04    255.784    265.020    27.1648    27.1677          3  0.000e+00
   3055.417   49.25950  -14.50284    508.660    503.714    10.8049    10.8054  39.520400  39.524826    35.4398    35.4437     2.3138    249.038     2.2100    258.225      10.40    1481.68      73331          1    -0.0377 1.0618e-04    255.803    265.241    27.1649    27.1679          3  0.000e+00
   3055.458   49.25950  -14.50284    508.640    503.695    10.8048    10.8054  39.520467  39.524693    35.4399    35.4436     2.3138    249.057     2.2100    258.256      10.40    1481.68      73332          1    -0.0377 1.0618e-04    255.823    265.272    27.1651    27.1678          3  0.000e+00
   3055.500   49.25950  -14.50284    508.591    503.646    10.8047    10.8056  39.520467  39.524759    35.4400    35.4435     2.3138    249.077     2.2088    258.072      10.40    1481.68      73333          1    -0.0377 1.0618e-04    255.843    265.083    27.1652    27.1677          3  0.000e+00
   3055.542   49.25950  -14.50284    508.660    503.714    10.8047    10.8054  39.520197  39.524893    35.4397    35.4438     2.3138    249.102     2.2088    258.079      10.40    1481.68      73334          1    -0.0377 1.0618e-04    255.868    265.091    27.1650    27.1680          3  0.000e+00
   3055.583   49.25946  -14.50280    508.571    503.627    10.8047    10.8053  39.520129  39.524959    35.4397    35.4440     2.3138    249.099     2.2088    258.082      10.40    1481.68      73335          1    -0.0377 1.0618e-04    255.866    265.094    27.1649    27.1682          3  0.000e+00
   3055.625   49.25946  -14.50280    508.591    503.646    10.8045    10.8056  39.520129  39.524959    35.4398    35.4437     2.3138    249.100     2.2100    258.301      10.40    1481.68      73336          1    -0.0377 1.0618e-04    255.867    265.319    27.1651    27.1679          3  0.000e+00
   3055.667   49.25946  -14.50280    508.660    503.714    10.8045    10.8054  39.519927  39.524560    35.4397    35.4434     2.3138    249.103     2.2100    258.339      10.40    1481.32      73337          1    -0.0377 1.0618e-04    255.870    265.358    27.1649    27.1677          3  0.000e+00
   3055.708   49.25946  -14.50280    508.443    503.500    10.8044    10.8054  39.519791  39.524825    35.4397    35.4438     2.3138    249.096     2.2088    258.154      10.40    1481.32      73338          1    -0.0377 1.0618e-04    255.863    265.167    27.1650    27.1680          3  0.000e+00
   3055.750   49.25946  -14.50280    508.867    503.919    10.8044    10.8056  39.519522  39.525226    35.4393    35.4438     2.3126    248.923     2.2088    258.174      10.40    1481.32      73339          1    -0.0377 1.0618e-04    255.685    265.189    27.1646    27.1680          3  0.000e+00
   3055.792   49.25946  -14.50280    508.443    503.500    10.8042    10.8058  39.519453  39.524958    35.4396    35.4436     2.3138    249.077     2.2088    258.169      10.41    1481.68      73340          1    -0.0377 1.0618e-04    255.843    265.183    27.1649    27.1678          3  0.000e+00
   3055.833   49.25946  -14.50280    508.660    503.714    10.8043    10.8054  39.519657  39.524627    35.4396    35.4435     2.3138    249.084     2.2088    258.189      10.40    1481.68      73341          1    -0.0377 1.0618e-04    255.850    265.203    27.1649    27.1678          3  0.000e+00
   3055.875   49.25946  -14.50280    508.424    503.481    10.8041    10.8054  39.519521  39.524626    35.4398    35.4436     2.3138    249.079     2.2100    258.405      10.40    1481.32      73342          1    -0.0377 1.0618e-04    255.845    265.425    27.1651    27.1678          3  0.000e+00
   3055.917   49.25946  -14.50280    508.591    503.646    10.8042    10.8054  39.519724  39.524759    35.4398    35.4437     2.3138    249.084     2.2100    258.449      10.40    1481.68      73343          1    -0.0377 1.0618e-04    255.850    265.471    27.1651    27.1679          3  0.000e+00
   3055.958   49.25946  -14.50280    508.660    503.714    10.8044    10.8053  39.519522  39.524627    35.4393    35.4436     2.3138    249.087     2.2088    258.279      10.40    1481.32      73344          1    -0.0377 1.0618e-04    255.853    265.296    27.1647    27.1679          3  0.000e+00
   3056.000   49.25946  -14.50280    508.502    503.558    10.8042    10.8054  39.519183  39.524626    35.4393    35.4436     2.3138    249.084     2.2088    258.257      10.41    1481.32      73345          1    -0.0377 1.0618e-04    255.850    265.273    27.1647    27.1678          3  0.000e+00
   3056.042   49.25946  -14.50280    508.512    503.568    10.8041    10.8054  39.519589  39.524826    35.4398    35.4438     2.3138    249.085     2.2088    258.241      10.40    1481.68      73346          1    -0.0377 1.0448e-04    255.851    265.257    27.1651    27.1680          3  0.000e+00
   3056.083   49.25946  -14.50280    508.660    503.714    10.8039    10.8054  39.519252  39.524560    35.4395    35.4434     2.3138    249.092     2.2100    258.443      10.40    1481.68      73347          1    -0.0377 1.0277e-04    255.858    265.464    27.1649    27.1677          3  0.000e+00
   3056.125   49.25946  -14.50280    508.502    503.558    10.8039    10.8052  39.519319  39.524826    35.4397    35.4439     2.3150    249.275     2.2088    258.236      10.40    1481.32      73348          1    -0.0377 1.0106e-04    256.047    265.251    27.1650    27.1681          3  0.000e+00
   3056.167   49.25946  -14.50280    508.591    503.646    10.8039    10.8054  39.519454  39.524693    35.4398    35.4436     2.3138    249.112     2.2088    258.221      10.40    1481.32      73349          1    -0.0377 1.0106e-04    255.879    265.236    27.1651    27.1678          3  0.000e+00
   3056.208   49.25946  -14.50280    508.512    503.568    10.8038    10.8054  39.519454  39.525025    35.4399    35.4440     2.3138    249.110     2.2100    258.442      10.40    1481.68      73350          1    -0.0377 1.0106e-04    255.877    265.463    27.1652    27.1681          3  0.000e+00
   3056.250   49.25946  -14.50280    508.502    503.558    10.8039    10.8054  39.519454  39.524759    35.4398    35.4437     2.3138    249.132     2.2100    258.481      10.40    1481.68      73351          1    -0.0377 1.0106e-04    255.899    265.503    27.1652    27.1679          3  0.000e+00
   3056.292   49.25946  -14.50280    508.591    503.646    10.8039    10.8052  39.519454  39.524626    35.4398    35.4437     2.3138    249.136     2.2088    258.311      10.40    1481.68      73352          1    -0.0377 1.0106e-04    255.903    265.329    27.1651    27.1679          3  0.000e+00
   3056.333   49.25946  -14.50280    508.512    503.568    10.8041    10.8056  39.519454  39.524759    35.4397    35.4435     2.3138    249.133     2.2088    258.291      10.40    1481.32      73353          1    -0.0377 1.0106e-04    255.901    265.308    27.1650    27.1677          3  0.000e+00
   3056.375   49.25946  -14.50280    508.502    503.558    10.8038    10.8054  39.519183  39.524892    35.4396    35.4439     2.3138    249.135     2.2088    258.275      10.40    1481.32      73354          1    -0.0377 1.0106e-04    255.903    265.292    27.1650    27.1680          3  0.000e+00
   3056.417   49.25950  -14.50284    508.591    503.646    10.8039    10.8056  39.519386  39.524959    35.4397    35.4437     2.3138    249.138     2.2100    258.502      10.40    1481.68      73355          1    -0.0377 1.0106e-04    255.906    265.525    27.1651    27.1679          3  0.000e+00
   3056.458   49.25950  -14.50284    508.512    503.568    10.8039    10.8056  39.519724  39.524693    35.4401    35.4434     2.3138    249.136     2.2088    258.328      10.40    1481.32      73356          1    -0.0377 1.0106e-04    255.904    265.346    27.1654    27.1677          3  0.000e+00
   3056.500   49.25950  -14.50284    508.512    503.568    10.8039    10.8052  39.519791  39.525025    35.4402    35.4441     2.3126    248.949     2.2088    258.314      10.41    1481.68      73357          1    -0.0377 1.0106e-04    255.712    265.332    27.1654    27.1683          3  0.000e+00
   3056.542   49.25950  -14.50284    508.571    503.627    10.8040    10.8054  39.519521  39.525026    35.4398    35.4439     2.3138    249.119     2.2088    258.300      10.40    1481.32      73358          1    -0.0377 1.0106e-04    255.887    265.317    27.1651    27.1681          3  0.000e+00
   3056.583   49.25946  -14.50278    508.512    503.568    10.8039    10.8056  39.519454  39.524959    35.4398    35.4437     2.3138    249.119     2.2088    258.282      10.40    1481.32      73359          1    -0.0377 1.0106e-04    255.887    265.299    27.1652    27.1679          3  0.000e+00
