Data_example/SBE_Data_Processed/DY130/SeaBird/Data/Batch/DY130_009.ros
* Sea-Bird SBE 9 Data File:
* FileName = C:\Users\sandm\Documents\Cruises\DY130\Data\Raw Data\DY130_009.hex
* Software Version Seasave V 7.26.7.121
* Temperature SN = 03P-5494
* Conductivity SN = 04C-3768
* Number of Bytes Per Scan = 45
* Number of Voltage Words = 4
* Number of Scans Averaged by the Deck Unit = 1
* NMEA Latitude = 48 56.12 N
* NMEA Longitude = 016 26.57 W
* NMEA UTC (Time) = Apr 06 2021  06:46:39
* NMEA baud rate = 9600
** Ship: RRS Discovery
** Cruise: DY130
** Cast: DY130_009
** Station: 057
** Julian Day: 096
** Date: 06/04/2021
** Time (GMT): 06:46
** Latitude: 48 56.11N
** Longitude: 16 26.57W
** Depth (uncorrected m): 4809
** Principal Scientist: Sue Hart
** Operator: BP/PH
# nquan = 27
# nvalues = 2541                                  
# units = specified
# name 0 = timeS: Time, Elapsed [seconds]
# name 1 = latitude: Latitude [deg]
# name 2 = longitude: Longitude [deg]
# name 3 = prDM: Pressure, Digiquartz [db]
# name 4 = depSM: Depth [salt water, m]
# name 5 = t090C: Temperature [ITS-90, deg C]
# name 6 = t190C: Temperature, 2 [ITS-90, deg C]
# name 7 = c0mS/cm: Conductivity [mS/cm]
# name 8 = c1mS/cm: Conductivity, 2 [mS/cm]
# name 9 = sal00: Salinity, Practical [PSU]
# name 10 = sal11: Salinity, Practical, 2 [PSU]
# name 11 = sbeox0V: Oxygen raw, SBE 43 [V]
# name 12 = sbox0Mm/Kg: Oxygen, SBE 43 [umol/kg]
# name 13 = sbeox1V: Oxygen raw, SBE 43, 2 [V]
# name 14 = sbox1Mm/Kg: Oxygen, SBE 43, 2 [umol/kg]
# name 15 = ptempC: Pressure Temperature [deg C]
# name 16 = altM: Altimeter [m]
# name 17 = scan: Scan Count
# name 18 = pumps: Pump Status
# name 19 = flECO-AFL: Fluorescence, WET Labs ECO-AFL/FL [mg/m^3]
# name 20 = turbWETbb0: Turbidity, WET Labs ECO BB [m^-1/sr]
# name 21 = sbeox0Mm/L: Oxygen, SBE 43 [umol/l]
# name 22 = sbeox1Mm/L: Oxygen, SBE 43, 2 [umol/l]
# name 23 = sigma-é00: Density [sigma-theta, kg/m^3]
# name 24 = sigma-é11: Density, 2 [sigma-theta, kg/m^3]
# name 25 = nbf: Bottles Fired
# name 26 = flag:  0.000e+00
# interval = seconds: 0.0416667
# start_time = Apr 06 2021 06:46:40 [NMEA time, first data scan]
# bad_flag = -9.990e-29
*END*
[from data line 376]
   7374.417   48.93546  -16.44238   3050.769   3003.174     2.8327     2.8347  32.734628  32.738236    34.9362    34.9384     1.5067    238.525     1.4591    249.277       6.58    1481.32     176987          1    -0.0267 9.0800e-05    245.174    256.225    27.8720    27.8736          4  0.000e+00
   7374.458   48.93546  -16.44238   3050.708   3003.114     2.8331     2.8346  32.734377  32.738606    34.9355    34.9391     1.5067    238.522     1.4603    249.645       6.58    1480.95     176988          1    -0.0267 9.0800e-05    245.170    256.604    27.8714    27.8741          4  0.000e+00
   7374.500   48.93546  -16.44238   3050.769   3003.174     2.8327     2.8349  32.734315  32.738545    34.9359    34.9386     1.5067    238.526     1.4603    249.697       6.58    1480.95     176989          1    -0.0267 9.0800e-05    245.174    256.657    27.8717    27.8738          4  0.000e+00
   7374.542   48.93546  -16.44238   3050.626   3003.035     2.8330     2.8346  32.735067  32.738235    34.9366    34.9387     1.5067    238.519     1.4603    249.746       6.59    1480.95     176990          1    -0.0267 9.0800e-05    245.167    256.708    27.8723    27.8738          4  0.000e+00
   7374.583   48.93546  -16.44238   3050.769   3003.174     2.8330     2.8346  32.734754  32.738359    34.9361    34.9388     1.5067    238.616     1.4591    249.254       6.59    1481.32     176991          1    -0.0267 9.0800e-05    245.267    256.202    27.8719    27.8739          4  0.000e+00
   7374.625   48.93546  -16.44238   3050.627   3003.035     2.8327     2.8349  32.734628  32.738235    34.9363    34.9383     1.5067    238.617     1.4591    249.187       6.57    1481.32     176992          1    -0.0267 9.0800e-05    245.267    256.133    27.8721    27.8735          4  0.000e+00
   7374.667   48.93546  -16.44238   3050.698   3003.105     2.8330     2.8346  32.734628  32.738359    34.9360    34.9388     1.5067    238.621     1.4603    249.566       6.58    1480.95     176993          1    -0.0267 9.0800e-05    245.272    256.522    27.8718    27.8739          4  0.000e+00
   7374.708   48.93546  -16.44238   3050.627   3003.035     2.8327     2.8349  32.734377  32.738482    34.9360    34.9386     1.5067    238.624     1.4591    249.187       6.58    1481.32     176994          1    -0.0267 9.0800e-05    245.275    256.133    27.8718    27.8738          4  0.000e+00
   7374.750   48.93546  -16.44238   3050.698   3003.105     2.8328     2.8346  32.734628  32.738236    34.9362    34.9386     1.5067    238.630     1.4603    249.571       6.59    1480.95     176995          1    -0.0267 9.0800e-05    245.281    256.527    27.8720    27.8738          4  0.000e+00
   7374.792   48.93546  -16.44238   3050.545   3002.956     2.8329     2.8349  32.734628  32.738359    34.9362    34.9385     1.5055    238.255     1.4591    249.194       6.58    1481.32     176996          1    -0.0267 9.0800e-05    244.895    256.140    27.8719    27.8737          4  0.000e+00
   7374.833   48.93546  -16.44238   3050.616   3003.025     2.8328     2.8349  32.734628  32.738235    34.9362    34.9383     1.5067    238.550     1.4591    249.033       6.59    1481.32     176997          1    -0.0267 9.0800e-05    245.199    255.974    27.8720    27.8735          4  0.000e+00
   7374.875   48.93546  -16.44238   3050.616   3003.025     2.8330     2.8347  32.734377  32.738173    34.9358    34.9384     1.5067    238.557     1.4591    248.987       6.59    1481.32     176998          1    -0.0267 9.0800e-05    245.206    255.927    27.8716    27.8736          4  0.000e+00
   7374.917   48.93550  -16.44234   3050.545   3002.956     2.8332     2.8346  32.734314  32.738359    34.9355    34.9389     1.5067    238.561     1.4603    249.374       6.59    1481.32     176999          1    -0.0267 9.0800e-05    245.210    256.325    27.8714    27.8740          4  0.000e+00
   7374.958   48.93550  -16.44234   3050.616   3003.025     2.8328     2.8349  32.734502  32.738482    34.9361    34.9386     1.5067    238.572     1.4603    249.444       6.58    1481.32     177000          1    -0.0267 9.0800e-05    245.222    256.397    27.8719    27.8738          4  0.000e+00
   7375.000   48.93550  -16.44234   3050.474   3002.886     2.8329     2.8347  32.734690  32.738482    34.9363    34.9389     1.5067    238.574     1.4603    249.511       6.59    1480.95     177001          1    -0.0267 9.0800e-05    245.223    256.465    27.8720    27.8740          4  0.000e+00
   7375.042   48.93550  -16.44234   3050.617   3003.025     2.8328     2.8347  32.734879  32.738359    34.9365    34.9387     1.5067    238.586     1.4591    249.155       6.58    1480.95     177002          1    -0.0267 9.0800e-05    245.236    256.100    27.8723    27.8738          4  0.000e+00
   7375.083   48.93550  -16.44234   3050.474   3002.886     2.8329     2.8346  32.734690  32.738173    34.9363    34.9387     1.5067    238.681     1.4591    248.997       6.59    1480.95     177003          1    -0.0267 9.0800e-05    245.333    255.938    27.8720    27.8738          4  0.000e+00
   7375.125   48.93544  -16.44238   3050.464   3002.876     2.8326     2.8347  32.734627  32.738358    34.9365    34.9387     1.5067    238.785     1.4591    248.958       6.59    1481.32     177004          1    -0.0267 9.0800e-05    245.440    255.898    27.8722    27.8738          4  0.000e+00
   7375.167   48.93544  -16.44238   3050.474   3002.886     2.8330     2.8347  32.734376  32.738235    34.9358    34.9386     1.5067    238.799     1.4591    248.926       6.58    1481.32     177005          1    -0.0267 9.0800e-05    245.454    255.865    27.8717    27.8737          4  0.000e+00
   7375.208   48.93544  -16.44238   3050.464   3002.876     2.8330     2.8350  32.734878  32.738173    34.9364    34.9382     1.5067    238.812     1.4603    249.327       6.59    1480.95     177006          1    -0.0267 9.0800e-05    245.468    256.276    27.8721    27.8734          4  0.000e+00
   7375.250   48.93544  -16.44238   3050.474   3002.886     2.8328     2.8347  32.734690  32.738173    34.9364    34.9385     1.5067    238.828     1.4591    248.982       6.59    1481.32     177007          1    -0.0267 9.0800e-05    245.485    255.922    27.8721    27.8737          4  0.000e+00
   7375.292   48.93544  -16.44238   3050.464   3002.876     2.8327     2.8349  32.734627  32.738605    34.9364    34.9388     1.5055    238.378     1.4591    248.957       6.57    1481.32     177008          1    -0.0267 9.0800e-05    245.022    255.896    27.8721    27.8739          4  0.000e+00
   7375.333   48.93544  -16.44238   3050.393   3002.807     2.8330     2.8349  32.734188  32.738049    34.9356    34.9382     1.5055    238.302     1.4603    249.251       6.59    1481.32     177009          1    -0.0267 9.0800e-05    244.944    256.198    27.8715    27.8734          4  0.000e+00
   7375.375   48.93544  -16.44238   3050.383   3002.797     2.8330     2.8347  32.734439  32.738296    34.9359    34.9387     1.5067    238.604     1.4591    248.909       6.58    1480.95     177010          1    -0.0267 9.0800e-05    245.254    255.847    27.8717    27.8738          4  0.000e+00
   7375.417   48.93544  -16.44238   3050.383   3002.797     2.8330     2.8347  32.734251  32.738482    34.9357    34.9389     1.5067    238.623     1.4591    248.890       6.58    1481.32     177011          1    -0.0267 9.0800e-05    245.274    255.827    27.8716    27.8740          4  0.000e+00
   7375.458   48.93544  -16.44238   3050.393   3002.807     2.8328     2.8347  32.734251  32.738482    34.9359    34.9389     1.5067    238.643     1.4603    249.307       6.59    1481.32     177012          1    -0.0267 9.0800e-05    245.294    256.256    27.8717    27.8740          4  0.000e+00
   7375.500   48.93544  -16.44238   3050.302   3002.717     2.8329     2.8347  32.734313  32.737987    34.9359    34.9383     1.5067    238.657     1.4591    248.972       6.58    1481.32     177013          1    -0.0267 9.0800e-05    245.309    255.912    27.8717    27.8735          4  0.000e+00
   7375.542   48.93544  -16.44238   3050.322   3002.737     2.8330     2.8349  32.734313  32.738296    34.9358    34.9385     1.5067    238.676     1.4591    248.962       6.58    1480.95     177014          1    -0.0267 9.0800e-05    245.329    255.902    27.8717    27.8737          4  0.000e+00
   7375.583   48.93544  -16.44238   3050.383   3002.797     2.8329     2.8346  32.734313  32.738235    34.9358    34.9388     1.5067    238.697     1.4591    248.961       6.58    1480.95     177015          1    -0.0267 9.0800e-05    245.350    255.901    27.8717    27.8739          4  0.000e+00
   7375.625   48.93544  -16.44238   3050.241   3002.658     2.8328     2.8349  32.734501  32.738358    34.9363    34.9386     1.5067    238.803     1.4603    249.268       6.58    1481.32     177016          1    -0.0267 9.0800e-05    245.459    256.216    27.8720    27.8738          4  0.000e+00
   7375.667   48.93544  -16.44238   3050.302   3002.718     2.8329     2.8349  32.734439  32.738481    34.9360    34.9388     1.5067    238.826     1.4603    249.378       6.58    1481.32     177017          1    -0.0267 8.9091e-05    245.483    256.329    27.8719    27.8739          4  0.000e+00
   7375.708   48.93544  -16.44238   3050.322   3002.737     2.8330     2.8349  32.734564  32.738234    34.9361    34.9385     1.5067    238.849     1.4603    249.370       6.58    1480.95     177018          1    -0.0267 8.9091e-05    245.506    256.320    27.8719    27.8736          4  0.000e+00
   7375.750   48.93544  -16.44238   3050.231   3002.648     2.8326     2.8347  32.734376  32.738172    34.9363    34.9386     1.5067    238.870     1.4603    249.470       6.59    1480.95     177019          1    -0.0267 8.9091e-05    245.528    256.424    27.8721    27.8737          4  0.000e+00
   7375.792   48.93544  -16.44238   3050.241   3002.658     2.8329     2.8347  32.734752  32.738172    34.9364    34.9386     1.5067    238.890     1.4591    249.026       6.59    1481.32     177020          1    -0.0267 8.9091e-05    245.548    255.967    27.8722    27.8737          4  0.000e+00
   7375.833   48.93544  -16.44238   3050.231   3002.648     2.8330     2.8347  32.734438  32.738110    34.9360    34.9385     1.5055    238.447     1.4591    249.016       6.58    1481.32     177021          1    -0.0267 8.9091e-05    245.093    255.957    27.8718    27.8737          4  0.000e+00
   7375.875   48.93544  -16.44238   3050.159   3002.578     2.8329     2.8349  32.734626  32.738357    34.9363    34.9387     1.5067    238.752     1.4603    249.439       6.59    1480.95     177022          1    -0.0267 8.9091e-05    245.406    256.391    27.8721    27.8738          4  0.000e+00
   7375.917   48.93550  -16.44234   3050.149   3002.568     2.8330     2.8347  32.734375  32.738234    34.9360    34.9387     1.5079    239.146     1.4603    249.547       6.58    1481.32     177023          1    -0.0267 8.9091e-05    245.812    256.503    27.8718    27.8738          4  0.000e+00
   7375.958   48.93550  -16.44234   3050.231   3002.648     2.8329     2.8346  32.734501  32.738172    34.9361    34.9388     1.5067    238.883     1.4591    249.228       6.59    1480.95     177024          1    -0.0267 8.9091e-05    245.541    256.175    27.8719    27.8739          4  0.000e+00
   7376.000   48.93550  -16.44234   3050.159   3002.578     2.8328     2.8347  32.734376  32.738172    34.9361    34.9386     1.5067    238.900     1.4591    249.224       6.58    1481.32     177025          1    -0.0267 8.9091e-05    245.558    256.171    27.8719    27.8738          4  0.000e+00
   7376.042   48.93550  -16.44234   3050.149   3002.568     2.8330     2.8346  32.734501  32.738172    34.9361    34.9388     1.5067    238.825     1.4603    249.660       6.58    1480.95     177026          1    -0.0377 8.9091e-05    245.481    256.619    27.8719    27.8739          4  0.000e+00
   7376.083   48.93550  -16.44234   3050.088   3002.509     2.8329     2.8349  32.734438  32.738172    34.9361    34.9385     1.5067    238.746     1.4591    249.343       6.57    1481.32     177027          1    -0.0267 8.9091e-05    245.400    256.293    27.8719    27.8736          4  0.000e+00
   7376.125   48.93544  -16.44238   3050.149   3002.569     2.8328     2.8347  32.734564  32.737925    34.9364    34.9383     1.5067    238.759     1.4591    249.239       6.58    1480.95     177028          1    -0.0267 8.9091e-05    245.414    256.186    27.8721    27.8735          4  0.000e+00
   7376.167   48.93544  -16.44238   3050.160   3002.579     2.8330     2.8349  32.734375  32.737863    34.9359    34.9381     1.5067    238.770     1.4591    249.248       6.57    1481.32     177029          1    -0.0267 8.9091e-05    245.425    256.195    27.8717    27.8733          4  0.000e+00
   7376.208   48.93544  -16.44238   3050.078   3002.499     2.8330     2.8346  32.734501  32.738048    34.9361    34.9387     1.5067    238.778     1.4603    249.691       6.58    1481.32     177030          1    -0.0267 8.9091e-05    245.434    256.651    27.8719    27.8738          4  0.000e+00
   7376.250   48.93544  -16.44238   3050.007   3002.430     2.8329     2.8347  32.734375  32.738357    34.9361    34.9389     1.5067    238.788     1.4603    249.696       6.58    1481.32     177031          1    -0.0267 8.9091e-05    245.443    256.656    27.8719    27.8740          4  0.000e+00
   7376.292   48.93544  -16.44238   3050.150   3002.569     2.8330     2.8347  32.734375  32.738234    34.9360    34.9387     1.5067    238.803     1.4591    249.392       6.58    1481.32     177032          1    -0.0267 8.9091e-05    245.459    256.344    27.8718    27.8738          4  0.000e+00
   7376.333   48.93544  -16.44238   3050.007   3002.430     2.8330     2.8347  32.734312  32.737924    34.9360    34.9384     1.5067    238.810     1.4603    249.833       6.58    1481.32     177033          1    -0.0267 8.9091e-05    245.466    256.797    27.8718    27.8736          4  0.000e+00
   7376.375   48.93544  -16.44238   3050.078   3002.499     2.8329     2.8347  32.734312  32.738295    34.9360    34.9388     1.5079    239.196     1.4603    249.844       6.58    1480.95     177034          1    -0.0267 8.9091e-05    245.863    256.808    27.8718    27.8739          4  0.000e+00
   7376.417   48.93544  -16.44238   3050.007   3002.430     2.8328     2.8347  32.734501  32.738233    34.9364    34.9388     1.5067    238.917     1.4603    249.963       6.57    1480.95     177035          1    -0.0267 8.9091e-05    245.576    256.931    27.8721    27.8739          4  0.000e+00
   7376.458   48.93544  -16.44238   3050.079   3002.499     2.8327     2.8347  32.734187  32.737925    34.9360    34.9384     1.5067    238.927     1.4603    249.971       6.57    1481.32     177036          1    -0.0267 8.9091e-05    245.587    256.938    27.8718    27.8736          4  0.000e+00
   7376.500   48.93544  -16.44238   3049.997   3002.420     2.8330     2.8347  32.734249  32.738048    34.9359    34.9386     1.5067    238.931     1.4603    250.085       6.57    1481.32     177037          1    -0.0267 8.9091e-05    245.590    257.056    27.8717    27.8737          4  0.000e+00
   7376.542   48.93544  -16.44238   3050.007   3002.430     2.8326     2.8346  32.734375  32.738172    34.9364    34.9389     1.5067    238.940     1.4603    250.203       6.58    1480.95     177038          1    -0.0267 8.9091e-05    245.600    257.177    27.8722    27.8740          4  0.000e+00
   7376.583   48.93544  -16.44238   3049.997   3002.420     2.8331     2.8347  32.734312  32.738110    34.9358    34.9386     1.5067    238.945     1.4603    250.318       6.58    1480.95     177039          1    -0.0267 8.9091e-05    245.604    257.296    27.8716    27.8738          4  0.000e+00
