Data_example/SBE_Data_Processed/DY130/SeaBird/Data/Batch/DY130_012.ros
* Sea-Bird SBE 9 Data File:
* FileName = C:\Users\sandm\Documents\Cruises\DY130\Data\Raw Data\DY130_012.hex
* Software Version Seasave V 7.26.7.121
* Temperature SN = 03P-5494
* Conductivity SN = 04C-3768
* Number of Bytes Per Scan = 45
* Number of Voltage Words = 4
* Number of Scans Averaged by the Deck Unit = 1
* NMEA Latitude = 48 57.73 N
* NMEA Longitude = 016 27.37 W
* NMEA UTC (Time) = Apr 09 2021  08:23:20
* NMEA baud rate = 9600
** Ship: RRS Discovery
** Cruise: DY130
** Cast: DY130_012
** Station: 071
** Julian Day: 099
** Date: 09/04/2021
** Time (GMT): 08:23
** Latitude: 48 57.72 N
** Longitude: 16 27.37 W
** Depth (uncorrected m): 4808
** Principal Scientist: Sue Hart
** Operator: BP/PH
# nquan = 27
# nvalues = 2904                                  
# units = specified
# name 0 = timeS: Time, Elapsed [seconds]
# name 1 = latitude: Latitude [deg]
# name 2 = longitude: Longitude [deg]
# name 3 = prDM: Pressure, Digiquartz [db]
# name 4 = depSM: Depth [salt water, m]
# name 5 = t090C: Temperature [ITS-90, deg C]
# name 6 = t190C: Temperature, 2 [ITS-90, deg C]
# name 7 = c0mS/cm: Conductivity [mS/cm]
# name 8 = c1mS/cm: Conductivity, 2 [mS/cm]
# name 9 = sal00: Salinity, Practical [PSU]
# name 10 = sal11: Salinity, Practical, 2 [PSU]
# name 11 = sbeox0V: Oxygen raw, SBE 43 [V]
# name 12 = sbox0Mm/Kg: Oxygen, SBE 43 [umol/kg]
# name 13 = sbeox1V: Oxygen raw, SBE 43, 2 [V]
# name 14 = sbox1Mm/Kg: Oxygen, SBE 43, 2 [umol/kg]
# name 15 = ptempC: Pressure Temperature [deg C]
# name 16 = altM: Altimeter [m]
# name 17 = scan: Scan Count
# name 18 = pumps: Pump Status
# name 19 = flECO-AFL: Fluorescence, WET Labs ECO-AFL/FL [mg/m^3]
# name 20 = turbWETbb0: Turbidity, WET Labs ECO BB [m^-1/sr]
# name 21 = sbeox0Mm/L: Oxygen, SBE 43 [umol/l]
# name 22 = sbeox1Mm/L: Oxygen, SBE 43, 2 [umol/l]
# name 23 = sigma-é00: Density [sigma-theta, kg/m^3]
# name 24 = sigma-é11: Density, 2 [sigma-theta, kg/m^3]
# name 25 = nbf: Bottles Fired
# name 26 = flag:  0.000e+00
# interval = seconds: 0.0416667
# start_time = Apr 09 2021 08:23:21 [NMEA time, first data scan]
# bad_flag = -9.990e-29
*END*
[from data line 1343]
   1964.167   48.96208  -16.45624     78.889     78.205    11.9599    11.9631  40.574856  40.582893    35.5666    35.5714     2.5116    254.577     2.3907    263.222      10.77    1481.68      47141          1     0.0392 1.1986e-04    261.461    270.341    27.0391    27.0422         12  0.000e+00
   1964.208   48.96208  -16.45624     78.889     78.205    11.9597    11.9631  40.574583  40.582624    35.5665    35.5711     2.5128    254.748     2.3919    263.397      10.77    1481.68      47142          1     0.0392 1.1986e-04    261.636    270.520    27.0390    27.0420         12  0.000e+00
   1964.250   48.96208  -16.45624     78.958     78.273    11.9597    11.9629  40.574857  40.582759    35.5668    35.5714     2.5128    254.765     2.3919    263.403      10.77    1481.32      47143          1     0.0392 1.1986e-04    261.654    270.526    27.0393    27.0422         12  0.000e+00
   1964.292   48.96208  -16.45624     78.889     78.205    11.9597    11.9631  40.574856  40.582893    35.5668    35.5714     2.5128    254.777     2.3919    263.404      10.77    1481.68      47144          1     0.0502 1.1986e-04    261.666    270.527    27.0392    27.0422         12  0.000e+00
   1964.333   48.96208  -16.45624     78.889     78.205    11.9597    11.9631  40.575061  40.582624    35.5670    35.5711     2.5116    254.620     2.3919    263.408      10.77    1481.32      47145          1     0.0502 1.1986e-04    261.505    270.531    27.0394    27.0420         12  0.000e+00
   1964.375   48.96208  -16.45624     78.889     78.205    11.9598    11.9630  40.574993  40.582557    35.5668    35.5712     2.5116    254.616     2.3919    263.412      10.76    1481.32      47146          1     0.0392 1.1986e-04    261.501    270.536    27.0392    27.0420         12  0.000e+00
   1964.417   48.96208  -16.45624     78.889     78.205    11.9599    11.9628  40.574856  40.582288    35.5666    35.5711     2.5116    254.612     2.3919    263.394      10.77    1481.68      47147          1     0.0502 1.1986e-04    261.497    270.517    27.0391    27.0420         12  0.000e+00
   1964.458   48.96208  -16.45624     78.820     78.137    11.9597    11.9626  40.574856  40.582220    35.5668    35.5713     2.5116    254.607     2.3919    263.396      10.77    1481.32      47148          1     0.0502 1.1986e-04    261.491    270.518    27.0393    27.0422         12  0.000e+00
   1964.500   48.96208  -16.45624     78.958     78.273    11.9597    11.9626  40.574857  40.582422    35.5668    35.5714     2.5116    254.608     2.3919    263.403      10.77    1481.32      47149          1     0.0502 1.1986e-04    261.492    270.525    27.0393    27.0422         12  0.000e+00
   1964.542   48.96208  -16.45624     78.811     78.127    11.9599    11.9627  40.574651  40.582489    35.5665    35.5714     2.5116    254.599     2.3919    263.400      10.77    1481.68      47150          1     0.0392 1.1986e-04    261.483    270.523    27.0390    27.0422         12  0.000e+00
   1964.583   48.96208  -16.45624     78.889     78.205    11.9595    11.9626  40.574788  40.582557    35.5669    35.5715     2.5116    254.599     2.3919    263.405      10.77    1481.32      47151          1     0.0502 1.1986e-04    261.483    270.529    27.0394    27.0424         12  0.000e+00
   1964.625   48.96208  -16.45624     78.811     78.127    11.9595    11.9626  40.574310  40.582556    35.5665    35.5716     2.5116    254.594     2.3907    263.190      10.77    1481.68      47152          1     0.0502 1.1986e-04    261.478    270.308    27.0391    27.0424         12  0.000e+00
   1964.667   48.96208  -16.45624     78.820     78.137    11.9594    11.9625  40.574788  40.582288    35.5671    35.5715     2.5116    254.590     2.3919    263.365      10.77    1481.32      47153          1     0.0392 1.1986e-04    261.474    270.487    27.0395    27.0423         12  0.000e+00
   1964.708   48.96208  -16.45624     78.811     78.127    11.9592    11.9623  40.573764  40.582220    35.5662    35.5716     2.5116    254.589     2.3919    263.368      10.77    1481.68      47154          1     0.0392 1.1986e-04    261.472    270.490    27.0389    27.0425         12  0.000e+00
   1964.750   48.96216  -16.45616     78.811     78.127    11.9593    11.9623  40.573969  40.582220    35.5663    35.5715     2.5116    254.584     2.3907    263.178      10.77    1481.68      47155          1     0.0392 1.1986e-04    261.468    270.295    27.0389    27.0424         12  0.000e+00
   1964.792   48.96216  -16.45616     78.811     78.127    11.9592    11.9624  40.573969  40.582422    35.5664    35.5716     2.5116    254.581     2.3907    263.136      10.77    1481.68      47156          1     0.0392 1.2157e-04    261.465    270.252    27.0391    27.0425         12  0.000e+00
   1964.833   48.96216  -16.45616     78.811     78.127    11.9591    11.9625  40.574105  40.581951    35.5667    35.5711     2.5128    254.748     2.3907    263.118      10.77    1481.32      47157          1     0.0392 1.2499e-04    261.637    270.234    27.0393    27.0421         12  0.000e+00
   1964.875   48.96216  -16.45616     78.820     78.137    11.9592    11.9628  40.574173  40.581817    35.5666    35.5707     2.5128    254.761     2.3907    263.100      10.77    1481.32      47158          1     0.0502 1.2499e-04    261.650    270.215    27.0392    27.0417         12  0.000e+00
   1964.917   48.96210  -16.45622     78.742     78.059    11.9592    11.9624  40.573900  40.582086    35.5664    35.5713     2.5128    254.772     2.3907    263.082      10.77    1481.68      47159          1     0.0392 1.2499e-04    261.660    270.196    27.0390    27.0423         12  0.000e+00
   1964.958   48.96210  -16.45622     78.811     78.127    11.9592    11.9621  40.573832  40.582220    35.5663    35.5717     2.5128    254.786     2.3907    263.069      10.77    1481.68      47160          1     0.0502 1.2499e-04    261.675    270.183    27.0390    27.0426         12  0.000e+00
   1965.000   48.96210  -16.45622     78.742     78.059    11.9592    11.9624  40.573832  40.581884    35.5663    35.5711     2.5116    254.605     2.3907    263.052      10.77    1481.68      47161          1     0.0392 1.2499e-04    261.490    270.165    27.0390    27.0421         12  0.000e+00
   1965.042   48.96210  -16.45622     78.811     78.127    11.9589    11.9621  40.574037  40.581817    35.5668    35.5713     2.5116    254.601     2.3907    263.042      10.77    1481.32      47162          1     0.0502 1.2499e-04    261.485    270.155    27.0394    27.0423         12  0.000e+00
   1965.083   48.96210  -16.45622     78.673     77.992    11.9591    11.9621  40.574241  40.581816    35.5669    35.5714     2.5116    254.588     2.3907    263.024      10.76    1481.68      47163          1     0.0392 1.2499e-04    261.472    270.137    27.0395    27.0424         12  0.000e+00
   1965.125   48.96210  -16.45622     78.742     78.059    11.9591    11.9620  40.573900  40.581548    35.5665    35.5712     2.5116    254.584     2.3919    263.208      10.77    1481.68      47164          1     0.0502 1.2499e-04    261.468    270.325    27.0392    27.0422         12  0.000e+00
   1965.167   48.96210  -16.45622     78.742     78.059    11.9590    11.9619  40.573832  40.581682    35.5665    35.5714     2.5116    254.577     2.3907    263.025      10.77    1481.32      47165          1     0.0502 1.2499e-04    261.460    270.138    27.0392    27.0424         12  0.000e+00
   1965.208   48.96210  -16.45622     78.742     78.059    11.9589    11.9618  40.573354  40.581548    35.5662    35.5714     2.5116    254.571     2.3907    263.015      10.77    1481.68      47166          1     0.0502 1.2499e-04    261.454    270.128    27.0389    27.0424         12  0.000e+00
   1965.250   48.96210  -16.45622     78.742     78.059    11.9589    11.9621  40.573627  40.581480    35.5664    35.5711     2.5116    254.563     2.3907    263.004      10.77    1481.32      47167          1     0.0392 1.2499e-04    261.446    270.116    27.0391    27.0421         12  0.000e+00
   1965.292   48.96210  -16.45622     78.673     77.991    11.9587    11.9618  40.573217  40.581211    35.5663    35.5711     2.5116    254.555     2.3907    262.994      10.77    1481.68      47168          1     0.0392 1.2499e-04    261.438    270.106    27.0390    27.0422         12  0.000e+00
   1965.333   48.96210  -16.45622     78.664     77.982    11.9587    11.9621  40.573422  40.581144    35.5664    35.5707     2.5116    254.547     2.3907    262.984      10.77    1481.32      47169          1     0.0502 1.2499e-04    261.430    270.096    27.0391    27.0418         12  0.000e+00
   1965.375   48.96210  -16.45622     78.742     78.059    11.9585    11.9619  40.573422  40.581346    35.5666    35.5711     2.5116    254.543     2.3907    262.980      10.77    1481.68      47170          1     0.0392 1.2499e-04    261.425    270.091    27.0393    27.0421         12  0.000e+00
   1965.417   48.96210  -16.45622     78.595     77.914    11.9587    11.9620  40.573422  40.581682    35.5665    35.5714     2.5116    254.530     2.3907    262.968      10.77    1481.68      47171          1     0.0502 1.2499e-04    261.412    270.079    27.0392    27.0424         12  0.000e+00
   1965.458   48.96210  -16.45622     78.742     78.059    11.9587    11.9619  40.573968  40.581548    35.5669    35.5713     2.5116    254.527     2.3907    262.968      10.77    1481.68      47172          1     0.0392 1.2499e-04    261.409    270.079    27.0395    27.0423         12  0.000e+00
   1965.500   48.96210  -16.45622     78.673     77.991    11.9585    11.9620  40.573695  40.581480    35.5669    35.5712     2.5116    254.518     2.3907    262.961      10.77    1481.68      47173          1     0.0392 1.2499e-04    261.400    270.072    27.0395    27.0422         12  0.000e+00
   1965.542   48.96210  -16.45622     78.595     77.914    11.9585    11.9619  40.573763  40.581480    35.5670    35.5713     2.5116    254.526     2.3907    262.954      10.77    1481.68      47174          1     0.0502 1.2499e-04    261.409    270.065    27.0396    27.0423         12  0.000e+00
   1965.583   48.96210  -16.45622     78.664     77.982    11.9587    11.9621  40.573832  40.581211    35.5669    35.5708     2.5128    254.710     2.3919    263.146      10.77    1481.68      47175          1     0.0392 1.2499e-04    261.598    270.262    27.0395    27.0419         12  0.000e+00
   1965.625   48.96210  -16.45622     78.595     77.914    11.9587    11.9619  40.574173  40.581345    35.5672    35.5711     2.5116    254.566     2.3919    263.164      10.77    1481.68      47176          1     0.0392 1.2499e-04    261.449    270.280    27.0397    27.0422         12  0.000e+00
   1965.667   48.96210  -16.45622     78.663     77.982    11.9589    11.9620  40.573900  40.580942    35.5668    35.5707     2.5116    254.562     2.3907    262.993      10.77    1481.68      47177          1     0.0392 1.2499e-04    261.445    270.105    27.0394    27.0418         12  0.000e+00
   1965.708   48.96210  -16.45622     78.605     77.923    11.9589    11.9618  40.574036  40.580808    35.5669    35.5708     2.5104    254.384     2.3907    262.991      10.77    1481.32      47178          1     0.0392 1.2499e-04    261.262    270.103    27.0395    27.0419         12  0.000e+00
   1965.750   48.96216  -16.45616     78.595     77.914    11.9589    11.9620  40.573695  40.581009    35.5666    35.5708     2.5116    254.532     2.3919    263.181      10.76    1481.68      47179          1     0.0502 1.2499e-04    261.414    270.298    27.0392    27.0419         12  0.000e+00
   1965.792   48.96216  -16.45616     78.663     77.982    11.9589    11.9617  40.573763  40.580808    35.5666    35.5708     2.5104    254.358     2.3919    263.206      10.77    1481.68      47180          1     0.0392 1.2499e-04    261.236    270.324    27.0393    27.0420         12  0.000e+00
   1965.833   48.96216  -16.45616     78.595     77.914    11.9589    11.9614  40.574036  40.580539    35.5669    35.5708     2.5116    254.504     2.3919    263.226      10.77    1481.32      47181          1     0.0502 1.2499e-04    261.386    270.344    27.0395    27.0421         12  0.000e+00
   1965.875   48.96216  -16.45616     78.526     77.846    11.9591    11.9613  40.573899  40.580135    35.5666    35.5706     2.5104    254.326     2.3919    263.246      10.77    1481.68      47182          1     0.0502 1.2328e-04    261.203    270.365    27.0392    27.0419         12  0.000e+00
   1965.917   48.96210  -16.45622     78.605     77.923    11.9591    11.9611  40.573627  40.580068    35.5663    35.5707     2.5104    254.308     2.3907    263.079      10.77    1481.68      47183          1     0.0502 1.2157e-04    261.184    270.193    27.0390    27.0420         12  0.000e+00
   1965.958   48.96210  -16.45622     78.595     77.914    11.9589    11.9611  40.573763  40.579799    35.5666    35.5704     2.5104    254.288     2.3919    263.271      10.76    1481.68      47184          1     0.0502 1.2157e-04    261.164    270.391    27.0393    27.0418         12  0.000e+00
   1966.000   48.96210  -16.45622     78.595     77.914    11.9591    11.9610  40.573490  40.580270    35.5662    35.5710     2.5116    254.439     2.3907    263.101      10.77    1481.68      47185          1     0.0502 1.2157e-04    261.318    270.216    27.0389    27.0423         12  0.000e+00
   1966.042   48.96210  -16.45622     78.526     77.846    11.9591    11.9608  40.573763  40.579664    35.5665    35.5706     2.5116    254.434     2.3919    263.294      10.77    1481.32      47186          1     0.0502 1.2157e-04    261.313    270.414    27.0391    27.0420         12  0.000e+00
   1966.083   48.96210  -16.45622     78.595     77.914    11.9590    11.9603  40.573831  40.579866    35.5666    35.5712     2.5104    254.263     2.3907    263.129      10.77    1481.32      47187          1     0.0612 1.2157e-04    261.138    270.244    27.0392    27.0426         12  0.000e+00
   1966.125   48.96210  -16.45622     78.605     77.923    11.9589    11.9604  40.573831  40.579463    35.5667    35.5708     2.5104    254.245     2.3919    263.324      10.77    1481.68      47188          1     0.0612 1.2157e-04    261.120    270.444    27.0393    27.0422         12  0.000e+00
   1966.167   48.96210  -16.45622     78.663     77.982    11.9591    11.9603  40.573627  40.579867    35.5663    35.5712     2.5104    254.228     2.3907    263.157      10.77    1481.68      47189          1     0.0502 1.2157e-04    261.102    270.273    27.0390    27.0426         12  0.000e+00
   1966.208   48.96210  -16.45622     78.311     77.632    11.9591    11.9605  40.573967  40.580067    35.5668    35.5714     2.5116    254.369     2.3907    263.123      10.76    1481.32      47190          1     0.0502 1.2157e-04    261.247    270.239    27.0394    27.0427         12  0.000e+00
   1966.250   48.96210  -16.45622     78.595     77.914    11.9592    11.9604  40.573900  40.579530    35.5665    35.5709     2.5116    254.397     2.3907    263.137      10.77    1481.68      47191          1     0.0612 1.2157e-04    261.275    270.253    27.0391    27.0423         12  0.000e+00
   1966.292   48.96210  -16.45622     78.526     77.846    11.9589    11.9606  40.573831  40.579395    35.5667    35.5705     2.5116    254.415     2.3907    263.138      10.77    1481.68      47192          1     0.0612 1.2157e-04    261.294    270.253    27.0394    27.0419         12  0.000e+00
