Data_example/SBE_Data_Processed/DY130/SeaBird/Data/Batch/DY130_007.ros
* Sea-Bird SBE 9 Data File:
* FileName = C:\Users\sandm\Documents\Cruises\DY130\Data\Raw Data\DY130_007.hex
* Software Version Seasave V 7.26.7.121
* Temperature SN = 03P-5494
* Conductivity SN = 04C-3768
* Number of Bytes Per Scan = 45
* Number of Voltage Words = 4
* Number of Scans Averaged by the Deck Unit = 1
* NMEA Latitude = 49 04.68 N
* NMEA Longitude = 016 30.90 W
* NMEA UTC (Time) = Apr 04 2021  09:05:22
* NMEA baud rate = 9600
** Ship: RRS Discovery
** Cruise: DY130
** Cast: DY130_007
** Station: 046
** Julian Day: 094
** Date: 04/04/21
** Time (GMT): 09:05
** Latitude: 49 04.66 N
** Longitude: 16 30.89 W
** Depth (uncorrected m): 4808
** Principal Scientist: Sue Hart
** Operator: BP/PH BP/PH
# nquan = 27
# nvalues = 2541                                  
# units = specified
# name 0 = timeS: Time, Elapsed [seconds]
# name 1 = latitude: Latitude [deg]
# name 2 = longitude: Longitude [deg]
# name 3 = prDM: Pressure, Digiquartz [db]
# name 4 = depSM: Depth [salt water, m]
# name 5 = t090C: Temperature [ITS-90, deg C]
# name 6 = t190C: Temperature, 2 [ITS-90, deg C]
# name 7 = c0mS/cm: Conductivity [mS/cm]
# name 8 = c1mS/cm: Conductivity, 2 [mS/cm]
# name 9 = sal00: Salinity, Practical [PSU]
# name 10 = sal11: Salinity, Practical, 2 [PSU]
# name 11 = sbeox0V: Oxygen raw, SBE 43 [V]
# name 12 = sbox0Mm/Kg: Oxygen, SBE 43 [umol/kg]
# name 13 = sbeox1V: Oxygen raw, SBE 43, 2 [V]
# name 14 = sbox1Mm/Kg: Oxygen, SBE 43, 2 [umol/kg]
# name 15 = ptempC: Pressure Temperature [deg C]
# name 16 = altM: Altimeter [m]
# name 17 = scan: Scan Count
# name 18 = pumps: Pump Status
# name 19 = flECO-AFL: Fluorescence, WET Labs ECO-AFL/FL [mg/m^3]
# name 20 = turbWETbb0: Turbidity, WET Labs ECO BB [m^-1/sr]
# name 21 = sbeox0Mm/L: Oxygen, SBE 43 [umol/l]
# name 22 = sbeox1Mm/L: Oxygen, SBE 43, 2 [umol/l]
# name 23 = sigma-é00: Density [sigma-theta, kg/m^3]
# name 24 = sigma-é11: Density, 2 [sigma-theta, kg/m^3]
# name 25 = nbf: Bottles Fired
# name 26 = flag:  0.000e+00
# interval = seconds: 0.0416667
# start_time = Apr 04 2021 09:05:23 [NMEA time, first data scan]
# bad_flag = -9.990e-29
*END*
[from data line 430]
   3147.917   49.07794  -16.51490    608.927    602.871     9.9343     9.9360  38.607122  38.612009    35.3146    35.3180     2.0891    226.008     2.0049    235.497      10.27    1481.68      75551          1    -0.0377 9.5928e-05    232.160    241.909    27.2214    27.2237          4  0.000e+00
   3147.958   49.07800  -16.51484    608.927    602.871     9.9345     9.9356  38.607122  38.612009    35.3145    35.3184     2.0891    226.020     2.0049    235.507      10.27    1481.68      75552          1    -0.0377 9.5928e-05    232.172    241.918    27.2213    27.2241          4  0.000e+00
   3148.000   49.07800  -16.51484    608.858    602.803     9.9345     9.9358  38.607389  38.612009    35.3148    35.3182     2.0891    226.030     2.0049    235.511      10.27    1481.68      75553          1    -0.0377 9.5928e-05    232.183    241.923    27.2215    27.2239          4  0.000e+00
   3148.042   49.07800  -16.51484    608.927    602.871     9.9343     9.9356  38.607189  38.611745    35.3147    35.3181     2.0891    226.047     2.0049    235.490      10.27    1481.32      75554          1    -0.0377 9.5928e-05    232.200    241.901    27.2215    27.2239          4  0.000e+00
   3148.083   49.07800  -16.51484    608.858    602.803     9.9345     9.9359  38.607389  38.611679    35.3148    35.3178     2.0891    226.059     2.0049    235.462      10.27    1481.32      75555          1    -0.0377 9.5928e-05    232.213    241.872    27.2215    27.2236          4  0.000e+00
   3148.125   49.07794  -16.51490    608.927    602.871     9.9342     9.9356  38.607523  38.611679    35.3152    35.3180     2.0904    226.274     2.0049    235.439      10.27    1481.32      75556          1    -0.0377 9.5928e-05    232.433    241.848    27.2219    27.2238          4  0.000e+00
   3148.167   49.07794  -16.51490    608.858    602.803     9.9343     9.9359  38.607189  38.611679    35.3147    35.3178     2.0904    226.287     2.0049    235.439      10.27    1481.68      75557          1    -0.0377 9.5928e-05    232.446    241.849    27.2215    27.2236          4  0.000e+00
   3148.208   49.07794  -16.51490    608.858    602.803     9.9341     9.9356  38.607122  38.611877    35.3149    35.3182     2.0891    226.106     2.0049    235.412      10.27    1481.68      75558          1    -0.0377 9.5928e-05    232.261    241.821    27.2216    27.2240          4  0.000e+00
   3148.250   49.07794  -16.51490    608.858    602.803     9.9340     9.9358  38.607122  38.611745    35.3150    35.3179     2.0904    226.292     2.0049    235.414      10.27    1481.32      75559          1    -0.0377 9.5928e-05    232.452    241.823    27.2217    27.2237          4  0.000e+00
   3148.292   49.07794  -16.51490    608.858    602.803     9.9345     9.9358  38.607122  38.611877    35.3145    35.3181     2.0891    226.107     2.0049    235.417      10.27    1481.68      75560          1    -0.0377 9.5928e-05    232.262    241.826    27.2213    27.2238          4  0.000e+00
   3148.333   49.07794  -16.51490    608.927    602.871     9.9343     9.9356  38.607122  38.611679    35.3146    35.3180     2.0904    226.270     2.0049    235.422      10.27    1481.68      75561          1    -0.0377 9.5928e-05    232.429    241.831    27.2214    27.2238          4  0.000e+00
   3148.375   49.07794  -16.51490    608.858    602.803     9.9341     9.9358  38.607389  38.611613    35.3151    35.3178     2.0891    226.083     2.0049    235.422      10.27    1481.32      75562          1    -0.0377 9.7638e-05    232.238    241.831    27.2218    27.2236          4  0.000e+00
   3148.417   49.07794  -16.51490    608.779    602.725     9.9346     9.9355  38.607523  38.611679    35.3148    35.3182     2.0891    226.066     2.0049    235.424      10.27    1481.68      75563          1    -0.0377 9.7638e-05    232.220    241.833    27.2215    27.2240          4  0.000e+00
   3148.458   49.07794  -16.51490    608.858    602.803     9.9344     9.9356  38.607523  38.611679    35.3150    35.3180     2.0904    226.252     2.0049    235.396      10.27    1481.68      75564          1    -0.0377 9.7638e-05    232.411    241.805    27.2217    27.2238          4  0.000e+00
   3148.500   49.07794  -16.51490    608.858    602.803     9.9345     9.9358  38.607523  38.612140    35.3149    35.3184     2.0891    226.066     2.0049    235.396      10.27    1481.68      75565          1    -0.0377 9.7638e-05    232.220    241.805    27.2216    27.2241          4  0.000e+00
   3148.542   49.07794  -16.51490    608.858    602.803     9.9345     9.9356  38.607389  38.612075    35.3148    35.3184     2.0904    226.273     2.0049    235.398      10.27    1481.68      75566          1    -0.0377 9.7638e-05    232.432    241.807    27.2215    27.2241          4  0.000e+00
   3148.583   49.07794  -16.51490    608.858    602.803     9.9346     9.9358  38.607189  38.611745    35.3145    35.3180     2.0904    226.282     2.0049    235.399      10.27    1481.68      75567          1    -0.0377 9.7638e-05    232.442    241.808    27.2212    27.2237          4  0.000e+00
   3148.625   49.07794  -16.51490    608.779    602.725     9.9345     9.9356  38.607657  38.611877    35.3151    35.3183     2.0891    226.093     2.0049    235.367      10.27    1481.68      75568          1    -0.0377 9.7638e-05    232.248    241.775    27.2217    27.2240          4  0.000e+00
   3148.667   49.07794  -16.51490    608.858    602.803     9.9345     9.9358  38.607256  38.611745    35.3147    35.3179     2.0904    226.277     2.0049    235.369      10.27    1481.68      75569          1    -0.0377 9.7638e-05    232.436    241.777    27.2214    27.2237          4  0.000e+00
   3148.708   49.07794  -16.51490    608.779    602.725     9.9345     9.9358  38.607121  38.611876    35.3146    35.3181     2.0891    226.087     2.0049    235.366      10.27    1481.32      75570          1    -0.0377 9.7638e-05    232.241    241.774    27.2213    27.2239          4  0.000e+00
   3148.750   49.07794  -16.51490    608.858    602.803     9.9344     9.9358  38.607389  38.611481    35.3149    35.3176     2.0891    226.073     2.0049    235.369      10.27    1481.68      75571          1    -0.0377 9.7638e-05    232.227    241.777    27.2216    27.2235          4  0.000e+00
   3148.792   49.07794  -16.51490    608.779    602.725     9.9346     9.9356  38.607188  38.611349    35.3145    35.3177     2.0891    226.055     2.0049    235.368      10.27    1481.32      75572          1    -0.0377 9.7638e-05    232.208    241.776    27.2212    27.2236          4  0.000e+00
   3148.833   49.07794  -16.51490    608.858    602.803     9.9346     9.9358  38.607122  38.611811    35.3144    35.3180     2.0891    226.041     2.0049    235.369      10.27    1481.68      75573          1    -0.0377 9.7638e-05    232.194    241.777    27.2211    27.2238          4  0.000e+00
   3148.875   49.07794  -16.51490    608.779    602.725     9.9345     9.9358  38.607389  38.611745    35.3148    35.3180     2.0891    226.048     2.0049    235.367      10.27    1481.32      75574          1    -0.0377 9.7638e-05    232.201    241.774    27.2215    27.2237          4  0.000e+00
   3148.917   49.07794  -16.51490    608.779    602.725     9.9345     9.9356  38.607523  38.611877    35.3150    35.3183     2.0879    225.837     2.0049    235.367      10.27    1481.32      75575          1    -0.0377 9.7638e-05    231.984    241.775    27.2216    27.2240          4  0.000e+00
   3148.958   49.07800  -16.51484    608.858    602.803     9.9345     9.9356  38.607189  38.611745    35.3146    35.3181     2.0891    226.022     2.0049    235.370      10.27    1481.32      75576          1    -0.0377 9.7638e-05    232.175    241.777    27.2213    27.2239          4  0.000e+00
   3149.000   49.07800  -16.51484    608.730    602.676     9.9346     9.9358  38.607389  38.611415    35.3147    35.3176     2.0891    226.005     2.0049    235.366      10.27    1481.68      75577          1    -0.0377 9.7638e-05    232.157    241.773    27.2214    27.2235          4  0.000e+00
   3149.042   49.07800  -16.51484    608.858    602.803     9.9345     9.9356  38.607189  38.611547    35.3146    35.3180     2.0891    226.021     2.0049    235.370      10.27    1481.32      75578          1    -0.0377 9.7638e-05    232.174    241.778    27.2213    27.2238          4  0.000e+00
   3149.083   49.07800  -16.51484    608.779    602.725     9.9344     9.9355  38.607121  38.611679    35.3147    35.3182     2.0891    226.008     2.0049    235.368      10.27    1481.32      75579          1    -0.0377 9.7638e-05    232.160    241.776    27.2214    27.2240          4  0.000e+00
   3149.125   49.07794  -16.51490    608.779    602.725     9.9343     9.9356  38.607121  38.611877    35.3147    35.3183     2.0891    225.996     2.0049    235.367      10.27    1481.32      75580          1    -0.0377 9.7638e-05    232.148    241.775    27.2214    27.2240          4  0.000e+00
   3149.167   49.07794  -16.51490    608.779    602.725     9.9345     9.9355  38.607389  38.611745    35.3148    35.3183     2.0891    225.983     2.0049    235.368      10.27    1481.32      75581          1    -0.0377 9.7638e-05    232.135    241.776    27.2215    27.2240          4  0.000e+00
   3149.208   49.07794  -16.51490    608.779    602.725     9.9345     9.9352  38.607188  38.611679    35.3146    35.3185     2.0891    225.996     2.0049    235.369      10.27    1481.32      75582          1    -0.0377 9.7638e-05    232.148    241.777    27.2214    27.2243          4  0.000e+00
   3149.250   49.07794  -16.51490    608.779    602.725     9.9343     9.9354  38.607121  38.611415    35.3147    35.3180     2.0891    225.986     2.0049    235.369      10.27    1481.68      75583          1    -0.0377 9.7638e-05    232.138    241.776    27.2214    27.2238          4  0.000e+00
   3149.292   49.07794  -16.51490    608.779    602.725     9.9345     9.9358  38.607657  38.611547    35.3151    35.3178     2.0891    225.974     2.0049    235.367      10.27    1481.32      75584          1    -0.0377 9.7638e-05    232.125    241.774    27.2217    27.2236          4  0.000e+00
   3149.333   49.07794  -16.51490    608.779    602.725     9.9343     9.9354  38.607590  38.611679    35.3152    35.3183     2.0891    225.963     2.0061    235.590      10.27    1481.68      75585          1    -0.0377 9.7638e-05    232.114    242.003    27.2218    27.2240          4  0.000e+00
   3149.375   49.07794  -16.51490    608.779    602.725     9.9345     9.9356  38.607188  38.611415    35.3146    35.3178     2.0891    225.952     2.0049    235.397      10.27    1481.32      75586          1    -0.0377 9.7638e-05    232.103    241.805    27.2213    27.2236          4  0.000e+00
   3149.417   49.07794  -16.51490    608.779    602.725     9.9345     9.9355  38.607121  38.611547    35.3146    35.3181     2.0891    225.966     2.0049    235.396      10.27    1481.32      75587          1    -0.0377 9.7638e-05    232.118    241.804    27.2213    27.2239          4  0.000e+00
   3149.458   49.07794  -16.51490    608.779    602.725     9.9345     9.9353  38.607389  38.611152    35.3148    35.3179     2.0891    225.981     2.0049    235.396      10.27    1481.68      75588          1    -0.0377 9.5928e-05    232.132    241.805    27.2215    27.2238          4  0.000e+00
   3149.500   49.07794  -16.51490    608.779    602.725     9.9343     9.9355  38.607657  38.611481    35.3153    35.3180     2.0891    225.997     2.0049    235.394      10.27    1481.68      75589          1    -0.0377 9.5928e-05    232.149    241.802    27.2219    27.2238          4  0.000e+00
   3149.542   49.07794  -16.51490    608.779    602.725     9.9345     9.9355  38.607523  38.611415    35.3150    35.3179     2.0891    226.014     2.0049    235.392      10.27    1481.68      75590          1    -0.0377 9.5928e-05    232.166    241.801    27.2216    27.2238          4  0.000e+00
   3149.583   49.07794  -16.51490    608.710    602.657     9.9343     9.9356  38.607523  38.611547    35.3152    35.3180     2.0891    226.005     2.0049    235.388      10.27    1481.32      75591          1    -0.0377 9.5928e-05    232.157    241.797    27.2218    27.2238          4  0.000e+00
   3149.625   49.07794  -16.51490    608.779    602.725     9.9345     9.9353  38.607523  38.611152    35.3150    35.3179     2.0891    226.000     2.0049    235.391      10.27    1481.68      75592          1    -0.0377 9.5928e-05    232.152    241.799    27.2216    27.2237          4  0.000e+00
   3149.667   49.07794  -16.51490    608.779    602.725     9.9343     9.9353  38.607523  38.611020    35.3151    35.3178     2.0891    225.993     2.0049    235.390      10.27    1481.32      75593          1    -0.0377 9.5928e-05    232.145    241.799    27.2218    27.2237          4  0.000e+00
   3149.708   49.07794  -16.51490    608.779    602.725     9.9344     9.9353  38.607188  38.611218    35.3147    35.3179     2.0891    225.987     2.0049    235.389      10.27    1481.68      75594          1    -0.0377 9.5928e-05    232.138    241.797    27.2215    27.2238          4  0.000e+00
   3149.750   49.07794  -16.51490    608.710    602.657     9.9345     9.9355  38.607389  38.611085    35.3149    35.3176     2.0891    225.977     2.0049    235.385      10.27    1481.32      75595          1    -0.0377 9.5928e-05    232.128    241.793    27.2215    27.2235          4  0.000e+00
   3149.792   49.07794  -16.51490    608.779    602.725     9.9343     9.9356  38.607523  38.611217    35.3151    35.3176     2.0891    225.972     2.0049    235.385      10.27    1481.32      75596          1    -0.0377 9.5928e-05    232.124    241.793    27.2218    27.2235          4  0.000e+00
   3149.833   49.07794  -16.51490    608.779    602.725     9.9343     9.9356  38.607523  38.611547    35.3151    35.3179     2.0891    225.965     2.0049    235.383      10.27    1481.32      75597          1    -0.0377 9.5928e-05    232.116    241.791    27.2218    27.2237          4  0.000e+00
   3149.875   49.07794  -16.51490    608.710    602.657     9.9341     9.9351  38.607523  38.611415    35.3153    35.3184     2.0891    225.957     2.0049    235.382      10.27    1481.68      75598          1    -0.0377 9.5928e-05    232.108    241.790    27.2220    27.2242          4  0.000e+00
   3149.917   49.07794  -16.51490    608.780    602.725     9.9345     9.9355  38.607188  38.611547    35.3146    35.3181     2.0891    225.951     2.0049    235.381      10.27    1481.68      75599          1    -0.0377 9.5928e-05    232.102    241.789    27.2214    27.2239          4  0.000e+00
   3149.958   49.07800  -16.51484    608.780    602.725     9.9341     9.9353  38.607389  38.611152    35.3152    35.3179     2.0891    225.945     2.0049    235.381      10.27    1481.68      75600          1    -0.0377 9.5928e-05    232.096    241.789    27.2218    27.2237          4  0.000e+00
   3150.000   49.07800  -16.51484    608.711    602.657     9.9342     9.9351  38.607188  38.611020    35.3150    35.3179     2.0891    225.936     2.0049    235.379      10.27    1481.32      75601          1    -0.0377 9.5928e-05    232.087    241.787    27.2217    27.2238          4  0.000e+00
   3150.042   49.07800  -16.51484    608.780    602.725     9.9345     9.9352  38.607389  38.611020    35.3148    35.3179     2.0891    225.930     2.0049    235.379      10.27    1481.68      75602          1    -0.0377 9.5928e-05    232.080    241.787    27.2215    27.2238          4  0.000e+00
   3150.083   49.07800  -16.51484    608.711    602.657     9.9345     9.9351  38.607523  38.611020    35.3150    35.3179     2.0891    225.921     2.0049    235.376      10.27    1481.68      75603          1    -0.0377 9.5928e-05    232.071    241.784    27.2217    27.2238          4  0.000e+00
