Data_example/SBE_Data_Processed/DY130/SeaBird/Data/Batch/DY130_005.ros
* Sea-Bird SBE 9 Data File:
* FileName = C:\Users\sandm\Documents\Cruises\DY130\Data\Raw Data\DY130_005.hex
* Software Version Seasave V 7.26.7.121
* Temperature SN = 03P-5494
* Conductivity SN = 04C-3768
* Number of Bytes Per Scan = 45
* Number of Voltage Words = 4
* Number of Scans Averaged by the Deck Unit = 1
* NMEA Latitude = 48 56.39 N
* NMEA Longitude = 016 27.89 W
* NMEA UTC (Time) = Apr 02 2021  07:00:27
* NMEA baud rate = 9600
** Ship: RRS Discovery
** Cruise: DY130
** Cast: DY130_005
** Station: 032
** Julian Day: 092
** Date: 02/04/21
** Time (GMT):
** Latitude: 48 56.38 N
** Longitude: 16 27.88 W
** Depth (uncorrected m): 4811
** Principal Scientist: Sue Hart
** Operator: BP/PH
# nquan = 27
# nvalues = 2541                                  
# units = specified
# name 0 = timeS: Time, Elapsed [seconds]
# name 1 = latitude: Latitude [deg]
# name 2 = longitude: Longitude [deg]
# name 3 = prDM: Pressure, Digiquartz [db]
# name 4 = depSM: Depth [salt water, m]
# name 5 = t090C: Temperature [ITS-90, deg C]
# name 6 = t190C: Temperature, 2 [ITS-90, deg C]
# name 7 = c0mS/cm: Conductivity [mS/cm]
# name 8 = c1mS/cm: Conductivity, 2 [mS/cm]
# name 9 = sal00: Salinity, Practical [PSU]
# name 10 = sal11: Salinity, Practical, 2 [PSU]
# name 11 = sbeox0V: Oxygen raw, SBE 43 [V]
# name 12 = sbox0Mm/Kg: Oxygen, SBE 43 [umol/kg]
# name 13 = sbeox1V: Oxygen raw, SBE 43, 2 [V]
# name 14 = sbox1Mm/Kg: Oxygen, SBE 43, 2 [umol/kg]
# name 15 = ptempC: Pressure Temperature [deg C]
# name 16 = altM: Altimeter [m]
# name 17 = scan: Scan Count
# name 18 = pumps: Pump Status
# name 19 = flECO-AFL: Fluorescence, WET Labs ECO-AFL/FL [mg/m^3]
# name 20 = turbWETbb0: Turbidity, WET Labs ECO BB [m^-1/sr]
# name 21 = sbeox0Mm/L: Oxygen, SBE 43 [umol/l]
# name 22 = sbeox1Mm/L: Oxygen, SBE 43, 2 [umol/l]
# name 23 = sigma-é00: Density [sigma-theta, kg/m^3]
# name 24 = sigma-é11: Density, 2 [sigma-theta, kg/m^3]
# name 25 = nbf: Bottles Fired
# name 26 = flag:  0.000e+00
# interval = seconds: 0.0416667
# start_time = Apr 02 2021 07:00:27 [NMEA time, first data scan]
# bad_flag = -9.990e-29
*END*
[from data line 1826]
   7297.750   48.93970  -16.46532     53.090     52.633    11.5349    11.5362  40.082076  40.086063    35.5001    35.5027     2.5824    265.163     2.4652    275.529      10.83    1481.68     175147          1     0.8414 1.9165e-04    272.340    282.987    27.0673    27.0691         16  0.000e+00
   7297.792   48.93970  -16.46532     53.041     52.584    11.5351    11.5359  40.082008  40.086197    35.4998    35.5032     2.5824    265.159     2.4664    275.710      10.83    1481.68     175148          1     0.8524 1.9165e-04    272.337    283.173    27.0671    27.0696         16  0.000e+00
   7297.833   48.93970  -16.46532     53.119     52.662    11.5348    11.5362  40.081601  40.086532    35.4997    35.5031     2.5824    265.163     2.4652    275.526      10.83    1481.68     175149          1     0.8414 1.9165e-04    272.341    282.984    27.0671    27.0695         16  0.000e+00
   7297.875   48.93970  -16.46532     53.119     52.662    11.5349    11.5361  40.081872  40.086398    35.4998    35.5031     2.5824    265.162     2.4652    275.537      10.83    1481.68     175150          1     0.8414 1.8995e-04    272.339    282.996    27.0672    27.0695         16  0.000e+00
   7297.917   48.93970  -16.46532     53.119     52.662    11.5349    11.5362  40.082076  40.086331    35.5000    35.5029     2.5824    265.161     2.4652    275.524      10.82    1481.68     175151          1     0.8304 1.8995e-04    272.338    282.983    27.0673    27.0693         16  0.000e+00
   7297.958   48.93970  -16.46532     53.168     52.710    11.5349    11.5364  40.081465  40.086532    35.4994    35.5029     2.5824    265.181     2.4652    275.513      10.83    1481.68     175152          1     0.8194 1.8824e-04    272.359    282.971    27.0669    27.0693         16  0.000e+00
   7298.000   48.93970  -16.46532     53.119     52.662    11.5346    11.5362  40.081668  40.086398    35.4999    35.5030     2.5824    265.180     2.4664    275.694      10.82    1481.68     175153          1     0.8194 1.8824e-04    272.358    283.157    27.0673    27.0694         16  0.000e+00
   7298.042   48.93970  -16.46532     53.187     52.730    11.5349    11.5362  40.081940  40.086532    35.4999    35.5031     2.5824    265.181     2.4664    275.705      10.83    1481.32     175154          1     0.8194 1.8824e-04    272.359    283.169    27.0672    27.0695         16  0.000e+00
   7298.083   48.93970  -16.46532     53.119     52.662    11.5347    11.5361  40.081601  40.086398    35.4997    35.5031     2.5824    265.180     2.4652    275.542      10.83    1481.68     175155          1     0.8194 1.8824e-04    272.358    283.001    27.0671    27.0695         16  0.000e+00
   7298.125   48.93970  -16.46532     53.168     52.710    11.5349    11.5361  40.081872  40.086064    35.4998    35.5028     2.5824    265.181     2.4652    275.531      10.83    1481.32     175156          1     0.8194 1.8824e-04    272.358    282.990    27.0672    27.0693         16  0.000e+00
   7298.167   48.93970  -16.46532     53.187     52.730    11.5347    11.5362  40.081805  40.086465    35.4999    35.5030     2.5824    265.182     2.4652    275.517      10.83    1481.68     175157          1     0.8194 1.8824e-04    272.360    282.975    27.0672    27.0694         16  0.000e+00
   7298.208   48.93970  -16.46532     53.187     52.730    11.5349    11.5362  40.081940  40.086064    35.4998    35.5026     2.5824    265.181     2.4652    275.505      10.83    1481.68     175158          1     0.8194 1.8824e-04    272.359    282.962    27.0672    27.0691         16  0.000e+00
   7298.250   48.93970  -16.46532     53.187     52.730    11.5349    11.5361  40.082076  40.086197    35.5000    35.5029     2.5824    265.181     2.4652    275.492      10.83    1481.32     175159          1     0.8194 1.8995e-04    272.359    282.949    27.0673    27.0694         16  0.000e+00
   7298.292   48.93970  -16.46532     53.187     52.730    11.5351    11.5362  40.082008  40.086064    35.4998    35.5026     2.5812    265.008     2.4652    275.478      10.83    1481.68     175160          1     0.8194 1.8824e-04    272.181    282.935    27.0671    27.0691         16  0.000e+00
   7298.333   48.93970  -16.46532     53.236     52.778    11.5349    11.5362  40.082076  40.086465    35.5000    35.5030     2.5824    265.165     2.4652    275.466      10.83    1481.68     175161          1     0.8304 1.8824e-04    272.343    282.923    27.0673    27.0694         16  0.000e+00
   7298.375   48.93966  -16.46534     53.187     52.730    11.5348    11.5362  40.081737  40.086398    35.4998    35.5030     2.5824    265.184     2.4652    275.451      10.83    1481.68     175162          1     0.8304 1.8824e-04    272.362    282.908    27.0671    27.0694         16  0.000e+00
   7298.417   48.93966  -16.46534     53.187     52.730    11.5349    11.5361  40.081737  40.086331    35.4997    35.5030     2.5824    265.185     2.4652    275.462      10.83    1481.32     175163          1     0.8194 1.8824e-04    272.363    282.919    27.0671    27.0695         16  0.000e+00
   7298.458   48.93966  -16.46534     53.187     52.730    11.5347    11.5361  40.081601  40.085997    35.4997    35.5027     2.5824    265.188     2.4652    275.474      10.83    1481.68     175164          1     0.8194 1.8995e-04    272.365    282.931    27.0671    27.0692         16  0.000e+00
   7298.500   48.93966  -16.46534     53.236     52.778    11.5349    11.5361  40.081737  40.085930    35.4997    35.5026     2.5824    265.190     2.4652    275.465      10.83    1481.68     175165          1     0.8194 1.8995e-04    272.368    282.922    27.0670    27.0691         16  0.000e+00
   7298.542   48.93970  -16.46532     53.256     52.798    11.5348    11.5359  40.081941  40.086465    35.4999    35.5033     2.5812    265.020     2.4652    275.454      10.83    1481.68     175166          1     0.8194 1.8995e-04    272.193    282.911    27.0673    27.0697         16  0.000e+00
   7298.583   48.93970  -16.46532     53.187     52.730    11.5349    11.5361  40.081669  40.086064    35.4996    35.5028     2.5824    265.174     2.4652    275.464      10.83    1481.68     175167          1     0.8194 1.8824e-04    272.352    282.921    27.0670    27.0692         16  0.000e+00
   7298.625   48.93970  -16.46532     53.256     52.798    11.5347    11.5361  40.081465  40.086198    35.4995    35.5029     2.5812    265.008     2.4652    275.479      10.83    1481.68     175168          1     0.8304 1.8824e-04    272.181    282.936    27.0670    27.0693         16  0.000e+00
   7298.667   48.93970  -16.46532     53.187     52.730    11.5347    11.5361  40.081872  40.086331    35.4999    35.5030     2.5812    264.990     2.4652    275.467      10.83    1481.68     175169          1     0.8304 1.8824e-04    272.162    282.924    27.0673    27.0695         16  0.000e+00
   7298.708   48.93970  -16.46532     53.305     52.846    11.5346    11.5361  40.081601  40.086332    35.4997    35.5030     2.5824    265.152     2.4652    275.462      10.83    1481.68     175170          1     0.8194 1.8995e-04    272.329    282.919    27.0671    27.0694         16  0.000e+00
   7298.750   48.93970  -16.46532     53.256     52.797    11.5347    11.5359  40.082077  40.086331    35.5001    35.5032     2.5812    264.981     2.4652    275.452      10.83    1481.68     175171          1     0.8194 1.8995e-04    272.153    282.908    27.0674    27.0696         16  0.000e+00
   7298.792   48.93970  -16.46532     53.256     52.797    11.5345    11.5361  40.081669  40.086064    35.4999    35.5028     2.5824    265.141     2.4652    275.442      10.83    1481.32     175172          1     0.8194 1.8824e-04    272.318    282.898    27.0673    27.0692         16  0.000e+00
   7298.833   48.93970  -16.46532     53.187     52.730    11.5347    11.5359  40.081872  40.086465    35.4999    35.5034     2.5812    264.970     2.4652    275.430      10.83    1481.32     175173          1     0.8194 1.8995e-04    272.142    282.886    27.0673    27.0697         16  0.000e+00
   7298.875   48.93970  -16.46532     53.236     52.778    11.5346    11.5361  40.081601  40.086398    35.4997    35.5031     2.5812    264.941     2.4652    275.422      10.83    1481.68     175174          1     0.8194 1.8995e-04    272.113    282.877    27.0672    27.0695         16  0.000e+00
   7298.917   48.93970  -16.46532     53.256     52.797    11.5347    11.5361  40.081873  40.086064    35.4999    35.5028     2.5824    265.082     2.4652    275.414      10.83    1481.32     175175          1     0.8194 1.8995e-04    272.257    282.869    27.0673    27.0692         16  0.000e+00
   7298.958   48.93970  -16.46532     53.256     52.797    11.5345    11.5359  40.081601  40.086465    35.4998    35.5033     2.5824    265.088     2.4652    275.404      10.83    1481.32     175176          1     0.8084 1.9336e-04    272.263    282.859    27.0672    27.0697         16  0.000e+00
   7299.000   48.93970  -16.46532     53.256     52.797    11.5347    11.5361  40.081873  40.086398    35.4999    35.5031     2.5812    264.919     2.4652    275.418      10.83    1481.68     175177          1     0.8084 1.9507e-04    272.089    282.873    27.0673    27.0695         16  0.000e+00
   7299.042   48.93970  -16.46532     53.256     52.797    11.5346    11.5362  40.081805  40.086331    35.4999    35.5029     2.5812    264.907     2.4652    275.432      10.83    1481.32     175178          1     0.8084 1.9507e-04    272.077    282.888    27.0673    27.0693         16  0.000e+00
   7299.083   48.93970  -16.46532     53.236     52.778    11.5347    11.5363  40.081601  40.086532    35.4997    35.5030     2.5812    264.894     2.4652    275.447      10.83    1481.32     175179          1     0.8084 1.9678e-04    272.064    282.903    27.0671    27.0694         16  0.000e+00
   7299.125   48.93970  -16.46532     53.256     52.797    11.5345    11.5361  40.081465  40.086398    35.4997    35.5031     2.5824    265.057     2.4652    275.466      10.83    1481.68     175180          1     0.8084 1.9507e-04    272.231    282.922    27.0671    27.0695         16  0.000e+00
   7299.167   48.93970  -16.46532     53.256     52.797    11.5345    11.5361  40.081261  40.086331    35.4995    35.5030     2.5824    265.064     2.4652    275.460      10.83    1481.68     175181          1     0.8194 1.9678e-04    272.238    282.917    27.0670    27.0694         16  0.000e+00
   7299.208   48.93970  -16.46532     53.256     52.797    11.5347    11.5362  40.081397  40.086331    35.4994    35.5029     2.5824    265.069     2.4652    275.454      10.83    1481.68     175182          1     0.8084 1.9507e-04    272.244    282.910    27.0669    27.0693         16  0.000e+00
   7299.250   48.93970  -16.46532     53.236     52.778    11.5344    11.5361  40.081261  40.086532    35.4996    35.5032     2.5824    265.077     2.4652    275.448      10.83    1481.68     175183          1     0.8084 1.9507e-04    272.252    282.904    27.0671    27.0696         16  0.000e+00
   7299.292   48.93970  -16.46532     53.256     52.797    11.5345    11.5362  40.081397  40.086131    35.4996    35.5027     2.5824    265.084     2.4652    275.467      10.83    1481.68     175184          1     0.8084 1.9507e-04    272.259    282.923    27.0671    27.0691         16  0.000e+00
   7299.333   48.93970  -16.46532     53.256     52.797    11.5347    11.5364  40.081261  40.085930    35.4993    35.5023     2.5824    265.090     2.4652    275.485      10.83    1481.32     175185          1     0.8084 1.9507e-04    272.265    282.942    27.0668    27.0688         16  0.000e+00
   7299.375   48.93966  -16.46534     53.256     52.797    11.5345    11.5362  40.081873  40.086198    35.5001    35.5028     2.5824    265.096     2.4652    275.505      10.83    1481.68     175186          1     0.8084 1.9507e-04    272.272    282.963    27.0675    27.0692         16  0.000e+00
   7299.417   48.93966  -16.46534     53.168     52.710    11.5346    11.5362  40.082008  40.086331    35.5002    35.5029     2.5812    264.927     2.4652    275.499      10.83    1481.68     175187          1     0.8084 1.9678e-04    272.098    282.956    27.0675    27.0693         16  0.000e+00
   7299.458   48.93966  -16.46534     53.334     52.875    11.5347    11.5362  40.081601  40.086332    35.4996    35.5028     2.5812    264.923     2.4640    275.308      10.82    1481.68     175188          1     0.8084 1.9507e-04    272.093    282.760    27.0670    27.0693         16  0.000e+00
   7299.500   48.93966  -16.46534     53.187     52.729    11.5345    11.5362  40.081533  40.086331    35.4998    35.5029     2.5812    264.909     2.4652    275.472      10.83    1481.68     175189          1     0.8084 1.9507e-04    272.079    282.929    27.0672    27.0693         16  0.000e+00
   7299.542   48.93970  -16.46532     53.187     52.729    11.5345    11.5362  40.081737  40.086532    35.5000    35.5031     2.5812    264.899     2.4652    275.470      10.83    1481.68     175190          1     0.8084 1.9507e-04    272.070    282.927    27.0674    27.0695         16  0.000e+00
   7299.583   48.93970  -16.46532     53.256     52.797    11.5346    11.5362  40.081941  40.086398    35.5001    35.5029     2.5812    264.893     2.4652    275.471      10.83    1481.68     175191          1     0.8084 1.9507e-04    272.063    282.928    27.0674    27.0694         16  0.000e+00
   7299.625   48.93970  -16.46532     53.236     52.778    11.5349    11.5361  40.081669  40.086331    35.4996    35.5030     2.5812    264.884     2.4652    275.469      10.82    1481.68     175192          1     0.8194 1.9507e-04    272.054    282.926    27.0670    27.0694         16  0.000e+00
   7299.667   48.93970  -16.46532     53.256     52.797    11.5349    11.5363  40.081737  40.086064    35.4996    35.5026     2.5812    264.878     2.4652    275.467      10.82    1481.32     175193          1     0.8084 1.9507e-04    272.048    282.924    27.0670    27.0691         16  0.000e+00
   7299.708   48.93970  -16.46532     53.119     52.662    11.5347    11.5361  40.081940  40.086197    35.5000    35.5029     2.5824    265.058     2.4652    275.461      10.83    1481.32     175194          1     0.8084 1.9507e-04    272.233    282.918    27.0674    27.0694         16  0.000e+00
   7299.750   48.93970  -16.46532     53.403     52.943    11.5346    11.5361  40.081602  40.086332    35.4997    35.5030     2.5812    264.910     2.4652    275.469      10.83    1481.68     175195          1     0.8084 1.9678e-04    272.080    282.926    27.0671    27.0694         16  0.000e+00
   7299.792   48.93970  -16.46532     53.236     52.778    11.5349    11.5361  40.081873  40.086331    35.4998    35.5030     2.5812    264.898     2.4652    275.461      10.83    1481.68     175196          1     0.8084 1.9507e-04    272.068    282.918    27.0671    27.0694         16  0.000e+00
   7299.833   48.93970  -16.46532     53.119     52.662    11.5347    11.5361  40.081804  40.086532    35.4999    35.5033     2.5812    264.891     2.4652    275.478      10.83    1481.68     175197          1     0.8084 1.9507e-04    272.061    282.936    27.0673    27.0696         16  0.000e+00
   7299.875   48.93970  -16.46532     53.187     52.729    11.5345    11.5361  40.081601  40.086064    35.4999    35.5028     2.5812    264.892     2.4652    275.481      10.83    1481.68     175198          1     0.8084 1.9507e-04    272.061    282.938    27.0673    27.0692         16  0.000e+00
   7299.917   48.93970  -16.46532     53.187     52.729    11.5348    11.5362  40.081737  40.085930    35.4998    35.5025     2.5812    264.888     2.4652    275.480      10.83    1481.32     175199          1     0.8084 1.9507e-04    272.058    282.937    27.0671    27.0690         16  0.000e+00
