Data_example/SBE_Data_Processed/DY130/SeaBird/Data/Batch/DY130_006.ros
* Sea-Bird SBE 9 Data File:
* FileName = C:\Users\sandm\Documents\Cruises\DY130\Data\Raw Data\DY130_006.hex
* Software Version Seasave V 7.26.7.121
* Temperature SN = 03P-5494
* Conductivity SN = 04C-3768
* Number of Bytes Per Scan = 45
* Number of Voltage Words = 4
* Number of Scans Averaged by the Deck Unit = 1
* NMEA Latitude = 48 57.60 N
* NMEA Longitude = 016 26.80 W
* NMEA UTC (Time) = Apr 04 2021  06:49:01
* NMEA baud rate = 9600
** Ship: RRS Discovery
** Cruise: DY130
** Cast: DY130_006
** Station: 045
** Julian Day: 094
** Date: 04/04/21
** Time (GMT): 06:48
** Latitude: 28 57.59N
** Longitude: 16 26.80W
** Depth (uncorrected m): 4811
** Principal Scientist: Sue Hart
** Operator: BP/PH BP/PH
# nquan = 27
# nvalues = 2541                                  
# units = specified
# name 0 = timeS: Time, Elapsed [seconds]
# name 1 = latitude: Latitude [deg]
# name 2 = longitude: Longitude [deg]
# name 3 = prDM: Pressure, Digiquartz [db]
# name 4 = depSM: Depth [salt water, m]
# name 5 = t090C: Temperature [ITS-90, deg C]
# name 6 = t190C: Temperature, 2 [ITS-90, deg C]
# name 7 = c0mS/cm: Conductivity [mS/cm]
# name 8 = c1mS/cm: Conductivity, 2 [mS/cm]
# name 9 = sal00: Salinity, Practical [PSU]
# name 10 = sal11: Salinity, Practical, 2 [PSU]
# name 11 = sbeox0V: Oxygen raw, SBE 43 [V]
# name 12 = sbox0Mm/Kg: Oxygen, SBE 43 [umol/kg]
# name 13 = sbeox1V: Oxygen raw, SBE 43, 2 [V]
# name 14 = sbox1Mm/Kg: Oxygen, SBE 43, 2 [umol/kg]
# name 15 = ptempC: Pressure Temperature [deg C]
# name 16 = altM: Altimeter [m]
# name 17 = scan: Scan Count
# name 18 = pumps: Pump Status
# name 19 = flECO-AFL: Fluorescence, WET Labs ECO-AFL/FL [mg/m^3]
# name 20 = turbWETbb0: Turbidity, WET Labs ECO BB [m^-1/sr]
# name 21 = sbeox0Mm/L: Oxygen, SBE 43 [umol/l]
# name 22 = sbeox1Mm/L: Oxygen, SBE 43, 2 [umol/l]
# name 23 = sigma-é00: Density [sigma-theta, kg/m^3]
# name 24 = sigma-é11: Density, 2 [sigma-theta, kg/m^3]
# name 25 = nbf: Bottles Fired
# name 26 = flag:  0.000e+00
# interval = seconds: 0.0416667
# start_time = Apr 04 2021 06:49:01 [NMEA time, first data scan]
# bad_flag = -9.990e-29
*END*
[from data line 2148]
   3144.500   48.96000  -16.44666     13.321     13.207    11.4605    11.4617  39.976836  39.981073    35.4852    35.4883     2.6422    271.771     2.5189    281.964      10.69    1481.68      75469          1     1.7645 3.1644e-04    279.127    289.597    27.0688    27.0710         18  0.000e+00
   3144.542   48.96000  -16.44666     13.243     13.130    11.4604    11.4617  39.976904  39.981273    35.4855    35.4885     2.6422    271.775     2.5189    281.957      10.69    1481.68      75470          1     1.7645 3.1644e-04    279.132    289.590    27.0690    27.0711         18  0.000e+00
   3144.583   48.96000  -16.44666     13.243     13.130    11.4604    11.4615  39.976972  39.981406    35.4855    35.4888     2.6422    271.782     2.5189    281.954      10.69    1481.68      75471          1     1.7645 3.1644e-04    279.139    289.587    27.0691    27.0714         18  0.000e+00
   3144.625   48.95994  -16.44674     13.321     13.207    11.4605    11.4617  39.976429  39.981073    35.4848    35.4883     2.6422    271.794     2.5189    281.955      10.69    1481.32      75472          1     1.7645 3.1473e-04    279.151    289.588    27.0685    27.0710         18  0.000e+00
   3144.667   48.95994  -16.44674     13.321     13.207    11.4604    11.4617  39.976158  39.981607    35.4847    35.4888     2.6422    271.804     2.5189    281.953      10.69    1481.68      75473          1     1.7645 3.1644e-04    279.161    289.586    27.0684    27.0714         18  0.000e+00
   3144.708   48.95994  -16.44674     13.243     13.130    11.4604    11.4619  39.976497  39.981206    35.4851    35.4883     2.6422    271.791     2.5189    281.950      10.69    1481.32      75474          1     1.7645 3.1644e-04    279.148    289.583    27.0687    27.0709         18  0.000e+00
   3144.750   48.95994  -16.44674     13.321     13.207    11.4605    11.4614  39.977108  39.981273    35.4855    35.4888     2.6422    271.783     2.5189    281.956      10.69    1481.68      75475          1     1.7645 3.1644e-04    279.140    289.589    27.0690    27.0714         18  0.000e+00
   3144.792   48.95994  -16.44674     13.223     13.110    11.4605    11.4619  39.976904  39.981406    35.4853    35.4885     2.6422    271.772     2.5189    281.952      10.69    1481.68      75476          1     1.7645 3.1644e-04    279.128    289.585    27.0689    27.0711         18  0.000e+00
   3144.833   48.95994  -16.44674     13.321     13.207    11.4607    11.4617  39.976904  39.981607    35.4851    35.4888     2.6422    271.765     2.5189    281.959      10.69    1481.68      75477          1     1.7645 3.1644e-04    279.122    289.592    27.0687    27.0714         18  0.000e+00
   3144.875   48.95994  -16.44674     13.243     13.130    11.4604    11.4617  39.976972  39.981741    35.4855    35.4890     2.6435    271.926     2.5189    281.960      10.69    1481.68      75478          1     1.7645 3.1644e-04    279.287    289.593    27.0691    27.0715         18  0.000e+00
   3144.917   48.95994  -16.44674     13.243     13.130    11.4604    11.4621  39.977175  39.981206    35.4857    35.4881     2.6422    271.763     2.5189    281.964      10.69    1481.32      75479          1     1.7755 3.1644e-04    279.119    289.597    27.0692    27.0707         18  0.000e+00
   3144.958   48.95994  -16.44674     13.321     13.207    11.4604    11.4617  39.977176  39.981607    35.4857    35.4888     2.6422    271.756     2.5189    281.973      10.69    1481.32      75480          1     1.8414 3.1644e-04    279.112    289.606    27.0692    27.0714         18  0.000e+00
   3145.000   48.95994  -16.44674     13.242     13.130    11.4607    11.4619  39.976768  39.981741    35.4850    35.4888     2.6422    271.743     2.5189    281.976      10.69    1481.32      75481          1     1.8634 3.1644e-04    279.098    289.609    27.0686    27.0713         18  0.000e+00
   3145.042   48.95994  -16.44674     13.242     13.130    11.4604    11.4617  39.976633  39.981139    35.4852    35.4884     2.6422    271.753     2.5189    281.985      10.69    1481.32      75482          1     1.8634 3.1644e-04    279.109    289.619    27.0688    27.0710         18  0.000e+00
   3145.083   48.95994  -16.44674     13.242     13.130    11.4605    11.4617  39.976633  39.981005    35.4850    35.4883     2.6422    271.762     2.5189    281.994      10.69    1481.68      75483          1     1.8634 3.1644e-04    279.119    289.628    27.0687    27.0709         18  0.000e+00
   3145.125   48.95994  -16.44674     13.242     13.130    11.4607    11.4617  39.976497  39.981540    35.4847    35.4887     2.6422    271.754     2.5189    282.002      10.69    1481.32      75484          1     1.8634 3.1644e-04    279.110    289.636    27.0684    27.0713         18  0.000e+00
   3145.167   48.95994  -16.44674     13.301     13.188    11.4605    11.4620  39.976836  39.981206    35.4852    35.4881     2.6422    271.748     2.5201    282.207      10.69    1481.68      75485          1     1.8634 3.1644e-04    279.104    289.847    27.0688    27.0708         18  0.000e+00
   3145.208   48.95994  -16.44674     13.174     13.062    11.4605    11.4617  39.977175  39.981273    35.4856    35.4886     2.6422    271.734     2.5189    282.043      10.69    1481.68      75486          1     1.8634 3.1644e-04    279.090    289.678    27.0691    27.0712         18  0.000e+00
   3145.250   48.95994  -16.44674     13.242     13.130    11.4605    11.4619  39.976768  39.981406    35.4852    35.4885     2.6435    271.901     2.5189    282.056      10.69    1481.32      75487          1     1.8634 3.1644e-04    279.261    289.691    27.0688    27.0711         18  0.000e+00
   3145.292   48.95994  -16.44674     13.174     13.062    11.4605    11.4620  39.976768  39.981406    35.4852    35.4884     2.6422    271.755     2.5189    282.041      10.69    1481.68      75488          1     1.8634 3.1644e-04    279.111    289.676    27.0688    27.0710         18  0.000e+00
   3145.333   48.95994  -16.44674     13.174     13.062    11.4605    11.4619  39.976632  39.981072    35.4851    35.4882     2.6422    271.765     2.5201    282.225      10.69    1481.68      75489          1     1.8634 3.1644e-04    279.121    289.865    27.0687    27.0708         18  0.000e+00
   3145.375   48.95994  -16.44674     13.242     13.130    11.4605    11.4617  39.976633  39.981273    35.4850    35.4885     2.6422    271.760     2.5189    282.068      10.69    1481.68      75490          1     1.8634 3.1473e-04    279.116    289.704    27.0687    27.0711         18  0.000e+00
   3145.417   48.95994  -16.44674     13.105     12.994    11.4605    11.4617  39.976768  39.981072    35.4852    35.4884     2.6422    271.766     2.5189    282.052      10.69    1481.68      75491          1     1.8634 3.1644e-04    279.123    289.688    27.0688    27.0710         18  0.000e+00
   3145.458   48.96000  -16.44666     13.174     13.062    11.4604    11.4617  39.976632  39.981005    35.4852    35.4883     2.6422    271.781     2.5201    282.260      10.69    1481.68      75492          1     1.8634 3.1644e-04    279.138    289.901    27.0688    27.0710         18  0.000e+00
   3145.500   48.96000  -16.44666     13.174     13.062    11.4604    11.4615  39.976836  39.981540    35.4854    35.4890     2.6422    271.794     2.5189    282.078      10.68    1481.68      75493          1     1.8634 3.1644e-04    279.151    289.714    27.0690    27.0715         18  0.000e+00
   3145.542   48.96000  -16.44666     13.154     13.042    11.4605    11.4619  39.976971  39.981740    35.4854    35.4889     2.6435    271.977     2.5189    282.087      10.69    1481.68      75494          1     1.8634 3.1644e-04    279.339    289.724    27.0689    27.0714         18  0.000e+00
   3145.583   48.96000  -16.44666     13.105     12.994    11.4605    11.4617  39.976836  39.981205    35.4853    35.4885     2.6422    271.835     2.5201    282.294      10.69    1481.68      75495          1     1.8634 3.1644e-04    279.193    289.936    27.0689    27.0711         18  0.000e+00
   3145.625   48.95994  -16.44674     13.105     12.994    11.4605    11.4619  39.976903  39.981272    35.4854    35.4884     2.6435    272.002     2.5189    282.135      10.69    1481.68      75496          1     1.8634 3.1644e-04    279.365    289.773    27.0689    27.0710         18  0.000e+00
   3145.667   48.95994  -16.44674     13.105     12.994    11.4604    11.4617  39.976971  39.981406    35.4856    35.4887     2.6435    272.015     2.5189    282.126      10.69    1481.32      75497          1     1.8634 3.1644e-04    279.378    289.764    27.0691    27.0713         18  0.000e+00
   3145.708   48.95994  -16.44674     13.027     12.916    11.4604    11.4619  39.976700  39.981606    35.4853    35.4888     2.6435    272.024     2.5189    282.136      10.69    1481.68      75498          1     1.8634 3.1644e-04    279.388    289.774    27.0689    27.0713         18  0.000e+00
   3180.375   48.95992  -16.44676     12.885     12.775    11.4600    11.4615  39.976292  39.981138    35.4853    35.4887     2.6422    271.995     2.5201    282.446      10.69    1481.32      76330          1     1.7974 3.1815e-04    279.357    290.092    27.0690    27.0713         19  0.000e+00
   3180.417   48.95992  -16.44676     12.806     12.697    11.4600    11.4614  39.976495  39.981004    35.4856    35.4888     2.6422    272.014     2.5201    282.452      10.70    1481.32      76331          1     1.7974 3.1986e-04    279.378    290.098    27.0691    27.0714         19  0.000e+00
   3180.458   48.96000  -16.44666     12.885     12.775    11.4600    11.4612  39.976631  39.980737    35.4857    35.4886     2.6422    272.021     2.5201    282.462      10.69    1481.68      76332          1     1.7974 3.1815e-04    279.385    290.109    27.0692    27.0713         19  0.000e+00
   3180.500   48.96000  -16.44666     12.806     12.697    11.4602    11.4615  39.976224  39.980670    35.4851    35.4883     2.6422    272.022     2.5201    282.463      10.69    1481.68      76333          1     1.7974 3.1986e-04    279.386    290.110    27.0688    27.0710         19  0.000e+00
   3180.542   48.96000  -16.44666     12.885     12.775    11.4600    11.4614  39.975953  39.980670    35.4850    35.4884     2.6435    272.201     2.5201    282.472      10.69    1481.32      76334          1     1.7974 3.1986e-04    279.569    290.118    27.0687    27.0711         19  0.000e+00
   3180.583   48.96000  -16.44666     12.787     12.678    11.4602    11.4614  39.975613  39.980670    35.4845    35.4885     2.6435    272.216     2.5201    282.472      10.69    1481.68      76335          1     1.7974 3.1986e-04    279.585    290.119    27.0683    27.0711         19  0.000e+00
   3180.625   48.95992  -16.44674     12.885     12.775    11.4602    11.4610  39.976088  39.980670    35.4849    35.4887     2.6435    272.237     2.5201    282.480      10.69    1481.32      76336          1     1.7974 3.1986e-04    279.606    290.127    27.0686    27.0714         19  0.000e+00
   3180.667   48.95992  -16.44674     12.806     12.697    11.4604    11.4614  39.976427  39.980670    35.4852    35.4884     2.6422    272.078     2.5201    282.477      10.70    1481.32      76337          1     1.7974 3.1986e-04    279.442    290.124    27.0688    27.0711         19  0.000e+00
   3180.708   48.95992  -16.44674     12.806     12.697    11.4604    11.4612  39.976292  39.980937    35.4850    35.4888     2.6422    272.076     2.5201    282.479      10.70    1481.68      76338          1     1.7974 3.1986e-04    279.440    290.126    27.0687    27.0715         19  0.000e+00
   3180.750   48.95992  -16.44674     12.738     12.629    11.4602    11.4612  39.976291  39.980736    35.4852    35.4887     2.6422    272.071     2.5201    282.476      10.69    1481.68      76339          1     1.7974 3.1986e-04    279.435    290.123    27.0688    27.0713         19  0.000e+00
   3180.792   48.95992  -16.44674     12.884     12.775    11.4602    11.4610  39.975681  39.980670    35.4846    35.4887     2.6422    272.092     2.5201    282.482      10.70    1481.68      76340          1     1.7974 3.1815e-04    279.457    290.129    27.0684    27.0714         19  0.000e+00
   3180.833   48.95992  -16.44674     12.738     12.629    11.4600    11.4612  39.975749  39.980937    35.4849    35.4889     2.6422    272.084     2.5201    282.473      10.69    1481.68      76341          1     1.7974 3.1815e-04    279.449    290.120    27.0686    27.0715         19  0.000e+00
   3180.875   48.95992  -16.44674     12.806     12.697    11.4600    11.4612  39.975817  39.980803    35.4849    35.4887     2.6435    272.253     2.5201    282.473      10.69    1481.32      76342          1     1.7974 3.1986e-04    279.623    290.120    27.0686    27.0714         19  0.000e+00
   3180.917   48.95992  -16.44674     12.806     12.697    11.4600    11.4610  39.975885  39.980670    35.4850    35.4888     2.6435    272.265     2.5201    282.471      10.70    1481.68      76343          1     1.7974 3.1986e-04    279.635    290.117    27.0687    27.0714         19  0.000e+00
   3180.958   48.95992  -16.44674     12.738     12.629    11.4600    11.4611  39.976088  39.980870    35.4852    35.4889     2.6435    272.272     2.5201    282.486      10.70    1481.68      76344          1     1.7974 3.1986e-04    279.642    290.133    27.0689    27.0716         19  0.000e+00
   3181.000   48.95992  -16.44674     12.787     12.678    11.4599    11.4612  39.975952  39.980803    35.4852    35.4887     2.6435    272.284     2.5201    282.483      10.69    1481.68      76345          1     1.7974 3.1986e-04    279.654    290.130    27.0689    27.0714         19  0.000e+00
   3181.042   48.95992  -16.44674     12.738     12.629    11.4599    11.4612  39.975884  39.980937    35.4851    35.4889     2.6435    272.271     2.5201    282.475      10.70    1481.68      76346          1     1.7974 3.1815e-04    279.641    290.122    27.0688    27.0715         19  0.000e+00
   3181.083   48.95992  -16.44674     12.738     12.629    11.4599    11.4610  39.975884  39.980803    35.4851    35.4889     2.6422    272.105     2.5214    282.686      10.69    1481.68      76347          1     1.7974 3.1644e-04    279.470    290.339    27.0688    27.0716         19  0.000e+00
   3181.125   48.95992  -16.44674     12.738     12.629    11.4599    11.4609  39.975816  39.980669    35.4851    35.4889     2.6435    272.263     2.5201    282.532      10.69    1481.32      76348          1     1.8084 2.9935e-04    279.633    290.181    27.0688    27.0716         19  0.000e+00
   3181.167   48.95992  -16.44674     12.738     12.629    11.4600    11.4614  39.976156  39.980669    35.4853    35.4885     2.6435    272.265     2.5214    282.716      10.69    1481.68      76349          1     1.8084 2.8909e-04    279.635    290.369    27.0689    27.0712         19  0.000e+00
   3181.208   48.95992  -16.44674     12.738     12.629    11.4599    11.4612  39.975681  39.980669    35.4849    35.4886     2.6435    272.268     2.5201    282.536      10.69    1481.32      76350          1     1.8084 2.8909e-04    279.638    290.185    27.0687    27.0713         19  0.000e+00
   3181.250   48.95992  -16.44674     12.669     12.561    11.4600    11.4614  39.975748  39.980669    35.4849    35.4885     2.6435    272.265     2.5201    282.523      10.69    1481.32      76351          1     1.7974 2.8909e-04    279.635    290.171    27.0686    27.0712         19  0.000e+00
   3181.292   48.95992  -16.44674     12.738     12.629    11.4597    11.4612  39.976291  39.980669    35.4857    35.4886     2.6435    272.266     2.5201    282.515      10.70    1481.68      76352          1     1.8084 2.9080e-04    279.636    290.163    27.0693    27.0713         19  0.000e+00
