Data_example/SBE_Data_Processed/DY130/SeaBird/Data/Batch/DY130_010.ros
* Sea-Bird SBE 9 Data File:
* FileName = C:\Users\sandm\Documents\Cruises\DY130\Data\Raw Data\DY130_010.hex
* Software Version Seasave V 7.26.7.121
* Temperature SN = 03P-5494
* Conductivity SN = 04C-3768
* Number of Bytes Per Scan = 45
* Number of Voltage Words = 4
* Number of Scans Averaged by the Deck Unit = 1
* NMEA Latitude = 48 59.99 N
* NMEA Longitude = 016 30.02 W
* NMEA UTC (Time) = Apr 07 2021  06:50:11
* NMEA baud rate = 9600
** Ship: RRS Discovery
** Cruise: DY130
** Cast: DY130_010
** Station: 065
** Julian Day: 097
** Date: 07/04/2021
** Time (GMT):
** Latitude: 48 59.99 N
** Longitude: 16 30.01 W
** Depth (uncorrected m): 4809
** Principal Scientist: Sue Hart
** Operator: BP/PH
# nquan = 27
# nvalues = 2541                                  
# units = specified
# name 0 = timeS: Time, Elapsed [seconds]
# name 1 = latitude: Latitude [deg]
# name 2 = longitude: Longitude [deg]
# name 3 = prDM: Pressure, Digiquartz [db]
# name 4 = depSM: Depth [salt water, m]
# name 5 = t090C: Temperature [ITS-90, deg C]
# name 6 = t190C: Temperature, 2 [ITS-90, deg C]
# name 7 = c0mS/cm: Conductivity [mS/cm]
# name 8 = c1mS/cm: Conductivity, 2 [mS/cm]
# name 9 = sal00: Salinity, Practical [PSU]
# name 10 = sal11: Salinity, Practical, 2 [PSU]
# name 11 = sbeox0V: Oxygen raw, SBE 43 [V]
# name 12 = sbox0Mm/Kg: Oxygen, SBE 43 [umol/kg]
# name 13 = sbeox1V: Oxygen raw, SBE 43, 2 [V]
# name 14 = sbox1Mm/Kg: Oxygen, SBE 43, 2 [umol/kg]
# name 15 = ptempC: Pressure Temperature [deg C]
# name 16 = altM: Altimeter [m]
# name 17 = scan: Scan Count
# name 18 = pumps: Pump Status
# name 19 = flECO-AFL: Fluorescence, WET Labs ECO-AFL/FL [mg/m^3]
# name 20 = turbWETbb0: Turbidity, WET Labs ECO BB [m^-1/sr]
# name 21 = sbeox0Mm/L: Oxygen, SBE 43 [umol/l]
# name 22 = sbeox1Mm/L: Oxygen, SBE 43, 2 [umol/l]
# name 23 = sigma-é00: Density [sigma-theta, kg/m^3]
# name 24 = sigma-é11: Density, 2 [sigma-theta, kg/m^3]
# name 25 = nbf: Bottles Fired
# name 26 = flag:  0.000e+00
# interval = seconds: 0.0416667
# start_time = Apr 07 2021 06:50:12 [NMEA time, first data scan]
# bad_flag = -9.990e-29
*END*
[from data line 645]
   9007.375   48.99982  -16.50018   2537.113   2500.486     3.2003     3.2017  32.871698  32.875493    34.9448    34.9477     1.6496    251.792     1.5922    262.866       5.44    1481.32     216178          1    -0.0377 9.5928e-05    258.802    270.185    27.8417    27.8440          6  0.000e+00
   9007.417   48.99982  -16.50018   2537.113   2500.486     3.2003     3.2017  32.871572  32.874998    34.9446    34.9472     1.6496    251.795     1.5922    262.863       5.44    1480.95     216179          1    -0.0377 9.5928e-05    258.805    270.182    27.8415    27.8435          6  0.000e+00
   9007.458   48.99982  -16.50018   2537.154   2500.526     3.2003     3.2017  32.871447  32.875369    34.9444    34.9476     1.6496    251.797     1.5922    262.860       5.44    1480.95     216180          1    -0.0377 9.5928e-05    258.807    270.179    27.8415    27.8438          6  0.000e+00
   9007.500   48.99982  -16.50018   2537.113   2500.486     3.2001     3.2016  32.871509  32.875369    34.9447    34.9477     1.6496    251.869     1.5922    262.855       5.44    1481.32     216181          1    -0.0377 9.5928e-05    258.881    270.174    27.8416    27.8439          6  0.000e+00
   9007.542   48.99982  -16.50018   2537.032   2500.407     3.2003     3.2015  32.871572  32.875059    34.9446    34.9474     1.6484    251.602     1.5922    262.850       5.44    1481.32     216182          1    -0.0377 9.5928e-05    258.607    270.168    27.8416    27.8437          6  0.000e+00
   9007.583   48.99982  -16.50018   2537.083   2500.457     3.2001     3.2019  32.871446  32.875060    34.9446    34.9471     1.6484    251.532     1.5922    262.846       5.44    1481.32     216183          1    -0.0377 9.5928e-05    258.535    270.164    27.8416    27.8434          6  0.000e+00
   9007.625   48.99982  -16.50018   2537.113   2500.486     3.2000     3.2019  32.871258  32.875307    34.9445    34.9474     1.6484    251.461     1.5922    262.842       5.44    1480.95     216184          1    -0.0377 9.5928e-05    258.462    270.161    27.8415    27.8436          6  0.000e+00
   9007.667   48.99982  -16.50018   2536.961   2500.338     3.2001     3.2017  32.871383  32.875492    34.9446    34.9478     1.6496    251.718     1.5922    262.834       5.44    1481.32     216185          1    -0.0377 9.5928e-05    258.727    270.152    27.8416    27.8440          6  0.000e+00
   9007.708   48.99982  -16.50018   2537.113   2500.486     3.2001     3.2017  32.871761  32.875183    34.9450    34.9474     1.6484    251.459     1.5922    262.836       5.44    1481.32     216186          1    -0.0377 9.5928e-05    258.460    270.154    27.8419    27.8437          6  0.000e+00
   9007.750   48.99982  -16.50018   2537.002   2500.377     3.2001     3.2017  32.871509  32.875245    34.9447    34.9475     1.6484    251.459     1.5922    262.828       5.44    1481.32     216187          1    -0.0377 9.5928e-05    258.460    270.146    27.8417    27.8438          6  0.000e+00
   9007.792   48.99982  -16.50018   2537.032   2500.407     3.2003     3.2020  32.871509  32.875121    34.9445    34.9470     1.6484    251.390     1.5922    262.824       5.44    1481.32     216188          1    -0.0377 9.5928e-05    258.389    270.141    27.8415    27.8433          6  0.000e+00
   9007.833   48.99982  -16.50018   2536.961   2500.338     3.2001     3.2017  32.871446  32.875430    34.9446    34.9477     1.6484    251.394     1.5922    262.818       5.44    1481.32     216189          1    -0.0377 9.5928e-05    258.394    270.136    27.8416    27.8440          6  0.000e+00
   9007.875   48.99982  -16.50018   2536.961   2500.338     3.2000     3.2019  32.871509  32.875369    34.9449    34.9475     1.6496    251.740     1.5922    262.814       5.44    1480.95     216190          1    -0.0377 9.5928e-05    258.749    270.131    27.8418    27.8438          6  0.000e+00
   9007.917   48.99982  -16.50018   2536.921   2500.298     3.2001     3.2019  32.871697  32.875554    34.9450    34.9477     1.6496    251.744     1.5922    262.808       5.44    1481.32     216191          1    -0.0377 9.5928e-05    258.753    270.126    27.8419    27.8439          6  0.000e+00
   9007.958   48.99982  -16.50018   2536.881   2500.259     3.2000     3.2019  32.871383  32.875368    34.9448    34.9475     1.6496    251.747     1.5922    262.803       5.44    1481.32     216192          1    -0.0377 9.5928e-05    258.756    270.121    27.8417    27.8438          6  0.000e+00
   9008.000   48.99984  -16.50016   2536.961   2500.338     3.2001     3.2017  32.871258  32.875307    34.9444    34.9476     1.6484    251.413     1.5922    262.900       5.44    1481.32     216193          1    -0.0377 9.5928e-05    258.413    270.220    27.8414    27.8438          6  0.000e+00
   9008.042   48.99984  -16.50016   2536.921   2500.298     3.2001     3.2019  32.871383  32.875740    34.9446    34.9480     1.6484    251.414     1.5922    262.896       5.44    1480.95     216194          1    -0.0377 9.5928e-05    258.414    270.216    27.8416    27.8441          6  0.000e+00
   9008.083   48.99984  -16.50016   2536.881   2500.259     3.2001     3.2019  32.871509  32.875492    34.9448    34.9477     1.6484    251.419     1.5922    262.895       5.44    1481.32     216195          1    -0.0377 9.5928e-05    258.419    270.215    27.8417    27.8439          6  0.000e+00
   9008.125   48.99984  -16.50016   2536.810   2500.189     3.1998     3.2020  32.871446  32.875182    34.9451    34.9472     1.6484    251.427     1.5922    262.893       5.43    1480.95     216196          1    -0.0377 9.5928e-05    258.428    270.213    27.8420    27.8435          6  0.000e+00
   9008.167   48.99982  -16.50018   2536.962   2500.338     3.2000     3.2019  32.871258  32.875430    34.9445    34.9476     1.6484    251.444     1.5922    262.898       5.44    1481.32     216197          1    -0.0377 9.5928e-05    258.444    270.218    27.8415    27.8438          6  0.000e+00
   9008.208   48.99982  -16.50018   2536.699   2500.080     3.2003     3.2020  32.871634  32.875368    34.9449    34.9475     1.6496    251.708     1.5922    262.888       5.44    1481.32     216198          1    -0.0377 9.5928e-05    258.716    270.208    27.8418    27.8437          6  0.000e+00
   9008.250   48.99982  -16.50018   2536.729   2500.110     3.2001     3.2020  32.871383  32.875058    34.9447    34.9471     1.6496    251.720     1.5922    262.890       5.44    1481.32     216199          1    -0.0377 9.5928e-05    258.728    270.210    27.8416    27.8434          6  0.000e+00
   9008.292   48.99982  -16.50018   2536.881   2500.259     3.2003     3.2017  32.871634  32.875492    34.9447    34.9479     1.6484    251.393     1.5922    262.896       5.44    1481.32     216200          1    -0.0377 9.5928e-05    258.393    270.216    27.8417    27.8440          6  0.000e+00
   9008.333   48.99982  -16.50018   2536.810   2500.189     3.2001     3.2020  32.871571  32.875368    34.9449    34.9474     1.6484    251.325     1.5922    262.892       5.44    1481.32     216201          1    -0.0377 9.5928e-05    258.323    270.212    27.8418    27.8437          6  0.000e+00
   9008.375   48.99982  -16.50018   2536.699   2500.080     3.2006     3.2020  32.871445  32.875306    34.9443    34.9474     1.6484    251.253     1.5922    262.888       5.44    1481.32     216202          1    -0.0377 9.5928e-05    258.248    270.208    27.8413    27.8436          6  0.000e+00
   9008.417   48.99982  -16.50018   2536.729   2500.110     3.2001     3.2022  32.871760  32.875368    34.9451    34.9473     1.6484    251.265     1.5922    262.888       5.44    1481.32     216203          1    -0.0377 9.4219e-05    258.260    270.208    27.8420    27.8435          6  0.000e+00
   9008.458   48.99982  -16.50018   2536.729   2500.110     3.2003     3.2019  32.871885  32.875306    34.9452    34.9475     1.6484    251.200     1.5922    262.890       5.44    1481.32     216204          1    -0.0377 9.2509e-05    258.194    270.210    27.8420    27.8438          6  0.000e+00
   9008.500   48.99982  -16.50018   2536.729   2500.110     3.2006     3.2019  32.871508  32.875120    34.9444    34.9473     1.6496    251.472     1.5922    262.891       5.44    1481.32     216205          1    -0.0377 9.2509e-05    258.473    270.211    27.8414    27.8436          6  0.000e+00
   9008.542   48.99982  -16.50018   2536.618   2500.001     3.2003     3.2020  32.871508  32.875244    34.9447    34.9473     1.6496    251.475     1.5922    262.886       5.44    1481.32     216206          1    -0.0377 9.2509e-05    258.477    270.205    27.8417    27.8436          6  0.000e+00
   9008.583   48.99982  -16.50018   2536.729   2500.110     3.2003     3.2020  32.871194  32.875120    34.9443    34.9471     1.6484    251.223     1.5922    262.890       5.44    1481.32     216207          1    -0.0377 9.2509e-05    258.217    270.210    27.8414    27.8434          6  0.000e+00
   9008.625   48.99982  -16.50018   2536.577   2499.961     3.2004     3.2019  32.871445  32.875120    34.9445    34.9474     1.6496    251.486     1.5922    262.886       5.44    1480.95     216208          1    -0.0377 9.2509e-05    258.487    270.205    27.8415    27.8437          6  0.000e+00
   9008.667   48.99982  -16.50018   2536.658   2500.041     3.2003     3.2020  32.871697  32.875677    34.9449    34.9478     1.6484    251.231     1.5922    262.886       5.44    1481.32     216209          1    -0.0377 9.4219e-05    258.226    270.206    27.8418    27.8440          6  0.000e+00
   9008.708   48.99982  -16.50018   2536.618   2500.001     3.2003     3.2020  32.871822  32.875677    34.9451    34.9479     1.6484    251.239     1.5922    262.885       5.44    1481.32     216210          1    -0.0377 9.2509e-05    258.234    270.204    27.8420    27.8440          6  0.000e+00
   9008.750   48.99982  -16.50018   2536.497   2499.882     3.2004     3.2021  32.871130  32.875367    34.9442    34.9474     1.6496    251.584     1.5922    262.881       5.44    1480.95     216211          1    -0.0377 9.2509e-05    258.588    270.200    27.8412    27.8437          6  0.000e+00
   9008.792   48.99982  -16.50018   2536.577   2499.961     3.2003     3.2023  32.871633  32.875120    34.9449    34.9469     1.6496    251.595     1.5922    262.883       5.44    1480.95     216212          1    -0.0377 9.2509e-05    258.600    270.202    27.8418    27.8432          6  0.000e+00
   9008.833   48.99982  -16.50018   2536.547   2499.932     3.2004     3.2022  32.871382  32.875429    34.9445    34.9474     1.6484    251.264     1.5922    262.882       5.44    1480.95     216213          1    -0.0377 9.2509e-05    258.260    270.201    27.8415    27.8437          6  0.000e+00
   9008.875   48.99982  -16.50018   2536.497   2499.882     3.2004     3.2020  32.871633  32.875615    34.9448    34.9478     1.6496    251.607     1.5922    262.881       5.44    1481.32     216214          1    -0.0377 9.2509e-05    258.612    270.200    27.8417    27.8440          6  0.000e+00
   9008.917   48.99982  -16.50018   2536.497   2499.882     3.2003     3.2022  32.871570  32.875429    34.9448    34.9474     1.6484    251.353     1.5922    262.880       5.44    1480.95     216215          1    -0.0377 9.2509e-05    258.351    270.200    27.8418    27.8437          6  0.000e+00
   9008.958   48.99982  -16.50018   2536.497   2499.882     3.2004     3.2020  32.871445  32.875305    34.9446    34.9475     1.6484    251.289     1.5922    262.881       5.44    1480.95     216216          1    -0.0377 9.2509e-05    258.286    270.201    27.8415    27.8437          6  0.000e+00
   9009.000   48.99984  -16.50016   2536.385   2499.773     3.2004     3.2022  32.871507  32.875552    34.9447    34.9476     1.6484    251.222     1.5922    262.876       5.44    1480.95     216217          1    -0.0377 9.2509e-05    258.216    270.195    27.8416    27.8438          6  0.000e+00
   9009.042   48.99984  -16.50016   2536.426   2499.813     3.2003     3.2022  32.871444  32.875800    34.9447    34.9479     1.6496    251.496     1.5922    262.877       5.44    1481.32     216218          1    -0.0377 9.2509e-05    258.498    270.196    27.8417    27.8441          6  0.000e+00
   9009.083   48.99984  -16.50016   2536.426   2499.813     3.2003     3.2020  32.871507  32.875491    34.9449    34.9477     1.6496    251.578     1.5922    262.878       5.44    1481.32     216219          1    -0.0377 9.2509e-05    258.583    270.198    27.8418    27.8439          6  0.000e+00
   9009.125   48.99984  -16.50016   2536.426   2499.813     3.2004     3.2020  32.871444  32.875181    34.9446    34.9474     1.6496    251.659     1.5922    262.879       5.44    1480.95     216220          1    -0.0377 9.2509e-05    258.666    270.199    27.8416    27.8436          6  0.000e+00
   9009.167   48.99982  -16.50018   2536.385   2499.773     3.2003     3.2022  32.871067  32.875243    34.9443    34.9473     1.6496    251.741     1.5922    262.877       5.44    1481.32     216221          1    -0.0377 9.2509e-05    258.750    270.196    27.8413    27.8435          6  0.000e+00
   9009.208   48.99982  -16.50018   2536.345   2499.734     3.2006     3.2022  32.871318  32.875552    34.9443    34.9477     1.6484    251.484     1.5922    262.875       5.44    1481.32     216222          1    -0.0377 9.2509e-05    258.485    270.194    27.8413    27.8438          6  0.000e+00
   9009.250   48.99982  -16.50018   2536.345   2499.734     3.2003     3.2023  32.871507  32.875367    34.9449    34.9473     1.6484    251.497     1.5922    262.874       5.44    1481.32     216223          1    -0.0377 9.2509e-05    258.499    270.193    27.8418    27.8435          6  0.000e+00
   9009.292   48.99982  -16.50018   2536.274   2499.664     3.2003     3.2022  32.871758  32.875119    34.9452    34.9472     1.6484    251.433     1.5922    262.873       5.44    1480.95     216224          1    -0.0377 9.2509e-05    258.434    270.192    27.8420    27.8435          6  0.000e+00
   9009.333   48.99982  -16.50018   2536.234   2499.625     3.2004     3.2022  32.871318  32.875676    34.9445    34.9479     1.6496    251.708     1.5922    262.870       5.44    1481.32     216225          1    -0.0377 9.2509e-05    258.716    270.190    27.8415    27.8440          6  0.000e+00
   9009.375   48.99982  -16.50018   2536.345   2499.734     3.2004     3.2023  32.871696  32.875490    34.9449    34.9475     1.6496    251.720     1.5922    262.874       5.44    1480.95     216226          1    -0.0377 9.2509e-05    258.728    270.193    27.8418    27.8437          6  0.000e+00
   9009.417   48.99982  -16.50018   2536.193   2499.585     3.2005     3.2020  32.871318  32.875180    34.9445    34.9475     1.6496    251.797     1.5922    262.871       5.44    1481.32     216227          1    -0.0377 9.2509e-05    258.807    270.190    27.8415    27.8437          6  0.000e+00
   9009.458   48.99982  -16.50018   2536.274   2499.664     3.2003     3.2023  32.871444  32.875428    34.9448    34.9474     1.6496    251.882     1.5922    262.871       5.44    1480.95     216228          1    -0.0377 9.2509e-05    258.895    270.191    27.8418    27.8436          6  0.000e+00
   9009.500   48.99982  -16.50018   2536.234   2499.625     3.2003     3.2022  32.871192  32.875614    34.9446    34.9478     1.6484    251.627     1.5922    262.870       5.44    1480.95     216229          1    -0.0377 9.0800e-05    258.633    270.190    27.8415    27.8439          6  0.000e+00
