Data_example/SBE_Data_Processed/DY130/SeaBird/Data/Batch/DY130_011.ros
* Sea-Bird SBE 9 Data File:
* FileName = C:\Users\sandm\Documents\Cruises\DY130\Data\Raw Data\DY130_011.hex
* Software Version Seasave V 7.26.7.121
* Temperature SN = 03P-5494
* Conductivity SN = 04C-3768
* Number of Bytes Per Scan = 45
* Number of Voltage Words = 4
* Number of Scans Averaged by the Deck Unit = 1
* NMEA Latitude = 49 00.01 N
* NMEA Longitude = 016 30.03 W
* NMEA UTC (Time) = Apr 08 2021  08:05:03
* NMEA baud rate = 9600
** Ship: RRS Discovery
** Cruise: DY130
** Cast: DY130_011
** Station: 068
** Julian Day: 098
** Date: 08/04/2021
** Time (GMT):
** Latitude: 49 00.01 N
** Longitude: 16 30.03 W
** Depth (uncorrected m): 4808
** Principal Scientist: Sue Hart
** Operator: BP/PH
# nquan = 27
# nvalues = 2783                                  
# units = specified
# name 0 = timeS: Time, Elapsed [seconds]
# name 1 = latitude: Latitude [deg]
# name 2 = longitude: Longitude [deg]
# name 3 = prDM: Pressure, Digiquartz [db]
# name 4 = depSM: Depth [salt water, m]
# name 5 = t090C: Temperature [ITS-90, deg C]
# name 6 = t190C: Temperature, 2 [ITS-90, deg C]
# name 7 = c0mS/cm: Conductivity [mS/cm]
# name 8 = c1mS/cm: Conductivity, 2 [mS/cm]
# name 9 = sal00: Salinity, Practical [PSU]
# name 10 = sal11: Salinity, Practical, 2 [PSU]
# name 11 = sbeox0V: Oxygen raw, SBE 43 [V]
# name 12 = sbox0Mm/Kg: Oxygen, SBE 43 [umol/kg]
# name 13 = sbeox1V: Oxygen raw, SBE 43, 2 [V]
# name 14 = sbox1Mm/Kg: Oxygen, SBE 43, 2 [umol/kg]
# name 15 = ptempC: Pressure Temperature [deg C]
# name 16 = altM: Altimeter [m]
# name 17 = scan: Scan Count
# name 18 = pumps: Pump Status
# name 19 = flECO-AFL: Fluorescence, WET Labs ECO-AFL/FL [mg/m^3]
# name 20 = turbWETbb0: Turbidity, WET Labs ECO BB [m^-1/sr]
# name 21 = sbeox0Mm/L: Oxygen, SBE 43 [umol/l]
# name 22 = sbeox1Mm/L: Oxygen, SBE 43, 2 [umol/l]
# name 23 = sigma-é00: Density [sigma-theta, kg/m^3]
# name 24 = sigma-é11: Density, 2 [sigma-theta, kg/m^3]
# name 25 = nbf: Bottles Fired
# name 26 = flag:  0.000e+00
# interval = seconds: 0.0416667
# start_time = Apr 08 2021 08:05:04 [NMEA time, first data scan]
# bad_flag = -9.990e-29
*END*
[from data line 1021]
  14340.917   48.99988  -16.50040   1520.853   1502.471     4.2953     4.2938  33.450690  33.452125    34.9572    34.9604     1.8950    258.668     1.8193    269.763       4.67    1480.95     344183          1    -0.0377 9.5928e-05    265.842    277.245    27.7342    27.7369          9  0.000e+00
  14340.958   48.99988  -16.50040   1521.152   1502.766     4.2953     4.2938  33.450438  33.452064    34.9567    34.9602     1.8962    258.923     1.8193    269.786       4.67    1481.32     344184          1    -0.0377 9.5928e-05    266.104    277.269    27.7338    27.7368          9  0.000e+00
  14341.000   48.99988  -16.50040   1521.083   1502.697     4.2953     4.2939  33.450501  33.452188    34.9569    34.9603     1.8950    258.668     1.8193    269.732       4.67    1481.32     344185          1    -0.0377 9.5928e-05    265.842    277.213    27.7339    27.7368          9  0.000e+00
  14341.042   48.99988  -16.50040   1521.003   1502.619     4.2952     4.2943  33.450374  33.452499    34.9569    34.9603     1.8962    258.912     1.8181    269.425       4.67    1481.32     344186          1    -0.0377 9.5928e-05    266.093    276.898    27.7339    27.7368          9  0.000e+00
  14341.083   48.99988  -16.50040   1521.003   1502.619     4.2951     4.2941  33.450121  33.452126    34.9566    34.9600     1.8950    258.663     1.8193    269.690       4.67    1481.32     344187          1    -0.0377 9.5928e-05    265.837    277.170    27.7338    27.7366          9  0.000e+00
  14341.125   48.99988  -16.50040   1520.853   1502.471     4.2951     4.2940  33.449804  33.452187    34.9563    34.9602     1.8962    258.907     1.8193    269.697       4.67    1481.32     344188          1    -0.0377 9.5928e-05    266.087    277.178    27.7335    27.7367          9  0.000e+00
  14341.167   48.99988  -16.50040   1521.003   1502.619     4.2947     4.2941  33.449489  33.452063    34.9563    34.9599     1.8962    258.939     1.8193    269.715       4.67    1481.32     344189          1    -0.0377 9.5928e-05    266.120    277.196    27.7336    27.7365          9  0.000e+00
  14341.208   48.99988  -16.50040   1521.152   1502.766     4.2948     4.2940  33.449426  33.452188    34.9560    34.9601     1.8962    258.967     1.8193    269.670       4.67    1481.32     344190          1    -0.0377 9.4219e-05    266.149    277.149    27.7333    27.7366          9  0.000e+00
  14341.250   48.99988  -16.50040   1520.783   1502.402     4.2945     4.2941  33.449425  33.452063    34.9565    34.9600     1.8950    258.708     1.8193    269.666       4.67    1481.32     344191          1    -0.0377 9.4219e-05    265.883    277.146    27.7337    27.7366          9  0.000e+00
  14341.292   48.99988  -16.50040   1521.003   1502.619     4.2942     4.2943  33.449172  33.452188    34.9565    34.9599     1.8950    258.696     1.8193    269.683       4.67    1481.32     344192          1    -0.0377 9.4219e-05    265.871    277.163    27.7337    27.7365          9  0.000e+00
  14341.333   48.99984  -16.50034   1520.923   1502.540     4.2942     4.2944  33.448856  33.452686    34.9561    34.9604     1.8962    258.896     1.8181    269.378       4.67    1481.32     344193          1    -0.0377 9.4219e-05    266.076    276.849    27.7335    27.7369          9  0.000e+00
  14341.375   48.99984  -16.50034   1520.853   1502.471     4.2939     4.2946  33.448982  33.452436    34.9567    34.9600     1.8962    258.921     1.8193    269.637       4.67    1481.32     344194          1    -0.0377 9.4219e-05    266.102    277.116    27.7339    27.7365          9  0.000e+00
  14341.417   48.99984  -16.50034   1520.933   1502.550     4.2940     4.2944  33.449109  33.452312    34.9566    34.9600     1.8962    258.898     1.8181    269.343       4.66    1481.32     344195          1    -0.0377 9.4219e-05    266.079    276.814    27.7339    27.7365          9  0.000e+00
  14341.458   48.99984  -16.50034   1520.853   1502.471     4.2940     4.2944  33.449298  33.452312    34.9569    34.9600     1.8962    258.919     1.8193    269.605       4.67    1481.32     344196          1    -0.0377 9.4219e-05    266.100    277.083    27.7341    27.7365          9  0.000e+00
  14341.500   48.99988  -16.50040   1520.773   1502.393     4.2942     4.2944  33.449614  33.452312    34.9571    34.9600     1.8962    258.989     1.8181    269.243       4.67    1481.32     344197          1    -0.0377 9.4219e-05    266.172    276.710    27.7342    27.7365          9  0.000e+00
  14341.542   48.99988  -16.50040   1520.853   1502.471     4.2942     4.2944  33.449488  33.452312    34.9569    34.9600     1.8962    259.019     1.8193    269.511       4.67    1481.32     344198          1    -0.0377 9.4219e-05    266.202    276.986    27.7341    27.7365          9  0.000e+00
  14341.583   48.99988  -16.50040   1520.783   1502.403     4.2944     4.2943  33.449614  33.452063    34.9569    34.9599     1.8962    259.041     1.8193    269.525       4.67    1481.32     344199          1    -0.0377 9.4219e-05    266.225    277.001    27.7341    27.7364          9  0.000e+00
  14341.625   48.99988  -16.50040   1520.783   1502.403     4.2942     4.2939  33.449488  33.452187    34.9569    34.9604     1.8962    259.068     1.8193    269.542       4.67    1481.32     344200          1    -0.0377 9.4219e-05    266.253    277.018    27.7341    27.7369          9  0.000e+00
  14341.667   48.99988  -16.50040   1520.704   1502.324     4.2945     4.2939  33.449867  33.451813    34.9571    34.9600     1.8962    259.089     1.8181    269.244       4.67    1481.32     344201          1    -0.0377 9.4219e-05    266.275    276.712    27.7342    27.7365          9  0.000e+00
  14341.708   48.99988  -16.50040   1520.773   1502.393     4.2944     4.2936  33.449804  33.451440    34.9571    34.9598     1.8962    259.069     1.8193    269.517       4.67    1481.32     344202          1    -0.0377 9.4219e-05    266.254    276.992    27.7343    27.7365          9  0.000e+00
  14341.750   48.99988  -16.50040   1520.634   1502.255     4.2945     4.2938  33.450120  33.451564    34.9574    34.9599     1.8962    259.036     1.8181    269.217       4.67    1481.32     344203          1    -0.0377 9.4219e-05    266.220    276.684    27.7344    27.7365          9  0.000e+00
  14341.792   48.99988  -16.50040   1520.783   1502.403     4.2948     4.2936  33.449994  33.451689    34.9569    34.9601     1.8962    259.012     1.8193    269.494       4.67    1481.32     344204          1    -0.0377 9.4219e-05    266.195    276.969    27.7340    27.7367          9  0.000e+00
  14341.833   48.99988  -16.50040   1520.634   1502.255     4.2948     4.2936  33.449740  33.451688    34.9566    34.9602     1.8950    258.755     1.8193    269.509       4.67    1481.32     344205          1    -0.0377 9.5928e-05    265.932    276.984    27.7338    27.7367          9  0.000e+00
  14341.875   48.99988  -16.50040   1520.634   1502.255     4.2950     4.2939  33.449740  33.452311    34.9565    34.9606     1.8950    258.729     1.8193    269.526       4.67    1481.32     344206          1    -0.0377 9.4219e-05    265.904    277.002    27.7337    27.7370          9  0.000e+00
  14341.917   48.99988  -16.50040   1520.554   1502.177     4.2947     4.2940  33.449740  33.452373    34.9568    34.9606     1.8962    258.975     1.8193    269.479       4.67    1481.32     344207          1    -0.0377 9.5928e-05    266.157    276.953    27.7340    27.7370          9  0.000e+00
  14341.958   48.99988  -16.50040   1520.634   1502.255     4.2947     4.2941  33.449487  33.452498    34.9565    34.9606     1.8962    258.952     1.8193    269.499       4.67    1481.32     344208          1    -0.0377 9.4219e-05    266.134    276.974    27.7337    27.7371          9  0.000e+00
  14342.000   48.99988  -16.50040   1520.554   1502.177     4.2947     4.2943  33.449867  33.452124    34.9570    34.9601     1.8962    258.920     1.8193    269.514       4.67    1481.32     344209          1    -0.0377 9.4219e-05    266.101    276.990    27.7341    27.7366          9  0.000e+00
  14342.042   48.99988  -16.50040   1520.484   1502.108     4.2947     4.2940  33.450056  33.452622    34.9572    34.9609     1.8962    258.938     1.8193    269.529       4.67    1481.32     344210          1    -0.0377 9.4219e-05    266.119    277.006    27.7343    27.7373          9  0.000e+00
  14342.083   48.99988  -16.50040   1520.484   1502.108     4.2947     4.2946  33.450056  33.452871    34.9572    34.9606     1.8962    258.907     1.8193    269.544       4.67    1481.32     344211          1    -0.0377 9.4219e-05    266.088    277.020    27.7343    27.7370          9  0.000e+00
  14342.125   48.99988  -16.50040   1520.484   1502.108     4.2950     4.2948  33.449803  33.453058    34.9567    34.9606     1.8962    258.875     1.8181    269.248       4.67    1481.32     344212          1    -0.0377 9.4219e-05    266.054    276.717    27.7338    27.7369          9  0.000e+00
  14342.167   48.99988  -16.50040   1520.484   1502.108     4.2950     4.2952  33.450120  33.453183    34.9570    34.9603     1.8962    258.890     1.8193    269.517       4.67    1481.32     344213          1    -0.0377 9.4219e-05    266.070    276.992    27.7341    27.7367          9  0.000e+00
  14342.208   48.99988  -16.50040   1520.484   1502.108     4.2950     4.2952  33.450499  33.452684    34.9575    34.9598     1.8950    258.633     1.8181    269.227       4.67    1481.32     344214          1    -0.0377 9.4219e-05    265.806    276.694    27.7345    27.7362          9  0.000e+00
  14342.250   48.99988  -16.50040   1520.334   1501.961     4.2950     4.2950  33.450182  33.452995    34.9572    34.9604     1.8962    258.870     1.8193    269.495       4.67    1480.95     344215          1    -0.0377 9.5928e-05    266.050    276.970    27.7342    27.7368          9  0.000e+00
  14342.292   48.99988  -16.50040   1520.404   1502.029     4.2951     4.2949  33.450246  33.452497    34.9571    34.9599     1.8962    258.890     1.8181    269.211       4.67    1481.32     344216          1    -0.0377 9.5928e-05    266.070    276.678    27.7341    27.7364          9  0.000e+00
  14342.333   48.99984  -16.50034   1520.334   1501.961     4.2954     4.2950  33.450499  33.452497    34.9570    34.9598     1.8962    258.903     1.8181    269.172       4.67    1481.32     344217          1    -0.0377 9.5928e-05    266.084    276.638    27.7341    27.7363          9  0.000e+00
  14342.375   48.99984  -16.50034   1520.334   1501.961     4.2953     4.2950  33.450372  33.452746    34.9571    34.9601     1.8962    258.923     1.8193    269.449       4.67    1481.32     344218          1    -0.0377 9.5928e-05    266.104    276.923    27.7341    27.7365          9  0.000e+00
  14342.417   48.99984  -16.50034   1520.334   1501.961     4.2953     4.2949  33.450499  33.452871    34.9572    34.9604     1.8962    258.940     1.8181    269.167       4.67    1481.32     344219          1    -0.0377 9.5928e-05    266.122    276.632    27.7342    27.7368          9  0.000e+00
  14342.458   48.99984  -16.50034   1520.265   1501.892     4.2951     4.2952  33.450372  33.453057    34.9573    34.9604     1.8950    258.685     1.8193    269.443       4.67    1481.32     344220          1    -0.0377 9.5928e-05    265.860    276.916    27.7343    27.7367          9  0.000e+00
  14342.500   48.99988  -16.50042   1520.265   1501.892     4.2954     4.2955  33.450498  33.453182    34.9571    34.9601     1.8962    258.927     1.8181    269.160       4.67    1481.32     344221          1    -0.0377 9.5928e-05    266.108    276.625    27.7341    27.7365          9  0.000e+00
  14342.542   48.99988  -16.50042   1520.265   1501.892     4.2954     4.2955  33.450815  33.453369    34.9574    34.9604     1.8962    258.947     1.8193    269.443       4.67    1481.32     344222          1    -0.0377 9.5928e-05    266.128    276.916    27.7344    27.7367          9  0.000e+00
  14342.583   48.99988  -16.50042   1520.105   1501.735     4.2956     4.2955  33.450877  33.453244    34.9574    34.9603     1.8962    258.960     1.8181    269.159       4.67    1481.32     344223          1    -0.0377 9.5928e-05    266.142    276.625    27.7343    27.7366          9  0.000e+00
  14342.625   48.99988  -16.50042   1520.334   1501.961     4.2956     4.2955  33.451131  33.453182    34.9576    34.9601     1.8962    258.988     1.8193    269.453       4.67    1481.32     344224          1    -0.0377 9.5928e-05    266.171    276.927    27.7345    27.7365          9  0.000e+00
  14342.667   48.99988  -16.50042   1520.185   1501.813     4.2958     4.2955  33.451004  33.452683    34.9574    34.9596     1.8962    259.002     1.8181    269.174       4.67    1481.32     344225          1    -0.0377 9.5928e-05    266.185    276.640    27.7343    27.7361          9  0.000e+00
  14342.708   48.99988  -16.50042   1520.185   1501.813     4.2959     4.2952  33.450941  33.452372    34.9571    34.9595     1.8962    258.971     1.8193    269.401       4.67    1481.32     344226          1    -0.0377 9.5928e-05    266.154    276.873    27.7341    27.7361          9  0.000e+00
  14342.750   48.99988  -16.50042   1520.115   1501.744     4.2959     4.2948  33.450435  33.452496    34.9566    34.9601     1.8962    258.988     1.8193    269.436       4.67    1481.32     344227          1    -0.0377 9.5928e-05    266.171    276.909    27.7336    27.7366          9  0.000e+00
  14342.792   48.99988  -16.50042   1520.105   1501.735     4.2959     4.2952  33.450308  33.452745    34.9564    34.9600     1.8962    259.006     1.8193    269.468       4.67    1481.32     344228          1    -0.0377 9.5928e-05    266.189    276.942    27.7335    27.7364          9  0.000e+00
  14342.833   48.99988  -16.50042   1520.115   1501.744     4.2956     4.2950  33.450308  33.453057    34.9568    34.9606     1.8962    259.026     1.8181    269.194       4.67    1481.32     344229          1    -0.0377 9.5928e-05    266.210    276.660    27.7338    27.7369          9  0.000e+00
  14342.875   48.99988  -16.50042   1520.035   1501.666     4.2956     4.2958  33.450118  33.453368    34.9566    34.9601     1.8962    259.042     1.8181    269.162       4.67    1480.95     344230          1    -0.0377 9.5928e-05    266.226    276.628    27.7337    27.7365          9  0.000e+00
  14342.917   48.99988  -16.50042   1520.115   1501.744     4.2953     4.2954  33.450055  33.453244    34.9568    34.9604     1.8974    259.336     1.8193    269.459       4.67    1481.32     344231          1    -0.0377 9.5928e-05    266.529    276.933    27.7339    27.7367          9  0.000e+00
  14342.958   48.99988  -16.50042   1520.035   1501.666     4.2953     4.2953  33.449549  33.452932    34.9563    34.9602     1.8974    259.349     1.8193    269.498       4.67    1481.32     344232          1    -0.0377 9.5928e-05    266.542    276.973    27.7334    27.7365          9  0.000e+00
  14343.000   48.99988  -16.50042   1520.035   1501.666     4.2950     4.2952  33.449612  33.452870    34.9566    34.9602     1.8962    259.139     1.8181    269.228       4.65    1481.32     344233          1    -0.0377 9.5928e-05    266.325    276.696    27.7338    27.7366          9  0.000e+00
  14343.042   48.99988  -16.50042   1519.965   1501.597     4.2951     4.2950  33.449485  33.452870    34.9564    34.9604     1.8962    259.098     1.8193    269.520       4.67    1481.32     344234          1    -0.0377 9.5928e-05    266.283    276.996    27.7336    27.7368          9  0.000e+00
