Data_example/SBE_Data_Processed/DY130/SeaBird/Data/Batch/DY130_006.ros
* Sea-Bird SBE 9 Data File:
* FileName = C:\Users\sandm\Documents\Cruises\DY130\Data\Raw Data\DY130_006.hex
* Software Version Seasave V 7.26.7.121
* Temperature SN = 03P-5494
* Conductivity SN = 04C-3768
* Number of Bytes Per Scan = 45
* Number of Voltage Words = 4
* Number of Scans Averaged by the Deck Unit = 1
* NMEA Latitude = 48 57.60 N
* NMEA Longitude = 016 26.80 W
* NMEA UTC (Time) = Apr 04 2021  06:49:01
* NMEA baud rate = 9600
** Ship: RRS Discovery
** Cruise: DY130
** Cast: DY130_006
** Station: 045
** Julian Day: 094
** Date: 04/04/21
** Time (GMT): 06:48
** Latitude: 28 57.59N
** Longitude: 16 26.80W
** Depth (uncorrected m): 4811
** Principal Scientist: Sue Hart
** Operator: BP/PH BP/PH
# nquan = 27
# nvalues = 2541                                  
# units = specified
# name 0 = timeS: Time, Elapsed [seconds]
# name 1 = latitude: Latitude [deg]
# name 2 = longitude: Longitude [deg]
# name 3 = prDM: Pressure, Digiquartz [db]
# name 4 = depSM: Depth [salt water, m]
# name 5 = t090C: Temperature [ITS-90, deg C]
# name 6 = t190C: Temperature, 2 [ITS-90, deg C]
# name 7 = c0mS/cm: Conductivity [mS/cm]
# name 8 = c1mS/cm: Conductivity, 2 [mS/cm]
# name 9 = sal00: Salinity, Practical [PSU]
# name 10 = sal11: Salinity, Practical, 2 [PSU]
# name 11 = sbeox0V: Oxygen raw, SBE 43 [V]
# name 12 = sbox0Mm/Kg: Oxygen, SBE 43 [umol/kg]
# name 13 = sbeox1V: Oxygen raw, SBE 43, 2 [V]
# name 14 = sbox1Mm/Kg: Oxygen, SBE 43, 2 [umol/kg]
# name 15 = ptempC: Pressure Temperature [deg C]
# name 16 = altM: Altimeter [m]
# name 17 = scan: Scan Count
# name 18 = pumps: Pump Status
# name 19 = flECO-AFL: Fluorescence, WET Labs ECO-AFL/FL [mg/m^3]
# name 20 = turbWETbb0: Turbidity, WET Labs ECO BB [m^-1/sr]
# name 21 = sbeox0Mm/L: Oxygen, SBE 43 [umol/l]
# name 22 = sbeox1Mm/L: Oxygen, SBE 43, 2 [umol/l]
# name 23 = sigma-é00: Density [sigma-theta, kg/m^3]
# name 24 = sigma-é11: Density, 2 [sigma-theta, kg/m^3]
# name 25 = nbf: Bottles Fired
# name 26 = flag:  0.000e+00
# interval = seconds: 0.0416667
# start_time = Apr 04 2021 06:49:01 [NMEA time, first data scan]
# bad_flag = -9.990e-29
*END*
[from data line 162]
   1413.500   48.96000  -16.44666    205.382    203.539    10.9218    10.9228  39.483175  39.487149    35.4254    35.4284     2.4945    262.511     2.3834    273.231      10.50    1481.32      33925          1     0.0941 1.3012e-04    269.632    280.643    27.1258    27.1279          2  0.000e+00
   1413.542   48.96000  -16.44666    205.441    203.597    10.9214    10.9226  39.482771  39.487216    35.4253    35.4286     2.4957    262.707     2.3834    273.232      10.50    1481.32      33926          1     0.0941 1.3524e-04    269.833    280.645    27.1258    27.1281          2  0.000e+00
   1413.583   48.95994  -16.44674    205.450    203.607    10.9217    10.9226  39.483108  39.487083    35.4253    35.4284     2.4957    262.719     2.3834    273.232      10.50    1481.32      33927          1     0.0941 1.3695e-04    269.845    280.644    27.1258    27.1280          2  0.000e+00
   1413.625   48.95994  -16.44674    205.450    203.607    10.9212    10.9228  39.483041  39.487482    35.4257    35.4287     2.4957    262.734     2.3834    273.229      10.50    1481.32      33928          1     0.0941 1.3695e-04    269.861    280.642    27.1262    27.1282          2  0.000e+00
   1413.667   48.95994  -16.44674    205.382    203.539    10.9212    10.9225  39.482703  39.487416    35.4254    35.4290     2.4945    262.587     2.3846    273.430      10.50    1481.32      33929          1     0.1051 1.3695e-04    269.710    280.848    27.1259    27.1285          2  0.000e+00
   1413.708   48.95994  -16.44674    205.509    203.665    10.9214    10.9225  39.482838  39.487084    35.4253    35.4286     2.4957    262.785     2.3834    273.256      10.50    1481.32      33930          1     0.0941 1.3695e-04    269.913    280.668    27.1258    27.1281          2  0.000e+00
   1413.750   48.95994  -16.44674    205.382    203.539    10.9214    10.9226  39.482973  39.487216    35.4255    35.4286     2.4945    262.596     2.3834    273.248      10.50    1481.68      33931          1     0.0941 1.3695e-04    269.719    280.661    27.1260    27.1281          2  0.000e+00
   1413.792   48.95994  -16.44674    205.450    203.607    10.9216    10.9225  39.483176  39.487349    35.4255    35.4289     2.4957    262.772     2.3834    273.249      10.50    1481.32      33932          1     0.0941 1.3695e-04    269.900    280.662    27.1260    27.1284          2  0.000e+00
   1413.833   48.95994  -16.44674    205.440    203.597    10.9214    10.9225  39.483311  39.487083    35.4259    35.4286     2.4945    262.630     2.3834    273.247      10.50    1481.32      33933          1     0.1051 1.3695e-04    269.754    280.660    27.1262    27.1282          2  0.000e+00
   1413.875   48.95994  -16.44674    205.450    203.607    10.9216    10.9225  39.483041  39.487216    35.4254    35.4287     2.4957    262.806     2.3834    273.245      10.50    1481.32      33934          1     0.1051 1.3695e-04    269.935    280.658    27.1258    27.1283          2  0.000e+00
   1413.917   48.95994  -16.44674    205.450    203.607    10.9216    10.9225  39.482703  39.487349    35.4251    35.4289     2.4957    262.824     2.3834    273.243      10.50    1481.68      33935          1     0.0941 1.3695e-04    269.953    280.655    27.1256    27.1284          2  0.000e+00
   1413.958   48.95994  -16.44674    205.440    203.597    10.9216    10.9226  39.482838  39.487349    35.4252    35.4287     2.4957    262.861     2.3834    273.239      10.49    1481.32      33936          1     0.0941 1.3695e-04    269.991    280.652    27.1257    27.1282          2  0.000e+00
   1414.000   48.95994  -16.44674    205.450    203.607    10.9214    10.9223  39.483108  39.487349    35.4256    35.4290     2.4957    262.879     2.3834    273.239      10.50    1481.68      33937          1     0.1051 1.3524e-04    270.010    280.652    27.1260    27.1285          2  0.000e+00
   1414.042   48.95994  -16.44674    205.450    203.607    10.9216    10.9223  39.483243  39.487083    35.4256    35.4287     2.4957    262.897     2.3834    273.238      10.50    1481.68      33938          1     0.0941 1.3695e-04    270.028    280.650    27.1260    27.1283          2  0.000e+00
   1414.083   48.95994  -16.44674    205.450    203.607    10.9214    10.9223  39.483041  39.487216    35.4256    35.4289     2.4957    262.936     2.3834    273.235      10.50    1481.68      33939          1     0.1051 1.3695e-04    270.069    280.648    27.1260    27.1285          2  0.000e+00
   1414.125   48.95994  -16.44674    205.509    203.665    10.9214    10.9221  39.482973  39.487084    35.4255    35.4289     2.4957    262.957     2.3834    273.236      10.50    1481.32      33940          1     0.1051 1.3695e-04    270.090    280.649    27.1259    27.1285          2  0.000e+00
   1414.167   48.95994  -16.44674    205.450    203.607    10.9218    10.9221  39.483176  39.487216    35.4254    35.4291     2.4969    263.151     2.3834    273.232      10.50    1481.68      33941          1     0.0941 1.3524e-04    270.289    280.644    27.1258    27.1286          2  0.000e+00
   1414.208   48.95994  -16.44674    205.450    203.607    10.9214    10.9225  39.483041  39.487083    35.4256    35.4286     2.4945    262.832     2.3834    273.229      10.50    1481.68      33942          1     0.1051 1.3695e-04    269.962    280.641    27.1260    27.1282          2  0.000e+00
   1414.250   48.95994  -16.44674    205.440    203.597    10.9216    10.9225  39.482973  39.487216    35.4253    35.4287     2.4957    263.010     2.3834    273.226      10.49    1481.68      33943          1     0.1051 1.3695e-04    270.144    280.638    27.1258    27.1283          2  0.000e+00
   1414.292   48.95994  -16.44674    205.450    203.607    10.9216    10.9223  39.482703  39.487349    35.4251    35.4290     2.4969    263.188     2.3834    273.225      10.50    1481.68      33944          1     0.0941 1.3695e-04    270.327    280.637    27.1256    27.1285          2  0.000e+00
   1414.333   48.95994  -16.44674    205.450    203.607    10.9212    10.9223  39.482636  39.487083    35.4253    35.4287     2.4957    263.047     2.3834    273.223      10.50    1481.32      33945          1     0.0941 1.3695e-04    270.183    280.635    27.1258    27.1283          2  0.000e+00
   1414.375   48.95994  -16.44674    205.578    203.733    10.9214    10.9221  39.482839  39.487483    35.4253    35.4293     2.4945    262.888     2.3834    273.226      10.50    1481.32      33946          1     0.1051 1.3695e-04    270.019    280.638    27.1258    27.1287          2  0.000e+00
   1414.417   48.96000  -16.44666    205.529    203.685    10.9216    10.9223  39.482974  39.487150    35.4253    35.4288     2.4969    263.242     2.3834    273.222      10.50    1481.32      33947          1     0.1051 1.3695e-04    270.383    280.634    27.1258    27.1283          2  0.000e+00
   1414.458   48.96000  -16.44666    205.450    203.607    10.9214    10.9226  39.482973  39.487017    35.4255    35.4283     2.4969    263.257     2.3834    273.216      10.50    1481.68      33948          1     0.0941 1.3695e-04    270.398    280.627    27.1259    27.1279          2  0.000e+00
   1414.500   48.96000  -16.44666    205.529    203.685    10.9212    10.9223  39.482974  39.487217    35.4256    35.4288     2.4945    262.937     2.3834    273.217      10.50    1481.32      33949          1     0.1051 1.3695e-04    270.070    280.629    27.1261    27.1284          2  0.000e+00
   1414.542   48.96000  -16.44666    205.509    203.665    10.9216    10.9226  39.483108  39.487083    35.4255    35.4284     2.4969    263.269     2.3834    273.213      10.50    1481.32      33950          1     0.0941 1.3524e-04    270.411    280.625    27.1259    27.1280          2  0.000e+00
   1414.583   48.95994  -16.44674    205.529    203.685    10.9214    10.9223  39.482974  39.487483    35.4255    35.4291     2.4969    263.285     2.3834    273.213      10.49    1481.32      33951          1     0.0941 1.2841e-04    270.427    280.625    27.1259    27.1286          2  0.000e+00
   1414.625   48.95994  -16.44674    205.450    203.607    10.9216    10.9225  39.482973  39.487416    35.4253    35.4289     2.4945    262.956     2.3834    273.207      10.50    1481.32      33952          1     0.0831 1.2670e-04    270.089    280.619    27.1258    27.1284          2  0.000e+00
   1414.667   48.95994  -16.44674    205.578    203.733    10.9212    10.9223  39.482974  39.487350    35.4256    35.4289     2.4957    263.115     2.3834    273.211      10.49    1481.68      33953          1     0.0831 1.2670e-04    270.252    280.622    27.1261    27.1285          2  0.000e+00
   1414.708   48.95994  -16.44674    205.529    203.685    10.9214    10.9225  39.482703  39.487350    35.4252    35.4288     2.4969    263.284     2.3834    273.206      10.50    1481.32      33954          1     0.0831 1.2670e-04    270.426    280.618    27.1257    27.1284          2  0.000e+00
   1414.750   48.95994  -16.44674    205.529    203.685    10.9212    10.9221  39.482839  39.487084    35.4255    35.4289     2.4969    263.296     2.3834    273.206      10.50    1481.32      33955          1     0.0941 1.2670e-04    270.438    280.618    27.1260    27.1285          2  0.000e+00
   1414.792   48.95994  -16.44674    205.529    203.685    10.9212    10.9223  39.482974  39.487017    35.4256    35.4286     2.4969    263.304     2.3834    273.203      10.50    1481.68      33956          1     0.0941 1.2670e-04    270.447    280.615    27.1261    27.1282          2  0.000e+00
   1414.833   48.95994  -16.44674    205.578    203.733    10.9216    10.9221  39.482704  39.487217    35.4250    35.4290     2.4945    262.954     2.3834    273.203      10.50    1481.32      33957          1     0.0831 1.2670e-04    270.087    280.615    27.1255    27.1285          2  0.000e+00
   1414.875   48.95994  -16.44674    205.529    203.685    10.9216    10.9225  39.482838  39.487084    35.4252    35.4286     2.4969    263.279     2.3834    273.198      10.50    1481.32      33958          1     0.0831 1.2670e-04    270.420    280.610    27.1257    27.1281          2  0.000e+00
   1414.917   48.95994  -16.44674    205.597    203.753    10.9214    10.9223  39.483176  39.487217    35.4256    35.4288     2.4969    263.287     2.3834    273.199      10.50    1481.32      33959          1     0.0831 1.2670e-04    270.429    280.611    27.1260    27.1284          2  0.000e+00
   1414.958   48.95994  -16.44674    205.578    203.733    10.9216    10.9223  39.483041  39.487350    35.4254    35.4289     2.4969    263.290     2.3834    273.196      10.50    1481.68      33960          1     0.0831 1.2670e-04    270.432    280.607    27.1258    27.1285          2  0.000e+00
   1415.000   48.95994  -16.44674    205.597    203.753    10.9214    10.9223  39.482704  39.487549    35.4251    35.4291     2.4957    263.115     2.3834    273.194      10.50    1481.32      33961          1     0.0831 1.2670e-04    270.252    280.606    27.1257    27.1286          2  0.000e+00
   1415.042   48.95994  -16.44674    205.597    203.753    10.9216    10.9223  39.483041  39.487416    35.4253    35.4290     2.4945    262.917     2.3834    273.193      10.50    1481.32      33962          1     0.0831 1.2670e-04    270.049    280.604    27.1258    27.1285          2  0.000e+00
   1415.083   48.95994  -16.44674    205.578    203.733    10.9217    10.9226  39.483784  39.487084    35.4260    35.4284     2.4969    263.235     2.3834    273.189      10.50    1481.32      33963          1     0.0831 1.2670e-04    270.375    280.600    27.1263    27.1279          2  0.000e+00
   1415.125   48.95994  -16.44674    205.597    203.753    10.9218    10.9226  39.483716  39.487217    35.4258    35.4285     2.4969    263.235     2.3834    273.187      10.50    1481.68      33964          1     0.0831 1.2670e-04    270.376    280.599    27.1261    27.1281          2  0.000e+00
   1415.167   48.95994  -16.44674    205.597    203.753    10.9219    10.9225  39.483109  39.487549    35.4251    35.4290     2.4957    263.075     2.3834    273.185      10.50    1481.32      33965          1     0.0831 1.2670e-04    270.212    280.597    27.1255    27.1285          2  0.000e+00
   1415.208   48.95994  -16.44674    205.666    203.821    10.9219    10.9225  39.483177  39.487417    35.4251    35.4288     2.4945    262.877     2.3834    273.186      10.50    1481.32      33966          1     0.0831 1.2670e-04    270.008    280.597    27.1256    27.1284          2  0.000e+00
   1415.250   48.95994  -16.44674    205.578    203.733    10.9219    10.9226  39.483311  39.487084    35.4253    35.4284     2.4969    263.212     2.3834    273.181      10.50    1481.32      33967          1     0.0831 1.2670e-04    270.352    280.591    27.1257    27.1279          2  0.000e+00
   1415.292   48.95994  -16.44674    205.666    203.821    10.9218    10.9226  39.483042  39.487483    35.4251    35.4287     2.4969    263.234     2.3834    273.207      10.50    1481.32      33968          1     0.0831 1.2670e-04    270.374    280.618    27.1256    27.1282          2  0.000e+00
   1415.333   48.95994  -16.44674    205.666    203.821    10.9218    10.9226  39.483177  39.487683    35.4252    35.4289     2.4957    263.051     2.3834    273.205      10.49    1481.68      33969          1     0.0831 1.2670e-04    270.186    280.617    27.1256    27.1284          2  0.000e+00
   1415.375   48.95994  -16.44674    205.656    203.811    10.9218    10.9226  39.483041  39.487683    35.4251    35.4289     2.4969    263.227     2.3834    273.204      10.50    1481.32      33970          1     0.0831 1.2670e-04    270.367    280.616    27.1256    27.1284          2  0.000e+00
   1415.417   48.96000  -16.44666    205.666    203.821    10.9216    10.9225  39.483177  39.487683    35.4254    35.4291     2.4957    263.044     2.3834    273.204      10.50    1481.32      33971          1     0.0941 1.2670e-04    270.179    280.616    27.1259    27.1286          2  0.000e+00
   1415.458   48.96000  -16.44666    205.666    203.821    10.9214    10.9226  39.483312  39.487882    35.4257    35.4291     2.4957    263.039     2.3834    273.202      10.50    1481.32      33972          1     0.0831 1.2670e-04    270.175    280.613    27.1261    27.1285          2  0.000e+00
   1415.500   48.96000  -16.44666    205.725    203.879    10.9216    10.9226  39.483312  39.487749    35.4256    35.4290     2.4969    263.215     2.3834    273.203      10.50    1481.32      33973          1     0.0831 1.2670e-04    270.355    280.615    27.1260    27.1284          2  0.000e+00
   1415.542   48.96000  -16.44666    205.666    203.821    10.9218    10.9228  39.483042  39.487882    35.4251    35.4290     2.4945    262.848     2.3834    273.199      10.50    1481.32      33974          1     0.0831 1.2670e-04    269.978    280.611    27.1256    27.1284          2  0.000e+00
   1415.583   48.95994  -16.44674    205.744    203.898    10.9216    10.9229  39.482839  39.487749    35.4251    35.4287     2.4957    263.006     2.3834    273.200      10.50    1481.68      33975          1     0.0831 1.2670e-04    270.140    280.612    27.1256    27.1281          2  0.000e+00
   1415.625   48.95994  -16.44674    205.744    203.898    10.9211    10.9226  39.482907  39.488215    35.4256    35.4294     2.4957    263.002     2.3834    273.200      10.50    1481.68      33976          1     0.0941 1.3183e-04    270.136    280.611    27.1261    27.1288          2  0.000e+00
